0,1
0,2
0,3
0,4
0,5
0,6
1,7
1,8
6,9
2,10
8,11
9,12
7,13
6,14
5,15
0,16
12,17
4,18
2,19
7,20
5,21
8,22
21,23
2,24
22,25
17,26
5,27
21,28
7,29
17,30
23,31
26,32
15,33
23,34
22,35
30,36
11,37
17,38
21,39
10,40
39,41
16,42
15,43
4,44
18,45
14,46
23,47
25,48
21,49
9,50
47,51
51,52
23,53
29,54
34,55
37,56
45,57
20,58
51,59
6,60
51,61
36,62
16,63
50,64
38,65
1,66
23,67
15,68
40,69
52,70
42,71
10,72
1,73
73,74
13,75
59,76
65,77
29,78
56,79
22,80
29,81
50,82
41,83
72,84
43,85
58,86
47,87
79,88
23,89
84,90
43,91
22,92
7,93
28,94
38,95
17,96
49,97
87,98
2,99
22,100
7,101
17,102
49,103
61,104
51,105
55,106
83,107
39,108
102,109
73,110
92,111
47,112
61,113
25,114
47,115
11,116
84,117
4,118
83,119
21,120
8,121
36,122
69,123
50,124
27,125
22,126
37,127
27,128
117,129
36,130
112,131
110,132
33,133
48,134
31,135
54,136
120,137
27,138
4,139
71,140
27,141
125,142
119,143
97,144
98,145
100,146
40,147
118,148
53,149
91,150
133,151
8,152
11,153
43,154
9,155
62,156
150,157
143,158
101,159
76,160
92,161
71,162
66,163
24,164
115,165
121,166
19,167
50,168
128,169
14,170
158,171
75,172
66,173
136,174
69,175
92,176
121,177
34,178
155,179
138,180
9,181
10,182
2,183
165,184
7,185
170,186
48,187
145,188
144,189
189,190
146,191
85,192
15,193
131,194
114,195
179,196
109,197
9,198
152,199
92,200
196,201
73,202
20,203
59,204
181,205
139,206
89,207
16,208
133,209
179,210
166,211
20,212
107,213
103,214
91,215
102,216
113,217
117,218
76,219
45,220
35,221
57,222
179,223
172,224
90,225
211,226
221,227
122,228
38,229
14,230
188,231
0,232
100,233
62,234
227,235
168,236
199,237
213,238
97,239
107,240
1,241
101,242
223,243
145,244
53,245
163,246
219,247
20,248
219,249
123,250
144,251
87,252
216,253
111,254
129,255
28,256
0,257
145,258
113,259
159,260
242,261
250,262
157,263
173,264
69,265
240,266
262,267
130,268
45,269
68,270
229,271
252,272
8,273
202,274
218,275
193,276
7,277
219,278
35,279
258,280
151,281
62,282
186,283
237,284
181,285
47,286
88,287
49,288
182,289
172,290
7,291
221,292
13,293
28,294
27,295
174,296
180,297
70,298
295,299
40,300
186,301
164,302
36,303
293,304
244,305
280,306
26,307
28,308
50,309
193,310
292,311
174,312
56,313
258,314
76,315
193,316
156,317
148,318
36,319
246,320
156,321
82,322
78,323
120,324
259,325
286,326
261,327
235,328
70,329
327,330
144,331
12,332
32,333
208,334
326,335
126,336
124,337
67,338
78,339
37,340
284,341
195,342
199,343
116,344
236,345
44,346
7,347
340,348
107,349
342,350
104,351
156,352
325,353
285,354
113,355
213,356
50,357
81,358
348,359
332,360
149,361
257,362
316,363
84,364
120,365
312,366
362,367
125,368
138,369
359,370
293,371
4,372
130,373
356,374
129,375
309,376
230,377
73,378
217,379
11,380
351,381
34,382
2,383
144,384
347,385
55,386
119,387
207,388
28,389
69,390
19,391
380,392
68,393
172,394
166,395
349,396
275,397
253,398
36,399
130,400
321,401
132,402
75,403
291,404
305,405
131,406
293,407
359,408
82,409
258,410
41,411
262,412
235,413
119,414
356,415
202,416
27,417
336,418
241,419
0,420
253,421
286,422
147,423
35,424
30,425
393,426
213,427
135,428
298,429
160,430
56,431
120,432
19,433
425,434
30,435
80,436
3,437
61,438
190,439
102,440
219,441
376,442
238,443
21,444
198,445
80,446
259,447
414,448
12,449
309,450
66,451
434,452
173,453
143,454
427,455
325,456
159,457
452,458
371,459
41,460
364,461
216,462
159,463
121,464
447,465
33,466
173,467
116,468
73,469
200,470
444,471
82,472
351,473
157,474
191,475
138,476
335,477
243,478
178,479
288,480
101,481
219,482
149,483
148,484
207,485
435,486
297,487
152,488
300,489
49,490
248,491
436,492
85,493
332,494
45,495
9,496
390,497
244,498
481,499
99,500
21,501
136,502
344,503
403,504
35,505
147,506
460,507
57,508
479,509
22,510
134,511
57,512
482,513
130,514
189,515
340,516
83,517
194,518
31,519
491,520
64,521
385,522
503,523
141,524
467,525
378,526
422,527
92,528
355,529
409,530
334,531
468,532
104,533
197,534
470,535
215,536
310,537
318,538
474,539
29,540
56,541
336,542
286,543
38,544
358,545
90,546
371,547
332,548
190,549
356,550
108,551
316,552
26,553
188,554
254,555
451,556
298,557
208,558
353,559
91,560
467,561
210,562
157,563
286,564
201,565
18,566
348,567
196,568
184,569
27,570
255,571
280,572
280,573
455,574
211,575
360,576
92,577
133,578
499,579
564,580
233,581
133,582
375,583
153,584
16,585
320,586
238,587
357,588
204,589
572,590
59,591
68,592
244,593
384,594
202,595
3,596
441,597
589,598
390,599
45,600
16,601
168,602
349,603
553,604
591,605
31,606
536,607
256,608
267,609
126,610
607,611
275,612
17,613
480,614
432,615
67,616
32,617
116,618
392,619
91,620
231,621
53,622
316,623
387,624
592,625
529,626
171,627
503,628
507,629
164,630
391,631
434,632
418,633
110,634
6,635
243,636
72,637
29,638
534,639
175,640
28,641
57,642
435,643
537,644
440,645
50,646
262,647
531,648
341,649
482,650
361,651
220,652
601,653
540,654
3,655
84,656
113,657
392,658
410,659
111,660
594,661
339,662
485,663
459,664
238,665
236,666
133,667
68,668
406,669
102,670
584,671
231,672
405,673
111,674
560,675
161,676
26,677
238,678
500,679
25,680
288,681
501,682
474,683
154,684
50,685
284,686
639,687
457,688
145,689
229,690
336,691
267,692
285,693
265,694
357,695
42,696
574,697
232,698
205,699
666,700
0,701
360,702
651,703
487,704
243,705
444,706
511,707
575,708
336,709
4,710
249,711
483,712
513,713
657,714
118,715
35,716
22,717
395,718
253,719
150,720
555,721
274,722
123,723
521,724
381,725
306,726
447,727
422,728
550,729
112,730
618,731
306,732
77,733
708,734
465,735
579,736
84,737
704,738
519,739
384,740
76,741
255,742
72,743
640,744
406,745
245,746
157,747
516,748
693,749
451,750
23,751
110,752
461,753
472,754
198,755
255,756
746,757
460,758
561,759
363,760
278,761
127,762
227,763
359,764
623,765
233,766
124,767
680,768
765,769
414,770
621,771
31,772
60,773
219,774
412,775
424,776
696,777
698,778
652,779
243,780
551,781
597,782
148,783
229,784
318,785
196,786
378,787
550,788
91,789
305,790
555,791
645,792
548,793
1,794
342,795
530,796
50,797
542,798
552,799
767,800
703,801
566,802
642,803
763,804
729,805
619,806
749,807
202,808
18,809
567,810
703,811
77,812
676,813
754,814
699,815
469,816
418,817
460,818
76,819
563,820
306,821
410,822
16,823
231,824
195,825
370,826
641,827
101,828
747,829
370,830
825,831
334,832
317,833
346,834
260,835
24,836
156,837
149,838
70,839
355,840
396,841
593,842
421,843
474,844
93,845
361,846
732,847
89,848
310,849
81,850
660,851
719,852
317,853
216,854
726,855
742,856
122,857
394,858
298,859
502,860
598,861
756,862
816,863
603,864
548,865
369,866
321,867
31,868
15,869
478,870
740,871
572,872
690,873
73,874
628,875
0,876
275,877
87,878
572,879
599,880
645,881
121,882
222,883
310,884
234,885
571,886
282,887
305,888
288,889
724,890
235,891
695,892
529,893
317,894
734,895
293,896
876,897
278,898
781,899
863,900
64,901
285,902
191,903
356,904
107,905
300,906
851,907
308,908
364,909
257,910
883,911
226,912
69,913
837,914
638,915
464,916
373,917
647,918
386,919
623,920
288,921
774,922
278,923
138,924
51,925
795,926
23,927
807,928
594,929
718,930
898,931
679,932
667,933
170,934
453,935
496,936
400,937
204,938
785,939
687,940
156,941
31,942
609,943
824,944
641,945
370,946
621,947
679,948
437,949
116,950
737,951
88,952
820,953
720,954
255,955
569,956
815,957
568,958
631,959
529,960
960,961
146,962
466,963
900,964
944,965
480,966
902,967
612,968
77,969
145,970
247,971
601,972
43,973
574,974
441,975
798,976
896,977
86,978
648,979
442,980
415,981
99,982
218,983
435,984
664,985
295,986
736,987
493,988
580,989
619,990
582,991
136,992
863,993
175,994
56,995
114,996
501,997
913,998
759,999
457,1000
70,1001
290,1002
546,1003
127,1004
275,1005
647,1006
710,1007
142,1008
434,1009
590,1010
502,1011
97,1012
144,1013
663,1014
108,1015
570,1016
383,1017
46,1018
314,1019
891,1020
444,1021
582,1022
512,1023
885,1024
54,1025
304,1026
696,1027
880,1028
545,1029
603,1030
320,1031
476,1032
781,1033
588,1034
1005,1035
162,1036
438,1037
782,1038
565,1039
731,1040
943,1041
775,1042
557,1043
792,1044
521,1045
76,1046
865,1047
813,1048
640,1049
481,1050
575,1051
780,1052
54,1053
52,1054
784,1055
195,1056
362,1057
770,1058
719,1059
120,1060
846,1061
860,1062
628,1063
790,1064
122,1065
996,1066
55,1067
1050,1068
179,1069
480,1070
786,1071
527,1072
318,1073
361,1074
146,1075
175,1076
1049,1077
190,1078
666,1079
66,1080
703,1081
562,1082
976,1083
571,1084
553,1085
97,1086
253,1087
409,1088
208,1089
493,1090
196,1091
448,1092
986,1093
569,1094
295,1095
42,1096
947,1097
693,1098
603,1099
533,1100
349,1101
328,1102
486,1103
199,1104
925,1105
99,1106
172,1107
436,1108
924,1109
134,1110
47,1111
425,1112
56,1113
691,1114
285,1115
1007,1116
474,1117
235,1118
1045,1119
801,1120
808,1121
486,1122
865,1123
186,1124
887,1125
1045,1126
91,1127
393,1128
144,1129
1098,1130
240,1131
502,1132
675,1133
498,1134
740,1135
353,1136
578,1137
1123,1138
982,1139
903,1140
932,1141
695,1142
91,1143
621,1144
280,1145
1069,1146
29,1147
648,1148
868,1149
664,1150
858,1151
1113,1152
959,1153
953,1154
104,1155
828,1156
529,1157
455,1158
633,1159
565,1160
500,1161
356,1162
726,1163
876,1164
585,1165
980,1166
554,1167
950,1168
1087,1169
564,1170
891,1171
487,1172
561,1173
501,1174
426,1175
167,1176
292,1177
28,1178
132,1179
506,1180
247,1181
20,1182
587,1183
780,1184
226,1185
484,1186
605,1187
230,1188
541,1189
1096,1190
390,1191
90,1192
40,1193
54,1194
1033,1195
312,1196
149,1197
880,1198
37,1199
330,1200
788,1201
869,1202
962,1203
910,1204
267,1205
816,1206
476,1207
1094,1208
928,1209
250,1210
291,1211
511,1212
597,1213
822,1214
552,1215
173,1216
571,1217
383,1218
470,1219
1043,1220
341,1221
744,1222
274,1223
92,1224
703,1225
289,1226
803,1227
908,1228
716,1229
959,1230
936,1231
224,1232
152,1233
872,1234
272,1235
150,1236
636,1237
726,1238
389,1239
698,1240
89,1241
738,1242
71,1243
494,1244
1081,1245
529,1246
1044,1247
598,1248
587,1249
107,1250
1210,1251
68,1252
678,1253
387,1254
16,1255
575,1256
291,1257
439,1258
532,1259
311,1260
929,1261
756,1262
596,1263
335,1264
339,1265
933,1266
427,1267
793,1268
937,1269
1166,1270
704,1271
230,1272
995,1273
736,1274
342,1275
826,1276
607,1277
1074,1278
1048,1279
307,1280
94,1281
675,1282
919,1283
941,1284
550,1285
846,1286
523,1287
1211,1288
385,1289
1,1290
422,1291
864,1292
502,1293
135,1294
949,1295
749,1296
447,1297
920,1298
164,1299
9,1300
404,1301
272,1302
302,1303
1224,1304
876,1305
307,1306
44,1307
121,1308
0,1309
941,1310
214,1311
184,1312
552,1313
965,1314
129,1315
796,1316
170,1317
1204,1318
923,1319
68,1320
695,1321
835,1322
472,1323
1107,1324
1250,1325
454,1326
115,1327
316,1328
1026,1329
564,1330
345,1331
14,1332
186,1333
414,1334
227,1335
74,1336
912,1337
129,1338
968,1339
943,1340
582,1341
846,1342
903,1343
283,1344
1192,1345
517,1346
505,1347
724,1348
949,1349
887,1350
119,1351
665,1352
1141,1353
415,1354
1143,1355
894,1356
174,1357
32,1358
388,1359
1303,1360
597,1361
1093,1362
1175,1363
134,1364
443,1365
606,1366
1235,1367
1263,1368
1069,1369
545,1370
227,1371
157,1372
894,1373
206,1374
222,1375
1264,1376
483,1377
264,1378
973,1379
265,1380
677,1381
719,1382
395,1383
384,1384
226,1385
1354,1386
963,1387
668,1388
138,1389
366,1390
129,1391
963,1392
1137,1393
398,1394
1387,1395
1291,1396
147,1397
1274,1398
692,1399
233,1400
935,1401
1367,1402
1369,1403
69,1404
1174,1405
587,1406
882,1407
777,1408
1204,1409
1153,1410
772,1411
305,1412
328,1413
211,1414
1249,1415
1351,1416
1283,1417
304,1418
73,1419
45,1420
305,1421
207,1422
1147,1423
1304,1424
1258,1425
426,1426
813,1427
496,1428
1212,1429
329,1430
794,1431
869,1432
1126,1433
694,1434
647,1435
1298,1436
434,1437
689,1438
108,1439
226,1440
26,1441
1133,1442
883,1443
1169,1444
29,1445
431,1446
1160,1447
1352,1448
649,1449
933,1450
95,1451
1102,1452
1202,1453
1048,1454
738,1455
1141,1456
859,1457
1016,1458
931,1459
1171,1460
909,1461
1092,1462
585,1463
309,1464
1004,1465
689,1466
594,1467
221,1468
79,1469
1132,1470
1411,1471
104,1472
609,1473
140,1474
778,1475
557,1476
446,1477
1025,1478
1020,1479
203,1480
469,1481
1115,1482
291,1483
81,1484
346,1485
1402,1486
826,1487
1007,1488
1016,1489
427,1490
1333,1491
1317,1492
1139,1493
870,1494
235,1495
1215,1496
528,1497
966,1498
1307,1499
591,1500
563,1501
1162,1502
1270,1503
519,1504
1086,1505
1399,1506
110,1507
832,1508
547,1509
416,1510
644,1511
1092,1512
1495,1513
65,1514
979,1515
1327,1516
983,1517
1326,1518
1426,1519
1002,1520
848,1521
90,1522
1517,1523
19,1524
236,1525
1371,1526
1249,1527
801,1528
1095,1529
1111,1530
1287,1531
965,1532
1190,1533
323,1534
464,1535
1507,1536
1422,1537
1135,1538
293,1539
1179,1540
1440,1541
859,1542
991,1543
184,1544
234,1545
303,1546
399,1547
1134,1548
894,1549
840,1550
217,1551
1391,1552
525,1553
1520,1554
168,1555
670,1556
120,1557
1012,1558
108,1559
1024,1560
1152,1561
742,1562
647,1563
153,1564
471,1565
619,1566
1354,1567
1118,1568
698,1569
1438,1570
555,1571
1275,1572
540,1573
1376,1574
841,1575
522,1576
98,1577
544,1578
563,1579
1023,1580
718,1581
511,1582
324,1583
535,1584
7,1585
206,1586
342,1587
454,1588
1221,1589
1089,1590
33,1591
1074,1592
1248,1593
360,1594
716,1595
464,1596
1528,1597
1029,1598
194,1599
1467,1600
347,1601
368,1602
1308,1603
287,1604
1310,1605
1296,1606
1554,1607
1421,1608
1113,1609
93,1610
1565,1611
997,1612
181,1613
1256,1614
232,1615
924,1616
682,1617
397,1618
1486,1619
973,1620
1431,1621
179,1622
508,1623
343,1624
1354,1625
131,1626
800,1627
1288,1628
824,1629
874,1630
1440,1631
1553,1632
560,1633
989,1634
1634,1635
1188,1636
1117,1637
28,1638
178,1639
1435,1640
1318,1641
1140,1642
33,1643
1385,1644
782,1645
168,1646
755,1647
856,1648
302,1649
0,1650
1021,1651
736,1652
670,1653
564,1654
648,1655
101,1656
677,1657
1367,1658
212,1659
1519,1660
41,1661
1387,1662
130,1663
1471,1664
926,1665
975,1666
158,1667
1108,1668
12,1669
1081,1670
643,1671
201,1672
1298,1673
697,1674
1463,1675
496,1676
709,1677
210,1678
209,1679
747,1680
1634,1681
224,1682
188,1683
10,1684
230,1685
702,1686
567,1687
1458,1688
1463,1689
115,1690
198,1691
1392,1692
1626,1693
1353,1694
323,1695
162,1696
279,1697
574,1698
616,1699
1120,1700
926,1701
27,1702
1242,1703
0,1704
1406,1705
1198,1706
106,1707
1567,1708
678,1709
701,1710
1263,1711
971,1712
804,1713
449,1714
652,1715
58,1716
1337,1717
1521,1718
346,1719
14,1720
903,1721
1351,1722
1689,1723
1343,1724
194,1725
975,1726
1302,1727
392,1728
1026,1729
1354,1730
1398,1731
187,1732
140,1733
1219,1734
892,1735
275,1736
1730,1737
107,1738
11,1739
449,1740
857,1741
1445,1742
428,1743
350,1744
535,1745
499,1746
6,1747
735,1748
672,1749
849,1750
1617,1751
863,1752
1206,1753
1154,1754
641,1755
216,1756
942,1757
1192,1758
484,1759
1021,1760
487,1761
1737,1762
1685,1763
625,1764
1223,1765
293,1766
836,1767
1423,1768
1763,1769
1187,1770
585,1771
564,1772
105,1773
226,1774
782,1775
413,1776
481,1777
1618,1778
1334,1779
1088,1780
1131,1781
323,1782
1565,1783
1114,1784
398,1785
467,1786
92,1787
1309,1788
129,1789
1030,1790
830,1791
1304,1792
197,1793
112,1794
320,1795
988,1796
1350,1797
590,1798
1165,1799
1339,1800
1108,1801
419,1802
1604,1803
143,1804
1262,1805
690,1806
560,1807
1121,1808
54,1809
475,1810
1503,1811
818,1812
1680,1813
546,1814
1739,1815
164,1816
616,1817
568,1818
1217,1819
893,1820
1538,1821
353,1822
1498,1823
1077,1824
1417,1825
1161,1826
817,1827
1518,1828
373,1829
1570,1830
1419,1831
1011,1832
701,1833
796,1834
1568,1835
1266,1836
561,1837
632,1838
1447,1839
443,1840
253,1841
814,1842
1180,1843
1077,1844
1251,1845
4,1846
1604,1847
318,1848
1144,1849
287,1850
1479,1851
1141,1852
957,1853
73,1854
173,1855
1226,1856
1196,1857
1098,1858
257,1859
216,1860
977,1861
1476,1862
494,1863
1464,1864
1046,1865
507,1866
1301,1867
807,1868
274,1869
237,1870
1640,1871
1383,1872
1097,1873
763,1874
878,1875
519,1876
1656,1877
232,1878
1577,1879
833,1880
578,1881
1056,1882
1355,1883
119,1884
276,1885
1468,1886
1029,1887
633,1888
402,1889
1756,1890
456,1891
894,1892
1598,1893
904,1894
1165,1895
1560,1896
1279,1897
1814,1898
850,1899
934,1900
789,1901
1308,1902
771,1903
790,1904
85,1905
601,1906
39,1907
875,1908
868,1909
490,1910
930,1911
89,1912
1372,1913
1643,1914
1734,1915
1604,1916
1504,1917
529,1918
424,1919
968,1920
369,1921
36,1922
1697,1923
795,1924
643,1925
598,1926
418,1927
1814,1928
1753,1929
760,1930
1256,1931
1653,1932
1696,1933
415,1934
1246,1935
46,1936
631,1937
232,1938
1276,1939
1224,1940
1237,1941
582,1942
501,1943
520,1944
1190,1945
373,1946
1926,1947
1150,1948
978,1949
1756,1950
158,1951
356,1952
760,1953
1660,1954
413,1955
311,1956
1014,1957
1536,1958
293,1959
230,1960
1564,1961
519,1962
1622,1963
1800,1964
146,1965
967,1966
298,1967
1518,1968
1209,1969
1509,1970
1633,1971
1816,1972
1835,1973
1485,1974
612,1975
1434,1976
1148,1977
796,1978
1511,1979
1922,1980
1637,1981
766,1982
225,1983
1712,1984
1147,1985
254,1986
929,1987
1884,1988
1430,1989
1385,1990
1260,1991
590,1992
320,1993
556,1994
1701,1995
448,1996
268,1997
1887,1998
1227,1999
29,2000
964,2001
163,2002
1974,2003
1998,2004
1065,2005
704,2006
1527,2007
1974,2008
701,2009
479,2010
1376,2011
1088,2012
1037,2013
99,2014
150,2015
1500,2016
861,2017
1114,2018
592,2019
385,2020
537,2021
1732,2022
1592,2023
310,2024
392,2025
1072,2026
391,2027
1314,2028
1492,2029
1734,2030
479,2031
713,2032
1460,2033
1412,2034
921,2035
995,2036
412,2037
765,2038
711,2039
1004,2040
695,2041
630,2042
962,2043
1976,2044
455,2045
1305,2046
784,2047
83,2048
410,2049
5,2050
66,2051
977,2052
1659,2053
1606,2054
2036,2055
1211,2056
158,2057
1451,2058
314,2059
143,2060
63,2061
1416,2062
697,2063
1994,2064
500,2065
1496,2066
2015,2067
756,2068
1317,2069
1311,2070
1544,2071
1481,2072
1719,2073
2052,2074
968,2075
158,2076
126,2077
76,2078
1846,2079
82,2080
1028,2081
487,2082
1644,2083
1818,2084
69,2085
1097,2086
1160,2087
1760,2088
1589,2089
1972,2090
1420,2091
1899,2092
788,2093
1714,2094
2028,2095
1552,2096
1168,2097
2023,2098
1199,2099
667,2100
1439,2101
131,2102
58,2103
0,2104
993,2105
1847,2106
939,2107
734,2108
323,2109
1385,2110
988,2111
258,2112
58,2113
121,2114
126,2115
160,2116
606,2117
1287,2118
896,2119
1746,2120
1527,2121
716,2122
1259,2123
402,2124
1392,2125
1932,2126
238,2127
316,2128
363,2129
639,2130
475,2131
722,2132
383,2133
2048,2134
659,2135
736,2136
198,2137
1930,2138
259,2139
1024,2140
476,2141
1777,2142
1131,2143
968,2144
1625,2145
1727,2146
1371,2147
1564,2148
1545,2149
428,2150
573,2151
1573,2152
982,2153
2043,2154
1927,2155
199,2156
573,2157
1482,2158
1972,2159
890,2160
1278,2161
469,2162
2057,2163
2071,2164
890,2165
342,2166
790,2167
530,2168
1005,2169
1723,2170
728,2171
282,2172
786,2173
1834,2174
1057,2175
1291,2176
153,2177
1726,2178
729,2179
1027,2180
664,2181
620,2182
1345,2183
1885,2184
119,2185
1520,2186
287,2187
719,2188
1015,2189
794,2190
36,2191
114,2192
916,2193
1319,2194
480,2195
1299,2196
1899,2197
922,2198
432,2199
132,2200
109,2201
938,2202
1336,2203
1990,2204
925,2205
460,2206
1995,2207
1129,2208
1418,2209
898,2210
618,2211
1227,2212
1539,2213
125,2214
2138,2215
1138,2216
1948,2217
291,2218
1864,2219
612,2220
1570,2221
364,2222
2040,2223
312,2224
1073,2225
1707,2226
2085,2227
576,2228
1056,2229
963,2230
1092,2231
2005,2232
211,2233
15,2234
1707,2235
33,2236
1147,2237
437,2238
1276,2239
1205,2240
532,2241
24,2242
1732,2243
1021,2244
81,2245
591,2246
395,2247
854,2248
128,2249
1603,2250
1342,2251
75,2252
348,2253
264,2254
663,2255
394,2256
1376,2257
417,2258
285,2259
1899,2260
1465,2261
257,2262
225,2263
1195,2264
607,2265
836,2266
42,2267
759,2268
1682,2269
1361,2270
1719,2271
2117,2272
1872,2273
2171,2274
1474,2275
98,2276
1379,2277
1110,2278
2076,2279
2015,2280
1701,2281
1777,2282
1232,2283
2076,2284
1543,2285
1992,2286
1485,2287
720,2288
1590,2289
1359,2290
998,2291
661,2292
1498,2293
267,2294
1218,2295
196,2296
101,2297
956,2298
1279,2299
1319,2300
817,2301
2038,2302
1339,2303
395,2304
1263,2305
991,2306
1228,2307
783,2308
1804,2309
922,2310
752,2311
1083,2312
1991,2313
1656,2314
2015,2315
1929,2316
371,2317
2303,2318
76,2319
4,2320
126,2321
2263,2322
198,2323
475,2324
1993,2325
682,2326
1659,2327
306,2328
167,2329
18,2330
1700,2331
464,2332
1785,2333
784,2334
1222,2335
1337,2336
2212,2337
963,2338
122,2339
2100,2340
1947,2341
281,2342
1372,2343
269,2344
653,2345
668,2346
1404,2347
833,2348
1662,2349
1817,2350
743,2351
627,2352
251,2353
1960,2354
244,2355
890,2356
1872,2357
1067,2358
1350,2359
1084,2360
1554,2361
565,2362
323,2363
1781,2364
536,2365
420,2366
1898,2367
425,2368
753,2369
1452,2370
49,2371
1383,2372
2047,2373
132,2374
2167,2375
1580,2376
964,2377
189,2378
591,2379
900,2380
1104,2381
86,2382
663,2383
1714,2384
1163,2385
2380,2386
633,2387
2237,2388
1624,2389
1921,2390
876,2391
489,2392
404,2393
285,2394
1799,2395
242,2396
1309,2397
1950,2398
314,2399
1635,2400
1074,2401
757,2402
1373,2403
2124,2404
1026,2405
2115,2406
768,2407
866,2408
618,2409
476,2410
1224,2411
1252,2412
769,2413
1624,2414
1001,2415
1937,2416
1620,2417
2163,2418
531,2419
1570,2420
2057,2421
2241,2422
823,2423
552,2424
480,2425
1401,2426
292,2427
1386,2428
1183,2429
1221,2430
1872,2431
151,2432
1490,2433
2213,2434
297,2435
1484,2436
737,2437
1343,2438
1322,2439
2342,2440
315,2441
401,2442
2373,2443
2114,2444
1440,2445
932,2446
858,2447
1950,2448
2316,2449
2002,2450
1430,2451
643,2452
1845,2453
1185,2454
2208,2455
404,2456
1540,2457
1892,2458
1008,2459
1478,2460
578,2461
1324,2462
638,2463
2217,2464
996,2465
1183,2466
2383,2467
1540,2468
272,2469
2108,2470
613,2471
691,2472
1310,2473
1417,2474
1898,2475
2291,2476
2158,2477
889,2478
2286,2479
116,2480
1147,2481
454,2482
1794,2483
775,2484
1145,2485
1585,2486
1135,2487
93,2488
2075,2489
1147,2490
1824,2491
572,2492
2147,2493
778,2494
133,2495
1198,2496
759,2497
2354,2498
298,2499
1909,2500
1173,2501
793,2502
1110,2503
189,2504
1630,2505
1575,2506
521,2507
2470,2508
905,2509
2059,2510
1923,2511
1067,2512
116,2513
2153,2514
1252,2515
109,2516
416,2517
1467,2518
1477,2519
475,2520
2185,2521
1728,2522
2062,2523
34,2524
1203,2525
1661,2526
1473,2527
953,2528
1435,2529
529,2530
842,2531
2440,2532
1651,2533
1270,2534
1831,2535
1003,2536
188,2537
201,2538
1638,2539
1142,2540
453,2541
2385,2542
1302,2543
999,2544
850,2545
583,2546
870,2547
1223,2548
73,2549
1221,2550
1373,2551
1782,2552
39,2553
1440,2554
985,2555
1191,2556
886,2557
960,2558
1384,2559
2554,2560
1144,2561
1311,2562
1882,2563
47,2564
1162,2565
883,2566
2534,2567
2532,2568
1246,2569
63,2570
39,2571
913,2572
1936,2573
482,2574
1940,2575
1810,2576
1702,2577
646,2578
258,2579
1234,2580
1575,2581
196,2582
2103,2583
675,2584
1643,2585
73,2586
1937,2587
1144,2588
1262,2589
1824,2590
1184,2591
1396,2592
1728,2593
1342,2594
2508,2595
1766,2596
519,2597
757,2598
41,2599
1500,2600
180,2601
10,2602
1863,2603
1594,2604
1525,2605
1919,2606
1537,2607
1732,2608
85,2609
992,2610
542,2611
1945,2612
1961,2613
1676,2614
1614,2615
1943,2616
1224,2617
478,2618
373,2619
1660,2620
727,2621
870,2622
1588,2623
310,2624
1568,2625
1074,2626
1085,2627
1131,2628
1947,2629
2,2630
255,2631
2332,2632
687,2633
573,2634
1516,2635
2496,2636
1650,2637
726,2638
404,2639
1200,2640
1970,2641
2584,2642
97,2643
558,2644
1593,2645
840,2646
1331,2647
677,2648
2070,2649
2611,2650
2060,2651
2036,2652
1679,2653
2542,2654
593,2655
2029,2656
2095,2657
1610,2658
2535,2659
2291,2660
661,2661
2036,2662
1833,2663
1628,2664
382,2665
2060,2666
1313,2667
94,2668
194,2669
743,2670
2534,2671
961,2672
405,2673
405,2674
457,2675
1215,2676
2544,2677
1857,2678
1698,2679
2161,2680
875,2681
2134,2682
1598,2683
1444,2684
286,2685
1708,2686
2176,2687
1547,2688
2585,2689
347,2690
1760,2691
102,2692
2204,2693
1232,2694
2027,2695
1731,2696
2394,2697
1210,2698
703,2699
437,2700
1109,2701
1298,2702
1951,2703
2118,2704
34,2705
1901,2706
1237,2707
30,2708
1227,2709
1417,2710
1887,2711
391,2712
2016,2713
154,2714
840,2715
1100,2716
2409,2717
1281,2718
1965,2719
1035,2720
1626,2721
1433,2722
332,2723
180,2724
123,2725
1681,2726
1775,2727
1587,2728
2695,2729
2424,2730
886,2731
2167,2732
2181,2733
2364,2734
1036,2735
2248,2736
1470,2737
1437,2738
1303,2739
1989,2740
944,2741
156,2742
569,2743
1890,2744
686,2745
614,2746
2362,2747
2219,2748
444,2749
1949,2750
1540,2751
1450,2752
636,2753
98,2754
2019,2755
424,2756
871,2757
907,2758
377,2759
514,2760
2209,2761
1070,2762
1938,2763
1269,2764
2675,2765
991,2766
135,2767
2409,2768
205,2769
1901,2770
1731,2771
2220,2772
1932,2773
1712,2774
2268,2775
2617,2776
2686,2777
804,2778
2734,2779
2169,2780
967,2781
1310,2782
2227,2783
2606,2784
1641,2785
2491,2786
108,2787
733,2788
637,2789
1277,2790
2708,2791
391,2792
859,2793
2356,2794
2046,2795
1009,2796
2575,2797
288,2798
1811,2799
307,2800
1473,2801
226,2802
1879,2803
1379,2804
775,2805
1941,2806
2083,2807
2365,2808
1440,2809
1151,2810
444,2811
1864,2812
1387,2813
1768,2814
2622,2815
1595,2816
2398,2817
608,2818
617,2819
1577,2820
201,2821
2697,2822
480,2823
2261,2824
1361,2825
2033,2826
2248,2827
1570,2828
2695,2829
807,2830
1704,2831
2323,2832
2608,2833
464,2834
250,2835
1988,2836
709,2837
2361,2838
2228,2839
2520,2840
1971,2841
347,2842
133,2843
1903,2844
2320,2845
2203,2846
538,2847
639,2848
1668,2849
1660,2850
288,2851
1022,2852
1311,2853
1927,2854
1457,2855
1043,2856
1627,2857
2241,2858
508,2859
1975,2860
2471,2861
1100,2862
1015,2863
1763,2864
366,2865
2159,2866
1773,2867
626,2868
1148,2869
1024,2870
2367,2871
2299,2872
330,2873
80,2874
486,2875
2853,2876
93,2877
2593,2878
109,2879
2137,2880
1890,2881
238,2882
146,2883
2491,2884
75,2885
818,2886
1307,2887
1817,2888
2540,2889
12,2890
2336,2891
1205,2892
2250,2893
2173,2894
2267,2895
2218,2896
2655,2897
628,2898
1359,2899
1198,2900
863,2901
778,2902
1784,2903
722,2904
2059,2905
2040,2906
2390,2907
57,2908
2309,2909
2640,2910
908,2911
1932,2912
2681,2913
2728,2914
1603,2915
446,2916
1779,2917
825,2918
2823,2919
1229,2920
51,2921
364,2922
2751,2923
1475,2924
1392,2925
872,2926
850,2927
1772,2928
1793,2929
2040,2930
832,2931
668,2932
2404,2933
2342,2934
691,2935
1415,2936
1981,2937
187,2938
2590,2939
1498,2940
444,2941
2205,2942
1820,2943
2674,2944
1573,2945
1384,2946
2836,2947
2417,2948
2181,2949
2124,2950
2149,2951
1353,2952
2846,2953
778,2954
1009,2955
1874,2956
1043,2957
1491,2958
1532,2959
1590,2960
2665,2961
583,2962
1361,2963
1814,2964
439,2965
53,2966
2173,2967
1397,2968
1759,2969
1651,2970
2265,2971
2412,2972
1321,2973
1225,2974
2707,2975
1258,2976
680,2977
451,2978
609,2979
748,2980
2290,2981
513,2982
932,2983
1774,2984
2982,2985
184,2986
2979,2987
873,2988
230,2989
782,2990
295,2991
2024,2992
466,2993
1326,2994
1452,2995
2156,2996
1801,2997
1976,2998
1963,2999
1431,3000
286,3001
1396,3002
1152,3003
1185,3004
2925,3005
156,3006
1542,3007
542,3008
642,3009
500,3010
2252,3011
1210,3012
689,3013
491,3014
457,3015
2481,3016
1367,3017
2108,3018
998,3019
1194,3020
1152,3021
728,3022
1306,3023
2648,3024
370,3025
2324,3026
2940,3027
828,3028
2545,3029
3011,3030
1916,3031
1641,3032
314,3033
931,3034
2775,3035
1597,3036
737,3037
561,3038
2143,3039
19,3040
617,3041
1115,3042
1068,3043
2165,3044
30,3045
2449,3046
2877,3047
302,3048
385,3049
2991,3050
2208,3051
1877,3052
15,3053
1533,3054
2959,3055
1157,3056
963,3057
2159,3058
580,3059
1801,3060
1479,3061
1091,3062
1789,3063
1030,3064
2681,3065
2865,3066
2136,3067
98,3068
2536,3069
1898,3070
988,3071
1651,3072
2591,3073
146,3074
447,3075
1152,3076
2798,3077
615,3078
147,3079
359,3080
2506,3081
2954,3082
762,3083
2914,3084
2822,3085
313,3086
1592,3087
1924,3088
1455,3089
2974,3090
958,3091
468,3092
2953,3093
2139,3094
1351,3095
2394,3096
2529,3097
1262,3098
1797,3099
1143,3100
2130,3101
2359,3102
471,3103
2712,3104
2637,3105
1252,3106
3071,3107
1933,3108
2212,3109
1112,3110
1914,3111
1213,3112
1232,3113
1466,3114
297,3115
2891,3116
2176,3117
1460,3118
359,3119
460,3120
802,3121
2910,3122
1857,3123
127,3124
2442,3125
3099,3126
1892,3127
1520,3128
1267,3129
2350,3130
410,3131
531,3132
839,3133
2930,3134
2348,3135
1914,3136
210,3137
301,3138
736,3139
2604,3140
1727,3141
2875,3142
1104,3143
2295,3144
1380,3145
3085,3146
1504,3147
2582,3148
290,3149
1036,3150
2270,3151
2066,3152
840,3153
694,3154
2700,3155
1824,3156
396,3157
2993,3158
452,3159
1164,3160
2752,3161
2468,3162
2294,3163
1273,3164
1254,3165
1900,3166
3066,3167
2444,3168
400,3169
756,3170
2591,3171
2228,3172
794,3173
2572,3174
1238,3175
2127,3176
731,3177
1359,3178
978,3179
1288,3180
1866,3181
450,3182
1200,3183
352,3184
1946,3185
980,3186
178,3187
331,3188
2111,3189
1537,3190
2589,3191
2200,3192
2530,3193
694,3194
1861,3195
2170,3196
279,3197
1994,3198
76,3199
2367,3200
1031,3201
909,3202
2246,3203
1243,3204
775,3205
1894,3206
1247,3207
2263,3208
2293,3209
2390,3210
2780,3211
380,3212
15,3213
2822,3214
2323,3215
2273,3216
1160,3217
655,3218
906,3219
1197,3220
2874,3221
2507,3222
2822,3223
2978,3224
351,3225
2949,3226
2926,3227
835,3228
1357,3229
2436,3230
468,3231
1452,3232
206,3233
3178,3234
1407,3235
1344,3236
765,3237
2018,3238
1319,3239
1828,3240
2761,3241
268,3242
1137,3243
2715,3244
1809,3245
815,3246
100,3247
505,3248
1376,3249
2146,3250
1719,3251
132,3252
1373,3253
3155,3254
1209,3255
2382,3256
1436,3257
1630,3258
1624,3259
1133,3260
127,3261
3101,3262
2649,3263
875,3264
184,3265
1018,3266
2793,3267
3211,3268
2683,3269
2628,3270
313,3271
1062,3272
166,3273
1777,3274
1321,3275
3040,3276
375,3277
417,3278
270,3279
2096,3280
1391,3281
2466,3282
354,3283
1871,3284
617,3285
865,3286
1770,3287
2473,3288
3268,3289
722,3290
1250,3291
415,3292
45,3293
1074,3294
557,3295
1659,3296
143,3297
612,3298
2160,3299
1129,3300
773,3301
983,3302
1153,3303
349,3304
2459,3305
3158,3306
26,3307
1851,3308
3207,3309
1567,3310
2230,3311
320,3312
2373,3313
3191,3314
3148,3315
46,3316
1539,3317
1088,3318
2600,3319
1626,3320
2284,3321
2224,3322
2421,3323
2385,3324
203,3325
1246,3326
1950,3327
1593,3328
3180,3329
2845,3330
1952,3331
722,3332
1846,3333
2065,3334
3099,3335
2676,3336
1602,3337
522,3338
176,3339
280,3340
243,3341
1201,3342
1456,3343
3145,3344
917,3345
2944,3346
359,3347
1096,3348
2033,3349
2551,3350
668,3351
3318,3352
3325,3353
2765,3354
2964,3355
2509,3356
1384,3357
1495,3358
3280,3359
3218,3360
1548,3361
1879,3362
3360,3363
1613,3364
2010,3365
1274,3366
3270,3367
1569,3368
473,3369
592,3370
162,3371
3030,3372
3018,3373
2561,3374
1418,3375
2690,3376
1309,3377
362,3378
3366,3379
511,3380
2087,3381
2417,3382
1095,3383
314,3384
1758,3385
1299,3386
3368,3387
1499,3388
2028,3389
60,3390
3044,3391
3316,3392
3152,3393
964,3394
2551,3395
1599,3396
1079,3397
355,3398
2048,3399
1832,3400
1883,3401
487,3402
2948,3403
1369,3404
1574,3405
356,3406
3290,3407
433,3408
896,3409
1690,3410
3308,3411
1840,3412
1602,3413
2966,3414
1175,3415
3374,3416
1747,3417
1856,3418
769,3419
2262,3420
3213,3421
158,3422
340,3423
1712,3424
3245,3425
645,3426
378,3427
1931,3428
3226,3429
711,3430
3042,3431
604,3432
2525,3433
2293,3434
1438,3435
2831,3436
1886,3437
1912,3438
817,3439
3206,3440
1662,3441
2739,3442
946,3443
1199,3444
3087,3445
2748,3446
486,3447
3200,3448
1480,3449
2004,3450
2669,3451
404,3452
184,3453
2269,3454
2903,3455
2187,3456
1120,3457
1412,3458
646,3459
1693,3460
1157,3461
988,3462
1987,3463
171,3464
1150,3465
1760,3466
165,3467
1558,3468
247,3469
870,3470
1690,3471
411,3472
2137,3473
3385,3474
2149,3475
1867,3476
2469,3477
192,3478
1556,3479
2350,3480
761,3481
2217,3482
792,3483
3127,3484
1558,3485
894,3486
3058,3487
2285,3488
2458,3489
1685,3490
1811,3491
3188,3492
1548,3493
970,3494
2476,3495
1260,3496
891,3497
751,3498
599,3499
2036,3500
593,3501
1548,3502
591,3503
2518,3504
520,3505
3422,3506
2605,3507
1827,3508
3466,3509
43,3510
1802,3511
283,3512
1003,3513
2500,3514
3034,3515
1000,3516
565,3517
1537,3518
2765,3519
2356,3520
2925,3521
2524,3522
1104,3523
3061,3524
1721,3525
2953,3526
2467,3527
444,3528
3248,3529
1054,3530
309,3531
2066,3532
3398,3533
2841,3534
2110,3535
2789,3536
294,3537
3145,3538
975,3539
2033,3540
2775,3541
2519,3542
3104,3543
3497,3544
2253,3545
2326,3546
578,3547
2053,3548
1033,3549
3260,3550
3503,3551
1223,3552
2330,3553
3371,3554
545,3555
2960,3556
1946,3557
2581,3558
1105,3559
2358,3560
3503,3561
2253,3562
1944,3563
2994,3564
1412,3565
905,3566
1619,3567
1751,3568
2288,3569
269,3570
2134,3571
2584,3572
182,3573
3146,3574
1657,3575
2582,3576
218,3577
279,3578
2498,3579
2468,3580
2335,3581
1261,3582
2511,3583
2715,3584
2047,3585
1238,3586
2561,3587
7,3588
2865,3589
2469,3590
2464,3591
1634,3592
692,3593
1445,3594
3135,3595
1088,3596
645,3597
266,3598
1554,3599
831,3600
1434,3601
782,3602
3285,3603
3394,3604
1897,3605
3472,3606
1620,3607
1701,3608
1576,3609
1080,3610
2226,3611
3371,3612
922,3613
2760,3614
3181,3615
1020,3616
2021,3617
2201,3618
859,3619
3030,3620
1908,3621
3606,3622
2864,3623
1298,3624
3279,3625
3320,3626
1596,3627
1369,3628
3304,3629
990,3630
1744,3631
2930,3632
2410,3633
2088,3634
3628,3635
1530,3636
21,3637
287,3638
1287,3639
3590,3640
728,3641
2699,3642
2760,3643
2830,3644
1276,3645
3068,3646
3051,3647
1769,3648
2984,3649
1828,3650
3393,3651
403,3652
3332,3653
11,3654
2836,3655
2242,3656
1176,3657
1453,3658
3391,3659
2595,3660
2629,3661
53,3662
2207,3663
620,3664
3194,3665
57,3666
378,3667
1419,3668
1438,3669
3508,3670
245,3671
2555,3672
3582,3673
242,3674
1685,3675
2025,3676
3089,3677
1800,3678
2590,3679
1906,3680
1449,3681
990,3682
336,3683
2703,3684
139,3685
3367,3686
2149,3687
1202,3688
1970,3689
2196,3690
1268,3691
1585,3692
2808,3693
397,3694
1118,3695
1792,3696
930,3697
777,3698
3499,3699
3473,3700
925,3701
2578,3702
1488,3703
2940,3704
1629,3705
3015,3706
2914,3707
1469,3708
1924,3709
3055,3710
2672,3711
2560,3712
615,3713
1849,3714
1340,3715
2455,3716
2204,3717
3266,3718
2106,3719
765,3720
758,3721
2186,3722
758,3723
1323,3724
541,3725
969,3726
961,3727
3216,3728
2445,3729
2643,3730
719,3731
3698,3732
1680,3733
2347,3734
2097,3735
29,3736
1593,3737
1361,3738
3243,3739
513,3740
704,3741
3591,3742
1410,3743
1622,3744
1479,3745
2147,3746
3368,3747
146,3748
3307,3749
2585,3750
3269,3751
1286,3752
3569,3753
1790,3754
680,3755
330,3756
2755,3757
2415,3758
2640,3759
2094,3760
1567,3761
2449,3762
3408,3763
1658,3764
2860,3765
3105,3766
1409,3767
2932,3768
2202,3769
2902,3770
3137,3771
2493,3772
2298,3773
2826,3774
527,3775
3310,3776
1908,3777
1418,3778
2715,3779
439,3780
1592,3781
1252,3782
568,3783
2988,3784
2753,3785
220,3786
1081,3787
2893,3788
2696,3789
1996,3790
864,3791
185,3792
845,3793
1337,3794
1228,3795
1853,3796
3654,3797
1314,3798
1136,3799
374,3800
1202,3801
2515,3802
1090,3803
648,3804
599,3805
3014,3806
899,3807
1796,3808
2829,3809
2073,3810
3612,3811
543,3812
3664,3813
1172,3814
3333,3815
3244,3816
656,3817
2238,3818
1192,3819
148,3820
1280,3821
1079,3822
853,3823
1947,3824
2809,3825
1310,3826
117,3827
1350,3828
3175,3829
3373,3830
2301,3831
1722,3832
1457,3833
1080,3834
675,3835
3483,3836
42,3837
44,3838
2337,3839
3308,3840
1205,3841
1495,3842
3122,3843
3639,3844
1798,3845
1982,3846
1246,3847
491,3848
3521,3849
1315,3850
117,3851
2819,3852
1052,3853
2767,3854
3729,3855
3103,3856
2624,3857
3064,3858
1860,3859
2052,3860
2226,3861
2003,3862
1137,3863
3318,3864
1934,3865
1595,3866
3111,3867
583,3868
3690,3869
1061,3870
2009,3871
473,3872
2088,3873
2786,3874
1214,3875
772,3876
2904,3877
673,3878
1782,3879
3110,3880
1820,3881
684,3882
3656,3883
1124,3884
3076,3885
2655,3886
1116,3887
416,3888
1072,3889
2983,3890
2456,3891
985,3892
1718,3893
446,3894
1806,3895
3599,3896
2984,3897
2232,3898
2027,3899
1242,3900
1049,3901
1711,3902
1531,3903
23,3904
1523,3905
3817,3906
2731,3907
2871,3908
3728,3909
3170,3910
2476,3911
316,3912
802,3913
1452,3914
3824,3915
1191,3916
641,3917
1721,3918
3130,3919
2639,3920
1819,3921
3336,3922
2021,3923
3023,3924
1980,3925
107,3926
3087,3927
596,3928
741,3929
2996,3930
2258,3931
3731,3932
199,3933
1078,3934
573,3935
56,3936
3797,3937
1451,3938
3297,3939
2787,3940
2039,3941
3582,3942
1561,3943
2139,3944
3476,3945
3442,3946
1196,3947
130,3948
2856,3949
177,3950
1073,3951
254,3952
1598,3953
1350,3954
3456,3955
2270,3956
1784,3957
3530,3958
804,3959
2937,3960
986,3961
2775,3962
1918,3963
0,3964
3460,3965
3630,3966
2983,3967
582,3968
3574,3969
1984,3970
3341,3971
3237,3972
3372,3973
1539,3974
1558,3975
194,3976
2534,3977
233,3978
1812,3979
3557,3980
2820,3981
1648,3982
2321,3983
2465,3984
3776,3985
3376,3986
926,3987
312,3988
266,3989
3735,3990
2153,3991
1727,3992
2291,3993
3420,3994
3012,3995
859,3996
937,3997
1381,3998
1743,3999
3683,4000
1722,4001
2380,4002
1461,4003
116,4004
3154,4005
2235,4006
3251,4007
3115,4008
2771,4009
943,4010
968,4011
135,4012
1253,4013
2438,4014
1319,4015
2466,4016
2335,4017
729,4018
2496,4019
1892,4020
3695,4021
3682,4022
3545,4023
3020,4024
32,4025
1704,4026
2303,4027
1107,4028
1434,4029
3231,4030
713,4031
367,4032
1479,4033
487,4034
2399,4035
2388,4036
3502,4037
674,4038
1726,4039
3078,4040
3674,4041
3334,4042
1103,4043
2570,4044
2932,4045
1985,4046
642,4047
1679,4048
1463,4049
2448,4050
2436,4051
3614,4052
386,4053
2072,4054
3012,4055
100,4056
456,4057
520,4058
175,4059
2486,4060
2438,4061
3485,4062
3662,4063
3711,4064
1747,4065
1438,4066
1091,4067
3086,4068
1682,4069
421,4070
1131,4071
1126,4072
1551,4073
289,4074
1800,4075
2610,4076
2845,4077
3727,4078
1373,4079
1721,4080
3275,4081
3507,4082
3875,4083
3165,4084
121,4085
211,4086
2891,4087
964,4088
2894,4089
3598,4090
3867,4091
2124,4092
2139,4093
2175,4094
916,4095
2569,4096
3020,4097
3315,4098
2566,4099
3540,4100
3844,4101
3943,4102
2543,4103
3411,4104
3163,4105
762,4106
2062,4107
1034,4108
3077,4109
2464,4110
1496,4111
398,4112
1071,4113
1038,4114
911,4115
3219,4116
1336,4117
3855,4118
612,4119
3962,4120
3555,4121
513,4122
2417,4123
2574,4124
2615,4125
3629,4126
1322,4127
228,4128
3765,4129
4128,4130
1728,4131
2590,4132
3489,4133
955,4134
3464,4135
480,4136
2127,4137
873,4138
2850,4139
310,4140
1615,4141
1386,4142
3400,4143
441,4144
1225,4145
3906,4146
3465,4147
1368,4148
3320,4149
2109,4150
3637,4151
1710,4152
2948,4153
3227,4154
2954,4155
2928,4156
948,4157
2270,4158
2256,4159
1560,4160
1028,4161
2442,4162
881,4163
1085,4164
1383,4165
3408,4166
353,4167
1053,4168
1016,4169
709,4170
3590,4171
3042,4172
1457,4173
2953,4174
3231,4175
1025,4176
2146,4177
2138,4178
1681,4179
3462,4180
1624,4181
451,4182
3894,4183
826,4184
2582,4185
811,4186
3722,4187
2634,4188
4001,4189
2320,4190
1448,4191
480,4192
1324,4193
4076,4194
3807,4195
1646,4196
1937,4197
4048,4198
4183,4199
2211,4200
3169,4201
1522,4202
75,4203
3928,4204
364,4205
2692,4206
1334,4207
1831,4208
928,4209
608,4210
3445,4211
1781,4212
1910,4213
3865,4214
923,4215
2541,4216
3923,4217
3319,4218
1977,4219
1138,4220
3771,4221
3803,4222
1724,4223
49,4224
2929,4225
4195,4226
1415,4227
414,4228
193,4229
3860,4230
484,4231
3708,4232
1984,4233
1713,4234
235,4235
3544,4236
3600,4237
143,4238
1956,4239
2541,4240
2409,4241
358,4242
3611,4243
774,4244
2545,4245
3052,4246
802,4247
1674,4248
3392,4249
2397,4250
2853,4251
4144,4252
3266,4253
1258,4254
292,4255
337,4256
491,4257
2362,4258
3476,4259
3736,4260
995,4261
3652,4262
2786,4263
2926,4264
3431,4265
3444,4266
3695,4267
1540,4268
2535,4269
2413,4270
1828,4271
1181,4272
3295,4273
3885,4274
2646,4275
1749,4276
3774,4277
2708,4278
3735,4279
4194,4280
2577,4281
3135,4282
1777,4283
3326,4284
1621,4285
1247,4286
2307,4287
2896,4288
2896,4289
516,4290
2435,4291
3895,4292
856,4293
1738,4294
879,4295
4102,4296
1111,4297
3259,4298
1242,4299
2866,4300
2370,4301
2117,4302
2124,4303
3631,4304
2029,4305
1260,4306
332,4307
2626,4308
4091,4309
3842,4310
710,4311
3958,4312
395,4313
2760,4314
3021,4315
3449,4316
635,4317
2260,4318
3980,4319
2754,4320
864,4321
1509,4322
3039,4323
1045,4324
1024,4325
2009,4326
2283,4327
3473,4328
2010,4329
446,4330
1753,4331
614,4332
1835,4333
3491,4334
2491,4335
3723,4336
962,4337
3204,4338
1155,4339
3864,4340
2617,4341
2609,4342
392,4343
101,4344
2188,4345
3670,4346
4237,4347
336,4348
4210,4349
3557,4350
1855,4351
2450,4352
175,4353
2673,4354
3245,4355
193,4356
3022,4357
890,4358
3955,4359
3973,4360
3655,4361
1987,4362
3042,4363
3461,4364
1243,4365
1996,4366
3093,4367
3950,4368
3558,4369
906,4370
3589,4371
3182,4372
1509,4373
110,4374
2411,4375
3825,4376
2572,4377
682,4378
4270,4379
3925,4380
2782,4381
3609,4382
355,4383
1180,4384
4019,4385
2187,4386
458,4387
3315,4388
2208,4389
1720,4390
3141,4391
2192,4392
505,4393
2621,4394
3030,4395
620,4396
1982,4397
3185,4398
670,4399
828,4400
1134,4401
3818,4402
1769,4403
3254,4404
1214,4405
3247,4406
597,4407
318,4408
3141,4409
3330,4410
3950,4411
1219,4412
3269,4413
2435,4414
4246,4415
3049,4416
104,4417
2286,4418
1122,4419
943,4420
179,4421
3886,4422
3008,4423
979,4424
1610,4425
673,4426
2185,4427
3496,4428
2704,4429
3952,4430
37,4431
53,4432
3839,4433
2161,4434
1472,4435
3166,4436
107,4437
3557,4438
1625,4439
2341,4440
1873,4441
902,4442
2686,4443
4197,4444
1710,4445
2161,4446
3437,4447
917,4448
672,4449
1821,4450
1679,4451
1942,4452
3189,4453
3270,4454
3194,4455
1470,4456
2337,4457
3097,4458
3264,4459
480,4460
516,4461
4328,4462
3218,4463
698,4464
3145,4465
1317,4466
3874,4467
2810,4468
4350,4469
3934,4470
969,4471
3921,4472
1466,4473
1498,4474
3784,4475
4099,4476
2531,4477
1416,4478
12,4479
776,4480
4174,4481
1018,4482
1576,4483
2435,4484
1537,4485
1635,4486
1762,4487
3670,4488
577,4489
581,4490
1429,4491
704,4492
3879,4493
1,4494
2425,4495
524,4496
2034,4497
4329,4498
897,4499
532,4500
1522,4501
3502,4502
525,4503
983,4504
2599,4505
2059,4506
891,4507
1163,4508
2258,4509
4173,4510
2558,4511
1463,4512
1187,4513
2100,4514
607,4515
314,4516
2206,4517
1655,4518
1413,4519
3995,4520
1788,4521
1613,4522
2164,4523
3499,4524
2228,4525
1703,4526
4431,4527
254,4528
842,4529
2992,4530
3894,4531
2489,4532
3565,4533
4135,4534
1796,4535
4,4536
3221,4537
2648,4538
4443,4539
2330,4540
2703,4541
4094,4542
2244,4543
492,4544
2541,4545
4388,4546
191,4547
2083,4548
2665,4549
1224,4550
3996,4551
202,4552
4363,4553
4119,4554
2758,4555
792,4556
25,4557
4527,4558
1587,4559
293,4560
403,4561
85,4562
340,4563
3439,4564
3884,4565
3070,4566
99,4567
937,4568
61,4569
4568,4570
4304,4571
1967,4572
3536,4573
708,4574
2031,4575
3145,4576
408,4577
3822,4578
3525,4579
2561,4580
2633,4581
1899,4582
4066,4583
3468,4584
3348,4585
4160,4586
355,4587
2662,4588
4537,4589
1614,4590
3674,4591
978,4592
4398,4593
318,4594
1257,4595
75,4596
1661,4597
2373,4598
168,4599
2762,4600
3702,4601
2716,4602
141,4603
1049,4604
2459,4605
3554,4606
2402,4607
2216,4608
3780,4609
3937,4610
1073,4611
3981,4612
1828,4613
1898,4614
3516,4615
3131,4616
4444,4617
4002,4618
3822,4619
3305,4620
3063,4621
4258,4622
3433,4623
82,4624
4262,4625
2444,4626
4522,4627
3889,4628
4617,4629
3183,4630
988,4631
3343,4632
8,4633
3462,4634
4243,4635
2195,4636
1788,4637
3312,4638
1166,4639
3778,4640
3006,4641
464,4642
717,4643
251,4644
2654,4645
3050,4646
2496,4647
2932,4648
4468,4649
3564,4650
2534,4651
2045,4652
835,4653
3270,4654
521,4655
528,4656
3022,4657
1748,4658
3675,4659
2565,4660
3198,4661
4365,4662
3186,4663
2485,4664
130,4665
1637,4666
2168,4667
3464,4668
3257,4669
4565,4670
4507,4671
2577,4672
1165,4673
2682,4674
2890,4675
147,4676
1076,4677
24,4678
3633,4679
2170,4680
875,4681
628,4682
1333,4683
252,4684
1387,4685
1458,4686
2888,4687
982,4688
474,4689
73,4690
2058,4691
3904,4692
2457,4693
2447,4694
2220,4695
3440,4696
1975,4697
1985,4698
3530,4699
213,4700
4093,4701
1501,4702
499,4703
2843,4704
4625,4705
3924,4706
4307,4707
1284,4708
2346,4709
1288,4710
3153,4711
1406,4712
3052,4713
2529,4714
4299,4715
3227,4716
57,4717
1883,4718
472,4719
1462,4720
1208,4721
1726,4722
2739,4723
3957,4724
1720,4725
1962,4726
2618,4727
4579,4728
2729,4729
311,4730
1501,4731
3158,4732
3602,4733
1614,4734
1056,4735
250,4736
498,4737
1285,4738
35,4739
3787,4740
3807,4741
4464,4742
2116,4743
4406,4744
280,4745
1232,4746
4392,4747
1657,4748
4111,4749
1415,4750
4451,4751
1332,4752
3529,4753
3287,4754
3883,4755
1218,4756
4245,4757
3283,4758
949,4759
2623,4760
4009,4761
145,4762
696,4763
2702,4764
528,4765
2178,4766
3015,4767
1885,4768
1683,4769
2653,4770
1112,4771
1051,4772
2980,4773
3824,4774
2278,4775
829,4776
2776,4777
1387,4778
878,4779
5,4780
2628,4781
4520,4782
3981,4783
4558,4784
4226,4785
3802,4786
4701,4787
2995,4788
197,4789
2289,4790
2071,4791
3949,4792
4118,4793
2952,4794
2460,4795
2079,4796
966,4797
3560,4798
4155,4799
3656,4800
4473,4801
1607,4802
2629,4803
148,4804
1846,4805
1431,4806
4169,4807
1566,4808
3800,4809
537,4810
378,4811
2112,4812
2699,4813
4100,4814
2938,4815
3046,4816
2681,4817
199,4818
3695,4819
3423,4820
2586,4821
835,4822
2753,4823
1523,4824
3054,4825
472,4826
1176,4827
3579,4828
2624,4829
4550,4830
4576,4831
3698,4832
3818,4833
3797,4834
4038,4835
2793,4836
1599,4837
2797,4838
1305,4839
1135,4840
415,4841
3592,4842
4401,4843
3717,4844
1573,4845
596,4846
3282,4847
3896,4848
1133,4849
2432,4850
15,4851
1826,4852
1527,4853
2436,4854
3829,4855
1381,4856
1174,4857
3371,4858
1344,4859
4400,4860
1521,4861
4602,4862
753,4863
234,4864
2890,4865
882,4866
3569,4867
1083,4868
790,4869
1375,4870
2630,4871
872,4872
2243,4873
1557,4874
4589,4875
1241,4876
1217,4877
1435,4878
1887,4879
4627,4880
3024,4881
2701,4882
238,4883
1592,4884
2446,4885
3377,4886
3517,4887
1130,4888
2781,4889
3034,4890
849,4891
1453,4892
3922,4893
164,4894
530,4895
2794,4896
821,4897
3618,4898
1446,4899
1352,4900
3388,4901
1011,4902
2415,4903
2564,4904
1258,4905
563,4906
2821,4907
3503,4908
3695,4909
137,4910
1942,4911
901,4912
631,4913
2598,4914
1287,4915
567,4916
1580,4917
2674,4918
4130,4919
402,4920
489,4921
884,4922
4080,4923
4912,4924
3712,4925
4283,4926
4243,4927
1651,4928
4036,4929
242,4930
868,4931
559,4932
2619,4933
2451,4934
2404,4935
4592,4936
815,4937
759,4938
4016,4939
4060,4940
4503,4941
1471,4942
4055,4943
3577,4944
1908,4945
1549,4946
4120,4947
4561,4948
683,4949
4702,4950
2924,4951
4142,4952
281,4953
1461,4954
3080,4955
4002,4956
2216,4957
2769,4958
4848,4959
268,4960
697,4961
3253,4962
420,4963
3620,4964
4735,4965
4459,4966
2117,4967
2754,4968
851,4969
3280,4970
2813,4971
4293,4972
2885,4973
2750,4974
4099,4975
205,4976
67,4977
1496,4978
1825,4979
243,4980
2414,4981
978,4982
3230,4983
29,4984
2332,4985
4640,4986
3913,4987
4578,4988
566,4989
141,4990
3103,4991
3187,4992
1150,4993
3661,4994
1272,4995
3578,4996
2943,4997
3397,4998
3376,4999
3037,5000
4153,5001
1916,5002
1124,5003
4305,5004
4828,5005
189,5006
2821,5007
1559,5008
3867,5009
3143,5010
644,5011
3795,5012
4726,5013
3403,5014
2027,5015
1572,5016
3522,5017
2583,5018
3633,5019
449,5020
27,5021
3414,5022
1701,5023
767,5024
1388,5025
170,5026
1385,5027
4421,5028
1220,5029
2386,5030
227,5031
2671,5032
284,5033
4954,5034
3608,5035
3552,5036
2148,5037
4820,5038
3611,5039
1639,5040
437,5041
4131,5042
1726,5043
914,5044
2831,5045
1265,5046
3629,5047
3824,5048
2406,5049
2773,5050
687,5051
4483,5052
2533,5053
240,5054
243,5055
4512,5056
2216,5057
799,5058
2084,5059
1259,5060
4298,5061
3268,5062
231,5063
2269,5064
133,5065
3888,5066
147,5067
1506,5068
1868,5069
3927,5070
3215,5071
1641,5072
2802,5073
2580,5074
3715,5075
4785,5076
679,5077
4776,5078
314,5079
1183,5080
887,5081
3845,5082
4941,5083
2222,5084
3400,5085
503,5086
3959,5087
2669,5088
4289,5089
4625,5090
87,5091
3329,5092
3167,5093
3034,5094
3585,5095
280,5096
4074,5097
2884,5098
3435,5099
2632,5100
2261,5101
1909,5102
3799,5103
3742,5104
1235,5105
3274,5106
2693,5107
4689,5108
1240,5109
2954,5110
3847,5111
4537,5112
1469,5113
1452,5114
3305,5115
2694,5116
3795,5117
1804,5118
1245,5119
11,5120
3492,5121
5,5122
3073,5123
4880,5124
2692,5125
3711,5126
2746,5127
3272,5128
1114,5129
361,5130
2406,5131
3491,5132
4728,5133
4195,5134
920,5135
3496,5136
3870,5137
3763,5138
2350,5139
2873,5140
2809,5141
2401,5142
2048,5143
478,5144
1979,5145
4417,5146
4700,5147
2796,5148
3884,5149
1934,5150
635,5151
3066,5152
5141,5153
593,5154
2375,5155
5132,5156
1320,5157
3202,5158
740,5159
2497,5160
970,5161
2854,5162
4730,5163
4861,5164
853,5165
1612,5166
172,5167
146,5168
4910,5169
4490,5170
4970,5171
2622,5172
2184,5173
2003,5174
4388,5175
4986,5176
1037,5177
1802,5178
3380,5179
2695,5180
3960,5181
1836,5182
3884,5183
5112,5184
2066,5185
733,5186
1230,5187
2511,5188
3957,5189
4319,5190
3333,5191
2282,5192
4752,5193
3397,5194
2847,5195
2278,5196
3355,5197
4378,5198
3256,5199
2164,5200
1223,5201
2157,5202
3313,5203
566,5204
1982,5205
5099,5206
2662,5207
431,5208
4965,5209
39,5210
650,5211
1337,5212
2678,5213
57,5214
952,5215
4701,5216
1939,5217
3421,5218
3276,5219
4287,5220
2364,5221
598,5222
4153,5223
1703,5224
3313,5225
4864,5226
4597,5227
1534,5228
1315,5229
1239,5230
5146,5231
1537,5232
4473,5233
1155,5234
3748,5235
4929,5236
2226,5237
4569,5238
1262,5239
3460,5240
3629,5241
4806,5242
5046,5243
3302,5244
3546,5245
3170,5246
810,5247
338,5248
3126,5249
119,5250
4476,5251
3771,5252
2829,5253
3678,5254
1966,5255
2831,5256
855,5257
4707,5258
1629,5259
1006,5260
130,5261
971,5262
1341,5263
3632,5264
1433,5265
1257,5266
4683,5267
568,5268
2358,5269
3478,5270
1134,5271
2220,5272
2004,5273
1378,5274
3928,5275
4782,5276
816,5277
3593,5278
1217,5279
2285,5280
1753,5281
4044,5282
962,5283
1599,5284
599,5285
404,5286
4493,5287
3296,5288
2944,5289
2482,5290
864,5291
3485,5292
2252,5293
2636,5294
4799,5295
1128,5296
2218,5297
1229,5298
3747,5299
302,5300
1031,5301
474,5302
2251,5303
2696,5304
3435,5305
1749,5306
1091,5307
325,5308
1185,5309
3438,5310
5248,5311
715,5312
2544,5313
2132,5314
621,5315
1282,5316
1228,5317
4810,5318
4831,5319
2078,5320
1858,5321
1527,5322
1190,5323
2117,5324
3420,5325
3788,5326
2204,5327
5004,5328
2022,5329
3292,5330
1160,5331
2503,5332
1902,5333
2843,5334
3009,5335
2152,5336
4199,5337
3939,5338
52,5339
3490,5340
265,5341
992,5342
2481,5343
37,5344
1940,5345
1193,5346
53,5347
5098,5348
3501,5349
3016,5350
3020,5351
1302,5352
4316,5353
2551,5354
2816,5355
2200,5356
1932,5357
3442,5358
840,5359
3814,5360
1026,5361
1792,5362
1536,5363
2068,5364
1872,5365
4641,5366
712,5367
4938,5368
3988,5369
3604,5370
5249,5371
2023,5372
14,5373
734,5374
3298,5375
607,5376
4797,5377
1032,5378
3058,5379
1240,5380
2359,5381
1889,5382
1923,5383
338,5384
2721,5385
3855,5386
2818,5387
4244,5388
481,5389
4811,5390
140,5391
1057,5392
424,5393
2546,5394
3511,5395
4722,5396
2215,5397
1730,5398
1539,5399
1024,5400
4373,5401
889,5402
610,5403
352,5404
5276,5405
2751,5406
511,5407
3214,5408
3348,5409
1653,5410
791,5411
1993,5412
4654,5413
228,5414
2051,5415
4346,5416
2618,5417
4804,5418
1153,5419
863,5420
2134,5421
861,5422
5135,5423
605,5424
2614,5425
5119,5426
1455,5427
1933,5428
1892,5429
735,5430
3066,5431
1004,5432
986,5433
4863,5434
1332,5435
1523,5436
2812,5437
4632,5438
478,5439
5426,5440
4919,5441
33,5442
3204,5443
4127,5444
4825,5445
2071,5446
612,5447
3177,5448
3143,5449
1856,5450
188,5451
2380,5452
4800,5453
1385,5454
4537,5455
2069,5456
4478,5457
2381,5458
5018,5459
4757,5460
731,5461
4690,5462
4080,5463
2604,5464
1367,5465
4273,5466
3161,5467
2342,5468
2432,5469
4369,5470
3941,5471
3040,5472
3842,5473
5244,5474
4356,5475
3988,5476
3183,5477
4450,5478
4819,5479
2896,5480
2842,5481
5216,5482
2366,5483
3700,5484
638,5485
385,5486
3485,5487
2784,5488
4132,5489
5108,5490
3138,5491
2672,5492
2165,5493
444,5494
3245,5495
5301,5496
3967,5497
5209,5498
2877,5499
3039,5500
3922,5501
3984,5502
3230,5503
5436,5504
2972,5505
3254,5506
770,5507
2869,5508
5043,5509
3309,5510
1437,5511
3731,5512
5338,5513
5343,5514
2696,5515
1496,5516
2091,5517
2911,5518
2965,5519
4327,5520
170,5521
3938,5522
5245,5523
1886,5524
4745,5525
1290,5526
2230,5527
4760,5528
819,5529
4184,5530
3231,5531
1806,5532
684,5533
2945,5534
1613,5535
4868,5536
881,5537
3087,5538
5184,5539
2286,5540
4103,5541
1308,5542
2108,5543
2620,5544
3576,5545
1367,5546
4680,5547
3277,5548
2347,5549
4456,5550
4603,5551
5191,5552
3943,5553
2871,5554
2638,5555
3986,5556
4464,5557
2959,5558
3832,5559
5126,5560
5033,5561
1691,5562
4422,5563
2476,5564
2524,5565
1093,5566
4697,5567
1481,5568
2875,5569
5348,5570
572,5571
300,5572
3922,5573
1064,5574
4922,5575
3197,5576
2595,5577
3289,5578
437,5579
5573,5580
1437,5581
3633,5582
1130,5583
2081,5584
1351,5585
2018,5586
1214,5587
2892,5588
4354,5589
4966,5590
1809,5591
5591,5592
1953,5593
383,5594
973,5595
2915,5596
3598,5597
347,5598
702,5599
4628,5600
247,5601
3024,5602
4312,5603
3859,5604
5036,5605
534,5606
5001,5607
4711,5608
1343,5609
896,5610
4291,5611
603,5612
4733,5613
863,5614
4655,5615
4889,5616
5258,5617
1679,5618
570,5619
1650,5620
5575,5621
3503,5622
370,5623
40,5624
4518,5625
4411,5626
2067,5627
4636,5628
2589,5629
704,5630
338,5631
2731,5632
972,5633
3144,5634
1118,5635
416,5636
4030,5637
3497,5638
2172,5639
10,5640
2070,5641
1856,5642
622,5643
1647,5644
5611,5645
77,5646
1921,5647
4164,5648
3954,5649
3671,5650
2129,5651
4930,5652
2243,5653
3989,5654
3980,5655
3502,5656
4757,5657
2769,5658
3567,5659
5352,5660
2638,5661
3758,5662
4331,5663
4210,5664
825,5665
4521,5666
5545,5667
1574,5668
4094,5669
3153,5670
2240,5671
1160,5672
113,5673
5236,5674
2483,5675
1671,5676
4643,5677
1264,5678
1264,5679
574,5680
1978,5681
3251,5682
295,5683
3879,5684
475,5685
3665,5686
2883,5687
5042,5688
382,5689
35,5690
2580,5691
5139,5692
1798,5693
401,5694
5105,5695
5384,5696
581,5697
4038,5698
921,5699
5576,5700
4258,5701
3537,5702
15,5703
3595,5704
5512,5705
5049,5706
799,5707
543,5708
2856,5709
3822,5710
5358,5711
2005,5712
2901,5713
3553,5714
4748,5715
1361,5716
3418,5717
3622,5718
5479,5719
163,5720
4621,5721
1636,5722
2641,5723
5299,5724
2589,5725
3723,5726
2932,5727
395,5728
1187,5729
2175,5730
2574,5731
4747,5732
823,5733
5032,5734
3902,5735
2535,5736
2697,5737
192,5738
1058,5739
1716,5740
4808,5741
274,5742
1728,5743
3784,5744
2882,5745
4306,5746
4065,5747
5117,5748
4442,5749
4681,5750
4358,5751
1911,5752
3998,5753
3156,5754
1251,5755
115,5756
3770,5757
265,5758
4304,5759
3704,5760
3498,5761
3569,5762
1112,5763
5107,5764
388,5765
3005,5766
2540,5767
3,5768
5180,5769
330,5770
1307,5771
4694,5772
1590,5773
2271,5774
5697,5775
4726,5776
3274,5777
5266,5778
3080,5779
1740,5780
3527,5781
4873,5782
2801,5783
3983,5784
2938,5785
331,5786
5019,5787
4749,5788
1762,5789
84,5790
4378,5791
5677,5792
1603,5793
3232,5794
1401,5795
4944,5796
3526,5797
3146,5798
1861,5799
1937,5800
1570,5801
2306,5802
5083,5803
3033,5804
1420,5805
2537,5806
3722,5807
1978,5808
345,5809
5461,5810
5756,5811
5415,5812
4505,5813
2191,5814
3252,5815
5775,5816
548,5817
4251,5818
2599,5819
5586,5820
4215,5821
1719,5822
5466,5823
264,5824
2805,5825
4109,5826
4511,5827
5354,5828
4571,5829
1833,5830
4851,5831
4453,5832
411,5833
5364,5834
842,5835
1556,5836
754,5837
1265,5838
1900,5839
3284,5840
232,5841
3579,5842
89,5843
937,5844
2778,5845
1906,5846
3261,5847
3473,5848
2240,5849
1834,5850
2358,5851
2126,5852
5243,5853
5199,5854
3850,5855
3873,5856
1613,5857
5444,5858
5019,5859
793,5860
1023,5861
4811,5862
4351,5863
1101,5864
3740,5865
5491,5866
2540,5867
4918,5868
5812,5869
1576,5870
5357,5871
2210,5872
650,5873
4560,5874
4496,5875
4951,5876
1446,5877
573,5878
3184,5879
3675,5880
1930,5881
1353,5882
4865,5883
3076,5884
4733,5885
988,5886
1286,5887
3653,5888
5798,5889
5346,5890
2184,5891
929,5892
3451,5893
26,5894
5606,5895
2539,5896
4226,5897
4601,5898
4192,5899
2216,5900
3156,5901
2059,5902
3571,5903
1993,5904
5458,5905
4053,5906
2015,5907
5329,5908
2336,5909
5228,5910
3861,5911
503,5912
4375,5913
2681,5914
5907,5915
2465,5916
5357,5917
3891,5918
795,5919
574,5920
4804,5921
5144,5922
3070,5923
4254,5924
83,5925
201,5926
5193,5927
25,5928
4084,5929
3548,5930
4478,5931
3976,5932
3261,5933
2550,5934
2608,5935
942,5936
759,5937
4418,5938
811,5939
3910,5940
2321,5941
4548,5942
4955,5943
4964,5944
1250,5945
3926,5946
1210,5947
3446,5948
2364,5949
1738,5950
268,5951
4151,5952
4866,5953
5078,5954
2722,5955
1835,5956
3331,5957
461,5958
2631,5959
3941,5960
2450,5961
1590,5962
2400,5963
5102,5964
4530,5965
4743,5966
4178,5967
947,5968
5068,5969
3026,5970
1679,5971
904,5972
2275,5973
1537,5974
2329,5975
4986,5976
2962,5977
1952,5978
3341,5979
2265,5980
3787,5981
5403,5982
1096,5983
1683,5984
2442,5985
4123,5986
4248,5987
2843,5988
3927,5989
4404,5990
2721,5991
1923,5992
262,5993
1382,5994
2221,5995
2243,5996
1944,5997
4297,5998
1572,5999
965,6000
431,6001
5846,6002
250,6003
1926,6004
2978,6005
4347,6006
5508,6007
4009,6008
216,6009
995,6010
1804,6011
1081,6012
2502,6013
1771,6014
1769,6015
5303,6016
3539,6017
5372,6018
1118,6019
2420,6020
715,6021
3592,6022
5968,6023
4233,6024
2411,6025
1321,6026
4810,6027
3439,6028
864,6029
1335,6030
297,6031
2580,6032
207,6033
3772,6034
5088,6035
5038,6036
53,6037
3096,6038
3307,6039
2542,6040
4569,6041
4143,6042
5313,6043
1500,6044
1560,6045
5634,6046
4717,6047
5293,6048
4315,6049
5592,6050
4784,6051
4312,6052
4113,6053
3981,6054
2798,6055
2291,6056
5280,6057
3323,6058
56,6059
1544,6060
4470,6061
3558,6062
5301,6063
138,6064
1347,6065
1634,6066
2706,6067
1438,6068
4577,6069
487,6070
373,6071
837,6072
4830,6073
3892,6074
5273,6075
5049,6076
3262,6077
1846,6078
3303,6079
4451,6080
2239,6081
937,6082
633,6083
5292,6084
5763,6085
5030,6086
2050,6087
3333,6088
1710,6089
920,6090
3150,6091
589,6092
3189,6093
1150,6094
1743,6095
4780,6096
4751,6097
144,6098
4737,6099
3558,6100
3207,6101
2225,6102
664,6103
273,6104
3777,6105
397,6106
364,6107
4771,6108
5360,6109
3579,6110
3371,6111
3508,6112
3752,6113
1397,6114
5730,6115
4231,6116
4429,6117
1230,6118
3665,6119
44,6120
5167,6121
2945,6122
5149,6123
5799,6124
3559,6125
1043,6126
134,6127
5945,6128
1976,6129
2204,6130
5405,6131
1609,6132
4912,6133
3415,6134
1006,6135
1683,6136
4470,6137
5720,6138
4753,6139
5193,6140
1916,6141
1926,6142
4192,6143
3381,6144
505,6145
2881,6146
4764,6147
5052,6148
6016,6149
2168,6150
1823,6151
4819,6152
1335,6153
3653,6154
4249,6155
2214,6156
1411,6157
3730,6158
1070,6159
4425,6160
4390,6161
410,6162
3210,6163
630,6164
535,6165
5194,6166
2715,6167
6053,6168
529,6169
2088,6170
4841,6171
5709,6172
2095,6173
5686,6174
379,6175
4838,6176
5659,6177
2944,6178
719,6179
5460,6180
5382,6181
865,6182
3947,6183
2825,6184
2514,6185
3366,6186
2204,6187
2238,6188
4926,6189
1849,6190
5831,6191
6135,6192
678,6193
3200,6194
1623,6195
584,6196
1159,6197
5176,6198
2774,6199
2525,6200
2690,6201
4769,6202
6179,6203
3448,6204
5558,6205
964,6206
397,6207
2144,6208
5002,6209
3435,6210
3447,6211
680,6212
2744,6213
2842,6214
886,6215
746,6216
1285,6217
116,6218
5589,6219
1394,6220
859,6221
2700,6222
4638,6223
4285,6224
3582,6225
2474,6226
234,6227
4736,6228
5169,6229
3169,6230
1801,6231
3506,6232
3305,6233
2823,6234
273,6235
2004,6236
5017,6237
4023,6238
3122,6239
5385,6240
2081,6241
1531,6242
847,6243
5774,6244
3122,6245
1053,6246
3963,6247
5539,6248
1375,6249
3902,6250
2675,6251
1995,6252
2641,6253
2395,6254
2218,6255
1802,6256
156,6257
2107,6258
1952,6259
1927,6260
783,6261
5181,6262
2073,6263
363,6264
519,6265
2479,6266
4919,6267
5045,6268
3341,6269
5875,6270
1696,6271
1872,6272
4360,6273
5393,6274
1714,6275
2778,6276
3001,6277
2201,6278
3445,6279
3714,6280
865,6281
2481,6282
5146,6283
499,6284
4297,6285
2810,6286
1492,6287
4930,6288
5144,6289
1098,6290
3733,6291
5505,6292
2228,6293
4286,6294
5412,6295
3767,6296
5562,6297
3196,6298
976,6299
2328,6300
3367,6301
5933,6302
3645,6303
1254,6304
3806,6305
2425,6306
5660,6307
5948,6308
4834,6309
576,6310
364,6311
3012,6312
1464,6313
1013,6314
1116,6315
2828,6316
96,6317
2191,6318
4807,6319
982,6320
457,6321
4715,6322
5791,6323
5836,6324
5041,6325
3521,6326
6173,6327
2699,6328
3004,6329
2494,6330
348,6331
5673,6332
2954,6333
4776,6334
5646,6335
1594,6336
1511,6337
1838,6338
2727,6339
2358,6340
1415,6341
2745,6342
798,6343
4185,6344
1497,6345
2737,6346
1383,6347
4591,6348
5709,6349
5241,6350
4171,6351
4826,6352
4983,6353
4701,6354
608,6355
2215,6356
4034,6357
2769,6358
2218,6359
4008,6360
4748,6361
2704,6362
796,6363
3097,6364
1009,6365
3956,6366
5069,6367
217,6368
5579,6369
4827,6370
3253,6371
4061,6372
1190,6373
4210,6374
313,6375
3539,6376
5813,6377
2415,6378
2125,6379
129,6380
2238,6381
984,6382
1743,6383
1668,6384
5695,6385
3883,6386
300,6387
3073,6388
4560,6389
5088,6390
353,6391
2313,6392
3104,6393
6039,6394
5289,6395
3965,6396
30,6397
2657,6398
402,6399
2059,6400
3207,6401
4803,6402
4627,6403
5296,6404
2768,6405
635,6406
2175,6407
5228,6408
3543,6409
3040,6410
1317,6411
6361,6412
780,6413
6349,6414
572,6415
5801,6416
2046,6417
2610,6418
1108,6419
3875,6420
3527,6421
3056,6422
6274,6423
2495,6424
5704,6425
4930,6426
5933,6427
5022,6428
509,6429
2011,6430
2914,6431
4290,6432
5042,6433
1863,6434
3298,6435
4232,6436
580,6437
5122,6438
988,6439
4859,6440
632,6441
5950,6442
416,6443
5732,6444
4129,6445
925,6446
5049,6447
2936,6448
51,6449
408,6450
1776,6451
3361,6452
3021,6453
4884,6454
3969,6455
2259,6456
3491,6457
3049,6458
862,6459
5861,6460
2569,6461
1925,6462
5404,6463
5946,6464
4053,6465
3467,6466
4378,6467
4780,6468
1195,6469
2232,6470
5027,6471
1932,6472
3409,6473
758,6474
2769,6475
6113,6476
3109,6477
1553,6478
886,6479
404,6480
4340,6481
325,6482
3797,6483
3058,6484
5482,6485
833,6486
5579,6487
2959,6488
5621,6489
5934,6490
6095,6491
2712,6492
2695,6493
3525,6494
5700,6495
2161,6496
1595,6497
5273,6498
3672,6499
5267,6500
4977,6501
808,6502
6075,6503
794,6504
2900,6505
4756,6506
3359,6507
4459,6508
2825,6509
4653,6510
528,6511
1678,6512
1737,6513
1927,6514
2605,6515
5604,6516
2103,6517
4303,6518
4152,6519
5759,6520
4198,6521
282,6522
6456,6523
701,6524
3948,6525
4952,6526
6312,6527
243,6528
5457,6529
1024,6530
2051,6531
4800,6532
4607,6533
1311,6534
6101,6535
2868,6536
3259,6537
4275,6538
1191,6539
552,6540
942,6541
870,6542
2546,6543
6164,6544
1159,6545
304,6546
2465,6547
3575,6548
4774,6549
6132,6550
4684,6551
3762,6552
4588,6553
1731,6554
6031,6555
5495,6556
3885,6557
3585,6558
4370,6559
1793,6560
2124,6561
1419,6562
2883,6563
3502,6564
4506,6565
1365,6566
1348,6567
3266,6568
1199,6569
984,6570
739,6571
3976,6572
5046,6573
5468,6574
4647,6575
2913,6576
4142,6577
3054,6578
3015,6579
5981,6580
4782,6581
692,6582
6153,6583
1445,6584
6017,6585
2290,6586
1365,6587
6233,6588
4162,6589
672,6590
6138,6591
668,6592
5035,6593
2773,6594
5114,6595
609,6596
1206,6597
1672,6598
1934,6599
5228,6600
5005,6601
6541,6602
3076,6603
1689,6604
991,6605
3516,6606
6298,6607
4096,6608
6535,6609
4391,6610
5065,6611
4279,6612
3897,6613
5423,6614
1527,6615
1013,6616
529,6617
3921,6618
5647,6619
4621,6620
1003,6621
6409,6622
794,6623
1131,6624
136,6625
5716,6626
5400,6627
3161,6628
6623,6629
3510,6630
3171,6631
4720,6632
68,6633
4599,6634
4888,6635
489,6636
5622,6637
5324,6638
3289,6639
5307,6640
2873,6641
6010,6642
4398,6643
358,6644
571,6645
262,6646
3936,6647
3887,6648
1493,6649
1465,6650
6479,6651
5551,6652
3353,6653
863,6654
3069,6655
1791,6656
3354,6657
1098,6658
4937,6659
2280,6660
2872,6661
6195,6662
791,6663
3785,6664
5205,6665
3080,6666
2820,6667
5460,6668
3244,6669
6043,6670
2034,6671
1804,6672
2139,6673
562,6674
2370,6675
2157,6676
6388,6677
1897,6678
3682,6679
2077,6680
5358,6681
522,6682
2562,6683
1883,6684
4242,6685
5782,6686
2534,6687
6187,6688
6642,6689
5451,6690
4245,6691
1553,6692
289,6693
6260,6694
3734,6695
200,6696
1887,6697
3692,6698
3834,6699
3807,6700
2800,6701
4123,6702
287,6703
78,6704
4016,6705
668,6706
3354,6707
4346,6708
5832,6709
2153,6710
4871,6711
2997,6712
6214,6713
4410,6714
3444,6715
543,6716
89,6717
4752,6718
6293,6719
3891,6720
1787,6721
4664,6722
5640,6723
2051,6724
4948,6725
1456,6726
3711,6727
6154,6728
279,6729
2959,6730
1714,6731
1472,6732
407,6733
5465,6734
4883,6735
2432,6736
1043,6737
3485,6738
1547,6739
1676,6740
3052,6741
4915,6742
2512,6743
4946,6744
3833,6745
6685,6746
40,6747
6040,6748
4147,6749
3562,6750
6650,6751
3113,6752
1542,6753
5241,6754
3653,6755
1271,6756
2944,6757
5857,6758
4312,6759
5520,6760
2390,6761
3617,6762
321,6763
5786,6764
2327,6765
585,6766
4427,6767
3083,6768
91,6769
3697,6770
2817,6771
5655,6772
2479,6773
5094,6774
5617,6775
397,6776
1993,6777
5574,6778
4449,6779
6566,6780
3649,6781
1289,6782
42,6783
1101,6784
3330,6785
4715,6786
1696,6787
6454,6788
5410,6789
4671,6790
5378,6791
4955,6792
2043,6793
4884,6794
5903,6795
5563,6796
6287,6797
254,6798
3407,6799
2380,6800
3542,6801
2065,6802
6734,6803
3813,6804
3610,6805
5789,6806
4528,6807
4494,6808
4512,6809
4531,6810
3725,6811
3472,6812
396,6813
4582,6814
3208,6815
2004,6816
2611,6817
5679,6818
2121,6819
2420,6820
1275,6821
75,6822
1718,6823
1126,6824
177,6825
5516,6826
6581,6827
5963,6828
5369,6829
5823,6830
649,6831
1331,6832
5850,6833
3214,6834
3182,6835
2566,6836
3840,6837
4849,6838
698,6839
6420,6840
4826,6841
5606,6842
1181,6843
671,6844
3641,6845
729,6846
662,6847
5107,6848
3693,6849
5679,6850
6258,6851
4628,6852
2026,6853
6212,6854
229,6855
3599,6856
4562,6857
4698,6858
6038,6859
554,6860
2164,6861
1021,6862
6696,6863
5935,6864
6539,6865
2594,6866
2623,6867
1858,6868
5231,6869
2994,6870
2132,6871
855,6872
3916,6873
5290,6874
1803,6875
4698,6876
1190,6877
4408,6878
5383,6879
6323,6880
2746,6881
91,6882
5942,6883
2915,6884
2533,6885
4766,6886
1012,6887
4180,6888
6344,6889
622,6890
5926,6891
1719,6892
2339,6893
3774,6894
6307,6895
5288,6896
932,6897
4321,6898
4738,6899
2126,6900
5989,6901
5526,6902
1815,6903
639,6904
3781,6905
704,6906
2431,6907
3095,6908
6776,6909
5678,6910
3912,6911
2024,6912
18,6913
3307,6914
5785,6915
3552,6916
2019,6917
2748,6918
351,6919
1398,6920
1170,6921
6789,6922
1775,6923
4318,6924
620,6925
2578,6926
2383,6927
451,6928
4097,6929
2156,6930
6425,6931
6892,6932
158,6933
2157,6934
4288,6935
15,6936
1410,6937
2487,6938
2249,6939
4061,6940
1282,6941
109,6942
5713,6943
3388,6944
533,6945
731,6946
1843,6947
339,6948
4429,6949
1237,6950
5459,6951
98,6952
410,6953
152,6954
849,6955
146,6956
1701,6957
1616,6958
3084,6959
1893,6960
5649,6961
298,6962
629,6963
3997,6964
4570,6965
5932,6966
4481,6967
3170,6968
6470,6969
325,6970
5159,6971
6971,6972
2844,6973
2904,6974
6746,6975
5567,6976
3518,6977
883,6978
459,6979
1923,6980
2956,6981
493,6982
1832,6983
1116,6984
6836,6985
4772,6986
5440,6987
3705,6988
772,6989
4162,6990
5430,6991
27,6992
81,6993
4377,6994
5839,6995
6560,6996
4948,6997
1857,6998
4930,6999
630,7000
5959,7001
5574,7002
6614,7003
1099,7004
3068,7005
4452,7006
5921,7007
1670,7008
3805,7009
6271,7010
4099,7011
875,7012
3424,7013
3012,7014
3522,7015
5691,7016
4921,7017
6670,7018
6912,7019
2316,7020
4733,7021
4734,7022
2103,7023
6888,7024
591,7025
1575,7026
1605,7027
3267,7028
4522,7029
1366,7030
4585,7031
3595,7032
1899,7033
3673,7034
3201,7035
4054,7036
4456,7037
92,7038
3888,7039
6431,7040
4025,7041
3067,7042
6833,7043
6732,7044
3663,7045
3266,7046
4957,7047
1375,7048
5508,7049
2423,7050
4220,7051
5800,7052
2371,7053
3233,7054
4318,7055
5255,7056
4997,7057
3268,7058
4047,7059
5113,7060
4125,7061
6648,7062
1067,7063
5020,7064
5156,7065
2879,7066
3293,7067
5669,7068
1470,7069
3908,7070
5971,7071
3572,7072
6033,7073
5770,7074
4782,7075
6575,7076
4142,7077
731,7078
5153,7079
6889,7080
349,7081
3455,7082
5167,7083
2506,7084
5024,7085
2423,7086
6011,7087
1990,7088
372,7089
6763,7090
1211,7091
6438,7092
2298,7093
4515,7094
6016,7095
3515,7096
4472,7097
6190,7098
1632,7099
406,7100
6084,7101
2138,7102
6668,7103
2410,7104
348,7105
1161,7106
4174,7107
4733,7108
5171,7109
4477,7110
6614,7111
3868,7112
3358,7113
1620,7114
6167,7115
5630,7116
5019,7117
3642,7118
4681,7119
1772,7120
5254,7121
4376,7122
1298,7123
6132,7124
1244,7125
5661,7126
1571,7127
788,7128
2418,7129
5223,7130
3971,7131
6550,7132
834,7133
598,7134
1635,7135
6772,7136
2874,7137
4671,7138
2220,7139
635,7140
3674,7141
814,7142
3724,7143
285,7144
750,7145
1575,7146
1725,7147
2574,7148
637,7149
7094,7150
3856,7151
3307,7152
4541,7153
2452,7154
4580,7155
7071,7156
1442,7157
4616,7158
3888,7159
3736,7160
2861,7161
4964,7162
1619,7163
5212,7164
3635,7165
157,7166
1091,7167
4647,7168
2056,7169
6389,7170
4456,7171
2669,7172
5003,7173
1781,7174
1788,7175
6085,7176
3200,7177
258,7178
4058,7179
1579,7180
3810,7181
1202,7182
5511,7183
6466,7184
6421,7185
5178,7186
397,7187
444,7188
4631,7189
4885,7190
5908,7191
1032,7192
849,7193
2086,7194
2642,7195
3280,7196
5680,7197
6570,7198
3524,7199
4418,7200
2778,7201
1862,7202
1194,7203
6816,7204
634,7205
3782,7206
7008,7207
2446,7208
61,7209
6563,7210
6443,7211
6808,7212
777,7213
1021,7214
6050,7215
6257,7216
6374,7217
1354,7218
5259,7219
4125,7220
391,7221
5319,7222
245,7223
3290,7224
2065,7225
373,7226
6242,7227
1492,7228
433,7229
110,7230
1951,7231
6920,7232
430,7233
6836,7234
1267,7235
3731,7236
3661,7237
3354,7238
710,7239
2892,7240
1328,7241
156,7242
4951,7243
4425,7244
426,7245
6018,7246
2758,7247
1147,7248
4844,7249
203,7250
3867,7251
7124,7252
2846,7253
4880,7254
3610,7255
6580,7256
2477,7257
6075,7258
206,7259
3595,7260
1798,7261
4972,7262
3189,7263
3888,7264
5382,7265
3811,7266
3358,7267
1251,7268
478,7269
2786,7270
1263,7271
6365,7272
215,7273
4165,7274
4762,7275
1608,7276
6801,7277
3838,7278
3540,7279
400,7280
1814,7281
1773,7282
6914,7283
3767,7284
5855,7285
373,7286
4010,7287
6151,7288
6144,7289
1621,7290
6110,7291
4364,7292
5550,7293
5712,7294
2455,7295
7242,7296
1072,7297
2789,7298
5415,7299
3680,7300
6853,7301
862,7302
1345,7303
803,7304
2340,7305
1916,7306
620,7307
4214,7308
23,7309
5683,7310
2712,7311
110,7312
216,7313
7065,7314
1252,7315
6356,7316
3093,7317
42,7318
5864,7319
3545,7320
4068,7321
5906,7322
1978,7323
6253,7324
3458,7325
526,7326
5594,7327
4247,7328
6587,7329
3176,7330
6216,7331
2651,7332
2010,7333
2486,7334
3310,7335
3997,7336
1005,7337
55,7338
6003,7339
971,7340
6187,7341
353,7342
4268,7343
6007,7344
3342,7345
3658,7346
2425,7347
5560,7348
728,7349
5565,7350
6001,7351
5810,7352
1540,7353
7205,7354
5264,7355
4607,7356
1612,7357
5781,7358
2068,7359
2383,7360
1997,7361
2787,7362
5541,7363
727,7364
4624,7365
5536,7366
4525,7367
5709,7368
5167,7369
1676,7370
7305,7371
6169,7372
1975,7373
2995,7374
5293,7375
5699,7376
4116,7377
732,7378
5337,7379
2955,7380
2662,7381
5859,7382
7241,7383
6470,7384
898,7385
4608,7386
2574,7387
6325,7388
7167,7389
5602,7390
2560,7391
3183,7392
5336,7393
7164,7394
5476,7395
5195,7396
5949,7397
4975,7398
3042,7399
2839,7400
4822,7401
7319,7402
1505,7403
4263,7404
468,7405
2143,7406
7269,7407
3735,7408
273,7409
4403,7410
4032,7411
4434,7412
6380,7413
6924,7414
4178,7415
4102,7416
2900,7417
5212,7418
3803,7419
5282,7420
4145,7421
6751,7422
429,7423
6689,7424
5392,7425
5254,7426
7188,7427
6029,7428
4062,7429
1376,7430
3679,7431
5419,7432
4313,7433
3787,7434
1467,7435
3173,7436
4120,7437
2809,7438
176,7439
4518,7440
909,7441
6973,7442
6957,7443
1261,7444
3559,7445
3012,7446
6596,7447
2076,7448
4489,7449
1479,7450
2079,7451
6458,7452
4750,7453
4741,7454
79,7455
2929,7456
1165,7457
6604,7458
3823,7459
3184,7460
2608,7461
6581,7462
1574,7463
6980,7464
3195,7465
4581,7466
7304,7467
3377,7468
5835,7469
4294,7470
4189,7471
5168,7472
4700,7473
577,7474
1324,7475
993,7476
5730,7477
2154,7478
5409,7479
3337,7480
5204,7481
944,7482
5453,7483
3722,7484
6094,7485
5788,7486
3366,7487
4237,7488
6677,7489
6343,7490
4139,7491
6009,7492
80,7493
3972,7494
2683,7495
3389,7496
6840,7497
1553,7498
2712,7499
778,7500
1929,7501
159,7502
1475,7503
6843,7504
7463,7505
1428,7506
1828,7507
4933,7508
6368,7509
1324,7510
1582,7511
1331,7512
4507,7513
1928,7514
739,7515
6581,7516
862,7517
6705,7518
6294,7519
1541,7520
531,7521
3839,7522
3570,7523
5537,7524
6503,7525
2315,7526
4395,7527
5411,7528
4906,7529
5443,7530
6402,7531
4899,7532
2106,7533
1623,7534
4878,7535
2497,7536
197,7537
2740,7538
1623,7539
1670,7540
2252,7541
6419,7542
1307,7543
956,7544
826,7545
2738,7546
6336,7547
819,7548
4092,7549
5375,7550
2201,7551
5460,7552
1140,7553
2184,7554
3564,7555
4265,7556
2324,7557
3350,7558
7004,7559
3557,7560
4940,7561
4566,7562
2350,7563
4408,7564
852,7565
2559,7566
3554,7567
3855,7568
6339,7569
1421,7570
7378,7571
2087,7572
5974,7573
239,7574
6432,7575
7110,7576
238,7577
4998,7578
6622,7579
2167,7580
1189,7581
6770,7582
5134,7583
6492,7584
1416,7585
7254,7586
2107,7587
3705,7588
2924,7589
1020,7590
1923,7591
6550,7592
6192,7593
882,7594
7394,7595
7577,7596
6743,7597
2097,7598
6728,7599
6480,7600
7095,7601
5389,7602
6361,7603
6348,7604
5757,7605
4762,7606
5772,7607
1271,7608
2753,7609
173,7610
3897,7611
3444,7612
5447,7613
6784,7614
1489,7615
6149,7616
1497,7617
7031,7618
1715,7619
3305,7620
6505,7621
1051,7622
4780,7623
5002,7624
3789,7625
5933,7626
5046,7627
4712,7628
1096,7629
3574,7630
6356,7631
6826,7632
167,7633
6644,7634
203,7635
3602,7636
4896,7637
232,7638
543,7639
2276,7640
2520,7641
6820,7642
2312,7643
4296,7644
331,7645
3551,7646
80,7647
2072,7648
3602,7649
7026,7650
4728,7651
6615,7652
5528,7653
7411,7654
1090,7655
924,7656
6470,7657
2171,7658
190,7659
4560,7660
1701,7661
5909,7662
5204,7663
674,7664
5509,7665
594,7666
2696,7667
2386,7668
3015,7669
4401,7670
4551,7671
1707,7672
3813,7673
5973,7674
657,7675
5286,7676
6799,7677
774,7678
4988,7679
4023,7680
4294,7681
7561,7682
7589,7683
1466,7684
2589,7685
834,7686
6857,7687
7574,7688
2084,7689
5267,7690
4699,7691
2532,7692
2318,7693
3115,7694
7515,7695
3305,7696
862,7697
6296,7698
4053,7699
1943,7700
1691,7701
5515,7702
1896,7703
4744,7704
2483,7705
1063,7706
3472,7707
1145,7708
4778,7709
2745,7710
6273,7711
3485,7712
7071,7713
610,7714
3729,7715
3088,7716
5274,7717
5307,7718
3923,7719
6335,7720
6581,7721
4365,7722
1168,7723
7569,7724
3186,7725
5812,7726
4507,7727
744,7728
3022,7729
2605,7730
3460,7731
5556,7732
3388,7733
7508,7734
2976,7735
1766,7736
2950,7737
282,7738
2246,7739
401,7740
5699,7741
3110,7742
7084,7743
2990,7744
6153,7745
1497,7746
5262,7747
6234,7748
2400,7749
4379,7750
843,7751
1444,7752
364,7753
2035,7754
7135,7755
5820,7756
2536,7757
648,7758
6457,7759
5502,7760
2775,7761
2896,7762
1249,7763
3357,7764
5309,7765
2951,7766
6889,7767
2715,7768
7653,7769
3665,7770
2331,7771
1871,7772
334,7773
362,7774
1403,7775
1627,7776
230,7777
643,7778
4218,7779
3081,7780
7386,7781
4597,7782
6181,7783
490,7784
682,7785
7314,7786
787,7787
6848,7788
3359,7789
4086,7790
133,7791
169,7792
7672,7793
2598,7794
3735,7795
674,7796
3243,7797
6150,7798
1477,7799
6629,7800
7214,7801
150,7802
819,7803
3696,7804
2131,7805
2284,7806
1649,7807
7746,7808
6891,7809
6442,7810
2121,7811
2315,7812
2830,7813
743,7814
3475,7815
5163,7816
7117,7817
7518,7818
5718,7819
4745,7820
5415,7821
700,7822
2968,7823
6096,7824
5904,7825
5440,7826
4349,7827
1320,7828
305,7829
4505,7830
7312,7831
6105,7832
2197,7833
727,7834
1231,7835
3466,7836
4966,7837
5886,7838
6129,7839
5550,7840
6013,7841
4418,7842
4668,7843
1865,7844
4891,7845
1118,7846
6939,7847
4450,7848
4542,7849
7647,7850
1239,7851
3186,7852
543,7853
7164,7854
997,7855
3108,7856
3076,7857
531,7858
4522,7859
4402,7860
5694,7861
3165,7862
7111,7863
1722,7864
3065,7865
1912,7866
2897,7867
7566,7868
3573,7869
3558,7870
7702,7871
3867,7872
270,7873
5407,7874
711,7875
4625,7876
7724,7877
6292,7878
4057,7879
5545,7880
1566,7881
7776,7882
6372,7883
7841,7884
3716,7885
4509,7886
4261,7887
3410,7888
6029,7889
1583,7890
5106,7891
1302,7892
971,7893
1211,7894
2828,7895
7651,7896
2777,7897
6626,7898
7710,7899
2924,7900
5490,7901
3314,7902
4809,7903
7129,7904
1957,7905
792,7906
6254,7907
5770,7908
5628,7909
2508,7910
4244,7911
4240,7912
7823,7913
3494,7914
7702,7915
1161,7916
3551,7917
2151,7918
1452,7919
753,7920
1426,7921
4475,7922
1212,7923
2903,7924
3493,7925
5030,7926
7466,7927
248,7928
3025,7929
3267,7930
2536,7931
4492,7932
4665,7933
2441,7934
2287,7935
5616,7936
2465,7937
5591,7938
389,7939
1051,7940
7849,7941
5449,7942
7731,7943
2974,7944
2830,7945
5534,7946
5966,7947
516,7948
6914,7949
3027,7950
2161,7951
3993,7952
5066,7953
4847,7954
7456,7955
4444,7956
5078,7957
4655,7958
1378,7959
5179,7960
4301,7961
2658,7962
1367,7963
7962,7964
6657,7965
6131,7966
7927,7967
700,7968
7732,7969
6311,7970
2969,7971
6949,7972
929,7973
7650,7974
2372,7975
4957,7976
7942,7977
2213,7978
951,7979
6676,7980
2712,7981
5338,7982
5300,7983
5796,7984
4547,7985
2017,7986
5636,7987
220,7988
3990,7989
716,7990
7147,7991
2471,7992
5814,7993
5505,7994
4347,7995
4003,7996
6816,7997
6437,7998
708,7999
4891,8000
6684,8001
3848,8002
2401,8003
1955,8004
3355,8005
3214,8006
2988,8007
2551,8008
2299,8009
6899,8010
7275,8011
3739,8012
7601,8013
5347,8014
3304,8015
921,8016
586,8017
7852,8018
4829,8019
7825,8020
3940,8021
316,8022
1684,8023
5536,8024
5596,8025
4863,8026
313,8027
1500,8028
7852,8029
2767,8030
2034,8031
3631,8032
3929,8033
5080,8034
6261,8035
730,8036
424,8037
5875,8038
5860,8039
7985,8040
7926,8041
4740,8042
3650,8043
4543,8044
4454,8045
2643,8046
600,8047
2555,8048
3261,8049
7085,8050
5508,8051
7327,8052
676,8053
2530,8054
2544,8055
7693,8056
3233,8057
830,8058
789,8059
5355,8060
1633,8061
3823,8062
1237,8063
7961,8064
7241,8065
3796,8066
4161,8067
5997,8068
3708,8069
5397,8070
323,8071
6753,8072
6803,8073
6398,8074
7801,8075
7778,8076
1768,8077
3150,8078
7665,8079
7440,8080
7336,8081
4974,8082
52,8083
1629,8084
4850,8085
1086,8086
1575,8087
824,8088
2659,8089
6126,8090
7288,8091
7214,8092
115,8093
7169,8094
712,8095
5890,8096
2097,8097
1007,8098
67,8099
5891,8100
1813,8101
2795,8102
5379,8103
1206,8104
2297,8105
1811,8106
5684,8107
7853,8108
1686,8109
6144,8110
3568,8111
7432,8112
8099,8113
675,8114
3027,8115
4921,8116
2825,8117
6788,8118
7536,8119
3774,8120
2573,8121
4172,8122
3645,8123
6839,8124
4578,8125
7922,8126
1264,8127
4989,8128
5025,8129
6947,8130
1303,8131
4674,8132
1382,8133
2016,8134
3503,8135
7250,8136
7826,8137
2121,8138
7977,8139
7209,8140
5098,8141
4482,8142
7686,8143
621,8144
6120,8145
835,8146
3023,8147
5698,8148
704,8149
6588,8150
3342,8151
7951,8152
577,8153
4750,8154
8067,8155
833,8156
3992,8157
3084,8158
6763,8159
7178,8160
3068,8161
4554,8162
5317,8163
235,8164
6309,8165
671,8166
6281,8167
2274,8168
7966,8169
2288,8170
5784,8171
1908,8172
8050,8173
4583,8174
2483,8175
1859,8176
7451,8177
99,8178
8088,8179
6174,8180
6714,8181
4098,8182
4608,8183
370,8184
1292,8185
6601,8186
8115,8187
5100,8188
4007,8189
1430,8190
2816,8191
4726,8192
4912,8193
2285,8194
7007,8195
6594,8196
5662,8197
2724,8198
6943,8199
3945,8200
4904,8201
4278,8202
1546,8203
7197,8204
8087,8205
6927,8206
119,8207
2331,8208
4012,8209
6381,8210
5050,8211
1191,8212
7420,8213
339,8214
7567,8215
999,8216
4322,8217
7240,8218
3236,8219
2422,8220
663,8221
1504,8222
1091,8223
3231,8224
2058,8225
4189,8226
380,8227
3820,8228
5221,8229
1082,8230
5210,8231
804,8232
6964,8233
3852,8234
8102,8235
7729,8236
6440,8237
3447,8238
3702,8239
6003,8240
2955,8241
4839,8242
7921,8243
4838,8244
7703,8245
4158,8246
474,8247
3476,8248
2209,8249
7726,8250
7610,8251
943,8252
4440,8253
5872,8254
5603,8255
3521,8256
7347,8257
2808,8258
2518,8259
5101,8260
672,8261
5889,8262
1494,8263
2451,8264
4791,8265
5574,8266
6966,8267
8172,8268
1700,8269
5148,8270
8174,8271
3422,8272
5062,8273
47,8274
2360,8275
5694,8276
6547,8277
311,8278
3165,8279
4002,8280
5445,8281
5176,8282
2003,8283
6327,8284
3921,8285
6959,8286
3047,8287
276,8288
162,8289
5829,8290
7052,8291
6273,8292
2735,8293
2103,8294
1102,8295
2027,8296
6122,8297
3838,8298
1156,8299
1920,8300
7409,8301
1976,8302
7086,8303
5670,8304
4451,8305
6286,8306
905,8307
7550,8308
4705,8309
4008,8310
2289,8311
2253,8312
6598,8313
5233,8314
1565,8315
655,8316
2381,8317
5921,8318
5093,8319
4195,8320
1963,8321
616,8322
6932,8323
4359,8324
6545,8325
1402,8326
5970,8327
8259,8328
8261,8329
3407,8330
1028,8331
291,8332
8113,8333
2890,8334
7623,8335
6835,8336
3634,8337
5039,8338
2255,8339
4963,8340
4054,8341
2806,8342
6382,8343
1181,8344
2658,8345
6354,8346
4532,8347
6423,8348
601,8349
5420,8350
6055,8351
7032,8352
4146,8353
3011,8354
1682,8355
3878,8356
1286,8357
6375,8358
2931,8359
5467,8360
4325,8361
2131,8362
4002,8363
550,8364
1425,8365
6485,8366
8109,8367
702,8368
3486,8369
3382,8370
3575,8371
6378,8372
4022,8373
7914,8374
6117,8375
6470,8376
5272,8377
2110,8378
4164,8379
7722,8380
979,8381
6229,8382
5001,8383
4607,8384
4685,8385
5124,8386
6414,8387
3219,8388
6968,8389
3053,8390
2617,8391
7082,8392
3483,8393
6250,8394
292,8395
4186,8396
4087,8397
2448,8398
1838,8399
7651,8400
547,8401
4863,8402
3284,8403
4079,8404
7143,8405
7444,8406
3812,8407
6835,8408
5802,8409
2728,8410
3987,8411
7436,8412
1141,8413
5378,8414
2456,8415
5248,8416
2953,8417
1992,8418
1277,8419
5031,8420
7333,8421
6974,8422
4501,8423
2324,8424
2433,8425
6690,8426
357,8427
3317,8428
3174,8429
2380,8430
4283,8431
8023,8432
2368,8433
8318,8434
6312,8435
416,8436
186,8437
283,8438
2114,8439
6011,8440
8027,8441
5059,8442
6679,8443
2748,8444
481,8445
3078,8446
5781,8447
756,8448
1076,8449
1417,8450
1435,8451
7967,8452
2618,8453
4393,8454
4980,8455
6853,8456
5938,8457
4081,8458
7861,8459
6660,8460
7857,8461
7310,8462
1776,8463
7440,8464
3866,8465
6465,8466
399,8467
2957,8468
6736,8469
4232,8470
5553,8471
7632,8472
4145,8473
8107,8474
103,8475
5168,8476
1340,8477
2438,8478
109,8479
212,8480
7491,8481
3202,8482
6002,8483
2727,8484
5822,8485
4738,8486
4116,8487
247,8488
5739,8489
5554,8490
6,8491
3022,8492
7754,8493
8016,8494
2145,8495
1693,8496
4902,8497
4196,8498
2563,8499
1322,8500
5261,8501
5603,8502
2035,8503
3202,8504
6483,8505
5857,8506
3913,8507
1181,8508
7792,8509
6367,8510
1900,8511
6021,8512
676,8513
270,8514
2502,8515
8378,8516
8388,8517
6877,8518
5526,8519
2504,8520
8194,8521
7469,8522
322,8523
1304,8524
7959,8525
4896,8526
915,8527
6362,8528
7703,8529
6544,8530
4725,8531
8095,8532
1602,8533
786,8534
5543,8535
4727,8536
1332,8537
4767,8538
6757,8539
3998,8540
618,8541
3653,8542
2328,8543
5345,8544
6193,8545
8307,8546
4860,8547
7855,8548
5976,8549
1191,8550
6295,8551
3247,8552
7381,8553
4714,8554
175,8555
1620,8556
8058,8557
681,8558
1206,8559
4174,8560
7541,8561
2727,8562
2673,8563
3685,8564
2860,8565
5594,8566
2577,8567
4878,8568
6166,8569
1250,8570
7926,8571
3012,8572
2028,8573
7792,8574
5727,8575
7604,8576
2914,8577
1181,8578
7946,8579
1040,8580
288,8581
7358,8582
4142,8583
3786,8584
478,8585
932,8586
3925,8587
2867,8588
5512,8589
8148,8590
1698,8591
5027,8592
7756,8593
1040,8594
7286,8595
5104,8596
2471,8597
6985,8598
3917,8599
7601,8600
8508,8601
5343,8602
8204,8603
3947,8604
6910,8605
761,8606
5059,8607
5480,8608
7318,8609
1398,8610
2290,8611
1279,8612
106,8613
3128,8614
1424,8615
6929,8616
3593,8617
5918,8618
7802,8619
5003,8620
8248,8621
4562,8622
4603,8623
8075,8624
4469,8625
2331,8626
1033,8627
8432,8628
806,8629
7841,8630
4324,8631
3423,8632
7056,8633
1330,8634
1821,8635
1996,8636
6230,8637
3912,8638
5618,8639
5488,8640
7107,8641
5844,8642
2060,8643
5967,8644
7088,8645
6907,8646
2256,8647
2966,8648
3768,8649
1143,8650
4600,8651
4826,8652
3870,8653
3022,8654
4927,8655
6905,8656
2393,8657
6283,8658
1980,8659
5389,8660
3491,8661
2654,8662
6200,8663
4890,8664
4498,8665
840,8666
6709,8667
3710,8668
7132,8669
7696,8670
412,8671
7204,8672
4979,8673
2427,8674
7567,8675
7709,8676
113,8677
1730,8678
8228,8679
2622,8680
6634,8681
1265,8682
7755,8683
2395,8684
5468,8685
6163,8686
183,8687
5403,8688
5987,8689
6218,8690
8114,8691
1485,8692
4589,8693
4296,8694
2138,8695
5002,8696
7046,8697
1398,8698
5245,8699
587,8700
2838,8701
645,8702
2773,8703
3149,8704
8524,8705
5781,8706
2452,8707
5417,8708
2809,8709
577,8710
5485,8711
1186,8712
2523,8713
111,8714
8121,8715
4226,8716
1027,8717
6156,8718
7727,8719
704,8720
2870,8721
2340,8722
3738,8723
5674,8724
4242,8725
4008,8726
6902,8727
7811,8728
521,8729
5632,8730
6655,8731
4943,8732
6590,8733
3804,8734
3017,8735
4459,8736
1891,8737
8151,8738
5402,8739
5767,8740
1334,8741
5655,8742
7267,8743
7369,8744
3174,8745
3718,8746
2419,8747
4271,8748
3655,8749
2565,8750
80,8751
8296,8752
7378,8753
4914,8754
5216,8755
5664,8756
3096,8757
3943,8758
519,8759
3890,8760
5960,8761
5388,8762
2103,8763
4125,8764
4757,8765
5882,8766
4917,8767
2043,8768
1070,8769
3664,8770
7618,8771
3451,8772
2813,8773
6394,8774
316,8775
2571,8776
5593,8777
5540,8778
4920,8779
405,8780
5968,8781
4785,8782
2235,8783
6118,8784
1075,8785
5369,8786
1966,8787
5485,8788
5123,8789
4352,8790
2721,8791
5268,8792
6748,8793
4087,8794
2913,8795
5372,8796
3442,8797
6878,8798
142,8799
4835,8800
3388,8801
6884,8802
7500,8803
2663,8804
2860,8805
7915,8806
3767,8807
6987,8808
4496,8809
4350,8810
4559,8811
8432,8812
7940,8813
8419,8814
6112,8815
4618,8816
4198,8817
6969,8818
2567,8819
6606,8820
1302,8821
7172,8822
4640,8823
5896,8824
3633,8825
8818,8826
5410,8827
1096,8828
8433,8829
1813,8830
837,8831
3773,8832
4363,8833
4787,8834
4896,8835
5194,8836
1551,8837
3745,8838
1922,8839
4983,8840
4637,8841
7282,8842
7379,8843
167,8844
7419,8845
5699,8846
7347,8847
373,8848
1319,8849
4800,8850
8850,8851
7961,8852
4470,8853
2842,8854
3841,8855
623,8856
7462,8857
5135,8858
6796,8859
3578,8860
8100,8861
7520,8862
6771,8863
6557,8864
726,8865
7281,8866
3131,8867
6326,8868
6544,8869
5193,8870
7897,8871
4951,8872
8414,8873
6865,8874
667,8875
141,8876
5643,8877
1643,8878
7749,8879
3127,8880
132,8881
2292,8882
8327,8883
4064,8884
3416,8885
5105,8886
1521,8887
4542,8888
3992,8889
1453,8890
97,8891
8617,8892
2863,8893
5988,8894
1945,8895
1609,8896
3997,8897
1357,8898
3579,8899
3596,8900
5188,8901
5548,8902
5504,8903
369,8904
5627,8905
48,8906
4137,8907
5270,8908
2897,8909
8650,8910
5993,8911
6763,8912
3569,8913
7956,8914
2212,8915
86,8916
5943,8917
637,8918
3273,8919
3742,8920
3466,8921
2710,8922
3617,8923
7302,8924
7079,8925
5196,8926
1556,8927
4908,8928
7375,8929
5087,8930
3371,8931
2164,8932
3958,8933
4192,8934
2633,8935
570,8936
3015,8937
3059,8938
193,8939
6432,8940
781,8941
6603,8942
5484,8943
4919,8944
2091,8945
7619,8946
673,8947
2301,8948
8872,8949
3077,8950
2440,8951
1962,8952
2810,8953
7660,8954
66,8955
8859,8956
4461,8957
1054,8958
1410,8959
3887,8960
4459,8961
7748,8962
1716,8963
6758,8964
5392,8965
1013,8966
8001,8967
195,8968
7598,8969
4266,8970
4073,8971
2720,8972
6572,8973
2544,8974
5849,8975
1,8976
2911,8977
1041,8978
3577,8979
6856,8980
6510,8981
8707,8982
2975,8983
2113,8984
1466,8985
4710,8986
7141,8987
355,8988
605,8989
2303,8990
4798,8991
3330,8992
3855,8993
5374,8994
5618,8995
4379,8996
8729,8997
518,8998
7183,8999
5551,9000
5416,9001
3746,9002
8698,9003
5810,9004
8281,9005
3789,9006
3944,9007
5372,9008
8144,9009
1168,9010
5274,9011
8750,9012
6618,9013
4119,9014
6299,9015
67,9016
7934,9017
2248,9018
830,9019
4352,9020
7760,9021
3634,9022
3250,9023
5168,9024
7628,9025
8086,9026
104,9027
4327,9028
3360,9029
658,9030
7430,9031
1770,9032
332,9033
6482,9034
5275,9035
7364,9036
4714,9037
5963,9038
7358,9039
8727,9040
7558,9041
6477,9042
7757,9043
5030,9044
5461,9045
7000,9046
5439,9047
5115,9048
7221,9049
2231,9050
5674,9051
6533,9052
6880,9053
1479,9054
4292,9055
6567,9056
5803,9057
5729,9058
7852,9059
1639,9060
5803,9061
2049,9062
1357,9063
2899,9064
1649,9065
8849,9066
7753,9067
8311,9068
6625,9069
243,9070
2627,9071
8756,9072
8559,9073
4668,9074
4166,9075
1925,9076
6301,9077
3860,9078
1084,9079
3438,9080
6646,9081
9048,9082
694,9083
6726,9084
9044,9085
91,9086
7246,9087
5100,9088
4102,9089
1024,9090
4447,9091
7321,9092
6361,9093
3893,9094
3635,9095
8256,9096
3812,9097
4980,9098
2573,9099
3102,9100
1110,9101
2236,9102
3771,9103
7594,9104
7664,9105
4335,9106
7391,9107
4487,9108
3177,9109
1921,9110
1207,9111
4750,9112
8802,9113
2614,9114
6080,9115
1841,9116
8395,9117
7546,9118
2309,9119
477,9120
816,9121
3520,9122
2178,9123
7524,9124
6958,9125
7408,9126
3998,9127
6782,9128
7628,9129
2709,9130
331,9131
5884,9132
3343,9133
1485,9134
5810,9135
4899,9136
4489,9137
4141,9138
5602,9139
8098,9140
3526,9141
8479,9142
8864,9143
4342,9144
6888,9145
7595,9146
3325,9147
3327,9148
950,9149
8198,9150
3179,9151
2752,9152
663,9153
6338,9154
4213,9155
7616,9156
3897,9157
278,9158
3299,9159
3484,9160
2321,9161
4177,9162
6027,9163
1600,9164
3523,9165
1160,9166
4206,9167
9068,9168
2465,9169
5531,9170
6263,9171
609,9172
3892,9173
3523,9174
6202,9175
1362,9176
5468,9177
8098,9178
1134,9179
8283,9180
7532,9181
521,9182
6563,9183
6085,9184
6477,9185
643,9186
8777,9187
7660,9188
7293,9189
2696,9190
7907,9191
7445,9192
7699,9193
1872,9194
4943,9195
1612,9196
1497,9197
9015,9198
2364,9199
3126,9200
3529,9201
5209,9202
963,9203
7236,9204
7328,9205
2381,9206
2914,9207
5149,9208
7928,9209
5232,9210
3920,9211
6239,9212
5587,9213
7601,9214
7995,9215
5404,9216
4933,9217
462,9218
5860,9219
6025,9220
4986,9221
8449,9222
4426,9223
3025,9224
3326,9225
4335,9226
6775,9227
5037,9228
2987,9229
9018,9230
7955,9231
2301,9232
6620,9233
3028,9234
7986,9235
730,9236
3462,9237
6067,9238
2540,9239
349,9240
5654,9241
6036,9242
7020,9243
6733,9244
5221,9245
7373,9246
9048,9247
5752,9248
8049,9249
1020,9250
8564,9251
1643,9252
8290,9253
8998,9254
1069,9255
3413,9256
2655,9257
2917,9258
7195,9259
3742,9260
4689,9261
561,9262
607,9263
1923,9264
8044,9265
3907,9266
3571,9267
9122,9268
5214,9269
238,9270
1911,9271
7337,9272
6143,9273
8858,9274
6933,9275
869,9276
4236,9277
59,9278
2240,9279
689,9280
4026,9281
5327,9282
350,9283
8053,9284
417,9285
7895,9286
9257,9287
7975,9288
2533,9289
4059,9290
2034,9291
9108,9292
7258,9293
7992,9294
7400,9295
2663,9296
990,9297
1730,9298
1405,9299
1503,9300
316,9301
1872,9302
4679,9303
1902,9304
4503,9305
8507,9306
6748,9307
7037,9308
4025,9309
321,9310
7542,9311
56,9312
8396,9313
7960,9314
5176,9315
2661,9316
7379,9317
8517,9318
857,9319
6887,9320
8460,9321
8899,9322
6609,9323
7758,9324
7983,9325
4747,9326
8951,9327
6204,9328
750,9329
7497,9330
1878,9331
218,9332
3838,9333
3666,9334
1940,9335
5033,9336
8418,9337
4632,9338
7751,9339
2212,9340
1163,9341
7986,9342
607,9343
7113,9344
5824,9345
7805,9346
3958,9347
8736,9348
4279,9349
1905,9350
3538,9351
1972,9352
8876,9353
1764,9354
4486,9355
8684,9356
1632,9357
8906,9358
2532,9359
1078,9360
9064,9361
679,9362
3896,9363
3622,9364
2326,9365
2177,9366
2190,9367
6320,9368
3910,9369
8591,9370
2202,9371
5807,9372
2390,9373
1813,9374
2819,9375
609,9376
6911,9377
8345,9378
8400,9379
5108,9380
6041,9381
614,9382
1364,9383
1439,9384
1089,9385
793,9386
5747,9387
4172,9388
5887,9389
2862,9390
4900,9391
4710,9392
9166,9393
7935,9394
953,9395
6021,9396
6632,9397
1411,9398
999,9399
8313,9400
3122,9401
3653,9402
3319,9403
695,9404
709,9405
916,9406
2653,9407
3939,9408
4273,9409
2715,9410
5530,9411
9124,9412
4997,9413
4511,9414
69,9415
7141,9416
632,9417
1623,9418
1455,9419
3527,9420
6549,9421
3579,9422
4420,9423
7666,9424
5337,9425
5533,9426
7998,9427
7549,9428
6770,9429
6420,9430
8413,9431
7344,9432
6931,9433
6765,9434
429,9435
1529,9436
2915,9437
3171,9438
6168,9439
2606,9440
4183,9441
3693,9442
6494,9443
68,9444
1105,9445
530,9446
5274,9447
9226,9448
2237,9449
4284,9450
9089,9451
2818,9452
8201,9453
82,9454
3172,9455
7012,9456
5594,9457
8543,9458
5182,9459
313,9460
1754,9461
4709,9462
5132,9463
4023,9464
3774,9465
2330,9466
6923,9467
7810,9468
2556,9469
7595,9470
1864,9471
6276,9472
5985,9473
937,9474
8512,9475
958,9476
9078,9477
3043,9478
944,9479
9274,9480
7093,9481
7942,9482
2210,9483
5519,9484
2969,9485
5539,9486
8085,9487
6252,9488
1213,9489
5206,9490
2720,9491
340,9492
2267,9493
8373,9494
200,9495
5282,9496
5468,9497
9212,9498
5511,9499
4631,9500
4205,9501
9041,9502
3295,9503
360,9504
1038,9505
2822,9506
6130,9507
3078,9508
8161,9509
277,9510
6244,9511
2557,9512
8112,9513
72,9514
3287,9515
6411,9516
8545,9517
3636,9518
6419,9519
408,9520
2037,9521
9484,9522
6658,9523
4615,9524
4101,9525
2820,9526
14,9527
175,9528
164,9529
8648,9530
8981,9531
7638,9532
5915,9533
4075,9534
4588,9535
7140,9536
3755,9537
2246,9538
6157,9539
2606,9540
3186,9541
636,9542
7342,9543
8086,9544
4367,9545
1533,9546
2200,9547
689,9548
8986,9549
7776,9550
7570,9551
1533,9552
755,9553
6070,9554
8467,9555
6807,9556
5822,9557
1561,9558
8114,9559
2520,9560
1286,9561
3456,9562
9524,9563
8702,9564
437,9565
3220,9566
8381,9567
8171,9568
9331,9569
6344,9570
3268,9571
7864,9572
3521,9573
57,9574
2540,9575
6049,9576
2011,9577
5676,9578
89,9579
2886,9580
3058,9581
7334,9582
1648,9583
8242,9584
7549,9585
9233,9586
9433,9587
6953,9588
7675,9589
148,9590
7907,9591
7536,9592
6069,9593
2488,9594
2950,9595
6831,9596
7100,9597
6510,9598
6357,9599
5681,9600
6353,9601
307,9602
7124,9603
5912,9604
5971,9605
251,9606
4697,9607
4296,9608
3121,9609
3525,9610
6420,9611
9608,9612
2655,9613
1888,9614
6876,9615
8751,9616
317,9617
7299,9618
5133,9619
306,9620
5575,9621
2129,9622
4729,9623
6852,9624
809,9625
5883,9626
7024,9627
9209,9628
5178,9629
6941,9630
6549,9631
1090,9632
356,9633
5221,9634
251,9635
639,9636
1483,9637
3144,9638
3534,9639
8086,9640
4685,9641
1390,9642
1739,9643
7111,9644
3309,9645
8737,9646
909,9647
5518,9648
8059,9649
6367,9650
2843,9651
1982,9652
4660,9653
2372,9654
1937,9655
395,9656
8352,9657
8070,9658
9149,9659
1445,9660
6043,9661
8329,9662
549,9663
2688,9664
2133,9665
6550,9666
1702,9667
5633,9668
1347,9669
8770,9670
7228,9671
1270,9672
8861,9673
2462,9674
9147,9675
8997,9676
8250,9677
6910,9678
5770,9679
9232,9680
8727,9681
1342,9682
9280,9683
5664,9684
7622,9685
356,9686
4747,9687
5739,9688
2408,9689
2675,9690
494,9691
1060,9692
4492,9693
318,9694
4390,9695
1496,9696
141,9697
3178,9698
3480,9699
4454,9700
4254,9701
2424,9702
4715,9703
4431,9704
5759,9705
1464,9706
9322,9707
1833,9708
596,9709
4305,9710
1532,9711
3523,9712
637,9713
2077,9714
774,9715
6713,9716
3693,9717
4871,9718
3222,9719
4964,9720
8162,9721
2878,9722
3694,9723
7171,9724
8742,9725
9320,9726
154,9727
2388,9728
7335,9729
6516,9730
550,9731
351,9732
5511,9733
9219,9734
5233,9735
6678,9736
2970,9737
9030,9738
3804,9739
1282,9740
2098,9741
5613,9742
3675,9743
2173,9744
1539,9745
719,9746
4229,9747
2989,9748
2422,9749
6715,9750
5931,9751
4131,9752
9716,9753
9732,9754
9299,9755
6704,9756
38,9757
74,9758
4374,9759
1328,9760
744,9761
661,9762
9086,9763
5803,9764
9466,9765
8648,9766
6360,9767
8531,9768
1928,9769
5562,9770
8684,9771
1916,9772
1813,9773
6941,9774
9090,9775
8629,9776
221,9777
415,9778
9450,9779
8288,9780
2670,9781
5980,9782
8189,9783
2495,9784
886,9785
4477,9786
44,9787
68,9788
3924,9789
6794,9790
6868,9791
8982,9792
3942,9793
1559,9794
6652,9795
3587,9796
8741,9797
9378,9798
5263,9799
1693,9800
1626,9801
1504,9802
7024,9803
9709,9804
4348,9805
1239,9806
934,9807
3343,9808
2496,9809
108,9810
5830,9811
8151,9812
9081,9813
2474,9814
5072,9815
741,9816
514,9817
9000,9818
8050,9819
2792,9820
2887,9821
7580,9822
1082,9823
6562,9824
2233,9825
6317,9826
2421,9827
4927,9828
6899,9829
5006,9830
8516,9831
1334,9832
9360,9833
5277,9834
7816,9835
5845,9836
2878,9837
8938,9838
7381,9839
5635,9840
1939,9841
2888,9842
23,9843
2723,9844
1464,9845
5343,9846
52,9847
804,9848
2010,9849
4150,9850
6134,9851
7963,9852
3909,9853
5901,9854
7003,9855
949,9856
3953,9857
3063,9858
2556,9859
3994,9860
3977,9861
3762,9862
9261,9863
6154,9864
8996,9865
9672,9866
4580,9867
3042,9868
6525,9869
899,9870
253,9871
7518,9872
1192,9873
181,9874
2948,9875
6570,9876
5493,9877
8625,9878
2695,9879
820,9880
7450,9881
8517,9882
6281,9883
885,9884
3039,9885
6231,9886
5677,9887
6237,9888
4455,9889
523,9890
924,9891
7317,9892
9757,9893
7020,9894
7583,9895
2744,9896
9404,9897
6008,9898
8093,9899
858,9900
5199,9901
4180,9902
7839,9903
596,9904
9356,9905
9520,9906
1978,9907
9742,9908
2900,9909
3801,9910
4818,9911
6407,9912
6344,9913
7010,9914
8730,9915
462,9916
6827,9917
554,9918
621,9919
9532,9920
717,9921
9459,9922
2964,9923
4683,9924
1516,9925
6739,9926
5160,9927
5982,9928
3354,9929
3761,9930
894,9931
422,9932
3463,9933
4310,9934
4878,9935
3457,9936
1501,9937
8648,9938
3233,9939
6331,9940
9162,9941
4662,9942
2443,9943
5644,9944
794,9945
2646,9946
9349,9947
8170,9948
5164,9949
486,9950
9313,9951
1222,9952
8489,9953
1590,9954
1846,9955
621,9956
5222,9957
4257,9958
3569,9959
696,9960
2247,9961
5433,9962
7535,9963
2611,9964
9624,9965
6138,9966
5108,9967
7465,9968
3024,9969
3867,9970
9765,9971
5481,9972
5556,9973
3526,9974
3019,9975
8629,9976
4578,9977
2790,9978
5539,9979
1539,9980
4401,9981
5334,9982
3311,9983
1660,9984
3959,9985
6425,9986
389,9987
7300,9988
4345,9989
6245,9990
1667,9991
9280,9992
2185,9993
3222,9994
1732,9995
4165,9996
1132,9997
4887,9998
4549,9999
