0,1
0,2
2,3
2,4
1,5
4,6
2,7
4,8
5,9
7,10
10,11
9,12
6,13
7,14
10,15
3,16
12,17
6,18
9,19
18,20
12,21
4,22
16,23
6,24
3,25
16,26
7,27
17,28
19,29
22,30
15,31
16,32
27,33
23,34
19,35
22,36
2,37
6,38
32,39
28,40
40,41
27,42
20,43
15,44
10,45
22,46
18,47
0,48
36,49
9,50
12,51
42,52
31,53
27,54
18,55
54,56
10,57
45,58
56,59
51,60
42,61
16,62
22,63
13,64
9,65
7,66
40,67
20,68
9,69
54,70
4,71
34,72
29,73
64,74
0,75
53,76
9,77
32,78
49,79
14,80
14,81
19,82
4,83
52,84
84,85
35,86
80,87
75,88
15,89
45,90
28,91
12,92
84,93
1,94
32,95
60,96
61,97
59,98
11,99
55,100
16,101
43,102
71,103
51,104
40,105
58,106
10,107
36,108
69,109
78,110
63,111
41,112
61,113
22,114
61,115
52,116
89,117
36,118
4,119
69,120
28,121
7,122
114,123
46,124
5,125
119,126
33,127
19,128
44,129
93,130
58,131
4,132
58,133
114,134
33,135
129,136
60,137
19,138
22,139
111,140
88,141
100,142
19,143
81,144
78,145
79,146
144,147
146,148
17,149
127,150
31,151
62,152
31,153
49,154
118,155
7,156
42,157
39,158
0,159
8,160
111,161
69,162
93,163
17,164
5,165
105,166
90,167
86,168
103,169
165,170
96,171
153,172
21,173
34,174
65,175
45,176
97,177
126,178
170,179
71,180
72,181
117,182
157,183
159,184
91,185
9,186
157,187
44,188
146,189
13,190
63,191
8,192
84,193
94,194
125,195
167,196
58,197
129,198
57,199
12,200
195,201
1,202
78,203
10,204
177,205
133,206
41,207
93,208
49,209
19,210
134,211
31,212
38,213
166,214
36,215
110,216
26,217
99,218
215,219
196,220
147,221
71,222
125,223
45,224
181,225
215,226
195,227
173,228
13,229
219,230
50,231
86,232
214,233
226,234
23,235
182,236
162,237
91,238
150,239
204,240
62,241
97,242
220,243
131,244
74,245
226,246
9,247
140,248
60,249
48,250
74,251
220,252
17,253
212,254
201,255
246,256
112,257
212,258
115,259
205,260
93,261
111,262
238,263
87,264
35,265
184,266
39,267
198,268
143,269
70,270
137,271
103,272
95,273
59,274
101,275
57,276
240,277
26,278
262,279
46,280
10,281
164,282
39,283
223,284
146,285
66,286
34,287
55,288
11,289
141,290
205,291
222,292
131,293
76,294
127,295
71,296
181,297
218,298
74,299
62,300
36,301
12,302
84,303
88,304
72,305
103,306
182,307
77,308
212,309
162,310
279,311
105,312
260,313
248,314
289,315
131,316
27,317
109,318
59,319
254,320
129,321
139,322
198,323
257,324
78,325
180,326
314,327
109,328
156,329
32,330
19,331
269,332
28,333
179,334
21,335
177,336
112,337
56,338
21,339
32,340
137,341
14,342
339,343
246,344
167,345
317,346
119,347
159,348
60,349
138,350
58,351
123,352
145,353
24,354
6,355
134,356
127,357
40,358
88,359
93,360
163,361
337,362
260,363
281,364
197,365
357,366
69,367
173,368
6,369
36,370
7,371
153,372
228,373
192,374
23,375
109,376
330,377
132,378
171,379
229,380
112,381
72,382
71,383
190,384
323,385
272,386
143,387
339,388
281,389
243,390
53,391
250,392
158,393
186,394
170,395
52,396
6,397
138,398
321,399
28,400
30,401
361,402
103,403
309,404
74,405
185,406
295,407
303,408
390,409
92,410
14,411
211,412
19,413
350,414
285,415
63,416
135,417
313,418
357,419
5,420
127,421
283,422
313,423
82,424
277,425
380,426
313,427
283,428
80,429
349,430
344,431
424,432
12,433
150,434
105,435
96,436
109,437
64,438
36,439
241,440
429,441
251,442
72,443
419,444
6,445
57,446
208,447
441,448
300,449
126,450
362,451
239,452
231,453
101,454
355,455
297,456
282,457
193,458
56,459
350,460
405,461
124,462
396,463
298,464
321,465
336,466
77,467
125,468
133,469
281,470
261,471
404,472
275,473
157,474
23,475
322,476
403,477
458,478
41,479
132,480
182,481
296,482
276,483
200,484
207,485
179,486
46,487
465,488
92,489
328,490
425,491
398,492
124,493
151,494
351,495
255,496
232,497
439,498
140,499
154,500
192,501
256,502
62,503
61,504
380,505
170,506
348,507
500,508
332,509
238,510
159,511
462,512
202,513
123,514
229,515
6,516
0,517
337,518
377,519
18,520
346,521
193,522
52,523
379,524
368,525
119,526
515,527
221,528
195,529
430,530
111,531
113,532
404,533
303,534
295,535
475,536
261,537
242,538
463,539
423,540
57,541
482,542
249,543
354,544
503,545
130,546
462,547
113,548
402,549
448,550
502,551
111,552
182,553
131,554
1,555
439,556
539,557
48,558
511,559
92,560
54,561
312,562
7,563
59,564
259,565
144,566
395,567
17,568
258,569
348,570
261,571
115,572
539,573
127,574
523,575
255,576
64,577
307,578
217,579
137,580
143,581
398,582
38,583
355,584
11,585
474,586
210,587
457,588
125,589
267,590
232,591
130,592
192,593
481,594
180,595
539,596
38,597
488,598
594,599
242,600
237,601
237,602
185,603
41,604
543,605
512,606
438,607
518,608
7,609
252,610
399,611
132,612
104,613
65,614
174,615
335,616
275,617
45,618
95,619
540,620
586,621
206,622
585,623
245,624
469,625
371,626
515,627
49,628
398,629
551,630
190,631
71,632
29,633
308,634
549,635
561,636
558,637
398,638
355,639
315,640
405,641
392,642
602,643
520,644
3,645
503,646
275,647
580,648
390,649
85,650
642,651
297,652
625,653
64,654
275,655
170,656
5,657
560,658
57,659
243,660
336,661
598,662
350,663
355,664
50,665
401,666
12,667
372,668
647,669
283,670
649,671
319,672
339,673
139,674
417,675
477,676
674,677
342,678
16,679
304,680
428,681
508,682
155,683
299,684
490,685
375,686
663,687
65,688
14,689
561,690
357,691
626,692
636,693
528,694
583,695
550,696
605,697
387,698
175,699
678,700
596,701
430,702
619,703
561,704
149,705
188,706
363,707
327,708
696,709
414,710
74,711
207,712
382,713
227,714
9,715
702,716
337,717
90,718
684,719
170,720
691,721
582,722
599,723
205,724
550,725
80,726
723,727
350,728
429,729
4,730
196,731
187,732
395,733
708,734
195,735
290,736
77,737
396,738
131,739
318,740
576,741
216,742
76,743
582,744
323,745
60,746
503,747
216,748
747,749
528,750
243,751
305,752
626,753
489,754
60,755
182,756
200,757
59,758
558,759
600,760
465,761
394,762
387,763
269,764
124,765
77,766
529,767
388,768
169,769
751,770
477,771
33,772
247,773
330,774
277,775
524,776
289,777
8,778
257,779
39,780
734,781
123,782
339,783
653,784
291,785
435,786
400,787
534,788
503,789
210,790
749,791
240,792
742,793
580,794
291,795
242,796
343,797
601,798
21,799
127,800
197,801
339,802
553,803
376,804
122,805
718,806
344,807
715,808
509,809
522,810
59,811
434,812
423,813
482,814
431,815
48,816
166,817
151,818
765,819
373,820
30,821
518,822
28,823
726,824
226,825
435,826
533,827
447,828
515,829
800,830
527,831
265,832
822,833
29,834
500,835
365,836
578,837
504,838
183,839
712,840
0,841
339,842
464,843
738,844
373,845
456,846
424,847
139,848
579,849
547,850
736,851
199,852
7,853
501,854
820,855
713,856
656,857
595,858
571,859
624,860
570,861
495,862
371,863
455,864
161,865
177,866
188,867
533,868
405,869
391,870
121,871
129,872
791,873
147,874
729,875
832,876
647,877
618,878
763,879
426,880
732,881
622,882
621,883
774,884
858,885
399,886
270,887
650,888
377,889
496,890
6,891
134,892
857,893
256,894
648,895
57,896
884,897
606,898
492,899
795,900
238,901
892,902
45,903
117,904
700,905
411,906
139,907
38,908
689,909
703,910
75,911
376,912
690,913
301,914
467,915
859,916
60,917
770,918
241,919
56,920
776,921
682,922
459,923
103,924
293,925
162,926
467,927
428,928
536,929
704,930
617,931
543,932
732,933
55,934
240,935
425,936
446,937
255,938
361,939
219,940
320,941
786,942
247,943
828,944
510,945
99,946
870,947
244,948
113,949
206,950
65,951
665,952
489,953
565,954
526,955
440,956
1,957
334,958
699,959
779,960
498,961
166,962
129,963
654,964
386,965
951,966
554,967
622,968
102,969
186,970
729,971
900,972
727,973
87,974
324,975
503,976
111,977
702,978
28,979
177,980
392,981
462,982
615,983
877,984
398,985
960,986
673,987
38,988
467,989
265,990
114,991
846,992
389,993
848,994
92,995
385,996
702,997
870,998
633,999
890,1000
93,1001
404,1002
853,1003
969,1004
803,1005
523,1006
286,1007
116,1008
683,1009
903,1010
360,1011
114,1012
664,1013
0,1014
276,1015
213,1016
900,1017
697,1018
90,1019
779,1020
520,1021
613,1022
716,1023
668,1024
889,1025
157,1026
192,1027
424,1028
942,1029
732,1030
1010,1031
104,1032
505,1033
278,1034
726,1035
496,1036
387,1037
393,1038
358,1039
141,1040
180,1041
947,1042
1028,1043
827,1044
888,1045
109,1046
198,1047
213,1048
576,1049
719,1050
995,1051
156,1052
958,1053
749,1054
283,1055
751,1056
387,1057
663,1058
153,1059
704,1060
949,1061
173,1062
128,1063
474,1064
583,1065
1065,1066
139,1067
1012,1068
841,1069
498,1070
938,1071
341,1072
650,1073
38,1074
399,1075
509,1076
427,1077
137,1078
265,1079
190,1080
846,1081
450,1082
752,1083
917,1084
645,1085
451,1086
962,1087
531,1088
37,1089
124,1090
1001,1091
433,1092
1067,1093
10,1094
831,1095
693,1096
365,1097
632,1098
0,1099
638,1100
230,1101
391,1102
902,1103
443,1104
120,1105
217,1106
964,1107
537,1108
639,1109
1075,1110
678,1111
604,1112
525,1113
585,1114
356,1115
429,1116
408,1117
293,1118
541,1119
630,1120
512,1121
733,1122
361,1123
188,1124
80,1125
6,1126
788,1127
288,1128
165,1129
40,1130
9,1131
1024,1132
1067,1133
526,1134
62,1135
1131,1136
563,1137
1079,1138
427,1139
353,1140
438,1141
110,1142
792,1143
910,1144
170,1145
777,1146
889,1147
797,1148
516,1149
647,1150
944,1151
685,1152
88,1153
358,1154
19,1155
996,1156
663,1157
1007,1158
968,1159
546,1160
808,1161
604,1162
725,1163
376,1164
691,1165
28,1166
157,1167
1058,1168
1051,1169
967,1170
846,1171
5,1172
458,1173
451,1174
310,1175
221,1176
1027,1177
125,1178
561,1179
1067,1180
185,1181
662,1182
881,1183
185,1184
630,1185
503,1186
1093,1187
1085,1188
828,1189
71,1190
702,1191
673,1192
538,1193
646,1194
705,1195
328,1196
392,1197
84,1198
100,1199
764,1200
708,1201
1145,1202
797,1203
254,1204
1101,1205
1167,1206
79,1207
201,1208
1037,1209
798,1210
1143,1211
427,1212
782,1213
1050,1214
83,1215
1113,1216
1085,1217
792,1218
64,1219
313,1220
543,1221
948,1222
1164,1223
901,1224
1,1225
1218,1226
511,1227
878,1228
524,1229
459,1230
86,1231
264,1232
10,1233
466,1234
286,1235
1226,1236
1118,1237
187,1238
811,1239
1148,1240
457,1241
934,1242
1131,1243
180,1244
923,1245
256,1246
832,1247
951,1248
125,1249
341,1250
1184,1251
1140,1252
349,1253
1086,1254
1226,1255
80,1256
47,1257
69,1258
938,1259
726,1260
617,1261
256,1262
56,1263
201,1264
226,1265
1103,1266
168,1267
1133,1268
719,1269
311,1270
195,1271
187,1272
1000,1273
460,1274
440,1275
1242,1276
957,1277
393,1278
938,1279
140,1280
592,1281
355,1282
1020,1283
918,1284
1034,1285
338,1286
338,1287
1123,1288
50,1289
22,1290
1107,1291
294,1292
598,1293
268,1294
461,1295
875,1296
814,1297
1144,1298
1116,1299
727,1300
229,1301
58,1302
390,1303
865,1304
547,1305
226,1306
867,1307
83,1308
445,1309
645,1310
663,1311
1213,1312
377,1313
842,1314
53,1315
883,1316
1158,1317
817,1318
931,1319
759,1320
592,1321
744,1322
753,1323
735,1324
1070,1325
858,1326
1209,1327
363,1328
215,1329
1275,1330
103,1331
361,1332
179,1333
605,1334
1227,1335
838,1336
627,1337
461,1338
718,1339
1200,1340
588,1341
1189,1342
405,1343
143,1344
488,1345
1253,1346
532,1347
572,1348
25,1349
342,1350
622,1351
891,1352
708,1353
936,1354
1215,1355
1316,1356
685,1357
803,1358
1080,1359
1209,1360
1066,1361
755,1362
970,1363
756,1364
887,1365
1277,1366
244,1367
1337,1368
1209,1369
161,1370
418,1371
604,1372
470,1373
721,1374
716,1375
781,1376
68,1377
757,1378
782,1379
638,1380
1013,1381
1136,1382
251,1383
348,1384
240,1385
1301,1386
109,1387
668,1388
587,1389
1381,1390
108,1391
551,1392
679,1393
1006,1394
845,1395
192,1396
60,1397
23,1398
864,1399
1387,1400
74,1401
1354,1402
766,1403
1343,1404
762,1405
404,1406
1191,1407
7,1408
810,1409
823,1410
193,1411
783,1412
791,1413
617,1414
195,1415
380,1416
862,1417
550,1418
1045,1419
779,1420
360,1421
272,1422
1134,1423
1072,1424
506,1425
1255,1426
581,1427
861,1428
641,1429
986,1430
1133,1431
513,1432
685,1433
1258,1434
552,1435
299,1436
1306,1437
1298,1438
937,1439
1405,1440
334,1441
832,1442
287,1443
339,1444
985,1445
111,1446
940,1447
656,1448
107,1449
616,1450
1206,1451
997,1452
865,1453
785,1454
561,1455
908,1456
1434,1457
256,1458
957,1459
355,1460
1142,1461
1240,1462
751,1463
775,1464
1344,1465
91,1466
335,1467
933,1468
1177,1469
917,1470
738,1471
1241,1472
701,1473
994,1474
56,1475
85,1476
26,1477
1098,1478
784,1479
1411,1480
606,1481
1310,1482
675,1483
990,1484
477,1485
147,1486
1484,1487
1001,1488
833,1489
796,1490
665,1491
749,1492
1116,1493
881,1494
408,1495
634,1496
552,1497
809,1498
575,1499
910,1500
404,1501
1139,1502
1459,1503
290,1504
668,1505
893,1506
42,1507
1385,1508
300,1509
683,1510
1095,1511
1101,1512
920,1513
150,1514
874,1515
1412,1516
49,1517
499,1518
929,1519
697,1520
1116,1521
693,1522
1289,1523
1022,1524
107,1525
1172,1526
948,1527
806,1528
736,1529
1090,1530
477,1531
823,1532
204,1533
1119,1534
215,1535
491,1536
1000,1537
148,1538
1204,1539
857,1540
366,1541
1463,1542
872,1543
510,1544
704,1545
634,1546
822,1547
967,1548
1394,1549
1143,1550
914,1551
544,1552
1423,1553
1352,1554
809,1555
771,1556
296,1557
588,1558
861,1559
1224,1560
1354,1561
791,1562
1445,1563
291,1564
1015,1565
190,1566
1130,1567
472,1568
80,1569
658,1570
1130,1571
424,1572
474,1573
110,1574
809,1575
977,1576
440,1577
661,1578
343,1579
1579,1580
1487,1581
502,1582
764,1583
440,1584
895,1585
895,1586
1048,1587
419,1588
1429,1589
659,1590
236,1591
992,1592
1017,1593
1365,1594
1037,1595
1283,1596
510,1597
996,1598
378,1599
1043,1600
688,1601
506,1602
1301,1603
1375,1604
1604,1605
1148,1606
652,1607
1241,1608
1562,1609
1602,1610
105,1611
428,1612
1391,1613
289,1614
818,1615
1135,1616
467,1617
1407,1618
922,1619
184,1620
1412,1621
452,1622
1274,1623
3,1624
863,1625
849,1626
1144,1627
312,1628
1285,1629
1245,1630
563,1631
1190,1632
1193,1633
1265,1634
1340,1635
546,1636
382,1637
461,1638
1396,1639
610,1640
1413,1641
1632,1642
538,1643
1204,1644
235,1645
380,1646
1174,1647
1358,1648
1063,1649
347,1650
665,1651
1608,1652
800,1653
1102,1654
1241,1655
713,1656
706,1657
1143,1658
529,1659
710,1660
941,1661
1124,1662
3,1663
1198,1664
949,1665
21,1666
823,1667
1325,1668
824,1669
453,1670
473,1671
1381,1672
1027,1673
654,1674
1358,1675
417,1676
933,1677
1330,1678
1176,1679
592,1680
284,1681
536,1682
131,1683
2,1684
451,1685
1013,1686
64,1687
888,1688
1661,1689
231,1690
1059,1691
1130,1692
228,1693
153,1694
438,1695
771,1696
763,1697
922,1698
908,1699
692,1700
1579,1701
1503,1702
1563,1703
497,1704
70,1705
1103,1706
1539,1707
1464,1708
653,1709
117,1710
786,1711
369,1712
1272,1713
1351,1714
569,1715
828,1716
375,1717
1138,1718
651,1719
18,1720
659,1721
1014,1722
1716,1723
1559,1724
353,1725
1499,1726
1006,1727
948,1728
662,1729
1228,1730
511,1731
59,1732
984,1733
1551,1734
710,1735
824,1736
995,1737
1062,1738
823,1739
586,1740
606,1741
486,1742
1203,1743
958,1744
1530,1745
471,1746
574,1747
841,1748
518,1749
728,1750
885,1751
797,1752
474,1753
883,1754
1193,1755
515,1756
743,1757
1585,1758
264,1759
682,1760
1275,1761
730,1762
1433,1763
546,1764
1373,1765
870,1766
785,1767
1414,1768
388,1769
1327,1770
16,1771
417,1772
409,1773
1744,1774
853,1775
647,1776
979,1777
1534,1778
1489,1779
1745,1780
709,1781
271,1782
665,1783
791,1784
1079,1785
1019,1786
1599,1787
913,1788
1077,1789
1591,1790
1571,1791
369,1792
1023,1793
875,1794
1655,1795
182,1796
704,1797
1349,1798
692,1799
231,1800
1322,1801
1156,1802
309,1803
1611,1804
841,1805
1095,1806
1014,1807
689,1808
73,1809
643,1810
1218,1811
965,1812
23,1813
803,1814
1576,1815
374,1816
36,1817
1680,1818
851,1819
196,1820
1042,1821
837,1822
1551,1823
691,1824
356,1825
1330,1826
518,1827
284,1828
1826,1829
1461,1830
688,1831
15,1832
916,1833
43,1834
536,1835
771,1836
454,1837
1718,1838
115,1839
247,1840
405,1841
909,1842
272,1843
1031,1844
313,1845
1036,1846
1328,1847
546,1848
877,1849
1257,1850
901,1851
1424,1852
1252,1853
1528,1854
208,1855
1061,1856
1810,1857
1281,1858
183,1859
1733,1860
284,1861
1251,1862
576,1863
798,1864
389,1865
1837,1866
1002,1867
213,1868
264,1869
425,1870
264,1871
520,1872
661,1873
1653,1874
1268,1875
780,1876
113,1877
88,1878
802,1879
1780,1880
207,1881
1073,1882
43,1883
1860,1884
1762,1885
1850,1886
1379,1887
717,1888
110,1889
177,1890
136,1891
320,1892
264,1893
1722,1894
1607,1895
1278,1896
1451,1897
1426,1898
991,1899
1322,1900
398,1901
994,1902
91,1903
1726,1904
555,1905
1150,1906
1130,1907
938,1908
552,1909
72,1910
1613,1911
1236,1912
1624,1913
1532,1914
307,1915
1622,1916
642,1917
473,1918
1468,1919
1848,1920
1292,1921
1208,1922
1856,1923
321,1924
351,1925
1056,1926
258,1927
1623,1928
1456,1929
414,1930
1862,1931
1225,1932
1520,1933
1264,1934
588,1935
1442,1936
1283,1937
469,1938
1285,1939
290,1940
1404,1941
1113,1942
287,1943
697,1944
1697,1945
453,1946
389,1947
1114,1948
673,1949
339,1950
669,1951
1914,1952
59,1953
303,1954
305,1955
1013,1956
390,1957
1272,1958
995,1959
1175,1960
303,1961
1747,1962
705,1963
1707,1964
1924,1965
1469,1966
1948,1967
726,1968
25,1969
494,1970
1939,1971
1682,1972
1405,1973
974,1974
38,1975
1964,1976
1126,1977
720,1978
1806,1979
1814,1980
855,1981
1024,1982
451,1983
1645,1984
1456,1985
1332,1986
356,1987
1566,1988
1810,1989
1459,1990
1526,1991
983,1992
1336,1993
253,1994
486,1995
655,1996
1741,1997
190,1998
1617,1999
1679,2000
1394,2001
481,2002
1047,2003
564,2004
1350,2005
233,2006
279,2007
1384,2008
216,2009
921,2010
472,2011
1318,2012
1083,2013
1958,2014
2007,2015
892,2016
1674,2017
1563,2018
732,2019
985,2020
2015,2021
25,2022
21,2023
20,2024
1457,2025
1125,2026
1094,2027
1298,2028
1702,2029
1004,2030
1935,2031
650,2032
314,2033
165,2034
137,2035
719,2036
880,2037
213,2038
703,2039
717,2040
1462,2041
213,2042
555,2043
1701,2044
719,2045
858,2046
1694,2047
1675,2048
100,2049
1661,2050
1935,2051
605,2052
972,2053
863,2054
1903,2055
598,2056
1722,2057
608,2058
1419,2059
681,2060
988,2061
1295,2062
2046,2063
91,2064
1525,2065
1892,2066
1358,2067
1849,2068
91,2069
1167,2070
1127,2071
1048,2072
644,2073
692,2074
1305,2075
1325,2076
1663,2077
432,2078
1185,2079
363,2080
1204,2081
401,2082
765,2083
965,2084
1310,2085
1693,2086
155,2087
142,2088
1680,2089
488,2090
1987,2091
1574,2092
1979,2093
260,2094
1015,2095
703,2096
844,2097
1262,2098
246,2099
1178,2100
1169,2101
225,2102
1740,2103
1991,2104
959,2105
389,2106
63,2107
576,2108
859,2109
1262,2110
1234,2111
374,2112
1953,2113
733,2114
320,2115
1216,2116
1906,2117
342,2118
494,2119
491,2120
1068,2121
1556,2122
862,2123
516,2124
1317,2125
1557,2126
1079,2127
1639,2128
869,2129
69,2130
1909,2131
255,2132
1709,2133
1500,2134
254,2135
878,2136
1432,2137
294,2138
968,2139
1844,2140
145,2141
676,2142
2125,2143
1297,2144
16,2145
3,2146
1286,2147
1456,2148
1316,2149
324,2150
150,2151
265,2152
432,2153
1491,2154
1156,2155
415,2156
137,2157
1684,2158
1735,2159
483,2160
1093,2161
1120,2162
2155,2163
521,2164
318,2165
47,2166
235,2167
459,2168
383,2169
2000,2170
1053,2171
1931,2172
189,2173
1004,2174
763,2175
1826,2176
1186,2177
1044,2178
1863,2179
1435,2180
294,2181
2124,2182
852,2183
1519,2184
438,2185
1045,2186
422,2187
1738,2188
1621,2189
462,2190
1572,2191
40,2192
582,2193
1121,2194
625,2195
1139,2196
1938,2197
1943,2198
2056,2199
1966,2200
1587,2201
1368,2202
613,2203
813,2204
874,2205
1998,2206
1693,2207
986,2208
672,2209
1091,2210
395,2211
659,2212
534,2213
354,2214
1490,2215
110,2216
799,2217
2054,2218
1238,2219
1508,2220
518,2221
1344,2222
500,2223
368,2224
585,2225
1254,2226
438,2227
349,2228
54,2229
1516,2230
853,2231
1550,2232
2168,2233
215,2234
456,2235
1631,2236
2014,2237
958,2238
1630,2239
1288,2240
2063,2241
1024,2242
912,2243
856,2244
613,2245
1020,2246
1647,2247
724,2248
1040,2249
1310,2250
1342,2251
29,2252
991,2253
2182,2254
883,2255
7,2256
1927,2257
883,2258
586,2259
5,2260
305,2261
1653,2262
1861,2263
116,2264
369,2265
1578,2266
1963,2267
457,2268
1799,2269
1657,2270
1155,2271
358,2272
1568,2273
1457,2274
463,2275
1953,2276
824,2277
1528,2278
315,2279
1418,2280
55,2281
1236,2282
1477,2283
421,2284
48,2285
1035,2286
1770,2287
396,2288
849,2289
639,2290
34,2291
543,2292
1002,2293
1410,2294
466,2295
771,2296
57,2297
2205,2298
243,2299
183,2300
491,2301
2096,2302
996,2303
2284,2304
188,2305
1829,2306
1631,2307
623,2308
1720,2309
2023,2310
170,2311
1890,2312
1388,2313
1707,2314
966,2315
219,2316
2074,2317
1076,2318
1363,2319
2078,2320
2061,2321
2008,2322
355,2323
998,2324
1946,2325
1340,2326
991,2327
2011,2328
516,2329
313,2330
1066,2331
1910,2332
418,2333
1528,2334
962,2335
1210,2336
965,2337
206,2338
947,2339
531,2340
1207,2341
2127,2342
1590,2343
2041,2344
930,2345
1867,2346
908,2347
1528,2348
916,2349
1610,2350
815,2351
1460,2352
1106,2353
1743,2354
1505,2355
2123,2356
1134,2357
952,2358
248,2359
1362,2360
702,2361
2065,2362
702,2363
2164,2364
1524,2365
1911,2366
245,2367
1211,2368
2272,2369
554,2370
1566,2371
795,2372
785,2373
1006,2374
1364,2375
1594,2376
2287,2377
95,2378
1258,2379
2379,2380
1809,2381
1355,2382
2115,2383
1774,2384
753,2385
887,2386
641,2387
300,2388
587,2389
46,2390
1526,2391
1239,2392
1970,2393
462,2394
1105,2395
1118,2396
885,2397
799,2398
179,2399
440,2400
1992,2401
579,2402
1091,2403
1022,2404
814,2405
1578,2406
1460,2407
2123,2408
809,2409
1079,2410
802,2411
725,2412
1020,2413
522,2414
1234,2415
952,2416
1975,2417
1680,2418
694,2419
1416,2420
1051,2421
888,2422
1955,2423
1243,2424
1400,2425
2076,2426
566,2427
1725,2428
1224,2429
71,2430
1304,2431
280,2432
1855,2433
152,2434
1991,2435
2249,2436
1808,2437
151,2438
1751,2439
845,2440
2025,2441
1803,2442
683,2443
687,2444
827,2445
1037,2446
1395,2447
1433,2448
419,2449
40,2450
460,2451
1239,2452
70,2453
1707,2454
1438,2455
1056,2456
19,2457
1852,2458
1245,2459
1939,2460
446,2461
2312,2462
1822,2463
313,2464
2021,2465
987,2466
1888,2467
134,2468
1388,2469
881,2470
154,2471
1923,2472
1371,2473
765,2474
2317,2475
464,2476
1232,2477
1900,2478
1135,2479
1622,2480
2148,2481
843,2482
2365,2483
419,2484
2415,2485
22,2486
48,2487
838,2488
1608,2489
1245,2490
1212,2491
1328,2492
1566,2493
1795,2494
1948,2495
1633,2496
173,2497
1936,2498
1429,2499
1490,2500
1146,2501
1757,2502
14,2503
1266,2504
2300,2505
720,2506
666,2507
1959,2508
1289,2509
1685,2510
1240,2511
434,2512
26,2513
603,2514
1960,2515
1418,2516
806,2517
1964,2518
1603,2519
495,2520
1549,2521
1529,2522
338,2523
1418,2524
608,2525
1146,2526
2181,2527
1596,2528
5,2529
2288,2530
1587,2531
2141,2532
645,2533
131,2534
1144,2535
926,2536
2092,2537
1206,2538
1955,2539
2337,2540
573,2541
1674,2542
161,2543
1740,2544
2135,2545
1260,2546
154,2547
937,2548
2495,2549
1772,2550
1460,2551
2088,2552
2321,2553
1521,2554
2408,2555
1698,2556
1048,2557
570,2558
1639,2559
1132,2560
2337,2561
1205,2562
2438,2563
2262,2564
459,2565
1959,2566
1135,2567
216,2568
2042,2569
1345,2570
1749,2571
897,2572
1446,2573
2123,2574
2136,2575
2061,2576
462,2577
596,2578
1980,2579
84,2580
1015,2581
1234,2582
758,2583
1838,2584
494,2585
1611,2586
2419,2587
1628,2588
1013,2589
971,2590
1291,2591
1439,2592
690,2593
1316,2594
1830,2595
1905,2596
976,2597
571,2598
2343,2599
523,2600
2131,2601
380,2602
1831,2603
1825,2604
1281,2605
2074,2606
176,2607
1537,2608
505,2609
1400,2610
14,2611
1029,2612
512,2613
449,2614
1753,2615
1160,2616
1585,2617
1269,2618
2308,2619
37,2620
2443,2621
1492,2622
2104,2623
554,2624
1393,2625
1957,2626
2488,2627
1127,2628
1930,2629
2495,2630
1096,2631
726,2632
2211,2633
558,2634
115,2635
1363,2636
225,2637
368,2638
1729,2639
692,2640
1411,2641
1920,2642
1005,2643
1370,2644
108,2645
500,2646
2634,2647
2609,2648
314,2649
1245,2650
377,2651
2387,2652
2054,2653
1171,2654
2589,2655
757,2656
180,2657
1701,2658
1714,2659
1402,2660
2387,2661
611,2662
1429,2663
2523,2664
2008,2665
848,2666
1855,2667
86,2668
1287,2669
1852,2670
985,2671
2287,2672
2592,2673
1438,2674
1993,2675
2201,2676
1888,2677
339,2678
2570,2679
155,2680
1988,2681
1931,2682
1644,2683
673,2684
222,2685
549,2686
1691,2687
1174,2688
492,2689
1513,2690
2641,2691
584,2692
2635,2693
2370,2694
1947,2695
357,2696
1010,2697
1307,2698
2532,2699
461,2700
391,2701
1210,2702
207,2703
2301,2704
1264,2705
1992,2706
608,2707
1040,2708
293,2709
1694,2710
1457,2711
484,2712
395,2713
487,2714
1735,2715
430,2716
2532,2717
2630,2718
1632,2719
1366,2720
506,2721
1675,2722
2402,2723
1806,2724
2698,2725
1667,2726
1847,2727
1589,2728
1346,2729
1358,2730
2592,2731
444,2732
507,2733
2417,2734
2277,2735
1066,2736
875,2737
261,2738
888,2739
831,2740
1184,2741
1197,2742
1723,2743
373,2744
1148,2745
462,2746
875,2747
2507,2748
762,2749
1120,2750
1945,2751
1028,2752
433,2753
1513,2754
840,2755
1136,2756
1775,2757
2662,2758
1535,2759
2738,2760
1476,2761
2655,2762
425,2763
959,2764
722,2765
375,2766
1401,2767
441,2768
139,2769
2724,2770
149,2771
1386,2772
1548,2773
905,2774
212,2775
1318,2776
2447,2777
886,2778
1767,2779
2491,2780
636,2781
1943,2782
866,2783
675,2784
0,2785
2717,2786
2460,2787
2015,2788
818,2789
1904,2790
2653,2791
1843,2792
1038,2793
451,2794
598,2795
1051,2796
1020,2797
2679,2798
1587,2799
1440,2800
2147,2801
546,2802
975,2803
830,2804
2711,2805
2803,2806
1162,2807
2577,2808
2092,2809
1353,2810
1243,2811
1153,2812
2669,2813
513,2814
465,2815
1766,2816
1841,2817
1518,2818
647,2819
2548,2820
211,2821
2484,2822
970,2823
1128,2824
2124,2825
1601,2826
2303,2827
1423,2828
2241,2829
1217,2830
825,2831
2428,2832
2141,2833
487,2834
735,2835
440,2836
2758,2837
2778,2838
445,2839
2565,2840
2829,2841
2090,2842
693,2843
2447,2844
381,2845
233,2846
492,2847
2706,2848
2282,2849
267,2850
1644,2851
368,2852
1766,2853
3,2854
613,2855
452,2856
1818,2857
2765,2858
1592,2859
2849,2860
2546,2861
1938,2862
2148,2863
1338,2864
786,2865
2407,2866
96,2867
1388,2868
1656,2869
92,2870
2707,2871
2131,2872
469,2873
2351,2874
1697,2875
1641,2876
2252,2877
2851,2878
2013,2879
865,2880
718,2881
2164,2882
2738,2883
973,2884
785,2885
2161,2886
1755,2887
47,2888
2645,2889
2574,2890
742,2891
560,2892
1998,2893
1494,2894
1971,2895
1353,2896
2229,2897
1142,2898
2564,2899
2790,2900
1548,2901
2544,2902
2019,2903
756,2904
1960,2905
1816,2906
495,2907
2220,2908
604,2909
2681,2910
109,2911
2759,2912
1056,2913
273,2914
615,2915
1540,2916
999,2917
390,2918
1458,2919
2231,2920
598,2921
1562,2922
998,2923
2737,2924
181,2925
1997,2926
199,2927
1908,2928
378,2929
2822,2930
891,2931
2258,2932
1698,2933
1098,2934
878,2935
239,2936
344,2937
200,2938
191,2939
822,2940
1022,2941
2323,2942
919,2943
2182,2944
1496,2945
1794,2946
2542,2947
1966,2948
145,2949
1280,2950
1754,2951
2565,2952
2254,2953
1178,2954
1450,2955
949,2956
2139,2957
1007,2958
1516,2959
665,2960
37,2961
2504,2962
2205,2963
1648,2964
874,2965
2750,2966
1338,2967
2000,2968
2827,2969
2825,2970
439,2971
1885,2972
820,2973
978,2974
2066,2975
1423,2976
556,2977
2939,2978
962,2979
2176,2980
166,2981
789,2982
305,2983
47,2984
2651,2985
2259,2986
1414,2987
1959,2988
2848,2989
1941,2990
2799,2991
2002,2992
2260,2993
40,2994
550,2995
688,2996
2092,2997
1182,2998
1395,2999
328,3000
2090,3001
1182,3002
1403,3003
2933,3004
2853,3005
685,3006
466,3007
1951,3008
1442,3009
2294,3010
1688,3011
874,3012
1536,3013
952,3014
1640,3015
1832,3016
220,3017
613,3018
2585,3019
709,3020
2514,3021
2639,3022
2601,3023
2460,3024
2026,3025
141,3026
887,3027
974,3028
1566,3029
2175,3030
999,3031
98,3032
1450,3033
296,3034
953,3035
438,3036
2400,3037
672,3038
1372,3039
2657,3040
1776,3041
605,3042
633,3043
381,3044
1006,3045
2286,3046
2368,3047
1708,3048
850,3049
2968,3050
727,3051
753,3052
2736,3053
1887,3054
34,3055
694,3056
1237,3057
997,3058
1001,3059
418,3060
2501,3061
789,3062
2455,3063
206,3064
2147,3065
1974,3066
1136,3067
600,3068
2207,3069
1298,3070
851,3071
1207,3072
1307,3073
6,3074
1996,3075
1923,3076
2519,3077
2977,3078
1079,3079
1436,3080
2722,3081
689,3082
2803,3083
1084,3084
2871,3085
1155,3086
1631,3087
1996,3088
173,3089
16,3090
1030,3091
345,3092
2848,3093
2658,3094
2125,3095
2665,3096
2139,3097
65,3098
215,3099
2495,3100
1571,3101
185,3102
473,3103
3011,3104
2556,3105
2832,3106
2855,3107
301,3108
2762,3109
871,3110
100,3111
1792,3112
889,3113
1848,3114
2837,3115
924,3116
1491,3117
2524,3118
512,3119
655,3120
533,3121
162,3122
1727,3123
2889,3124
2406,3125
2174,3126
1218,3127
1188,3128
2572,3129
1328,3130
142,3131
2504,3132
2781,3133
1365,3134
978,3135
478,3136
2494,3137
2015,3138
834,3139
2795,3140
2948,3141
2330,3142
2525,3143
782,3144
1489,3145
2735,3146
1462,3147
1333,3148
2738,3149
1087,3150
2371,3151
2107,3152
1106,3153
510,3154
1219,3155
1956,3156
1099,3157
1688,3158
640,3159
1070,3160
652,3161
2659,3162
1568,3163
769,3164
1497,3165
1550,3166
1111,3167
281,3168
1326,3169
425,3170
1401,3171
2100,3172
1,3173
2586,3174
1368,3175
1904,3176
1925,3177
1884,3178
986,3179
1618,3180
960,3181
2480,3182
900,3183
2790,3184
2780,3185
578,3186
815,3187
1747,3188
1755,3189
337,3190
2939,3191
2505,3192
288,3193
3182,3194
383,3195
1832,3196
3070,3197
1782,3198
339,3199
3039,3200
486,3201
518,3202
2795,3203
989,3204
129,3205
756,3206
967,3207
876,3208
1594,3209
2064,3210
873,3211
70,3212
224,3213
966,3214
534,3215
1295,3216
1839,3217
1135,3218
1046,3219
111,3220
926,3221
224,3222
1699,3223
1112,3224
1054,3225
2763,3226
825,3227
68,3228
2572,3229
2987,3230
396,3231
3172,3232
3145,3233
1442,3234
2323,3235
2669,3236
1140,3237
3107,3238
2058,3239
1620,3240
313,3241
490,3242
2526,3243
1730,3244
3015,3245
1786,3246
38,3247
2041,3248
2518,3249
1685,3250
1565,3251
2850,3252
2599,3253
1601,3254
1932,3255
2019,3256
704,3257
2836,3258
378,3259
1754,3260
2429,3261
2501,3262
2938,3263
1707,3264
90,3265
447,3266
815,3267
857,3268
819,3269
1114,3270
684,3271
3225,3272
3162,3273
2588,3274
829,3275
2861,3276
861,3277
195,3278
1866,3279
118,3280
3053,3281
2892,3282
2329,3283
863,3284
81,3285
3168,3286
2082,3287
1974,3288
770,3289
2927,3290
693,3291
476,3292
2034,3293
1378,3294
2297,3295
3269,3296
257,3297
298,3298
3050,3299
1677,3300
3016,3301
2507,3302
1575,3303
2817,3304
1560,3305
501,3306
593,3307
2588,3308
1856,3309
126,3310
2569,3311
1595,3312
804,3313
974,3314
1718,3315
2320,3316
3136,3317
548,3318
2696,3319
143,3320
2867,3321
2408,3322
1814,3323
1966,3324
443,3325
713,3326
2336,3327
2204,3328
640,3329
846,3330
524,3331
52,3332
1354,3333
2593,3334
1283,3335
3141,3336
1873,3337
2126,3338
2222,3339
1928,3340
1732,3341
1712,3342
431,3343
548,3344
2001,3345
2865,3346
542,3347
850,3348
3134,3349
2733,3350
2236,3351
2297,3352
3246,3353
1986,3354
2236,3355
1582,3356
2837,3357
1347,3358
1381,3359
1612,3360
957,3361
2315,3362
671,3363
183,3364
896,3365
2804,3366
3091,3367
103,3368
593,3369
3135,3370
2037,3371
2929,3372
2549,3373
1355,3374
311,3375
951,3376
3278,3377
2701,3378
949,3379
870,3380
1844,3381
1443,3382
1272,3383
1825,3384
3379,3385
1946,3386
414,3387
1750,3388
2647,3389
1512,3390
1245,3391
3311,3392
67,3393
3284,3394
172,3395
1394,3396
1211,3397
559,3398
1960,3399
2064,3400
2016,3401
1715,3402
1222,3403
2617,3404
802,3405
856,3406
1449,3407
3024,3408
881,3409
1677,3410
739,3411
3139,3412
2689,3413
2035,3414
439,3415
1178,3416
1015,3417
450,3418
2237,3419
64,3420
1547,3421
2983,3422
550,3423
1405,3424
2335,3425
1805,3426
2889,3427
780,3428
3270,3429
918,3430
3412,3431
482,3432
3256,3433
2302,3434
1655,3435
2757,3436
1234,3437
1996,3438
2182,3439
2066,3440
1338,3441
2233,3442
2606,3443
369,3444
1044,3445
2025,3446
3132,3447
1030,3448
447,3449
2945,3450
1785,3451
2135,3452
686,3453
969,3454
1985,3455
1636,3456
1918,3457
2482,3458
1622,3459
1678,3460
3363,3461
3122,3462
3344,3463
3262,3464
2998,3465
1079,3466
1061,3467
2897,3468
994,3469
1913,3470
754,3471
1147,3472
1587,3473
2365,3474
2443,3475
1359,3476
1825,3477
233,3478
1732,3479
3024,3480
826,3481
2145,3482
3121,3483
572,3484
300,3485
3,3486
3412,3487
3166,3488
307,3489
579,3490
996,3491
304,3492
638,3493
2005,3494
791,3495
2804,3496
890,3497
2976,3498
1400,3499
2008,3500
1354,3501
311,3502
1465,3503
1815,3504
1841,3505
1518,3506
363,3507
221,3508
1940,3509
1693,3510
2398,3511
1814,3512
2392,3513
9,3514
2533,3515
991,3516
1781,3517
2422,3518
1640,3519
239,3520
2442,3521
473,3522
488,3523
1132,3524
3091,3525
2022,3526
1588,3527
1342,3528
726,3529
2188,3530
2427,3531
1850,3532
1322,3533
2364,3534
1547,3535
3400,3536
1539,3537
2639,3538
2660,3539
2856,3540
2556,3541
2636,3542
1269,3543
3129,3544
34,3545
3532,3546
1767,3547
3397,3548
2366,3549
839,3550
2923,3551
1353,3552
3075,3553
2172,3554
28,3555
711,3556
906,3557
3239,3558
766,3559
2178,3560
2624,3561
3032,3562
703,3563
1167,3564
3274,3565
2606,3566
1509,3567
717,3568
7,3569
1583,3570
2257,3571
2735,3572
232,3573
2628,3574
448,3575
837,3576
2913,3577
2946,3578
1650,3579
2541,3580
2057,3581
2244,3582
1798,3583
3282,3584
2854,3585
2937,3586
1604,3587
348,3588
3451,3589
1445,3590
740,3591
3445,3592
941,3593
1647,3594
2466,3595
3472,3596
2761,3597
1276,3598
2042,3599
1138,3600
2403,3601
3302,3602
3092,3603
367,3604
527,3605
2657,3606
2928,3607
1300,3608
172,3609
1861,3610
2144,3611
2978,3612
2039,3613
648,3614
3110,3615
2169,3616
2665,3617
1168,3618
1369,3619
219,3620
3156,3621
1823,3622
681,3623
28,3624
968,3625
2937,3626
3298,3627
834,3628
2804,3629
2919,3630
1733,3631
1926,3632
2467,3633
3241,3634
224,3635
736,3636
3523,3637
348,3638
3485,3639
2515,3640
2246,3641
2323,3642
1317,3643
1193,3644
2151,3645
26,3646
2205,3647
3533,3648
2408,3649
3575,3650
1223,3651
1856,3652
3160,3653
3237,3654
2259,3655
2060,3656
3446,3657
2853,3658
2181,3659
3193,3660
3338,3661
129,3662
2719,3663
2422,3664
507,3665
2241,3666
1972,3667
218,3668
914,3669
1458,3670
3595,3671
2079,3672
1327,3673
309,3674
2332,3675
2378,3676
1261,3677
2925,3678
1372,3679
2136,3680
1510,3681
1984,3682
2930,3683
1319,3684
1444,3685
3310,3686
2093,3687
1168,3688
3212,3689
1739,3690
1662,3691
2600,3692
290,3693
3605,3694
1066,3695
2837,3696
2808,3697
400,3698
713,3699
3447,3700
3315,3701
2079,3702
2826,3703
740,3704
987,3705
3287,3706
1070,3707
3403,3708
1558,3709
2290,3710
1601,3711
3545,3712
1225,3713
618,3714
1553,3715
2171,3716
3427,3717
2123,3718
507,3719
3701,3720
1274,3721
3699,3722
1484,3723
771,3724
2886,3725
3659,3726
1492,3727
1181,3728
3086,3729
2811,3730
3243,3731
138,3732
982,3733
1494,3734
2850,3735
3489,3736
2988,3737
1331,3738
1194,3739
3031,3740
3114,3741
546,3742
2509,3743
941,3744
1346,3745
1580,3746
3050,3747
3309,3748
3196,3749
118,3750
906,3751
542,3752
685,3753
745,3754
3198,3755
698,3756
2902,3757
18,3758
48,3759
338,3760
3228,3761
291,3762
3590,3763
2889,3764
2309,3765
2115,3766
3659,3767
534,3768
1588,3769
1060,3770
3523,3771
481,3772
2612,3773
3026,3774
3422,3775
3341,3776
3310,3777
727,3778
1657,3779
3351,3780
2730,3781
1801,3782
3156,3783
945,3784
871,3785
3377,3786
3697,3787
3244,3788
215,3789
2051,3790
2059,3791
3072,3792
2213,3793
2535,3794
3270,3795
2002,3796
3362,3797
299,3798
3664,3799
453,3800
2492,3801
3781,3802
49,3803
64,3804
2279,3805
3171,3806
935,3807
3784,3808
2473,3809
1464,3810
809,3811
1428,3812
1829,3813
107,3814
70,3815
3658,3816
477,3817
1753,3818
2025,3819
1303,3820
2899,3821
991,3822
1568,3823
144,3824
1920,3825
3350,3826
2941,3827
1905,3828
2601,3829
3529,3830
3568,3831
3590,3832
3146,3833
3462,3834
2379,3835
831,3836
3095,3837
3130,3838
501,3839
1992,3840
654,3841
2565,3842
2982,3843
1866,3844
1762,3845
1741,3846
3609,3847
2268,3848
715,3849
474,3850
994,3851
1450,3852
3470,3853
805,3854
3198,3855
1768,3856
2777,3857
2167,3858
1531,3859
2669,3860
3116,3861
814,3862
2744,3863
1225,3864
3135,3865
777,3866
1595,3867
1212,3868
2917,3869
3806,3870
2233,3871
3102,3872
772,3873
996,3874
1572,3875
1121,3876
636,3877
3545,3878
1356,3879
1735,3880
2739,3881
2408,3882
1479,3883
2473,3884
540,3885
1815,3886
1116,3887
3886,3888
91,3889
25,3890
509,3891
3076,3892
1806,3893
3602,3894
1855,3895
956,3896
488,3897
1390,3898
2947,3899
3729,3900
2312,3901
1846,3902
287,3903
1824,3904
3499,3905
2397,3906
2600,3907
2561,3908
3556,3909
2385,3910
2670,3911
2704,3912
1441,3913
474,3914
2707,3915
2566,3916
1879,3917
3436,3918
1478,3919
3617,3920
1360,3921
803,3922
1134,3923
1046,3924
2279,3925
3669,3926
1748,3927
1422,3928
3687,3929
3235,3930
118,3931
3471,3932
539,3933
3744,3934
557,3935
1509,3936
1243,3937
3618,3938
3666,3939
1916,3940
3455,3941
3068,3942
3837,3943
3448,3944
1647,3945
2310,3946
3683,3947
1777,3948
626,3949
1483,3950
1454,3951
1233,3952
1721,3953
3200,3954
1899,3955
1108,3956
2483,3957
2323,3958
3384,3959
3326,3960
1043,3961
932,3962
919,3963
751,3964
457,3965
3307,3966
1390,3967
2846,3968
1032,3969
3578,3970
3152,3971
3920,3972
1987,3973
564,3974
1957,3975
802,3976
2458,3977
697,3978
313,3979
900,3980
187,3981
2790,3982
1238,3983
2491,3984
3570,3985
3896,3986
781,3987
2496,3988
919,3989
3959,3990
601,3991
427,3992
3902,3993
2985,3994
1886,3995
3028,3996
3611,3997
2673,3998
734,3999
2665,4000
2950,4001
3913,4002
3546,4003
56,4004
797,4005
2551,4006
3759,4007
676,4008
1105,4009
1768,4010
288,4011
450,4012
3748,4013
1817,4014
2512,4015
3753,4016
1485,4017
1579,4018
1064,4019
2147,4020
2554,4021
2260,4022
1415,4023
3005,4024
2158,4025
2440,4026
3610,4027
846,4028
2021,4029
2098,4030
3440,4031
2822,4032
2503,4033
1500,4034
3066,4035
855,4036
4006,4037
1904,4038
2460,4039
625,4040
3720,4041
3590,4042
2151,4043
3399,4044
2957,4045
1067,4046
1996,4047
1368,4048
342,4049
3560,4050
985,4051
903,4052
2612,4053
869,4054
768,4055
2684,4056
1723,4057
325,4058
2468,4059
3556,4060
424,4061
1467,4062
3932,4063
2269,4064
3359,4065
2768,4066
3032,4067
674,4068
3342,4069
593,4070
4058,4071
2584,4072
1401,4073
2487,4074
721,4075
2206,4076
2650,4077
762,4078
3452,4079
106,4080
2287,4081
3929,4082
102,4083
3747,4084
2451,4085
352,4086
2830,4087
1864,4088
122,4089
259,4090
3649,4091
4010,4092
492,4093
614,4094
3941,4095
1227,4096
646,4097
4033,4098
3737,4099
1309,4100
3940,4101
859,4102
308,4103
519,4104
1007,4105
3314,4106
1532,4107
2552,4108
3621,4109
3045,4110
2301,4111
448,4112
3145,4113
1641,4114
2538,4115
988,4116
3515,4117
4036,4118
3025,4119
2368,4120
2146,4121
3533,4122
2340,4123
1422,4124
3340,4125
2093,4126
195,4127
1735,4128
3766,4129
3346,4130
929,4131
3691,4132
511,4133
1080,4134
1895,4135
1052,4136
1553,4137
1632,4138
1865,4139
1930,4140
1268,4141
2128,4142
4121,4143
1291,4144
3903,4145
878,4146
254,4147
324,4148
2441,4149
2443,4150
2215,4151
745,4152
3153,4153
2715,4154
647,4155
75,4156
31,4157
173,4158
1608,4159
3170,4160
1327,4161
3087,4162
2404,4163
3475,4164
1205,4165
3875,4166
1136,4167
1584,4168
4081,4169
3740,4170
302,4171
3578,4172
501,4173
1807,4174
1069,4175
3868,4176
2340,4177
4131,4178
1786,4179
4000,4180
3269,4181
2427,4182
300,4183
2832,4184
231,4185
2970,4186
129,4187
1717,4188
849,4189
1168,4190
2577,4191
2410,4192
1630,4193
1650,4194
1331,4195
3667,4196
2672,4197
2573,4198
1702,4199
821,4200
3560,4201
1491,4202
2109,4203
1721,4204
363,4205
1892,4206
1453,4207
2357,4208
4087,4209
3775,4210
3221,4211
3903,4212
1841,4213
4078,4214
2284,4215
4172,4216
2483,4217
592,4218
659,4219
2663,4220
2736,4221
2371,4222
4206,4223
2913,4224
2440,4225
2164,4226
3152,4227
2394,4228
3144,4229
2110,4230
2092,4231
1327,4232
1239,4233
969,4234
1959,4235
528,4236
2209,4237
620,4238
2198,4239
2452,4240
506,4241
1404,4242
3551,4243
392,4244
1969,4245
4200,4246
968,4247
3309,4248
1462,4249
4198,4250
1470,4251
496,4252
1408,4253
3545,4254
2143,4255
584,4256
1464,4257
2666,4258
674,4259
1264,4260
1076,4261
1877,4262
791,4263
4100,4264
695,4265
2212,4266
3812,4267
220,4268
359,4269
3231,4270
572,4271
2831,4272
2279,4273
2958,4274
1287,4275
482,4276
2644,4277
116,4278
1323,4279
3602,4280
1937,4281
815,4282
3541,4283
3760,4284
3114,4285
390,4286
1399,4287
1077,4288
2556,4289
2865,4290
4057,4291
4006,4292
3208,4293
478,4294
3358,4295
1707,4296
517,4297
1673,4298
804,4299
1107,4300
2913,4301
1978,4302
1364,4303
176,4304
805,4305
3190,4306
511,4307
283,4308
3600,4309
3952,4310
3046,4311
4045,4312
2702,4313
3823,4314
306,4315
3436,4316
1442,4317
1092,4318
3424,4319
3800,4320
3128,4321
4054,4322
2653,4323
411,4324
2522,4325
2311,4326
4286,4327
914,4328
1817,4329
141,4330
4203,4331
2457,4332
2997,4333
3696,4334
1710,4335
842,4336
2721,4337
2439,4338
758,4339
3889,4340
3801,4341
4018,4342
154,4343
1209,4344
3513,4345
3348,4346
252,4347
3081,4348
2875,4349
1529,4350
2440,4351
1685,4352
2980,4353
3656,4354
493,4355
2480,4356
1449,4357
2819,4358
676,4359
589,4360
2562,4361
314,4362
2678,4363
885,4364
3425,4365
306,4366
1169,4367
4167,4368
679,4369
1524,4370
2192,4371
3258,4372
3280,4373
2868,4374
11,4375
964,4376
1507,4377
808,4378
3425,4379
2519,4380
966,4381
4276,4382
3543,4383
1781,4384
3552,4385
1118,4386
1560,4387
3691,4388
1294,4389
25,4390
867,4391
3099,4392
2160,4393
1681,4394
969,4395
2789,4396
584,4397
1148,4398
1857,4399
2453,4400
1934,4401
1790,4402
569,4403
4087,4404
1969,4405
518,4406
625,4407
1960,4408
3446,4409
199,4410
1387,4411
1760,4412
3004,4413
629,4414
2460,4415
505,4416
2871,4417
3865,4418
885,4419
3476,4420
2879,4421
4006,4422
4153,4423
2493,4424
1103,4425
422,4426
3520,4427
3234,4428
578,4429
1215,4430
625,4431
1307,4432
3272,4433
2957,4434
2007,4435
546,4436
4055,4437
622,4438
1579,4439
2712,4440
3607,4441
4092,4442
4223,4443
698,4444
586,4445
4024,4446
2314,4447
1681,4448
58,4449
2533,4450
3360,4451
1496,4452
1792,4453
2764,4454
3806,4455
2811,4456
3681,4457
3671,4458
1818,4459
1331,4460
2888,4461
3201,4462
265,4463
3728,4464
2747,4465
4295,4466
1295,4467
2460,4468
710,4469
2191,4470
3707,4471
63,4472
79,4473
4132,4474
3907,4475
4298,4476
670,4477
3942,4478
438,4479
853,4480
3189,4481
3325,4482
3848,4483
1442,4484
912,4485
3077,4486
2012,4487
2543,4488
312,4489
4336,4490
3495,4491
3159,4492
3561,4493
3959,4494
779,4495
3873,4496
3961,4497
3949,4498
3897,4499
4100,4500
4119,4501
3746,4502
4329,4503
370,4504
735,4505
2576,4506
2908,4507
3770,4508
2586,4509
1948,4510
830,4511
99,4512
4458,4513
1776,4514
4429,4515
1186,4516
2999,4517
2020,4518
3335,4519
848,4520
2036,4521
1463,4522
2388,4523
227,4524
1336,4525
2309,4526
4412,4527
651,4528
1592,4529
2644,4530
3077,4531
4355,4532
4515,4533
586,4534
1605,4535
2702,4536
2414,4537
3382,4538
433,4539
1712,4540
1753,4541
4162,4542
1309,4543
1990,4544
4428,4545
2702,4546
841,4547
795,4548
1716,4549
3097,4550
4428,4551
2157,4552
3351,4553
3286,4554
3646,4555
1484,4556
2731,4557
1465,4558
642,4559
1429,4560
4007,4561
2167,4562
755,4563
1599,4564
2475,4565
4172,4566
1871,4567
1370,4568
3934,4569
540,4570
1987,4571
737,4572
1517,4573
3753,4574
1648,4575
3401,4576
105,4577
4463,4578
1557,4579
1112,4580
3781,4581
2137,4582
2454,4583
420,4584
3315,4585
321,4586
2072,4587
2864,4588
3207,4589
1242,4590
484,4591
3539,4592
2651,4593
4058,4594
4399,4595
4499,4596
3302,4597
2300,4598
1386,4599
1962,4600
3430,4601
3942,4602
1997,4603
2655,4604
2427,4605
2751,4606
2047,4607
1875,4608
1567,4609
4540,4610
2779,4611
1930,4612
4189,4613
1100,4614
2867,4615
3873,4616
4051,4617
3710,4618
3666,4619
3908,4620
4422,4621
4330,4622
3308,4623
3902,4624
3807,4625
1671,4626
2120,4627
4062,4628
1720,4629
392,4630
2952,4631
3543,4632
2127,4633
119,4634
643,4635
1968,4636
4276,4637
1942,4638
4638,4639
566,4640
336,4641
3127,4642
1938,4643
3733,4644
483,4645
4613,4646
2463,4647
2757,4648
2337,4649
3021,4650
3058,4651
3134,4652
1974,4653
1748,4654
3345,4655
1506,4656
1360,4657
3103,4658
1252,4659
2596,4660
20,4661
4186,4662
1812,4663
1922,4664
3838,4665
198,4666
3530,4667
4639,4668
3622,4669
1270,4670
3531,4671
1255,4672
849,4673
2626,4674
23,4675
2902,4676
4132,4677
836,4678
38,4679
2608,4680
2580,4681
2403,4682
2144,4683
2068,4684
748,4685
1987,4686
2945,4687
2183,4688
3697,4689
1394,4690
1893,4691
3099,4692
3677,4693
1768,4694
591,4695
4544,4696
149,4697
1866,4698
4242,4699
2435,4700
3784,4701
2806,4702
2787,4703
3118,4704
1521,4705
2416,4706
4425,4707
1089,4708
3623,4709
2070,4710
289,4711
514,4712
3294,4713
2841,4714
1020,4715
1907,4716
4338,4717
3674,4718
3448,4719
3300,4720
4283,4721
3239,4722
4332,4723
2276,4724
3793,4725
4676,4726
2824,4727
715,4728
2056,4729
1783,4730
4496,4731
1285,4732
3832,4733
4552,4734
3637,4735
419,4736
177,4737
2678,4738
72,4739
3288,4740
4636,4741
2033,4742
135,4743
4710,4744
1223,4745
391,4746
2107,4747
2212,4748
392,4749
3755,4750
4146,4751
4145,4752
810,4753
146,4754
3256,4755
1386,4756
2062,4757
2563,4758
2452,4759
1920,4760
4307,4761
2073,4762
3657,4763
286,4764
2901,4765
2734,4766
1463,4767
2597,4768
3355,4769
289,4770
1510,4771
3910,4772
4759,4773
3851,4774
4723,4775
4655,4776
248,4777
600,4778
4067,4779
4038,4780
3892,4781
3248,4782
595,4783
3145,4784
4391,4785
4490,4786
2669,4787
2149,4788
2031,4789
2369,4790
4063,4791
975,4792
188,4793
3614,4794
2353,4795
2232,4796
243,4797
742,4798
4061,4799
2716,4800
4408,4801
2768,4802
1631,4803
3631,4804
2815,4805
671,4806
1568,4807
1641,4808
2106,4809
3253,4810
4731,4811
1424,4812
540,4813
3661,4814
4052,4815
2638,4816
104,4817
3215,4818
888,4819
1498,4820
1991,4821
556,4822
4605,4823
3857,4824
4166,4825
4167,4826
271,4827
2533,4828
1674,4829
3302,4830
2545,4831
1996,4832
1077,4833
3061,4834
796,4835
2884,4836
849,4837
1518,4838
673,4839
2477,4840
4372,4841
2143,4842
418,4843
3285,4844
3110,4845
2415,4846
650,4847
4137,4848
1795,4849
2924,4850
2587,4851
2854,4852
4243,4853
1650,4854
715,4855
711,4856
1140,4857
4426,4858
4200,4859
3328,4860
2854,4861
1542,4862
2138,4863
4791,4864
1454,4865
1128,4866
3351,4867
1974,4868
3432,4869
1998,4870
1284,4871
3855,4872
2047,4873
1069,4874
3985,4875
151,4876
3079,4877
1386,4878
306,4879
3448,4880
4686,4881
4121,4882
3821,4883
2986,4884
3319,4885
3772,4886
455,4887
4562,4888
120,4889
2358,4890
4272,4891
3324,4892
442,4893
3393,4894
4206,4895
4017,4896
2939,4897
3360,4898
158,4899
4651,4900
376,4901
4335,4902
4596,4903
1989,4904
1204,4905
4344,4906
870,4907
4815,4908
2134,4909
3589,4910
4369,4911
2639,4912
3118,4913
4297,4914
912,4915
3235,4916
1737,4917
1340,4918
690,4919
1812,4920
2154,4921
4506,4922
2596,4923
3976,4924
991,4925
1784,4926
399,4927
612,4928
2878,4929
3484,4930
1204,4931
2058,4932
4806,4933
641,4934
1376,4935
3375,4936
2231,4937
3394,4938
1521,4939
2785,4940
2254,4941
3542,4942
2492,4943
2004,4944
2723,4945
1543,4946
3098,4947
2401,4948
2127,4949
3755,4950
4859,4951
542,4952
2337,4953
1992,4954
1294,4955
543,4956
633,4957
4086,4958
2355,4959
1357,4960
524,4961
1773,4962
3691,4963
3728,4964
2105,4965
3514,4966
3292,4967
2204,4968
3176,4969
4714,4970
2123,4971
242,4972
1625,4973
49,4974
2711,4975
1466,4976
4570,4977
1550,4978
2294,4979
3718,4980
3452,4981
1456,4982
2710,4983
235,4984
270,4985
2987,4986
3125,4987
3265,4988
223,4989
1720,4990
3621,4991
4884,4992
3182,4993
904,4994
2843,4995
3040,4996
3050,4997
4905,4998
1341,4999
1425,5000
1924,5001
796,5002
2574,5003
2382,5004
2496,5005
368,5006
3712,5007
1912,5008
1987,5009
3378,5010
4037,5011
2904,5012
1238,5013
164,5014
948,5015
461,5016
2976,5017
48,5018
69,5019
763,5020
2242,5021
1695,5022
1318,5023
1536,5024
1927,5025
4024,5026
4879,5027
32,5028
1001,5029
2658,5030
4820,5031
4975,5032
3681,5033
4525,5034
3482,5035
1591,5036
348,5037
1350,5038
1865,5039
3723,5040
540,5041
3096,5042
4923,5043
2145,5044
4028,5045
3352,5046
2344,5047
236,5048
1041,5049
1977,5050
3982,5051
1333,5052
29,5053
780,5054
510,5055
4407,5056
3138,5057
4240,5058
2810,5059
2037,5060
610,5061
148,5062
3382,5063
2373,5064
2805,5065
3713,5066
2873,5067
3797,5068
3204,5069
2585,5070
534,5071
4191,5072
1008,5073
3502,5074
4590,5075
226,5076
704,5077
2261,5078
2600,5079
4793,5080
2238,5081
3091,5082
4019,5083
4960,5084
2854,5085
2260,5086
2836,5087
2661,5088
1045,5089
3577,5090
2839,5091
2254,5092
3778,5093
4439,5094
1169,5095
2647,5096
2531,5097
2995,5098
380,5099
1513,5100
2396,5101
5072,5102
2068,5103
3291,5104
2594,5105
4640,5106
2257,5107
2229,5108
4893,5109
2053,5110
1932,5111
4887,5112
1511,5113
2486,5114
4173,5115
934,5116
4018,5117
2287,5118
1549,5119
1877,5120
1750,5121
602,5122
693,5123
1651,5124
712,5125
548,5126
4934,5127
5089,5128
1612,5129
4809,5130
2212,5131
4979,5132
1468,5133
2229,5134
2180,5135
2521,5136
1849,5137
4507,5138
4073,5139
2363,5140
4168,5141
1835,5142
3023,5143
1305,5144
2659,5145
2620,5146
2790,5147
2807,5148
4431,5149
5119,5150
394,5151
2718,5152
749,5153
4090,5154
1184,5155
1861,5156
3525,5157
1547,5158
1586,5159
604,5160
1422,5161
676,5162
336,5163
2439,5164
4687,5165
2631,5166
5007,5167
5089,5168
4613,5169
1933,5170
3833,5171
3468,5172
692,5173
292,5174
1288,5175
2510,5176
711,5177
2033,5178
2009,5179
1033,5180
4013,5181
3271,5182
729,5183
2136,5184
2851,5185
1167,5186
4245,5187
1795,5188
2053,5189
1582,5190
657,5191
2047,5192
4011,5193
709,5194
2023,5195
3709,5196
1526,5197
4301,5198
3850,5199
1145,5200
4386,5201
4936,5202
1387,5203
4866,5204
757,5205
2055,5206
130,5207
4374,5208
2938,5209
304,5210
799,5211
2144,5212
3193,5213
2122,5214
3316,5215
1581,5216
677,5217
1421,5218
1775,5219
3676,5220
3732,5221
488,5222
2107,5223
3284,5224
1767,5225
2655,5226
5136,5227
3997,5228
1840,5229
4079,5230
1489,5231
4761,5232
5215,5233
3319,5234
4220,5235
931,5236
3111,5237
1044,5238
1658,5239
4106,5240
3540,5241
1237,5242
3739,5243
1681,5244
4706,5245
2711,5246
1427,5247
4104,5248
2831,5249
1511,5250
638,5251
3379,5252
4950,5253
2262,5254
3615,5255
4246,5256
3767,5257
571,5258
561,5259
2841,5260
2632,5261
2658,5262
2042,5263
3342,5264
1266,5265
5143,5266
3340,5267
4446,5268
4424,5269
1458,5270
5139,5271
3002,5272
172,5273
3431,5274
4088,5275
1880,5276
3354,5277
1627,5278
3969,5279
4444,5280
2628,5281
933,5282
4803,5283
3210,5284
3019,5285
4719,5286
2897,5287
369,5288
3296,5289
2376,5290
1612,5291
913,5292
1133,5293
2934,5294
1535,5295
5032,5296
3105,5297
379,5298
1361,5299
3720,5300
2962,5301
3219,5302
3431,5303
3868,5304
297,5305
4620,5306
579,5307
148,5308
699,5309
2051,5310
27,5311
1051,5312
2114,5313
4797,5314
5267,5315
5177,5316
3241,5317
2630,5318
2746,5319
4473,5320
4826,5321
227,5322
5200,5323
876,5324
4049,5325
2186,5326
152,5327
1360,5328
3296,5329
3116,5330
4746,5331
5183,5332
4033,5333
3693,5334
3527,5335
344,5336
686,5337
655,5338
1011,5339
3442,5340
892,5341
4145,5342
3087,5343
1248,5344
2979,5345
4271,5346
2520,5347
3469,5348
4709,5349
3115,5350
3923,5351
4881,5352
3160,5353
980,5354
1402,5355
2196,5356
23,5357
2364,5358
1868,5359
3815,5360
79,5361
2841,5362
2405,5363
5290,5364
3882,5365
3755,5366
2029,5367
3254,5368
2847,5369
1573,5370
113,5371
920,5372
2964,5373
2069,5374
4241,5375
1807,5376
2459,5377
1186,5378
1429,5379
2296,5380
2583,5381
103,5382
1381,5383
3859,5384
318,5385
2016,5386
4928,5387
5181,5388
22,5389
2963,5390
1230,5391
4008,5392
3490,5393
3589,5394
4163,5395
2881,5396
3500,5397
1180,5398
2224,5399
1403,5400
5033,5401
1607,5402
4667,5403
411,5404
3204,5405
3473,5406
4481,5407
2405,5408
4390,5409
4443,5410
161,5411
1372,5412
3465,5413
5069,5414
4900,5415
5173,5416
4931,5417
5362,5418
2764,5419
2713,5420
3518,5421
2778,5422
553,5423
4737,5424
4835,5425
1529,5426
5030,5427
124,5428
4638,5429
2769,5430
1143,5431
3072,5432
294,5433
1993,5434
17,5435
1778,5436
3548,5437
2104,5438
4763,5439
1635,5440
1750,5441
2347,5442
2477,5443
1925,5444
2681,5445
233,5446
2077,5447
163,5448
4611,5449
4428,5450
3742,5451
289,5452
715,5453
3473,5454
2641,5455
1327,5456
2897,5457
2886,5458
5446,5459
553,5460
635,5461
2804,5462
2213,5463
1130,5464
297,5465
2022,5466
5151,5467
1301,5468
4879,5469
3224,5470
1146,5471
5463,5472
741,5473
658,5474
1782,5475
2559,5476
3489,5477
3989,5478
676,5479
142,5480
4953,5481
3364,5482
3957,5483
2245,5484
2600,5485
4014,5486
4127,5487
5093,5488
3551,5489
4456,5490
287,5491
3832,5492
4853,5493
131,5494
272,5495
3028,5496
4376,5497
3370,5498
2475,5499
4839,5500
4981,5501
884,5502
2521,5503
4926,5504
4772,5505
427,5506
161,5507
562,5508
2420,5509
3755,5510
5255,5511
554,5512
4335,5513
1127,5514
163,5515
676,5516
4529,5517
5142,5518
2900,5519
572,5520
3856,5521
5204,5522
4569,5523
4142,5524
3159,5525
4171,5526
4199,5527
1793,5528
2278,5529
3268,5530
4674,5531
3592,5532
3728,5533
72,5534
2785,5535
5363,5536
2695,5537
3399,5538
5323,5539
4012,5540
4719,5541
3275,5542
3986,5543
4171,5544
241,5545
1980,5546
4843,5547
58,5548
3823,5549
2452,5550
1943,5551
708,5552
4614,5553
2404,5554
260,5555
1643,5556
68,5557
4722,5558
4923,5559
5205,5560
569,5561
1818,5562
107,5563
3257,5564
4234,5565
3170,5566
3376,5567
2370,5568
2574,5569
2789,5570
5213,5571
3293,5572
674,5573
3928,5574
162,5575
2283,5576
1173,5577
188,5578
2961,5579
2211,5580
3538,5581
4144,5582
2338,5583
983,5584
3900,5585
833,5586
4882,5587
2516,5588
845,5589
1145,5590
915,5591
3228,5592
3739,5593
1177,5594
4261,5595
1363,5596
5221,5597
295,5598
2459,5599
579,5600
3443,5601
829,5602
5144,5603
3944,5604
3178,5605
3018,5606
412,5607
1815,5608
3200,5609
3422,5610
2323,5611
5090,5612
3388,5613
2624,5614
3910,5615
266,5616
412,5617
4037,5618
3719,5619
3011,5620
345,5621
3009,5622
3899,5623
4049,5624
4412,5625
2027,5626
4938,5627
1443,5628
990,5629
1343,5630
19,5631
5574,5632
4881,5633
1708,5634
215,5635
41,5636
2037,5637
3981,5638
4886,5639
487,5640
3100,5641
4646,5642
1866,5643
1253,5644
3203,5645
4651,5646
5534,5647
1414,5648
2792,5649
5016,5650
683,5651
1878,5652
5173,5653
153,5654
4350,5655
4547,5656
277,5657
533,5658
5593,5659
444,5660
389,5661
1197,5662
603,5663
4996,5664
6,5665
2081,5666
3623,5667
114,5668
5090,5669
716,5670
3545,5671
4892,5672
382,5673
4016,5674
1685,5675
1921,5676
1745,5677
5553,5678
3433,5679
1722,5680
5348,5681
1680,5682
1060,5683
3393,5684
1770,5685
1276,5686
4959,5687
855,5688
1397,5689
5331,5690
5605,5691
3398,5692
5540,5693
4265,5694
4634,5695
3618,5696
1235,5697
2784,5698
824,5699
677,5700
4114,5701
5327,5702
937,5703
445,5704
1725,5705
5095,5706
2949,5707
2349,5708
5446,5709
2548,5710
5494,5711
3149,5712
233,5713
1193,5714
386,5715
2347,5716
4984,5717
3078,5718
4956,5719
3362,5720
4821,5721
1024,5722
1175,5723
1094,5724
5283,5725
1747,5726
3711,5727
2078,5728
2878,5729
3690,5730
385,5731
1721,5732
3611,5733
2323,5734
2330,5735
2801,5736
825,5737
620,5738
5260,5739
1338,5740
1348,5741
43,5742
2722,5743
5633,5744
4196,5745
3180,5746
1646,5747
4675,5748
947,5749
5151,5750
2873,5751
784,5752
4532,5753
4530,5754
5317,5755
2096,5756
3863,5757
4989,5758
1972,5759
1013,5760
2011,5761
1377,5762
515,5763
827,5764
4204,5765
4027,5766
3766,5767
3995,5768
2797,5769
811,5770
5469,5771
1654,5772
3135,5773
56,5774
3855,5775
189,5776
2053,5777
2919,5778
2246,5779
3872,5780
5610,5781
5692,5782
1201,5783
4381,5784
4504,5785
1162,5786
1962,5787
4382,5788
644,5789
5165,5790
5595,5791
1085,5792
2280,5793
5708,5794
4191,5795
4892,5796
2067,5797
3074,5798
4118,5799
4694,5800
2241,5801
3420,5802
4027,5803
2930,5804
4410,5805
3888,5806
5630,5807
3569,5808
587,5809
4304,5810
2560,5811
1785,5812
1343,5813
4448,5814
2225,5815
4750,5816
2175,5817
1131,5818
3835,5819
1692,5820
5301,5821
2653,5822
3571,5823
3131,5824
658,5825
4404,5826
1440,5827
1137,5828
1884,5829
59,5830
5493,5831
1943,5832
1091,5833
3822,5834
2461,5835
2884,5836
359,5837
2650,5838
2832,5839
3220,5840
1993,5841
4721,5842
605,5843
1442,5844
2850,5845
2315,5846
2064,5847
4276,5848
3669,5849
3122,5850
2361,5851
4211,5852
4409,5853
4889,5854
795,5855
1708,5856
1175,5857
3581,5858
3118,5859
2665,5860
3402,5861
478,5862
5727,5863
3263,5864
2091,5865
196,5866
450,5867
3742,5868
3381,5869
1297,5870
5297,5871
147,5872
3172,5873
4220,5874
5803,5875
5016,5876
63,5877
776,5878
3906,5879
5267,5880
4254,5881
1004,5882
1757,5883
4656,5884
2487,5885
2198,5886
1800,5887
5178,5888
1214,5889
4356,5890
1646,5891
3113,5892
2241,5893
3044,5894
482,5895
2763,5896
2905,5897
67,5898
3185,5899
3408,5900
4732,5901
3501,5902
2997,5903
2116,5904
2998,5905
3965,5906
640,5907
4974,5908
1772,5909
1290,5910
4680,5911
5040,5912
2226,5913
1058,5914
3892,5915
4353,5916
5674,5917
865,5918
1438,5919
5134,5920
4023,5921
1776,5922
2837,5923
3116,5924
5518,5925
3481,5926
4673,5927
3126,5928
5250,5929
557,5930
3692,5931
1096,5932
4033,5933
199,5934
5508,5935
5251,5936
5534,5937
2441,5938
3046,5939
5499,5940
4409,5941
3672,5942
3996,5943
4897,5944
4297,5945
3876,5946
4204,5947
2218,5948
1982,5949
5744,5950
1535,5951
4518,5952
3449,5953
3535,5954
4661,5955
4814,5956
2752,5957
3199,5958
4969,5959
3716,5960
5316,5961
2053,5962
4420,5963
1231,5964
2761,5965
4651,5966
2670,5967
2017,5968
3955,5969
2556,5970
3335,5971
1925,5972
5729,5973
10,5974
1010,5975
4468,5976
3933,5977
5839,5978
4177,5979
4759,5980
3080,5981
1556,5982
1583,5983
3845,5984
1676,5985
928,5986
1148,5987
1742,5988
5273,5989
5364,5990
2525,5991
1947,5992
1932,5993
1866,5994
2317,5995
658,5996
3700,5997
5023,5998
5027,5999
4071,6000
3291,6001
3365,6002
5235,6003
4625,6004
2936,6005
3165,6006
2044,6007
4528,6008
5962,6009
544,6010
209,6011
3147,6012
463,6013
2913,6014
5172,6015
5978,6016
1558,6017
2170,6018
1280,6019
5275,6020
1013,6021
2331,6022
3303,6023
3597,6024
2631,6025
1388,6026
3858,6027
2121,6028
310,6029
1693,6030
5093,6031
1022,6032
3075,6033
2885,6034
856,6035
1792,6036
5683,6037
684,6038
204,6039
1391,6040
3004,6041
26,6042
3101,6043
2575,6044
3160,6045
5933,6046
3264,6047
1686,6048
5449,6049
4137,6050
4988,6051
1203,6052
2333,6053
2129,6054
1549,6055
4353,6056
2446,6057
3679,6058
2175,6059
5395,6060
1182,6061
5237,6062
5324,6063
1502,6064
154,6065
5034,6066
3876,6067
1777,6068
3619,6069
1274,6070
1257,6071
2728,6072
5090,6073
4694,6074
3354,6075
584,6076
1548,6077
5127,6078
4141,6079
5937,6080
3263,6081
3421,6082
4395,6083
3042,6084
4891,6085
2883,6086
3952,6087
5630,6088
2657,6089
5851,6090
3242,6091
1070,6092
5929,6093
1329,6094
1277,6095
5408,6096
73,6097
5420,6098
4634,6099
4730,6100
5599,6101
4020,6102
3488,6103
3035,6104
5430,6105
1503,6106
3023,6107
3765,6108
3760,6109
2708,6110
3869,6111
3043,6112
1139,6113
5861,6114
5572,6115
920,6116
818,6117
2876,6118
3241,6119
4472,6120
1131,6121
1901,6122
4291,6123
3207,6124
310,6125
6111,6126
4944,6127
3820,6128
5828,6129
1762,6130
1326,6131
969,6132
4769,6133
5987,6134
2886,6135
4855,6136
2550,6137
6055,6138
4516,6139
2047,6140
1705,6141
834,6142
3139,6143
1642,6144
4926,6145
686,6146
2407,6147
4945,6148
1874,6149
5367,6150
3147,6151
5340,6152
3715,6153
3275,6154
3481,6155
604,6156
901,6157
1847,6158
2477,6159
223,6160
42,6161
1633,6162
4642,6163
5312,6164
264,6165
2955,6166
6058,6167
1147,6168
146,6169
2712,6170
3354,6171
2288,6172
4844,6173
5787,6174
2734,6175
4666,6176
5356,6177
1894,6178
3747,6179
3368,6180
2016,6181
5224,6182
1686,6183
1020,6184
3452,6185
3673,6186
2715,6187
905,6188
2717,6189
5908,6190
6072,6191
3721,6192
2280,6193
3128,6194
5029,6195
4645,6196
5198,6197
4158,6198
604,6199
2981,6200
625,6201
3058,6202
5892,6203
6064,6204
1832,6205
2272,6206
2518,6207
947,6208
5279,6209
4352,6210
2499,6211
81,6212
2883,6213
3950,6214
5077,6215
2192,6216
5160,6217
942,6218
2348,6219
5962,6220
930,6221
565,6222
925,6223
1791,6224
4279,6225
2984,6226
4342,6227
5305,6228
5343,6229
3189,6230
235,6231
5537,6232
2080,6233
6042,6234
5182,6235
4002,6236
2685,6237
2632,6238
5257,6239
5795,6240
1296,6241
4182,6242
2382,6243
4667,6244
4038,6245
5775,6246
2172,6247
4202,6248
4329,6249
3015,6250
6216,6251
2770,6252
2155,6253
1092,6254
412,6255
4223,6256
4470,6257
4465,6258
4541,6259
1262,6260
3535,6261
4393,6262
372,6263
2065,6264
3678,6265
3987,6266
513,6267
3442,6268
2622,6269
707,6270
2048,6271
2496,6272
3066,6273
254,6274
4874,6275
2290,6276
2693,6277
3033,6278
4766,6279
566,6280
2821,6281
2016,6282
136,6283
2948,6284
6030,6285
2220,6286
6244,6287
2367,6288
1094,6289
1964,6290
4095,6291
3333,6292
1729,6293
2843,6294
1050,6295
447,6296
6083,6297
2968,6298
4831,6299
327,6300
5563,6301
3489,6302
52,6303
5354,6304
1507,6305
1924,6306
5685,6307
1258,6308
2310,6309
238,6310
1414,6311
324,6312
4305,6313
2036,6314
878,6315
2449,6316
69,6317
3261,6318
5665,6319
3365,6320
140,6321
6236,6322
283,6323
3695,6324
2213,6325
634,6326
2814,6327
4956,6328
4498,6329
2621,6330
504,6331
1451,6332
2650,6333
3827,6334
1912,6335
3789,6336
5358,6337
4921,6338
796,6339
6319,6340
2196,6341
3165,6342
2951,6343
1022,6344
3721,6345
4647,6346
5429,6347
1624,6348
956,6349
5370,6350
5057,6351
1182,6352
1276,6353
1651,6354
151,6355
3533,6356
4720,6357
1126,6358
3708,6359
2082,6360
4206,6361
3472,6362
938,6363
2853,6364
5745,6365
4759,6366
4217,6367
1087,6368
2681,6369
1214,6370
1441,6371
6202,6372
192,6373
4513,6374
2413,6375
5613,6376
5004,6377
2425,6378
4964,6379
4952,6380
4158,6381
4376,6382
5891,6383
709,6384
3394,6385
4818,6386
2416,6387
3617,6388
2752,6389
1622,6390
4289,6391
1614,6392
284,6393
1342,6394
2532,6395
4188,6396
1681,6397
4756,6398
2132,6399
6211,6400
1033,6401
2192,6402
2705,6403
5899,6404
2411,6405
6233,6406
5229,6407
5945,6408
185,6409
3242,6410
959,6411
5066,6412
1990,6413
5118,6414
6181,6415
1348,6416
536,6417
3116,6418
6351,6419
4838,6420
1011,6421
989,6422
4298,6423
5908,6424
4378,6425
2863,6426
6253,6427
1178,6428
3514,6429
3296,6430
6326,6431
3615,6432
5458,6433
1775,6434
3463,6435
3600,6436
6392,6437
4866,6438
6299,6439
2850,6440
1311,6441
5216,6442
3408,6443
6372,6444
5905,6445
624,6446
5585,6447
5672,6448
5670,6449
5521,6450
5188,6451
2662,6452
3793,6453
4908,6454
2389,6455
3946,6456
420,6457
5406,6458
5002,6459
6223,6460
5595,6461
646,6462
5402,6463
3829,6464
3065,6465
1338,6466
6229,6467
3172,6468
1973,6469
1514,6470
714,6471
6235,6472
6032,6473
131,6474
4015,6475
3849,6476
4848,6477
1533,6478
5523,6479
3582,6480
2005,6481
2207,6482
1618,6483
5994,6484
1080,6485
1790,6486
1114,6487
1983,6488
5752,6489
5970,6490
3717,6491
1120,6492
6451,6493
4620,6494
2279,6495
2605,6496
1724,6497
5640,6498
3179,6499
3160,6500
2753,6501
5544,6502
4669,6503
5027,6504
5096,6505
199,6506
2133,6507
1090,6508
6394,6509
932,6510
4671,6511
3761,6512
250,6513
5925,6514
5324,6515
5532,6516
3591,6517
599,6518
1163,6519
5576,6520
3105,6521
5580,6522
3950,6523
738,6524
5530,6525
3711,6526
2995,6527
2059,6528
4161,6529
4575,6530
5219,6531
140,6532
4995,6533
3342,6534
1025,6535
1926,6536
607,6537
4300,6538
5759,6539
2135,6540
3760,6541
4435,6542
3651,6543
6525,6544
59,6545
1036,6546
753,6547
510,6548
2801,6549
4155,6550
2020,6551
2017,6552
4048,6553
6272,6554
3683,6555
4037,6556
6537,6557
2036,6558
3002,6559
2980,6560
5023,6561
575,6562
2470,6563
2233,6564
477,6565
3475,6566
5151,6567
4834,6568
800,6569
5154,6570
2731,6571
5610,6572
615,6573
4215,6574
3375,6575
3355,6576
3710,6577
1589,6578
3542,6579
4848,6580
428,6581
5248,6582
5333,6583
1229,6584
3615,6585
2718,6586
931,6587
11,6588
607,6589
1051,6590
922,6591
5223,6592
2613,6593
3746,6594
6135,6595
3295,6596
1856,6597
6168,6598
1468,6599
3699,6600
576,6601
4727,6602
5738,6603
353,6604
3729,6605
3224,6606
3623,6607
848,6608
3837,6609
540,6610
5373,6611
2729,6612
3622,6613
2618,6614
2375,6615
3574,6616
729,6617
4159,6618
1235,6619
2271,6620
6591,6621
2082,6622
1005,6623
1951,6624
1048,6625
879,6626
2897,6627
1497,6628
5990,6629
2502,6630
1743,6631
4883,6632
740,6633
5497,6634
3328,6635
6606,6636
5868,6637
6481,6638
6449,6639
1565,6640
5668,6641
4792,6642
398,6643
6450,6644
4328,6645
338,6646
4409,6647
4754,6648
2068,6649
5271,6650
5038,6651
5045,6652
2829,6653
6345,6654
1965,6655
4029,6656
2720,6657
2459,6658
5767,6659
1235,6660
1866,6661
4405,6662
5401,6663
5196,6664
4720,6665
1458,6666
6174,6667
3928,6668
4019,6669
3961,6670
3704,6671
1624,6672
2162,6673
3717,6674
4085,6675
842,6676
2561,6677
1302,6678
5631,6679
595,6680
5015,6681
3652,6682
221,6683
2136,6684
698,6685
1940,6686
4273,6687
2996,6688
5810,6689
169,6690
5267,6691
2624,6692
3733,6693
2900,6694
5196,6695
3199,6696
6204,6697
4590,6698
2234,6699
2852,6700
2694,6701
2062,6702
1974,6703
6,6704
5205,6705
5768,6706
2132,6707
3786,6708
5597,6709
4605,6710
4128,6711
5775,6712
3537,6713
5364,6714
3062,6715
6146,6716
1053,6717
235,6718
3415,6719
2791,6720
2515,6721
3570,6722
254,6723
646,6724
3218,6725
712,6726
100,6727
6051,6728
4657,6729
2544,6730
4651,6731
5309,6732
3258,6733
1645,6734
3981,6735
3097,6736
2547,6737
5385,6738
4474,6739
3812,6740
4059,6741
1533,6742
4396,6743
3352,6744
2882,6745
4342,6746
716,6747
2586,6748
6255,6749
1712,6750
6566,6751
6223,6752
2102,6753
1756,6754
5997,6755
1125,6756
2413,6757
1938,6758
4147,6759
5136,6760
4050,6761
5590,6762
388,6763
210,6764
3938,6765
699,6766
3078,6767
5923,6768
2322,6769
293,6770
4011,6771
6106,6772
2077,6773
126,6774
5108,6775
3890,6776
4919,6777
5538,6778
2695,6779
56,6780
6771,6781
6029,6782
1621,6783
5801,6784
4658,6785
3900,6786
6136,6787
5738,6788
5640,6789
5120,6790
6701,6791
3949,6792
5030,6793
5487,6794
1528,6795
1261,6796
1735,6797
4631,6798
380,6799
1868,6800
6163,6801
5513,6802
6661,6803
884,6804
6125,6805
6512,6806
2203,6807
620,6808
3118,6809
3482,6810
410,6811
5312,6812
1196,6813
1372,6814
320,6815
3191,6816
5199,6817
1086,6818
727,6819
2954,6820
806,6821
1081,6822
6059,6823
5293,6824
1682,6825
2639,6826
2489,6827
1133,6828
884,6829
6620,6830
1270,6831
3663,6832
2211,6833
6383,6834
3031,6835
2979,6836
4645,6837
1207,6838
6282,6839
2154,6840
3993,6841
6003,6842
2031,6843
815,6844
4469,6845
3383,6846
5766,6847
300,6848
331,6849
3730,6850
1925,6851
5118,6852
2578,6853
1309,6854
4801,6855
5359,6856
3886,6857
6485,6858
2424,6859
6513,6860
3926,6861
3456,6862
2263,6863
5880,6864
4222,6865
4668,6866
1905,6867
6788,6868
3456,6869
1537,6870
3572,6871
3573,6872
2382,6873
3575,6874
1186,6875
3526,6876
5535,6877
3955,6878
5579,6879
1409,6880
3690,6881
5667,6882
2833,6883
5817,6884
3018,6885
1341,6886
6110,6887
3370,6888
2523,6889
2833,6890
2570,6891
988,6892
520,6893
5628,6894
2304,6895
6653,6896
1337,6897
5854,6898
186,6899
5145,6900
1676,6901
5276,6902
5765,6903
1264,6904
5708,6905
6173,6906
1034,6907
3341,6908
4545,6909
871,6910
381,6911
5318,6912
4895,6913
2661,6914
5125,6915
6794,6916
3645,6917
5751,6918
3729,6919
3890,6920
6779,6921
3384,6922
3111,6923
215,6924
2853,6925
3323,6926
4897,6927
143,6928
5014,6929
1394,6930
5501,6931
2518,6932
1557,6933
6293,6934
2461,6935
4568,6936
1624,6937
771,6938
6170,6939
4389,6940
3365,6941
6892,6942
3698,6943
4343,6944
1784,6945
3874,6946
6921,6947
5054,6948
881,6949
5450,6950
2323,6951
338,6952
3174,6953
1188,6954
2671,6955
3357,6956
3179,6957
969,6958
3950,6959
861,6960
3257,6961
2665,6962
1152,6963
5676,6964
3516,6965
6188,6966
3197,6967
6588,6968
4003,6969
5961,6970
6125,6971
4394,6972
3533,6973
242,6974
1292,6975
4060,6976
5854,6977
6420,6978
4356,6979
4534,6980
2325,6981
5506,6982
4060,6983
3577,6984
1180,6985
6591,6986
5604,6987
6448,6988
4916,6989
6935,6990
1748,6991
3740,6992
5665,6993
5568,6994
1283,6995
5196,6996
1158,6997
4376,6998
1374,6999
5724,7000
3535,7001
22,7002
6406,7003
4043,7004
5261,7005
6093,7006
3751,7007
1036,7008
1603,7009
1887,7010
6466,7011
3734,7012
3831,7013
6995,7014
5054,7015
6569,7016
3623,7017
2908,7018
2917,7019
6480,7020
2356,7021
3871,7022
4384,7023
5808,7024
3255,7025
499,7026
4141,7027
4009,7028
6296,7029
2865,7030
1725,7031
1741,7032
2492,7033
1428,7034
2723,7035
5877,7036
5264,7037
4850,7038
1046,7039
4862,7040
2256,7041
1881,7042
2303,7043
2989,7044
1460,7045
2323,7046
1086,7047
2608,7048
3497,7049
4028,7050
3840,7051
3123,7052
2803,7053
3257,7054
5980,7055
1228,7056
259,7057
1753,7058
4298,7059
5515,7060
5244,7061
1228,7062
4395,7063
4873,7064
3816,7065
2311,7066
4897,7067
4797,7068
1933,7069
3804,7070
1635,7071
4670,7072
6778,7073
516,7074
1064,7075
5708,7076
7055,7077
3695,7078
375,7079
3635,7080
679,7081
3989,7082
4424,7083
3935,7084
380,7085
834,7086
7030,7087
2833,7088
2912,7089
6328,7090
5923,7091
6187,7092
6879,7093
5713,7094
2525,7095
5067,7096
855,7097
4791,7098
3265,7099
3196,7100
300,7101
630,7102
770,7103
2579,7104
4037,7105
2134,7106
4931,7107
6698,7108
2476,7109
4296,7110
3956,7111
6014,7112
7012,7113
5098,7114
5643,7115
1759,7116
4530,7117
3681,7118
736,7119
1520,7120
6113,7121
1399,7122
6865,7123
6592,7124
913,7125
3988,7126
4052,7127
310,7128
2633,7129
5867,7130
379,7131
312,7132
591,7133
5295,7134
2277,7135
5930,7136
1768,7137
1622,7138
2088,7139
6625,7140
204,7141
2963,7142
6834,7143
6002,7144
3719,7145
5524,7146
5924,7147
5141,7148
5292,7149
2807,7150
1434,7151
2953,7152
5989,7153
3103,7154
6300,7155
3013,7156
5064,7157
283,7158
7054,7159
4018,7160
4020,7161
4344,7162
3895,7163
3603,7164
3767,7165
3778,7166
734,7167
6275,7168
3925,7169
1307,7170
3999,7171
2230,7172
4721,7173
6684,7174
4932,7175
7167,7176
4241,7177
6,7178
3563,7179
3221,7180
1625,7181
5062,7182
6087,7183
205,7184
3243,7185
1774,7186
4067,7187
1740,7188
6861,7189
64,7190
2136,7191
4982,7192
4865,7193
5376,7194
3225,7195
5592,7196
5029,7197
5970,7198
1319,7199
5387,7200
5281,7201
564,7202
2410,7203
2608,7204
919,7205
6727,7206
6000,7207
3186,7208
4061,7209
5514,7210
871,7211
3656,7212
1595,7213
361,7214
5514,7215
3291,7216
5253,7217
3651,7218
4831,7219
3028,7220
1606,7221
2405,7222
2439,7223
4528,7224
3784,7225
4743,7226
6127,7227
2168,7228
5297,7229
1369,7230
4413,7231
1870,7232
2490,7233
1535,7234
4139,7235
5128,7236
5271,7237
2128,7238
2001,7239
4844,7240
1753,7241
4359,7242
6453,7243
2052,7244
1087,7245
751,7246
2648,7247
873,7248
2683,7249
586,7250
3450,7251
1660,7252
945,7253
3131,7254
647,7255
2343,7256
2773,7257
5265,7258
2517,7259
1007,7260
2739,7261
4831,7262
935,7263
922,7264
3847,7265
2272,7266
1810,7267
3184,7268
6834,7269
157,7270
2801,7271
7212,7272
4847,7273
313,7274
206,7275
4308,7276
2453,7277
7227,7278
1362,7279
4592,7280
3954,7281
2293,7282
6232,7283
7002,7284
6087,7285
2225,7286
2285,7287
3242,7288
7010,7289
6008,7290
1567,7291
3292,7292
2835,7293
231,7294
5246,7295
5806,7296
4366,7297
7135,7298
204,7299
2894,7300
5248,7301
3277,7302
1998,7303
3010,7304
4905,7305
5646,7306
1268,7307
31,7308
5154,7309
3292,7310
3409,7311
5459,7312
6392,7313
521,7314
3580,7315
4804,7316
466,7317
298,7318
4501,7319
2406,7320
585,7321
2694,7322
7298,7323
842,7324
6509,7325
1777,7326
5041,7327
1709,7328
2330,7329
1321,7330
3177,7331
3505,7332
516,7333
5084,7334
3776,7335
671,7336
3490,7337
5968,7338
5293,7339
1528,7340
2006,7341
470,7342
6060,7343
2921,7344
851,7345
2852,7346
4303,7347
6524,7348
5598,7349
3784,7350
6717,7351
1768,7352
4028,7353
3589,7354
1479,7355
3802,7356
6860,7357
4588,7358
2133,7359
6533,7360
485,7361
3465,7362
4127,7363
388,7364
5157,7365
4963,7366
5093,7367
4768,7368
2311,7369
1322,7370
842,7371
3843,7372
7225,7373
2084,7374
6032,7375
6358,7376
4873,7377
6844,7378
1324,7379
3063,7380
1577,7381
3137,7382
5596,7383
6527,7384
6331,7385
6065,7386
7190,7387
6910,7388
7015,7389
5744,7390
524,7391
3557,7392
3413,7393
410,7394
630,7395
2862,7396
4505,7397
3357,7398
5162,7399
3271,7400
2366,7401
6558,7402
7288,7403
6096,7404
938,7405
4751,7406
3758,7407
5858,7408
627,7409
3091,7410
1629,7411
3414,7412
3602,7413
210,7414
7086,7415
6766,7416
2635,7417
4787,7418
1858,7419
5645,7420
609,7421
2801,7422
3889,7423
2950,7424
2386,7425
4078,7426
1692,7427
6975,7428
780,7429
4917,7430
5996,7431
5388,7432
4086,7433
1752,7434
1409,7435
6460,7436
6549,7437
3715,7438
4913,7439
6541,7440
3530,7441
5078,7442
1911,7443
1716,7444
4820,7445
6659,7446
4701,7447
3307,7448
1410,7449
3810,7450
3687,7451
3767,7452
5966,7453
6487,7454
3321,7455
3124,7456
6518,7457
1027,7458
5449,7459
3018,7460
113,7461
1962,7462
1485,7463
5715,7464
5426,7465
3749,7466
1423,7467
1228,7468
6724,7469
2580,7470
5447,7471
2090,7472
1046,7473
4555,7474
1053,7475
7297,7476
2549,7477
196,7478
2512,7479
1869,7480
4481,7481
1477,7482
238,7483
6182,7484
7138,7485
520,7486
2698,7487
624,7488
3271,7489
7084,7490
3067,7491
1607,7492
5534,7493
1055,7494
1905,7495
6051,7496
2576,7497
1533,7498
1996,7499
2567,7500
3577,7501
3794,7502
3011,7503
1317,7504
143,7505
1894,7506
4362,7507
4133,7508
2975,7509
2986,7510
3973,7511
1180,7512
7491,7513
5677,7514
4769,7515
2512,7516
7222,7517
5718,7518
2542,7519
6368,7520
1096,7521
2146,7522
3372,7523
6765,7524
4832,7525
5935,7526
4437,7527
5128,7528
796,7529
1048,7530
1928,7531
4181,7532
214,7533
3323,7534
2000,7535
7459,7536
3760,7537
6039,7538
6145,7539
4915,7540
5317,7541
877,7542
5539,7543
4520,7544
7362,7545
6703,7546
3737,7547
5296,7548
7025,7549
108,7550
2407,7551
7123,7552
1859,7553
6055,7554
2088,7555
4388,7556
239,7557
844,7558
4554,7559
1196,7560
3742,7561
6025,7562
3218,7563
648,7564
1742,7565
3577,7566
3938,7567
4701,7568
6118,7569
5573,7570
1492,7571
2446,7572
278,7573
4459,7574
2988,7575
5322,7576
3901,7577
2628,7578
6417,7579
6117,7580
983,7581
3409,7582
7235,7583
4913,7584
498,7585
3455,7586
1645,7587
2983,7588
2476,7589
1807,7590
752,7591
1437,7592
3383,7593
2353,7594
6180,7595
1747,7596
5903,7597
3580,7598
1710,7599
3247,7600
335,7601
5865,7602
6885,7603
4441,7604
5715,7605
3692,7606
907,7607
4781,7608
6529,7609
7057,7610
6066,7611
958,7612
4797,7613
6570,7614
7264,7615
1467,7616
1548,7617
5075,7618
2198,7619
7616,7620
5329,7621
6622,7622
3370,7623
7004,7624
1757,7625
2048,7626
5773,7627
1012,7628
4786,7629
2933,7630
2492,7631
4069,7632
2108,7633
4881,7634
4593,7635
7551,7636
3103,7637
1212,7638
5751,7639
6998,7640
6436,7641
5938,7642
4994,7643
5737,7644
146,7645
177,7646
1420,7647
495,7648
1528,7649
2392,7650
2532,7651
7546,7652
5544,7653
240,7654
276,7655
1949,7656
2918,7657
5690,7658
2530,7659
2663,7660
5366,7661
1244,7662
903,7663
316,7664
403,7665
2941,7666
4139,7667
287,7668
1964,7669
6798,7670
5935,7671
602,7672
960,7673
915,7674
7597,7675
6955,7676
1200,7677
1515,7678
7536,7679
3091,7680
5030,7681
6555,7682
661,7683
2035,7684
3414,7685
4669,7686
4941,7687
1780,7688
4386,7689
2267,7690
619,7691
2164,7692
3042,7693
169,7694
1928,7695
5346,7696
4374,7697
2124,7698
7347,7699
4400,7700
1252,7701
7656,7702
3584,7703
7555,7704
7170,7705
505,7706
6879,7707
5475,7708
2139,7709
53,7710
6229,7711
6076,7712
916,7713
5340,7714
2474,7715
1040,7716
3606,7717
7202,7718
5581,7719
2318,7720
3762,7721
6130,7722
1135,7723
1593,7724
5885,7725
4957,7726
5300,7727
1783,7728
5539,7729
6662,7730
7286,7731
4060,7732
7324,7733
4028,7734
4988,7735
7421,7736
1036,7737
2664,7738
4462,7739
5087,7740
299,7741
2492,7742
1894,7743
3402,7744
4628,7745
1090,7746
1853,7747
4881,7748
3337,7749
2608,7750
610,7751
3572,7752
3073,7753
1866,7754
171,7755
775,7756
3343,7757
4630,7758
5283,7759
6850,7760
2979,7761
3247,7762
1585,7763
5985,7764
6989,7765
5860,7766
1750,7767
903,7768
2846,7769
2850,7770
400,7771
567,7772
4157,7773
1665,7774
6983,7775
5376,7776
3662,7777
3236,7778
5097,7779
5887,7780
7697,7781
7595,7782
6989,7783
241,7784
11,7785
1188,7786
4234,7787
691,7788
5117,7789
6576,7790
7233,7791
2421,7792
5913,7793
1838,7794
5812,7795
5080,7796
4369,7797
3667,7798
1210,7799
2186,7800
4545,7801
214,7802
1137,7803
2253,7804
2719,7805
5558,7806
1534,7807
127,7808
7404,7809
2683,7810
5678,7811
553,7812
1654,7813
433,7814
5929,7815
228,7816
5594,7817
7326,7818
6733,7819
1046,7820
7076,7821
6086,7822
4034,7823
811,7824
7322,7825
5151,7826
5182,7827
2572,7828
7224,7829
2966,7830
4046,7831
2684,7832
1053,7833
5826,7834
6770,7835
3229,7836
6539,7837
1520,7838
3124,7839
4296,7840
4992,7841
1695,7842
3169,7843
6232,7844
677,7845
4548,7846
5121,7847
5300,7848
4211,7849
5230,7850
6064,7851
4795,7852
5992,7853
4841,7854
5800,7855
6787,7856
135,7857
491,7858
1299,7859
4992,7860
1744,7861
2435,7862
5859,7863
6288,7864
5982,7865
6500,7866
4935,7867
7551,7868
5094,7869
2153,7870
963,7871
705,7872
4713,7873
3581,7874
2742,7875
1716,7876
2387,7877
2335,7878
4783,7879
5624,7880
1480,7881
2470,7882
964,7883
1426,7884
7172,7885
4804,7886
4977,7887
1360,7888
6618,7889
127,7890
5989,7891
7706,7892
5020,7893
4401,7894
4991,7895
1910,7896
3748,7897
637,7898
5538,7899
3124,7900
7417,7901
453,7902
7532,7903
6057,7904
1159,7905
4319,7906
4119,7907
7217,7908
5806,7909
5725,7910
2596,7911
262,7912
3630,7913
2710,7914
511,7915
5408,7916
94,7917
2178,7918
7056,7919
6945,7920
3635,7921
6747,7922
5748,7923
2582,7924
1814,7925
7318,7926
7903,7927
3592,7928
4892,7929
1963,7930
3654,7931
4864,7932
4465,7933
3432,7934
2570,7935
1110,7936
6138,7937
4548,7938
1228,7939
1205,7940
7043,7941
585,7942
4003,7943
2551,7944
3033,7945
4297,7946
2321,7947
7693,7948
4823,7949
464,7950
3111,7951
1573,7952
616,7953
2104,7954
854,7955
4468,7956
2396,7957
2251,7958
933,7959
1857,7960
4249,7961
7732,7962
1199,7963
942,7964
7284,7965
1775,7966
962,7967
4759,7968
2844,7969
2946,7970
216,7971
1584,7972
3391,7973
2318,7974
3812,7975
7164,7976
4554,7977
1090,7978
2302,7979
622,7980
3328,7981
6204,7982
7200,7983
6741,7984
4564,7985
7584,7986
5047,7987
697,7988
2527,7989
3051,7990
7908,7991
6602,7992
5978,7993
6142,7994
7361,7995
4465,7996
6414,7997
6570,7998
1460,7999
7707,8000
6969,8001
4286,8002
6641,8003
792,8004
7157,8005
2427,8006
1408,8007
3255,8008
7379,8009
4282,8010
878,8011
4366,8012
302,8013
5460,8014
5800,8015
77,8016
33,8017
7613,8018
2429,8019
3905,8020
702,8021
2629,8022
5893,8023
126,8024
2480,8025
4873,8026
6820,8027
7040,8028
2711,8029
3719,8030
5772,8031
4227,8032
6367,8033
6541,8034
5532,8035
2140,8036
4136,8037
7112,8038
3429,8039
5917,8040
2346,8041
1647,8042
1058,8043
2411,8044
6228,8045
5279,8046
450,8047
4554,8048
99,8049
298,8050
4840,8051
1569,8052
1415,8053
1359,8054
2032,8055
48,8056
3288,8057
7118,8058
5255,8059
5545,8060
7565,8061
1228,8062
4203,8063
6176,8064
5007,8065
1118,8066
7221,8067
1993,8068
3986,8069
2292,8070
2041,8071
4395,8072
3478,8073
7599,8074
6103,8075
6766,8076
1254,8077
371,8078
3218,8079
2072,8080
1472,8081
5265,8082
4596,8083
104,8084
7128,8085
4196,8086
5217,8087
1769,8088
4663,8089
4857,8090
6868,8091
7751,8092
7854,8093
6264,8094
1423,8095
3894,8096
3314,8097
6129,8098
5907,8099
7073,8100
3904,8101
5191,8102
568,8103
7242,8104
603,8105
869,8106
2511,8107
6797,8108
3887,8109
7249,8110
466,8111
4303,8112
5890,8113
3923,8114
2511,8115
7950,8116
6390,8117
3379,8118
6096,8119
859,8120
6896,8121
7264,8122
5166,8123
5277,8124
3354,8125
1912,8126
6197,8127
6230,8128
4415,8129
5922,8130
887,8131
4526,8132
906,8133
2462,8134
7972,8135
272,8136
2006,8137
3530,8138
901,8139
4798,8140
4171,8141
5091,8142
4596,8143
549,8144
7460,8145
6831,8146
7014,8147
4598,8148
4217,8149
3137,8150
3951,8151
3988,8152
6502,8153
722,8154
4551,8155
2126,8156
5670,8157
4389,8158
2832,8159
2240,8160
1554,8161
3094,8162
2468,8163
4842,8164
5686,8165
1846,8166
5614,8167
941,8168
1196,8169
1998,8170
5289,8171
6420,8172
442,8173
488,8174
870,8175
4545,8176
5837,8177
7519,8178
6646,8179
6668,8180
2664,8181
7370,8182
6501,8183
7829,8184
3723,8185
7919,8186
1658,8187
4356,8188
5442,8189
5398,8190
647,8191
7465,8192
7592,8193
5685,8194
6820,8195
3180,8196
3282,8197
3640,8198
877,8199
2499,8200
7924,8201
2801,8202
4286,8203
5500,8204
6566,8205
4641,8206
4477,8207
4449,8208
6234,8209
7346,8210
1656,8211
758,8212
370,8213
2013,8214
6774,8215
6475,8216
3893,8217
5567,8218
7137,8219
6464,8220
8199,8221
2699,8222
1640,8223
4895,8224
9,8225
7989,8226
3929,8227
4605,8228
6549,8229
2792,8230
4876,8231
5056,8232
4554,8233
4289,8234
1038,8235
147,8236
6223,8237
7672,8238
5607,8239
5174,8240
4422,8241
124,8242
4152,8243
1994,8244
5586,8245
4460,8246
4677,8247
3924,8248
4766,8249
7963,8250
5212,8251
2753,8252
1297,8253
3600,8254
320,8255
1167,8256
3511,8257
7502,8258
2270,8259
416,8260
5378,8261
5364,8262
3079,8263
6353,8264
4332,8265
6141,8266
6737,8267
2973,8268
3944,8269
1502,8270
7780,8271
1091,8272
7044,8273
5185,8274
4376,8275
6187,8276
454,8277
6639,8278
2627,8279
1234,8280
5859,8281
407,8282
4026,8283
2672,8284
7731,8285
4718,8286
1538,8287
7783,8288
3833,8289
975,8290
3668,8291
7741,8292
1210,8293
2856,8294
1879,8295
7576,8296
1251,8297
3376,8298
4007,8299
1790,8300
7025,8301
2182,8302
1372,8303
6680,8304
6552,8305
4123,8306
7733,8307
4544,8308
1051,8309
1581,8310
7952,8311
5475,8312
6650,8313
2580,8314
1865,8315
5946,8316
3480,8317
6265,8318
6448,8319
4336,8320
1012,8321
4606,8322
4889,8323
597,8324
6124,8325
6843,8326
5369,8327
368,8328
7451,8329
72,8330
4112,8331
5698,8332
3001,8333
3014,8334
1959,8335
3984,8336
2761,8337
4646,8338
4647,8339
3981,8340
2051,8341
2984,8342
689,8343
7202,8344
4198,8345
3259,8346
3688,8347
7764,8348
1308,8349
6189,8350
2552,8351
3068,8352
2176,8353
4984,8354
423,8355
1532,8356
6826,8357
2621,8358
6921,8359
5852,8360
3926,8361
951,8362
4685,8363
7620,8364
8301,8365
2176,8366
1067,8367
4583,8368
37,8369
613,8370
6838,8371
6115,8372
2100,8373
6890,8374
4864,8375
8195,8376
3837,8377
1105,8378
7845,8379
4178,8380
886,8381
6189,8382
825,8383
5536,8384
2036,8385
1242,8386
2535,8387
6343,8388
6016,8389
6162,8390
6376,8391
8029,8392
344,8393
5549,8394
1963,8395
2848,8396
6595,8397
5733,8398
6371,8399
7237,8400
1762,8401
7351,8402
1116,8403
902,8404
1775,8405
3624,8406
3406,8407
5784,8408
5293,8409
5115,8410
6131,8411
114,8412
6307,8413
7559,8414
4682,8415
4848,8416
5609,8417
3780,8418
4130,8419
8171,8420
5350,8421
4995,8422
7591,8423
4269,8424
5377,8425
6319,8426
3397,8427
7953,8428
3162,8429
7725,8430
1127,8431
3750,8432
5788,8433
4407,8434
7132,8435
988,8436
148,8437
1298,8438
125,8439
7737,8440
5784,8441
2697,8442
7672,8443
4115,8444
2065,8445
311,8446
6818,8447
6626,8448
944,8449
1456,8450
5061,8451
1327,8452
5441,8453
5626,8454
1503,8455
7280,8456
5037,8457
1332,8458
375,8459
624,8460
4585,8461
8065,8462
5625,8463
6400,8464
7829,8465
2420,8466
1064,8467
4105,8468
727,8469
6888,8470
2237,8471
5074,8472
1201,8473
224,8474
6917,8475
5947,8476
7606,8477
2433,8478
2097,8479
3017,8480
2205,8481
3607,8482
1737,8483
4182,8484
4393,8485
3512,8486
4005,8487
5086,8488
585,8489
6288,8490
2385,8491
2251,8492
3594,8493
5076,8494
1539,8495
3054,8496
5655,8497
988,8498
796,8499
6165,8500
851,8501
7988,8502
3174,8503
2143,8504
4463,8505
3674,8506
3042,8507
4034,8508
4724,8509
4402,8510
6664,8511
2535,8512
6394,8513
2266,8514
5258,8515
6423,8516
6900,8517
7102,8518
4303,8519
2296,8520
7034,8521
7012,8522
6431,8523
4405,8524
3842,8525
1533,8526
709,8527
1697,8528
7367,8529
4600,8530
1533,8531
5143,8532
4709,8533
2479,8534
2553,8535
2837,8536
8442,8537
3767,8538
5986,8539
8073,8540
5718,8541
7913,8542
1655,8543
7270,8544
7771,8545
5518,8546
2942,8547
2626,8548
8381,8549
4459,8550
6303,8551
918,8552
6661,8553
3931,8554
5430,8555
2569,8556
8362,8557
7532,8558
2491,8559
4284,8560
5474,8561
2739,8562
391,8563
5879,8564
5235,8565
7645,8566
5223,8567
2136,8568
531,8569
3006,8570
4373,8571
5657,8572
2618,8573
6365,8574
1236,8575
7247,8576
6758,8577
6811,8578
3514,8579
5320,8580
5017,8581
4567,8582
5880,8583
536,8584
7741,8585
8569,8586
3012,8587
3341,8588
2283,8589
6768,8590
4007,8591
6466,8592
2243,8593
6327,8594
2746,8595
4000,8596
4423,8597
7405,8598
6705,8599
1988,8600
3505,8601
3930,8602
539,8603
3974,8604
3743,8605
3123,8606
2901,8607
5417,8608
2918,8609
3126,8610
2955,8611
1784,8612
7249,8613
4414,8614
5549,8615
1773,8616
4761,8617
2911,8618
45,8619
3910,8620
3186,8621
8046,8622
7209,8623
5987,8624
1824,8625
7370,8626
6644,8627
3178,8628
5722,8629
6155,8630
3100,8631
8408,8632
7403,8633
877,8634
2389,8635
3992,8636
6962,8637
8393,8638
2170,8639
3223,8640
43,8641
3552,8642
3154,8643
4496,8644
1678,8645
7503,8646
3484,8647
697,8648
1466,8649
8347,8650
919,8651
6893,8652
4101,8653
1031,8654
1764,8655
70,8656
2625,8657
4782,8658
3665,8659
3227,8660
3445,8661
6977,8662
4243,8663
7488,8664
6048,8665
4119,8666
4484,8667
4057,8668
6077,8669
7519,8670
6857,8671
7819,8672
7563,8673
6238,8674
7650,8675
7306,8676
3098,8677
4556,8678
2715,8679
1646,8680
7688,8681
6295,8682
5627,8683
2615,8684
3471,8685
1987,8686
8170,8687
5726,8688
703,8689
7349,8690
7000,8691
408,8692
3116,8693
195,8694
5084,8695
7181,8696
6208,8697
8669,8698
5364,8699
5053,8700
599,8701
492,8702
7208,8703
5122,8704
1761,8705
1301,8706
3181,8707
565,8708
1623,8709
1246,8710
3130,8711
2077,8712
2593,8713
5506,8714
4104,8715
428,8716
7750,8717
3930,8718
7687,8719
3997,8720
8603,8721
740,8722
4039,8723
6286,8724
3464,8725
5501,8726
7496,8727
5793,8728
8483,8729
2289,8730
4793,8731
2699,8732
2176,8733
8631,8734
2532,8735
4382,8736
1685,8737
3231,8738
821,8739
8251,8740
988,8741
6033,8742
4407,8743
7035,8744
6216,8745
8709,8746
5063,8747
1967,8748
3595,8749
8640,8750
6827,8751
3993,8752
7186,8753
45,8754
980,8755
137,8756
7862,8757
227,8758
2930,8759
299,8760
7510,8761
5235,8762
7128,8763
3953,8764
6546,8765
2714,8766
3674,8767
8394,8768
5874,8769
1670,8770
6174,8771
1483,8772
3806,8773
5858,8774
4772,8775
4423,8776
3535,8777
8446,8778
7270,8779
7718,8780
8573,8781
5842,8782
1785,8783
7935,8784
6301,8785
5078,8786
5722,8787
1689,8788
273,8789
8671,8790
5419,8791
453,8792
6513,8793
3521,8794
2615,8795
646,8796
7533,8797
6513,8798
8010,8799
2104,8800
3667,8801
4789,8802
5822,8803
5703,8804
6247,8805
7664,8806
7764,8807
6223,8808
3430,8809
8779,8810
5507,8811
4574,8812
1855,8813
8114,8814
2166,8815
7253,8816
950,8817
5930,8818
8734,8819
1589,8820
6022,8821
7728,8822
6413,8823
6845,8824
7546,8825
3209,8826
6564,8827
6955,8828
1304,8829
2150,8830
6087,8831
6983,8832
2653,8833
719,8834
4781,8835
6317,8836
5902,8837
280,8838
4289,8839
6282,8840
2233,8841
1049,8842
136,8843
5823,8844
5036,8845
6793,8846
8281,8847
7747,8848
6771,8849
7702,8850
385,8851
2765,8852
8383,8853
8121,8854
1696,8855
3021,8856
8781,8857
8563,8858
3815,8859
3663,8860
7372,8861
6052,8862
2801,8863
632,8864
7965,8865
777,8866
503,8867
3880,8868
2291,8869
3628,8870
2010,8871
1216,8872
8145,8873
8157,8874
6938,8875
7678,8876
3322,8877
3557,8878
1059,8879
3262,8880
4380,8881
6940,8882
950,8883
4518,8884
4948,8885
2959,8886
1015,8887
4267,8888
5172,8889
4831,8890
6651,8891
2632,8892
1763,8893
137,8894
5120,8895
5435,8896
5788,8897
4602,8898
2956,8899
435,8900
7498,8901
6915,8902
7336,8903
8222,8904
2938,8905
8125,8906
4027,8907
8748,8908
783,8909
1747,8910
5563,8911
3210,8912
1306,8913
1749,8914
5154,8915
1931,8916
3689,8917
2634,8918
3112,8919
1998,8920
5427,8921
1754,8922
3241,8923
7801,8924
6512,8925
5248,8926
2512,8927
5757,8928
7905,8929
8898,8930
5378,8931
4094,8932
4988,8933
589,8934
3513,8935
1068,8936
729,8937
2775,8938
6729,8939
6641,8940
6390,8941
6782,8942
2161,8943
8884,8944
3457,8945
8914,8946
245,8947
2607,8948
7196,8949
6683,8950
1135,8951
604,8952
1067,8953
4286,8954
2613,8955
100,8956
2484,8957
216,8958
3124,8959
7791,8960
7281,8961
5232,8962
5676,8963
6629,8964
5988,8965
6216,8966
8427,8967
5650,8968
839,8969
7478,8970
521,8971
4024,8972
1922,8973
3600,8974
4194,8975
8696,8976
5414,8977
1472,8978
5019,8979
230,8980
749,8981
1693,8982
166,8983
5353,8984
2948,8985
2106,8986
2169,8987
7842,8988
8838,8989
5038,8990
949,8991
5174,8992
2216,8993
6682,8994
3098,8995
4717,8996
8072,8997
244,8998
8512,8999
8116,9000
4625,9001
1583,9002
5873,9003
2582,9004
6836,9005
4292,9006
5229,9007
5433,9008
8917,9009
6203,9010
5968,9011
1364,9012
7458,9013
5610,9014
2325,9015
2281,9016
7246,9017
3038,9018
4102,9019
2484,9020
8338,9021
2547,9022
1834,9023
771,9024
256,9025
2397,9026
3906,9027
4468,9028
267,9029
4196,9030
782,9031
1386,9032
5193,9033
1715,9034
1163,9035
5746,9036
6100,9037
4765,9038
8848,9039
1075,9040
132,9041
6091,9042
1129,9043
8558,9044
8368,9045
5126,9046
5913,9047
193,9048
5589,9049
2261,9050
2428,9051
7829,9052
6740,9053
9019,9054
8847,9055
1541,9056
6874,9057
937,9058
4011,9059
1357,9060
1180,9061
5400,9062
6506,9063
4096,9064
7067,9065
233,9066
4075,9067
4678,9068
1782,9069
2516,9070
8361,9071
5874,9072
2599,9073
590,9074
8451,9075
3259,9076
93,9077
8608,9078
7613,9079
3439,9080
5125,9081
6149,9082
2909,9083
4066,9084
568,9085
2559,9086
6213,9087
7636,9088
496,9089
959,9090
7625,9091
772,9092
1060,9093
8563,9094
5975,9095
6142,9096
3131,9097
1691,9098
7998,9099
5151,9100
4375,9101
1376,9102
22,9103
2696,9104
6506,9105
8987,9106
1615,9107
7097,9108
8491,9109
7773,9110
4845,9111
2194,9112
7602,9113
8565,9114
7546,9115
1744,9116
2092,9117
7245,9118
1301,9119
3522,9120
8503,9121
5052,9122
7369,9123
301,9124
568,9125
8838,9126
2571,9127
7675,9128
322,9129
7534,9130
5664,9131
6752,9132
2423,9133
4278,9134
3079,9135
4480,9136
1938,9137
6594,9138
9033,9139
127,9140
7613,9141
1759,9142
1133,9143
658,9144
3450,9145
1149,9146
1329,9147
7572,9148
629,9149
8779,9150
2806,9151
7766,9152
3977,9153
3550,9154
3250,9155
8146,9156
1474,9157
1709,9158
7508,9159
1646,9160
3311,9161
6830,9162
8866,9163
3413,9164
4100,9165
2173,9166
3402,9167
2882,9168
7134,9169
2921,9170
7042,9171
6161,9172
6350,9173
7381,9174
7592,9175
5865,9176
5991,9177
2007,9178
2018,9179
1360,9180
5665,9181
5682,9182
2277,9183
7694,9184
9101,9185
6403,9186
6488,9187
8675,9188
1226,9189
1704,9190
950,9191
8567,9192
1608,9193
7935,9194
5462,9195
136,9196
8124,9197
3073,9198
8472,9199
2835,9200
3847,9201
300,9202
4202,9203
6265,9204
1520,9205
2303,9206
405,9207
934,9208
9145,9209
7078,9210
4500,9211
307,9212
3500,9213
1944,9214
819,9215
8950,9216
13,9217
5385,9218
2612,9219
1510,9220
5428,9221
8674,9222
4088,9223
1887,9224
2799,9225
5316,9226
3703,9227
2998,9228
7917,9229
5787,9230
395,9231
2019,9232
6732,9233
4037,9234
1626,9235
6007,9236
6026,9237
4365,9238
4622,9239
6582,9240
5174,9241
6179,9242
5913,9243
4835,9244
8113,9245
1635,9246
6447,9247
6807,9248
1785,9249
359,9250
8270,9251
5361,9252
569,9253
8018,9254
912,9255
5819,9256
4047,9257
4579,9258
1544,9259
3079,9260
5153,9261
8618,9262
8202,9263
1332,9264
5315,9265
2178,9266
7684,9267
706,9268
2204,9269
6869,9270
8480,9271
8350,9272
9134,9273
5523,9274
569,9275
2910,9276
8207,9277
3431,9278
1613,9279
5783,9280
7731,9281
3283,9282
6501,9283
7646,9284
1424,9285
2844,9286
8653,9287
9071,9288
755,9289
7956,9290
3974,9291
5192,9292
5001,9293
5406,9294
817,9295
6521,9296
3807,9297
5054,9298
9130,9299
8715,9300
2649,9301
6764,9302
7177,9303
5412,9304
9006,9305
5793,9306
3965,9307
5286,9308
8168,9309
1996,9310
3839,9311
830,9312
5782,9313
1878,9314
1202,9315
7047,9316
8206,9317
243,9318
770,9319
8822,9320
3390,9321
5745,9322
7478,9323
2154,9324
8569,9325
5490,9326
8210,9327
6947,9328
8591,9329
6909,9330
8958,9331
5282,9332
5253,9333
1209,9334
7212,9335
1947,9336
6714,9337
541,9338
7778,9339
2449,9340
1441,9341
4611,9342
3589,9343
5389,9344
8104,9345
244,9346
5671,9347
8959,9348
525,9349
7775,9350
6418,9351
8834,9352
1648,9353
1019,9354
2579,9355
1270,9356
7952,9357
3488,9358
8310,9359
6630,9360
4898,9361
3957,9362
6690,9363
8275,9364
6357,9365
8634,9366
8245,9367
866,9368
3209,9369
35,9370
6505,9371
1666,9372
7015,9373
7960,9374
1896,9375
5896,9376
8763,9377
2800,9378
6250,9379
8369,9380
5615,9381
5496,9382
5576,9383
4970,9384
2549,9385
1198,9386
1077,9387
8189,9388
5993,9389
5863,9390
8441,9391
7989,9392
9343,9393
7837,9394
3854,9395
8199,9396
390,9397
404,9398
3547,9399
1872,9400
2820,9401
694,9402
6544,9403
6562,9404
2639,9405
3549,9406
5534,9407
858,9408
7734,9409
7665,9410
4219,9411
1469,9412
6030,9413
6631,9414
679,9415
2424,9416
248,9417
1746,9418
4908,9419
467,9420
3893,9421
1293,9422
8595,9423
4986,9424
7588,9425
3372,9426
4682,9427
7428,9428
6130,9429
6732,9430
147,9431
1681,9432
3215,9433
1213,9434
7003,9435
7016,9436
8679,9437
6049,9438
8956,9439
5551,9440
1946,9441
7794,9442
200,9443
3822,9444
3948,9445
1978,9446
4176,9447
8609,9448
1313,9449
7561,9450
6114,9451
6544,9452
1751,9453
8214,9454
8838,9455
4493,9456
1073,9457
6806,9458
3318,9459
3431,9460
4107,9461
9216,9462
1275,9463
9207,9464
5494,9465
6930,9466
6615,9467
2145,9468
8926,9469
2081,9470
5814,9471
7578,9472
869,9473
9369,9474
3634,9475
4317,9476
7256,9477
1253,9478
2376,9479
4976,9480
8258,9481
1542,9482
1610,9483
1034,9484
4788,9485
3341,9486
6659,9487
2609,9488
3635,9489
7444,9490
9143,9491
4106,9492
822,9493
7933,9494
2839,9495
6485,9496
4551,9497
914,9498
4357,9499
1299,9500
213,9501
3193,9502
2493,9503
4368,9504
8694,9505
9236,9506
7009,9507
1515,9508
2351,9509
7697,9510
2302,9511
859,9512
7163,9513
1297,9514
6013,9515
6922,9516
8557,9517
4242,9518
2476,9519
4232,9520
979,9521
7337,9522
2485,9523
1546,9524
5477,9525
1998,9526
7180,9527
4658,9528
6921,9529
3751,9530
889,9531
6840,9532
2548,9533
3284,9534
7706,9535
8395,9536
410,9537
5541,9538
3452,9539
4568,9540
6678,9541
2656,9542
3490,9543
9513,9544
3438,9545
3880,9546
1996,9547
102,9548
8579,9549
5514,9550
3706,9551
8443,9552
5967,9553
3733,9554
1477,9555
1932,9556
1864,9557
4282,9558
5785,9559
851,9560
8461,9561
5510,9562
2645,9563
1954,9564
2255,9565
3119,9566
4684,9567
54,9568
8248,9569
3135,9570
1673,9571
6271,9572
1479,9573
6604,9574
8193,9575
8848,9576
6975,9577
6691,9578
251,9579
4480,9580
7633,9581
9000,9582
9530,9583
8947,9584
9552,9585
4431,9586
4161,9587
7263,9588
4712,9589
6651,9590
8894,9591
1855,9592
3895,9593
1155,9594
2808,9595
1087,9596
986,9597
335,9598
5262,9599
422,9600
215,9601
5549,9602
4382,9603
6339,9604
3967,9605
4844,9606
8012,9607
6589,9608
9465,9609
3119,9610
7170,9611
884,9612
5956,9613
2236,9614
4719,9615
178,9616
5555,9617
6851,9618
1698,9619
3595,9620
6671,9621
398,9622
1757,9623
1833,9624
9276,9625
39,9626
1419,9627
3447,9628
1750,9629
1056,9630
7348,9631
3757,9632
9032,9633
4894,9634
8562,9635
4930,9636
8342,9637
2455,9638
6996,9639
2914,9640
7600,9641
6263,9642
265,9643
2112,9644
4595,9645
2241,9646
3246,9647
7077,9648
6797,9649
6669,9650
9024,9651
3636,9652
4346,9653
3069,9654
4918,9655
8430,9656
756,9657
3407,9658
3898,9659
4135,9660
3752,9661
25,9662
2954,9663
3465,9664
8229,9665
6709,9666
1678,9667
6103,9668
3291,9669
8743,9670
905,9671
5832,9672
7845,9673
6980,9674
5088,9675
7718,9676
1032,9677
8474,9678
7626,9679
8392,9680
6061,9681
596,9682
2290,9683
866,9684
3536,9685
756,9686
7965,9687
1978,9688
8657,9689
2829,9690
5512,9691
4597,9692
3086,9693
952,9694
4869,9695
2276,9696
4803,9697
8682,9698
7362,9699
9216,9700
4238,9701
1338,9702
7283,9703
5511,9704
5846,9705
7824,9706
6573,9707
8912,9708
9532,9709
2735,9710
5278,9711
7734,9712
2765,9713
9408,9714
3572,9715
5747,9716
8641,9717
108,9718
8465,9719
6323,9720
2258,9721
1347,9722
2811,9723
7626,9724
738,9725
6735,9726
3709,9727
2480,9728
2916,9729
7968,9730
2539,9731
5177,9732
4243,9733
1004,9734
7756,9735
4245,9736
6973,9737
2236,9738
1645,9739
2106,9740
9660,9741
2388,9742
5963,9743
9621,9744
2863,9745
8023,9746
5706,9747
6548,9748
604,9749
6774,9750
3180,9751
2883,9752
4271,9753
419,9754
6866,9755
5529,9756
9227,9757
8067,9758
4951,9759
480,9760
1226,9761
2696,9762
7209,9763
9458,9764
6447,9765
5358,9766
6265,9767
5826,9768
8641,9769
5678,9770
1752,9771
4799,9772
4710,9773
1487,9774
770,9775
2295,9776
5875,9777
4552,9778
3375,9779
7321,9780
5933,9781
3676,9782
7479,9783
1130,9784
4000,9785
901,9786
2170,9787
8862,9788
6922,9789
487,9790
7128,9791
9626,9792
6394,9793
8792,9794
1184,9795
2926,9796
7285,9797
8369,9798
7074,9799
7417,9800
5355,9801
3689,9802
9746,9803
8297,9804
9063,9805
8414,9806
7763,9807
2623,9808
3805,9809
12,9810
9073,9811
2970,9812
3667,9813
3139,9814
3942,9815
8569,9816
3074,9817
9204,9818
4831,9819
7516,9820
3944,9821
3920,9822
8779,9823
9801,9824
5312,9825
3057,9826
1790,9827
9781,9828
3642,9829
7519,9830
7828,9831
1938,9832
1697,9833
1133,9834
7163,9835
1782,9836
6675,9837
4521,9838
578,9839
696,9840
8502,9841
6387,9842
571,9843
5192,9844
2042,9845
1548,9846
3240,9847
3065,9848
600,9849
1882,9850
5840,9851
7815,9852
6942,9853
7507,9854
8389,9855
782,9856
7749,9857
125,9858
732,9859
2418,9860
3129,9861
4565,9862
4343,9863
4407,9864
2865,9865
6158,9866
7063,9867
430,9868
2947,9869
537,9870
1506,9871
3243,9872
6986,9873
9389,9874
7083,9875
7586,9876
1926,9877
253,9878
1713,9879
1536,9880
8496,9881
98,9882
3565,9883
6898,9884
8939,9885
2393,9886
8535,9887
3639,9888
9013,9889
2954,9890
8325,9891
2651,9892
4556,9893
7036,9894
9463,9895
3470,9896
2961,9897
5640,9898
6426,9899
5802,9900
6749,9901
9844,9902
3976,9903
9312,9904
2130,9905
3207,9906
7115,9907
2435,9908
8176,9909
2100,9910
1313,9911
8301,9912
1221,9913
4740,9914
943,9915
6577,9916
4780,9917
7812,9918
1626,9919
7400,9920
6154,9921
7756,9922
837,9923
9448,9924
6281,9925
4182,9926
8684,9927
9818,9928
1106,9929
4145,9930
8160,9931
5432,9932
2645,9933
3693,9934
3487,9935
6233,9936
3309,9937
6743,9938
8831,9939
7755,9940
1375,9941
7549,9942
1369,9943
6997,9944
6574,9945
4983,9946
6807,9947
2335,9948
5051,9949
1707,9950
9460,9951
7169,9952
8256,9953
7517,9954
317,9955
7738,9956
1973,9957
532,9958
6413,9959
4271,9960
8755,9961
6828,9962
4937,9963
6857,9964
4280,9965
4468,9966
3279,9967
6255,9968
9384,9969
526,9970
7010,9971
1058,9972
9458,9973
5396,9974
3410,9975
3668,9976
5693,9977
4425,9978
9100,9979
2435,9980
1500,9981
7015,9982
8811,9983
846,9984
8641,9985
7165,9986
4608,9987
1385,9988
5436,9989
9072,9990
4816,9991
6474,9992
5304,9993
5270,9994
5221,9995
4732,9996
4786,9997
2118,9998
2510,9999
