0,1
1,2
1,3
2,4
4,5
1,6
0,7
5,8
7,9
4,10
3,11
6,12
8,13
3,14
0,15
7,16
1,17
5,18
12,19
0,20
12,21
20,22
19,23
1,24
12,25
0,26
23,27
16,28
16,29
21,30
21,31
12,32
13,33
25,34
5,35
13,36
16,37
35,38
33,39
13,40
37,41
8,42
28,43
16,44
8,45
31,46
13,47
3,48
9,49
3,50
8,51
40,52
0,53
12,54
44,55
1,56
32,57
11,58
21,59
41,60
48,61
8,62
18,63
31,64
8,65
60,66
4,67
11,68
42,69
28,70
24,71
29,72
39,73
5,74
28,75
21,76
57,77
5,78
57,79
62,80
51,81
63,82
81,83
61,84
10,85
82,86
65,87
9,88
51,89
16,90
42,91
86,92
70,93
39,94
46,95
36,96
48,97
80,98
31,99
70,100
55,101
35,102
28,103
41,104
31,105
92,106
87,107
48,108
11,109
33,110
71,111
21,112
43,113
53,114
103,115
44,116
74,117
24,118
117,119
42,120
47,121
66,122
105,123
78,124
61,125
24,126
67,127
52,128
70,129
28,130
126,131
75,132
46,133
68,134
124,135
29,136
112,137
25,138
133,139
8,140
19,141
66,142
2,143
110,144
100,145
90,146
60,147
132,148
107,149
9,150
71,151
55,152
146,153
74,154
17,155
117,156
107,157
139,158
106,159
101,160
113,161
145,162
85,163
24,164
91,165
110,166
130,167
8,168
74,169
108,170
149,171
39,172
158,173
170,174
70,175
129,176
160,177
31,178
48,179
149,180
155,181
10,182
17,183
54,184
41,185
44,186
153,187
163,188
60,189
40,190
136,191
75,192
182,193
20,194
80,195
156,196
178,197
144,198
169,199
69,200
57,201
109,202
194,203
24,204
92,205
46,206
182,207
163,208
20,209
204,210
35,211
10,212
7,213
203,214
98,215
122,216
23,217
84,218
209,219
207,220
179,221
95,222
45,223
23,224
224,225
119,226
128,227
133,228
115,229
193,230
90,231
24,232
204,233
58,234
120,235
113,236
236,237
71,238
194,239
20,240
47,241
86,242
151,243
41,244
160,245
45,246
185,247
77,248
228,249
78,250
80,251
126,252
94,253
14,254
20,255
74,256
139,257
218,258
130,259
157,260
93,261
229,262
169,263
169,264
221,265
253,266
66,267
79,268
147,269
140,270
73,271
265,272
218,273
251,274
77,275
96,276
183,277
254,278
15,279
26,280
184,281
86,282
137,283
14,284
42,285
138,286
119,287
102,288
245,289
66,290
47,291
35,292
110,293
112,294
1,295
74,296
73,297
67,298
227,299
289,300
186,301
210,302
122,303
302,304
279,305
178,306
288,307
57,308
90,309
101,310
163,311
125,312
226,313
153,314
278,315
175,316
166,317
212,318
148,319
125,320
75,321
296,322
322,323
62,324
36,325
81,326
23,327
249,328
129,329
117,330
123,331
154,332
84,333
50,334
318,335
168,336
18,337
295,338
186,339
222,340
186,341
273,342
175,343
35,344
99,345
209,346
182,347
178,348
37,349
106,350
47,351
195,352
221,353
64,354
275,355
321,356
67,357
248,358
221,359
250,360
298,361
52,362
257,363
119,364
288,365
261,366
277,367
213,368
296,369
345,370
274,371
72,372
203,373
88,374
284,375
245,376
288,377
359,378
237,379
219,380
342,381
349,382
114,383
66,384
13,385
104,386
277,387
100,388
302,389
363,390
153,391
73,392
382,393
384,394
127,395
355,396
1,397
206,398
387,399
271,400
148,401
160,402
116,403
314,404
254,405
69,406
297,407
22,408
108,409
215,410
54,411
362,412
144,413
358,414
161,415
291,416
276,417
333,418
21,419
355,420
103,421
175,422
327,423
85,424
271,425
34,426
123,427
73,428
69,429
390,430
358,431
66,432
29,433
396,434
114,435
106,436
357,437
409,438
250,439
289,440
159,441
135,442
355,443
96,444
356,445
33,446
281,447
90,448
186,449
321,450
52,451
304,452
388,453
86,454
383,455
257,456
348,457
80,458
220,459
95,460
241,461
95,462
229,463
55,464
102,465
450,466
304,467
317,468
383,469
324,470
74,471
216,472
149,473
169,474
77,475
428,476
94,477
331,478
60,479
107,480
90,481
349,482
273,483
35,484
108,485
229,486
6,487
59,488
374,489
284,490
433,491
332,492
371,493
302,494
104,495
157,496
89,497
316,498
276,499
106,500
443,501
347,502
182,503
480,504
429,505
38,506
197,507
240,508
53,509
160,510
45,511
139,512
380,513
152,514
500,515
197,516
68,517
164,518
298,519
493,520
336,521
421,522
383,523
160,524
245,525
90,526
187,527
44,528
71,529
467,530
411,531
468,532
216,533
363,534
160,535
529,536
48,537
499,538
124,539
36,540
366,541
90,542
348,543
293,544
434,545
201,546
303,547
196,548
183,549
513,550
0,551
48,552
371,553
476,554
500,555
174,556
256,557
308,558
149,559
126,560
260,561
332,562
123,563
423,564
308,565
505,566
299,567
235,568
405,569
126,570
444,571
347,572
287,573
309,574
522,575
249,576
343,577
200,578
340,579
576,580
449,581
98,582
407,583
255,584
578,585
148,586
499,587
257,588
84,589
528,590
395,591
588,592
420,593
570,594
281,595
411,596
150,597
395,598
13,599
515,600
242,601
276,602
537,603
70,604
242,605
12,606
598,607
58,608
298,609
164,610
429,611
426,612
287,613
154,614
276,615
364,616
544,617
364,618
487,619
501,620
172,621
60,622
584,623
422,624
327,625
441,626
30,627
393,628
4,629
207,630
292,631
544,632
427,633
179,634
101,635
543,636
606,637
192,638
35,639
307,640
499,641
219,642
418,643
478,644
202,645
302,646
625,647
554,648
425,649
644,650
409,651
554,652
203,653
284,654
299,655
628,656
350,657
398,658
411,659
573,660
91,661
561,662
355,663
535,664
177,665
168,666
296,667
95,668
432,669
35,670
62,671
276,672
235,673
367,674
577,675
282,676
416,677
418,678
40,679
114,680
166,681
294,682
438,683
195,684
139,685
322,686
681,687
421,688
373,689
552,690
388,691
534,692
408,693
23,694
288,695
498,696
393,697
0,698
336,699
513,700
151,701
362,702
177,703
651,704
214,705
364,706
648,707
80,708
159,709
554,710
21,711
454,712
463,713
293,714
510,715
542,716
698,717
15,718
639,719
546,720
383,721
605,722
80,723
695,724
285,725
408,726
419,727
513,728
84,729
572,730
681,731
330,732
492,733
374,734
562,735
288,736
500,737
693,738
258,739
590,740
348,741
243,742
675,743
709,744
640,745
195,746
287,747
516,748
720,749
410,750
482,751
681,752
377,753
703,754
173,755
623,756
626,757
163,758
198,759
367,760
112,761
209,762
79,763
719,764
636,765
660,766
529,767
12,768
453,769
14,770
105,771
215,772
473,773
72,774
321,775
108,776
142,777
27,778
395,779
52,780
749,781
450,782
413,783
466,784
38,785
200,786
370,787
577,788
2,789
768,790
256,791
774,792
647,793
637,794
714,795
474,796
219,797
541,798
597,799
23,800
131,801
422,802
497,803
110,804
632,805
743,806
281,807
682,808
334,809
13,810
322,811
14,812
589,813
196,814
16,815
413,816
359,817
725,818
148,819
362,820
51,821
607,822
605,823
779,824
768,825
624,826
750,827
92,828
470,829
159,830
244,831
621,832
672,833
267,834
339,835
251,836
126,837
762,838
594,839
420,840
223,841
623,842
738,843
512,844
420,845
571,846
203,847
544,848
57,849
649,850
364,851
821,852
8,853
240,854
688,855
573,856
31,857
695,858
657,859
739,860
857,861
52,862
665,863
19,864
821,865
265,866
475,867
463,868
55,869
729,870
252,871
42,872
528,873
783,874
299,875
816,876
134,877
731,878
216,879
441,880
219,881
849,882
283,883
771,884
797,885
670,886
272,887
720,888
726,889
403,890
633,891
699,892
489,893
482,894
229,895
48,896
295,897
756,898
455,899
605,900
75,901
318,902
623,903
348,904
204,905
698,906
443,907
523,908
762,909
292,910
44,911
198,912
758,913
366,914
729,915
536,916
723,917
727,918
703,919
682,920
875,921
150,922
71,923
171,924
569,925
671,926
683,927
414,928
670,929
379,930
878,931
600,932
52,933
675,934
362,935
771,936
247,937
172,938
542,939
272,940
119,941
762,942
590,943
76,944
866,945
930,946
541,947
866,948
946,949
664,950
394,951
884,952
137,953
493,954
355,955
149,956
562,957
485,958
858,959
859,960
665,961
10,962
452,963
243,964
326,965
951,966
734,967
643,968
114,969
766,970
163,971
185,972
278,973
104,974
954,975
151,976
212,977
773,978
904,979
913,980
767,981
433,982
610,983
384,984
770,985
902,986
653,987
850,988
638,989
660,990
474,991
743,992
863,993
926,994
419,995
1,996
113,997
231,998
838,999
51,1000
515,1001
46,1002
208,1003
638,1004
519,1005
517,1006
331,1007
520,1008
934,1009
872,1010
968,1011
249,1012
945,1013
898,1014
791,1015
47,1016
395,1017
896,1018
34,1019
536,1020
360,1021
807,1022
119,1023
651,1024
509,1025
869,1026
555,1027
553,1028
516,1029
336,1030
11,1031
229,1032
894,1033
1011,1034
522,1035
963,1036
505,1037
468,1038
929,1039
332,1040
739,1041
869,1042
848,1043
693,1044
270,1045
511,1046
942,1047
928,1048
374,1049
537,1050
418,1051
12,1052
150,1053
988,1054
1020,1055
165,1056
1038,1057
801,1058
396,1059
747,1060
1037,1061
477,1062
437,1063
153,1064
917,1065
778,1066
356,1067
271,1068
505,1069
768,1070
284,1071
70,1072
483,1073
170,1074
333,1075
462,1076
406,1077
643,1078
968,1079
717,1080
396,1081
162,1082
945,1083
339,1084
1021,1085
238,1086
331,1087
623,1088
429,1089
250,1090
261,1091
769,1092
88,1093
352,1094
5,1095
37,1096
1020,1097
135,1098
355,1099
92,1100
299,1101
341,1102
331,1103
45,1104
951,1105
880,1106
508,1107
22,1108
1021,1109
1055,1110
826,1111
550,1112
925,1113
100,1114
1061,1115
873,1116
124,1117
243,1118
1018,1119
780,1120
181,1121
475,1122
1098,1123
308,1124
117,1125
361,1126
282,1127
965,1128
413,1129
33,1130
314,1131
779,1132
962,1133
350,1134
1090,1135
313,1136
692,1137
150,1138
352,1139
1012,1140
110,1141
719,1142
365,1143
363,1144
565,1145
379,1146
799,1147
345,1148
1025,1149
20,1150
774,1151
9,1152
50,1153
1024,1154
726,1155
675,1156
869,1157
11,1158
301,1159
620,1160
649,1161
830,1162
660,1163
690,1164
668,1165
1159,1166
427,1167
287,1168
1032,1169
245,1170
699,1171
377,1172
585,1173
70,1174
361,1175
214,1176
48,1177
599,1178
33,1179
222,1180
498,1181
764,1182
218,1183
143,1184
913,1185
86,1186
109,1187
176,1188
1040,1189
608,1190
430,1191
341,1192
139,1193
1113,1194
163,1195
536,1196
789,1197
1151,1198
691,1199
945,1200
325,1201
15,1202
144,1203
298,1204
757,1205
503,1206
1183,1207
837,1208
21,1209
580,1210
233,1211
1084,1212
39,1213
893,1214
227,1215
1083,1216
640,1217
328,1218
471,1219
888,1220
593,1221
1177,1222
89,1223
452,1224
464,1225
377,1226
848,1227
122,1228
1065,1229
623,1230
346,1231
296,1232
207,1233
196,1234
634,1235
619,1236
684,1237
787,1238
431,1239
994,1240
476,1241
570,1242
640,1243
790,1244
171,1245
214,1246
215,1247
343,1248
1242,1249
607,1250
797,1251
809,1252
1085,1253
599,1254
456,1255
756,1256
592,1257
982,1258
1033,1259
1073,1260
224,1261
1054,1262
994,1263
446,1264
977,1265
570,1266
1073,1267
1001,1268
339,1269
51,1270
26,1271
265,1272
398,1273
629,1274
933,1275
1134,1276
404,1277
1076,1278
261,1279
195,1280
778,1281
710,1282
1261,1283
929,1284
604,1285
372,1286
518,1287
807,1288
404,1289
179,1290
1213,1291
443,1292
112,1293
833,1294
277,1295
973,1296
11,1297
379,1298
34,1299
9,1300
1095,1301
718,1302
1113,1303
945,1304
18,1305
1280,1306
493,1307
673,1308
339,1309
1174,1310
1042,1311
217,1312
1176,1313
1225,1314
950,1315
658,1316
429,1317
477,1318
542,1319
1305,1320
651,1321
1166,1322
505,1323
156,1324
833,1325
98,1326
6,1327
946,1328
285,1329
500,1330
1030,1331
312,1332
723,1333
1330,1334
248,1335
684,1336
477,1337
507,1338
907,1339
759,1340
1129,1341
1028,1342
1206,1343
709,1344
472,1345
552,1346
1202,1347
131,1348
385,1349
307,1350
1142,1351
778,1352
194,1353
110,1354
134,1355
924,1356
17,1357
1290,1358
986,1359
266,1360
30,1361
98,1362
94,1363
600,1364
631,1365
510,1366
475,1367
178,1368
36,1369
521,1370
691,1371
280,1372
996,1373
108,1374
1061,1375
416,1376
692,1377
456,1378
1168,1379
1315,1380
817,1381
591,1382
159,1383
172,1384
595,1385
720,1386
55,1387
1091,1388
1004,1389
36,1390
673,1391
74,1392
199,1393
694,1394
1091,1395
1247,1396
712,1397
183,1398
449,1399
1123,1400
67,1401
48,1402
745,1403
1275,1404
214,1405
553,1406
243,1407
67,1408
54,1409
153,1410
1057,1411
633,1412
833,1413
1057,1414
1136,1415
634,1416
228,1417
205,1418
363,1419
589,1420
391,1421
123,1422
476,1423
339,1424
336,1425
1356,1426
1030,1427
324,1428
174,1429
1242,1430
39,1431
1293,1432
1005,1433
235,1434
1124,1435
831,1436
1072,1437
1356,1438
951,1439
1080,1440
671,1441
382,1442
464,1443
561,1444
511,1445
281,1446
241,1447
1371,1448
1409,1449
1294,1450
1185,1451
895,1452
857,1453
1297,1454
347,1455
708,1456
74,1457
594,1458
613,1459
249,1460
579,1461
446,1462
139,1463
248,1464
1325,1465
1104,1466
349,1467
936,1468
1443,1469
853,1470
925,1471
1313,1472
1064,1473
1239,1474
703,1475
526,1476
718,1477
820,1478
1384,1479
625,1480
97,1481
1459,1482
830,1483
844,1484
419,1485
225,1486
229,1487
1425,1488
566,1489
1262,1490
758,1491
251,1492
753,1493
1137,1494
1140,1495
832,1496
459,1497
1194,1498
738,1499
1414,1500
210,1501
318,1502
798,1503
1407,1504
1444,1505
920,1506
880,1507
123,1508
1413,1509
61,1510
713,1511
1344,1512
597,1513
1314,1514
538,1515
660,1516
513,1517
969,1518
246,1519
312,1520
1094,1521
1371,1522
251,1523
1148,1524
1332,1525
268,1526
1310,1527
424,1528
845,1529
827,1530
1050,1531
802,1532
1001,1533
726,1534
554,1535
1449,1536
730,1537
574,1538
276,1539
1467,1540
1522,1541
160,1542
889,1543
165,1544
1373,1545
39,1546
338,1547
1432,1548
1455,1549
238,1550
830,1551
882,1552
675,1553
936,1554
1070,1555
675,1556
1332,1557
720,1558
1139,1559
892,1560
1026,1561
1279,1562
1276,1563
1152,1564
921,1565
317,1566
409,1567
203,1568
840,1569
53,1570
446,1571
201,1572
1093,1573
270,1574
281,1575
879,1576
563,1577
833,1578
155,1579
862,1580
962,1581
333,1582
1309,1583
981,1584
1494,1585
197,1586
1374,1587
327,1588
336,1589
450,1590
761,1591
772,1592
676,1593
1200,1594
1317,1595
411,1596
1530,1597
116,1598
1550,1599
726,1600
733,1601
1075,1602
619,1603
98,1604
1430,1605
1235,1606
139,1607
308,1608
793,1609
166,1610
1447,1611
1249,1612
286,1613
1208,1614
727,1615
659,1616
1469,1617
493,1618
984,1619
1289,1620
1133,1621
229,1622
767,1623
90,1624
179,1625
731,1626
481,1627
525,1628
985,1629
1405,1630
64,1631
137,1632
1399,1633
861,1634
643,1635
368,1636
163,1637
298,1638
832,1639
806,1640
11,1641
283,1642
1353,1643
94,1644
65,1645
1412,1646
1545,1647
1553,1648
367,1649
1636,1650
231,1651
1142,1652
1028,1653
1458,1654
3,1655
142,1656
1070,1657
1387,1658
1452,1659
1137,1660
197,1661
1316,1662
1558,1663
1645,1664
1593,1665
887,1666
1154,1667
872,1668
885,1669
979,1670
1314,1671
484,1672
308,1673
84,1674
644,1675
685,1676
909,1677
371,1678
749,1679
752,1680
594,1681
1398,1682
1288,1683
1235,1684
401,1685
1153,1686
768,1687
12,1688
111,1689
65,1690
1309,1691
506,1692
413,1693
1691,1694
583,1695
701,1696
229,1697
1604,1698
123,1699
466,1700
1521,1701
60,1702
1465,1703
169,1704
564,1705
1225,1706
1233,1707
1396,1708
835,1709
699,1710
1339,1711
142,1712
271,1713
1103,1714
176,1715
104,1716
1194,1717
1633,1718
1088,1719
1049,1720
7,1721
576,1722
1509,1723
1547,1724
919,1725
777,1726
637,1727
159,1728
1356,1729
1062,1730
829,1731
1148,1732
175,1733
236,1734
273,1735
364,1736
547,1737
230,1738
1405,1739
1327,1740
1715,1741
816,1742
914,1743
1492,1744
1452,1745
1233,1746
627,1747
997,1748
660,1749
897,1750
855,1751
492,1752
105,1753
337,1754
1600,1755
855,1756
1499,1757
993,1758
697,1759
1295,1760
883,1761
580,1762
991,1763
933,1764
136,1765
1698,1766
1710,1767
1615,1768
499,1769
441,1770
266,1771
1395,1772
1327,1773
456,1774
1755,1775
431,1776
366,1777
105,1778
1658,1779
387,1780
147,1781
8,1782
1082,1783
61,1784
933,1785
121,1786
1222,1787
964,1788
1579,1789
1223,1790
1364,1791
1746,1792
145,1793
1041,1794
1261,1795
150,1796
55,1797
1765,1798
375,1799
442,1800
452,1801
978,1802
1226,1803
841,1804
1263,1805
1495,1806
1482,1807
1618,1808
1650,1809
767,1810
1200,1811
1025,1812
618,1813
1643,1814
594,1815
551,1816
1773,1817
1331,1818
1242,1819
933,1820
120,1821
530,1822
1537,1823
260,1824
1422,1825
1257,1826
1747,1827
164,1828
928,1829
1240,1830
1781,1831
995,1832
341,1833
1518,1834
190,1835
1239,1836
240,1837
963,1838
1107,1839
275,1840
36,1841
1568,1842
1342,1843
863,1844
1157,1845
1599,1846
374,1847
721,1848
60,1849
711,1850
1583,1851
1727,1852
579,1853
672,1854
974,1855
441,1856
1646,1857
583,1858
461,1859
116,1860
18,1861
567,1862
597,1863
1557,1864
513,1865
851,1866
903,1867
591,1868
707,1869
1034,1870
1117,1871
1631,1872
1548,1873
908,1874
1764,1875
1025,1876
283,1877
828,1878
285,1879
1426,1880
1758,1881
432,1882
300,1883
1156,1884
1657,1885
1003,1886
162,1887
545,1888
659,1889
919,1890
1835,1891
1020,1892
1010,1893
1349,1894
1718,1895
660,1896
1554,1897
1613,1898
1035,1899
1440,1900
1840,1901
344,1902
732,1903
324,1904
1056,1905
613,1906
1774,1907
1405,1908
179,1909
1573,1910
554,1911
14,1912
1301,1913
1011,1914
904,1915
715,1916
630,1917
1607,1918
1481,1919
243,1920
733,1921
1720,1922
1907,1923
1535,1924
1039,1925
1327,1926
545,1927
1021,1928
314,1929
964,1930
191,1931
276,1932
833,1933
940,1934
600,1935
92,1936
831,1937
508,1938
1420,1939
793,1940
815,1941
1607,1942
1887,1943
1080,1944
459,1945
1527,1946
1888,1947
1627,1948
1193,1949
522,1950
1419,1951
508,1952
1299,1953
38,1954
1837,1955
1780,1956
1296,1957
58,1958
120,1959
1521,1960
1313,1961
544,1962
3,1963
1947,1964
1862,1965
1612,1966
1208,1967
813,1968
268,1969
1059,1970
830,1971
1850,1972
1951,1973
219,1974
1013,1975
60,1976
934,1977
1068,1978
927,1979
328,1980
164,1981
1014,1982
90,1983
1852,1984
1029,1985
1338,1986
1597,1987
22,1988
790,1989
982,1990
857,1991
1912,1992
344,1993
1886,1994
15,1995
193,1996
1285,1997
568,1998
926,1999
1352,2000
1235,2001
1040,2002
1526,2003
610,2004
921,2005
2000,2006
1735,2007
703,2008
334,2009
215,2010
92,2011
622,2012
673,2013
294,2014
849,2015
235,2016
314,2017
660,2018
1155,2019
854,2020
1081,2021
1814,2022
132,2023
1491,2024
1076,2025
45,2026
1652,2027
541,2028
128,2029
201,2030
359,2031
993,2032
1532,2033
2029,2034
120,2035
1918,2036
1843,2037
675,2038
45,2039
513,2040
955,2041
1726,2042
0,2043
988,2044
853,2045
1720,2046
1713,2047
928,2048
1098,2049
1562,2050
919,2051
717,2052
116,2053
1282,2054
461,2055
1411,2056
880,2057
370,2058
1996,2059
1732,2060
449,2061
348,2062
750,2063
1758,2064
225,2065
1809,2066
1018,2067
1762,2068
1384,2069
435,2070
739,2071
1597,2072
210,2073
1272,2074
868,2075
399,2076
1398,2077
1160,2078
383,2079
1930,2080
156,2081
1678,2082
1282,2083
214,2084
1910,2085
1711,2086
1711,2087
42,2088
1324,2089
81,2090
902,2091
1476,2092
399,2093
1633,2094
651,2095
478,2096
1543,2097
341,2098
1725,2099
1980,2100
1844,2101
1810,2102
1477,2103
578,2104
1039,2105
392,2106
1090,2107
391,2108
569,2109
1254,2110
1620,2111
1548,2112
615,2113
1748,2114
538,2115
291,2116
34,2117
1387,2118
994,2119
217,2120
1308,2121
1809,2122
1455,2123
944,2124
913,2125
213,2126
368,2127
535,2128
565,2129
1678,2130
993,2131
2054,2132
564,2133
1004,2134
251,2135
2077,2136
1189,2137
107,2138
1563,2139
117,2140
108,2141
1796,2142
1989,2143
736,2144
520,2145
1756,2146
1838,2147
1157,2148
1585,2149
883,2150
1656,2151
529,2152
551,2153
1543,2154
1322,2155
1015,2156
2110,2157
957,2158
186,2159
1644,2160
276,2161
1423,2162
795,2163
194,2164
109,2165
321,2166
613,2167
1512,2168
315,2169
244,2170
1771,2171
2005,2172
128,2173
1239,2174
857,2175
1490,2176
1747,2177
312,2178
1640,2179
158,2180
237,2181
601,2182
1363,2183
1276,2184
1292,2185
1176,2186
345,2187
342,2188
650,2189
399,2190
1125,2191
1507,2192
138,2193
2193,2194
2017,2195
2187,2196
31,2197
215,2198
1332,2199
1402,2200
782,2201
855,2202
2134,2203
2023,2204
843,2205
1290,2206
855,2207
2165,2208
354,2209
290,2210
1790,2211
1908,2212
867,2213
1086,2214
2102,2215
2039,2216
1493,2217
212,2218
2078,2219
1299,2220
606,2221
1649,2222
120,2223
343,2224
2133,2225
1914,2226
2214,2227
1225,2228
1995,2229
863,2230
492,2231
1093,2232
1697,2233
105,2234
2190,2235
67,2236
887,2237
140,2238
1850,2239
1057,2240
2166,2241
2227,2242
445,2243
2070,2244
953,2245
729,2246
1216,2247
1455,2248
21,2249
10,2250
561,2251
1621,2252
840,2253
675,2254
161,2255
2201,2256
426,2257
488,2258
1739,2259
81,2260
646,2261
2215,2262
1132,2263
1223,2264
1874,2265
1099,2266
737,2267
1194,2268
1526,2269
1191,2270
2014,2271
908,2272
1537,2273
1336,2274
2116,2275
1397,2276
625,2277
1664,2278
596,2279
2165,2280
2144,2281
754,2282
1463,2283
2270,2284
649,2285
648,2286
1165,2287
351,2288
707,2289
1920,2290
1132,2291
1680,2292
2128,2293
433,2294
342,2295
1256,2296
2179,2297
1227,2298
1950,2299
2273,2300
531,2301
1002,2302
2242,2303
1531,2304
396,2305
298,2306
169,2307
978,2308
220,2309
649,2310
529,2311
2224,2312
1733,2313
965,2314
885,2315
2208,2316
92,2317
821,2318
981,2319
1761,2320
1308,2321
1264,2322
1525,2323
1807,2324
2107,2325
863,2326
460,2327
2217,2328
1660,2329
390,2330
515,2331
725,2332
1066,2333
1823,2334
820,2335
817,2336
1943,2337
376,2338
1832,2339
1089,2340
581,2341
721,2342
134,2343
383,2344
1127,2345
905,2346
1854,2347
860,2348
614,2349
873,2350
750,2351
2215,2352
2150,2353
974,2354
57,2355
1026,2356
1640,2357
1912,2358
358,2359
1378,2360
1904,2361
583,2362
1977,2363
228,2364
883,2365
932,2366
13,2367
1558,2368
2002,2369
1150,2370
788,2371
123,2372
2226,2373
430,2374
1548,2375
705,2376
901,2377
253,2378
1792,2379
1383,2380
282,2381
987,2382
872,2383
338,2384
1844,2385
1142,2386
772,2387
1281,2388
2057,2389
794,2390
2310,2391
292,2392
929,2393
899,2394
1824,2395
324,2396
1925,2397
2307,2398
539,2399
823,2400
1265,2401
1102,2402
1948,2403
570,2404
1248,2405
586,2406
1196,2407
1580,2408
46,2409
1735,2410
1709,2411
529,2412
1785,2413
1052,2414
1537,2415
1013,2416
1908,2417
161,2418
284,2419
1616,2420
1544,2421
1656,2422
1034,2423
655,2424
557,2425
769,2426
2305,2427
597,2428
2067,2429
1298,2430
2009,2431
2278,2432
1786,2433
1752,2434
1626,2435
1266,2436
2222,2437
440,2438
303,2439
1407,2440
2088,2441
1415,2442
2129,2443
1422,2444
52,2445
1152,2446
2166,2447
1447,2448
2314,2449
147,2450
1511,2451
1036,2452
2186,2453
2306,2454
679,2455
1208,2456
2180,2457
2446,2458
2402,2459
701,2460
2313,2461
2103,2462
1027,2463
977,2464
870,2465
1676,2466
1788,2467
1169,2468
251,2469
1280,2470
1345,2471
1694,2472
2126,2473
1259,2474
1105,2475
529,2476
1859,2477
213,2478
482,2479
2256,2480
461,2481
25,2482
800,2483
468,2484
24,2485
568,2486
1218,2487
758,2488
1475,2489
1363,2490
1964,2491
871,2492
1661,2493
678,2494
1132,2495
1895,2496
1519,2497
2367,2498
145,2499
2359,2500
1035,2501
644,2502
1035,2503
241,2504
479,2505
641,2506
561,2507
2286,2508
842,2509
326,2510
855,2511
1984,2512
2104,2513
951,2514
1154,2515
1499,2516
380,2517
871,2518
1684,2519
2446,2520
22,2521
2031,2522
965,2523
1168,2524
732,2525
918,2526
1481,2527
1551,2528
1978,2529
2308,2530
2434,2531
710,2532
1338,2533
994,2534
1796,2535
707,2536
2288,2537
1431,2538
1839,2539
86,2540
158,2541
1830,2542
807,2543
837,2544
607,2545
1105,2546
1589,2547
1388,2548
20,2549
2320,2550
2149,2551
1773,2552
1800,2553
24,2554
50,2555
686,2556
1624,2557
2367,2558
56,2559
143,2560
1600,2561
1009,2562
2277,2563
853,2564
2111,2565
1800,2566
283,2567
454,2568
1431,2569
833,2570
335,2571
2281,2572
97,2573
2389,2574
94,2575
913,2576
644,2577
1496,2578
505,2579
2172,2580
1333,2581
435,2582
1857,2583
2354,2584
2570,2585
2187,2586
584,2587
795,2588
607,2589
2398,2590
617,2591
2478,2592
1215,2593
665,2594
2238,2595
833,2596
363,2597
1156,2598
845,2599
260,2600
2057,2601
2030,2602
255,2603
1356,2604
347,2605
2200,2606
1032,2607
2249,2608
1694,2609
53,2610
771,2611
279,2612
1983,2613
2379,2614
1542,2615
1984,2616
616,2617
1775,2618
2300,2619
2101,2620
1450,2621
120,2622
1515,2623
2569,2624
1453,2625
383,2626
1588,2627
50,2628
247,2629
1684,2630
1509,2631
1195,2632
2279,2633
963,2634
967,2635
431,2636
693,2637
700,2638
128,2639
995,2640
2093,2641
300,2642
2580,2643
1466,2644
409,2645
2214,2646
448,2647
1318,2648
177,2649
366,2650
527,2651
96,2652
1378,2653
1507,2654
1753,2655
345,2656
1572,2657
123,2658
2396,2659
6,2660
1306,2661
1788,2662
1183,2663
869,2664
1045,2665
1552,2666
1418,2667
1732,2668
1278,2669
1452,2670
1858,2671
1669,2672
1677,2673
2423,2674
493,2675
1131,2676
2242,2677
776,2678
1686,2679
259,2680
755,2681
968,2682
948,2683
1608,2684
1185,2685
387,2686
674,2687
1847,2688
729,2689
1769,2690
1117,2691
2411,2692
2404,2693
1899,2694
1553,2695
58,2696
845,2697
2428,2698
2472,2699
2557,2700
2500,2701
1306,2702
1274,2703
1449,2704
2207,2705
437,2706
2334,2707
1520,2708
2531,2709
1464,2710
2280,2711
919,2712
646,2713
590,2714
676,2715
2410,2716
730,2717
1567,2718
2448,2719
973,2720
1775,2721
1369,2722
416,2723
2045,2724
2391,2725
2275,2726
605,2727
1235,2728
45,2729
1579,2730
2318,2731
1875,2732
676,2733
984,2734
2073,2735
190,2736
2356,2737
1399,2738
1008,2739
1363,2740
444,2741
1772,2742
1965,2743
2063,2744
1726,2745
676,2746
1522,2747
2037,2748
938,2749
2312,2750
2130,2751
522,2752
391,2753
1099,2754
1730,2755
2568,2756
830,2757
1112,2758
1206,2759
1997,2760
2539,2761
597,2762
509,2763
530,2764
2040,2765
339,2766
2257,2767
1314,2768
2219,2769
2262,2770
2733,2771
1552,2772
1398,2773
1372,2774
2500,2775
204,2776
2625,2777
821,2778
1878,2779
2761,2780
2502,2781
904,2782
1479,2783
2639,2784
1374,2785
1858,2786
614,2787
1108,2788
2399,2789
2395,2790
2692,2791
454,2792
1955,2793
2702,2794
478,2795
1,2796
1189,2797
158,2798
2352,2799
511,2800
2448,2801
1852,2802
94,2803
1584,2804
842,2805
2740,2806
608,2807
2342,2808
2140,2809
1941,2810
1371,2811
1406,2812
1559,2813
918,2814
1829,2815
583,2816
46,2817
1357,2818
812,2819
2271,2820
2232,2821
392,2822
1940,2823
2285,2824
463,2825
2298,2826
1371,2827
656,2828
9,2829
1428,2830
1768,2831
1943,2832
2772,2833
1023,2834
2718,2835
1537,2836
1745,2837
53,2838
1063,2839
584,2840
1501,2841
1476,2842
1686,2843
380,2844
24,2845
2315,2846
2651,2847
70,2848
1164,2849
1971,2850
155,2851
210,2852
68,2853
523,2854
2535,2855
1910,2856
137,2857
1200,2858
1603,2859
208,2860
1820,2861
794,2862
99,2863
2862,2864
2,2865
935,2866
267,2867
205,2868
2053,2869
2843,2870
112,2871
2663,2872
2147,2873
671,2874
2163,2875
1394,2876
1450,2877
2525,2878
886,2879
2056,2880
1722,2881
2841,2882
2159,2883
1035,2884
2343,2885
162,2886
524,2887
2879,2888
387,2889
2274,2890
1555,2891
1435,2892
428,2893
1110,2894
408,2895
2036,2896
1394,2897
891,2898
1713,2899
172,2900
2462,2901
1838,2902
1155,2903
2070,2904
586,2905
814,2906
554,2907
1415,2908
1358,2909
2529,2910
1838,2911
302,2912
926,2913
2086,2914
1819,2915
1919,2916
1804,2917
1988,2918
51,2919
2742,2920
1179,2921
515,2922
176,2923
1790,2924
1094,2925
1262,2926
1155,2927
2911,2928
2650,2929
1140,2930
521,2931
1344,2932
1850,2933
434,2934
1126,2935
799,2936
513,2937
2683,2938
746,2939
2574,2940
2550,2941
1950,2942
108,2943
1364,2944
819,2945
1108,2946
931,2947
443,2948
538,2949
2649,2950
2149,2951
2584,2952
1783,2953
1494,2954
676,2955
291,2956
8,2957
2109,2958
2189,2959
1480,2960
1738,2961
1239,2962
2477,2963
1831,2964
2949,2965
774,2966
896,2967
907,2968
2611,2969
1957,2970
2627,2971
667,2972
1943,2973
2419,2974
1600,2975
1587,2976
568,2977
2267,2978
855,2979
1848,2980
2116,2981
709,2982
122,2983
1769,2984
39,2985
2549,2986
2430,2987
1573,2988
2289,2989
1539,2990
1250,2991
995,2992
2427,2993
754,2994
1166,2995
302,2996
485,2997
1705,2998
1967,2999
280,3000
2811,3001
1686,3002
2372,3003
34,3004
2231,3005
1911,3006
248,3007
2744,3008
267,3009
11,3010
525,3011
1447,3012
276,3013
2045,3014
2939,3015
2397,3016
581,3017
1076,3018
613,3019
1675,3020
2403,3021
2844,3022
85,3023
11,3024
2771,3025
381,3026
2981,3027
2723,3028
118,3029
765,3030
1104,3031
366,3032
580,3033
2527,3034
2426,3035
932,3036
559,3037
1695,3038
651,3039
1047,3040
1182,3041
2756,3042
540,3043
2576,3044
2861,3045
1003,3046
321,3047
603,3048
2538,3049
2021,3050
3023,3051
1474,3052
2122,3053
122,3054
2284,3055
2716,3056
1348,3057
963,3058
2009,3059
3032,3060
2786,3061
40,3062
416,3063
1057,3064
2272,3065
77,3066
3039,3067
1737,3068
2057,3069
2728,3070
2748,3071
879,3072
1964,3073
2191,3074
945,3075
1551,3076
576,3077
1559,3078
2427,3079
2772,3080
265,3081
3027,3082
2459,3083
246,3084
75,3085
288,3086
212,3087
1414,3088
1075,3089
369,3090
2834,3091
1222,3092
1017,3093
1001,3094
1582,3095
2820,3096
2941,3097
726,3098
1477,3099
1665,3100
2188,3101
2043,3102
992,3103
945,3104
2645,3105
1468,3106
1561,3107
1294,3108
1924,3109
2191,3110
2133,3111
2081,3112
1843,3113
1624,3114
2731,3115
1905,3116
38,3117
108,3118
108,3119
1225,3120
909,3121
821,3122
103,3123
2200,3124
2002,3125
77,3126
2044,3127
455,3128
264,3129
2748,3130
2354,3131
1670,3132
2929,3133
974,3134
1262,3135
745,3136
190,3137
1916,3138
2928,3139
2068,3140
2624,3141
1318,3142
3120,3143
1922,3144
2969,3145
1480,3146
1613,3147
145,3148
2183,3149
3027,3150
1227,3151
2131,3152
456,3153
2610,3154
2366,3155
2630,3156
186,3157
2240,3158
824,3159
968,3160
2694,3161
563,3162
1348,3163
1351,3164
2390,3165
1062,3166
995,3167
2996,3168
847,3169
1640,3170
2676,3171
1755,3172
239,3173
159,3174
1288,3175
1378,3176
2737,3177
907,3178
1114,3179
1620,3180
1977,3181
3020,3182
2574,3183
2156,3184
1318,3185
3103,3186
2458,3187
3114,3188
569,3189
2995,3190
396,3191
185,3192
1261,3193
801,3194
469,3195
1410,3196
2215,3197
1438,3198
2316,3199
1034,3200
2986,3201
2294,3202
1330,3203
1845,3204
2771,3205
2390,3206
562,3207
577,3208
232,3209
1644,3210
2090,3211
1247,3212
1198,3213
708,3214
1842,3215
651,3216
2710,3217
2463,3218
885,3219
2462,3220
1414,3221
2169,3222
2757,3223
1613,3224
2934,3225
1990,3226
2355,3227
1264,3228
1909,3229
838,3230
2954,3231
1704,3232
2260,3233
12,3234
2356,3235
1815,3236
273,3237
1547,3238
2249,3239
612,3240
2601,3241
978,3242
1728,3243
1706,3244
3214,3245
1896,3246
1374,3247
2920,3248
2672,3249
772,3250
2873,3251
389,3252
2366,3253
2853,3254
1588,3255
1467,3256
1162,3257
2860,3258
1691,3259
3225,3260
1485,3261
1914,3262
693,3263
2635,3264
1059,3265
1854,3266
1957,3267
1542,3268
1134,3269
2860,3270
1281,3271
2478,3272
2233,3273
2408,3274
2977,3275
2122,3276
291,3277
3244,3278
1776,3279
2602,3280
824,3281
1074,3282
2945,3283
786,3284
39,3285
3015,3286
871,3287
403,3288
1580,3289
273,3290
1639,3291
187,3292
2525,3293
1262,3294
1129,3295
1762,3296
2844,3297
178,3298
2759,3299
128,3300
2150,3301
1466,3302
3022,3303
2395,3304
2558,3305
284,3306
2712,3307
1782,3308
3076,3309
756,3310
1857,3311
396,3312
2215,3313
2595,3314
2484,3315
1953,3316
546,3317
2418,3318
374,3319
3045,3320
2910,3321
2292,3322
2366,3323
1472,3324
589,3325
713,3326
3174,3327
2919,3328
98,3329
1599,3330
2879,3331
2697,3332
2712,3333
1372,3334
1676,3335
892,3336
2150,3337
1515,3338
3030,3339
1509,3340
2486,3341
2771,3342
2598,3343
588,3344
2818,3345
1139,3346
347,3347
1644,3348
1032,3349
1901,3350
3313,3351
21,3352
2532,3353
2144,3354
667,3355
2669,3356
2144,3357
124,3358
3014,3359
595,3360
121,3361
1364,3362
2926,3363
2917,3364
3151,3365
2446,3366
247,3367
1021,3368
945,3369
3176,3370
732,3371
2603,3372
406,3373
3263,3374
1036,3375
1406,3376
681,3377
425,3378
2999,3379
2475,3380
1830,3381
653,3382
1177,3383
1027,3384
1705,3385
3150,3386
1281,3387
3139,3388
1843,3389
1789,3390
3080,3391
2186,3392
2826,3393
2581,3394
2922,3395
1810,3396
1406,3397
1216,3398
1493,3399
3209,3400
2729,3401
1657,3402
354,3403
2771,3404
1167,3405
1085,3406
2778,3407
3122,3408
254,3409
881,3410
1253,3411
938,3412
11,3413
2175,3414
587,3415
3191,3416
3340,3417
2877,3418
395,3419
1693,3420
2484,3421
1046,3422
3397,3423
920,3424
2951,3425
2289,3426
2795,3427
3134,3428
2396,3429
470,3430
371,3431
2082,3432
2308,3433
2717,3434
1753,3435
1650,3436
3418,3437
1040,3438
203,3439
119,3440
809,3441
1040,3442
675,3443
2235,3444
2317,3445
1862,3446
2201,3447
1953,3448
2453,3449
486,3450
1676,3451
1161,3452
2945,3453
1884,3454
1846,3455
2890,3456
2982,3457
3355,3458
2056,3459
1292,3460
3248,3461
348,3462
846,3463
628,3464
2064,3465
1243,3466
1699,3467
2339,3468
737,3469
115,3470
3050,3471
284,3472
13,3473
1020,3474
3136,3475
2883,3476
3218,3477
265,3478
1423,3479
3259,3480
994,3481
2823,3482
1274,3483
2838,3484
961,3485
1652,3486
2113,3487
954,3488
2913,3489
679,3490
2097,3491
726,3492
2516,3493
1417,3494
2961,3495
2417,3496
1219,3497
2535,3498
2930,3499
1,3500
3384,3501
3149,3502
1084,3503
2445,3504
698,3505
216,3506
3379,3507
1196,3508
3196,3509
3222,3510
1133,3511
1713,3512
1345,3513
772,3514
3105,3515
1799,3516
3307,3517
314,3518
897,3519
479,3520
411,3521
1941,3522
1026,3523
475,3524
248,3525
2988,3526
2939,3527
2665,3528
1673,3529
1407,3530
346,3531
3405,3532
347,3533
1954,3534
1257,3535
2774,3536
320,3537
958,3538
3449,3539
819,3540
691,3541
308,3542
2609,3543
3167,3544
425,3545
206,3546
3205,3547
3052,3548
3133,3549
2706,3550
2698,3551
3128,3552
1175,3553
134,3554
1932,3555
2878,3556
1424,3557
1882,3558
3537,3559
696,3560
3290,3561
411,3562
1440,3563
1885,3564
3547,3565
40,3566
1607,3567
2912,3568
3365,3569
3371,3570
2827,3571
526,3572
1753,3573
1231,3574
1132,3575
1221,3576
1832,3577
3429,3578
1611,3579
1690,3580
543,3581
3491,3582
97,3583
467,3584
1966,3585
1807,3586
383,3587
2689,3588
1505,3589
3387,3590
2670,3591
3403,3592
1300,3593
884,3594
1455,3595
220,3596
962,3597
842,3598
855,3599
2356,3600
671,3601
1596,3602
3470,3603
1629,3604
2602,3605
1013,3606
474,3607
1710,3608
2215,3609
423,3610
255,3611
1864,3612
2923,3613
548,3614
26,3615
2000,3616
517,3617
3598,3618
612,3619
972,3620
3002,3621
3057,3622
2625,3623
618,3624
733,3625
1890,3626
686,3627
1878,3628
169,3629
1082,3630
2995,3631
2644,3632
516,3633
1371,3634
1293,3635
239,3636
3046,3637
119,3638
1418,3639
1675,3640
1246,3641
881,3642
542,3643
2668,3644
2570,3645
771,3646
3155,3647
743,3648
3079,3649
2453,3650
1778,3651
2006,3652
2980,3653
2891,3654
2033,3655
583,3656
3178,3657
596,3658
503,3659
752,3660
1892,3661
3582,3662
2852,3663
3137,3664
948,3665
631,3666
2045,3667
239,3668
2252,3669
1449,3670
1919,3671
3670,3672
3409,3673
2616,3674
679,3675
2746,3676
66,3677
766,3678
1190,3679
595,3680
357,3681
1274,3682
1021,3683
320,3684
153,3685
2946,3686
826,3687
1763,3688
199,3689
3123,3690
1811,3691
1835,3692
3420,3693
576,3694
2516,3695
141,3696
1739,3697
2641,3698
1885,3699
2947,3700
1366,3701
2472,3702
55,3703
1272,3704
1187,3705
2274,3706
1480,3707
3056,3708
611,3709
116,3710
2171,3711
551,3712
2588,3713
1643,3714
3651,3715
2376,3716
2471,3717
3223,3718
2396,3719
3167,3720
2074,3721
172,3722
2143,3723
594,3724
1650,3725
1045,3726
1264,3727
3332,3728
1768,3729
237,3730
2952,3731
1784,3732
2570,3733
2248,3734
2831,3735
318,3736
2909,3737
1565,3738
3065,3739
882,3740
2802,3741
2565,3742
1987,3743
3399,3744
1552,3745
2675,3746
251,3747
3547,3748
501,3749
2195,3750
2053,3751
284,3752
213,3753
3207,3754
887,3755
2739,3756
2795,3757
3184,3758
2479,3759
2927,3760
739,3761
2680,3762
993,3763
2879,3764
3463,3765
859,3766
387,3767
1237,3768
2713,3769
586,3770
2894,3771
3697,3772
2571,3773
2115,3774
670,3775
151,3776
317,3777
851,3778
834,3779
3773,3780
2461,3781
2401,3782
2841,3783
2366,3784
2561,3785
1043,3786
854,3787
1102,3788
90,3789
3112,3790
3269,3791
1168,3792
3128,3793
3436,3794
1200,3795
3552,3796
90,3797
1424,3798
2695,3799
1924,3800
221,3801
3421,3802
42,3803
3634,3804
450,3805
1145,3806
3430,3807
1611,3808
3439,3809
42,3810
1606,3811
1056,3812
2533,3813
251,3814
2892,3815
3692,3816
2212,3817
1654,3818
2192,3819
1450,3820
3616,3821
258,3822
515,3823
971,3824
2268,3825
1126,3826
2504,3827
54,3828
2594,3829
2304,3830
131,3831
1311,3832
3686,3833
1869,3834
1459,3835
3470,3836
698,3837
1932,3838
2404,3839
2458,3840
1910,3841
67,3842
433,3843
3413,3844
3488,3845
803,3846
3198,3847
3489,3848
1005,3849
150,3850
1812,3851
1243,3852
2833,3853
3834,3854
1336,3855
2937,3856
460,3857
3192,3858
961,3859
36,3860
1910,3861
3451,3862
806,3863
2123,3864
2951,3865
3770,3866
3226,3867
3278,3868
430,3869
2491,3870
821,3871
2680,3872
3383,3873
1255,3874
3777,3875
2792,3876
34,3877
2451,3878
1500,3879
3593,3880
203,3881
1060,3882
969,3883
1068,3884
2633,3885
690,3886
2134,3887
1157,3888
1920,3889
427,3890
2339,3891
2107,3892
372,3893
302,3894
929,3895
2850,3896
3029,3897
3780,3898
2900,3899
431,3900
3352,3901
680,3902
3299,3903
2500,3904
1071,3905
3757,3906
1471,3907
738,3908
3702,3909
1706,3910
1810,3911
32,3912
547,3913
2086,3914
2525,3915
501,3916
3061,3917
891,3918
1286,3919
2846,3920
675,3921
2734,3922
199,3923
53,3924
2065,3925
3923,3926
1785,3927
689,3928
329,3929
2313,3930
3012,3931
3060,3932
875,3933
1933,3934
2587,3935
2342,3936
1540,3937
3185,3938
1262,3939
423,3940
513,3941
3825,3942
3063,3943
1368,3944
1630,3945
3705,3946
3087,3947
2398,3948
708,3949
879,3950
3304,3951
1557,3952
3215,3953
267,3954
3032,3955
602,3956
1020,3957
629,3958
508,3959
2085,3960
1239,3961
2598,3962
3225,3963
147,3964
3690,3965
3049,3966
689,3967
3452,3968
3529,3969
3336,3970
1690,3971
3581,3972
1269,3973
3690,3974
3662,3975
2485,3976
3897,3977
1711,3978
3656,3979
3155,3980
3059,3981
1331,3982
428,3983
262,3984
1579,3985
3084,3986
3608,3987
2159,3988
1040,3989
163,3990
348,3991
2510,3992
2853,3993
1416,3994
3241,3995
3351,3996
193,3997
3400,3998
3418,3999
76,4000
417,4001
1392,4002
2735,4003
858,4004
1905,4005
884,4006
2069,4007
2686,4008
2951,4009
3831,4010
1021,4011
3132,4012
1589,4013
2048,4014
1202,4015
3959,4016
1614,4017
2025,4018
3922,4019
486,4020
3943,4021
89,4022
2040,4023
2088,4024
3653,4025
1132,4026
3252,4027
3341,4028
3673,4029
2459,4030
617,4031
546,4032
3765,4033
733,4034
2103,4035
2212,4036
3614,4037
3476,4038
3745,4039
1839,4040
2878,4041
3697,4042
3332,4043
3306,4044
2673,4045
353,4046
131,4047
3598,4048
2924,4049
1778,4050
3828,4051
400,4052
1768,4053
1964,4054
3256,4055
2510,4056
1624,4057
1322,4058
390,4059
2595,4060
832,4061
540,4062
1977,4063
1056,4064
945,4065
1203,4066
2884,4067
1670,4068
2185,4069
332,4070
1186,4071
1108,4072
4019,4073
2706,4074
1173,4075
228,4076
2128,4077
657,4078
3350,4079
2752,4080
1525,4081
1858,4082
3734,4083
710,4084
1910,4085
3660,4086
1032,4087
304,4088
804,4089
1469,4090
3431,4091
3701,4092
372,4093
3118,4094
2716,4095
1603,4096
2623,4097
570,4098
1189,4099
2826,4100
690,4101
2851,4102
2293,4103
1556,4104
2192,4105
2799,4106
1349,4107
3892,4108
3149,4109
1956,4110
104,4111
1114,4112
2934,4113
53,4114
3452,4115
3445,4116
3720,4117
1582,4118
1866,4119
1401,4120
3046,4121
3930,4122
3433,4123
3749,4124
1186,4125
3528,4126
2921,4127
3519,4128
3,4129
3045,4130
2713,4131
3711,4132
3950,4133
1878,4134
2974,4135
1886,4136
851,4137
1295,4138
173,4139
851,4140
1071,4141
3273,4142
2052,4143
227,4144
2075,4145
111,4146
2335,4147
1437,4148
3082,4149
536,4150
4127,4151
619,4152
1957,4153
2149,4154
3991,4155
3722,4156
550,4157
1081,4158
3164,4159
667,4160
196,4161
2461,4162
2723,4163
2360,4164
1148,4165
637,4166
2787,4167
1089,4168
858,4169
1942,4170
665,4171
3760,4172
1728,4173
14,4174
323,4175
1379,4176
1227,4177
1668,4178
796,4179
4029,4180
1442,4181
2986,4182
2892,4183
3292,4184
1093,4185
2446,4186
1784,4187
1718,4188
2832,4189
111,4190
2358,4191
2767,4192
1894,4193
2402,4194
2191,4195
2523,4196
1137,4197
327,4198
3770,4199
1182,4200
2035,4201
4026,4202
3515,4203
285,4204
3417,4205
2125,4206
1701,4207
1923,4208
1547,4209
3852,4210
2058,4211
2747,4212
3977,4213
324,4214
2139,4215
596,4216
1244,4217
2804,4218
3905,4219
894,4220
57,4221
2820,4222
1738,4223
1757,4224
890,4225
3735,4226
1942,4227
1791,4228
1808,4229
2155,4230
2761,4231
2298,4232
3205,4233
865,4234
3684,4235
2029,4236
520,4237
152,4238
1359,4239
633,4240
2130,4241
1514,4242
1570,4243
3970,4244
4143,4245
3045,4246
80,4247
1241,4248
45,4249
3694,4250
186,4251
3194,4252
1509,4253
980,4254
1989,4255
1839,4256
2358,4257
1053,4258
1201,4259
1464,4260
1386,4261
3038,4262
960,4263
1224,4264
2260,4265
2097,4266
539,4267
77,4268
66,4269
1243,4270
914,4271
2468,4272
861,4273
1434,4274
686,4275
2689,4276
1644,4277
3903,4278
2571,4279
1367,4280
1666,4281
3810,4282
3108,4283
1529,4284
976,4285
1621,4286
1877,4287
2628,4288
1915,4289
4101,4290
2579,4291
3350,4292
3560,4293
734,4294
1091,4295
2340,4296
3162,4297
290,4298
633,4299
3768,4300
1707,4301
927,4302
1313,4303
2662,4304
2505,4305
3093,4306
2776,4307
2679,4308
241,4309
320,4310
517,4311
2609,4312
197,4313
82,4314
1609,4315
3254,4316
2648,4317
1110,4318
228,4319
3884,4320
2357,4321
1979,4322
3337,4323
1777,4324
3150,4325
3297,4326
4279,4327
1518,4328
494,4329
4089,4330
2111,4331
2998,4332
468,4333
2197,4334
1421,4335
2152,4336
2880,4337
1558,4338
3827,4339
2282,4340
3346,4341
4051,4342
3631,4343
3152,4344
1631,4345
3063,4346
423,4347
2285,4348
1175,4349
2129,4350
3746,4351
3331,4352
3414,4353
2747,4354
3010,4355
231,4356
459,4357
1516,4358
115,4359
1123,4360
706,4361
975,4362
1090,4363
1232,4364
2657,4365
1523,4366
2706,4367
3364,4368
1007,4369
1958,4370
2744,4371
2042,4372
3248,4373
4154,4374
3790,4375
2212,4376
870,4377
3831,4378
2408,4379
2929,4380
1823,4381
4164,4382
4026,4383
1621,4384
4107,4385
1125,4386
4024,4387
1729,4388
1880,4389
2321,4390
1872,4391
1229,4392
2451,4393
710,4394
600,4395
1046,4396
1805,4397
1703,4398
540,4399
3305,4400
4288,4401
829,4402
4268,4403
569,4404
4265,4405
1785,4406
3095,4407
2156,4408
4370,4409
2440,4410
1380,4411
552,4412
32,4413
3010,4414
4129,4415
2399,4416
3673,4417
682,4418
4195,4419
3144,4420
2185,4421
2295,4422
2268,4423
1441,4424
3016,4425
3953,4426
511,4427
3788,4428
953,4429
1214,4430
1657,4431
2503,4432
2505,4433
416,4434
4428,4435
3648,4436
161,4437
698,4438
623,4439
2211,4440
3746,4441
570,4442
3481,4443
4125,4444
796,4445
72,4446
3671,4447
1527,4448
3971,4449
1225,4450
3856,4451
1817,4452
1444,4453
3290,4454
3229,4455
451,4456
3311,4457
3678,4458
3071,4459
1857,4460
2012,4461
512,4462
4240,4463
4327,4464
2117,4465
418,4466
1771,4467
184,4468
3401,4469
3600,4470
1534,4471
1963,4472
2268,4473
3815,4474
1204,4475
3452,4476
3170,4477
1308,4478
2080,4479
2326,4480
1852,4481
1153,4482
2818,4483
3515,4484
44,4485
2843,4486
3586,4487
4456,4488
3595,4489
1642,4490
2239,4491
4407,4492
3808,4493
2004,4494
3544,4495
1849,4496
3681,4497
3592,4498
801,4499
3665,4500
2036,4501
1237,4502
297,4503
842,4504
3628,4505
605,4506
719,4507
3356,4508
2713,4509
996,4510
3511,4511
3077,4512
1213,4513
2096,4514
1186,4515
2448,4516
4354,4517
41,4518
1621,4519
3427,4520
789,4521
842,4522
4468,4523
2385,4524
2211,4525
3116,4526
380,4527
3829,4528
615,4529
4350,4530
1187,4531
1024,4532
157,4533
2313,4534
1662,4535
1209,4536
1843,4537
3432,4538
2504,4539
1741,4540
4020,4541
3107,4542
137,4543
1105,4544
3612,4545
4171,4546
517,4547
709,4548
3156,4549
3611,4550
2561,4551
1774,4552
2617,4553
3918,4554
3619,4555
4050,4556
2020,4557
2393,4558
2805,4559
3319,4560
2896,4561
2340,4562
1989,4563
1433,4564
2724,4565
1406,4566
34,4567
366,4568
1389,4569
4021,4570
2356,4571
3552,4572
2659,4573
3932,4574
480,4575
858,4576
1545,4577
3092,4578
3586,4579
988,4580
1528,4581
4368,4582
422,4583
1003,4584
1114,4585
2530,4586
2538,4587
4182,4588
4001,4589
4262,4590
2097,4591
4292,4592
2889,4593
1311,4594
3168,4595
2689,4596
2356,4597
2219,4598
2964,4599
2156,4600
3049,4601
3029,4602
3784,4603
274,4604
1182,4605
3301,4606
2596,4607
1752,4608
2118,4609
3130,4610
1666,4611
3229,4612
3720,4613
3571,4614
2631,4615
3728,4616
4014,4617
584,4618
541,4619
4144,4620
3136,4621
3513,4622
3973,4623
2859,4624
2050,4625
3030,4626
2940,4627
985,4628
4542,4629
4531,4630
1729,4631
4512,4632
4415,4633
3030,4634
3746,4635
3024,4636
4430,4637
538,4638
487,4639
382,4640
4312,4641
737,4642
3738,4643
2179,4644
408,4645
3151,4646
3335,4647
565,4648
2193,4649
1216,4650
3073,4651
2383,4652
2650,4653
2761,4654
1079,4655
4410,4656
4254,4657
3495,4658
1909,4659
2428,4660
3905,4661
3551,4662
3294,4663
2375,4664
1470,4665
171,4666
1137,4667
3388,4668
2198,4669
3776,4670
2063,4671
1556,4672
3452,4673
2633,4674
1838,4675
9,4676
4262,4677
158,4678
2203,4679
1425,4680
2323,4681
4431,4682
2527,4683
2405,4684
735,4685
1848,4686
4601,4687
2171,4688
2743,4689
4238,4690
2692,4691
238,4692
1094,4693
1038,4694
500,4695
631,4696
4434,4697
1282,4698
665,4699
2764,4700
2835,4701
3182,4702
3288,4703
4603,4704
4613,4705
1141,4706
4109,4707
2359,4708
4231,4709
2927,4710
4258,4711
2711,4712
2717,4713
2194,4714
4622,4715
2352,4716
1186,4717
2577,4718
206,4719
1714,4720
2517,4721
2049,4722
4086,4723
583,4724
93,4725
4509,4726
552,4727
3243,4728
2500,4729
575,4730
697,4731
488,4732
2006,4733
1991,4734
2176,4735
3454,4736
3606,4737
3236,4738
178,4739
2605,4740
4602,4741
305,4742
2796,4743
4688,4744
227,4745
2961,4746
3572,4747
3004,4748
2456,4749
4082,4750
3680,4751
3803,4752
4352,4753
38,4754
1270,4755
673,4756
2649,4757
2731,4758
2494,4759
1374,4760
1652,4761
219,4762
1562,4763
1987,4764
684,4765
4288,4766
634,4767
3610,4768
302,4769
2444,4770
812,4771
3374,4772
4311,4773
2071,4774
446,4775
59,4776
442,4777
3449,4778
1816,4779
2806,4780
3437,4781
4215,4782
705,4783
3697,4784
2208,4785
523,4786
2130,4787
1895,4788
3498,4789
3790,4790
516,4791
493,4792
1071,4793
1305,4794
1012,4795
2933,4796
1137,4797
3076,4798
2136,4799
3949,4800
2969,4801
4290,4802
2517,4803
4572,4804
1611,4805
2267,4806
4538,4807
4738,4808
2398,4809
3960,4810
2601,4811
988,4812
1248,4813
752,4814
4058,4815
1253,4816
3051,4817
1295,4818
3497,4819
382,4820
2187,4821
1761,4822
488,4823
329,4824
1355,4825
2502,4826
3672,4827
1480,4828
1999,4829
674,4830
1700,4831
3949,4832
3359,4833
1683,4834
3819,4835
1467,4836
4117,4837
3317,4838
610,4839
2662,4840
2257,4841
3130,4842
3207,4843
1294,4844
4522,4845
925,4846
111,4847
4572,4848
2908,4849
780,4850
3947,4851
2803,4852
3401,4853
2586,4854
3211,4855
3473,4856
4297,4857
2414,4858
4385,4859
4476,4860
273,4861
2236,4862
4781,4863
3535,4864
2747,4865
1983,4866
3836,4867
1582,4868
3989,4869
1965,4870
4586,4871
3637,4872
2905,4873
3685,4874
549,4875
4576,4876
841,4877
2418,4878
2966,4879
1952,4880
4792,4881
4138,4882
4528,4883
2280,4884
630,4885
418,4886
4876,4887
3646,4888
436,4889
711,4890
1918,4891
4325,4892
1694,4893
4711,4894
3358,4895
1745,4896
559,4897
1799,4898
3225,4899
2971,4900
2525,4901
4507,4902
3348,4903
3823,4904
1374,4905
3376,4906
3808,4907
440,4908
3459,4909
2965,4910
1430,4911
993,4912
3628,4913
522,4914
4714,4915
159,4916
2883,4917
3082,4918
2609,4919
4711,4920
1438,4921
4910,4922
3736,4923
2733,4924
3249,4925
3798,4926
1633,4927
4241,4928
1142,4929
4553,4930
4341,4931
3324,4932
2392,4933
2031,4934
1628,4935
4092,4936
4684,4937
471,4938
4854,4939
621,4940
1531,4941
3459,4942
3079,4943
4903,4944
4559,4945
1256,4946
3453,4947
1614,4948
2992,4949
138,4950
2108,4951
2028,4952
4347,4953
2074,4954
401,4955
4595,4956
4787,4957
4768,4958
198,4959
677,4960
910,4961
4063,4962
2776,4963
4102,4964
507,4965
738,4966
3441,4967
3327,4968
1536,4969
1765,4970
3989,4971
3746,4972
3448,4973
2846,4974
2110,4975
3093,4976
1159,4977
2522,4978
2415,4979
1127,4980
2495,4981
491,4982
365,4983
2840,4984
1655,4985
1578,4986
1733,4987
2454,4988
1609,4989
4806,4990
4846,4991
376,4992
264,4993
3581,4994
4975,4995
92,4996
4880,4997
2452,4998
2563,4999
782,5000
4867,5001
2244,5002
1542,5003
4943,5004
1799,5005
3945,5006
3260,5007
2888,5008
3024,5009
2680,5010
3467,5011
519,5012
1647,5013
4899,5014
1659,5015
1940,5016
3471,5017
594,5018
4682,5019
2240,5020
1409,5021
2256,5022
3744,5023
4429,5024
3128,5025
923,5026
1480,5027
4357,5028
3483,5029
3146,5030
4822,5031
1953,5032
4781,5033
2984,5034
1644,5035
3595,5036
4526,5037
1666,5038
763,5039
2597,5040
2771,5041
4341,5042
2648,5043
1886,5044
762,5045
2145,5046
2851,5047
2544,5048
4215,5049
1436,5050
3692,5051
2845,5052
2534,5053
4084,5054
1160,5055
2470,5056
2366,5057
3929,5058
4656,5059
2219,5060
2042,5061
2625,5062
1978,5063
2228,5064
1860,5065
932,5066
5064,5067
3716,5068
2263,5069
1441,5070
27,5071
823,5072
1724,5073
2104,5074
4126,5075
2264,5076
1549,5077
2284,5078
2742,5079
3647,5080
2873,5081
5019,5082
5053,5083
882,5084
4611,5085
3873,5086
1839,5087
2934,5088
3676,5089
753,5090
2488,5091
2558,5092
4276,5093
2909,5094
4671,5095
4887,5096
2731,5097
4521,5098
3773,5099
4837,5100
2106,5101
3691,5102
1775,5103
3173,5104
2007,5105
3892,5106
4432,5107
2077,5108
4162,5109
1900,5110
4571,5111
3270,5112
759,5113
669,5114
1820,5115
4639,5116
393,5117
223,5118
4576,5119
3531,5120
1525,5121
4350,5122
3613,5123
2204,5124
4029,5125
4011,5126
3078,5127
2527,5128
118,5129
1953,5130
4424,5131
4973,5132
3321,5133
4590,5134
3921,5135
3652,5136
3461,5137
1779,5138
3818,5139
3625,5140
4682,5141
2957,5142
1220,5143
3557,5144
336,5145
2913,5146
5093,5147
3802,5148
1232,5149
1508,5150
2615,5151
2296,5152
772,5153
1640,5154
3189,5155
1551,5156
3511,5157
1171,5158
1898,5159
2518,5160
3994,5161
4102,5162
3029,5163
517,5164
5033,5165
4876,5166
1428,5167
250,5168
5155,5169
3006,5170
1030,5171
4441,5172
150,5173
451,5174
2673,5175
1062,5176
533,5177
3228,5178
2501,5179
1804,5180
4268,5181
4848,5182
2939,5183
4625,5184
2140,5185
1101,5186
1109,5187
5028,5188
749,5189
4590,5190
1264,5191
4774,5192
4860,5193
1295,5194
5114,5195
3055,5196
3025,5197
582,5198
3975,5199
1540,5200
4350,5201
3551,5202
3891,5203
553,5204
2621,5205
309,5206
3179,5207
2487,5208
3807,5209
1162,5210
2363,5211
1472,5212
1328,5213
3445,5214
482,5215
649,5216
4248,5217
3276,5218
1638,5219
2608,5220
697,5221
999,5222
98,5223
1073,5224
256,5225
4550,5226
4533,5227
4117,5228
3412,5229
296,5230
3152,5231
2952,5232
665,5233
1575,5234
2740,5235
3369,5236
1022,5237
4492,5238
2932,5239
1861,5240
2398,5241
2547,5242
557,5243
2737,5244
4207,5245
4034,5246
3451,5247
521,5248
4799,5249
2443,5250
1942,5251
3544,5252
4889,5253
3864,5254
5,5255
3401,5256
2306,5257
2477,5258
1072,5259
1301,5260
1852,5261
454,5262
897,5263
3510,5264
209,5265
4552,5266
2737,5267
4041,5268
2258,5269
2882,5270
834,5271
3949,5272
4506,5273
3439,5274
579,5275
2071,5276
4517,5277
819,5278
1648,5279
5095,5280
1058,5281
1091,5282
126,5283
2490,5284
947,5285
4137,5286
3548,5287
2547,5288
3374,5289
2654,5290
269,5291
3879,5292
2851,5293
1308,5294
1356,5295
1571,5296
2262,5297
937,5298
387,5299
4645,5300
296,5301
5227,5302
2603,5303
1679,5304
3692,5305
4409,5306
1303,5307
4195,5308
1086,5309
3562,5310
3166,5311
4827,5312
1015,5313
3224,5314
4850,5315
1842,5316
2065,5317
3367,5318
703,5319
4055,5320
659,5321
3549,5322
4177,5323
1086,5324
3960,5325
146,5326
3955,5327
3953,5328
2720,5329
1234,5330
3514,5331
2305,5332
4943,5333
329,5334
3791,5335
465,5336
74,5337
2304,5338
5319,5339
5136,5340
2944,5341
1512,5342
5155,5343
2535,5344
1003,5345
1741,5346
353,5347
4047,5348
547,5349
1621,5350
5094,5351
1121,5352
897,5353
1773,5354
3056,5355
2913,5356
4493,5357
4380,5358
1461,5359
872,5360
579,5361
213,5362
2546,5363
347,5364
4401,5365
4123,5366
3356,5367
2744,5368
5051,5369
2784,5370
1893,5371
4048,5372
1656,5373
2248,5374
2258,5375
3605,5376
59,5377
4611,5378
4488,5379
2140,5380
4982,5381
3485,5382
2441,5383
4153,5384
500,5385
1293,5386
1549,5387
4857,5388
335,5389
313,5390
3759,5391
2289,5392
643,5393
1139,5394
4603,5395
2733,5396
4477,5397
3618,5398
591,5399
2219,5400
2431,5401
3255,5402
5059,5403
2371,5404
5059,5405
676,5406
3788,5407
941,5408
2216,5409
2628,5410
868,5411
1477,5412
4433,5413
1321,5414
4591,5415
2633,5416
4768,5417
149,5418
1001,5419
3106,5420
3696,5421
3284,5422
2768,5423
4483,5424
4790,5425
2966,5426
4185,5427
5129,5428
940,5429
4683,5430
3719,5431
4589,5432
5419,5433
3002,5434
2187,5435
3081,5436
3917,5437
4421,5438
1857,5439
4875,5440
4638,5441
627,5442
574,5443
1714,5444
4317,5445
3641,5446
5328,5447
5253,5448
4507,5449
1105,5450
886,5451
5113,5452
720,5453
4650,5454
2547,5455
5161,5456
3731,5457
5003,5458
3523,5459
1934,5460
1580,5461
4137,5462
887,5463
3821,5464
5318,5465
4085,5466
2878,5467
1600,5468
4523,5469
1364,5470
5231,5471
1080,5472
4848,5473
2525,5474
220,5475
983,5476
4486,5477
4949,5478
5037,5479
4055,5480
4044,5481
5390,5482
5274,5483
5309,5484
4723,5485
3398,5486
1839,5487
2658,5488
4127,5489
1617,5490
3111,5491
3286,5492
923,5493
1950,5494
1765,5495
206,5496
5262,5497
3706,5498
668,5499
402,5500
3901,5501
4443,5502
3803,5503
4798,5504
4115,5505
5482,5506
383,5507
2578,5508
2236,5509
637,5510
3323,5511
5358,5512
4293,5513
3412,5514
2482,5515
4841,5516
2958,5517
4883,5518
1050,5519
1740,5520
2042,5521
708,5522
3241,5523
1853,5524
2286,5525
1540,5526
2314,5527
3596,5528
4762,5529
1497,5530
4716,5531
2981,5532
4794,5533
3284,5534
3470,5535
5267,5536
3284,5537
1927,5538
1821,5539
130,5540
699,5541
3759,5542
2561,5543
4812,5544
2072,5545
5199,5546
2542,5547
78,5548
2592,5549
2577,5550
4404,5551
795,5552
3583,5553
4558,5554
3091,5555
1694,5556
2609,5557
2887,5558
2991,5559
886,5560
3898,5561
3413,5562
2361,5563
4509,5564
3675,5565
1306,5566
230,5567
2995,5568
4702,5569
5377,5570
1700,5571
2880,5572
5516,5573
2431,5574
4119,5575
976,5576
953,5577
3572,5578
600,5579
1232,5580
2268,5581
3242,5582
1138,5583
5074,5584
3474,5585
1616,5586
4555,5587
1630,5588
4905,5589
759,5590
2041,5591
537,5592
1350,5593
4586,5594
3349,5595
2955,5596
10,5597
4779,5598
2087,5599
4691,5600
5,5601
3021,5602
871,5603
3752,5604
3463,5605
1140,5606
1129,5607
1552,5608
4910,5609
675,5610
2056,5611
4253,5612
2087,5613
3464,5614
4363,5615
4794,5616
3214,5617
5579,5618
5334,5619
2806,5620
5188,5621
3094,5622
5604,5623
852,5624
1691,5625
4945,5626
5034,5627
4114,5628
101,5629
3051,5630
26,5631
4136,5632
1235,5633
1636,5634
1507,5635
3837,5636
1391,5637
1958,5638
4708,5639
1453,5640
4398,5641
709,5642
691,5643
926,5644
2454,5645
4852,5646
4057,5647
2625,5648
5628,5649
1413,5650
4733,5651
763,5652
4232,5653
164,5654
1969,5655
1120,5656
4787,5657
4526,5658
1885,5659
467,5660
3613,5661
1693,5662
5171,5663
407,5664
2216,5665
2887,5666
2435,5667
3892,5668
1773,5669
1744,5670
4088,5671
691,5672
4725,5673
1335,5674
2571,5675
25,5676
2837,5677
4977,5678
1281,5679
4254,5680
2634,5681
1590,5682
963,5683
3109,5684
4254,5685
4671,5686
651,5687
1237,5688
842,5689
2275,5690
2267,5691
5653,5692
3445,5693
2455,5694
5103,5695
3682,5696
3726,5697
1457,5698
1362,5699
310,5700
3971,5701
2507,5702
5325,5703
3209,5704
2871,5705
4111,5706
2556,5707
2367,5708
160,5709
4310,5710
5268,5711
1805,5712
5033,5713
3858,5714
3316,5715
5247,5716
710,5717
2829,5718
5681,5719
3893,5720
2671,5721
3126,5722
4249,5723
834,5724
1774,5725
1652,5726
1935,5727
665,5728
3388,5729
1612,5730
5694,5731
4182,5732
3491,5733
4279,5734
1780,5735
1545,5736
3788,5737
3871,5738
1247,5739
5053,5740
5518,5741
230,5742
3794,5743
2507,5744
3806,5745
3794,5746
3958,5747
647,5748
3738,5749
789,5750
3314,5751
5298,5752
2047,5753
417,5754
2837,5755
262,5756
271,5757
1677,5758
4410,5759
1261,5760
3029,5761
2939,5762
3267,5763
4529,5764
3814,5765
839,5766
831,5767
436,5768
3859,5769
1333,5770
5232,5771
1749,5772
4725,5773
4815,5774
3631,5775
459,5776
350,5777
5567,5778
3420,5779
1160,5780
1820,5781
4871,5782
2515,5783
3015,5784
730,5785
353,5786
1335,5787
1866,5788
975,5789
3805,5790
85,5791
678,5792
1806,5793
4199,5794
4961,5795
3785,5796
2382,5797
2023,5798
577,5799
193,5800
2188,5801
4688,5802
901,5803
4432,5804
3817,5805
505,5806
2883,5807
3268,5808
1259,5809
1142,5810
2764,5811
4316,5812
3536,5813
1776,5814
138,5815
4628,5816
3364,5817
4498,5818
3900,5819
976,5820
3379,5821
4543,5822
2510,5823
3289,5824
5709,5825
48,5826
1636,5827
4055,5828
4775,5829
1840,5830
1138,5831
5457,5832
4096,5833
1183,5834
4095,5835
1836,5836
5802,5837
3830,5838
828,5839
2043,5840
826,5841
5690,5842
4309,5843
5128,5844
1136,5845
4339,5846
1231,5847
2615,5848
3359,5849
5410,5850
4024,5851
5472,5852
4525,5853
1112,5854
3348,5855
863,5856
533,5857
2368,5858
1675,5859
2913,5860
1579,5861
1475,5862
955,5863
1317,5864
3753,5865
1386,5866
4401,5867
1616,5868
1506,5869
118,5870
2472,5871
5229,5872
2519,5873
4214,5874
2686,5875
483,5876
3950,5877
942,5878
1769,5879
5241,5880
5674,5881
5585,5882
32,5883
5650,5884
4168,5885
751,5886
3939,5887
3263,5888
1976,5889
2333,5890
2466,5891
5687,5892
89,5893
1246,5894
3514,5895
5842,5896
236,5897
105,5898
5715,5899
1675,5900
3435,5901
3858,5902
1025,5903
5863,5904
3921,5905
5382,5906
3192,5907
3761,5908
2233,5909
4758,5910
4324,5911
5061,5912
407,5913
3043,5914
4545,5915
4152,5916
4889,5917
3430,5918
3200,5919
1973,5920
1969,5921
373,5922
989,5923
2686,5924
4010,5925
881,5926
65,5927
5174,5928
1386,5929
750,5930
1975,5931
5544,5932
447,5933
744,5934
166,5935
5815,5936
5445,5937
205,5938
2863,5939
257,5940
714,5941
4025,5942
5855,5943
4327,5944
103,5945
673,5946
4477,5947
5025,5948
1469,5949
1856,5950
5255,5951
2610,5952
4410,5953
511,5954
1572,5955
829,5956
3678,5957
5496,5958
1465,5959
4645,5960
2771,5961
2012,5962
233,5963
761,5964
4059,5965
5400,5966
5015,5967
4706,5968
371,5969
4291,5970
5802,5971
1560,5972
2660,5973
3843,5974
4262,5975
5321,5976
1568,5977
4364,5978
4517,5979
4046,5980
4144,5981
697,5982
5207,5983
4579,5984
5581,5985
1615,5986
658,5987
5603,5988
1404,5989
1558,5990
5040,5991
28,5992
1084,5993
4235,5994
3177,5995
2311,5996
3691,5997
5730,5998
338,5999
5146,6000
2420,6001
4187,6002
5231,6003
272,6004
3237,6005
202,6006
2717,6007
4183,6008
1057,6009
5509,6010
2459,6011
1024,6012
3279,6013
3232,6014
3314,6015
4896,6016
1649,6017
935,6018
2148,6019
186,6020
5989,6021
3993,6022
2523,6023
213,6024
5474,6025
1291,6026
3380,6027
1075,6028
1018,6029
5562,6030
3275,6031
5084,6032
3072,6033
507,6034
3152,6035
2868,6036
3432,6037
538,6038
3253,6039
3800,6040
2545,6041
4466,6042
3219,6043
3888,6044
1808,6045
4906,6046
4738,6047
270,6048
415,6049
4315,6050
4424,6051
1759,6052
5613,6053
3327,6054
1450,6055
5450,6056
1841,6057
225,6058
2782,6059
570,6060
2417,6061
3162,6062
2231,6063
907,6064
1891,6065
5322,6066
2367,6067
992,6068
3014,6069
5101,6070
1373,6071
5658,6072
2991,6073
3524,6074
1412,6075
4741,6076
1731,6077
5612,6078
3701,6079
4402,6080
5425,6081
935,6082
1886,6083
153,6084
4083,6085
4685,6086
853,6087
1979,6088
2210,6089
1399,6090
1211,6091
220,6092
1378,6093
3312,6094
4165,6095
3964,6096
3078,6097
5514,6098
360,6099
4787,6100
5572,6101
3371,6102
1446,6103
4484,6104
2103,6105
2177,6106
1708,6107
939,6108
5033,6109
3681,6110
550,6111
3310,6112
2985,6113
1537,6114
1149,6115
3223,6116
2330,6117
67,6118
3959,6119
1443,6120
6016,6121
5018,6122
294,6123
3949,6124
681,6125
5076,6126
619,6127
641,6128
2033,6129
2740,6130
2302,6131
939,6132
4704,6133
655,6134
3885,6135
5895,6136
2157,6137
4432,6138
2908,6139
4270,6140
3897,6141
5167,6142
1087,6143
4738,6144
472,6145
2161,6146
542,6147
146,6148
348,6149
1039,6150
3054,6151
3220,6152
5208,6153
2577,6154
3329,6155
1398,6156
3474,6157
2064,6158
364,6159
1779,6160
2263,6161
2438,6162
1746,6163
1868,6164
706,6165
2721,6166
5422,6167
4045,6168
4106,6169
3236,6170
1211,6171
793,6172
3185,6173
4541,6174
1503,6175
3159,6176
3747,6177
2928,6178
2211,6179
6023,6180
1614,6181
6022,6182
3740,6183
3087,6184
4641,6185
375,6186
5976,6187
3443,6188
1069,6189
2971,6190
2099,6191
5543,6192
1040,6193
1725,6194
367,6195
206,6196
5330,6197
4246,6198
2671,6199
4923,6200
5050,6201
3078,6202
6117,6203
5471,6204
1938,6205
3437,6206
693,6207
2468,6208
4962,6209
4628,6210
5796,6211
1295,6212
4120,6213
4658,6214
4728,6215
3456,6216
3469,6217
4243,6218
5281,6219
1735,6220
1721,6221
5891,6222
350,6223
5533,6224
3242,6225
6034,6226
3889,6227
3685,6228
3837,6229
4335,6230
2479,6231
1987,6232
892,6233
3121,6234
6026,6235
6177,6236
1181,6237
3660,6238
2615,6239
4726,6240
734,6241
4138,6242
1424,6243
3367,6244
4036,6245
2120,6246
675,6247
5381,6248
2453,6249
2057,6250
6026,6251
4799,6252
2153,6253
3140,6254
6223,6255
3092,6256
4856,6257
1094,6258
3271,6259
3371,6260
1200,6261
687,6262
5360,6263
5436,6264
3232,6265
4875,6266
3818,6267
279,6268
5949,6269
4441,6270
1741,6271
5622,6272
2607,6273
2573,6274
5177,6275
2785,6276
5592,6277
3583,6278
794,6279
4362,6280
1257,6281
4749,6282
130,6283
1255,6284
1195,6285
3686,6286
2987,6287
3678,6288
5282,6289
1342,6290
4690,6291
4293,6292
5825,6293
5590,6294
722,6295
3071,6296
5354,6297
5311,6298
2792,6299
4905,6300
1204,6301
4173,6302
3970,6303
1295,6304
4837,6305
5881,6306
4060,6307
1221,6308
1332,6309
3269,6310
1706,6311
6286,6312
3666,6313
4572,6314
217,6315
2615,6316
5942,6317
4714,6318
3139,6319
2155,6320
5476,6321
3068,6322
5512,6323
2296,6324
5490,6325
4715,6326
3701,6327
113,6328
86,6329
3867,6330
6240,6331
1506,6332
2267,6333
5148,6334
4373,6335
3652,6336
3106,6337
2988,6338
362,6339
667,6340
5860,6341
3892,6342
4610,6343
3227,6344
3709,6345
4260,6346
5002,6347
2204,6348
568,6349
1466,6350
3027,6351
2636,6352
1500,6353
5332,6354
3781,6355
4963,6356
5341,6357
1260,6358
5900,6359
3338,6360
4624,6361
2685,6362
1923,6363
4101,6364
2097,6365
836,6366
2048,6367
599,6368
4951,6369
5469,6370
4024,6371
2342,6372
1399,6373
3942,6374
4020,6375
2545,6376
6138,6377
1950,6378
3776,6379
3393,6380
987,6381
6357,6382
3253,6383
1441,6384
4747,6385
3821,6386
5800,6387
3561,6388
2363,6389
6293,6390
212,6391
3686,6392
4390,6393
4801,6394
2393,6395
6352,6396
1821,6397
781,6398
2658,6399
1052,6400
1430,6401
6346,6402
1403,6403
801,6404
5783,6405
3215,6406
1470,6407
195,6408
3859,6409
3940,6410
618,6411
3126,6412
1136,6413
4617,6414
422,6415
3177,6416
2602,6417
2380,6418
3620,6419
5432,6420
1084,6421
2947,6422
1706,6423
1871,6424
6227,6425
487,6426
3321,6427
1391,6428
757,6429
4113,6430
4408,6431
4179,6432
2933,6433
2512,6434
377,6435
2255,6436
2957,6437
3447,6438
2867,6439
5837,6440
2366,6441
1905,6442
878,6443
3447,6444
3888,6445
3469,6446
5396,6447
97,6448
5096,6449
2154,6450
2188,6451
5146,6452
4438,6453
3092,6454
5607,6455
948,6456
601,6457
245,6458
4157,6459
844,6460
5889,6461
1973,6462
1731,6463
4943,6464
2645,6465
2517,6466
561,6467
1294,6468
3732,6469
4029,6470
6369,6471
5004,6472
6470,6473
1716,6474
81,6475
4752,6476
5690,6477
1770,6478
2407,6479
6043,6480
975,6481
1216,6482
4723,6483
222,6484
6460,6485
5534,6486
4245,6487
5593,6488
6048,6489
2281,6490
2409,6491
3100,6492
5522,6493
990,6494
2482,6495
3027,6496
4878,6497
633,6498
1585,6499
2174,6500
3138,6501
2647,6502
938,6503
5122,6504
263,6505
2687,6506
6506,6507
2625,6508
1760,6509
1123,6510
5620,6511
1476,6512
1778,6513
2207,6514
2252,6515
2650,6516
3457,6517
4770,6518
2334,6519
3128,6520
1657,6521
581,6522
5821,6523
1597,6524
1570,6525
3483,6526
1859,6527
2594,6528
565,6529
3123,6530
3003,6531
5291,6532
4882,6533
4040,6534
1384,6535
1079,6536
367,6537
3300,6538
278,6539
5246,6540
188,6541
360,6542
3291,6543
1545,6544
1585,6545
222,6546
3965,6547
2318,6548
2442,6549
450,6550
1394,6551
2748,6552
2522,6553
2011,6554
4964,6555
3022,6556
4486,6557
2633,6558
2685,6559
6322,6560
2633,6561
3628,6562
3978,6563
610,6564
3954,6565
4638,6566
816,6567
2738,6568
912,6569
1259,6570
4834,6571
6060,6572
5088,6573
1634,6574
4123,6575
962,6576
2768,6577
561,6578
247,6579
1183,6580
2622,6581
2398,6582
5659,6583
4440,6584
1370,6585
6006,6586
6411,6587
436,6588
4565,6589
1549,6590
5702,6591
1249,6592
2767,6593
4926,6594
949,6595
5549,6596
2169,6597
5531,6598
6343,6599
815,6600
6570,6601
1236,6602
1527,6603
5494,6604
1935,6605
2856,6606
5236,6607
1610,6608
5052,6609
3054,6610
3564,6611
2299,6612
763,6613
1025,6614
3049,6615
5026,6616
2913,6617
1465,6618
1368,6619
6241,6620
6325,6621
2818,6622
4673,6623
4902,6624
1055,6625
4736,6626
782,6627
4576,6628
324,6629
3451,6630
657,6631
3157,6632
1041,6633
4563,6634
3695,6635
3706,6636
2595,6637
1165,6638
2866,6639
3259,6640
3574,6641
109,6642
5471,6643
2420,6644
1074,6645
6644,6646
997,6647
6601,6648
598,6649
6291,6650
1756,6651
4777,6652
4308,6653
2124,6654
558,6655
3345,6656
1762,6657
4904,6658
1548,6659
2047,6660
4475,6661
2017,6662
1967,6663
3146,6664
2310,6665
3639,6666
5552,6667
3112,6668
531,6669
2871,6670
3401,6671
4946,6672
1257,6673
328,6674
789,6675
5621,6676
2429,6677
4288,6678
9,6679
681,6680
4111,6681
2891,6682
2768,6683
2689,6684
4944,6685
3460,6686
4122,6687
2286,6688
4120,6689
6037,6690
5240,6691
5433,6692
1351,6693
430,6694
3894,6695
5423,6696
6475,6697
77,6698
2259,6699
5193,6700
4985,6701
6519,6702
5739,6703
5867,6704
5234,6705
3323,6706
5934,6707
6149,6708
6693,6709
3837,6710
6520,6711
3893,6712
682,6713
5212,6714
1965,6715
4336,6716
1055,6717
3224,6718
2690,6719
3111,6720
3288,6721
1373,6722
6327,6723
6345,6724
3637,6725
58,6726
5968,6727
2869,6728
883,6729
357,6730
1729,6731
5356,6732
1508,6733
2861,6734
6190,6735
5181,6736
4570,6737
720,6738
3472,6739
935,6740
370,6741
673,6742
1884,6743
5484,6744
2831,6745
3515,6746
5500,6747
1138,6748
3146,6749
5753,6750
3985,6751
1076,6752
4645,6753
2465,6754
4633,6755
3955,6756
4466,6757
913,6758
3695,6759
6734,6760
4853,6761
1355,6762
4205,6763
5538,6764
2234,6765
4635,6766
6022,6767
1875,6768
3186,6769
5935,6770
6291,6771
2458,6772
6082,6773
3885,6774
5217,6775
1763,6776
4658,6777
4943,6778
3544,6779
1701,6780
6387,6781
1064,6782
6487,6783
201,6784
6427,6785
696,6786
5455,6787
2832,6788
4418,6789
3667,6790
244,6791
746,6792
4189,6793
4797,6794
6455,6795
3552,6796
2576,6797
6599,6798
2183,6799
6124,6800
5544,6801
4864,6802
4621,6803
3299,6804
3011,6805
493,6806
5530,6807
2531,6808
3777,6809
5810,6810
2718,6811
4106,6812
5277,6813
1930,6814
4664,6815
4753,6816
3267,6817
5542,6818
836,6819
1256,6820
3730,6821
2333,6822
3605,6823
4795,6824
3095,6825
2559,6826
1576,6827
1100,6828
6222,6829
3200,6830
2449,6831
5092,6832
6457,6833
6709,6834
2094,6835
1593,6836
899,6837
395,6838
898,6839
320,6840
4906,6841
3230,6842
3976,6843
6480,6844
3905,6845
5143,6846
5846,6847
246,6848
2639,6849
5121,6850
714,6851
232,6852
4640,6853
293,6854
5929,6855
3882,6856
6045,6857
2203,6858
730,6859
595,6860
4800,6861
3839,6862
2344,6863
3043,6864
4501,6865
3700,6866
4911,6867
5698,6868
6088,6869
797,6870
4343,6871
5868,6872
3661,6873
3919,6874
3484,6875
2968,6876
2382,6877
121,6878
4250,6879
5160,6880
309,6881
2523,6882
1747,6883
6787,6884
1245,6885
5215,6886
6340,6887
248,6888
5787,6889
6762,6890
5120,6891
3940,6892
4691,6893
1761,6894
1971,6895
3211,6896
3199,6897
1042,6898
2006,6899
2969,6900
4921,6901
3706,6902
1753,6903
3366,6904
1263,6905
2894,6906
2911,6907
5295,6908
718,6909
6120,6910
773,6911
3481,6912
5941,6913
4928,6914
5568,6915
5101,6916
2870,6917
6586,6918
5346,6919
3605,6920
5053,6921
2721,6922
4245,6923
4515,6924
1884,6925
4725,6926
4679,6927
3270,6928
1740,6929
1399,6930
4480,6931
5159,6932
6343,6933
1946,6934
4355,6935
3507,6936
4466,6937
6791,6938
6163,6939
2559,6940
5092,6941
3388,6942
1354,6943
3592,6944
4507,6945
5597,6946
2060,6947
2838,6948
698,6949
409,6950
2971,6951
2763,6952
4764,6953
6198,6954
3343,6955
4352,6956
5064,6957
3163,6958
2437,6959
4350,6960
4928,6961
2576,6962
3807,6963
977,6964
5158,6965
159,6966
1078,6967
1406,6968
790,6969
3541,6970
4630,6971
4264,6972
3947,6973
5856,6974
1566,6975
1937,6976
5951,6977
3905,6978
4427,6979
701,6980
4151,6981
3614,6982
422,6983
2388,6984
5486,6985
5009,6986
2683,6987
4834,6988
6391,6989
2721,6990
3923,6991
4963,6992
5501,6993
4846,6994
641,6995
359,6996
3054,6997
2831,6998
141,6999
954,7000
5444,7001
720,7002
6612,7003
6502,7004
5898,7005
3212,7006
3336,7007
2962,7008
6318,7009
1790,7010
1612,7011
2987,7012
4155,7013
5333,7014
91,7015
1172,7016
5186,7017
1387,7018
437,7019
2866,7020
5020,7021
1775,7022
4255,7023
6842,7024
6766,7025
5572,7026
6804,7027
6923,7028
5771,7029
3514,7030
5306,7031
1620,7032
5703,7033
1729,7034
5996,7035
4768,7036
289,7037
6791,7038
5330,7039
152,7040
3142,7041
3000,7042
5967,7043
920,7044
3593,7045
633,7046
1033,7047
5365,7048
2116,7049
4673,7050
4666,7051
2200,7052
3784,7053
6165,7054
5978,7055
3345,7056
4073,7057
4929,7058
5540,7059
3476,7060
2396,7061
4544,7062
388,7063
3024,7064
181,7065
5792,7066
5941,7067
226,7068
61,7069
5979,7070
3959,7071
6268,7072
5490,7073
1385,7074
1498,7075
5345,7076
451,7077
1596,7078
5155,7079
114,7080
5110,7081
585,7082
5227,7083
6077,7084
2248,7085
2010,7086
4754,7087
2223,7088
4969,7089
1018,7090
3983,7091
5494,7092
737,7093
6255,7094
6016,7095
4211,7096
4419,7097
2934,7098
7035,7099
1734,7100
5615,7101
1726,7102
878,7103
2662,7104
5787,7105
6581,7106
5633,7107
6649,7108
1952,7109
67,7110
4869,7111
4241,7112
548,7113
1437,7114
2838,7115
5463,7116
2609,7117
5407,7118
4767,7119
2390,7120
3408,7121
5701,7122
5522,7123
7042,7124
5531,7125
812,7126
4357,7127
331,7128
1521,7129
148,7130
6226,7131
4389,7132
5168,7133
5152,7134
2762,7135
1573,7136
3543,7137
4915,7138
4010,7139
3123,7140
4201,7141
999,7142
4668,7143
3449,7144
6545,7145
927,7146
6121,7147
6423,7148
5257,7149
824,7150
4107,7151
5665,7152
5994,7153
5722,7154
1020,7155
1809,7156
2953,7157
4968,7158
5795,7159
1365,7160
5420,7161
7142,7162
5783,7163
5114,7164
4344,7165
957,7166
2823,7167
6502,7168
2109,7169
1890,7170
1871,7171
4119,7172
5875,7173
4592,7174
1056,7175
3531,7176
3030,7177
2677,7178
5346,7179
2773,7180
202,7181
2807,7182
6584,7183
2987,7184
1250,7185
1027,7186
3556,7187
190,7188
791,7189
4269,7190
6626,7191
1848,7192
5343,7193
2299,7194
6785,7195
1948,7196
3560,7197
5164,7198
2196,7199
3651,7200
7147,7201
860,7202
6586,7203
6188,7204
5300,7205
2390,7206
1866,7207
932,7208
2942,7209
790,7210
3347,7211
5422,7212
2195,7213
2319,7214
5781,7215
763,7216
6499,7217
2615,7218
5298,7219
1960,7220
5182,7221
4614,7222
1798,7223
2266,7224
5808,7225
2002,7226
4313,7227
2928,7228
3345,7229
5672,7230
2212,7231
649,7232
2931,7233
6102,7234
5547,7235
885,7236
829,7237
6988,7238
1333,7239
6618,7240
2579,7241
5931,7242
5271,7243
3838,7244
1707,7245
321,7246
5301,7247
4100,7248
1650,7249
1902,7250
2879,7251
4740,7252
4496,7253
6023,7254
1017,7255
3903,7256
2783,7257
2394,7258
5221,7259
3410,7260
2977,7261
6200,7262
6432,7263
4840,7264
1165,7265
6409,7266
3633,7267
1916,7268
6170,7269
1825,7270
4858,7271
4006,7272
819,7273
5676,7274
739,7275
267,7276
4233,7277
3360,7278
290,7279
1439,7280
5852,7281
1513,7282
2601,7283
2069,7284
1719,7285
5401,7286
4793,7287
1535,7288
4206,7289
88,7290
1678,7291
3773,7292
3050,7293
5763,7294
7157,7295
2918,7296
4290,7297
4278,7298
4749,7299
3132,7300
5507,7301
4368,7302
6749,7303
2617,7304
5975,7305
5288,7306
1307,7307
5887,7308
1454,7309
422,7310
5262,7311
4338,7312
1141,7313
4793,7314
1014,7315
1845,7316
2800,7317
7054,7318
5544,7319
988,7320
1751,7321
2911,7322
6054,7323
2241,7324
7251,7325
5058,7326
2661,7327
995,7328
1552,7329
7188,7330
3149,7331
458,7332
7166,7333
2709,7334
1612,7335
4177,7336
2899,7337
4248,7338
6152,7339
4936,7340
3477,7341
3110,7342
2578,7343
4696,7344
88,7345
6045,7346
5687,7347
546,7348
2308,7349
2236,7350
1556,7351
916,7352
622,7353
4649,7354
5765,7355
6997,7356
5889,7357
949,7358
4722,7359
2219,7360
6262,7361
369,7362
5207,7363
944,7364
2011,7365
5709,7366
2938,7367
3489,7368
7,7369
4263,7370
5789,7371
6659,7372
5931,7373
5576,7374
5616,7375
828,7376
4603,7377
2733,7378
515,7379
5480,7380
5671,7381
1791,7382
6109,7383
3399,7384
1316,7385
2235,7386
6463,7387
2586,7388
1795,7389
1671,7390
5083,7391
1777,7392
4981,7393
4490,7394
44,7395
1040,7396
5236,7397
760,7398
2722,7399
2453,7400
53,7401
4711,7402
1208,7403
1417,7404
5494,7405
6827,7406
567,7407
6384,7408
1978,7409
5118,7410
3185,7411
2699,7412
2801,7413
5484,7414
2173,7415
6623,7416
498,7417
3522,7418
4797,7419
6896,7420
391,7421
3977,7422
2518,7423
1463,7424
5997,7425
1277,7426
6765,7427
738,7428
2321,7429
5470,7430
2178,7431
1896,7432
1415,7433
1415,7434
6860,7435
6704,7436
4866,7437
1758,7438
1474,7439
2491,7440
7203,7441
1369,7442
630,7443
4718,7444
7386,7445
585,7446
2706,7447
4122,7448
1987,7449
533,7450
1636,7451
2610,7452
1074,7453
4973,7454
5752,7455
5735,7456
4339,7457
1609,7458
2648,7459
758,7460
2105,7461
5919,7462
4943,7463
1220,7464
6329,7465
2983,7466
6823,7467
1442,7468
6476,7469
4556,7470
6767,7471
7214,7472
5824,7473
5875,7474
5117,7475
212,7476
1600,7477
5931,7478
1911,7479
3827,7480
5196,7481
6788,7482
5114,7483
5007,7484
7475,7485
5768,7486
1720,7487
5269,7488
6635,7489
2670,7490
1797,7491
4365,7492
346,7493
2428,7494
274,7495
4447,7496
6084,7497
3367,7498
4167,7499
3309,7500
5477,7501
3170,7502
3612,7503
4965,7504
7413,7505
5246,7506
3653,7507
5422,7508
200,7509
2436,7510
4994,7511
6589,7512
535,7513
612,7514
2887,7515
4232,7516
699,7517
1317,7518
2372,7519
4166,7520
2178,7521
1494,7522
1783,7523
3053,7524
3413,7525
4105,7526
1553,7527
4926,7528
5515,7529
6716,7530
3766,7531
7286,7532
139,7533
6554,7534
4003,7535
6363,7536
2161,7537
2395,7538
1730,7539
4081,7540
5996,7541
5025,7542
6585,7543
7375,7544
7290,7545
3816,7546
446,7547
3061,7548
7184,7549
950,7550
5842,7551
2188,7552
2043,7553
2446,7554
5228,7555
1327,7556
5457,7557
4608,7558
3386,7559
854,7560
3525,7561
7459,7562
2111,7563
1387,7564
5843,7565
3615,7566
6860,7567
2590,7568
907,7569
2766,7570
6125,7571
2633,7572
5984,7573
4505,7574
7169,7575
4020,7576
6654,7577
3371,7578
967,7579
3840,7580
241,7581
3499,7582
581,7583
6113,7584
638,7585
143,7586
5843,7587
7029,7588
3748,7589
580,7590
5987,7591
1759,7592
6233,7593
1936,7594
6097,7595
5365,7596
6354,7597
4828,7598
955,7599
3383,7600
6435,7601
785,7602
3471,7603
619,7604
811,7605
5151,7606
5884,7607
2808,7608
5710,7609
3399,7610
4108,7611
6020,7612
5654,7613
6523,7614
4506,7615
828,7616
2556,7617
6541,7618
2228,7619
1369,7620
924,7621
5884,7622
6664,7623
6851,7624
4346,7625
2318,7626
2907,7627
1358,7628
4299,7629
6928,7630
1566,7631
6095,7632
4184,7633
5140,7634
6045,7635
591,7636
4780,7637
2846,7638
1875,7639
1087,7640
5341,7641
5805,7642
3834,7643
515,7644
3328,7645
6845,7646
138,7647
2500,7648
7409,7649
4324,7650
1279,7651
4049,7652
6375,7653
7258,7654
3569,7655
1310,7656
1310,7657
4943,7658
3631,7659
818,7660
2143,7661
3343,7662
97,7663
6604,7664
3816,7665
7273,7666
5781,7667
7096,7668
1530,7669
3005,7670
7207,7671
1126,7672
742,7673
3714,7674
7332,7675
1538,7676
2674,7677
1403,7678
4805,7679
5421,7680
3658,7681
117,7682
3307,7683
6730,7684
1783,7685
6362,7686
7684,7687
4769,7688
5815,7689
6401,7690
6549,7691
1901,7692
4645,7693
2069,7694
7054,7695
2485,7696
1672,7697
780,7698
6036,7699
3696,7700
1637,7701
1334,7702
444,7703
5839,7704
4809,7705
2496,7706
2224,7707
6635,7708
5634,7709
3425,7710
6367,7711
1844,7712
3289,7713
2045,7714
7189,7715
4359,7716
5225,7717
1141,7718
80,7719
558,7720
4050,7721
2305,7722
1139,7723
3551,7724
4675,7725
4917,7726
1758,7727
6145,7728
1667,7729
7048,7730
2455,7731
1619,7732
3624,7733
6418,7734
652,7735
4960,7736
7609,7737
766,7738
283,7739
3125,7740
6425,7741
3489,7742
2021,7743
1990,7744
6236,7745
5168,7746
4763,7747
5733,7748
1449,7749
4129,7750
4686,7751
3043,7752
5342,7753
1769,7754
5830,7755
5041,7756
6111,7757
2156,7758
1851,7759
1774,7760
4610,7761
6063,7762
4063,7763
2915,7764
1650,7765
6402,7766
10,7767
6717,7768
6339,7769
1120,7770
7105,7771
6674,7772
6653,7773
445,7774
6192,7775
1364,7776
834,7777
6102,7778
6533,7779
3669,7780
4682,7781
6334,7782
1519,7783
6561,7784
6311,7785
4979,7786
2706,7787
1751,7788
2594,7789
6336,7790
5040,7791
3527,7792
236,7793
7047,7794
4617,7795
3693,7796
539,7797
1631,7798
3907,7799
6956,7800
888,7801
6514,7802
5357,7803
7269,7804
5673,7805
257,7806
7622,7807
7669,7808
193,7809
6340,7810
5134,7811
2704,7812
684,7813
7197,7814
1792,7815
7141,7816
3524,7817
1997,7818
6696,7819
1954,7820
5447,7821
5095,7822
1036,7823
7679,7824
865,7825
6712,7826
154,7827
585,7828
5665,7829
1499,7830
6054,7831
610,7832
7313,7833
3565,7834
6881,7835
6790,7836
6136,7837
5760,7838
2435,7839
7716,7840
1429,7841
3492,7842
5462,7843
1439,7844
7072,7845
874,7846
5179,7847
3248,7848
7191,7849
6455,7850
7069,7851
4038,7852
6275,7853
2601,7854
6573,7855
4527,7856
86,7857
1791,7858
343,7859
4640,7860
7724,7861
4884,7862
7842,7863
4199,7864
2639,7865
6840,7866
5495,7867
4476,7868
3326,7869
4427,7870
3877,7871
6077,7872
1368,7873
4860,7874
7828,7875
5667,7876
4681,7877
4356,7878
5538,7879
4511,7880
683,7881
6202,7882
562,7883
6081,7884
36,7885
919,7886
429,7887
7381,7888
3170,7889
454,7890
3263,7891
2658,7892
7856,7893
1693,7894
83,7895
5307,7896
3000,7897
6190,7898
2469,7899
1171,7900
6735,7901
7473,7902
7017,7903
4700,7904
1404,7905
7385,7906
2199,7907
842,7908
7693,7909
463,7910
331,7911
5704,7912
7675,7913
5680,7914
5245,7915
4797,7916
1911,7917
4019,7918
4804,7919
49,7920
218,7921
6025,7922
4343,7923
5746,7924
7341,7925
7149,7926
6511,7927
6085,7928
7120,7929
1968,7930
3946,7931
3562,7932
2955,7933
985,7934
1313,7935
3810,7936
5726,7937
258,7938
3583,7939
6522,7940
75,7941
3532,7942
3298,7943
1937,7944
4919,7945
1587,7946
3427,7947
5501,7948
6159,7949
1482,7950
4590,7951
3174,7952
758,7953
3369,7954
4986,7955
3357,7956
2415,7957
3599,7958
5672,7959
5521,7960
3971,7961
7895,7962
708,7963
4255,7964
7317,7965
2949,7966
3575,7967
2490,7968
2539,7969
5950,7970
4005,7971
801,7972
1590,7973
2611,7974
3544,7975
6571,7976
3353,7977
6964,7978
2923,7979
748,7980
905,7981
5527,7982
4108,7983
442,7984
3649,7985
5564,7986
2110,7987
7223,7988
7522,7989
3778,7990
980,7991
7083,7992
2716,7993
1009,7994
2029,7995
4742,7996
100,7997
6585,7998
3413,7999
2366,8000
6020,8001
7109,8002
5895,8003
1287,8004
7477,8005
6172,8006
6294,8007
5843,8008
4292,8009
1972,8010
1994,8011
3020,8012
2897,8013
278,8014
3000,8015
5106,8016
3748,8017
5447,8018
6700,8019
6030,8020
1119,8021
5554,8022
5128,8023
1108,8024
1248,8025
6912,8026
2616,8027
3890,8028
3840,8029
7177,8030
4216,8031
1884,8032
1048,8033
6702,8034
5619,8035
3017,8036
1800,8037
6003,8038
7056,8039
6312,8040
7394,8041
5307,8042
1852,8043
2251,8044
642,8045
1097,8046
1623,8047
6132,8048
1109,8049
3729,8050
4403,8051
4457,8052
4787,8053
4442,8054
682,8055
1988,8056
6022,8057
4293,8058
2859,8059
2242,8060
5963,8061
1008,8062
6260,8063
602,8064
100,8065
2217,8066
458,8067
7215,8068
1424,8069
2779,8070
7285,8071
1594,8072
451,8073
1124,8074
3243,8075
7943,8076
4426,8077
966,8078
2024,8079
5740,8080
556,8081
7975,8082
3932,8083
6875,8084
2809,8085
3073,8086
2349,8087
908,8088
4991,8089
295,8090
2187,8091
1245,8092
7682,8093
7744,8094
7920,8095
2436,8096
2925,8097
4089,8098
5220,8099
4470,8100
7750,8101
3041,8102
4495,8103
435,8104
7919,8105
5602,8106
6778,8107
7855,8108
3274,8109
5220,8110
1691,8111
5414,8112
4751,8113
355,8114
2133,8115
7755,8116
118,8117
4592,8118
1214,8119
4597,8120
2469,8121
3960,8122
6645,8123
1722,8124
7458,8125
1224,8126
2308,8127
2211,8128
4166,8129
5038,8130
434,8131
7622,8132
3150,8133
4979,8134
2995,8135
2140,8136
6763,8137
4193,8138
290,8139
10,8140
5187,8141
5652,8142
5204,8143
3747,8144
6336,8145
960,8146
6771,8147
3066,8148
7656,8149
613,8150
6187,8151
7318,8152
5499,8153
4846,8154
5311,8155
4922,8156
779,8157
2891,8158
3862,8159
1804,8160
4832,8161
540,8162
6648,8163
1463,8164
4521,8165
7190,8166
2967,8167
147,8168
4985,8169
4615,8170
6770,8171
5792,8172
1510,8173
6862,8174
1000,8175
2534,8176
3321,8177
566,8178
6816,8179
26,8180
1952,8181
1099,8182
3174,8183
5571,8184
8017,8185
7097,8186
558,8187
4831,8188
4623,8189
3785,8190
5570,8191
6565,8192
375,8193
6199,8194
2457,8195
6249,8196
218,8197
2773,8198
5294,8199
7773,8200
2867,8201
6581,8202
4605,8203
1604,8204
7673,8205
1622,8206
4391,8207
3652,8208
8154,8209
2568,8210
8006,8211
5150,8212
2333,8213
6224,8214
4936,8215
6072,8216
2608,8217
1828,8218
6192,8219
1637,8220
960,8221
2739,8222
4992,8223
7558,8224
7395,8225
1259,8226
4722,8227
4239,8228
2947,8229
6574,8230
6989,8231
6155,8232
3176,8233
2398,8234
6598,8235
3935,8236
7312,8237
3596,8238
125,8239
889,8240
2235,8241
4885,8242
92,8243
3033,8244
5502,8245
2871,8246
7867,8247
620,8248
3880,8249
6771,8250
1097,8251
4,8252
5823,8253
4002,8254
6712,8255
882,8256
358,8257
1650,8258
5435,8259
8050,8260
215,8261
4654,8262
5711,8263
3436,8264
5823,8265
2706,8266
825,8267
3564,8268
3310,8269
2284,8270
600,8271
2084,8272
5796,8273
5034,8274
7926,8275
2953,8276
1112,8277
7424,8278
6476,8279
3787,8280
3641,8281
6820,8282
465,8283
8093,8284
901,8285
5872,8286
6237,8287
682,8288
3841,8289
3482,8290
7842,8291
6925,8292
7137,8293
3162,8294
6600,8295
7541,8296
7627,8297
892,8298
2566,8299
1754,8300
3554,8301
4181,8302
5537,8303
4317,8304
5829,8305
7790,8306
4227,8307
1093,8308
6234,8309
1112,8310
1078,8311
7749,8312
3874,8313
6556,8314
7047,8315
2725,8316
2506,8317
4986,8318
5173,8319
5449,8320
1821,8321
8085,8322
3789,8323
6021,8324
7980,8325
4110,8326
2748,8327
5258,8328
7377,8329
2157,8330
7327,8331
6298,8332
8159,8333
3958,8334
8140,8335
6775,8336
5744,8337
5644,8338
6941,8339
3266,8340
3388,8341
3907,8342
5130,8343
4759,8344
459,8345
5057,8346
4667,8347
7435,8348
3348,8349
8344,8350
6405,8351
1759,8352
3993,8353
2352,8354
6995,8355
7792,8356
346,8357
5522,8358
5095,8359
2999,8360
6415,8361
3719,8362
2505,8363
7464,8364
1067,8365
1869,8366
1059,8367
8183,8368
1539,8369
8012,8370
732,8371
7246,8372
6233,8373
4847,8374
7253,8375
871,8376
7155,8377
7553,8378
1509,8379
327,8380
8080,8381
4074,8382
7450,8383
347,8384
1241,8385
6891,8386
2786,8387
6446,8388
4268,8389
7900,8390
6497,8391
4302,8392
5376,8393
8042,8394
2046,8395
3720,8396
3002,8397
7496,8398
665,8399
5501,8400
4720,8401
2412,8402
4936,8403
8317,8404
6266,8405
6245,8406
7280,8407
4633,8408
6610,8409
555,8410
3572,8411
4913,8412
863,8413
941,8414
7656,8415
3921,8416
2740,8417
3354,8418
4793,8419
1980,8420
3315,8421
5285,8422
2307,8423
5912,8424
2979,8425
4390,8426
1910,8427
2453,8428
1325,8429
3439,8430
2418,8431
6961,8432
3917,8433
5402,8434
280,8435
5503,8436
2812,8437
7171,8438
4534,8439
6266,8440
4325,8441
6018,8442
3543,8443
168,8444
4491,8445
1836,8446
7618,8447
8430,8448
610,8449
2018,8450
2156,8451
6256,8452
2077,8453
4047,8454
7079,8455
6778,8456
2902,8457
5040,8458
6525,8459
6572,8460
3555,8461
450,8462
3199,8463
3816,8464
6783,8465
3269,8466
3461,8467
2135,8468
1347,8469
1709,8470
3369,8471
6865,8472
4650,8473
3290,8474
1282,8475
2652,8476
863,8477
4759,8478
970,8479
4815,8480
828,8481
5524,8482
5689,8483
6684,8484
4171,8485
7520,8486
5416,8487
642,8488
7909,8489
5693,8490
1727,8491
5226,8492
2474,8493
5881,8494
7694,8495
3099,8496
4958,8497
6337,8498
3720,8499
816,8500
1630,8501
4205,8502
3231,8503
5227,8504
6829,8505
1671,8506
7673,8507
6147,8508
4860,8509
7496,8510
4576,8511
243,8512
4939,8513
3411,8514
4266,8515
464,8516
1296,8517
1930,8518
6057,8519
2623,8520
6846,8521
1465,8522
6896,8523
4638,8524
6976,8525
3007,8526
1695,8527
3214,8528
1642,8529
7502,8530
8393,8531
6258,8532
3231,8533
3128,8534
4118,8535
4975,8536
517,8537
261,8538
2508,8539
167,8540
6753,8541
4388,8542
1109,8543
8035,8544
8003,8545
8225,8546
807,8547
5498,8548
7234,8549
4373,8550
8296,8551
8474,8552
957,8553
7387,8554
910,8555
7530,8556
3253,8557
7423,8558
3030,8559
5435,8560
7099,8561
5200,8562
8221,8563
2351,8564
5187,8565
3407,8566
4926,8567
7554,8568
7087,8569
2154,8570
1681,8571
7455,8572
2439,8573
5110,8574
4264,8575
3254,8576
3998,8577
1041,8578
8152,8579
8013,8580
3239,8581
3871,8582
7909,8583
7110,8584
8392,8585
3248,8586
1242,8587
5918,8588
5510,8589
1486,8590
2817,8591
6231,8592
2523,8593
5142,8594
5502,8595
6959,8596
8018,8597
2969,8598
4035,8599
1540,8600
5174,8601
7612,8602
7768,8603
6982,8604
7961,8605
3454,8606
6935,8607
316,8608
77,8609
3804,8610
534,8611
2580,8612
1562,8613
4907,8614
5817,8615
66,8616
4472,8617
7073,8618
2519,8619
7567,8620
1705,8621
2809,8622
7304,8623
1108,8624
6120,8625
7144,8626
788,8627
997,8628
889,8629
6538,8630
4377,8631
1872,8632
6106,8633
1478,8634
592,8635
6520,8636
6827,8637
6821,8638
3869,8639
521,8640
815,8641
8416,8642
5352,8643
5298,8644
5472,8645
2823,8646
5667,8647
1535,8648
1614,8649
3414,8650
4916,8651
7715,8652
6359,8653
7756,8654
2718,8655
3013,8656
4447,8657
3468,8658
1001,8659
7648,8660
5483,8661
6565,8662
4693,8663
4052,8664
4955,8665
1613,8666
8027,8667
3291,8668
5503,8669
6308,8670
2325,8671
3426,8672
5298,8673
6785,8674
2341,8675
1850,8676
7551,8677
5992,8678
2046,8679
4535,8680
3615,8681
3785,8682
6402,8683
2916,8684
8383,8685
3163,8686
6342,8687
2412,8688
7011,8689
2030,8690
4323,8691
1661,8692
7252,8693
399,8694
3855,8695
4260,8696
5318,8697
552,8698
56,8699
4055,8700
2962,8701
5554,8702
1430,8703
495,8704
5335,8705
7383,8706
1542,8707
819,8708
755,8709
2609,8710
4673,8711
1926,8712
4232,8713
4654,8714
3814,8715
8546,8716
6299,8717
632,8718
3801,8719
2313,8720
4905,8721
5007,8722
3380,8723
1031,8724
565,8725
5324,8726
8633,8727
283,8728
7546,8729
7217,8730
3257,8731
4559,8732
5624,8733
5312,8734
318,8735
5465,8736
530,8737
6559,8738
6419,8739
6343,8740
7767,8741
3536,8742
5330,8743
1837,8744
405,8745
4258,8746
2460,8747
6473,8748
5844,8749
5920,8750
3296,8751
5326,8752
1447,8753
6153,8754
3400,8755
4145,8756
5688,8757
8121,8758
2481,8759
7453,8760
1816,8761
8667,8762
2949,8763
5328,8764
2622,8765
659,8766
6111,8767
3907,8768
6912,8769
8412,8770
4967,8771
1230,8772
3420,8773
491,8774
3470,8775
8126,8776
4128,8777
6698,8778
8403,8779
2749,8780
4602,8781
8220,8782
3678,8783
7305,8784
6580,8785
1813,8786
3258,8787
4699,8788
6671,8789
5919,8790
4470,8791
6885,8792
4793,8793
676,8794
8758,8795
3737,8796
7570,8797
8240,8798
4568,8799
1146,8800
4528,8801
2518,8802
8249,8803
4417,8804
1361,8805
6886,8806
3866,8807
1785,8808
8009,8809
8719,8810
6222,8811
2160,8812
4163,8813
5780,8814
929,8815
6266,8816
4587,8817
149,8818
3571,8819
4258,8820
8567,8821
3588,8822
2279,8823
8490,8824
680,8825
3442,8826
6389,8827
1528,8828
1756,8829
3749,8830
2755,8831
2130,8832
5542,8833
605,8834
2860,8835
7622,8836
6228,8837
88,8838
3540,8839
618,8840
628,8841
1543,8842
3218,8843
711,8844
3067,8845
4309,8846
7313,8847
6109,8848
3337,8849
8056,8850
8643,8851
7411,8852
4884,8853
5626,8854
5672,8855
603,8856
7457,8857
2440,8858
8788,8859
1374,8860
3777,8861
6315,8862
3877,8863
7770,8864
3909,8865
8518,8866
5421,8867
6617,8868
7095,8869
6060,8870
5507,8871
1762,8872
2240,8873
8042,8874
6254,8875
6537,8876
774,8877
5588,8878
3373,8879
7903,8880
1395,8881
1078,8882
6866,8883
4884,8884
545,8885
654,8886
1057,8887
5734,8888
8562,8889
7542,8890
3037,8891
7381,8892
2100,8893
5416,8894
3635,8895
8002,8896
6885,8897
6425,8898
4236,8899
5311,8900
163,8901
7584,8902
2070,8903
1325,8904
939,8905
7957,8906
4284,8907
1935,8908
5464,8909
1022,8910
4115,8911
8468,8912
6419,8913
3704,8914
625,8915
3322,8916
725,8917
844,8918
3482,8919
7754,8920
1081,8921
5654,8922
6939,8923
8340,8924
5885,8925
747,8926
5213,8927
5405,8928
4932,8929
4718,8930
4092,8931
299,8932
2959,8933
3223,8934
433,8935
2342,8936
7355,8937
1425,8938
350,8939
2742,8940
480,8941
4379,8942
8581,8943
8180,8944
2397,8945
6856,8946
5825,8947
3192,8948
7401,8949
7007,8950
5496,8951
4023,8952
7962,8953
1347,8954
539,8955
2019,8956
4137,8957
7994,8958
4319,8959
6536,8960
2435,8961
4644,8962
5664,8963
1930,8964
3656,8965
8560,8966
801,8967
4055,8968
4286,8969
3102,8970
7579,8971
8721,8972
6737,8973
8473,8974
8425,8975
5781,8976
7610,8977
2631,8978
497,8979
5111,8980
5496,8981
7834,8982
8637,8983
4710,8984
4092,8985
3700,8986
2901,8987
4152,8988
5242,8989
5066,8990
5512,8991
2308,8992
4553,8993
8308,8994
1639,8995
5799,8996
4186,8997
8768,8998
5478,8999
2646,9000
2808,9001
3135,9002
3984,9003
5122,9004
4731,9005
6480,9006
2260,9007
4074,9008
1826,9009
5399,9010
1442,9011
721,9012
3084,9013
3046,9014
7915,9015
1239,9016
4560,9017
2401,9018
3183,9019
1918,9020
3466,9021
7576,9022
3133,9023
339,9024
2811,9025
2508,9026
837,9027
1536,9028
4251,9029
5370,9030
7151,9031
2000,9032
7942,9033
4275,9034
4995,9035
1351,9036
7252,9037
4306,9038
4041,9039
993,9040
4980,9041
8077,9042
1235,9043
2897,9044
8372,9045
657,9046
6058,9047
2168,9048
9019,9049
6698,9050
2270,9051
2946,9052
1406,9053
6493,9054
8182,9055
4061,9056
6907,9057
7319,9058
551,9059
3393,9060
2598,9061
8416,9062
962,9063
4528,9064
8554,9065
6492,9066
1308,9067
8149,9068
6150,9069
7379,9070
7810,9071
1683,9072
1103,9073
2446,9074
8853,9075
5790,9076
7008,9077
8158,9078
5029,9079
4320,9080
4842,9081
1593,9082
5466,9083
3180,9084
6688,9085
7682,9086
198,9087
650,9088
6747,9089
3559,9090
4021,9091
5706,9092
4427,9093
7374,9094
4403,9095
1418,9096
2818,9097
5233,9098
31,9099
8731,9100
3661,9101
3854,9102
5631,9103
469,9104
8873,9105
2718,9106
5117,9107
1093,9108
1195,9109
760,9110
2191,9111
7394,9112
1470,9113
1209,9114
9010,9115
8465,9116
1341,9117
3304,9118
1148,9119
9003,9120
306,9121
8055,9122
7676,9123
1246,9124
5780,9125
1524,9126
411,9127
6546,9128
7419,9129
9039,9130
5421,9131
997,9132
3464,9133
5032,9134
7985,9135
3254,9136
956,9137
3157,9138
7476,9139
8167,9140
3060,9141
2,9142
5425,9143
941,9144
3670,9145
1289,9146
2385,9147
968,9148
754,9149
6038,9150
1108,9151
6407,9152
634,9153
7079,9154
1808,9155
9110,9156
3500,9157
5250,9158
6300,9159
6910,9160
5578,9161
2211,9162
5194,9163
3545,9164
8157,9165
4373,9166
4887,9167
1087,9168
2060,9169
5601,9170
2800,9171
5675,9172
6557,9173
2016,9174
2111,9175
521,9176
7550,9177
1991,9178
7347,9179
8058,9180
1996,9181
4740,9182
1461,9183
8856,9184
6680,9185
3277,9186
7518,9187
4466,9188
7703,9189
7098,9190
6877,9191
5284,9192
4626,9193
7758,9194
9047,9195
8473,9196
9052,9197
2261,9198
5757,9199
7479,9200
6558,9201
7578,9202
1337,9203
4392,9204
3711,9205
1803,9206
6170,9207
381,9208
2810,9209
3494,9210
244,9211
8730,9212
2272,9213
5806,9214
2238,9215
7214,9216
7125,9217
6601,9218
8234,9219
5380,9220
4725,9221
5247,9222
151,9223
6236,9224
2675,9225
5962,9226
328,9227
814,9228
6732,9229
8034,9230
946,9231
2785,9232
1946,9233
5731,9234
3933,9235
6833,9236
1359,9237
4292,9238
480,9239
7326,9240
6004,9241
3722,9242
8166,9243
710,9244
1296,9245
2598,9246
8856,9247
7887,9248
7410,9249
7952,9250
794,9251
7619,9252
3959,9253
679,9254
5799,9255
2997,9256
6842,9257
4222,9258
5024,9259
4554,9260
9068,9261
6643,9262
6505,9263
3530,9264
8844,9265
2951,9266
4409,9267
3471,9268
8674,9269
5630,9270
636,9271
3729,9272
8362,9273
7091,9274
9136,9275
6186,9276
3569,9277
8163,9278
6154,9279
3830,9280
4855,9281
1810,9282
9132,9283
9148,9284
1102,9285
1171,9286
6867,9287
1288,9288
4499,9289
2347,9290
5256,9291
6876,9292
3025,9293
5193,9294
2369,9295
8881,9296
931,9297
230,9298
878,9299
6851,9300
2093,9301
5507,9302
2174,9303
4266,9304
5915,9305
9029,9306
2719,9307
7841,9308
5060,9309
5992,9310
1989,9311
4974,9312
4519,9313
1594,9314
169,9315
8284,9316
2955,9317
1587,9318
1004,9319
1252,9320
4709,9321
8911,9322
3884,9323
8179,9324
9270,9325
9065,9326
902,9327
6069,9328
4807,9329
6394,9330
9216,9331
9105,9332
4215,9333
8715,9334
2955,9335
1625,9336
8325,9337
5166,9338
136,9339
8252,9340
5141,9341
7427,9342
4855,9343
6940,9344
4906,9345
8366,9346
7014,9347
9232,9348
1097,9349
2472,9350
6614,9351
6785,9352
2394,9353
5070,9354
112,9355
5894,9356
4350,9357
1898,9358
5051,9359
1678,9360
7983,9361
9276,9362
1216,9363
2867,9364
1668,9365
7142,9366
2206,9367
2255,9368
4704,9369
1419,9370
8121,9371
761,9372
6387,9373
4523,9374
5113,9375
6996,9376
450,9377
6738,9378
3967,9379
1727,9380
413,9381
3726,9382
1691,9383
7532,9384
743,9385
8376,9386
1584,9387
5354,9388
4527,9389
3171,9390
8215,9391
5103,9392
8724,9393
729,9394
3400,9395
2702,9396
8641,9397
4108,9398
6496,9399
4374,9400
6704,9401
2624,9402
4959,9403
7303,9404
3002,9405
3734,9406
1864,9407
1958,9408
6093,9409
7118,9410
9095,9411
4057,9412
4237,9413
5639,9414
6623,9415
8590,9416
9083,9417
8022,9418
6660,9419
2081,9420
5274,9421
484,9422
5456,9423
7416,9424
3739,9425
7168,9426
8363,9427
8213,9428
7401,9429
7400,9430
7395,9431
7870,9432
611,9433
5395,9434
2588,9435
8546,9436
600,9437
5093,9438
2519,9439
6343,9440
2832,9441
2791,9442
50,9443
8442,9444
7587,9445
7956,9446
448,9447
8834,9448
8989,9449
718,9450
149,9451
694,9452
5414,9453
8852,9454
6123,9455
1285,9456
275,9457
9206,9458
1856,9459
4032,9460
2108,9461
3329,9462
6674,9463
6475,9464
975,9465
7467,9466
1058,9467
8570,9468
6995,9469
7018,9470
1164,9471
1770,9472
5249,9473
4864,9474
1351,9475
4177,9476
6399,9477
6342,9478
2654,9479
6854,9480
169,9481
1410,9482
6788,9483
6100,9484
8281,9485
3131,9486
8166,9487
5113,9488
2551,9489
6340,9490
2687,9491
6793,9492
9374,9493
7892,9494
9239,9495
8072,9496
5403,9497
4667,9498
4729,9499
3892,9500
3247,9501
3493,9502
4656,9503
9274,9504
9232,9505
1919,9506
3065,9507
4414,9508
5663,9509
1266,9510
635,9511
1367,9512
9251,9513
4580,9514
3094,9515
6554,9516
4818,9517
1766,9518
4596,9519
4944,9520
7481,9521
6095,9522
8364,9523
731,9524
3154,9525
2923,9526
4147,9527
7809,9528
1317,9529
3518,9530
2036,9531
6224,9532
5214,9533
4000,9534
4482,9535
6267,9536
3097,9537
3827,9538
5670,9539
2005,9540
6057,9541
5997,9542
5890,9543
348,9544
851,9545
8332,9546
8092,9547
4845,9548
7666,9549
6690,9550
9138,9551
3245,9552
8866,9553
8998,9554
3075,9555
2940,9556
4692,9557
4196,9558
3025,9559
7106,9560
1279,9561
6755,9562
239,9563
4811,9564
4625,9565
7641,9566
7937,9567
1752,9568
928,9569
9166,9570
7028,9571
7146,9572
8766,9573
2993,9574
3591,9575
514,9576
4545,9577
7121,9578
6799,9579
8589,9580
5765,9581
6748,9582
3063,9583
1171,9584
7979,9585
8607,9586
8028,9587
9221,9588
4200,9589
5412,9590
5686,9591
420,9592
6243,9593
1592,9594
3069,9595
1102,9596
3503,9597
6793,9598
8818,9599
1326,9600
561,9601
6337,9602
8228,9603
3580,9604
5280,9605
851,9606
6801,9607
3352,9608
4829,9609
6369,9610
2638,9611
7114,9612
2418,9613
8813,9614
4214,9615
1345,9616
4631,9617
2461,9618
8670,9619
6880,9620
2238,9621
6692,9622
8860,9623
9407,9624
2347,9625
5009,9626
5491,9627
772,9628
8287,9629
9197,9630
8485,9631
7249,9632
9318,9633
6892,9634
7038,9635
3389,9636
4687,9637
4496,9638
6730,9639
2289,9640
2600,9641
6035,9642
6290,9643
2642,9644
4920,9645
1190,9646
9113,9647
323,9648
1902,9649
3349,9650
1857,9651
7057,9652
291,9653
2879,9654
7692,9655
225,9656
7936,9657
6721,9658
6162,9659
2109,9660
9579,9661
1334,9662
4195,9663
9203,9664
6024,9665
7735,9666
7026,9667
3949,9668
8750,9669
6359,9670
1517,9671
3209,9672
1218,9673
5185,9674
4662,9675
1853,9676
2772,9677
5494,9678
4309,9679
2452,9680
2246,9681
4221,9682
6932,9683
3461,9684
1738,9685
2171,9686
7990,9687
1054,9688
4854,9689
5916,9690
2179,9691
1403,9692
8116,9693
1666,9694
3920,9695
1178,9696
8519,9697
3134,9698
9071,9699
9246,9700
6128,9701
6590,9702
2190,9703
4110,9704
5496,9705
4170,9706
1764,9707
1020,9708
8346,9709
2043,9710
7301,9711
1185,9712
9688,9713
1759,9714
4225,9715
9105,9716
571,9717
6510,9718
2524,9719
8325,9720
7201,9721
4086,9722
1789,9723
43,9724
201,9725
1922,9726
5567,9727
2579,9728
2124,9729
651,9730
1387,9731
3967,9732
6287,9733
5304,9734
8061,9735
986,9736
1161,9737
4234,9738
8764,9739
3655,9740
9512,9741
8918,9742
5038,9743
3157,9744
2351,9745
4078,9746
8669,9747
1876,9748
2401,9749
8054,9750
3076,9751
7268,9752
3028,9753
57,9754
128,9755
9755,9756
6230,9757
988,9758
6181,9759
8525,9760
157,9761
3317,9762
4882,9763
1881,9764
4541,9765
4165,9766
9450,9767
6056,9768
7698,9769
405,9770
6309,9771
262,9772
1030,9773
2750,9774
3755,9775
2189,9776
9028,9777
5745,9778
6849,9779
4376,9780
577,9781
1720,9782
2813,9783
3210,9784
5572,9785
1841,9786
2499,9787
3769,9788
8507,9789
2024,9790
3541,9791
2862,9792
3397,9793
5475,9794
5413,9795
6542,9796
5646,9797
6811,9798
73,9799
9402,9800
5906,9801
8643,9802
4463,9803
132,9804
5468,9805
6670,9806
3877,9807
8127,9808
3888,9809
7067,9810
6302,9811
4572,9812
4212,9813
9559,9814
5216,9815
7433,9816
2705,9817
4487,9818
2917,9819
3404,9820
280,9821
7823,9822
4792,9823
151,9824
7563,9825
2780,9826
4511,9827
6525,9828
7396,9829
8865,9830
4198,9831
6048,9832
3447,9833
1491,9834
9333,9835
4833,9836
5809,9837
9219,9838
1804,9839
51,9840
7760,9841
2767,9842
4407,9843
7957,9844
744,9845
7601,9846
8749,9847
3249,9848
9471,9849
7817,9850
9545,9851
352,9852
2965,9853
5875,9854
654,9855
8121,9856
8112,9857
7135,9858
8697,9859
2769,9860
4630,9861
3367,9862
3257,9863
844,9864
2183,9865
5929,9866
832,9867
7472,9868
1804,9869
9832,9870
5373,9871
7259,9872
9497,9873
5561,9874
391,9875
4275,9876
3879,9877
1935,9878
902,9879
9778,9880
8628,9881
6630,9882
1299,9883
1133,9884
6922,9885
9412,9886
3225,9887
7118,9888
5101,9889
1432,9890
9875,9891
9539,9892
8352,9893
7908,9894
5433,9895
1102,9896
4171,9897
964,9898
4315,9899
2611,9900
6589,9901
6939,9902
2104,9903
4069,9904
3182,9905
2900,9906
7534,9907
8007,9908
3667,9909
5046,9910
483,9911
5961,9912
6939,9913
9274,9914
6831,9915
110,9916
4771,9917
3166,9918
7629,9919
8577,9920
8270,9921
9154,9922
9584,9923
5955,9924
2846,9925
6609,9926
116,9927
8937,9928
2240,9929
1712,9930
5254,9931
995,9932
6341,9933
5244,9934
7011,9935
8335,9936
5782,9937
4905,9938
6138,9939
3987,9940
683,9941
6054,9942
7537,9943
7231,9944
4152,9945
5970,9946
9021,9947
5917,9948
1469,9949
7081,9950
4366,9951
6757,9952
4847,9953
7199,9954
3861,9955
4528,9956
5385,9957
9777,9958
3199,9959
1246,9960
3561,9961
48,9962
8913,9963
8000,9964
6653,9965
6767,9966
2572,9967
5543,9968
3745,9969
7585,9970
2541,9971
6649,9972
5947,9973
6720,9974
2794,9975
8251,9976
4254,9977
2791,9978
2201,9979
3056,9980
7865,9981
3823,9982
2042,9983
7894,9984
7278,9985
4109,9986
9637,9987
3997,9988
5383,9989
2537,9990
8708,9991
5735,9992
9905,9993
433,9994
6195,9995
6051,9996
7186,9997
3720,9998
2019,9999
