0,1
0,2
0,3
0,4
0,5
0,7
0,8
0,9
0,12
0,13
12,16
9,18
0,19
0,20
16,20
0,21
0,23
4,24
16,24
0,26
7,26
0,27
0,28
24,28
0,30
26,31
9,32
21,33
19,34
34,35
31,36
28,38
26,40
32,40
0,41
16,41
35,41
41,42
12,43
16,44
0,45
5,45
44,46
8,47
0,49
3,49
0,51
16,51
40,51
44,52
19,53
24,53
0,54
43,54
43,55
40,56
34,57
49,58
9,59
0,60
26,60
54,62
20,65
0,66
34,66
0,67
20,68
0,69
21,69
49,70
41,71
18,72
44,72
40,73
45,73
0,75
24,75
59,75
55,77
67,77
3,78
16,79
26,79
21,81
35,81
54,82
5,83
69,84
20,85
9,87
44,92
36,93
5,94
62,94
0,96
18,96
75,96
9,99
53,99
28,100
60,100
0,101
41,101
75,102
26,103
0,104
28,104
54,108
84,108
12,109
0,110
85,110
28,111
42,111
0,113
2,116
46,116
4,118
0,119
23,119
77,119
54,120
111,120
0,125
81,125
54,127
72,127
45,128
111,128
0,129
68,131
77,131
0,136
12,137
119,137
34,139
7,140
16,141
55,141
4,143
38,143
19,145
79,146
9,148
27,149
92,149
137,153
139,153
79,154
35,155
77,155
7,157
40,159
24,160
79,160
32,162
153,162
3,163
137,163
20,164
0,165
49,166
66,166
0,168
40,168
87,168
40,171
111,172
40,173
24,174
79,174
0,177
116,178
149,178
0,179
99,179
66,180
0,181
55,182
59,182
85,183
26,184
53,184
180,185
2,186
5,187
5,188
168,189
0,190
0,191
55,191
21,192
99,193
72,194
0,195
1,195
26,196
102,197
54,198
5,200
32,201
43,201
53,201
2,202
79,203
141,207
191,208
119,210
0,211
53,211
66,212
40,213
59,213
81,213
108,213
44,214
65,215
21,217
26,217
0,218
21,219
153,220
53,221
20,225
20,226
141,226
0,227
24,228
32,228
54,228
24,229
116,231
40,232
96,232
101,232
0,233
232,233
9,234
72,234
101,234
127,234
213,237
155,238
0,240
113,240
19,241
108,242
166,243
212,244
8,245
53,245
4,248
35,248
0,250
219,250
40,251
191,251
201,251
12,252
174,252
227,252
119,254
234,254
12,255
53,255
111,255
212,255
28,259
0,260
26,263
79,263
20,266
85,267
96,267
9,268
49,268
119,268
189,268
19,269
49,269
164,270
0,271
40,273
44,274
46,274
0,277
54,281
103,282
0,283
200,284
234,285
28,287
251,290
116,291
18,293
75,293
102,295
234,295
57,296
113,297
27,299
24,300
146,300
227,300
100,303
165,304
73,307
87,307
0,308
79,308
127,308
304,308
96,309
4,310
100,312
287,312
2,313
0,314
26,314
5,316
190,316
30,322
73,322
69,323
43,325
116,325
40,328
94,331
234,331
16,332
59,332
251,332
38,334
51,334
119,334
268,335
0,336
131,336
334,337
127,338
38,339
183,339
0,340
168,340
229,340
0,341
44,341
0,344
65,345
254,345
295,346
49,348
251,349
73,351
84,352
174,355
314,356
191,358
45,359
336,361
352,361
127,362
287,363
75,364
100,364
0,365
212,365
46,366
49,366
102,366
155,369
163,371
312,371
348,371
0,372
3,373
44,375
183,375
284,376
40,377
212,378
243,378
7,379
203,380
233,381
274,382
137,384
227,384
44,386
334,386
18,387
100,387
119,388
110,389
79,390
49,392
40,393
51,395
111,396
111,400
163,401
373,401
9,402
186,402
12,403
92,403
339,403
180,404
0,405
44,405
31,408
111,408
162,408
308,408
187,409
234,411
245,411
20,412
191,412
4,413
36,414
53,416
68,416
153,416
0,417
139,418
166,418
20,419
149,419
221,419
234,420
268,420
0,421
129,424
0,425
7,425
81,425
0,430
102,430
174,432
81,434
312,434
378,434
198,435
234,435
16,436
102,436
141,436
287,437
21,441
190,442
375,442
40,443
49,445
102,445
251,445
441,445
3,447
274,448
362,448
24,449
16,450
43,452
55,452
119,452
313,452
340,452
82,453
251,453
0,455
153,455
0,456
339,456
21,457
244,457
445,457
173,458
20,459
99,461
171,461
441,461
259,462
304,463
0,464
0,465
453,465
183,466
448,467
434,468
5,469
12,469
166,470
59,471
240,471
388,471
291,472
81,474
464,476
184,478
212,479
419,479
213,481
118,482
251,482
40,483
119,483
243,484
168,485
227,485
104,486
186,486
43,488
111,491
137,491
0,492
250,493
49,495
268,496
101,497
457,497
127,499
40,500
128,500
0,501
69,501
299,501
232,502
12,503
419,505
41,506
45,506
96,506
171,509
387,510
456,510
500,511
5,512
486,512
200,513
448,513
336,514
24,517
251,517
378,517
506,517
434,521
166,522
77,524
102,524
486,529
28,530
245,530
380,532
191,534
212,534
119,535
203,537
284,537
40,539
464,542
419,543
20,544
0,546
28,546
84,546
500,546
140,549
100,551
137,552
4,553
8,553
153,553
443,553
34,555
418,555
20,558
84,558
269,560
16,563
24,563
92,563
348,563
434,563
40,564
153,564
16,565
94,566
28,567
237,567
414,568
35,569
35,570
75,572
213,572
384,572
145,573
0,574
362,574
149,576
387,576
82,578
362,578
81,582
563,582
24,583
58,584
75,584
113,586
352,586
193,589
250,593
334,593
137,594
3,596
251,598
27,600
111,603
198,606
191,607
68,609
234,611
455,612
68,613
82,613
111,613
28,614
137,615
221,615
263,615
46,616
227,617
111,619
234,619
131,622
163,622
251,624
57,626
108,627
436,627
366,628
553,630
19,631
12,633
101,634
339,634
0,635
131,637
501,639
44,641
109,643
181,644
495,645
3,646
96,646
570,646
143,649
9,652
263,654
131,655
546,655
4,658
58,658
229,658
419,661
59,662
79,663
381,664
41,665
41,666
20,667
506,668
564,668
627,668
19,671
435,672
511,672
622,673
339,674
552,674
44,675
0,677
139,677
366,677
0,678
217,681
35,682
453,684
613,684
0,685
40,685
131,685
62,689
0,690
77,691
83,691
376,691
75,692
672,693
455,695
49,696
558,697
310,698
28,699
243,699
681,699
0,702
81,702
268,702
4,704
0,705
108,705
85,706
19,708
552,708
26,709
166,710
461,710
83,712
0,715
470,715
34,718
706,718
164,720
567,720
251,722
60,723
364,724
0,725
499,726
103,727
3,731
99,732
564,733
153,734
435,735
81,736
325,736
165,737
366,739
101,740
166,740
268,742
441,742
593,744
81,745
118,748
511,748
675,748
21,749
244,750
362,752
40,753
308,753
24,754
682,754
127,755
149,755
417,756
511,756
211,758
251,758
505,758
145,759
576,762
685,762
737,764
111,766
168,771
434,771
465,771
0,775
40,776
254,776
609,776
435,777
517,778
26,779
348,782
692,782
0,786
0,789
12,789
21,789
42,790
49,790
699,790
81,794
364,794
0,795
259,795
366,795
513,795
685,796
35,797
166,797
68,798
174,798
238,799
251,799
32,802
213,804
312,804
186,806
101,807
530,808
81,809
486,809
55,812
179,814
304,814
54,816
268,816
179,818
513,818
445,819
66,820
100,821
9,824
27,825
708,827
26,828
461,829
500,829
685,829
0,830
27,832
435,832
0,835
35,835
364,835
452,835
54,836
57,836
691,836
84,838
116,838
35,839
52,840
0,841
749,841
296,842
376,842
366,844
452,846
388,847
250,848
0,849
49,851
131,852
189,853
41,855
227,855
78,856
200,856
283,856
442,857
534,857
609,858
307,860
461,860
217,861
418,861
430,861
96,863
268,863
491,864
553,866
43,867
24,870
108,871
366,872
111,877
269,877
405,878
77,879
43,881
129,881
12,882
635,883
62,884
94,885
163,885
168,885
141,887
677,887
706,887
434,888
9,889
171,889
34,890
334,891
456,892
887,892
335,895
382,896
851,896
60,897
42,899
455,899
9,900
501,902
108,903
82,904
0,905
127,905
128,907
307,907
32,908
387,908
740,914
0,916
26,916
168,917
300,917
469,917
483,918
766,921
40,922
68,923
42,924
233,924
535,925
111,926
419,926
517,929
835,929
501,930
339,933
378,933
739,933
420,935
434,935
795,935
96,937
240,937
414,938
141,939
234,939
312,941
658,941
44,946
455,946
200,947
733,947
362,948
816,948
111,949
163,950
0,954
38,954
49,954
20,955
0,958
947,958
60,959
312,959
449,959
860,959
193,960
0,962
20,962
946,963
512,964
373,967
380,967
225,969
4,970
364,973
43,974
96,974
149,974
744,974
211,978
470,978
145,979
9,980
497,980
339,981
49,982
695,982
251,983
844,983
9,984
66,984
962,984
49,986
183,987
57,988
213,989
698,989
111,990
0,991
483,991
314,992
574,992
564,994
627,994
959,995
4,996
41,997
949,997
73,1000
111,1000
231,1003
513,1003
917,1006
198,1007
13,1009
163,1009
457,1009
116,1010
419,1010
563,1010
113,1011
0,1012
495,1015
818,1015
44,1018
183,1018
84,1019
388,1021
806,1022
174,1023
304,1024
435,1026
78,1027
40,1030
615,1030
119,1031
28,1032
84,1032
402,1032
0,1033
119,1033
434,1034
624,1034
752,1034
116,1036
485,1036
251,1037
849,1038
141,1039
201,1039
798,1042
94,1044
381,1045
19,1046
119,1046
340,1049
572,1049
524,1053
339,1054
335,1055
517,1056
243,1057
49,1059
163,1060
45,1063
583,1063
68,1065
53,1067
59,1068
251,1068
457,1071
338,1072
0,1073
203,1074
384,1076
425,1076
49,1078
900,1082
234,1083
259,1083
517,1083
1009,1083
73,1084
563,1086
849,1086
44,1087
40,1088
771,1089
268,1090
300,1090
84,1091
49,1092
110,1094
312,1095
171,1097
234,1097
855,1097
366,1101
564,1102
403,1103
0,1105
1063,1105
1082,1105
96,1107
26,1108
65,1108
184,1108
26,1111
381,1111
622,1111
900,1116
649,1117
75,1118
754,1118
19,1119
59,1120
116,1120
12,1121
200,1122
1111,1122
469,1125
992,1125
116,1126
287,1126
582,1127
18,1128
26,1128
201,1128
7,1129
221,1130
4,1131
529,1131
0,1132
654,1134
143,1135
312,1135
51,1136
809,1138
44,1140
19,1141
49,1141
818,1141
795,1143
128,1144
4,1145
337,1145
4,1146
887,1146
0,1147
308,1147
497,1148
55,1149
338,1149
691,1149
149,1151
974,1151
234,1152
277,1152
1125,1152
404,1154
441,1158
233,1160
1120,1160
1034,1161
1118,1161
455,1163
904,1166
191,1167
855,1167
79,1170
0,1172
948,1173
387,1174
947,1174
506,1176
946,1176
1163,1177
611,1179
9,1180
111,1182
181,1183
491,1183
1086,1185
58,1186
914,1188
28,1189
116,1189
108,1190
860,1190
491,1192
509,1192
54,1194
1120,1194
0,1195
1063,1195
193,1199
479,1199
1128,1200
168,1202
403,1202
1083,1203
81,1205
491,1205
917,1207
0,1209
336,1209
21,1210
457,1210
245,1211
0,1212
55,1212
505,1213
0,1214
0,1216
234,1216
53,1217
159,1217
445,1217
0,1218
7,1218
183,1219
482,1219
889,1219
1122,1219
165,1221
16,1222
101,1222
500,1222
1209,1222
28,1223
45,1223
201,1224
871,1224
210,1228
1021,1228
96,1230
49,1231
419,1231
567,1232
0,1234
361,1235
0,1236
20,1236
40,1236
131,1236
511,1237
379,1238
887,1238
184,1239
435,1241
191,1242
1039,1242
465,1243
1222,1243
263,1245
479,1247
255,1248
560,1248
36,1249
60,1249
81,1249
974,1252
137,1254
12,1257
99,1257
997,1257
79,1258
537,1259
646,1260
165,1261
583,1261
259,1262
835,1262
1230,1262
250,1263
1217,1263
44,1264
53,1264
131,1266
1179,1267
877,1268
38,1270
1236,1270
42,1272
49,1276
807,1276
1015,1276
104,1277
9,1280
79,1280
685,1283
3,1284
938,1285
974,1285
183,1286
200,1286
69,1290
92,1290
203,1291
250,1291
35,1292
933,1292
1122,1295
445,1296
31,1301
19,1304
34,1306
213,1308
26,1310
696,1311
1063,1313
685,1314
0,1315
77,1316
66,1318
32,1320
1314,1321
786,1322
84,1323
1044,1324
994,1325
1009,1325
1071,1325
699,1326
53,1328
646,1328
735,1328
137,1329
45,1330
148,1330
0,1331
220,1333
1284,1333
53,1334
984,1334
307,1335
563,1339
685,1339
118,1341
0,1343
137,1343
371,1343
753,1343
1257,1343
861,1344
692,1345
753,1345
1130,1346
1261,1348
281,1350
159,1353
695,1353
312,1354
338,1354
795,1357
287,1358
1241,1359
9,1362
287,1362
452,1362
274,1363
387,1363
1354,1363
1076,1364
1039,1365
1232,1366
1180,1368
2,1370
55,1370
68,1374
771,1374
8,1375
99,1376
75,1378
182,1378
232,1379
677,1380
613,1381
797,1381
38,1382
1108,1382
567,1383
217,1385
177,1387
220,1389
461,1390
916,1390
4,1391
771,1391
484,1392
938,1393
1046,1396
789,1397
81,1398
560,1400
174,1401
113,1402
500,1404
1090,1404
1219,1404
4,1405
881,1406
168,1407
418,1409
312,1410
267,1411
484,1411
38,1412
116,1412
24,1413
340,1413
79,1414
229,1415
691,1417
2,1418
18,1419
35,1419
332,1419
26,1420
153,1420
419,1421
1295,1421
174,1422
338,1424
54,1425
201,1425
933,1425
73,1426
229,1427
54,1428
35,1430
790,1430
40,1431
337,1431
929,1431
441,1432
1382,1433
737,1438
500,1441
584,1441
35,1442
116,1442
295,1442
221,1443
1009,1443
1018,1443
0,1445
99,1447
166,1447
210,1447
1147,1447
1180,1447
0,1449
68,1451
217,1452
534,1453
250,1454
1167,1454
28,1456
835,1456
708,1457
171,1460
818,1463
980,1464
736,1465
103,1467
184,1467
1237,1467
1359,1468
1087,1469
0,1471
1141,1471
457,1472
229,1475
308,1475
1291,1475
75,1476
818,1476
110,1478
153,1478
549,1478
113,1479
193,1479
366,1482
492,1483
681,1483
1263,1483
835,1484
1090,1484
853,1486
119,1490
54,1492
1083,1492
1357,1492
887,1493
119,1496
1387,1498
31,1499
35,1499
53,1499
879,1499
1067,1500
78,1501
482,1502
1009,1502
401,1503
654,1503
59,1505
185,1507
240,1507
338,1507
1141,1510
674,1516
47,1517
220,1517
1443,1517
419,1519
1447,1519
40,1522
139,1524
665,1524
750,1524
764,1524
1119,1524
511,1525
613,1525
174,1526
4,1527
627,1528
129,1532
962,1534
1217,1536
73,1537
1325,1540
54,1543
0,1544
500,1544
889,1545
1341,1546
1032,1551
1122,1551
341,1552
816,1552
378,1554
1039,1555
1486,1555
148,1558
696,1558
53,1560
1090,1562
1149,1565
758,1567
455,1568
615,1568
691,1568
989,1569
1090,1570
1467,1570
435,1571
1060,1571
457,1572
0,1573
139,1573
217,1574
291,1576
310,1576
41,1577
274,1577
1194,1577
1295,1577
307,1579
52,1580
445,1580
166,1581
339,1582
796,1582
483,1583
1037,1583
45,1584
667,1585
935,1585
421,1588
46,1589
455,1591
696,1591
339,1592
1195,1592
1189,1593
213,1595
615,1595
42,1596
54,1596
693,1596
1034,1596
672,1597
682,1603
366,1604
0,1605
546,1606
441,1607
1404,1607
553,1608
1063,1608
20,1609
434,1610
552,1610
546,1611
54,1612
594,1612
1090,1612
21,1614
737,1615
1103,1616
458,1618
35,1619
935,1619
983,1621
1304,1622
672,1623
0,1624
900,1624
73,1626
881,1626
1507,1626
379,1631
16,1632
1141,1633
435,1634
45,1635
674,1635
889,1635
387,1639
40,1640
892,1640
941,1640
1486,1640
441,1641
1475,1642
1467,1644
371,1645
364,1646
92,1648
684,1650
44,1651
179,1654
1343,1654
1032,1655
24,1656
49,1657
131,1657
1654,1657
108,1658
546,1658
1151,1658
441,1659
269,1660
381,1661
1219,1662
287,1665
35,1666
3,1668
0,1669
26,1670
808,1671
1045,1671
1405,1671
0,1673
96,1673
1426,1673
744,1674
59,1677
820,1677
1582,1677
12,1678
455,1679
242,1681
119,1682
129,1684
53,1685
119,1685
183,1686
435,1686
404,1687
565,1688
69,1689
384,1689
362,1690
96,1692
66,1693
455,1694
1607,1695
40,1698
137,1698
65,1700
66,1701
35,1702
1135,1702
558,1703
1152,1703
308,1704
483,1704
989,1707
1042,1707
1616,1708
1328,1709
57,1710
213,1710
1087,1711
1313,1711
1418,1712
24,1714
613,1714
1467,1716
916,1718
0,1720
455,1721
325,1723
771,1723
191,1725
512,1726
643,1726
841,1727
524,1728
87,1730
1263,1730
184,1731
1343,1731
521,1734
42,1736
217,1736
1313,1737
19,1738
448,1738
0,1740
1202,1741
369,1743
102,1745
213,1745
916,1747
403,1748
708,1752
1426,1752
250,1754
9,1756
1507,1757
127,1758
300,1758
655,1758
255,1759
1330,1759
1456,1759
1442,1760
159,1761
614,1761
1333,1762
1632,1762
491,1763
613,1764
4,1765
992,1765
203,1766
403,1766
119,1767
312,1767
434,1767
229,1768
212,1770
1447,1770
727,1771
181,1772
1328,1773
21,1774
110,1777
735,1777
646,1780
469,1781
1129,1781
1199,1783
1033,1786
1634,1786
3,1787
44,1787
373,1788
0,1790
108,1790
889,1791
655,1792
9,1793
300,1793
378,1794
1266,1794
38,1795
1345,1795
314,1796
887,1796
346,1797
1737,1797
102,1798
1160,1798
1546,1799
1537,1800
1756,1800
1662,1801
40,1802
44,1802
511,1803
75,1805
1343,1805
149,1807
352,1808
455,1809
512,1810
989,1811
0,1812
54,1813
752,1813
1222,1813
1375,1814
101,1818
448,1818
1413,1818
125,1820
1788,1821
69,1822
790,1822
1350,1824
470,1828
1671,1829
973,1831
339,1832
1442,1832
166,1833
938,1833
243,1835
4,1836
81,1836
225,1836
57,1838
68,1838
1152,1838
40,1840
509,1841
420,1843
586,1843
200,1845
12,1849
339,1849
1241,1849
211,1850
274,1850
1331,1850
234,1853
1290,1855
308,1859
21,1860
49,1860
68,1860
1710,1860
1624,1862
563,1864
1519,1864
110,1868
118,1868
835,1868
624,1869
1551,1869
3,1870
1759,1870
1809,1871
234,1872
511,1872
20,1875
1042,1875
530,1876
1230,1880
643,1881
871,1883
3,1885
425,1885
818,1885
455,1886
1295,1887
0,1888
435,1888
0,1889
879,1889
1616,1890
509,1892
916,1892
1202,1892
514,1893
1042,1893
1428,1893
0,1894
613,1894
131,1895
705,1897
411,1899
0,1901
675,1901
1635,1901
34,1904
534,1904
593,1904
731,1904
0,1905
844,1905
1390,1905
362,1906
696,1907
672,1909
1486,1909
141,1910
708,1910
797,1911
1135,1912
1532,1913
53,1916
546,1916
1331,1916
434,1920
1745,1920
1802,1920
441,1921
449,1921
633,1923
1596,1923
44,1924
79,1924
499,1925
20,1927
181,1929
681,1929
100,1930
675,1932
735,1934
227,1935
804,1935
1792,1935
907,1936
1912,1936
695,1937
1886,1937
4,1938
725,1940
1234,1940
560,1944
234,1945
0,1946
1111,1946
0,1947
113,1947
131,1948
816,1948
266,1949
233,1953
992,1954
166,1957
0,1959
1765,1959
828,1960
101,1962
1350,1962
1693,1962
54,1964
419,1964
53,1965
457,1967
1924,1968
382,1973
752,1974
1339,1975
1964,1976
0,1978
263,1980
1053,1980
1447,1980
708,1982
1947,1982
552,1983
818,1983
836,1984
457,1985
12,1986
128,1986
1885,1986
163,1987
308,1988
613,1988
1407,1988
381,1989
609,1989
1525,1989
21,1991
1546,1991
163,1992
364,1992
835,1994
1033,1994
242,1995
44,1996
412,1996
685,1996
903,1998
1670,2000
1576,2001
111,2002
790,2002
1573,2002
96,2004
418,2004
1838,2004
26,2005
41,2007
1149,2007
1295,2007
251,2008
325,2009
32,2011
233,2011
297,2011
855,2011
1796,2011
28,2012
171,2012
1290,2012
1843,2012
28,2015
171,2015
991,2015
1182,2016
0,2017
593,2017
980,2018
149,2020
1994,2020
1015,2023
1669,2023
500,2024
49,2025
190,2025
411,2025
542,2026
1021,2027
211,2028
366,2030
45,2032
1247,2032
1658,2032
40,2033
485,2033
917,2034
1426,2036
12,2037
9,2040
753,2041
839,2041
1869,2044
879,2045
691,2046
21,2047
430,2047
797,2048
291,2049
1277,2049
366,2050
1962,2051
43,2053
9,2054
143,2054
274,2054
435,2055
737,2055
24,2056
248,2057
1290,2058
379,2060
1419,2060
1431,2060
1136,2061
0,2064
40,2065
129,2066
685,2066
0,2067
79,2068
149,2069
1422,2069
1467,2069
242,2070
267,2070
1067,2070
1272,2070
991,2071
62,2072
19,2073
103,2075
381,2075
43,2076
613,2076
1579,2076
1571,2078
1569,2079
190,2080
1222,2080
419,2082
1343,2083
72,2086
419,2088
1248,2088
201,2091
469,2091
108,2092
1555,2092
796,2093
1034,2094
705,2095
1135,2095
118,2097
366,2099
795,2102
1368,2105
766,2106
251,2107
51,2110
1067,2110
75,2115
101,2116
1552,2117
79,2119
295,2119
100,2121
251,2121
563,2121
1037,2123
1765,2127
1161,2128
2080,2129
467,2130
1838,2130
740,2131
153,2132
449,2133
1525,2133
425,2134
1151,2134
274,2135
44,2136
316,2136
1034,2136
1350,2136
128,2138
1176,2139
2115,2139
96,2140
674,2141
947,2141
1103,2141
300,2142
349,2142
855,2144
49,2145
1986,2147
0,2148
55,2149
445,2150
314,2153
18,2154
946,2154
1292,2154
40,2155
5,2157
419,2157
1860,2157
145,2158
184,2161
219,2161
1786,2161
720,2162
1290,2164
708,2165
692,2166
49,2167
0,2168
563,2169
233,2170
882,2171
0,2173
892,2173
1046,2175
1986,2175
44,2178
1354,2178
1759,2178
387,2181
1932,2181
245,2182
1612,2182
1946,2182
699,2184
2115,2185
7,2187
45,2187
3,2189
267,2189
560,2189
1151,2189
40,2190
677,2190
96,2191
1471,2194
667,2195
44,2196
1654,2197
211,2198
322,2198
1039,2199
184,2200
856,2202
174,2204
84,2205
373,2205
1692,2205
1552,2210
20,2211
0,2212
1407,2212
382,2213
267,2215
1295,2215
73,2216
207,2217
497,2217
1612,2218
469,2219
1610,2219
53,2221
1959,2222
0,2223
60,2225
483,2226
497,2226
119,2228
250,2228
1596,2228
1741,2228
2219,2230
208,2231
291,2232
1640,2232
42,2235
1362,2235
552,2236
1501,2237
2139,2237
613,2242
225,2244
213,2246
563,2247
1555,2248
9,2249
60,2249
111,2250
215,2251
3,2252
1176,2252
3,2253
453,2254
412,2257
574,2257
1328,2257
1832,2258
795,2259
1723,2260
2153,2262
737,2265
2235,2266
234,2267
754,2267
1086,2267
201,2269
1947,2269
691,2270
31,2271
2093,2271
1090,2274
1330,2274
1726,2274
573,2275
1770,2275
195,2276
1802,2276
517,2279
2024,2281
851,2282
1167,2286
2020,2286
1038,2288
21,2290
1039,2290
1686,2290
307,2291
1182,2291
500,2292
892,2292
0,2293
1777,2293
49,2294
2237,2295
564,2298
229,2299
281,2299
119,2301
2293,2303
283,2304
127,2307
113,2308
1438,2309
1689,2309
26,2310
382,2311
1626,2311
798,2312
53,2314
461,2314
1378,2314
1467,2314
795,2315
1666,2317
1800,2317
113,2318
2131,2318
119,2319
345,2319
624,2319
403,2321
2168,2323
166,2324
1076,2325
2161,2325
26,2331
1083,2332
1357,2332
191,2333
404,2333
776,2333
166,2337
887,2337
1290,2338
0,2340
203,2340
702,2340
189,2341
2131,2342
12,2344
53,2344
143,2344
1090,2347
38,2348
54,2348
411,2348
1082,2348
251,2351
101,2352
596,2353
79,2354
771,2354
1595,2355
1868,2358
1479,2360
361,2361
654,2363
685,2363
378,2364
26,2365
933,2365
1141,2366
1986,2366
153,2368
848,2369
120,2370
1313,2370
989,2371
1097,2371
266,2373
0,2375
304,2375
500,2375
1409,2376
2251,2378
193,2379
12,2382
225,2385
0,2387
479,2387
2158,2387
1654,2388
4,2389
28,2389
127,2389
1868,2391
113,2393
1083,2393
84,2395
260,2395
974,2397
470,2398
806,2398
174,2400
1809,2400
165,2401
366,2402
255,2403
99,2406
1526,2406
75,2407
1838,2408
53,2409
1222,2409
1868,2409
83,2411
1962,2411
2294,2411
1148,2413
1368,2416
2375,2416
708,2417
40,2419
43,2420
68,2420
3,2421
1111,2421
727,2422
45,2423
1148,2423
1927,2426
81,2427
684,2427
0,2428
860,2428
702,2429
308,2430
340,2430
1230,2431
1703,2431
1983,2431
41,2432
1222,2432
118,2433
213,2433
861,2433
1328,2434
358,2438
799,2438
40,2439
3,2440
437,2440
193,2441
213,2441
277,2441
1015,2441
1809,2441
2340,2442
104,2443
2040,2443
404,2445
0,2446
887,2446
178,2447
271,2447
896,2447
2091,2447
19,2449
28,2449
624,2449
1190,2449
2142,2450
96,2452
263,2453
35,2457
2075,2458
101,2460
1692,2461
2153,2462
2441,2462
666,2463
798,2463
1125,2463
0,2464
384,2464
1526,2464
469,2465
630,2468
213,2469
1218,2469
1311,2470
129,2471
552,2474
2147,2474
208,2475
897,2477
174,2478
234,2478
387,2479
2389,2479
34,2480
1236,2480
101,2481
1486,2482
2319,2482
863,2483
1585,2485
36,2486
30,2488
295,2489
1708,2489
698,2490
887,2491
918,2492
1241,2492
1962,2492
284,2493
584,2493
28,2494
654,2494
1745,2497
1027,2498
1108,2498
613,2499
2012,2502
101,2503
495,2504
1217,2504
989,2507
2018,2508
0,2509
128,2510
441,2510
959,2510
274,2511
79,2512
99,2512
658,2513
1111,2514
0,2515
51,2515
184,2515
1537,2518
488,2519
1635,2520
234,2521
1964,2525
119,2526
113,2528
271,2528
313,2529
0,2534
376,2534
2497,2534
40,2535
68,2538
1443,2538
624,2540
2515,2540
1447,2543
85,2544
119,2547
16,2550
9,2551
100,2551
2254,2551
16,2552
218,2553
44,2554
881,2555
1145,2555
441,2556
62,2559
59,2560
65,2560
1597,2560
2056,2560
1422,2562
994,2563
1313,2563
863,2564
55,2565
2011,2566
0,2567
27,2567
229,2568
1738,2568
143,2569
119,2571
334,2571
492,2571
1009,2571
1605,2571
455,2576
461,2577
299,2578
737,2578
564,2579
54,2580
395,2584
1940,2585
24,2586
677,2587
1151,2589
96,2590
99,2590
501,2590
20,2591
237,2591
501,2591
552,2592
2389,2592
2560,2592
9,2594
40,2594
1276,2594
706,2595
79,2596
103,2596
267,2597
408,2598
1786,2599
251,2600
1723,2600
251,2603
168,2604
104,2605
26,2606
366,2607
455,2607
255,2608
455,2608
2030,2608
790,2609
8,2611
1108,2611
1345,2611
174,2612
2565,2612
2344,2613
1357,2614
109,2615
201,2615
12,2616
113,2616
1213,2618
1243,2618
62,2619
371,2620
259,2621
777,2622
1551,2624
26,2626
40,2627
1986,2629
1451,2630
38,2632
44,2632
0,2633
59,2633
240,2633
1325,2633
1868,2634
1615,2637
7,2641
92,2642
309,2642
129,2643
1767,2645
2012,2645
1610,2646
162,2647
672,2647
104,2650
0,2651
1334,2652
964,2654
560,2655
1211,2655
53,2657
1083,2657
613,2662
2202,2662
34,2663
1421,2663
2196,2663
75,2664
251,2664
752,2664
881,2665
0,2670
81,2670
137,2670
567,2675
2611,2682
96,2686
252,2687
408,2687
1219,2687
563,2688
542,2689
1116,2690
532,2691
2690,2692
94,2693
178,2696
46,2697
208,2697
563,2698
1138,2698
1207,2699
0,2702
879,2703
220,2704
337,2704
1849,2704
412,2705
495,2706
563,2709
926,2710
1222,2710
1308,2712
60,2714
1558,2715
1295,2716
162,2718
1214,2719
0,2720
1723,2721
2464,2722
708,2724
28,2725
250,2726
252,2726
100,2731
139,2731
2069,2732
340,2734
1071,2736
1464,2736
75,2738
82,2742
603,2743
1330,2744
789,2747
1726,2749
21,2750
2333,2750
1148,2751
2489,2751
100,2752
35,2753
43,2754
227,2754
1148,2754
2069,2754
881,2755
81,2757
1203,2759
12,2760
251,2761
1767,2761
405,2763
2004,2764
12,2765
488,2765
381,2766
2461,2766
334,2767
237,2773
983,2773
568,2775
887,2775
1992,2775
1222,2777
2395,2778
1350,2779
77,2780
0,2781
2117,2781
53,2782
160,2782
4,2783
75,2783
1015,2783
1125,2783
12,2784
60,2784
40,2787
1467,2789
28,2793
2458,2793
60,2797
245,2797
1805,2797
1770,2798
41,2799
2411,2799
2428,2799
2095,2801
1738,2802
101,2803
573,2803
24,2805
455,2805
104,2810
750,2811
1125,2813
432,2815
1635,2815
1015,2816
49,2817
2292,2818
453,2820
485,2820
2025,2821
1503,2822
1203,2823
1836,2825
436,2826
104,2827
27,2829
307,2829
163,2831
1781,2832
1838,2832
101,2833
1537,2833
334,2836
2475,2836
1935,2837
1212,2840
4,2841
403,2841
1610,2843
380,2846
1385,2846
16,2847
218,2847
8,2848
165,2848
534,2848
752,2850
939,2851
691,2852
1634,2852
574,2854
1343,2854
1087,2858
366,2860
403,2861
2765,2861
2373,2863
2801,2863
380,2864
1442,2865
593,2866
695,2867
16,2868
339,2868
434,2868
1850,2869
1992,2871
2066,2871
2395,2871
1108,2872
1258,2873
12,2874
1708,2880
2492,2881
103,2882
2446,2882
4,2884
189,2885
500,2888
1946,2888
366,2889
2286,2889
2497,2890
1441,2891
109,2892
1814,2892
102,2893
1161,2893
1612,2894
20,2895
2187,2895
1000,2896
164,2897
335,2897
457,2898
171,2899
1843,2899
1456,2900
483,2901
2376,2902
203,2903
243,2903
671,2903
0,2908
1946,2908
263,2909
2664,2909
1662,2910
1710,2911
667,2913
1767,2913
0,2915
153,2915
250,2915
2249,2916
2082,2918
2173,2918
667,2919
26,2921
101,2922
2161,2922
771,2923
1060,2924
3,2925
81,2925
232,2925
1316,2925
1790,2926
49,2927
162,2927
100,2930
191,2931
1646,2932
2752,2933
221,2936
567,2936
1213,2936
59,2937
226,2938
2884,2938
2614,2940
96,2941
2705,2941
1,2943
1758,2944
512,2945
452,2946
819,2946
994,2947
2633,2950
1148,2951
2692,2951
1886,2953
40,2954
1738,2954
2428,2956
384,2959
630,2959
1284,2959
2508,2959
2513,2959
835,2963
28,2964
251,2964
1087,2965
113,2967
1224,2971
835,2972
47,2973
1528,2974
1888,2976
2445,2976
59,2977
234,2977
430,2977
484,2978
546,2978
362,2980
274,2981
2491,2982
576,2983
2622,2984
455,2986
1641,2986
2105,2986
366,2987
2488,2988
2235,2989
2498,2990
181,2991
1354,2991
1212,2992
384,2993
1476,2993
1536,2993
786,2995
2927,2995
75,2997
171,2997
153,2998
401,2999
108,3000
251,3000
174,3004
0,3006
12,3006
58,3006
1632,3006
3,3008
485,3009
2237,3009
0,3011
2400,3011
2664,3012
1814,3013
1231,3015
1967,3015
2105,3015
102,3016
980,3016
2373,3016
1886,3017
49,3018
191,3018
2376,3018
672,3020
1741,3022
378,3023
1924,3023
2368,3024
740,3027
2420,3029
45,3032
2040,3033
81,3035
1443,3035
1422,3037
2825,3037
1935,3038
609,3039
403,3041
524,3041
2226,3041
380,3042
373,3043
933,3043
2315,3043
0,3045
1291,3045
748,3048
955,3049
997,3049
81,3051
84,3051
2893,3054
58,3055
573,3055
365,3056
737,3056
191,3057
563,3058
849,3058
2131,3058
1831,3059
0,3060
58,3060
166,3060
1920,3060
46,3061
384,3061
2880,3061
129,3062
457,3062
505,3062
1059,3062
340,3064
567,3064
1067,3065
190,3067
251,3067
2091,3068
184,3069
2040,3070
201,3075
1980,3076
855,3078
938,3078
57,3080
308,3082
1083,3083
1767,3083
19,3084
2821,3084
455,3085
758,3085
120,3088
483,3088
684,3088
1088,3089
1555,3089
405,3091
1033,3091
139,3092
352,3092
53,3093
365,3094
96,3095
806,3095
1376,3095
2698,3095
1843,3097
2376,3098
2831,3099
307,3100
250,3101
51,3102
250,3106
1905,3107
234,3108
1689,3110
2874,3110
36,3112
2015,3112
12,3113
54,3115
364,3115
20,3118
3018,3118
583,3119
221,3120
3035,3120
137,3125
1583,3125
685,3126
549,3127
1128,3127
116,3128
776,3128
994,3128
1738,3129
2761,3129
766,3130
1582,3130
2938,3132
457,3133
0,3135
2002,3135
1767,3136
1767,3138
251,3139
435,3141
881,3143
1067,3143
0,3144
108,3144
2752,3146
213,3147
505,3147
2293,3148
2319,3149
1986,3150
962,3151
1295,3151
2088,3151
2578,3151
1964,3152
8,3153
1641,3154
103,3157
482,3157
2110,3160
0,3162
110,3162
2432,3162
649,3164
706,3164
2837,3164
2815,3166
1507,3167
0,3168
974,3168
388,3169
908,3169
2591,3170
139,3172
1642,3172
127,3176
488,3176
2840,3180
1596,3183
81,3185
418,3187
168,3189
455,3191
1391,3192
1524,3194
3091,3194
2594,3195
192,3196
1128,3198
168,3202
2016,3204
3091,3204
310,3206
2325,3206
0,3207
1571,3208
1419,3212
1582,3214
935,3215
1404,3216
213,3217
564,3217
818,3217
3191,3217
20,3219
2697,3224
41,3226
102,3226
2513,3226
307,3227
453,3228
190,3230
78,3232
1030,3232
0,3233
41,3233
159,3233
2652,3233
2140,3235
373,3237
1467,3237
542,3238
695,3241
1756,3241
563,3242
26,3245
28,3245
403,3247
411,3247
904,3248
851,3249
174,3250
855,3250
184,3253
21,3258
2211,3258
2754,3258
2697,3259
735,3260
867,3261
234,3262
2614,3263
1009,3266
2783,3266
2888,3266
419,3268
907,3268
5,3270
3147,3271
908,3272
365,3273
752,3274
0,3275
2015,3275
2584,3276
92,3278
1076,3278
737,3282
137,3283
395,3283
456,3284
1236,3285
941,3286
563,3287
1397,3287
2293,3287
2181,3288
2030,3289
2861,3290
81,3292
959,3295
2105,3295
1243,3297
2871,3297
1295,3299
1314,3302
1920,3302
19,3304
1923,3304
9,3305
1258,3305
816,3306
2675,3309
40,3311
1283,3311
2432,3312
2754,3312
2161,3313
2348,3313
2433,3313
8,3315
1086,3315
0,3318
2752,3321
2959,3321
54,3322
250,3322
340,3322
3147,3325
1314,3326
45,3329
479,3330
699,3331
1223,3331
32,3332
2889,3332
1222,3333
1136,3340
1502,3340
992,3343
1657,3343
0,3345
1333,3345
613,3346
2921,3346
2338,3348
512,3349
312,3350
2236,3350
339,3351
896,3355
1249,3356
1795,3358
691,3359
1761,3360
2864,3360
21,3361
191,3362
598,3363
1000,3364
75,3365
1217,3365
125,3366
1018,3366
500,3368
208,3370
2736,3373
2164,3374
3024,3374
980,3375
795,3376
1076,3376
1677,3377
3219,3379
2000,3380
119,3382
402,3382
1770,3382
174,3384
2959,3384
573,3385
1864,3385
3287,3386
1284,3387
27,3388
40,3388
753,3388
3024,3388
3108,3388
948,3391
234,3392
2140,3395
1995,3398
563,3399
143,3400
0,3402
1391,3402
356,3403
1899,3404
101,3405
0,3406
92,3407
332,3409
594,3409
1537,3409
57,3410
2093,3411
1836,3412
1195,3413
1343,3413
340,3414
1612,3415
1642,3415
2443,3415
441,3417
1616,3418
1419,3419
1849,3421
1910,3421
2854,3421
1843,3422
497,3425
131,3426
260,3426
356,3426
84,3430
1248,3430
0,3432
2797,3432
334,3433
40,3434
2515,3435
2873,3436
830,3438
348,3439
2718,3439
497,3440
1738,3440
2950,3441
2088,3447
1690,3448
145,3449
1862,3450
2576,3450
2874,3451
2927,3451
53,3452
708,3452
3250,3452
388,3455
674,3455
68,3461
194,3464
510,3465
2210,3465
139,3466
622,3468
119,3469
1864,3470
1822,3471
131,3474
1045,3478
2447,3478
19,3479
988,3479
28,3480
200,3480
1685,3481
1984,3481
34,3482
861,3482
119,3485
36,3486
28,3488
1067,3490
2005,3490
702,3491
1348,3491
168,3492
83,3493
624,3493
0,3495
1083,3495
2016,3495
2615,3496
218,3497
2,3498
213,3498
1122,3498
549,3501
3135,3501
1237,3502
2754,3504
1383,3505
2858,3505
103,3510
171,3513
2446,3513
2492,3515
28,3516
593,3517
1467,3517
2997,3517
2535,3519
54,3520
1678,3521
8,3522
405,3522
2710,3522
1911,3523
19,3524
500,3524
19,3525
419,3526
885,3526
1180,3526
1820,3526
3202,3530
1325,3532
482,3533
2607,3535
2589,3536
1537,3537
2097,3538
478,3540
646,3540
1486,3540
2216,3541
2258,3541
234,3542
1189,3542
2016,3542
0,3543
191,3545
2925,3545
696,3548
408,3549
1767,3550
573,3551
457,3552
1524,3552
2217,3553
297,3555
1576,3555
313,3557
364,3559
609,3559
829,3559
2295,3560
9,3565
2161,3565
81,3566
696,3567
3433,3567
59,3568
887,3568
312,3569
1577,3570
9,3573
36,3574
983,3574
153,3579
425,3579
3112,3579
982,3580
2657,3580
2091,3581
3532,3581
500,3582
2428,3582
378,3585
798,3586
16,3587
458,3588
1094,3588
45,3590
1031,3591
57,3593
1224,3595
1671,3595
1707,3595
2274,3595
411,3596
1792,3596
118,3598
570,3598
1670,3598
500,3599
1023,3599
486,3600
2363,3600
9,3601
1734,3602
109,3603
2521,3603
0,3605
1634,3605
1984,3605
2515,3605
917,3607
213,3609
251,3610
949,3613
564,3616
685,3617
2360,3617
19,3618
491,3619
1032,3619
0,3620
19,3621
172,3621
252,3622
2116,3624
1893,3627
43,3628
96,3628
2688,3629
1635,3630
84,3632
274,3632
381,3633
3536,3633
959,3635
471,3636
2397,3636
1038,3637
1726,3642
110,3643
26,3644
748,3645
457,3648
3091,3648
1860,3649
340,3650
483,3651
2837,3651
1537,3652
35,3653
435,3653
691,3653
796,3654
3517,3655
131,3656
1536,3656
861,3657
606,3658
2064,3659
542,3663
1216,3663
1419,3663
1569,3663
693,3665
1087,3665
267,3666
2017,3670
131,3671
449,3671
2069,3672
2738,3674
2670,3675
46,3677
1886,3679
1738,3680
723,3681
1083,3681
3064,3681
570,3682
564,3683
1982,3685
382,3686
2892,3687
2167,3689
2462,3689
1105,3690
81,3692
26,3693
1128,3693
1146,3693
3060,3694
12,3696
983,3696
2832,3696
3263,3696
66,3697
546,3697
2319,3697
40,3698
1720,3698
108,3699
1797,3699
57,3701
916,3701
1412,3701
174,3703
139,3704
3147,3704
818,3705
2797,3706
3070,3706
28,3708
49,3710
408,3711
609,3717
20,3719
84,3720
483,3720
2314,3720
217,3721
225,3721
3536,3721
3542,3723
2449,3725
380,3726
1230,3727
860,3728
58,3730
419,3730
0,3731
323,3731
9,3733
16,3733
678,3733
1192,3733
1418,3734
696,3735
238,3737
1108,3737
1135,3738
1257,3738
2991,3738
308,3741
1222,3741
38,3743
62,3748
2198,3748
268,3751
2820,3757
1231,3758
2642,3758
691,3759
0,3761
20,3763
26,3763
790,3764
828,3764
217,3766
2373,3766
649,3767
2231,3767
66,3768
672,3769
500,3771
2633,3771
2446,3772
111,3773
786,3776
449,3777
1290,3778
1708,3779
3666,3779
0,3780
186,3781
113,3782
2338,3782
582,3783
386,3784
1076,3786
1015,3790
2107,3790
2753,3791
2215,3793
68,3795
173,3795
1568,3797
365,3798
470,3802
268,3804
675,3805
46,3806
1190,3806
1128,3809
3,3810
1605,3811
1411,3813
79,3817
81,3817
1330,3819
3258,3820
983,3821
510,3823
3619,3823
340,3824
337,3827
3421,3828
841,3830
73,3832
339,3832
1517,3833
358,3834
1671,3834
1692,3836
40,3837
0,3839
109,3842
2338,3843
1219,3844
0,3845
2040,3845
2319,3845
737,3847
3663,3848
45,3849
403,3849
328,3850
1909,3851
0,3852
2462,3856
3189,3856
405,3857
1230,3858
2738,3858
79,3859
758,3859
512,3860
1912,3860
771,3862
21,3863
84,3863
113,3863
0,3864
1616,3870
441,3873
267,3874
336,3874
381,3875
3761,3876
300,3878
3095,3878
81,3879
1292,3881
116,3882
1591,3882
609,3883
684,3883
1129,3885
1610,3886
3331,3887
291,3889
1818,3889
2761,3889
3092,3889
412,3891
1284,3893
16,3896
2871,3897
849,3898
94,3899
2080,3899
3433,3901
55,3902
786,3902
66,3903
0,3904
1430,3904
12,3908
1467,3908
860,3909
191,3910
376,3910
184,3912
228,3912
3049,3912
2703,3913
1973,3914
1811,3916
771,3918
2219,3919
4,3920
2198,3921
1292,3922
3659,3923
365,3924
0,3930
3147,3930
1568,3931
1770,3931
675,3932
2568,3933
234,3934
1442,3935
3217,3936
148,3938
2799,3938
20,3939
3250,3944
677,3945
3908,3945
96,3946
113,3946
351,3946
3630,3946
200,3947
675,3948
1985,3948
1836,3951
1125,3952
514,3956
44,3957
445,3957
1924,3958
251,3959
3772,3960
564,3962
900,3962
3565,3963
1331,3964
807,3965
807,3966
3329,3967
3948,3967
3006,3969
213,3970
1285,3970
3629,3970
1350,3971
9,3974
443,3974
3601,3974
168,3975
816,3975
198,3976
696,3976
1053,3976
9,3978
2388,3978
564,3979
3948,3979
1885,3980
3349,3981
1270,3983
1087,3984
62,3985
1238,3987
3061,3987
116,3988
119,3988
758,3990
1569,3990
2893,3990
125,3991
1180,3991
268,3992
1802,3992
3015,3992
3094,3992
378,3995
2223,3995
0,3997
16,3997
684,3997
1766,3997
2434,3997
3504,3997
192,4001
1498,4001
964,4002
3513,4006
455,4007
0,4008
900,4009
1306,4009
2416,4009
2475,4009
16,4010
21,4011
26,4011
168,4011
2154,4012
2933,4012
3517,4012
929,4013
41,4014
361,4015
0,4017
45,4018
213,4018
2463,4018
2592,4018
1962,4020
1615,4021
917,4023
1280,4023
892,4025
1067,4025
119,4028
563,4028
1420,4028
234,4030
248,4030
366,4030
685,4030
1350,4030
1447,4031
2093,4032
41,4033
81,4035
1152,4035
2922,4035
467,4040
1083,4041
758,4044
3681,4045
5,4048
1264,4049
2093,4051
1964,4053
2618,4053
1009,4054
0,4055
0,4056
100,4057
564,4058
1447,4058
699,4059
3332,4060
2568,4061
2340,4062
1195,4063
2325,4065
38,4066
863,4067
563,4069
990,4069
2138,4069
21,4070
907,4070
1280,4070
1325,4070
491,4071
598,4071
184,4073
2861,4073
3332,4075
0,4076
2066,4076
213,4077
2880,4077
307,4078
1679,4079
455,4080
485,4085
2576,4086
26,4087
2474,4088
40,4092
268,4093
1145,4094
2154,4095
40,4096
198,4096
255,4096
384,4097
41,4100
43,4100
40,4101
267,4102
2267,4102
290,4103
3060,4103
4,4104
42,4104
1108,4104
1860,4104
500,4106
564,4106
3259,4107
3533,4107
104,4108
453,4108
752,4108
225,4109
448,4110
2972,4110
2594,4111
245,4112
667,4112
2075,4113
832,4114
137,4115
284,4116
1913,4116
2738,4116
3054,4117
2139,4119
2825,4121
3292,4122
430,4123
2040,4123
737,4124
3241,4124
436,4126
449,4126
1946,4126
2318,4127
251,4128
1257,4129
3951,4129
2190,4130
40,4133
221,4133
3115,4133
1420,4136
251,4138
1805,4138
75,4139
2953,4140
3690,4141
2585,4142
299,4143
403,4149
131,4152
263,4153
287,4153
2513,4153
1180,4154
1888,4154
2307,4158
16,4159
982,4159
3782,4161
662,4162
243,4163
425,4163
2475,4163
1936,4164
455,4165
1071,4165
1661,4165
200,4168
2594,4168
3663,4168
338,4169
2237,4170
3272,4170
75,4173
20,4175
3598,4175
546,4177
141,4178
2889,4178
1089,4179
2257,4180
2682,4180
384,4181
3118,4181
1569,4184
2333,4185
3191,4186
1118,4187
27,4188
3565,4188
1671,4191
211,4192
1018,4192
2025,4192
340,4194
20,4195
200,4195
856,4195
572,4197
4079,4197
2130,4198
308,4200
2718,4200
128,4202
268,4203
417,4203
1295,4203
2219,4203
296,4205
500,4205
1872,4207
500,4208
1290,4208
1467,4208
20,4211
118,4211
44,4213
24,4215
137,4215
392,4216
1657,4217
2871,4217
3645,4217
245,4218
36,4222
2049,4222
166,4224
452,4224
510,4224
1607,4224
1805,4224
2015,4224
4001,4225
1238,4226
1745,4227
594,4228
1720,4228
94,4229
30,4231
2959,4232
0,4234
172,4234
1023,4234
3035,4234
101,4235
2205,4235
3382,4235
75,4236
308,4236
1517,4236
9,4237
1101,4237
81,4239
959,4239
1838,4239
1883,4239
4104,4239
401,4240
3172,4241
2119,4245
1329,4246
1528,4246
166,4248
4,4249
2373,4250
250,4253
313,4254
1632,4254
2024,4254
3988,4255
2619,4256
145,4258
1425,4259
0,4261
983,4262
2076,4262
4170,4262
362,4263
786,4265
3322,4265
485,4266
1091,4266
336,4267
419,4267
1607,4268
997,4269
113,4275
3,4279
366,4279
4033,4280
68,4283
1295,4285
1152,4286
2107,4286
916,4287
2633,4287
111,4288
2997,4289
1401,4290
445,4291
94,4293
113,4293
1471,4293
26,4294
794,4295
81,4297
1796,4298
3948,4299
60,4300
917,4300
99,4302
4,4304
103,4304
131,4304
2182,4306
2190,4308
879,4309
1214,4310
2901,4311
570,4313
889,4313
2161,4315
2198,4318
116,4319
1870,4319
2821,4319
1781,4320
3224,4320
116,4323
413,4323
381,4324
1671,4325
35,4328
3379,4328
46,4329
1151,4331
500,4332
51,4333
66,4333
905,4334
313,4337
1396,4338
2447,4338
57,4339
2922,4339
0,4340
457,4343
594,4343
1031,4344
1111,4344
24,4349
3284,4349
232,4350
314,4350
381,4350
1284,4352
584,4354
2134,4354
2615,4354
43,4355
2900,4355
2858,4356
244,4357
40,4358
1546,4359
82,4360
806,4361
229,4362
384,4362
419,4362
1612,4363
2045,4363
3263,4363
168,4364
3226,4364
0,4365
1039,4365
3085,4365
1330,4368
3217,4369
860,4370
1249,4370
1799,4370
2959,4370
3204,4371
3425,4371
26,4372
28,4372
509,4372
159,4373
643,4375
4362,4375
308,4376
2894,4376
517,4377
1217,4380
3108,4380
75,4381
1141,4381
0,4382
1021,4382
3000,4382
3374,4382
986,4384
1767,4384
131,4386
563,4386
245,4388
32,4389
1802,4390
1936,4390
3581,4390
332,4391
1219,4391
2319,4391
3191,4391
2494,4392
4103,4392
183,4393
491,4394
420,4395
718,4395
1088,4395
488,4396
67,4397
764,4398
907,4398
40,4399
1122,4400
2370,4401
3948,4401
948,4402
3,4406
2489,4406
4018,4407
829,4408
1186,4408
334,4411
26,4415
1295,4415
3250,4415
892,4417
2292,4418
3782,4418
68,4419
51,4420
1417,4420
3015,4421
1032,4422
1790,4422
755,4423
1328,4427
1516,4431
1632,4434
4205,4435
1090,4436
2567,4436
1366,4437
3224,4437
795,4439
1893,4441
3574,4443
916,4444
75,4445
818,4445
137,4446
81,4447
0,4448
137,4449
2783,4449
3504,4453
220,4455
3621,4455
1024,4457
60,4458
103,4458
1886,4458
4294,4458
2157,4459
1759,4460
8,4462
4175,4462
1843,4463
1236,4464
40,4465
2783,4465
3776,4465
4229,4468
453,4472
3309,4472
1330,4473
497,4474
1222,4475
2893,4476
2556,4477
101,4479
211,4482
38,4483
627,4484
3573,4484
583,4485
2164,4486
113,4489
403,4489
1482,4489
189,4490
4315,4490
2189,4491
339,4495
73,4496
55,4497
2692,4497
758,4498
2696,4498
77,4499
1148,4500
3166,4501
723,4502
2073,4502
3482,4504
54,4506
1314,4506
2154,4507
103,4509
3023,4510
696,4511
1986,4512
59,4514
250,4514
1998,4514
3521,4515
685,4519
1426,4519
511,4520
3061,4520
2145,4521
40,4522
149,4522
2317,4522
4391,4522
2959,4523
85,4525
2843,4525
1179,4526
42,4528
3359,4529
2936,4534
752,4536
1737,4538
376,4539
2223,4540
997,4542
564,4544
3630,4545
3948,4545
9,4547
2535,4547
570,4549
2825,4549
119,4551
0,4554
35,4557
109,4559
34,4560
300,4560
1210,4560
404,4563
164,4564
654,4565
414,4566
3129,4567
184,4569
211,4570
44,4572
1576,4573
3469,4573
1913,4574
0,4575
81,4579
4241,4580
4575,4580
0,4581
3663,4581
3089,4583
3904,4584
42,4585
1883,4585
1343,4586
1679,4586
3858,4586
20,4587
259,4587
0,4589
948,4589
1176,4589
4180,4589
4539,4589
40,4593
79,4594
1634,4597
2967,4599
1537,4600
1500,4601
1616,4602
996,4603
1205,4604
3958,4605
1798,4607
0,4608
455,4608
622,4609
313,4610
0,4611
116,4611
1292,4614
3135,4614
517,4615
3092,4615
483,4617
2217,4617
1177,4618
4313,4618
654,4619
3361,4620
2116,4623
3349,4624
3733,4624
4354,4625
435,4626
3356,4627
3388,4627
137,4628
3526,4629
3297,4630
12,4631
512,4631
1536,4632
2973,4632
1794,4633
3089,4633
3991,4633
3490,4634
1433,4638
706,4640
708,4640
16,4641
718,4642
1799,4642
2348,4645
804,4647
1257,4648
434,4650
1725,4650
1674,4651
734,4652
2918,4652
26,4653
118,4653
916,4654
2047,4654
691,4656
2989,4656
148,4659
2298,4659
307,4660
111,4661
455,4661
835,4661
309,4662
2040,4662
66,4665
96,4665
916,4665
980,4665
1682,4665
2518,4665
1788,4666
2299,4667
3542,4667
3764,4667
47,4668
1067,4669
180,4672
3091,4672
445,4673
2237,4674
2502,4674
1571,4675
1995,4676
501,4677
1973,4677
465,4679
3409,4680
4013,4683
43,4684
435,4684
1032,4684
53,4685
1901,4686
26,4687
564,4688
564,4689
795,4689
59,4690
145,4692
296,4692
994,4692
2094,4694
2563,4695
4522,4695
4684,4695
3495,4696
4107,4696
2223,4697
3622,4698
1053,4699
2248,4700
566,4702
4608,4704
54,4705
221,4705
452,4705
3596,4705
101,4706
552,4706
1569,4706
404,4707
3270,4707
28,4709
2185,4709
2820,4709
0,4710
1357,4710
995,4712
1885,4712
1441,4713
2298,4714
362,4715
1264,4716
1552,4717
851,4719
1125,4719
1737,4719
4071,4720
1034,4722
563,4723
2017,4723
85,4725
1569,4726
3974,4730
0,4731
378,4731
2761,4733
4475,4734
455,4735
3006,4735
1677,4736
49,4742
242,4742
1501,4742
4630,4742
522,4743
116,4744
69,4745
4101,4745
168,4749
1044,4749
2731,4750
40,4751
1546,4751
75,4753
131,4754
1924,4754
1383,4755
1734,4756
1838,4757
2066,4757
1108,4760
4133,4760
419,4762
505,4763
818,4763
907,4763
501,4764
1202,4764
46,4765
824,4766
1991,4766
208,4770
917,4772
232,4773
564,4773
1331,4773
2528,4774
3517,4774
841,4775
593,4776
1524,4776
2562,4776
243,4777
83,4781
119,4781
322,4781
137,4783
1348,4783
3051,4783
2567,4784
1868,4785
85,4786
251,4786
34,4788
78,4788
4194,4793
0,4794
3601,4794
492,4795
506,4796
978,4797
83,4798
1843,4800
2943,4800
1108,4803
1464,4803
3035,4803
384,4804
844,4804
1015,4805
3272,4806
1537,4807
160,4808
470,4809
749,4810
888,4811
198,4812
2040,4812
3380,4812
1860,4814
2426,4814
2116,4815
3233,4815
1161,4816
1217,4816
1238,4816
4709,4816
77,4817
166,4817
2698,4817
2340,4819
1582,4820
4684,4820
4816,4821
1381,4824
4560,4824
379,4825
646,4826
40,4828
3601,4829
111,4830
1222,4830
0,4831
2913,4833
737,4835
3885,4835
456,4836
2913,4838
832,4839
4776,4840
59,4841
2116,4841
2943,4841
671,4842
1499,4843
2759,4844
1901,4845
159,4847
110,4849
2551,4849
3963,4850
1707,4851
2697,4854
3432,4856
3657,4856
4012,4856
4324,4857
2571,4859
4269,4860
1108,4861
1945,4861
2941,4861
314,4862
521,4865
4259,4865
378,4866
452,4866
219,4867
1239,4868
4208,4869
2260,4870
18,4873
3278,4873
0,4874
1798,4874
698,4877
2281,4877
49,4878
308,4878
1286,4878
449,4879
3430,4880
2738,4883
41,4884
260,4884
81,4886
4819,4886
2840,4887
36,4889
373,4889
3153,4891
1130,4892
9,4893
2490,4893
3263,4893
563,4894
960,4895
467,4896
4618,4896
453,4898
99,4903
1689,4905
44,4907
1525,4908
4788,4908
34,4909
708,4909
748,4911
3035,4913
2967,4914
4349,4914
814,4915
1612,4915
4633,4915
600,4917
1622,4919
4694,4922
606,4923
165,4926
980,4926
1685,4926
2922,4926
789,4928
3666,4930
4551,4930
1087,4931
1552,4932
9,4933
3226,4933
1044,4935
2535,4936
0,4937
44,4937
338,4937
16,4938
452,4941
1151,4942
3617,4942
12,4943
1442,4943
1885,4945
1259,4947
974,4948
4056,4948
125,4949
1179,4949
384,4950
2251,4951
322,4952
2387,4955
1610,4959
1216,4962
2950,4962
141,4963
4370,4963
808,4965
829,4966
758,4967
42,4968
1964,4970
3095,4971
4757,4971
1331,4972
338,4974
441,4975
2803,4977
1814,4978
2665,4978
4915,4979
1222,4980
4286,4981
1992,4982
3048,4983
1596,4984
2338,4984
1419,4985
2864,4986
434,4987
9,4989
2446,4990
53,4991
254,4991
2510,4991
3863,4992
764,4994
4667,4994
3284,4996
3863,4996
3976,4996
79,4998
379,4999
992,5000
3115,5000
3532,5001
860,5002
12,5003
2645,5003
4627,5003
2218,5004
0,5005
1222,5005
1249,5005
814,5007
2616,5008
1525,5009
2567,5009
1339,5010
2115,5011
681,5012
1793,5014
364,5015
2633,5015
983,5016
143,5017
844,5017
3970,5017
1192,5018
1031,5019
4684,5019
2528,5020
3095,5020
4030,5022
403,5023
564,5024
995,5025
1032,5025
419,5027
28,5028
809,5028
3432,5028
4529,5029
2977,5031
0,5033
81,5034
1163,5034
1507,5034
3733,5034
68,5035
1622,5035
2182,5035
479,5037
51,5040
137,5040
0,5041
2097,5041
908,5042
4633,5044
179,5045
234,5045
1176,5045
457,5046
2393,5046
991,5049
1693,5049
2682,5050
3605,5050
4308,5050
1685,5053
2974,5053
1510,5054
4319,5054
430,5055
1111,5055
1767,5055
3902,5055
863,5059
2185,5060
229,5061
260,5061
387,5062
2954,5062
0,5063
2011,5064
3062,5064
1906,5065
336,5067
1119,5067
153,5068
1368,5068
2722,5068
1202,5069
4585,5069
251,5070
1160,5071
3368,5071
739,5072
1814,5072
2017,5076
2997,5078
1996,5079
457,5080
131,5081
3581,5081
3882,5081
1207,5082
522,5083
3863,5084
66,5085
378,5085
2099,5086
233,5087
4,5091
469,5091
4,5092
338,5094
1424,5094
1685,5094
2571,5094
818,5095
564,5098
3245,5099
284,5103
1610,5103
2916,5103
4254,5103
445,5104
1383,5105
2633,5106
606,5107
2778,5107
5037,5109
1090,5115
1231,5115
259,5117
339,5117
3409,5117
665,5119
1797,5120
3292,5120
1276,5121
1583,5121
5045,5122
672,5123
3288,5123
118,5124
1063,5125
1136,5129
53,5131
99,5131
3975,5132
4841,5132
804,5133
1948,5133
5055,5135
0,5136
2117,5136
3391,5136
0,5137
296,5139
1948,5139
100,5141
81,5142
564,5142
2682,5142
4486,5144
455,5146
563,5146
484,5147
441,5150
3679,5151
3919,5152
4370,5153
1306,5157
1284,5158
958,5161
238,5162
1122,5164
4557,5164
54,5166
334,5166
835,5168
1290,5168
2596,5169
1936,5171
2954,5172
46,5173
212,5174
691,5174
1389,5176
3322,5176
885,5179
4126,5180
655,5183
3385,5183
34,5184
174,5184
2753,5185
5137,5185
1910,5186
4560,5186
16,5190
0,5191
32,5191
24,5192
5005,5192
2016,5193
2761,5193
737,5194
821,5194
0,5198
1467,5199
677,5201
2416,5203
44,5205
3781,5205
3833,5206
99,5207
1901,5207
113,5208
24,5209
967,5210
2479,5210
1032,5211
4067,5211
4,5214
9,5215
44,5216
213,5216
4914,5216
710,5217
110,5218
1083,5219
3368,5219
27,5222
213,5223
695,5223
2032,5223
66,5224
2011,5224
26,5225
4126,5227
0,5228
1049,5228
3935,5228
435,5229
727,5229
4472,5229
12,5231
99,5231
387,5232
4923,5232
180,5233
419,5233
1537,5233
1607,5233
54,5234
1090,5234
96,5235
4154,5236
212,5237
1947,5237
45,5240
832,5240
2654,5241
5000,5241
0,5244
184,5244
4333,5245
479,5246
887,5248
933,5248
5132,5248
1328,5251
146,5253
387,5255
4228,5258
26,5259
364,5259
1577,5260
5207,5260
3112,5261
9,5262
3543,5264
3374,5265
4018,5265
1343,5267
21,5268
1044,5268
4608,5270
1067,5276
2781,5280
3670,5281
0,5282
252,5282
1932,5283
2726,5284
3642,5285
4225,5285
5003,5286
250,5288
2498,5289
2276,5290
3202,5290
4054,5290
3902,5291
43,5293
1802,5293
4069,5294
794,5295
1777,5295
1992,5296
3997,5296
1188,5298
1765,5298
2237,5298
40,5299
4665,5299
2515,5300
3720,5300
2228,5301
101,5302
2205,5302
2525,5302
376,5306
2292,5306
296,5308
2551,5309
495,5310
53,5311
2190,5311
3758,5311
1059,5313
81,5315
141,5315
935,5315
2463,5316
1596,5317
1982,5319
560,5320
295,5321
764,5321
753,5322
3135,5322
672,5324
4011,5325
163,5330
3469,5330
2480,5333
2119,5338
997,5340
4640,5340
26,5341
1167,5341
111,5342
1049,5342
2389,5342
18,5344
4800,5344
284,5345
234,5346
959,5346
7,5347
959,5347
4502,5347
4624,5348
3157,5349
101,5350
2440,5350
3553,5350
9,5352
786,5352
2095,5352
174,5353
1089,5353
589,5354
174,5355
308,5356
4800,5357
128,5358
5064,5359
3733,5361
5034,5361
764,5363
3097,5363
42,5366
45,5366
53,5366
2513,5366
1996,5367
0,5369
2012,5369
1657,5370
2585,5371
227,5372
2864,5372
3365,5374
233,5375
5306,5378
57,5380
5106,5380
5222,5380
1306,5381
2082,5381
102,5382
403,5383
3092,5383
1889,5385
334,5386
469,5386
3889,5387
46,5388
49,5389
5383,5390
1499,5391
2005,5391
3839,5391
488,5392
1757,5392
2190,5396
314,5397
2710,5398
1677,5399
2563,5399
2145,5400
4365,5403
5044,5403
1152,5406
3486,5407
78,5410
563,5410
954,5411
379,5414
3095,5414
3758,5415
2874,5416
4609,5416
101,5418
483,5418
1076,5418
2605,5419
3,5421
3912,5421
1767,5422
2012,5423
3247,5423
4435,5423
2492,5424
116,5425
1798,5425
8,5427
291,5427
4734,5427
881,5428
2559,5428
4476,5428
102,5430
1328,5430
2157,5430
3023,5430
2510,5432
54,5434
198,5434
1136,5435
1032,5436
8,5439
5386,5442
1998,5443
739,5444
2007,5444
4632,5444
3451,5450
3451,5456
485,5460
797,5461
5344,5463
1805,5464
0,5469
3411,5469
4059,5469
75,5471
131,5471
3287,5471
641,5472
2864,5472
3399,5472
1082,5473
322,5475
509,5476
252,5479
1573,5479
2594,5479
1410,5480
49,5481
113,5482
3992,5482
101,5483
1528,5484
677,5486
4126,5486
1517,5487
0,5493
3470,5493
1236,5495
1510,5495
419,5497
1730,5500
4458,5500
5003,5502
2710,5504
3304,5506
959,5507
5353,5507
615,5508
1032,5508
2344,5508
1989,5511
1295,5513
308,5514
4370,5514
0,5516
160,5518
3878,5518
1767,5519
797,5520
4285,5521
75,5523
1290,5523
81,5526
3152,5526
53,5527
3780,5527
4060,5527
5129,5528
835,5530
62,5533
615,5537
4631,5538
137,5539
2568,5540
260,5542
5346,5542
28,5543
2908,5543
4306,5543
4697,5543
369,5544
1315,5544
1387,5544
1411,5546
4567,5546
1964,5547
212,5548
698,5548
1314,5549
5513,5551
3997,5553
36,5554
2607,5555
380,5556
532,5556
2373,5556
483,5557
3553,5557
4035,5557
705,5561
3405,5561
128,5562
2982,5562
3228,5564
96,5565
3733,5565
3782,5565
18,5566
512,5566
2342,5567
1210,5568
1222,5568
2216,5568
3224,5568
1348,5569
2017,5569
2317,5569
386,5572
2498,5572
109,5573
655,5574
263,5576
2991,5576
3318,5576
373,5577
1793,5577
1486,5578
1111,5579
606,5582
5099,5582
3618,5583
119,5584
20,5585
31,5587
1207,5587
5186,5587
425,5589
1528,5590
163,5591
3674,5591
300,5592
371,5592
643,5592
2319,5592
108,5594
250,5594
1813,5595
2696,5595
434,5597
505,5598
119,5599
681,5600
2011,5600
79,5602
4186,5609
2946,5610
4320,5612
1237,5613
0,5615
1249,5615
81,5616
164,5616
331,5622
418,5622
4510,5622
2365,5624
3451,5625
4652,5626
2860,5629
3657,5629
27,5630
1039,5630
340,5634
452,5634
339,5636
3951,5637
2154,5639
3975,5639
4573,5640
1059,5641
2943,5642
3270,5642
1359,5644
3975,5644
66,5645
3587,5645
3287,5646
4061,5647
4300,5647
5083,5647
252,5652
844,5652
4930,5652
1765,5653
2871,5654
116,5657
1767,5658
5142,5658
1163,5659
5543,5660
1658,5664
1413,5666
3600,5666
2070,5667
3217,5668
752,5671
1313,5671
366,5672
1313,5672
2095,5672
3766,5672
715,5674
2565,5675
737,5676
26,5677
1343,5681
4149,5681
26,5683
173,5683
250,5685
1892,5686
5123,5686
53,5687
139,5688
69,5689
2136,5689
671,5690
51,5693
1128,5694
5472,5695
127,5697
1965,5698
2144,5699
1982,5700
5095,5700
3,5701
28,5702
2754,5702
2479,5703
1063,5704
4408,5704
1582,5705
2852,5705
4021,5707
2452,5710
0,5712
4309,5716
3099,5717
9,5718
979,5718
28,5719
281,5719
3567,5719
1122,5721
2091,5721
4311,5721
551,5722
43,5724
453,5725
974,5725
491,5726
4311,5726
1467,5727
4028,5727
356,5729
1103,5729
1428,5729
5382,5730
16,5735
435,5735
2187,5736
0,5737
2981,5737
1626,5738
4963,5738
798,5739
2657,5739
2167,5741
5123,5742
344,5744
445,5745
4652,5748
3946,5751
268,5752
4482,5754
225,5755
104,5756
118,5756
166,5756
1331,5756
213,5761
1236,5761
1709,5761
2447,5761
42,5762
3992,5765
1209,5766
5729,5767
3125,5768
0,5771
166,5771
1424,5771
4287,5771
284,5773
30,5775
835,5777
2607,5777
189,5778
511,5778
4633,5778
835,5779
3217,5781
3656,5781
0,5782
1031,5782
3781,5782
3883,5782
5283,5783
0,5785
348,5785
858,5785
109,5786
974,5786
899,5787
2432,5787
18,5789
4077,5789
366,5790
2946,5790
1136,5791
35,5792
696,5794
514,5797
5049,5797
3733,5798
1239,5799
2066,5802
1231,5803
1486,5804
441,5806
3359,5806
798,5808
2440,5808
40,5809
748,5809
1741,5809
251,5812
1292,5813
1571,5813
2494,5814
28,5815
380,5815
2504,5815
191,5816
3948,5818
1765,5819
31,5820
40,5822
2592,5822
2027,5824
609,5825
1467,5825
1333,5826
125,5828
1180,5830
3056,5831
1936,5832
4874,5832
19,5834
233,5835
252,5837
509,5838
44,5839
1577,5839
3125,5840
1756,5841
3217,5841
4679,5841
267,5843
2943,5843
227,5844
1947,5844
3465,5848
58,5849
615,5849
4951,5849
4952,5850
54,5851
1032,5851
1860,5851
111,5853
1615,5854
73,5855
108,5855
2783,5855
3253,5855
797,5856
5340,5856
2416,5858
3813,5859
373,5860
1328,5860
1832,5860
2202,5862
7,5864
3379,5864
3598,5864
5613,5864
35,5866
3595,5867
871,5868
2482,5869
24,5870
4013,5872
5666,5874
2167,5878
338,5879
2166,5883
441,5884
825,5884
1447,5884
42,5885
4660,5886
2560,5887
1330,5889
2895,5889
7,5892
2191,5895
778,5897
1067,5897
335,5899
198,5900
1154,5901
5306,5903
457,5905
7,5906
240,5906
243,5910
2088,5912
203,5913
881,5914
3733,5914
1380,5916
240,5917
484,5917
1087,5917
200,5918
1596,5919
3889,5919
2938,5920
388,5921
1009,5922
4726,5922
49,5923
3493,5923
4163,5923
2105,5925
708,5926
2515,5926
3382,5926
103,5928
234,5929
1138,5929
0,5930
2560,5930
563,5931
455,5932
1577,5933
313,5936
5704,5937
995,5938
4048,5938
4602,5938
166,5940
2299,5940
19,5943
57,5947
49,5949
164,5949
4633,5949
53,5953
1108,5953
2498,5953
3091,5953
881,5956
2959,5956
42,5957
4,5958
18,5958
1231,5960
337,5961
1860,5961
1708,5963
453,5964
1141,5964
2128,5964
2257,5966
4408,5966
26,5967
3376,5968
563,5969
818,5972
491,5973
2040,5973
20,5974
238,5975
958,5975
1828,5975
2351,5975
96,5976
8,5978
1065,5979
137,5980
5822,5982
82,5983
1296,5983
46,5984
505,5984
36,5985
1228,5985
2606,5989
1573,5990
1995,5991
3051,5991
9,5993
933,5993
1871,5994
1032,5995
2373,5995
2389,5996
4254,5996
4,5997
4937,5998
2095,5999
1306,6000
127,6001
2169,6001
4103,6004
300,6007
4534,6011
5717,6013
78,6014
1151,6015
143,6016
371,6018
513,6018
1633,6019
1836,6019
9,6020
5543,6020
771,6021
1888,6022
3060,6022
3125,6026
933,6027
3470,6028
250,6030
1314,6030
26,6033
12,6034
57,6034
233,6034
234,6034
4108,6038
5286,6038
2903,6040
4680,6041
3859,6042
5119,6042
2552,6043
764,6044
5508,6045
198,6046
4009,6046
4889,6048
312,6049
607,6049
933,6049
5367,6049
0,6053
4,6054
46,6054
128,6054
3092,6055
1053,6057
1224,6058
0,6059
2290,6059
644,6060
4713,6060
2871,6062
3095,6063
171,6065
225,6065
1929,6065
3962,6065
3480,6067
0,6069
5914,6069
736,6070
79,6071
131,6071
40,6072
41,6072
1362,6073
3782,6074
9,6075
2011,6075
929,6076
2175,6076
4884,6077
2777,6078
4521,6080
4877,6083
1188,6084
4300,6087
100,6088
4898,6091
1205,6092
1236,6093
0,6094
563,6094
4015,6094
4735,6095
436,6096
1057,6096
0,6098
44,6098
2752,6098
27,6100
2997,6100
681,6101
4704,6101
139,6102
34,6106
461,6106
5982,6106
371,6107
160,6110
563,6110
855,6110
4175,6110
2449,6111
3290,6113
116,6114
2592,6114
4293,6114
759,6115
5333,6115
5574,6116
2319,6118
453,6119
2492,6119
5636,6121
376,6123
1091,6123
2195,6125
68,6126
3526,6129
79,6130
1920,6132
3075,6132
4254,6132
376,6134
2662,6134
212,6135
2216,6135
28,6138
2080,6138
539,6140
4652,6140
5,6141
4028,6142
201,6143
240,6145
384,6145
55,6146
1545,6147
46,6148
4795,6150
4254,6155
5830,6155
685,6157
1433,6158
0,6160
1467,6160
5392,6162
177,6163
2913,6163
153,6164
1078,6164
0,6165
325,6166
1537,6168
4205,6168
3693,6169
4108,6169
832,6170
497,6173
5152,6173
5227,6173
6076,6173
0,6175
864,6176
45,6177
268,6177
365,6177
1482,6177
1767,6178
116,6180
1770,6181
19,6182
1516,6183
153,6184
2432,6184
338,6185
685,6185
1368,6185
3363,6190
6173,6190
5260,6191
804,6192
2946,6192
4406,6193
137,6195
1883,6195
5741,6196
5799,6196
40,6197
92,6197
2228,6197
2064,6204
34,6205
1083,6207
6132,6209
4865,6210
771,6213
4338,6215
750,6216
883,6216
3006,6216
3581,6222
203,6223
2544,6224
3322,6224
307,6227
417,6227
1992,6229
309,6230
380,6230
776,6230
4108,6231
5966,6231
3008,6233
5139,6234
4381,6235
1469,6236
3902,6236
153,6237
2175,6240
3226,6240
3965,6240
192,6241
4667,6241
929,6242
1616,6242
753,6243
4389,6243
3912,6244
5565,6244
2319,6245
546,6246
564,6246
1868,6246
4390,6247
49,6248
267,6248
0,6249
881,6251
2095,6251
5386,6252
1318,6253
1146,6254
4574,6256
1665,6258
1936,6259
6094,6259
5840,6260
3605,6261
5216,6261
938,6262
2181,6262
271,6263
2340,6263
4319,6263
141,6267
0,6268
1860,6268
2918,6268
1767,6269
83,6272
5892,6272
46,6273
4557,6274
54,6275
564,6276
119,6277
1217,6277
2427,6277
73,6278
5050,6278
3250,6279
4286,6282
3088,6284
3465,6284
2385,6285
3864,6286
1044,6288
1420,6288
2773,6288
60,6290
1596,6290
1420,6291
1686,6291
5042,6293
1889,6294
6073,6296
2864,6297
1000,6300
381,6301
1032,6302
5610,6303
1236,6304
183,6307
479,6307
4062,6309
5020,6309
754,6310
1704,6310
3009,6314
1422,6316
2840,6317
1313,6318
356,6319
5055,6320
1770,6321
1767,6323
500,6325
430,6326
974,6326
866,6327
139,6329
1991,6331
44,6332
419,6333
5925,6334
962,6337
2821,6337
3069,6337
1659,6342
3644,6343
4824,6343
73,6345
782,6345
3930,6348
5654,6348
3189,6349
3219,6349
3101,6350
1357,6352
484,6353
195,6354
3656,6356
2105,6357
5076,6357
4293,6358
111,6361
5609,6362
549,6363
2219,6364
3813,6364
3845,6367
0,6368
5055,6368
5918,6369
4785,6370
5210,6370
1803,6372
229,6373
1893,6373
1249,6374
1482,6374
596,6375
4197,6375
403,6377
1092,6377
5375,6377
627,6378
1128,6378
1654,6380
1871,6380
2997,6380
85,6381
756,6381
553,6383
2368,6383
5910,6383
267,6384
384,6387
530,6387
3092,6387
3495,6387
6110,6388
445,6389
3782,6390
4306,6393
3628,6394
4874,6397
4559,6398
1686,6399
111,6402
5210,6402
137,6405
4866,6407
1314,6408
465,6409
219,6410
949,6410
619,6411
5933,6412
6370,6412
19,6414
4710,6414
4800,6414
5282,6414
6163,6414
5020,6416
0,6419
217,6419
4173,6420
2718,6422
3075,6422
4094,6423
1296,6425
332,6427
1186,6427
1447,6429
113,6430
2154,6430
9,6436
6185,6439
2205,6441
419,6443
420,6443
479,6447
2690,6448
1420,6449
4195,6449
2401,6450
434,6452
809,6454
4529,6454
989,6455
1390,6457
42,6458
403,6458
2202,6460
81,6461
1210,6461
53,6464
917,6464
3409,6466
2469,6467
190,6468
1236,6470
419,6471
78,6472
549,6472
6184,6473
143,6474
2848,6475
5192,6475
5434,6475
2187,6476
232,6477
255,6477
4096,6477
92,6478
471,6478
4547,6478
4435,6479
3679,6480
312,6481
378,6481
79,6482
469,6482
1202,6482
4611,6483
4070,6484
758,6488
3681,6491
113,6493
2882,6494
500,6495
3649,6496
26,6498
60,6501
2269,6501
2411,6501
2,6502
1998,6502
4415,6502
234,6505
40,6507
1151,6507
92,6510
57,6511
9,6512
5727,6512
386,6515
4066,6515
802,6516
2308,6519
3075,6519
338,6520
2175,6520
3417,6521
348,6522
959,6522
2223,6525
1167,6526
4045,6527
1651,6529
3038,6529
7,6531
77,6532
7,6533
3219,6533
3545,6535
16,6536
4391,6536
2633,6537
1192,6539
1015,6540
28,6543
4205,6544
5543,6544
1380,6545
5003,6547
1125,6548
2307,6549
2338,6549
593,6550
1290,6550
6288,6551
2223,6555
6449,6555
287,6558
5855,6559
3039,6561
3464,6561
296,6562
4688,6562
348,6565
5428,6565
129,6567
488,6568
4169,6568
9,6570
0,6571
5311,6571
5543,6572
2368,6573
40,6574
2913,6575
43,6576
3107,6576
296,6577
4975,6579
6375,6579
558,6580
5265,6580
4386,6581
553,6583
3908,6584
4567,6584
0,6587
4021,6587
5214,6588
4028,6589
4175,6589
5064,6590
0,6591
455,6591
84,6592
1105,6592
6288,6593
2977,6594
1125,6597
1536,6598
6277,6598
2947,6603
21,6604
2864,6604
887,6605
3552,6606
992,6607
203,6608
3766,6608
1161,6609
2749,6609
1612,6611
2492,6611
4475,6613
3975,6614
6478,6614
1108,6615
1442,6615
3504,6615
852,6616
1994,6616
323,6617
0,6618
3095,6618
5589,6618
2888,6619
3721,6619
308,6620
234,6621
947,6621
1929,6623
3091,6623
3633,6623
3097,6625
5783,6625
6177,6626
684,6627
4054,6630
3802,6633
3931,6633
4402,6634
255,6635
786,6635
2133,6635
5078,6635
6310,6635
2513,6636
5270,6639
2980,6640
3011,6643
6288,6643
1946,6644
4971,6644
804,6646
3115,6647
3224,6647
5982,6647
567,6650
2373,6650
2783,6650
6488,6650
3621,6651
1217,6653
2889,6653
5729,6653
1030,6656
23,6657
2080,6659
3451,6660
2615,6661
467,6662
1795,6663
908,6664
1219,6664
1770,6665
500,6667
973,6667
1135,6667
1770,6667
49,6670
2888,6674
5697,6675
1982,6676
295,6677
549,6677
1745,6677
2702,6679
3248,6681
501,6682
5785,6684
959,6685
1241,6685
2440,6685
2765,6685
4339,6685
6397,6685
501,6686
1452,6687
243,6688
567,6688
174,6689
1832,6689
491,6690
1486,6690
2204,6693
2368,6693
2423,6693
4963,6693
322,6694
338,6694
3202,6694
1117,6699
411,6700
1331,6700
5738,6700
313,6701
267,6702
758,6704
4804,6705
5866,6705
1132,6707
4013,6709
3782,6710
55,6712
267,6715
75,6716
3151,6717
1049,6718
1959,6718
2027,6718
378,6720
274,6723
2596,6723
2389,6724
38,6725
1290,6729
6000,6729
6471,6730
1814,6733
99,6734
3930,6734
26,6735
3670,6737
5081,6737
1410,6738
4573,6740
384,6741
1333,6742
12,6745
111,6746
1097,6746
116,6750
5055,6750
4,6751
3370,6752
1357,6754
2416,6756
1257,6757
4755,6758
5357,6760
193,6761
365,6761
456,6761
457,6761
12,6762
1456,6763
737,6764
4502,6764
702,6765
2416,6765
3904,6766
2228,6767
5041,6768
4709,6769
1263,6771
6475,6771
54,6772
58,6772
3601,6772
5259,6776
6177,6776
658,6777
6617,6777
3245,6779
4236,6779
85,6780
2922,6781
308,6782
127,6784
1161,6784
470,6785
1962,6786
1170,6787
171,6789
512,6795
4788,6797
234,6798
1238,6798
31,6803
3574,6803
2736,6804
378,6805
79,6806
5390,6806
6380,6807
1117,6808
1254,6809
6297,6809
255,6810
1213,6810
4611,6810
1116,6811
907,6813
1188,6814
1331,6814
2778,6814
387,6815
24,6821
512,6821
411,6822
1339,6824
4085,6824
24,6828
974,6828
2959,6828
6423,6828
4656,6829
291,6830
1228,6832
1404,6832
1238,6836
6512,6836
308,6837
3011,6837
2901,6839
3,6840
1794,6842
229,6843
691,6843
2231,6844
2215,6845
2871,6849
7,6850
75,6850
3287,6850
6785,6851
1730,6852
4913,6852
935,6854
1144,6854
2571,6854
5034,6854
32,6856
259,6856
1725,6856
497,6861
5356,6862
1108,6863
373,6864
904,6864
27,6865
4521,6865
3115,6866
3935,6866
885,6870
28,6871
5129,6871
1725,6872
148,6874
1148,6874
3701,6874
287,6876
3681,6876
6291,6876
164,6878
110,6879
1522,6879
917,6880
1777,6880
948,6881
1471,6881
3013,6883
3779,6884
145,6885
758,6885
21,6890
2066,6890
5,6892
2709,6892
96,6894
418,6894
1362,6896
1767,6896
21,6897
137,6897
5229,6900
3000,6903
2646,6904
6561,6905
6423,6907
20,6908
168,6909
4236,6909
5704,6909
251,6912
3322,6913
42,6914
213,6914
255,6915
40,6916
3075,6916
131,6918
211,6918
917,6919
2398,6919
4656,6922
0,6923
1770,6924
4161,6924
954,6925
2274,6926
5480,6926
933,6927
5579,6927
6141,6927
100,6929
3000,6931
5930,6931
2882,6932
3645,6932
4458,6933
917,6934
4521,6934
203,6937
0,6938
685,6938
5666,6939
4894,6940
6623,6942
4205,6943
0,6945
435,6945
1160,6945
3304,6945
511,6946
641,6946
903,6947
2492,6947
85,6952
365,6954
1270,6954
2510,6954
1443,6955
46,6956
889,6956
1577,6957
2714,6957
3517,6957
436,6960
4297,6962
303,6963
4319,6963
79,6965
2922,6965
3627,6965
6603,6965
49,6966
4697,6967
1913,6969
3000,6969
81,6972
242,6974
4873,6974
0,6975
2900,6975
4106,6975
2889,6976
807,6979
2867,6979
119,6981
296,6983
4614,6983
269,6985
1796,6987
191,6989
1425,6989
2675,6989
191,6992
361,6992
0,6993
1635,6993
96,6994
455,6995
139,6999
378,6999
4898,7003
1679,7004
55,7005
1083,7005
16,7006
4067,7006
2190,7007
699,7014
1128,7016
418,7019
6246,7019
959,7020
212,7021
4933,7021
572,7022
109,7023
4873,7025
2246,7026
2718,7027
2499,7028
339,7029
1341,7030
5109,7031
563,7032
836,7033
1821,7035
233,7036
145,7038
3997,7038
7006,7039
387,7040
1793,7041
4915,7042
200,7043
6918,7044
2551,7045
2119,7046
666,7047
860,7047
6605,7047
5366,7048
2567,7049
4234,7051
1097,7057
0,7058
47,7059
1383,7060
1577,7060
2645,7061
5361,7061
1390,7064
4948,7064
1419,7065
4401,7065
5557,7065
2290,7066
2406,7066
5806,7066
1231,7067
3037,7067
708,7068
449,7069
1525,7069
4717,7069
643,7071
4325,7073
4972,7074
4126,7075
409,7077
2510,7079
1486,7084
2251,7088
6240,7088
6549,7088
6450,7089
1546,7091
3289,7092
6588,7093
43,7098
43,7099
227,7099
376,7099
885,7099
1986,7100
2007,7101
240,7102
2167,7102
3113,7104
245,7106
1030,7106
1087,7109
754,7112
234,7113
3948,7113
4563,7113
160,7114
583,7114
5164,7114
164,7119
6689,7120
418,7121
1214,7124
308,7125
946,7125
1202,7125
7,7126
66,7126
6155,7127
381,7128
4063,7129
5067,7129
3834,7130
5832,7130
1927,7131
2703,7131
576,7132
1420,7134
362,7136
950,7137
3767,7138
3217,7140
6615,7140
5718,7142
3493,7143
227,7144
2105,7144
1391,7146
3469,7147
5120,7147
1962,7148
1568,7149
3735,7150
6916,7151
251,7154
252,7154
55,7156
3951,7157
589,7158
4931,7158
143,7163
143,7165
852,7166
53,7167
452,7168
6318,7170
0,7171
4624,7171
5330,7172
145,7173
251,7174
6994,7175
1015,7176
6488,7177
1537,7178
4665,7178
5086,7178
3268,7182
60,7183
6141,7185
5480,7187
12,7189
6016,7189
1758,7191
593,7192
6609,7192
1009,7193
5979,7193
1818,7194
3675,7196
113,7197
118,7197
991,7198
1306,7198
5472,7198
18,7199
500,7199
1686,7199
0,7200
2139,7200
382,7201
1083,7201
1486,7203
453,7204
2697,7204
2293,7205
2578,7205
3020,7205
28,7206
6383,7206
75,7207
1071,7207
1161,7207
1761,7207
6278,7207
1292,7208
3465,7208
3601,7208
111,7209
4933,7211
7178,7211
2153,7212
2941,7212
6143,7212
1192,7214
0,7215
5352,7215
699,7216
881,7216
5851,7217
201,7218
212,7220
2395,7220
1149,7221
2871,7221
4762,7221
5471,7221
457,7222
695,7222
3469,7222
4294,7222
6738,7222
28,7223
2017,7223
3916,7224
596,7225
9,7227
6974,7227
736,7231
1793,7231
1765,7232
4704,7233
4697,7237
6422,7238
1292,7239
308,7240
2368,7240
77,7242
844,7246
3482,7246
2093,7247
5892,7247
26,7249
4256,7249
42,7250
380,7250
2352,7250
6441,7251
6814,7251
174,7255
6088,7255
1471,7256
1536,7256
1909,7257
1471,7258
3035,7258
116,7259
4015,7259
65,7260
125,7260
4205,7260
4371,7261
4889,7261
60,7262
1850,7262
2900,7263
3773,7263
2657,7265
6049,7265
4620,7266
1257,7268
3060,7268
2016,7269
189,7272
44,7274
5055,7275
455,7278
366,7280
4236,7280
4370,7281
363,7283
250,7284
0,7285
6397,7285
268,7286
6665,7286
6919,7286
3733,7287
2964,7288
300,7289
449,7292
139,7293
1738,7295
7099,7296
2423,7297
4867,7297
213,7300
3091,7300
7066,7300
3934,7301
41,7303
808,7303
2783,7303
0,7305
67,7305
1362,7305
81,7306
65,7307
364,7307
40,7308
5310,7308
2154,7312
4054,7312
5719,7312
127,7313
1936,7315
2893,7315
1460,7316
3781,7316
6892,7316
52,7317
1946,7317
7035,7317
4736,7318
113,7320
4208,7323
457,7324
7006,7325
4133,7326
3601,7327
79,7329
4370,7329
4730,7329
511,7330
6263,7334
274,7336
1176,7336
2682,7337
0,7341
96,7342
259,7343
2515,7343
51,7346
401,7347
2719,7347
1136,7348
159,7349
6141,7350
225,7353
2095,7354
1992,7356
509,7357
340,7358
1994,7358
3069,7358
457,7360
5589,7360
6647,7360
795,7361
2606,7361
189,7363
5484,7363
35,7364
501,7366
4441,7366
2753,7368
110,7369
1813,7369
1415,7373
3041,7376
1045,7377
99,7378
3250,7381
4103,7382
3219,7384
6375,7384
68,7385
2858,7386
6018,7388
79,7390
60,7392
1296,7393
2401,7396
7221,7399
564,7401
806,7402
900,7405
60,7410
2829,7410
2141,7414
6155,7414
1793,7415
3959,7415
381,7416
2600,7417
5866,7417
3763,7418
3980,7418
4108,7418
4228,7418
59,7419
1038,7420
3538,7420
7283,7420
2651,7422
3451,7423
2605,7425
168,7426
3055,7426
3628,7426
1018,7427
564,7429
962,7429
260,7430
856,7430
5184,7433
6177,7433
929,7434
2298,7435
2140,7436
532,7438
26,7440
2765,7440
736,7441
2463,7444
143,7447
110,7448
1042,7449
3061,7449
28,7450
3000,7450
695,7451
1668,7454
3766,7454
1959,7455
2138,7455
563,7456
5658,7456
2127,7457
3675,7457
6647,7457
790,7458
434,7459
2552,7463
4835,7463
935,7467
2375,7467
100,7468
3967,7468
6183,7468
59,7471
267,7472
3379,7472
4380,7474
3241,7479
5666,7479
7449,7479
32,7480
3795,7481
7268,7481
1082,7482
4075,7482
1218,7484
5079,7484
6934,7485
32,7487
691,7488
3874,7490
6277,7490
3465,7491
131,7492
2131,7492
3241,7492
40,7493
3404,7494
267,7495
794,7496
4192,7496
4191,7498
5205,7498
73,7499
5921,7499
0,7500
2221,7500
3601,7500
4694,7501
4,7502
2609,7502
4133,7502
6587,7502
24,7503
806,7503
1693,7506
7361,7506
1528,7507
4396,7507
24,7508
764,7508
6896,7508
1183,7509
409,7512
200,7514
5568,7517
55,7518
484,7521
994,7521
1860,7521
2228,7523
338,7524
234,7525
378,7525
2521,7525
1236,7528
3598,7528
5782,7528
3322,7529
2046,7531
2299,7531
5071,7532
5799,7532
3490,7534
4931,7535
564,7537
3795,7537
4088,7539
6685,7539
2594,7541
479,7542
887,7542
2687,7542
1086,7543
1203,7545
5926,7546
855,7547
1944,7548
7274,7548
627,7551
5361,7552
6237,7554
2761,7555
3292,7556
1792,7557
5082,7559
362,7560
250,7561
828,7562
2670,7562
1000,7563
6244,7563
6370,7563
212,7564
5995,7564
1401,7568
3776,7568
366,7571
4087,7571
994,7573
1591,7575
251,7576
234,7578
1295,7578
1850,7578
795,7579
7358,7579
6146,7581
0,7582
1946,7583
5778,7583
6231,7583
4018,7584
4400,7584
2697,7586
2368,7588
340,7589
1730,7590
6550,7591
2881,7594
6096,7595
808,7596
268,7597
412,7599
4185,7600
4139,7601
2054,7603
3168,7604
5546,7608
5569,7610
5839,7610
259,7611
627,7612
4349,7616
2497,7617
243,7618
1258,7621
3776,7621
3168,7622
4373,7622
3153,7623
6248,7625
809,7626
7474,7626
189,7628
564,7629
38,7630
109,7631
3793,7631
1236,7634
4640,7635
227,7637
1571,7637
3312,7637
2026,7638
7455,7638
160,7639
564,7640
887,7640
2091,7640
2889,7640
6579,7640
2032,7641
3782,7641
233,7643
1009,7643
1577,7644
4627,7644
1222,7645
3295,7645
6781,7647
103,7649
26,7653
35,7657
12,7659
79,7659
2406,7660
584,7661
4631,7663
5094,7663
2615,7664
3697,7665
191,7667
6784,7667
2568,7668
449,7669
5320,7669
1236,7670
7320,7673
1243,7674
6091,7675
1343,7676
1835,7676
2012,7679
1688,7680
563,7681
1276,7684
1486,7684
1924,7684
2594,7686
4981,7687
1230,7688
2474,7688
3258,7688
3764,7688
856,7689
3912,7689
916,7692
456,7693
2443,7695
3601,7695
6979,7695
186,7697
2338,7697
6685,7697
219,7698
3386,7698
4689,7698
1640,7699
3048,7700
517,7701
1249,7702
2614,7703
5085,7705
995,7706
2002,7707
564,7711
1359,7711
1313,7712
1707,7712
4168,7712
366,7714
2015,7714
4185,7716
5080,7716
0,7717
242,7717
2076,7718
7258,7718
6608,7719
4262,7720
705,7721
4054,7721
2947,7722
0,7724
9,7725
3430,7725
162,7727
752,7727
6419,7727
789,7731
1573,7733
5166,7733
2931,7734
2580,7735
6049,7735
1362,7736
1936,7736
3057,7736
2682,7737
6689,7737
7239,7738
5835,7739
436,7740
7588,7740
1886,7741
6604,7744
5500,7746
2228,7747
5500,7749
65,7750
2931,7750
2965,7750
1597,7752
1621,7752
27,7754
140,7756
576,7757
841,7757
153,7759
2017,7759
2753,7759
2889,7760
5071,7760
5207,7763
420,7765
586,7765
2211,7765
2614,7766
45,7767
1147,7769
1982,7769
2941,7772
28,7775
4694,7775
7021,7776
3147,7777
221,7778
3006,7779
129,7780
295,7780
4665,7780
4865,7780
2132,7781
6048,7781
313,7787
1809,7788
52,7789
2938,7789
4573,7789
7616,7789
419,7790
576,7790
6233,7791
26,7792
2070,7792
3088,7792
30,7793
104,7793
2492,7795
16,7796
40,7797
2832,7797
5995,7799
42,7800
1641,7800
26,7801
495,7802
217,7803
4522,7803
6261,7803
2571,7804
5434,7809
6729,7810
243,7811
1420,7812
1385,7813
7021,7813
0,7814
1167,7814
7736,7816
2140,7819
3413,7819
34,7820
44,7820
1688,7821
1499,7822
6388,7823
795,7825
820,7825
5584,7826
6903,7827
213,7829
962,7830
2874,7830
2829,7832
499,7833
1391,7833
4421,7833
844,7834
5298,7835
24,7837
44,7837
336,7837
361,7837
4539,7837
6750,7838
1616,7845
228,7848
4804,7848
12,7849
3883,7849
1219,7850
1389,7850
4742,7850
387,7851
5203,7852
113,7853
1418,7854
6393,7854
1998,7855
939,7856
1693,7856
7246,7857
155,7859
125,7860
1759,7861
153,7863
1783,7867
5991,7867
1483,7870
7780,7872
7274,7873
287,7874
6903,7874
3147,7876
4106,7876
411,7878
3214,7878
3493,7879
3505,7879
411,7880
7711,7880
7757,7881
41,7882
7702,7882
0,7886
4030,7886
4208,7886
7099,7887
1108,7889
7246,7889
551,7890
3411,7890
3610,7890
1654,7892
4009,7893
0,7897
3683,7897
3935,7901
609,7903
4080,7904
1404,7905
2161,7905
12,7906
1441,7907
220,7909
1840,7909
6350,7909
6718,7909
2107,7910
5050,7911
5786,7911
3931,7912
0,7913
2544,7917
2552,7918
4205,7920
4211,7921
1357,7922
2569,7922
2881,7923
2908,7923
2091,7925
83,7926
5085,7926
1845,7928
23,7930
2670,7930
287,7931
2438,7935
129,7936
3094,7938
941,7941
1015,7941
3548,7942
5232,7942
1853,7943
7509,7943
929,7944
1350,7944
1266,7946
0,7950
448,7951
7800,7951
12,7952
1773,7952
44,7953
4070,7953
2441,7955
505,7957
6507,7958
0,7959
2164,7959
4991,7960
848,7961
6969,7962
926,7964
955,7965
5398,7965
0,7967
418,7967
1517,7967
6278,7967
5045,7969
2314,7970
4841,7970
887,7972
1962,7972
43,7975
1170,7975
3706,7976
5216,7976
168,7977
7182,7979
532,7980
0,7981
4785,7981
2841,7984
213,7986
6184,7987
295,7988
3948,7988
186,7990
2246,7990
448,7994
1986,7995
2787,7995
6979,7996
7813,7997
758,7998
2662,7999
7923,7999
1708,8000
232,8002
7492,8002
1209,8003
479,8004
20,8005
996,8005
3287,8006
3782,8006
6644,8006
3224,8007
54,8008
3219,8008
848,8009
7509,8009
1032,8011
470,8014
2189,8016
1704,8017
1793,8020
82,8021
1163,8024
563,8025
1998,8025
1078,8026
16,8028
3595,8028
6282,8029
312,8032
297,8033
2483,8033
896,8036
989,8036
457,8037
54,8040
7800,8040
220,8041
1836,8041
1022,8042
6662,8043
6580,8044
1693,8045
1962,8045
40,8046
3358,8046
6449,8049
7789,8050
213,8051
4254,8052
524,8055
312,8056
1507,8056
27,8057
8024,8059
4234,8062
2754,8067
1419,8069
2858,8069
3022,8071
5,8072
1263,8072
7795,8072
226,8073
598,8078
46,8079
2697,8080
2821,8080
1128,8083
3992,8083
5707,8085
12,8086
1022,8086
6129,8087
0,8088
2190,8089
5566,8092
7438,8092
21,8094
12,8097
382,8098
2891,8099
5117,8099
401,8100
2069,8101
6718,8102
4784,8103
3887,8104
1000,8106
1770,8106
4893,8107
7878,8107
2032,8109
6235,8109
2941,8110
31,8111
5729,8112
153,8114
339,8114
28,8115
4107,8115
267,8117
191,8118
6414,8121
1292,8123
2811,8123
4431,8124
695,8128
419,8129
2223,8129
2341,8129
3384,8129
4108,8129
1574,8130
2432,8130
40,8131
38,8133
12,8135
771,8135
376,8136
486,8136
5978,8140
2752,8141
7556,8141
997,8142
1885,8142
8141,8143
419,8144
797,8144
12,8146
128,8148
2373,8149
245,8150
26,8151
234,8151
1738,8151
4445,8151
6588,8151
7035,8153
4339,8156
213,8157
2866,8158
1037,8159
1420,8159
4867,8161
3374,8163
4464,8163
1935,8164
3666,8165
12,8170
409,8170
1186,8170
1467,8170
5076,8170
2742,8173
3521,8173
675,8174
1759,8174
338,8175
1596,8175
1669,8176
220,8177
419,8177
1892,8177
6181,8177
373,8178
387,8178
1205,8178
2889,8178
7503,8178
1476,8179
6571,8180
563,8181
2397,8182
7492,8182
139,8184
8129,8185
100,8186
6320,8186
41,8187
1669,8188
4127,8188
34,8190
1745,8190
7256,8190
49,8193
4665,8194
7147,8194
856,8196
1634,8196
3930,8196
0,8198
3469,8198
1209,8199
1419,8199
403,8201
4208,8201
4266,8202
12,8203
4205,8203
598,8204
213,8205
5783,8206
4,8208
691,8209
1524,8209
6059,8212
4435,8213
4338,8214
1761,8215
3082,8215
3098,8216
4265,8220
19,8221
325,8221
4106,8222
252,8223
418,8224
4962,8224
5688,8225
7255,8225
3643,8227
4632,8230
5262,8230
53,8231
1690,8231
7337,8233
53,8234
1546,8235
567,8237
1770,8237
26,8238
1315,8238
1471,8238
2416,8238
3795,8239
798,8241
143,8243
54,8245
2964,8245
1577,8246
0,8247
139,8247
675,8247
1850,8248
2752,8248
2848,8248
672,8250
3162,8250
6155,8250
5782,8251
173,8252
622,8252
3992,8252
1368,8253
3490,8253
3510,8253
65,8254
1209,8254
916,8257
933,8257
203,8258
4211,8260
198,8261
885,8261
6881,8261
116,8262
1276,8262
2204,8263
1065,8264
382,8265
5302,8265
36,8267
3517,8267
96,8269
1544,8272
125,8274
685,8274
899,8274
4363,8275
479,8276
1179,8276
4163,8278
7712,8279
43,8281
1211,8281
2843,8282
948,8283
5418,8283
2431,8284
2066,8285
362,8288
2752,8289
7088,8290
3438,8292
5735,8295
566,8298
4653,8298
5790,8298
0,8299
2898,8300
5423,8302
1231,8303
3758,8304
3292,8306
6520,8306
4319,8309
4406,8310
6475,8310
4551,8311
2230,8313
2736,8316
2754,8316
30,8317
6241,8318
466,8321
1635,8321
2964,8321
662,8323
6828,8325
470,8328
1331,8330
2447,8330
877,8331
486,8332
267,8333
799,8336
1420,8336
5084,8336
7796,8336
4163,8337
2551,8338
974,8339
81,8340
6981,8340
2030,8341
445,8342
809,8343
179,8344
2286,8345
4850,8345
5936,8345
6729,8345
8153,8348
937,8351
4294,8351
198,8352
395,8352
3049,8355
4615,8356
6954,8358
4382,8359
568,8360
2094,8360
4609,8360
2308,8361
926,8362
47,8363
771,8364
794,8365
1767,8365
5,8366
752,8366
7058,8367
75,8368
2847,8370
2743,8371
7227,8372
2071,8373
2591,8373
708,8374
6913,8375
469,8376
43,8381
119,8382
137,8382
7215,8382
1904,8383
2483,8383
740,8384
5768,8384
2783,8385
4735,8385
449,8387
748,8387
1045,8387
5014,8389
2657,8391
3135,8391
100,8392
3645,8392
5045,8393
5568,8393
2894,8394
6931,8394
567,8397
1348,8397
3157,8397
4235,8397
4320,8397
250,8399
2307,8399
7144,8400
3595,8401
1947,8402
2,8403
2714,8404
62,8405
60,8406
73,8406
308,8407
673,8407
75,8408
3767,8408
5311,8409
6040,8409
7088,8411
6491,8412
3493,8413
5282,8415
3092,8417
5922,8419
12,8421
1207,8421
5803,8421
0,8423
505,8423
5566,8423
7438,8423
702,8425
1992,8426
546,8429
4600,8430
1412,8432
28,8433
5137,8433
1725,8438
2831,8438
6766,8438
190,8439
5067,8439
5425,8439
3605,8440
6132,8441
28,8442
4750,8442
2447,8443
5217,8444
7144,8444
8227,8444
53,8447
457,8447
3466,8449
24,8452
28,8452
54,8454
3526,8454
5549,8455
2783,8456
281,8458
758,8460
4058,8460
1959,8461
3024,8466
1207,8467
3944,8467
1730,8468
7004,8468
153,8469
212,8469
1935,8469
2293,8470
6119,8471
127,8473
35,8475
6750,8476
5003,8479
1517,8481
3082,8481
4153,8481
7584,8482
6372,8483
3948,8484
4328,8487
8406,8487
684,8488
1671,8491
1194,8493
1777,8493
1726,8494
308,8497
4816,8497
419,8498
3411,8498
208,8499
1009,8501
5137,8503
1886,8504
7496,8504
2011,8505
1695,8506
3045,8507
5183,8507
26,8508
101,8509
916,8510
1023,8511
5918,8511
3426,8513
1904,8514
3983,8514
6248,8514
4185,8515
2605,8517
3522,8517
6069,8519
6277,8519
3250,8521
4704,8524
5741,8524
8430,8524
9,8525
1809,8525
1886,8525
2865,8526
564,8528
4633,8528
4695,8528
213,8529
4225,8530
2483,8535
4482,8536
5765,8536
139,8538
583,8538
1468,8540
4153,8540
9,8543
4088,8543
5003,8543
572,8544
53,8545
85,8545
119,8545
174,8545
798,8546
6419,8546
16,8548
6576,8548
0,8550
681,8550
60,8551
4053,8552
1039,8553
6659,8553
3862,8554
2187,8555
49,8556
7667,8557
8316,8557
65,8558
1125,8558
5622,8561
455,8562
933,8562
2205,8563
3075,8563
563,8564
2847,8565
12,8567
461,8568
918,8569
8397,8569
4575,8570
3064,8571
3619,8571
2594,8572
3091,8572
497,8574
997,8575
35,8577
119,8577
8141,8577
6231,8578
4627,8579
40,8580
1577,8580
4076,8580
5005,8580
5205,8580
198,8583
5866,8584
6372,8585
6511,8585
1213,8586
6724,8586
6644,8587
8552,8587
0,8590
2655,8590
3595,8590
1345,8592
420,8594
75,8596
4631,8597
4841,8597
5624,8598
491,8600
4431,8601
190,8602
307,8602
16,8603
8313,8603
274,8605
4547,8608
1042,8609
4952,8609
5427,8609
7047,8609
260,8611
3997,8611
1883,8612
314,8613
191,8614
6995,8619
1442,8620
194,8621
6905,8621
4096,8624
119,8625
1634,8626
3771,8626
1280,8628
2662,8630
28,8632
1840,8632
2560,8632
1421,8634
1468,8634
674,8637
2632,8638
5434,8639
5542,8639
78,8640
49,8641
4474,8641
5630,8642
517,8647
5929,8647
2479,8649
43,8650
752,8650
2502,8650
6549,8650
4358,8652
3382,8654
1362,8655
3603,8655
1756,8657
5729,8657
7222,8657
284,8658
855,8659
1788,8663
2406,8663
28,8664
6837,8664
4398,8665
1577,8669
5840,8669
240,8671
7198,8674
553,8675
1286,8675
2388,8678
8238,8678
6510,8679
497,8680
3542,8680
42,8681
2577,8684
7262,8684
6100,8685
2753,8686
4913,8686
8638,8686
2632,8687
4898,8687
340,8690
8,8692
914,8692
962,8692
5430,8692
8144,8693
7101,8694
2918,8695
1678,8696
1860,8696
3997,8696
217,8698
6177,8699
137,8700
419,8701
7610,8701
174,8703
5366,8703
758,8705
7681,8705
5015,8706
2452,8707
7747,8707
567,8708
4,8710
2308,8710
41,8711
7603,8712
771,8714
7724,8714
2058,8717
4013,8718
7114,8719
1067,8725
1694,8725
654,8726
0,8729
4928,8730
1745,8731
2369,8731
1431,8732
1631,8732
18,8733
171,8733
814,8733
3748,8733
0,8735
4793,8735
8664,8735
6659,8737
3228,8739
2331,8740
7405,8740
8309,8740
5789,8741
24,8743
159,8746
789,8747
2783,8748
3599,8748
332,8751
735,8751
1018,8751
8476,8751
677,8753
153,8754
1009,8754
5403,8754
6611,8754
35,8755
4175,8755
0,8757
7506,8757
6821,8758
402,8759
5062,8761
1257,8763
1418,8764
1264,8765
3409,8767
3228,8768
7250,8770
708,8771
2054,8773
6550,8773
3219,8774
4076,8774
66,8775
5391,8775
7006,8776
4060,8779
5864,8779
486,8780
9,8781
44,8782
217,8782
808,8782
2499,8782
1180,8783
1247,8783
856,8784
1379,8784
627,8785
308,8786
1103,8786
4323,8791
1505,8792
3543,8792
104,8796
6613,8797
2698,8800
5840,8800
5035,8801
2348,8802
1341,8806
861,8807
2704,8807
4923,8807
1467,8808
4328,8808
7,8809
8231,8810
570,8811
8525,8811
5117,8812
45,8813
6040,8813
8497,8816
3992,8819
7136,8819
8758,8820
6644,8821
0,8823
551,8823
7041,8823
4386,8824
129,8825
1741,8826
8214,8827
8543,8827
1832,8829
36,8830
1640,8830
3304,8831
7448,8833
1692,8834
8103,8835
469,8836
889,8838
20,8839
2959,8839
1374,8840
4028,8842
4138,8842
3020,8843
7361,8843
65,8844
1656,8844
5352,8844
3990,8845
250,8846
1965,8846
6059,8846
366,8847
203,8848
3505,8849
1149,8853
352,8856
5953,8856
92,8857
4980,8861
549,8865
213,8867
3262,8867
1597,8868
6170,8868
7834,8868
641,8874
7256,8874
6605,8875
7795,8875
111,8877
1032,8879
1818,8882
2398,8882
2799,8882
2508,8883
146,8884
702,8886
21,8887
131,8889
168,8889
6467,8892
220,8893
563,8894
889,8896
1105,8896
4185,8896
3710,8899
986,8900
2798,8900
35,8902
5851,8902
1537,8903
435,8904
201,8905
2483,8905
465,8906
3681,8908
7207,8908
4293,8909
3037,8910
564,8911
5415,8912
435,8913
5184,8919
0,8920
420,8920
607,8920
49,8921
482,8921
2178,8923
1853,8924
6919,8926
2633,8929
87,8930
35,8931
4757,8931
974,8932
1479,8933
1339,8934
340,8935
418,8936
387,8937
1982,8937
1000,8940
8846,8940
3091,8942
7144,8945
1170,8948
411,8951
3737,8951
6549,8953
2162,8954
4407,8954
7136,8954
232,8955
174,8956
234,8956
6806,8956
3601,8958
8596,8958
325,8960
2441,8962
1770,8965
1640,8967
5211,8967
1078,8968
4065,8968
835,8970
1236,8970
1813,8972
8158,8972
0,8973
101,8974
2773,8975
3018,8975
16,8976
46,8976
552,8976
479,8977
982,8977
3247,8977
159,8978
436,8978
2825,8978
4465,8978
3921,8979
110,8980
387,8980
1359,8980
848,8981
2027,8981
119,8983
338,8983
2,8984
1671,8985
6106,8985
8568,8986
1127,8987
109,8988
6276,8988
54,8990
2936,8991
3517,8991
1086,8992
0,8993
2697,8993
113,8994
684,8995
4665,8995
7255,8997
7822,8998
8483,8998
307,8999
917,8999
2903,8999
364,9001
7583,9001
1089,9002
3395,9004
2888,9005
2908,9005
3425,9005
7909,9005
44,9006
60,9007
4058,9008
43,9009
2376,9009
2651,9009
5869,9009
3984,9011
101,9014
8178,9014
563,9015
584,9015
1666,9015
53,9017
84,9017
228,9017
4313,9017
44,9019
7718,9020
3,9022
382,9024
1519,9024
2182,9024
3398,9024
6580,9025
6134,9027
24,9029
5676,9029
1413,9030
8182,9032
4486,9034
310,9036
1654,9036
2869,9036
267,9037
2950,9038
2130,9039
8590,9040
4796,9041
8934,9041
5978,9043
3821,9044
2641,9045
6398,9045
316,9046
1838,9046
6617,9048
8321,9048
8884,9051
6377,9053
6718,9053
73,9054
5961,9054
7140,9055
2938,9056
737,9057
1632,9058
7659,9058
5164,9063
1380,9065
6615,9065
955,9066
111,9067
1872,9067
145,9069
2822,9071
4917,9071
7777,9073
168,9074
3751,9074
7952,9074
3000,9075
113,9076
3490,9076
1292,9078
1634,9078
1116,9079
4609,9082
4103,9086
643,9089
8754,9089
5005,9090
7134,9092
1231,9093
752,9094
7183,9094
173,9095
1076,9096
1257,9096
1679,9097
2423,9098
7695,9098
9,9099
162,9099
207,9099
6908,9100
9,9101
1982,9101
6334,9101
7317,9103
627,9105
3147,9105
500,9106
6275,9107
449,9110
1341,9110
66,9111
962,9112
1577,9112
1217,9113
457,9114
685,9117
964,9117
491,9118
984,9120
1183,9122
9,9123
2927,9123
5864,9123
4234,9125
2997,9126
8352,9127
1805,9128
4699,9129
2940,9132
5672,9133
38,9134
7573,9134
1910,9135
979,9136
7618,9136
5771,9137
3219,9139
1597,9141
409,9144
2012,9144
2447,9144
5430,9144
291,9146
2692,9149
705,9151
484,9152
996,9152
6609,9152
340,9154
2337,9156
334,9159
234,9160
643,9160
1792,9164
1986,9164
8791,9167
1901,9169
6277,9169
53,9170
9,9171
2217,9173
3434,9173
55,9174
1343,9176
7385,9176
622,9177
1261,9177
268,9178
5681,9178
5,9181
312,9181
7796,9181
8634,9181
1633,9183
5352,9183
745,9187
3965,9187
1610,9188
6381,9189
49,9190
1219,9190
6521,9193
8310,9193
381,9194
926,9194
146,9195
336,9196
1838,9196
5310,9196
1236,9198
3844,9198
6269,9198
4945,9199
500,9200
762,9200
885,9200
1135,9200
8665,9200
211,9203
3228,9204
1015,9205
7447,9205
5568,9207
2687,9210
40,9213
445,9213
32,9214
7366,9217
193,9218
6830,9220
786,9221
8934,9221
2270,9223
44,9226
2105,9226
5035,9226
8214,9226
66,9227
113,9227
486,9230
7415,9230
933,9235
3490,9236
8,9237
6555,9237
242,9239
12,9240
5675,9240
174,9242
201,9242
7867,9242
9,9243
465,9243
1219,9243
2164,9243
5840,9244
137,9245
1219,9245
3988,9245
448,9248
570,9249
437,9250
1992,9251
131,9252
2633,9252
8046,9252
300,9253
1111,9253
4126,9255
1660,9256
1118,9257
5476,9257
7638,9257
9069,9257
9196,9257
19,9258
16,9260
20,9262
40,9262
672,9262
53,9263
113,9264
2860,9264
776,9265
5168,9265
6049,9265
8525,9267
4028,9268
4462,9269
7429,9269
835,9270
1567,9272
3595,9272
6865,9272
1021,9273
174,9274
201,9274
7796,9274
2752,9275
1148,9276
1044,9277
44,9278
4991,9278
5892,9278
2210,9279
4913,9279
8868,9279
2586,9280
6367,9281
2447,9283
4991,9283
553,9285
576,9285
8306,9285
26,9286
2749,9286
3410,9286
45,9287
2082,9287
7804,9290
2443,9292
2837,9295
465,9296
1152,9296
695,9297
4395,9297
5765,9297
596,9298
3198,9299
1843,9302
5119,9303
1469,9304
5549,9304
2073,9305
49,9307
8161,9307
9,9310
3008,9313
1654,9314
2963,9315
19,9316
6975,9317
145,9320
380,9320
3108,9320
1249,9322
7603,9322
3834,9323
171,9325
1612,9325
7386,9325
2226,9326
2504,9326
479,9328
960,9328
1420,9328
40,9330
1519,9330
7793,9330
2155,9332
3496,9335
569,9336
3037,9338
213,9339
5005,9339
4320,9340
252,9342
4205,9344
4103,9346
28,9348
8528,9348
77,9349
96,9349
5726,9349
4163,9351
8443,9351
0,9353
3486,9353
4640,9353
962,9355
537,9356
1389,9358
6397,9358
5106,9359
24,9360
5217,9361
6983,9361
483,9364
5929,9364
3545,9365
8037,9365
174,9366
483,9367
1039,9367
7854,9369
2777,9370
2858,9371
4133,9372
3115,9373
753,9374
7608,9374
6999,9375
16,9376
137,9376
3022,9377
3533,9377
7584,9378
564,9384
3099,9384
1726,9385
3595,9385
5856,9385
6176,9385
9335,9385
1325,9386
2891,9386
4689,9389
81,9390
806,9392
1519,9392
87,9393
1545,9394
111,9397
3759,9397
4169,9397
702,9398
1604,9398
2024,9401
3555,9402
47,9403
0,9404
7975,9404
4126,9405
4814,9405
6510,9405
1662,9406
3204,9406
182,9408
200,9409
7144,9410
290,9416
4717,9416
7640,9416
8050,9417
470,9418
737,9418
4851,9418
32,9419
4181,9421
8993,9422
3095,9423
1982,9425
4573,9425
8250,9425
43,9427
7410,9429
8055,9429
8574,9429
0,9430
210,9431
8269,9431
2185,9432
7977,9436
1580,9439
2175,9439
3595,9439
1805,9440
5003,9441
4810,9442
1770,9443
3965,9443
9178,9444
337,9445
1998,9445
3912,9445
2107,9447
2535,9447
6450,9448
1770,9449
1090,9450
4695,9450
1499,9451
7852,9451
1657,9452
203,9453
20,9454
3693,9454
5938,9454
387,9455
3912,9455
110,9456
1569,9460
3883,9460
101,9462
100,9463
174,9463
6498,9463
2462,9464
2777,9465
5483,9469
3743,9471
948,9472
7670,9472
8331,9472
7814,9473
2198,9475
5843,9476
3469,9477
60,9478
409,9478
9152,9478
2142,9479
6256,9482
3041,9485
3635,9485
5622,9485
4165,9486
509,9487
1010,9487
3806,9487
4391,9487
101,9488
307,9488
113,9489
1641,9489
4149,9489
5224,9489
1111,9492
2959,9492
6293,9492
9287,9492
9454,9494
8004,9497
1190,9499
7521,9499
3259,9500
5508,9500
7923,9501
2938,9502
8487,9502
6501,9503
8580,9503
1404,9506
7280,9507
2898,9508
955,9509
4338,9512
40,9513
2959,9513
5359,9516
40,9518
104,9518
4627,9518
9030,9518
2641,9519
6072,9519
378,9520
6592,9520
2784,9521
9,9524
1964,9525
4629,9525
1968,9526
5495,9528
4094,9529
4980,9529
4609,9530
2749,9533
567,9534
2134,9534
7721,9538
323,9539
4195,9540
8732,9546
1583,9547
6505,9547
358,9548
361,9549
4386,9549
2874,9550
3493,9550
96,9551
7026,9551
2881,9553
6493,9555
5020,9557
1634,9558
103,9559
2116,9559
2922,9560
2704,9561
8241,9561
964,9564
4640,9564
291,9566
9316,9567
5352,9568
3204,9570
7140,9570
469,9571
3147,9572
832,9573
200,9575
1009,9575
3591,9575
5538,9576
1475,9577
4631,9577
9141,9577
2953,9579
9272,9579
3322,9580
43,9582
229,9582
425,9582
3449,9583
4734,9586
238,9587
7266,9587
1231,9588
2874,9588
3654,9591
3697,9591
7099,9591
3733,9594
73,9595
0,9597
28,9597
212,9600
2423,9600
7853,9600
3948,9601
8980,9601
3152,9603
1872,9605
3017,9605
7059,9605
771,9606
8238,9606
5855,9607
3469,9608
8055,9609
49,9610
3380,9611
141,9612
8400,9615
1219,9617
2938,9618
5028,9619
5886,9619
4126,9620
5771,9620
380,9621
26,9623
1237,9623
3780,9623
4062,9624
5333,9626
5923,9626
7942,9626
8973,9626
2997,9628
44,9630
62,9632
530,9632
2690,9632
1149,9635
5622,9635
6181,9636
3233,9637
352,9638
4262,9638
8551,9638
6916,9639
174,9640
7284,9640
234,9641
5998,9641
8005,9642
6358,9643
7737,9643
3374,9644
2633,9646
858,9647
1425,9649
5345,9649
7420,9650
58,9651
308,9651
2891,9652
2288,9655
2657,9658
2843,9658
4222,9659
19,9660
8304,9662
586,9663
441,9664
173,9665
470,9665
752,9665
2710,9666
2211,9667
7088,9670
1610,9671
889,9672
5300,9673
0,9674
2852,9674
8359,9675
2135,9678
1063,9679
5103,9679
2864,9680
1161,9681
9462,9682
3270,9685
723,9686
1661,9686
3693,9687
54,9688
2551,9688
312,9690
3154,9691
4511,9691
403,9692
267,9694
5735,9694
388,9696
1015,9696
563,9698
2173,9699
4015,9699
5568,9699
403,9701
9595,9701
6284,9703
103,9704
5,9709
2318,9709
4224,9711
234,9713
2594,9715
3595,9715
2040,9717
630,9718
841,9718
8241,9718
8336,9721
2429,9722
7361,9722
4117,9723
441,9724
1412,9724
8511,9724
1295,9725
6140,9725
4710,9729
3374,9730
847,9731
32,9732
1546,9732
2076,9733
2872,9733
615,9734
3217,9737
4763,9738
8751,9739
94,9742
3553,9742
9418,9743
3738,9744
6587,9744
2614,9745
6248,9745
3997,9747
7667,9747
55,9748
5840,9748
8,9750
4415,9752
2290,9753
5131,9753
5248,9753
137,9754
2099,9754
6049,9758
251,9759
183,9760
7603,9761
2069,9763
2213,9763
553,9764
7878,9764
9685,9764
4878,9766
1982,9768
2441,9770
776,9771
1258,9771
2141,9774
6419,9774
3766,9775
8321,9775
9226,9775
2267,9776
4018,9776
96,9777
3465,9778
564,9779
2142,9779
2761,9779
563,9780
52,9782
1596,9783
3152,9783
5363,9784
6419,9784
219,9789
1885,9789
2397,9790
8433,9791
19,9792
3438,9794
3618,9794
1295,9798
4067,9804
2419,9805
9146,9805
1537,9807
7035,9808
1231,9816
1657,9817
2360,9817
332,9818
1490,9820
171,9821
905,9821
4371,9822
0,9825
4609,9826
1456,9828
1054,9831
9430,9831
5978,9832
881,9833
18,9834
40,9835
44,9835
2338,9835
646,9836
6065,9836
9638,9837
1101,9841
2832,9841
366,9842
1901,9842
3642,9842
35,9843
181,9843
251,9845
6925,9845
2797,9849
9547,9849
4315,9850
1316,9851
3411,9851
5000,9851
4302,9853
376,9855
4726,9855
5217,9855
4774,9856
8046,9856
5185,9858
9325,9859
2697,9860
9359,9860
1467,9862
7532,9864
7960,9864
5475,9865
8310,9866
448,9867
613,9867
887,9868
479,9869
213,9871
338,9873
43,9874
1536,9877
8190,9877
771,9878
1212,9879
2637,9879
9375,9879
4766,9880
5207,9880
20,9881
9831,9881
1262,9886
9600,9886
60,9887
4602,9887
66,9889
4203,9889
4812,9889
6093,9889
92,9892
16,9893
341,9894
5050,9895
369,9896
2778,9896
3944,9896
2319,9897
7450,9902
1009,9903
4989,9903
453,9905
684,9906
5064,9906
1330,9907
4178,9908
3018,9910
4435,9910
362,9911
1707,9911
3248,9912
9285,9912
260,9914
3922,9914
358,9915
26,9916
5964,9917
8135,9917
9448,9917
771,9918
2927,9918
7930,9918
0,9922
1083,9923
4604,9923
110,9925
4950,9925
1151,9928
8430,9930
3936,9934
113,9935
2091,9935
4574,9936
232,9938
986,9942
1263,9942
1290,9943
1770,9943
21,9944
655,9944
1725,9944
6821,9951
7416,9952
5582,9953
0,9954
0,9956
1911,9956
7280,9957
4605,9959
5995,9959
416,9962
5374,9963
2538,9967
100,9968
1038,9968
2,9969
116,9969
3902,9969
646,9972
168,9973
9198,9973
1661,9974
1626,9975
2185,9977
6821,9977
836,9978
35,9979
2149,9979
9917,9980
4820,9981
5214,9981
6607,9981
7360,9982
5995,9983
35,9986
129,9987
200,9987
2815,9987
4464,9992
8608,9994
5121,9995
153,9997
855,9997
0,9998
6604,9999
