0,1
1,2
2,3
3,4
2,5
3,5
1,6
2,6
1,7
3,7
6,7
2,9
1,13
2,13
0,14
1,14
4,14
13,14
13,16
2,21
2,22
5,22
0,23
3,24
23,25
2,26
13,28
2,29
6,29
2,30
16,30
2,32
13,32
1,33
7,33
0,34
5,34
13,34
0,36
2,36
22,36
23,36
36,39
16,40
14,42
2,45
0,46
7,46
13,46
14,47
22,49
2,50
14,50
32,50
2,51
9,51
32,51
50,51
3,57
14,59
2,62
5,65
40,65
46,66
13,67
40,67
46,67
26,68
26,69
2,70
69,70
3,71
9,72
36,73
7,74
14,74
51,74
14,76
32,76
3,77
67,77
9,78
14,79
73,79
36,80
13,81
7,82
13,87
14,88
2,90
46,91
3,92
7,92
6,95
26,95
0,97
1,97
13,97
1,98
3,98
14,98
40,98
23,99
71,101
3,102
1,103
13,103
40,103
67,105
1,107
57,107
2,109
2,111
1,112
62,112
71,112
7,113
2,114
32,114
2,115
3,115
7,116
36,117
2,118
51,118
32,119
14,122
26,122
13,125
51,125
5,126
69,128
2,129
36,129
57,130
68,130
16,132
112,134
50,137
98,137
2,138
62,139
138,139
7,140
109,140
49,141
72,141
23,142
126,142
14,143
103,145
115,146
14,147
112,147
7,148
143,148
0,149
111,149
13,151
69,153
23,154
45,154
66,155
13,156
126,156
0,157
9,160
97,160
7,161
36,161
154,162
57,163
70,164
26,165
14,166
134,166
155,167
32,170
1,172
5,172
7,172
9,173
69,173
161,176
13,177
1,178
14,178
46,180
103,180
81,181
138,182
36,183
13,184
0,185
0,186
126,186
49,188
154,188
9,190
134,190
57,191
6,193
143,193
23,197
57,199
46,200
130,200
45,201
105,201
9,205
73,206
95,208
208,209
1,211
1,212
2,212
33,212
68,214
6,216
134,216
145,216
9,219
77,219
6,220
32,220
33,221
82,221
2,222
7,222
78,223
36,225
1,226
26,226
49,227
70,227
227,229
1,232
23,233
50,233
2,234
28,234
40,234
71,234
122,235
140,235
1,241
134,242
109,246
5,248
5,249
14,252
51,253
14,254
32,254
3,255
77,255
40,256
130,256
241,258
1,259
227,259
95,260
234,261
5,263
99,264
248,266
2,267
14,267
138,267
88,268
199,268
233,268
0,269
50,269
51,269
1,270
13,271
81,271
36,272
111,272
1,273
68,274
2,276
271,277
122,278
34,279
134,282
2,283
5,287
14,288
138,289
1,290
212,290
271,291
267,295
14,296
13,297
235,298
33,300
109,301
2,302
13,303
51,303
111,305
34,308
227,308
67,309
98,309
125,309
300,309
69,310
14,311
271,311
32,313
134,314
69,315
242,315
138,316
49,317
216,319
134,320
154,322
51,324
201,325
303,325
185,326
13,327
163,328
126,330
3,331
13,331
88,331
1,334
6,334
1,335
7,335
78,338
13,339
1,340
132,340
33,342
73,342
276,342
14,343
77,344
199,346
2,347
122,347
69,348
90,348
221,348
208,353
1,354
161,354
199,354
259,355
78,357
154,358
2,360
303,360
191,361
26,362
308,362
255,363
254,364
7,366
141,366
156,366
122,367
1,368
6,368
70,368
209,369
3,370
40,370
109,370
111,370
73,371
295,373
13,374
2,377
32,379
77,379
347,379
40,380
13,382
5,383
13,383
0,387
67,387
7,390
283,391
40,392
28,393
166,394
5,395
235,396
126,399
7,402
32,404
7,405
276,405
40,406
32,408
33,409
36,410
291,411
32,412
33,412
354,412
119,413
1,415
69,415
1,417
51,418
1,419
212,419
271,419
193,421
409,422
97,423
410,423
26,424
49,425
26,427
314,427
190,428
348,428
9,430
164,430
220,431
331,431
59,433
269,434
1,435
103,436
34,437
109,437
178,439
7,441
14,441
233,441
295,441
2,442
9,442
161,442
138,443
62,445
148,447
7,448
3,449
1,450
404,450
209,451
51,454
26,457
32,457
95,458
13,459
154,460
254,461
2,462
71,462
233,464
97,465
122,465
348,467
220,468
252,470
140,471
7,472
2,473
347,473
342,474
13,476
0,477
1,477
33,477
391,477
9,478
95,479
98,479
222,479
16,480
40,481
366,481
311,482
462,482
1,483
57,483
1,484
98,487
36,488
208,490
73,491
325,491
5,493
410,493
3,494
46,494
214,494
431,494
408,495
404,496
344,497
462,498
382,499
149,500
288,500
34,501
1,502
97,502
1,503
267,506
160,508
111,509
241,510
13,512
111,512
7,514
242,515
391,516
111,517
34,518
3,519
36,519
122,519
325,519
234,521
51,523
186,523
325,524
7,529
140,529
2,530
7,531
14,531
314,531
478,531
362,532
0,533
7,533
23,534
82,535
2,536
13,536
13,537
32,537
51,540
235,542
264,542
412,543
9,545
29,545
32,545
143,546
537,547
57,548
216,549
36,550
186,550
23,552
305,552
367,552
225,554
427,554
14,555
199,555
413,555
145,557
138,558
138,559
137,563
227,563
331,563
360,563
166,564
139,566
220,566
222,566
32,567
92,568
212,568
181,569
462,569
303,571
57,572
320,572
70,575
1,577
126,577
50,578
126,578
338,578
137,579
220,579
509,579
5,580
97,580
464,583
33,584
260,584
9,585
362,585
50,586
478,586
2,587
112,589
442,589
3,590
1,591
13,592
137,594
322,595
334,595
7,596
51,596
577,596
32,597
363,597
22,598
79,599
223,600
387,600
393,601
354,602
16,603
413,604
26,605
186,608
408,608
33,609
137,609
519,609
137,611
9,612
199,612
354,613
77,615
437,615
508,615
552,616
9,617
36,617
596,617
276,618
331,619
36,620
1,621
310,621
494,621
442,622
134,624
151,624
288,629
328,629
80,630
471,630
26,632
126,633
319,634
370,635
95,637
138,637
112,638
6,640
208,640
5,642
57,644
145,644
235,644
76,645
554,645
1,647
134,647
23,651
288,653
7,657
50,657
59,658
122,658
360,659
25,662
46,662
3,664
5,667
137,667
233,667
481,670
3,671
128,672
233,673
0,674
7,674
621,674
72,675
431,676
451,676
34,678
271,680
288,682
14,683
271,684
521,684
166,685
223,687
671,688
32,691
5,694
481,694
14,695
166,695
267,695
494,695
314,696
335,699
67,700
311,700
112,702
499,702
490,703
14,704
25,704
290,707
13,709
6,711
7,711
523,711
1,712
65,714
154,717
40,718
32,719
235,719
268,719
569,719
596,719
392,720
1,722
67,723
115,723
354,723
66,727
7,728
46,728
396,728
603,728
7,729
73,729
177,729
425,733
621,733
1,734
65,734
267,736
555,736
139,737
59,738
111,738
587,738
13,739
112,739
46,743
354,743
545,743
248,744
36,745
348,745
7,746
72,746
559,746
729,747
342,748
134,752
723,752
367,753
125,755
354,755
154,757
46,758
271,759
46,760
621,760
1,762
13,762
23,762
199,762
138,764
555,765
579,765
9,766
394,766
519,766
59,767
552,767
67,769
739,769
733,770
1,771
160,772
484,772
47,773
190,773
151,774
45,775
178,776
1,777
14,777
241,778
114,779
747,780
141,781
7,782
40,782
552,782
674,783
24,785
439,785
496,785
160,786
9,787
13,788
325,789
68,790
596,790
557,791
134,793
2,794
584,795
71,796
73,796
537,796
256,798
23,801
137,803
34,804
22,807
112,807
181,807
6,808
305,808
271,809
209,810
575,811
411,812
182,813
2,814
2,815
335,816
696,816
728,816
13,817
137,817
803,819
40,820
807,820
7,821
587,821
309,823
774,823
7,824
587,824
1,825
220,826
821,826
14,827
1,832
501,832
596,832
7,834
227,834
160,835
276,835
308,835
421,835
5,838
73,838
112,841
734,841
776,844
752,845
77,846
2,847
609,847
66,850
211,850
427,852
595,852
2,855
674,856
199,858
263,858
550,858
57,860
497,860
410,863
662,863
88,864
2,865
45,867
348,867
248,868
519,868
410,869
13,870
81,870
143,871
154,871
580,871
191,872
694,873
259,874
820,874
871,877
325,878
137,879
77,881
2,882
68,882
40,886
46,886
87,886
567,886
394,888
165,889
246,890
597,891
2,892
305,893
227,895
51,896
490,896
441,900
500,900
545,902
2,903
3,905
2,906
295,907
5,908
209,908
579,908
615,908
301,909
7,912
33,912
760,912
787,913
208,915
596,916
258,919
510,921
141,922
26,923
46,923
271,924
340,926
491,926
13,927
138,927
140,928
491,928
579,931
867,931
32,933
69,935
766,936
73,940
354,940
2,941
154,941
13,944
419,946
223,947
7,948
596,948
499,949
115,950
748,951
905,951
6,952
271,954
579,956
334,958
14,959
140,961
14,962
199,962
212,962
746,962
512,963
1,965
98,966
765,966
32,968
550,971
91,973
696,973
82,976
66,978
3,979
748,979
80,980
36,981
258,981
76,983
176,984
283,987
459,987
921,992
973,994
14,995
79,995
739,996
951,996
746,997
865,997
67,1000
856,1002
874,1005
913,1005
267,1006
392,1006
140,1007
363,1007
521,1007
434,1008
201,1010
199,1011
745,1012
2,1013
5,1013
222,1013
765,1013
1,1015
981,1015
46,1016
148,1017
719,1017
997,1017
74,1021
13,1024
6,1025
834,1025
748,1028
728,1030
98,1032
235,1032
554,1032
745,1032
36,1033
258,1033
907,1033
112,1034
535,1035
543,1035
47,1037
850,1037
695,1039
962,1039
103,1041
437,1041
637,1041
2,1042
137,1042
45,1043
612,1043
950,1043
952,1043
95,1046
253,1046
997,1047
227,1049
596,1049
695,1049
314,1051
667,1051
872,1051
122,1052
550,1052
597,1052
36,1053
3,1055
340,1055
119,1056
596,1057
13,1058
373,1058
374,1059
45,1060
49,1060
103,1060
723,1062
32,1063
68,1063
596,1064
176,1065
533,1066
743,1067
1059,1067
461,1069
521,1069
545,1072
892,1073
579,1075
1,1076
190,1076
241,1076
495,1077
1006,1077
9,1078
26,1078
126,1078
3,1080
186,1080
143,1081
871,1082
1032,1083
137,1085
494,1086
596,1086
7,1087
271,1087
748,1087
2,1088
71,1088
14,1089
827,1090
739,1092
163,1093
835,1093
0,1095
141,1095
404,1096
2,1098
2,1099
363,1104
1032,1105
9,1106
271,1106
162,1107
645,1108
782,1110
609,1112
166,1115
484,1115
739,1115
73,1116
300,1119
421,1119
584,1119
383,1120
186,1121
739,1121
404,1125
331,1126
442,1126
199,1128
948,1128
148,1130
78,1131
295,1132
379,1132
441,1133
621,1133
9,1137
370,1137
855,1137
9,1138
140,1140
1133,1141
309,1142
40,1143
122,1143
2,1144
760,1144
98,1146
2,1147
7,1148
166,1148
667,1148
2,1155
214,1155
1057,1155
181,1156
254,1158
567,1159
125,1160
9,1162
481,1162
1,1165
114,1165
348,1165
34,1166
9,1167
160,1170
1046,1170
79,1173
592,1174
76,1175
1082,1176
951,1177
81,1178
835,1179
465,1181
2,1182
555,1182
543,1184
126,1185
166,1185
471,1186
987,1186
67,1187
672,1187
951,1187
40,1188
271,1188
303,1188
160,1190
499,1194
235,1195
271,1196
855,1196
132,1198
465,1200
601,1204
69,1205
109,1205
545,1205
49,1206
199,1206
855,1206
1037,1206
73,1209
74,1209
267,1211
810,1212
5,1213
115,1213
298,1213
246,1214
434,1215
88,1217
415,1217
360,1218
360,1219
3,1221
36,1221
109,1222
493,1222
1104,1222
9,1226
51,1226
338,1228
472,1230
235,1231
288,1232
399,1232
451,1232
182,1233
411,1233
855,1233
952,1233
1059,1233
9,1234
16,1234
234,1235
496,1235
122,1236
1196,1238
325,1239
142,1240
277,1245
199,1246
2,1247
1240,1247
483,1248
269,1251
276,1252
387,1253
437,1255
46,1257
172,1257
555,1257
824,1257
14,1258
219,1261
1253,1264
7,1265
69,1267
325,1267
667,1267
1005,1269
1008,1269
832,1271
186,1272
271,1273
871,1273
423,1274
778,1274
382,1275
1,1276
462,1277
497,1277
609,1277
695,1279
1177,1279
915,1283
1110,1283
1,1286
254,1286
810,1286
164,1287
7,1288
550,1288
1,1289
392,1290
140,1291
603,1291
674,1292
57,1294
1206,1294
1090,1298
5,1299
80,1300
140,1302
1087,1302
9,1303
555,1303
112,1304
465,1304
256,1305
5,1306
1186,1306
5,1307
995,1311
50,1312
331,1314
537,1314
638,1314
50,1315
973,1315
14,1317
1090,1317
65,1318
134,1318
216,1318
267,1320
201,1322
566,1322
115,1323
413,1323
1035,1323
1105,1323
502,1328
199,1329
269,1333
46,1335
1221,1336
33,1339
913,1339
160,1341
0,1342
319,1343
117,1345
235,1345
473,1348
165,1350
160,1351
353,1351
303,1353
393,1353
519,1353
694,1354
3,1355
5,1364
311,1364
745,1367
1351,1368
14,1369
615,1369
962,1370
220,1371
360,1371
674,1371
872,1372
81,1373
1,1374
817,1375
362,1376
832,1376
357,1377
1200,1377
1144,1378
166,1381
1133,1381
2,1382
804,1382
78,1383
0,1386
719,1387
552,1388
542,1389
46,1390
662,1390
1155,1390
2,1391
154,1391
935,1391
1351,1391
952,1392
51,1393
354,1394
13,1395
1043,1396
98,1397
276,1398
470,1399
651,1400
874,1400
973,1401
973,1402
981,1404
125,1406
1371,1406
188,1408
201,1409
14,1410
736,1410
13,1411
497,1411
305,1412
484,1412
13,1416
109,1418
137,1418
235,1418
9,1420
98,1421
68,1422
88,1422
331,1423
952,1424
1155,1424
707,1427
13,1428
51,1428
138,1428
46,1429
6,1432
109,1432
331,1432
140,1433
5,1435
222,1437
118,1438
1126,1439
1307,1439
160,1441
173,1442
737,1443
820,1443
311,1444
971,1445
50,1447
126,1447
537,1448
73,1450
746,1450
348,1451
605,1452
984,1452
334,1453
608,1453
234,1455
1155,1455
1075,1457
13,1459
154,1460
447,1460
74,1461
5,1464
199,1464
23,1466
25,1466
97,1467
138,1467
103,1469
640,1470
36,1471
940,1471
1233,1475
1418,1475
3,1476
348,1477
14,1480
542,1484
807,1484
2,1485
57,1485
477,1486
115,1487
508,1488
188,1489
51,1491
214,1492
7,1493
246,1493
545,1493
162,1495
747,1495
1066,1496
1391,1496
6,1497
951,1497
1165,1497
1234,1501
14,1502
184,1503
739,1503
605,1504
9,1506
186,1508
46,1511
157,1511
816,1512
845,1514
137,1515
186,1515
134,1518
80,1521
1235,1521
59,1522
1069,1523
2,1524
412,1524
874,1524
619,1525
335,1527
1087,1527
379,1530
1246,1530
3,1531
36,1531
695,1531
1119,1531
481,1532
267,1535
300,1536
14,1537
483,1538
190,1539
922,1539
470,1541
1,1542
13,1543
387,1543
1015,1545
46,1548
680,1553
14,1554
342,1554
671,1554
1,1555
271,1556
645,1556
1443,1556
98,1557
199,1557
596,1557
1133,1558
69,1559
596,1561
535,1562
208,1563
24,1564
478,1564
360,1565
1391,1565
200,1566
13,1570
533,1575
98,1576
234,1576
340,1577
907,1578
309,1579
748,1584
1391,1585
1388,1587
14,1588
130,1589
1235,1589
182,1590
254,1590
462,1591
149,1592
1063,1593
269,1594
148,1595
521,1597
1167,1597
1460,1599
530,1600
2,1601
1277,1603
367,1606
753,1606
25,1608
1291,1608
362,1610
1381,1612
13,1613
295,1613
913,1613
138,1614
235,1614
288,1615
186,1617
1594,1617
961,1619
7,1620
514,1620
1007,1621
728,1622
1053,1622
1075,1625
1554,1625
81,1628
436,1628
413,1629
1369,1629
134,1631
50,1632
1081,1632
0,1634
483,1635
924,1635
66,1636
134,1636
746,1636
26,1637
346,1637
311,1638
810,1638
138,1639
1073,1639
494,1640
494,1641
23,1644
151,1645
605,1645
1381,1645
1188,1646
1076,1647
25,1648
134,1648
579,1648
361,1649
543,1649
963,1649
1489,1649
69,1650
79,1652
98,1652
1491,1652
270,1653
499,1653
1133,1654
519,1656
816,1657
1015,1657
951,1658
442,1659
586,1659
950,1663
554,1664
1584,1664
32,1665
838,1665
1443,1665
1155,1666
36,1667
738,1667
193,1669
334,1669
2,1670
65,1670
200,1670
592,1671
855,1671
5,1673
29,1674
519,1674
126,1675
1493,1675
481,1676
1523,1679
102,1680
208,1680
1155,1680
835,1682
1674,1682
199,1683
201,1685
1253,1685
383,1687
777,1688
40,1691
766,1691
92,1692
199,1692
1002,1692
1556,1692
2,1695
3,1695
1043,1695
1069,1697
868,1698
494,1699
186,1701
308,1701
540,1701
1666,1701
855,1702
554,1706
1059,1706
743,1707
9,1708
996,1709
3,1710
288,1710
617,1711
5,1712
890,1712
473,1713
148,1714
947,1714
51,1716
69,1716
437,1717
6,1718
36,1718
298,1718
624,1718
886,1718
23,1719
674,1719
1484,1719
578,1720
707,1726
531,1727
88,1728
186,1728
67,1729
77,1729
935,1729
1391,1729
79,1730
739,1731
22,1732
1398,1733
1495,1734
129,1736
931,1736
1432,1736
1714,1736
394,1737
1557,1740
98,1743
745,1743
1448,1744
470,1745
165,1746
443,1746
46,1749
1053,1750
166,1751
1645,1751
212,1752
886,1752
162,1753
395,1754
7,1755
494,1755
498,1756
530,1758
78,1759
7,1760
771,1762
154,1763
1566,1763
1508,1765
1718,1765
1085,1767
1067,1768
13,1770
746,1770
34,1771
729,1771
97,1772
1355,1773
896,1774
122,1775
873,1775
1714,1776
555,1777
267,1778
149,1782
760,1784
1390,1784
36,1785
412,1786
933,1786
248,1787
374,1787
391,1787
542,1787
552,1787
858,1787
1265,1787
14,1788
1493,1788
254,1789
1147,1790
879,1791
1597,1791
723,1792
1488,1792
739,1794
268,1795
7,1799
190,1799
166,1800
2,1801
2,1802
864,1802
1537,1803
603,1807
1648,1807
214,1808
1049,1808
695,1809
1639,1810
1729,1811
214,1812
915,1812
1728,1813
1,1814
25,1818
73,1818
473,1818
637,1819
855,1819
268,1820
546,1820
746,1826
74,1827
722,1828
253,1829
267,1829
2,1830
1155,1830
3,1831
145,1832
747,1832
826,1832
23,1833
74,1833
101,1833
1286,1834
354,1836
40,1837
419,1838
36,1839
422,1839
74,1841
305,1841
125,1846
1755,1846
32,1847
1680,1847
26,1849
32,1849
128,1849
1371,1849
431,1850
987,1852
13,1854
2,1855
1632,1855
90,1856
360,1857
739,1857
1049,1857
835,1858
1634,1859
148,1860
289,1860
1182,1860
1277,1860
1433,1860
640,1867
166,1868
941,1868
1553,1868
59,1872
637,1873
9,1875
13,1875
73,1875
235,1876
1754,1878
77,1879
557,1880
748,1880
223,1881
1133,1881
9,1882
40,1882
208,1884
73,1885
271,1885
211,1886
638,1887
1006,1887
229,1889
166,1890
128,1891
682,1892
14,1893
996,1893
1155,1893
134,1894
361,1894
412,1896
1674,1898
221,1899
273,1899
752,1899
1706,1900
115,1901
69,1904
462,1904
1746,1908
519,1909
1298,1909
1648,1912
95,1913
143,1913
223,1915
0,1916
360,1917
34,1918
1654,1918
976,1919
743,1921
512,1922
1042,1923
774,1926
483,1928
1175,1928
521,1929
137,1932
1088,1936
696,1938
872,1938
143,1940
961,1940
1932,1942
7,1944
166,1945
1110,1945
77,1948
1714,1948
6,1949
154,1949
367,1949
1928,1949
1137,1950
1746,1950
521,1952
1504,1953
7,1956
1007,1956
2,1957
760,1957
154,1959
402,1960
9,1961
235,1961
1713,1961
1209,1962
637,1963
36,1964
498,1965
940,1965
1470,1965
745,1966
182,1967
186,1967
1772,1967
115,1968
445,1968
137,1969
303,1969
1685,1973
184,1977
3,1980
126,1980
7,1981
816,1981
1949,1986
199,1987
1904,1987
1898,1989
125,1990
13,1991
9,1993
1005,1993
1948,1993
1005,1994
1408,1994
33,1996
62,1997
374,1997
1265,1997
1246,1998
1488,2002
254,2003
769,2003
143,2004
162,2004
214,2004
69,2005
267,2006
1005,2007
402,2008
1652,2009
841,2010
1457,2010
6,2011
499,2012
46,2013
370,2013
1537,2014
1215,2017
1531,2017
886,2021
567,2022
2,2023
288,2023
871,2023
1950,2026
14,2027
26,2028
62,2028
311,2029
804,2032
1060,2032
80,2034
360,2034
987,2035
45,2038
33,2039
640,2040
98,2042
739,2042
62,2043
1849,2043
13,2047
7,2048
1073,2048
360,2049
1665,2052
235,2054
785,2054
1188,2055
111,2056
188,2056
1524,2059
51,2060
1685,2060
1997,2060
1182,2062
419,2063
301,2066
769,2066
1718,2068
360,2069
16,2070
1634,2070
1,2073
2,2073
497,2076
138,2077
13,2078
771,2079
493,2081
935,2083
325,2087
500,2088
1,2090
212,2090
1896,2090
1033,2091
1055,2091
577,2092
69,2093
537,2093
794,2093
1178,2094
274,2095
97,2096
873,2096
14,2097
844,2097
314,2099
747,2101
1032,2103
160,2105
575,2107
1594,2107
2,2108
46,2108
2,2110
6,2111
98,2112
172,2113
615,2113
596,2114
1885,2116
596,2117
1217,2120
745,2122
1484,2125
1734,2125
409,2126
5,2128
361,2128
1007,2132
2006,2133
32,2135
415,2135
521,2135
1215,2136
3,2137
138,2137
746,2139
367,2143
1649,2144
1032,2145
1613,2146
1820,2146
40,2147
138,2147
98,2148
0,2150
57,2150
773,2150
1104,2150
7,2153
6,2154
7,2154
40,2154
462,2154
25,2156
467,2156
391,2157
823,2157
260,2158
552,2161
1648,2163
1155,2164
903,2166
69,2167
542,2169
1087,2176
1238,2176
373,2177
13,2178
1391,2180
585,2181
1412,2181
1497,2182
1629,2182
772,2184
1441,2185
450,2186
1712,2186
1205,2187
383,2190
1899,2191
404,2194
1818,2194
1,2195
51,2196
92,2197
1141,2197
7,2198
826,2198
1710,2198
182,2200
347,2200
1160,2200
14,2201
181,2201
1,2202
1801,2202
1879,2202
77,2203
470,2203
1880,2203
399,2204
34,2206
637,2208
95,2211
357,2211
160,2213
3,2214
45,2214
69,2216
154,2217
563,2217
1938,2218
186,2219
502,2219
1376,2219
523,2220
1919,2220
1343,2221
235,2223
69,2224
531,2224
1758,2225
596,2226
57,2228
645,2228
222,2229
1007,2229
1133,2229
1287,2230
1222,2231
1,2232
137,2232
569,2232
1273,2233
1339,2233
138,2234
354,2235
674,2236
951,2236
1557,2237
1491,2239
5,2243
26,2243
3,2245
2204,2246
1187,2247
1274,2247
36,2248
82,2248
1432,2248
276,2250
516,2250
402,2253
733,2253
1608,2253
2233,2254
374,2255
609,2256
1209,2256
1778,2257
2128,2257
14,2258
1998,2258
1082,2259
357,2262
774,2263
611,2264
1077,2264
95,2265
143,2265
1771,2266
1304,2267
1921,2267
259,2269
537,2269
0,2270
1314,2272
695,2273
1919,2274
5,2275
50,2275
190,2276
484,2278
57,2279
488,2279
1279,2279
1,2280
984,2282
1692,2282
166,2284
305,2284
508,2285
14,2286
80,2287
566,2289
752,2289
6,2290
1497,2293
166,2294
301,2295
137,2297
51,2298
678,2298
2110,2298
256,2299
0,2300
5,2301
22,2301
211,2302
421,2302
683,2302
178,2303
347,2304
612,2304
98,2307
765,2307
9,2308
2298,2309
871,2311
781,2313
1398,2313
99,2314
1632,2314
0,2315
49,2315
98,2315
260,2315
890,2318
331,2319
408,2325
13,2327
79,2328
2096,2328
2012,2329
1996,2330
40,2331
1890,2331
2153,2331
1046,2332
283,2333
907,2336
1128,2337
1104,2339
1391,2340
1818,2340
143,2341
1396,2342
160,2343
1648,2344
7,2345
1785,2345
1898,2345
2224,2345
1382,2346
484,2348
190,2349
413,2350
69,2351
1017,2351
760,2353
138,2354
97,2357
1087,2357
1491,2357
1554,2357
256,2358
13,2359
555,2362
674,2362
370,2364
160,2365
13,2368
1743,2368
746,2369
835,2369
212,2372
2236,2374
596,2376
634,2377
1120,2377
1834,2377
2107,2377
2299,2377
3,2378
3,2379
114,2380
645,2380
422,2381
26,2383
363,2384
609,2384
112,2386
0,2389
80,2389
119,2389
128,2389
14,2393
1,2394
781,2394
1495,2394
2319,2394
683,2396
279,2397
644,2397
1857,2397
1497,2398
7,2400
1904,2401
73,2402
1005,2402
874,2403
549,2405
163,2406
755,2407
1659,2407
1830,2407
508,2410
1133,2411
134,2413
481,2413
34,2416
274,2416
659,2416
51,2417
2267,2418
140,2420
1778,2420
7,2423
325,2423
214,2424
947,2424
719,2425
2220,2425
1178,2426
1938,2426
1637,2428
2341,2428
1579,2429
2,2431
295,2431
2128,2434
23,2436
7,2439
269,2440
1339,2440
6,2441
695,2441
3,2442
872,2443
1791,2443
234,2445
847,2445
6,2446
2,2447
295,2447
1,2448
7,2449
363,2449
69,2450
81,2452
494,2452
867,2452
33,2453
506,2456
13,2457
125,2457
112,2458
568,2458
1219,2459
1304,2459
1639,2459
1,2460
325,2462
771,2464
594,2465
76,2466
803,2466
1155,2466
2374,2466
14,2467
185,2467
62,2469
23,2470
413,2470
871,2470
821,2471
1187,2471
739,2472
968,2472
2273,2473
137,2478
309,2478
1069,2479
436,2480
478,2481
1371,2481
483,2482
1493,2482
1591,2483
2117,2484
14,2487
50,2487
220,2487
1292,2487
766,2488
2202,2488
707,2489
617,2490
2236,2493
1659,2495
1119,2496
542,2498
276,2499
645,2499
1221,2503
467,2504
688,2504
23,2505
545,2505
777,2505
1959,2505
51,2506
82,2506
835,2506
766,2508
1634,2510
199,2511
1622,2512
1,2513
2153,2514
1501,2517
32,2519
138,2519
2239,2519
465,2520
102,2521
769,2521
2256,2522
360,2523
1432,2523
7,2524
952,2528
2004,2528
1503,2532
1557,2532
190,2536
434,2536
2202,2537
14,2538
26,2539
314,2540
810,2542
404,2543
137,2544
2428,2544
1052,2545
2279,2545
2504,2546
2372,2547
1265,2551
50,2553
1466,2553
766,2554
1709,2554
13,2555
729,2555
26,2556
737,2559
1554,2559
5,2561
1751,2562
2341,2562
472,2563
14,2564
617,2564
2185,2564
1967,2565
1177,2566
1315,2566
132,2567
7,2569
295,2569
2009,2570
162,2571
271,2571
747,2571
97,2572
855,2575
51,2579
1597,2579
745,2580
1402,2580
1443,2585
305,2587
2266,2588
1182,2589
128,2590
154,2590
1729,2591
1222,2592
311,2593
9,2594
14,2594
115,2594
1121,2594
33,2595
256,2595
1659,2596
141,2601
1187,2601
785,2603
470,2606
1746,2607
5,2608
295,2608
259,2609
260,2609
767,2609
746,2613
2206,2615
2313,2615
335,2616
1354,2617
2393,2617
208,2618
952,2621
9,2623
303,2623
1784,2623
199,2624
28,2625
191,2625
1398,2625
2202,2625
2203,2626
5,2629
1753,2629
2488,2629
846,2631
303,2632
1891,2632
546,2633
2154,2634
13,2636
235,2636
391,2636
498,2636
3,2637
1060,2637
1620,2637
33,2639
126,2639
704,2640
1052,2642
2554,2644
2257,2648
782,2650
2351,2652
248,2653
1399,2653
2456,2653
71,2654
482,2654
98,2655
303,2658
2298,2659
2394,2660
276,2661
2289,2662
182,2663
1006,2663
1012,2664
1484,2664
695,2665
211,2666
259,2666
2229,2666
5,2668
1377,2668
2532,2670
69,2671
334,2671
14,2672
858,2673
49,2675
900,2679
130,2680
2449,2681
98,2682
1318,2684
1032,2685
550,2686
1801,2686
2,2688
309,2689
165,2690
2097,2690
554,2691
2066,2691
40,2692
1399,2692
575,2694
808,2694
326,2696
949,2696
1432,2696
579,2697
940,2697
1146,2699
14,2701
712,2701
6,2703
154,2706
1487,2708
554,2709
2505,2709
69,2713
362,2713
778,2714
951,2714
2425,2714
981,2715
1952,2715
2091,2719
2675,2719
95,2721
227,2722
872,2722
1949,2723
32,2727
1292,2728
1504,2728
7,2729
199,2729
1063,2729
32,2731
193,2731
199,2731
222,2732
1226,2733
62,2735
824,2736
535,2737
1416,2737
7,2738
383,2739
49,2741
111,2741
14,2742
683,2742
2697,2743
2709,2745
2009,2746
1393,2747
2659,2748
1880,2749
65,2750
69,2750
295,2750
841,2751
638,2752
2026,2753
2709,2754
579,2755
1257,2755
143,2758
138,2759
114,2760
580,2760
621,2760
295,2761
2480,2761
568,2763
2372,2763
1,2765
2,2765
1412,2765
1701,2765
25,2768
638,2769
2023,2769
569,2770
696,2771
1006,2774
2624,2774
6,2776
9,2777
138,2777
73,2778
81,2779
6,2780
326,2780
600,2780
2297,2780
1069,2781
2780,2781
67,2782
111,2782
227,2783
235,2783
271,2785
411,2785
550,2785
331,2786
0,2788
115,2788
439,2788
392,2790
2299,2790
354,2791
962,2791
559,2793
1187,2793
2691,2793
214,2794
14,2796
1377,2796
428,2797
2,2798
808,2799
2318,2799
872,2801
2191,2803
134,2804
1726,2804
2090,2804
128,2806
140,2806
134,2807
368,2807
47,2808
68,2809
154,2809
1530,2809
536,2812
624,2812
140,2814
36,2815
747,2815
13,2818
2403,2818
145,2819
1058,2820
2,2821
2236,2821
69,2822
227,2822
2297,2823
915,2824
1743,2824
6,2826
494,2826
738,2828
1016,2829
32,2830
2826,2830
499,2831
1049,2831
1613,2832
2,2833
1059,2833
191,2834
1706,2836
50,2838
1484,2839
476,2840
2426,2840
478,2843
2226,2844
36,2846
1186,2846
338,2847
1670,2849
209,2850
7,2852
182,2852
1133,2853
890,2854
303,2855
1166,2856
13,2857
348,2857
678,2857
36,2858
441,2858
1182,2860
269,2861
2211,2862
2466,2862
855,2864
2,2865
325,2865
987,2867
2719,2867
112,2869
2783,2870
36,2872
69,2872
521,2874
2728,2874
2457,2875
1051,2877
33,2879
1355,2879
746,2880
996,2880
314,2884
1818,2885
659,2887
1594,2887
470,2889
77,2890
14,2891
672,2891
1233,2891
2103,2891
220,2892
3,2893
563,2893
615,2895
14,2897
2,2898
267,2898
981,2898
73,2899
0,2901
36,2904
254,2907
298,2908
1913,2908
232,2909
2783,2909
1188,2910
540,2911
69,2913
33,2915
23,2917
948,2917
34,2918
301,2918
1685,2918
2150,2918
2353,2918
1489,2919
46,2920
148,2920
305,2920
568,2920
2394,2920
1749,2921
540,2922
674,2923
2357,2923
634,2924
1119,2924
2275,2924
14,2927
1037,2929
1645,2929
1867,2929
2,2930
14,2932
478,2932
126,2933
271,2934
2924,2934
1945,2937
184,2938
1205,2938
1670,2938
2048,2938
739,2939
1013,2940
3,2941
728,2943
1160,2943
1424,2944
36,2945
2887,2945
1098,2946
36,2948
1035,2948
437,2949
662,2951
2823,2952
405,2953
410,2953
1257,2953
199,2954
752,2954
1508,2954
584,2955
87,2957
2163,2957
2479,2957
0,2958
5,2958
261,2959
1445,2959
1593,2963
214,2964
2685,2964
2,2965
98,2965
0,2969
360,2971
592,2971
1645,2971
2499,2971
1339,2972
1447,2974
2,2976
2872,2976
810,2977
820,2977
1314,2977
1791,2977
5,2978
2389,2978
834,2979
1495,2980
1692,2980
2442,2980
473,2981
508,2981
112,2982
2357,2982
425,2983
2248,2983
467,2984
2,2985
140,2988
1763,2989
2447,2989
1277,2990
674,2991
723,2991
14,2993
1186,2993
1855,2993
7,2994
1391,2994
2176,2996
482,2997
523,2997
717,2997
128,2998
233,2998
295,2998
125,3001
774,3002
1056,3002
1211,3002
1,3003
71,3004
1755,3004
1778,3004
40,3006
2932,3006
101,3007
577,3008
2054,3010
112,3011
223,3011
933,3011
2042,3011
14,3013
1211,3013
99,3016
2150,3017
71,3019
223,3019
1088,3019
777,3020
2982,3020
180,3021
1226,3022
2709,3022
14,3024
1176,3024
1051,3025
82,3027
3,3028
78,3028
1110,3030
40,3031
537,3031
1,3032
487,3034
867,3034
1209,3034
555,3035
2150,3036
74,3037
2176,3037
2182,3037
6,3038
1137,3038
1625,3038
1674,3038
5,3039
1075,3039
5,3041
1002,3041
1133,3041
2655,3041
32,3042
393,3042
2621,3042
331,3044
2028,3045
2319,3048
260,3049
1515,3049
140,3050
1457,3050
2512,3050
1233,3051
1391,3051
2672,3051
1524,3053
411,3054
57,3055
1235,3055
973,3056
2231,3058
1771,3059
550,3063
209,3064
2709,3065
638,3067
1938,3067
2300,3067
6,3070
1399,3070
99,3071
1351,3071
248,3072
128,3073
371,3075
1408,3076
360,3077
2329,3077
5,3078
2824,3079
2978,3080
1143,3081
746,3082
2621,3082
2512,3084
2812,3087
752,3088
98,3089
1484,3090
1810,3090
549,3092
1377,3092
223,3093
1734,3095
267,3097
825,3097
1493,3097
2331,3097
191,3098
1702,3098
2,3100
71,3100
122,3100
137,3101
51,3102
234,3102
2580,3103
2654,3106
1041,3108
2311,3109
2523,3110
3042,3114
3,3115
554,3116
233,3117
1132,3117
1799,3117
3071,3119
2697,3121
143,3122
254,3122
80,3123
282,3123
1961,3123
1878,3128
413,3129
2675,3131
254,3133
495,3133
256,3134
1246,3134
2042,3134
501,3135
1846,3136
357,3137
2153,3137
3002,3137
2626,3140
662,3141
1652,3142
437,3145
296,3147
2833,3150
1213,3151
3038,3155
695,3159
2,3160
1328,3160
3070,3160
447,3161
1406,3162
1949,3162
1632,3163
331,3165
1860,3166
410,3167
775,3167
1300,3167
1137,3169
1377,3173
2589,3173
1178,3175
1,3177
338,3178
696,3178
2745,3178
1488,3181
360,3182
1039,3182
2301,3182
2060,3183
125,3185
778,3187
540,3188
1531,3188
314,3190
348,3192
367,3193
2420,3193
767,3194
1675,3194
2545,3195
743,3197
81,3198
470,3199
601,3199
13,3201
2528,3201
451,3202
232,3203
3,3206
14,3206
575,3207
449,3208
1382,3208
3049,3209
1,3210
112,3210
1,3211
1767,3211
672,3212
2790,3212
2180,3215
1307,3216
1253,3217
1807,3217
25,3219
1287,3219
264,3221
441,3221
868,3222
303,3223
425,3223
1238,3224
34,3226
122,3227
596,3227
2904,3227
50,3228
51,3228
354,3229
2229,3229
1175,3233
1253,3236
186,3237
111,3239
344,3242
0,3246
951,3248
339,3250
462,3250
235,3251
2229,3251
2830,3251
858,3252
696,3255
22,3257
766,3258
14,3259
57,3259
1909,3259
2929,3259
868,3260
32,3261
233,3262
130,3263
1950,3264
3042,3264
229,3265
340,3265
1875,3265
2482,3266
40,3267
46,3269
775,3269
847,3270
14,3271
46,3273
383,3273
1,3274
92,3274
288,3274
392,3274
2,3276
821,3276
3089,3276
288,3277
148,3278
3210,3278
1712,3279
3201,3279
3258,3283
1543,3286
747,3287
208,3288
2617,3288
1948,3291
98,3292
1175,3292
1353,3292
841,3297
190,3301
508,3301
1497,3302
2621,3302
1087,3303
450,3304
1576,3304
358,3305
1556,3305
2203,3305
846,3306
1314,3308
2938,3308
2187,3311
3092,3311
254,3313
13,3317
3221,3317
1336,3319
1187,3321
370,3327
1058,3336
154,3337
308,3340
2796,3341
546,3345
1400,3345
160,3346
1261,3346
91,3347
1418,3349
2783,3349
220,3350
1087,3350
5,3354
6,3354
7,3354
1257,3355
1382,3355
1069,3356
5,3357
481,3358
864,3358
2087,3358
1,3359
145,3359
2357,3360
78,3362
370,3362
1115,3363
2479,3364
3265,3364
519,3366
1083,3366
1523,3366
276,3368
519,3368
2777,3370
208,3372
3292,3372
112,3373
115,3373
821,3374
395,3375
644,3375
57,3376
14,3378
1675,3378
5,3379
2154,3379
2965,3383
214,3385
1273,3385
122,3386
1059,3388
2977,3388
2,3389
487,3389
1323,3389
596,3391
647,3391
3036,3391
2147,3394
1409,3395
2449,3396
3209,3396
890,3397
850,3398
98,3399
470,3399
1000,3399
2153,3399
2591,3402
364,3404
1959,3405
2054,3407
3305,3407
50,3409
516,3409
2794,3409
987,3410
7,3411
3278,3411
2150,3413
2,3416
2697,3416
2874,3418
555,3420
595,3421
766,3429
1980,3429
23,3431
9,3433
373,3433
1389,3433
7,3435
1400,3435
1221,3437
1461,3437
142,3438
2443,3444
1178,3446
1,3447
220,3447
1312,3447
817,3448
3368,3448
521,3449
540,3449
309,3450
309,3452
664,3455
2389,3455
1377,3456
2793,3456
746,3457
947,3458
1353,3459
3349,3459
1917,3463
1092,3465
193,3468
1717,3468
442,3471
199,3474
981,3476
234,3477
1753,3477
2,3479
14,3483
154,3485
483,3487
2748,3488
391,3490
267,3491
193,3492
737,3492
308,3493
3373,3493
212,3496
1087,3496
1013,3497
328,3498
437,3501
2512,3503
9,3504
2002,3504
211,3505
1435,3506
2184,3507
59,3508
2544,3508
137,3509
3,3510
1343,3510
3336,3511
540,3512
57,3514
3142,3514
32,3517
405,3518
2536,3520
739,3523
49,3524
1267,3524
2386,3524
154,3525
3034,3525
3188,3525
409,3527
2929,3528
498,3531
1355,3532
2944,3532
1432,3534
1527,3534
1788,3535
2094,3535
423,3536
2093,3536
13,3537
354,3537
1,3540
779,3540
1919,3540
2394,3540
2806,3540
1006,3543
1015,3543
2824,3544
303,3545
241,3546
2258,3547
3117,3548
3049,3549
36,3550
603,3552
2904,3553
50,3554
111,3555
542,3555
3357,3556
2229,3558
190,3560
3356,3563
138,3564
1005,3564
46,3565
2006,3565
109,3569
360,3569
2697,3569
832,3571
1377,3571
57,3572
395,3572
596,3572
2006,3572
3524,3573
156,3574
1235,3577
1949,3577
2120,3578
1391,3579
2998,3579
3161,3579
926,3580
2499,3587
1778,3588
940,3589
615,3590
362,3593
23,3596
2144,3596
1497,3599
2701,3599
968,3601
1087,3601
3420,3601
22,3602
1733,3604
7,3605
112,3606
1712,3607
3492,3608
5,3609
40,3612
2955,3614
2315,3615
2345,3615
1317,3616
3524,3617
951,3618
2505,3619
696,3624
554,3625
62,3626
540,3627
40,3629
2824,3629
2198,3631
3077,3634
7,3635
208,3635
2521,3636
71,3638
1648,3639
2307,3639
188,3642
7,3643
1133,3643
1792,3647
3349,3647
161,3649
1679,3651
695,3652
7,3654
254,3654
971,3655
2224,3655
212,3658
2150,3658
3279,3658
1283,3659
220,3662
484,3662
2133,3662
1170,3663
1695,3663
128,3664
248,3664
305,3666
3491,3667
391,3668
867,3668
331,3669
1648,3669
2673,3669
2750,3669
1961,3671
952,3672
1820,3673
209,3674
2182,3674
149,3678
1418,3678
1613,3679
586,3681
2093,3681
903,3682
2466,3682
3305,3682
0,3683
2964,3685
46,3688
719,3690
72,3691
111,3693
309,3693
973,3694
149,3695
1067,3695
2696,3695
3208,3699
3543,3700
521,3704
3354,3704
14,3705
34,3706
2005,3706
2011,3707
605,3708
2561,3708
1143,3709
2425,3709
186,3711
208,3712
98,3713
125,3716
2125,3716
160,3718
317,3718
2460,3719
2830,3721
295,3722
1,3723
1,3725
222,3725
1095,3725
1177,3725
3360,3727
2998,3728
3042,3728
271,3729
482,3730
176,3731
1469,3731
1497,3731
73,3733
1178,3733
23,3734
2553,3734
3045,3734
3709,3735
7,3739
1849,3741
1329,3742
65,3745
2191,3746
138,3747
3448,3747
13,3748
138,3748
601,3750
838,3750
1065,3750
2774,3752
3535,3752
1289,3753
1792,3753
2512,3753
563,3754
137,3756
3578,3757
2,3760
3728,3760
151,3761
1926,3761
2139,3761
508,3762
1112,3762
363,3763
436,3763
577,3763
7,3764
1515,3765
3360,3765
874,3766
3579,3767
2394,3768
3474,3768
1484,3769
1,3771
2655,3771
3192,3771
579,3772
1219,3775
97,3778
1005,3778
1147,3778
1594,3778
126,3779
3437,3782
227,3783
473,3784
2,3785
2980,3785
214,3787
2466,3791
2154,3792
3271,3793
2093,3794
2313,3794
140,3796
506,3796
733,3797
1277,3797
569,3798
2006,3798
2540,3798
1792,3799
1043,3800
368,3801
723,3803
3635,3803
9,3804
154,3804
181,3804
1377,3805
1484,3806
820,3808
1791,3808
264,3809
6,3813
148,3813
675,3814
1013,3814
1211,3817
1751,3817
890,3818
644,3819
947,3819
1645,3820
2079,3820
2459,3820
908,3821
288,3822
2206,3823
40,3825
3787,3829
143,3830
580,3830
1645,3830
484,3831
637,3832
946,3832
2834,3832
1386,3833
1998,3833
3639,3834
26,3835
295,3835
659,3835
747,3835
425,3837
2426,3837
3319,3837
2487,3839
1303,3840
1292,3841
122,3843
1286,3843
2,3846
1279,3847
50,3848
968,3848
1496,3849
566,3850
460,3851
1291,3851
1961,3852
1759,3853
1,3857
9,3857
1166,3858
908,3860
745,3861
354,3862
547,3863
3578,3865
1879,3867
40,3868
501,3868
234,3870
519,3871
915,3871
2313,3871
2357,3871
14,3872
0,3873
2729,3877
1235,3878
190,3879
820,3880
1792,3881
3259,3882
99,3884
3872,3884
227,3885
114,3886
1977,3889
188,3891
112,3895
122,3895
3134,3896
3031,3897
3,3899
1718,3902
3655,3902
478,3903
2571,3904
1143,3905
519,3906
13,3907
1729,3911
22,3912
462,3912
149,3913
383,3915
2255,3915
3606,3917
2313,3920
906,3922
1898,3922
803,3923
1435,3924
2839,3924
98,3926
166,3926
7,3927
241,3928
3346,3928
222,3929
777,3929
3599,3929
140,3930
1170,3932
1758,3932
2828,3933
77,3935
1005,3935
154,3937
2487,3937
2659,3937
300,3939
1051,3939
3913,3941
672,3942
781,3942
1832,3943
947,3944
160,3946
188,3946
3555,3946
271,3948
1967,3948
2166,3948
22,3949
2021,3949
303,3950
126,3951
3071,3951
638,3955
3,3956
311,3956
1,3959
886,3959
928,3959
214,3960
223,3960
137,3963
382,3963
702,3964
766,3965
370,3966
3571,3969
1175,3974
540,3977
2267,3977
23,3978
366,3978
370,3978
785,3979
3741,3979
545,3980
695,3981
1005,3982
2689,3983
2077,3984
73,3986
1728,3987
69,3988
3871,3988
578,3989
65,3990
122,3991
223,3992
2697,3992
2319,3993
664,3994
137,3995
605,3995
913,3995
491,3996
1086,3997
596,3999
1959,3999
33,4001
824,4001
533,4005
3279,4005
3825,4005
442,4006
1287,4006
1996,4006
2428,4007
521,4008
973,4009
2256,4009
92,4010
1849,4010
2697,4010
1401,4011
3493,4011
14,4012
1849,4012
2062,4012
3981,4012
1832,4013
3572,4014
391,4015
3638,4016
370,4019
441,4019
1743,4019
3532,4021
4019,4021
609,4022
1755,4022
3627,4022
2021,4023
782,4026
935,4026
1428,4026
1707,4027
1834,4027
2345,4030
138,4031
612,4032
1246,4032
1669,4032
1887,4034
7,4036
2289,4036
672,4038
575,4039
629,4042
0,4043
3142,4043
1016,4045
2595,4045
2182,4053
1653,4057
6,4059
227,4059
2459,4060
14,4062
973,4062
3618,4063
3524,4064
674,4065
1082,4065
2217,4065
248,4066
1247,4066
3951,4066
902,4067
841,4068
98,4069
1410,4070
2828,4073
5,4074
2416,4074
2760,4076
308,4078
578,4078
2108,4078
2924,4078
3669,4079
140,4081
2406,4082
2012,4088
1269,4089
1461,4089
1838,4090
2097,4090
2615,4090
69,4091
1485,4091
981,4092
3038,4092
644,4093
775,4093
360,4095
509,4095
739,4095
2466,4095
855,4096
3722,4096
34,4098
141,4098
2938,4098
696,4099
2180,4100
143,4105
494,4107
1289,4107
545,4108
2699,4108
36,4109
25,4116
1614,4116
268,4118
3682,4123
301,4124
335,4131
1112,4134
615,4138
951,4140
2812,4141
694,4142
931,4142
2774,4143
1175,4144
431,4146
2200,4146
2920,4146
437,4149
1012,4149
125,4150
563,4150
3977,4150
1880,4151
2691,4154
1137,4156
2870,4156
519,4157
2202,4158
331,4159
3122,4161
46,4162
13,4163
134,4163
1778,4166
295,4167
186,4169
166,4170
2012,4170
32,4172
151,4172
276,4172
3055,4172
3136,4173
1648,4174
2750,4176
821,4177
234,4178
896,4179
1322,4180
109,4181
443,4181
1649,4181
1790,4182
1577,4183
480,4184
2728,4184
2765,4184
564,4185
1728,4186
2263,4187
148,4188
149,4188
115,4189
3658,4191
3117,4193
3819,4194
267,4196
2589,4196
907,4197
4015,4198
1042,4199
3669,4202
890,4203
3227,4204
3276,4204
1743,4206
1834,4206
1060,4208
229,4209
3359,4209
2026,4211
112,4212
798,4212
2054,4212
181,4217
387,4217
2731,4217
3688,4217
413,4219
447,4222
1614,4222
46,4223
1015,4223
1240,4223
3501,4224
2307,4225
3922,4225
739,4226
98,4227
542,4227
1743,4227
32,4228
1178,4228
4199,4228
1217,4229
1493,4232
2984,4232
288,4233
3201,4233
428,4235
1441,4235
1818,4235
3188,4235
1543,4237
1206,4239
3996,4240
137,4241
1695,4242
354,4243
383,4243
509,4243
900,4244
1470,4244
214,4245
462,4247
3746,4249
1791,4250
4098,4250
1115,4251
2571,4251
2200,4252
2852,4252
3760,4252
2609,4253
46,4256
13,4258
368,4258
3265,4258
148,4259
595,4259
704,4259
209,4260
1964,4265
2348,4265
366,4266
608,4266
1461,4266
2951,4267
2376,4269
2488,4269
1082,4273
1090,4273
13,4275
191,4278
1648,4278
2466,4278
2750,4279
3024,4280
288,4281
1714,4281
908,4282
1,4284
4140,4284
98,4285
317,4285
521,4286
2005,4286
2938,4287
186,4289
1,4291
248,4296
1666,4296
1813,4296
2403,4297
59,4298
138,4299
531,4299
739,4299
1148,4299
288,4300
3964,4300
3411,4301
1104,4302
5,4303
882,4303
1646,4303
1345,4304
1653,4304
2026,4305
1291,4306
1043,4307
436,4310
1730,4310
2,4312
156,4312
14,4314
40,4314
138,4314
1791,4314
125,4315
3760,4315
2,4317
621,4317
907,4317
2342,4317
3133,4318
288,4319
2,4320
1133,4320
3999,4320
32,4321
3955,4323
5,4325
23,4325
78,4325
1292,4325
3760,4325
138,4327
161,4327
2,4328
752,4328
172,4331
2284,4332
2156,4334
2452,4334
696,4337
4012,4338
483,4339
3880,4339
597,4341
3503,4341
342,4342
2488,4342
4278,4342
14,4343
1222,4343
2980,4343
191,4344
1188,4344
1728,4344
3884,4345
68,4347
1858,4347
22,4350
51,4351
2911,4351
1039,4352
1675,4352
3654,4353
2,4355
5,4357
3746,4357
87,4358
122,4359
200,4359
2571,4360
1639,4362
154,4365
2459,4365
295,4368
1641,4370
563,4373
2054,4373
2815,4373
409,4375
2545,4375
14,4377
354,4377
3321,4377
3624,4377
264,4379
176,4382
1994,4382
1919,4383
4222,4383
36,4384
354,4385
1913,4386
322,4387
1080,4388
1791,4388
3,4391
1219,4391
533,4394
872,4394
896,4396
186,4398
3273,4398
1707,4399
2147,4401
963,4402
1832,4408
2470,4408
5,4409
3831,4409
5,4410
137,4410
2253,4411
2728,4412
4196,4413
4233,4413
494,4414
3757,4414
3731,4415
79,4416
1132,4416
186,4417
13,4418
140,4418
563,4418
821,4418
77,4420
413,4420
1493,4420
1833,4420
9,4421
4375,4422
1993,4424
4203,4424
149,4427
1188,4428
1791,4429
4010,4429
382,4430
579,4432
4320,4434
1353,4436
9,4437
259,4437
900,4437
32,4438
810,4441
1880,4441
3321,4441
2120,4442
1137,4444
2743,4444
2099,4445
137,4446
254,4446
2920,4448
99,4449
2594,4450
0,4451
777,4451
2,4453
826,4454
74,4455
545,4456
3336,4456
13,4457
437,4457
1,4458
126,4458
1412,4458
662,4460
2,4462
379,4462
3449,4462
4307,4463
50,4465
638,4465
160,4468
346,4469
3503,4469
968,4472
2128,4473
4031,4473
1576,4477
2799,4477
1043,4481
13,4482
404,4482
167,4484
2532,4484
4251,4484
2,4486
1,4487
3658,4487
295,4488
2342,4492
78,4493
2,4494
1233,4494
946,4495
36,4496
2198,4496
2059,4497
1674,4500
2301,4500
2648,4500
149,4501
191,4501
3896,4501
540,4503
3997,4503
197,4504
563,4504
1891,4504
2229,4505
494,4506
3363,4507
734,4508
852,4510
1945,4511
2248,4511
4243,4511
1209,4513
74,4514
2944,4514
138,4515
2154,4518
2846,4518
199,4521
493,4521
36,4522
354,4522
2043,4522
4477,4522
14,4523
1274,4523
74,4524
4350,4524
2315,4527
2359,4527
2753,4527
4307,4527
951,4529
2919,4529
140,4530
2269,4530
13,4531
723,4531
3366,4531
596,4533
2236,4533
2670,4534
870,4535
36,4536
216,4537
1679,4537
2487,4538
3438,4538
2006,4539
7,4540
29,4540
4109,4541
129,4542
208,4542
151,4543
431,4543
1269,4544
2545,4544
2839,4544
3994,4546
14,4547
9,4551
16,4551
36,4552
69,4552
1267,4552
3863,4554
67,4556
98,4556
3601,4556
769,4558
14,4559
412,4559
902,4559
3082,4562
3350,4562
1710,4565
2910,4568
7,4569
2519,4569
2796,4571
161,4572
2,4573
233,4573
517,4573
2964,4573
353,4574
481,4574
2258,4574
2929,4574
45,4576
586,4576
2253,4579
14,4580
1949,4580
1005,4581
667,4583
488,4585
1062,4586
1177,4586
3106,4586
2517,4590
2077,4591
2407,4591
540,4593
832,4594
2203,4594
4298,4595
2314,4596
122,4597
1501,4597
73,4598
154,4598
947,4598
1597,4598
667,4599
2564,4600
128,4601
900,4601
4352,4601
255,4602
1063,4603
618,4605
235,4606
295,4606
1424,4606
1685,4606
2701,4606
1186,4607
1288,4607
3034,4607
25,4610
1355,4610
882,4612
1420,4613
3044,4614
3,4617
3017,4618
2958,4619
309,4624
360,4626
832,4626
4247,4626
2991,4628
3080,4628
1155,4629
4105,4629
4411,4630
2830,4631
1915,4635
2760,4636
3983,4636
2948,4638
867,4640
32,4642
2532,4642
423,4643
743,4644
102,4645
209,4645
662,4646
3534,4646
199,4647
2328,4647
3004,4648
3745,4648
1382,4650
277,4652
5,4653
40,4653
3548,4653
1055,4654
454,4656
4069,4658
1879,4661
2575,4663
2690,4664
266,4665
103,4667
2028,4667
442,4668
777,4668
4408,4668
2059,4670
3857,4670
331,4672
7,4674
1398,4674
3037,4677
1412,4678
4325,4678
374,4679
483,4680
554,4680
874,4681
3733,4681
405,4682
225,4684
592,4684
743,4684
767,4684
1133,4684
3037,4684
74,4685
495,4688
4647,4688
1292,4689
2273,4689
3266,4689
1701,4690
3279,4690
2236,4691
1401,4692
2889,4692
3276,4692
36,4695
1712,4696
2465,4696
3549,4696
40,4697
1555,4701
2185,4702
2692,4702
569,4703
2512,4703
762,4708
40,4709
532,4709
4413,4709
3431,4713
2233,4714
288,4716
4203,4718
2368,4719
353,4721
1056,4721
1493,4721
1758,4725
0,4730
23,4730
871,4730
4580,4732
3725,4733
70,4736
609,4736
1165,4736
348,4737
3813,4739
4350,4739
785,4740
1990,4740
2544,4740
1523,4741
1691,4741
1469,4742
2056,4742
4098,4743
383,4744
2621,4744
3448,4745
74,4746
80,4746
605,4747
1594,4747
3305,4749
9,4750
7,4751
2423,4751
798,4752
2253,4752
347,4753
518,4753
1311,4754
1932,4754
3136,4756
820,4757
2959,4757
1778,4758
22,4761
950,4762
1628,4763
117,4767
1692,4767
342,4770
4391,4771
419,4772
1485,4772
590,4774
2781,4775
1570,4780
23,4783
1209,4783
3693,4783
712,4784
871,4784
46,4786
2253,4786
1645,4787
2505,4787
3292,4787
391,4793
2263,4793
2993,4793
491,4796
1826,4796
3404,4796
4307,4796
2659,4798
2191,4799
2760,4800
433,4802
2393,4802
950,4803
3535,4805
160,4806
1763,4806
3830,4806
4732,4806
480,4808
1691,4810
2777,4810
1043,4811
3078,4811
3733,4811
644,4812
2066,4813
1067,4814
1751,4814
2655,4814
2807,4814
291,4815
308,4816
3779,4816
4678,4817
437,4818
4043,4818
667,4821
1287,4822
14,4826
40,4826
4647,4826
288,4827
3955,4827
4477,4827
140,4828
748,4828
22,4829
1422,4829
193,4831
3357,4832
3706,4833
579,4838
300,4841
1269,4841
1688,4841
4808,4841
276,4842
1734,4844
502,4846
2377,4846
962,4850
3798,4851
4045,4851
2655,4853
586,4855
817,4855
1329,4855
3411,4856
4375,4857
282,4858
2319,4859
1,4860
563,4860
3212,4860
4650,4860
3555,4864
185,4866
3370,4866
1077,4867
353,4871
267,4872
1445,4873
138,4875
1493,4875
2714,4876
536,4877
1718,4877
4105,4877
1485,4880
3459,4880
4383,4880
354,4882
879,4882
4305,4882
46,4883
97,4884
2011,4884
1,4890
74,4891
77,4892
1323,4892
119,4893
223,4893
1175,4893
3121,4894
370,4895
4527,4895
3596,4896
166,4897
2236,4898
74,4899
2219,4899
140,4901
80,4903
913,4906
3760,4906
437,4907
4166,4907
3,4908
7,4912
162,4912
1046,4914
149,4915
2108,4915
462,4917
550,4918
325,4920
26,4922
77,4923
4249,4923
4751,4924
1433,4926
1740,4926
3808,4927
587,4928
2429,4928
199,4931
745,4932
40,4934
1205,4935
2459,4935
125,4936
2068,4937
5,4939
3208,4939
1524,4940
2623,4940
1857,4941
14,4942
1392,4942
23,4943
1589,4943
1736,4944
1665,4945
1277,4946
77,4948
773,4950
23,4953
2396,4953
255,4954
2157,4955
3122,4955
3385,4956
954,4957
537,4958
832,4958
4232,4958
1649,4959
4204,4959
746,4961
832,4961
1155,4961
1746,4961
496,4963
2824,4963
4342,4966
3010,4967
436,4968
3302,4969
4437,4969
3616,4972
1148,4983
3359,4983
2482,4984
1322,4986
81,4990
1679,4990
366,4991
3669,4992
0,4993
537,4993
4882,4997
7,4998
3233,4998
674,5000
340,5003
769,5004
4280,5006
464,5008
3219,5008
667,5010
1217,5010
45,5012
470,5012
1187,5012
3276,5012
824,5014
1860,5014
2206,5015
290,5016
357,5016
462,5016
946,5022
2721,5022
4522,5023
3654,5024
4533,5024
1880,5025
80,5026
199,5029
760,5030
22,5031
434,5031
2809,5031
531,5032
1484,5032
1714,5034
2079,5034
3396,5037
3817,5038
1341,5039
2919,5041
890,5043
1087,5044
98,5047
605,5048
1160,5048
1801,5049
2465,5049
3691,5049
410,5051
1787,5052
2617,5054
1716,5056
70,5057
295,5059
74,5060
2425,5060
1960,5061
3037,5062
4912,5063
723,5066
80,5067
97,5068
1273,5069
9,5072
1778,5072
36,5073
188,5073
1144,5074
3841,5074
7,5076
638,5079
51,5082
3716,5084
1165,5086
4697,5088
2,5090
370,5090
1523,5090
2158,5091
1265,5092
4299,5093
1,5094
2005,5097
69,5098
4016,5100
1753,5101
50,5102
4347,5102
4413,5102
494,5104
111,5105
276,5105
1675,5106
1187,5107
2869,5107
3912,5107
3195,5114
762,5116
13,5119
34,5119
340,5119
4339,5121
1345,5122
2561,5122
745,5124
23,5125
68,5125
782,5129
442,5131
122,5133
2073,5133
5,5134
419,5134
28,5135
2980,5137
4159,5138
772,5139
134,5140
3006,5142
181,5143
3476,5143
3760,5143
1614,5144
4226,5145
2,5146
36,5146
470,5149
4203,5150
4784,5150
2703,5151
147,5152
1614,5152
3638,5154
78,5155
537,5158
4159,5158
2760,5159
752,5160
33,5161
4473,5162
338,5164
3658,5166
814,5167
2163,5171
160,5172
3042,5172
5,5174
481,5174
366,5176
2691,5176
1466,5177
4697,5177
13,5179
2,5180
611,5180
777,5181
7,5182
4940,5184
115,5185
493,5185
40,5187
2197,5189
1,5190
190,5190
1709,5190
34,5191
347,5191
383,5192
1889,5193
493,5195
1232,5197
1043,5198
1555,5198
2826,5201
592,5202
952,5202
2679,5204
2232,5208
1329,5210
2112,5210
973,5212
2040,5215
1710,5216
4391,5218
3,5219
201,5219
3031,5219
419,5221
586,5222
1928,5222
201,5224
271,5224
1562,5224
1233,5225
2844,5225
4628,5225
1799,5226
421,5227
2575,5227
2,5228
14,5228
559,5230
112,5231
4808,5231
219,5232
396,5232
2147,5233
4394,5233
141,5234
143,5234
2844,5235
2,5236
1450,5236
4915,5236
308,5237
3308,5238
5090,5238
952,5242
531,5244
1187,5245
4872,5245
51,5246
1345,5246
3942,5246
4855,5246
46,5248
1787,5249
3448,5249
782,5250
1727,5250
3410,5250
3163,5251
361,5253
1711,5255
846,5256
3540,5256
2538,5257
225,5258
2856,5259
5032,5259
166,5260
563,5260
545,5262
2893,5262
91,5265
1217,5265
4353,5265
165,5266
248,5266
267,5267
481,5267
867,5267
4286,5267
3725,5268
4606,5270
5185,5272
1524,5275
2307,5276
3193,5276
338,5277
645,5278
2228,5278
13,5279
552,5279
3599,5279
3785,5279
212,5282
827,5282
4067,5282
640,5283
208,5285
1133,5285
9,5287
907,5287
2891,5287
1675,5288
36,5291
4027,5291
3223,5293
4352,5294
23,5296
1088,5296
1041,5297
5294,5299
2489,5302
1076,5303
3177,5303
78,5304
45,5312
128,5313
2,5318
3757,5320
173,5321
2,5322
51,5322
69,5324
3034,5324
4424,5326
134,5327
584,5327
2302,5328
3728,5329
427,5330
314,5333
3873,5334
40,5336
4501,5337
1488,5338
1634,5338
1858,5338
4573,5338
2143,5339
2714,5339
3787,5339
4320,5339
2128,5340
2420,5340
147,5342
1187,5342
1758,5343
1885,5343
950,5344
4323,5344
813,5345
222,5346
2224,5346
4350,5346
182,5349
4351,5349
3264,5350
5,5353
1182,5354
392,5355
4209,5355
5,5356
1878,5357
4343,5357
1789,5358
1650,5361
14,5362
2201,5362
2528,5363
4241,5363
2783,5365
2466,5367
1996,5368
160,5369
1521,5369
540,5370
597,5370
34,5373
762,5373
3448,5373
4793,5373
151,5374
4818,5375
360,5376
214,5377
232,5378
2243,5378
4670,5378
1997,5379
1283,5380
1143,5382
80,5383
640,5383
835,5385
4714,5390
2,5391
1692,5393
3545,5395
115,5396
3151,5397
2806,5398
4668,5400
9,5401
34,5401
269,5402
867,5402
2833,5402
3067,5403
1497,5404
474,5406
149,5407
694,5408
5016,5409
46,5411
518,5411
2236,5412
3955,5412
4656,5413
5162,5413
209,5414
579,5418
2824,5419
5016,5419
719,5420
2158,5420
2424,5420
134,5421
1176,5425
462,5426
334,5427
1878,5429
419,5430
672,5432
178,5435
1784,5435
3606,5439
1622,5440
1709,5444
1830,5444
5404,5445
2054,5446
1212,5447
348,5448
1728,5448
289,5449
2553,5449
1364,5450
1981,5450
1833,5451
3540,5451
2202,5453
1,5454
1345,5454
5334,5454
3251,5455
254,5457
2253,5457
9,5459
214,5459
267,5459
509,5460
596,5460
3259,5460
9,5461
1025,5462
4744,5464
4619,5465
71,5469
235,5469
1209,5469
182,5470
2824,5471
6,5473
126,5473
391,5473
3049,5473
965,5474
3693,5474
4091,5474
40,5479
3624,5479
2184,5480
5,5481
1880,5481
3649,5482
971,5486
1846,5486
502,5487
3303,5488
3,5489
4511,5489
5265,5489
2545,5490
109,5493
2782,5493
2093,5495
134,5496
774,5496
952,5496
4007,5496
2713,5497
4191,5497
7,5498
2,5500
67,5500
310,5502
600,5502
1274,5503
1692,5503
2569,5506
2572,5507
249,5509
1051,5509
695,5510
271,5511
437,5511
462,5515
2566,5515
1377,5516
3291,5516
494,5518
441,5519
4741,5519
254,5520
1274,5520
4074,5520
5082,5520
4343,5521
109,5522
1246,5522
256,5527
271,5527
1329,5529
760,5531
1,5532
509,5532
696,5538
1617,5540
3682,5543
3160,5545
154,5546
2315,5547
4678,5547
357,5548
380,5548
634,5551
295,5552
1042,5552
1875,5554
193,5555
546,5556
3001,5556
5279,5556
2153,5559
519,5560
3182,5560
4696,5560
5,5563
1707,5563
140,5564
596,5565
1112,5566
2090,5567
193,5571
339,5571
3,5573
1155,5573
4709,5574
5,5575
1187,5579
4306,5580
3792,5581
4030,5581
126,5582
596,5582
4269,5582
25,5583
645,5583
2893,5583
879,5584
2923,5587
3669,5591
1727,5593
4222,5595
2889,5597
2055,5599
927,5600
2812,5600
160,5601
4146,5601
32,5606
3185,5608
2889,5611
3932,5612
32,5614
1807,5614
437,5615
166,5617
733,5618
3762,5619
3654,5620
3848,5621
4601,5621
2663,5622
14,5623
1493,5623
2887,5625
4352,5625
80,5627
69,5628
1675,5628
40,5629
2751,5630
5160,5630
62,5632
615,5632
1233,5635
2220,5636
145,5637
1613,5638
4284,5638
5581,5639
2489,5640
2499,5640
2157,5641
409,5642
1675,5642
2394,5643
3872,5645
1269,5646
2806,5646
314,5647
1273,5647
2429,5647
4826,5647
2948,5649
5174,5653
4065,5655
1187,5656
235,5658
274,5658
586,5658
160,5659
241,5659
462,5659
1812,5659
3955,5659
2618,5662
3978,5663
1133,5664
2785,5665
2869,5666
4243,5666
182,5668
4286,5668
1025,5669
1226,5669
1918,5671
4183,5673
140,5674
3038,5674
122,5675
270,5675
1106,5676
1,5677
4931,5677
723,5679
2840,5679
2901,5679
462,5680
5623,5680
667,5681
5444,5682
214,5684
5166,5684
3761,5686
51,5687
3265,5688
3955,5688
34,5690
5,5691
5502,5691
1959,5692
1238,5694
1729,5694
2618,5694
13,5695
1081,5695
1187,5695
2536,5697
4162,5697
3291,5699
2154,5701
2465,5701
2012,5702
1016,5705
410,5708
545,5708
5122,5708
73,5709
980,5709
193,5711
69,5712
1112,5713
2768,5714
3731,5716
483,5717
3349,5717
867,5718
4833,5718
199,5719
4469,5719
1489,5720
1964,5722
3748,5722
4482,5722
4783,5722
59,5724
2499,5724
305,5725
3532,5725
590,5727
951,5727
137,5728
5474,5730
795,5731
4377,5731
579,5734
2393,5735
2559,5735
122,5736
97,5738
962,5738
615,5739
2275,5739
5403,5739
2234,5741
2505,5741
4990,5741
271,5743
357,5743
2625,5746
242,5748
3354,5748
5380,5748
32,5751
596,5751
5,5752
5,5753
5,5754
80,5754
872,5754
2145,5754
2615,5754
2135,5756
702,5757
592,5759
1043,5759
235,5760
276,5760
2,5761
5748,5761
5489,5763
908,5764
2470,5764
4503,5764
3927,5768
122,5769
834,5770
4383,5770
1106,5774
2812,5776
1718,5779
1754,5779
2562,5779
3655,5780
5418,5781
5642,5782
3416,5784
1005,5785
1393,5785
3446,5786
2330,5787
2394,5788
6,5789
4681,5789
1000,5790
1140,5792
1620,5792
140,5793
295,5794
2372,5794
98,5795
2307,5795
5190,5795
177,5796
2938,5797
1286,5798
147,5801
1235,5801
139,5802
1131,5802
1964,5804
273,5805
4045,5805
23,5807
4907,5808
695,5809
40,5812
287,5813
1880,5813
695,5814
331,5816
5538,5816
348,5817
2781,5817
3278,5819
357,5820
278,5822
5322,5823
537,5824
1475,5825
1537,5825
1095,5826
393,5828
739,5831
1830,5831
9,5833
801,5836
3511,5836
542,5838
2202,5838
145,5839
5780,5840
4684,5841
1005,5844
1391,5844
1648,5845
3937,5845
129,5846
2944,5846
2,5847
57,5847
234,5851
2081,5852
2536,5852
3194,5853
3221,5853
358,5856
4796,5856
184,5857
2655,5857
5067,5857
2750,5858
3572,5859
2,5860
13,5860
2341,5860
2729,5861
867,5862
23,5863
354,5863
233,5868
775,5868
9,5869
362,5869
2234,5869
2,5871
595,5872
3097,5874
1692,5877
962,5882
4093,5882
3678,5884
4258,5884
2898,5885
2345,5886
5816,5887
69,5888
436,5888
2010,5889
154,5890
1554,5891
3,5892
1175,5892
3,5894
234,5895
1880,5895
863,5896
227,5898
9,5899
3045,5899
5125,5899
5692,5899
248,5900
3,5901
1069,5902
1209,5902
2745,5902
5709,5904
2791,5906
146,5907
2011,5908
992,5909
1002,5909
3760,5910
14,5912
745,5912
2220,5912
283,5913
340,5913
437,5913
506,5913
1088,5913
2253,5913
1990,5914
3188,5914
77,5915
583,5916
1287,5916
4983,5917
1063,5918
4317,5918
5868,5918
521,5919
762,5919
4460,5919
1949,5920
4278,5921
5333,5923
748,5924
1919,5924
2302,5924
4833,5925
4477,5926
346,5927
1226,5927
3366,5927
1786,5928
1802,5930
5228,5930
5632,5930
4012,5931
301,5932
3374,5932
309,5934
3121,5934
9,5935
186,5935
140,5937
13,5938
14,5938
405,5939
1126,5939
4893,5939
3071,5940
103,5941
267,5942
346,5943
621,5943
2891,5943
874,5944
586,5945
746,5950
3266,5950
1166,5951
1608,5952
1035,5953
1082,5954
3671,5954
1251,5955
32,5956
4522,5956
1069,5958
1,5959
531,5959
5,5960
115,5960
2247,5962
5629,5962
555,5963
739,5963
1964,5963
2325,5963
51,5966
1043,5966
3080,5967
1329,5968
137,5969
3638,5969
366,5970
9,5971
23,5971
1115,5971
2248,5971
3274,5972
1418,5973
1679,5973
487,5974
138,5975
554,5975
81,5976
166,5977
220,5978
4173,5980
4556,5980
5719,5982
309,5983
1032,5984
499,5986
2345,5986
4663,5987
5918,5987
40,5988
354,5988
3386,5988
4901,5989
5107,5989
5192,5989
3540,5990
3192,5995
1,6000
3987,6000
3681,6001
134,6002
1005,6002
36,6003
4908,6003
57,6004
1961,6005
3534,6005
186,6006
1235,6006
274,6008
4172,6011
315,6014
1315,6014
3368,6014
2218,6015
612,6018
5164,6020
5627,6020
2,6021
2021,6021
2005,6022
858,6024
1043,6024
1059,6025
103,6026
49,6028
460,6032
809,6033
182,6034
2675,6034
283,6035
2569,6039
49,6040
834,6042
4019,6042
4802,6045
4832,6045
4,6046
95,6048
126,6048
2,6049
4021,6049
40,6050
4370,6050
2,6052
874,6052
1371,6053
3167,6053
4751,6055
739,6056
298,6059
2672,6060
1345,6061
4307,6062
1141,6063
4749,6063
5198,6065
13,6066
470,6066
1187,6066
4064,6069
2794,6071
6,6072
34,6072
1273,6073
563,6074
2273,6074
4317,6074
33,6075
1691,6075
5322,6075
95,6076
1187,6076
22,6078
2,6079
579,6079
2368,6080
545,6081
3540,6082
521,6085
143,6086
1993,6086
3768,6087
4895,6087
1209,6088
309,6089
391,6090
2458,6090
2499,6090
227,6091
961,6092
188,6094
80,6096
69,6097
1950,6098
1187,6099
2090,6100
2731,6100
1621,6101
5912,6106
338,6107
6086,6108
129,6110
1634,6110
5012,6110
163,6111
232,6111
2673,6111
579,6112
3221,6112
5246,6112
5600,6114
113,6115
603,6116
2924,6116
3263,6116
125,6120
288,6120
2499,6126
4746,6126
5,6127
78,6127
2378,6128
267,6131
478,6131
5882,6132
1287,6133
4173,6133
439,6134
9,6135
3851,6135
5,6140
6,6140
7,6140
2505,6140
363,6141
5608,6141
14,6142
4903,6143
2517,6146
1226,6147
1,6148
902,6148
5567,6151
2499,6152
572,6153
22,6154
2701,6154
3100,6154
4247,6154
4420,6154
295,6155
295,6160
821,6160
4744,6160
5131,6161
603,6162
23,6163
807,6163
5632,6166
563,6167
5776,6167
5413,6169
1390,6172
3031,6172
2394,6173
138,6174
5303,6174
1133,6176
4961,6177
3095,6179
212,6180
254,6181
2091,6181
1034,6184
638,6185
370,6186
491,6187
1639,6187
156,6189
503,6191
1155,6193
298,6194
4341,6194
264,6196
703,6199
3227,6199
382,6200
305,6201
874,6201
1855,6202
4569,6202
103,6204
3032,6204
4143,6204
540,6205
2938,6205
2054,6206
2443,6206
1420,6208
2302,6210
3117,6210
138,6212
5975,6215
2592,6217
550,6218
32,6219
495,6220
14,6221
115,6221
3682,6221
3,6222
3830,6222
1692,6223
382,6224
140,6225
2979,6225
1184,6226
348,6227
1098,6227
3034,6229
26,6230
595,6230
34,6231
4420,6232
2769,6233
2948,6236
1929,6237
2214,6238
276,6241
595,6241
5107,6241
5322,6241
5451,6241
208,6242
1288,6243
2840,6243
5739,6243
723,6246
212,6247
950,6250
3031,6251
5962,6251
3504,6252
1187,6253
50,6254
2458,6254
540,6255
137,6256
554,6256
1718,6256
2221,6257
32,6258
1887,6260
3808,6261
138,6262
2368,6262
1206,6263
3501,6263
6046,6263
57,6264
1248,6264
490,6269
807,6269
4697,6269
962,6270
4684,6272
67,6274
1713,6274
1387,6275
57,6276
6060,6278
2857,6282
3388,6282
5094,6285
2103,6286
604,6287
554,6289
1701,6290
69,6291
5960,6291
13,6292
267,6292
1515,6292
301,6294
2389,6294
443,6295
2652,6295
4375,6296
4664,6298
2374,6299
3,6302
6,6304
1466,6304
2440,6307
580,6308
2265,6308
50,6310
1439,6310
4076,6310
5725,6310
77,6312
820,6314
4892,6314
1213,6315
1457,6315
36,6316
180,6317
864,6317
6257,6318
1112,6319
2258,6321
5722,6322
3433,6323
3151,6326
3753,6326
4265,6327
554,6328
1497,6329
5593,6329
391,6330
615,6331
3227,6332
212,6334
2613,6334
2634,6334
268,6336
23,6337
77,6337
2,6338
542,6339
154,6342
1408,6345
2980,6345
65,6346
1455,6346
3340,6346
4750,6346
4250,6348
3745,6352
596,6353
738,6354
1049,6355
295,6356
2633,6357
3311,6358
2011,6361
370,6362
2154,6363
905,6365
4818,6365
2555,6368
314,6369
348,6369
2128,6369
3465,6370
1753,6372
3955,6372
317,6374
1998,6374
728,6375
2429,6375
3681,6375
4767,6376
14,6381
1215,6381
9,6383
6127,6387
2420,6388
9,6390
2889,6390
13,6392
212,6394
1515,6394
405,6395
4081,6395
199,6396
2257,6399
1948,6400
115,6401
2456,6402
410,6403
773,6404
232,6405
354,6405
890,6406
1432,6408
1996,6409
2923,6411
5,6412
747,6412
2377,6412
1381,6413
4786,6414
1,6416
5621,6416
1577,6418
2594,6418
3385,6418
5,6421
1493,6423
3319,6423
510,6425
2959,6427
5012,6428
5471,6428
33,6429
225,6429
951,6430
5265,6432
1919,6434
154,6435
447,6436
5656,6436
821,6438
2487,6438
637,6439
3093,6439
374,6442
425,6443
5632,6443
462,6444
1292,6445
3706,6445
4418,6445
5658,6447
13,6448
13,6449
3762,6449
2091,6451
2178,6451
638,6456
1818,6456
3840,6457
65,6459
115,6459
1345,6460
1000,6462
4032,6465
2353,6469
5072,6473
820,6474
3233,6476
2522,6478
4831,6479
1674,6480
2068,6481
23,6483
519,6483
4307,6486
644,6487
5266,6487
3638,6488
134,6489
4323,6490
23,6491
77,6491
7,6492
1493,6495
57,6496
36,6497
1162,6498
2,6499
71,6499
81,6499
4259,6499
2790,6501
4481,6501
212,6502
3193,6502
3565,6505
3385,6506
3746,6507
57,6510
2263,6510
6116,6511
2258,6512
4961,6512
5195,6512
3123,6514
5966,6514
1652,6515
366,6517
695,6519
1133,6521
1450,6521
1328,6523
1420,6523
98,6525
825,6525
720,6526
5373,6526
5826,6528
32,6530
1913,6530
540,6532
4527,6533
5150,6535
3259,6536
2298,6538
4446,6538
9,6539
4806,6540
4420,6542
5924,6542
3572,6543
2330,6544
6208,6544
140,6546
3049,6546
952,6547
3004,6548
5098,6548
442,6549
1177,6549
4244,6549
140,6550
596,6550
2857,6551
128,6552
2407,6552
1628,6553
1929,6553
696,6554
2328,6555
3664,6555
775,6556
519,6557
863,6559
36,6560
821,6562
662,6563
1049,6563
4256,6565
2302,6566
825,6567
5022,6570
383,6573
738,6576
5892,6576
74,6579
98,6579
4385,6579
4796,6579
5279,6581
49,6582
2248,6582
952,6584
1391,6585
5581,6585
495,6586
1377,6586
2,6587
87,6587
125,6588
14,6589
674,6589
209,6590
272,6590
871,6590
590,6596
2875,6596
801,6599
874,6601
1653,6601
1718,6602
723,6603
3571,6603
5287,6603
379,6604
2915,6605
4880,6606
3851,6607
13,6609
723,6609
540,6610
5,6611
267,6612
896,6612
2258,6612
59,6613
501,6615
2993,6615
1521,6617
734,6618
888,6619
1778,6619
1307,6621
4170,6621
311,6622
358,6622
858,6623
4556,6624
3080,6625
739,6628
3229,6628
3493,6628
4093,6628
1329,6629
671,6632
1610,6632
1898,6632
2301,6635
1401,6636
1879,6640
331,6641
3681,6641
3145,6642
1750,6643
2344,6647
2857,6648
2,6651
2697,6652
723,6653
1707,6653
1675,6654
2532,6654
1034,6655
3626,6655
5770,6655
148,6656
2026,6656
2147,6658
2,6660
2420,6660
2345,6661
3375,6661
199,6662
1119,6662
5956,6662
77,6663
1459,6664
3011,6667
288,6668
2499,6669
1485,6670
3723,6670
1610,6671
1945,6671
2384,6671
3084,6671
235,6672
637,6673
1613,6673
2097,6674
191,6675
577,6676
1731,6677
1432,6678
1077,6680
1467,6680
4428,6680
2911,6682
1271,6685
382,6686
413,6686
667,6686
5216,6687
488,6688
348,6692
4256,6692
1165,6694
1617,6694
103,6697
14,6699
1495,6699
125,6700
145,6700
1772,6700
182,6701
4170,6701
6088,6702
2964,6705
49,6709
69,6709
3638,6712
2637,6713
5658,6714
820,6715
519,6716
4990,6716
4880,6717
2,6719
1767,6722
5684,6722
6582,6722
2794,6723
4583,6724
143,6725
6498,6725
301,6730
57,6731
597,6733
1226,6733
3625,6733
98,6735
723,6735
4946,6735
143,6736
201,6736
4598,6737
208,6738
2769,6740
778,6741
1052,6741
5339,6743
1318,6744
334,6745
129,6746
145,6746
78,6747
1033,6748
3760,6749
1233,6750
1267,6750
2184,6752
817,6753
2653,6755
3654,6755
442,6756
3524,6756
3638,6756
5189,6756
4107,6757
2528,6759
112,6760
5902,6760
9,6761
181,6761
1495,6761
2377,6761
5759,6764
2060,6765
62,6767
1553,6767
3928,6767
3221,6769
4250,6769
2703,6771
1648,6772
2150,6772
3313,6773
4514,6777
5034,6777
166,6778
1143,6779
4076,6779
490,6782
5515,6782
147,6783
1773,6783
860,6784
2652,6787
5684,6791
57,6792
815,6794
2275,6794
14,6795
6210,6795
14,6796
3989,6797
4399,6798
98,6799
315,6799
1218,6799
4756,6799
125,6800
1,6801
57,6801
5801,6801
6147,6801
5402,6802
1648,6804
5547,6805
141,6806
1,6808
1253,6808
1566,6808
5297,6809
2441,6810
1053,6811
2243,6811
2652,6811
4799,6811
309,6813
1919,6813
34,6816
542,6816
908,6816
2918,6816
74,6821
4347,6823
605,6824
1470,6824
2220,6826
23,6827
361,6827
391,6827
1175,6827
494,6828
2007,6829
3797,6829
95,6833
1857,6833
2625,6833
2824,6834
4067,6834
966,6836
1401,6837
5079,6837
396,6838
74,6840
1391,6840
6,6842
14,6842
1729,6842
747,6843
760,6843
1770,6843
923,6844
2750,6845
3345,6845
5934,6846
2765,6847
2938,6847
1606,6848
246,6850
596,6850
4832,6853
3937,6854
1545,6859
863,6860
2091,6862
3121,6862
314,6868
370,6868
601,6868
1867,6869
2571,6869
98,6872
1714,6872
5963,6873
113,6874
5225,6874
540,6876
846,6880
4377,6883
4650,6884
3438,6885
109,6886
2206,6886
4300,6887
2097,6889
1081,6890
6671,6890
1188,6892
3629,6892
1736,6893
234,6895
1205,6895
6829,6897
95,6900
3873,6900
7,6901
1353,6901
6827,6901
9,6902
3984,6902
483,6903
3682,6903
76,6904
1648,6905
2978,6905
3078,6907
303,6909
3501,6909
6409,6909
271,6910
2971,6910
4328,6910
97,6912
5107,6914
4304,6915
1279,6917
1306,6917
4312,6917
249,6918
747,6919
777,6919
611,6920
844,6921
1716,6921
2793,6922
0,6923
2594,6923
5869,6923
766,6924
774,6926
4644,6928
5674,6928
0,6930
832,6930
160,6931
640,6931
858,6931
2499,6933
550,6934
391,6936
57,6939
88,6940
923,6940
184,6941
69,6942
282,6942
586,6942
14,6943
2806,6947
6353,6948
6511,6948
65,6950
1377,6950
2200,6950
4603,6950
4806,6953
638,6954
1033,6955
410,6956
4815,6956
1,6957
87,6958
2378,6958
2,6959
1904,6959
1755,6960
34,6962
157,6962
295,6962
5677,6962
550,6964
4352,6964
160,6968
1709,6968
2,6974
2737,6974
3229,6975
6816,6975
778,6976
5857,6977
166,6978
1854,6978
6185,6978
1015,6979
2570,6979
112,6982
2009,6982
5403,6982
1622,6984
579,6985
2112,6985
6304,6986
1597,6987
2788,6987
5794,6988
5246,6989
2714,6990
2331,6991
405,6994
5,6996
3034,6997
3997,6997
216,6998
95,7000
177,7001
5564,7001
1833,7002
3178,7002
6827,7002
360,7003
4066,7003
2090,7004
4359,7004
4931,7005
68,7006
612,7006
5,7007
13,7007
3274,7007
1470,7008
6547,7011
821,7012
1841,7012
3145,7013
3274,7013
5912,7016
50,7017
437,7018
566,7018
5375,7019
80,7020
3540,7021
747,7022
9,7023
4562,7023
908,7024
1432,7025
2806,7025
5,7027
3006,7027
785,7028
51,7029
2908,7029
115,7030
3635,7031
1112,7032
1620,7032
3093,7033
7,7036
227,7038
1608,7038
2049,7039
409,7040
334,7041
6089,7042
5266,7043
1591,7045
2,7046
433,7046
4961,7047
6735,7047
1165,7051
3151,7052
3212,7052
6353,7055
1155,7057
3222,7057
163,7059
6210,7059
5919,7060
3398,7061
563,7062
5538,7063
2,7064
154,7066
2112,7066
6262,7066
3237,7068
2938,7071
3366,7072
4398,7072
3034,7073
3136,7074
6517,7074
193,7076
6260,7077
2,7082
5,7084
3259,7087
49,7088
879,7090
5720,7091
14,7092
1047,7092
4095,7092
577,7093
1654,7093
3020,7093
176,7094
509,7094
1432,7094
1691,7094
2971,7094
1184,7096
5702,7097
5,7098
2257,7100
5989,7101
1776,7102
201,7103
890,7103
409,7106
1814,7106
947,7108
1728,7108
1,7110
181,7110
138,7111
1653,7112
2049,7113
3349,7113
6974,7114
2217,7116
1718,7117
1412,7119
3398,7119
7110,7119
2580,7120
2697,7122
537,7123
1087,7123
2229,7124
4961,7124
4645,7126
1092,7127
820,7128
4250,7129
1137,7130
481,7132
734,7134
3233,7134
6632,7136
161,7137
1493,7137
1918,7137
382,7138
6353,7138
6712,7140
3001,7141
2555,7142
98,7143
3354,7143
2621,7144
2948,7146
6276,7146
1787,7147
1849,7147
2750,7147
4043,7147
2963,7148
509,7149
462,7152
1808,7155
6323,7157
3771,7159
737,7160
7,7163
6242,7163
51,7164
7097,7164
2830,7166
325,7167
563,7167
3569,7167
149,7168
2394,7168
1836,7169
1882,7169
2922,7169
6697,7169
4860,7170
439,7171
4501,7171
766,7172
3674,7174
32,7177
2675,7181
554,7184
3416,7184
3079,7187
3881,7187
382,7188
7146,7188
145,7189
3372,7189
4344,7190
4463,7190
1913,7191
1981,7191
33,7192
2844,7192
222,7193
2466,7196
765,7198
3274,7198
5349,7198
391,7199
1051,7200
1882,7200
6744,7200
807,7201
4,7202
4814,7202
5105,7202
267,7203
6680,7205
2594,7206
1784,7209
5212,7210
95,7212
49,7214
1488,7216
3638,7216
1882,7218
391,7220
68,7222
5,7224
1032,7224
5074,7225
5931,7226
2,7227
946,7227
82,7228
162,7228
670,7228
4093,7228
1615,7229
4027,7230
419,7231
6112,7233
672,7234
2137,7234
6189,7234
4095,7235
482,7236
1744,7236
3100,7237
3757,7240
6154,7241
6890,7241
7166,7241
315,7245
745,7247
3978,7247
122,7251
2932,7254
2979,7255
2621,7256
4260,7256
5591,7256
5980,7256
115,7258
739,7258
98,7259
6042,7260
151,7263
1106,7263
3999,7266
46,7268
271,7268
255,7269
1484,7270
2221,7270
2206,7273
5373,7273
308,7276
2640,7277
5473,7277
7,7278
122,7278
1147,7279
1875,7279
7193,7281
4150,7282
6323,7283
5845,7285
7225,7287
2642,7289
78,7291
391,7291
1754,7293
4010,7293
2259,7294
3997,7295
6448,7298
80,7299
4181,7300
1345,7301
7,7302
935,7302
2714,7302
3868,7302
7263,7302
434,7304
1424,7304
2202,7308
3221,7309
2834,7310
3080,7310
186,7311
5872,7311
2991,7312
3433,7312
1062,7317
5817,7317
149,7318
3106,7318
5543,7318
1217,7319
2401,7320
6615,7323
373,7324
890,7324
1005,7325
4934,7325
411,7327
4581,7327
1524,7328
3731,7329
1997,7332
3831,7332
190,7334
4668,7335
2136,7336
4188,7336
1185,7338
1669,7338
951,7339
348,7342
34,7344
1488,7344
4522,7344
481,7345
1318,7345
3368,7345
801,7346
32,7347
3537,7347
2182,7348
14,7349
46,7349
2026,7350
6829,7351
7029,7352
2282,7353
5971,7354
4714,7355
357,7356
358,7358
3449,7358
32,7362
1147,7362
3297,7362
117,7363
6181,7363
33,7364
235,7365
6779,7365
2653,7366
3964,7368
2128,7369
3303,7369
2407,7370
5563,7370
412,7371
267,7372
5582,7374
2153,7375
7200,7375
4217,7377
347,7380
491,7385
1302,7385
199,7387
34,7388
3626,7389
6115,7389
2166,7390
596,7394
57,7395
1475,7395
2237,7396
1275,7399
1049,7401
13,7404
3211,7407
6034,7407
1909,7408
2307,7409
596,7410
2394,7410
5960,7411
4806,7414
596,7417
470,7418
6615,7420
4321,7421
1382,7422
5919,7422
1053,7425
51,7426
2011,7428
2580,7428
3706,7428
1495,7429
4855,7429
5601,7429
6416,7429
5977,7430
7334,7430
7038,7431
13,7432
2066,7432
3664,7432
4696,7432
368,7433
1649,7433
2236,7433
51,7434
40,7437
4096,7437
5940,7438
137,7441
5,7442
45,7442
1211,7442
362,7443
667,7443
3804,7444
2394,7446
545,7447
6909,7448
289,7449
4456,7449
766,7450
2158,7451
3044,7451
3078,7452
3201,7452
73,7453
835,7455
1196,7455
5369,7455
4927,7456
77,7458
7230,7458
4045,7459
4527,7459
6511,7462
14,7463
1457,7465
1857,7465
3,7466
2128,7466
1467,7467
1484,7468
3193,7468
26,7469
7410,7470
5963,7471
2833,7472
317,7473
6662,7475
1323,7477
1508,7477
2344,7477
946,7478
3416,7478
719,7480
835,7481
26,7482
78,7482
2319,7482
50,7484
408,7484
537,7485
2161,7485
77,7486
434,7486
5,7489
2505,7490
4375,7490
125,7491
615,7492
2467,7496
7167,7496
3860,7498
5814,7498
1306,7501
3638,7502
1133,7503
3915,7503
1608,7505
2401,7505
4010,7511
1993,7512
181,7514
1679,7515
3448,7515
772,7518
1212,7521
3433,7521
7282,7522
638,7524
4993,7524
3011,7525
3140,7525
664,7526
2009,7526
4172,7526
6262,7530
494,7531
2822,7532
4831,7532
7268,7532
3416,7533
464,7536
905,7536
702,7538
1576,7540
1808,7541
348,7542
907,7542
4100,7542
5363,7542
1855,7543
4424,7543
1306,7544
3569,7544
1674,7545
1940,7545
521,7547
2,7548
577,7551
809,7551
481,7552
4259,7552
739,7556
928,7556
674,7559
310,7561
462,7563
88,7566
881,7566
9,7567
233,7567
1034,7568
4685,7568
5374,7568
3577,7569
4841,7569
1834,7571
6295,7571
1525,7572
1885,7573
5560,7573
1641,7577
2108,7578
6147,7579
6565,7579
7532,7582
746,7583
5731,7583
6579,7583
1471,7584
7094,7584
952,7586
2190,7587
1367,7593
4252,7596
3001,7600
6075,7600
412,7601
5349,7601
6755,7601
7503,7602
39,7603
1104,7603
4034,7603
4232,7604
2,7605
3638,7605
519,7606
719,7606
3448,7606
1792,7607
7408,7608
36,7609
3350,7609
554,7610
3221,7610
382,7611
4642,7611
580,7612
584,7612
1322,7612
6,7613
209,7613
555,7614
454,7616
745,7616
6135,7616
1497,7617
4451,7617
380,7620
413,7621
1539,7623
4826,7624
6172,7624
6804,7624
543,7625
1226,7625
3913,7625
3357,7626
7456,7626
5503,7627
1944,7629
3399,7630
3448,7631
6,7632
1007,7632
3022,7632
317,7633
1709,7633
3080,7633
3596,7633
3368,7635
1155,7636
2858,7636
5780,7636
3447,7637
7408,7637
743,7638
863,7638
263,7640
772,7641
6554,7641
503,7642
968,7642
1099,7642
295,7643
3664,7643
2117,7645
2157,7645
6040,7647
1287,7648
495,7649
7455,7655
23,7657
1763,7657
995,7660
3291,7662
531,7663
1617,7666
770,7667
6928,7667
5411,7668
2504,7669
1496,7673
841,7676
288,7678
555,7679
777,7680
909,7681
1,7684
1554,7685
1628,7685
212,7688
51,7689
2890,7689
962,7690
6544,7690
7323,7690
214,7692
1043,7693
1745,7693
2913,7693
1063,7694
1087,7694
671,7699
7032,7702
387,7703
2202,7704
5,7706
14,7706
662,7706
1799,7706
6617,7706
0,7707
4619,7707
6874,7707
421,7711
4876,7711
7002,7711
3658,7713
6827,7713
5,7714
4701,7718
2436,7720
115,7721
2652,7721
2,7722
3067,7722
6369,7724
22,7725
3319,7727
1233,7728
209,7733
872,7733
2826,7733
7704,7735
14,7736
45,7736
2879,7736
4011,7736
5943,7736
2719,7737
711,7739
36,7741
1082,7741
2738,7741
7202,7741
5797,7744
354,7745
462,7745
3635,7746
166,7747
546,7747
537,7748
2198,7749
4653,7749
2017,7750
2381,7750
3564,7750
1701,7751
3587,7753
739,7756
1056,7756
7289,7758
2632,7759
2763,7759
1695,7762
4010,7762
7666,7762
2002,7764
6353,7765
14,7766
2993,7768
752,7769
1663,7769
6850,7770
331,7771
2369,7772
1782,7773
1594,7775
1557,7776
4317,7777
7679,7777
7,7781
4266,7781
4494,7783
186,7784
4323,7784
3263,7785
4658,7785
23,7786
2262,7786
154,7787
2479,7787
7455,7787
4320,7788
1811,7789
2226,7790
7245,7790
277,7791
433,7791
1198,7791
2965,7791
3017,7791
6647,7793
3578,7794
637,7795
1251,7795
782,7798
211,7800
254,7800
1409,7800
3,7801
2265,7803
3861,7804
51,7808
95,7808
51,7809
7438,7809
3185,7810
49,7812
825,7812
745,7813
214,7818
1143,7818
233,7819
736,7819
5680,7819
5444,7820
2394,7822
199,7824
3634,7824
3354,7827
447,7830
4098,7830
4841,7831
6809,7832
494,7833
1092,7833
23,7834
907,7835
6218,7836
2017,7838
3995,7838
125,7840
3977,7841
6451,7842
481,7845
1608,7845
2976,7847
374,7851
6501,7852
6189,7853
739,7854
810,7856
667,7857
7759,7857
461,7859
3871,7859
6451,7860
176,7861
191,7862
5860,7862
7198,7862
5090,7863
3949,7864
2097,7865
821,7866
430,7867
2991,7869
4223,7871
431,7872
5859,7872
130,7873
1820,7873
3877,7873
1234,7875
1812,7878
5813,7879
1034,7882
617,7883
1093,7883
1005,7884
550,7885
871,7885
2532,7885
2257,7886
5874,7886
1177,7888
1222,7899
5,7900
1,7901
382,7902
2542,7903
74,7907
723,7907
5338,7908
1652,7909
2232,7909
199,7911
2806,7911
4527,7912
2206,7913
1675,7914
4527,7914
3995,7915
208,7918
1521,7918
3840,7918
6040,7918
1496,7919
5,7920
423,7923
1964,7923
3748,7924
2298,7927
4300,7927
4307,7928
662,7929
6076,7929
162,7931
533,7931
6,7933
3359,7933
74,7934
5531,7935
1938,7936
248,7937
2889,7938
102,7939
1120,7939
271,7942
1002,7942
935,7943
2672,7943
3851,7946
7114,7947
700,7951
1002,7951
1854,7951
3477,7954
5266,7954
9,7955
166,7955
4527,7955
476,7957
26,7958
3003,7959
821,7961
587,7962
7625,7962
667,7963
3271,7963
2846,7967
6116,7967
5425,7969
340,7970
1314,7971
1418,7972
1772,7972
1,7974
4527,7975
4601,7975
4718,7978
4514,7979
23,7980
40,7980
1033,7980
2774,7980
2200,7982
5722,7983
6045,7983
6585,7983
199,7984
13,7985
3669,7985
51,7986
443,7986
7036,7986
7458,7988
2821,7991
13,7992
1186,7992
5899,7992
6674,7992
5367,7995
5695,7995
7503,7995
4343,7996
1037,7998
4793,8000
77,8001
3279,8001
3995,8002
996,8003
7636,8003
5658,8004
125,8005
183,8007
2938,8009
3549,8011
6492,8011
7302,8012
140,8014
2243,8015
2852,8015
1818,8017
353,8018
1049,8018
68,8019
191,8019
331,8019
2158,8019
7583,8019
57,8021
313,8022
613,8022
2342,8025
4629,8026
7256,8027
91,8029
746,8029
3638,8029
4428,8033
90,8036
2359,8036
7610,8036
1763,8042
4624,8042
3997,8044
5892,8044
3004,8045
4703,8045
4357,8046
4170,8049
5888,8051
3727,8052
7369,8053
7193,8054
1743,8056
4484,8056
4998,8057
2176,8058
29,8060
747,8062
1176,8062
1112,8063
5105,8063
303,8064
311,8066
7193,8066
32,8070
80,8071
4514,8072
2319,8074
4850,8075
117,8076
2709,8076
907,8079
1981,8079
5619,8081
358,8082
1081,8082
3034,8083
4796,8083
1085,8084
2948,8084
3880,8088
137,8089
3092,8089
1381,8090
225,8091
392,8093
7317,8094
342,8097
141,8098
1799,8098
7200,8100
577,8101
916,8102
3785,8102
782,8104
7979,8106
5914,8108
1636,8109
4070,8109
1688,8111
5681,8111
1175,8113
6294,8113
2566,8114
2985,8115
0,8116
1712,8119
13,8120
5556,8121
78,8122
5135,8122
7076,8122
6034,8124
309,8125
140,8128
149,8128
7130,8129
410,8130
2428,8130
138,8133
4203,8134
2017,8135
36,8136
739,8137
7114,8139
7578,8139
5303,8140
1032,8142
1115,8142
4783,8142
214,8144
1,8145
493,8145
1555,8145
2983,8145
6230,8145
6798,8145
2696,8146
95,8147
22,8148
134,8148
638,8150
5219,8151
29,8152
291,8153
4739,8153
7777,8153
125,8155
835,8155
4036,8155
5919,8155
412,8157
737,8157
2812,8157
6361,8157
745,8160
1257,8160
2345,8162
57,8163
6873,8163
0,8165
907,8165
2791,8165
4894,8165
2005,8166
6167,8167
4753,8168
40,8170
1948,8170
6163,8172
14,8173
951,8174
4827,8174
364,8175
601,8175
5764,8175
5966,8175
7971,8175
3747,8177
1617,8178
13,8179
2079,8179
4691,8179
97,8181
191,8181
984,8186
166,8187
3,8188
7983,8188
638,8190
695,8193
32,8195
2,8197
4179,8198
6020,8198
2929,8201
723,8202
2217,8202
1032,8203
6801,8203
6873,8203
2348,8204
3049,8205
4010,8205
7302,8205
326,8208
5191,8208
8170,8208
508,8209
5061,8210
1,8211
9,8211
4027,8211
1743,8212
4573,8212
348,8214
926,8214
746,8215
4156,8215
3313,8216
1786,8217
4716,8217
14,8219
1849,8219
6,8220
4436,8220
32,8221
1128,8221
3569,8222
7227,8222
5918,8224
1082,8226
7741,8226
2621,8228
5,8229
3752,8229
5792,8229
5988,8229
2,8231
2621,8232
824,8235
69,8237
596,8237
850,8237
966,8237
7013,8237
921,8238
4298,8238
4552,8240
308,8241
4225,8241
3504,8243
1787,8244
766,8246
211,8247
6848,8247
1,8249
112,8249
1614,8249
271,8250
374,8250
6962,8250
4095,8252
103,8256
5222,8256
5599,8257
794,8258
1675,8258
2272,8259
2380,8259
7,8260
5193,8260
348,8262
596,8262
2219,8262
7170,8262
4306,8265
5792,8267
3121,8269
4518,8270
5277,8271
59,8272
334,8272
36,8275
2843,8275
5583,8275
615,8277
2768,8277
3857,8279
5090,8281
6076,8281
2804,8282
3733,8283
6024,8285
6260,8286
5600,8288
5297,8289
2,8290
860,8290
952,8290
3543,8290
3978,8290
4252,8290
254,8291
3880,8291
2625,8295
2532,8296
1092,8297
746,8298
267,8299
2423,8300
4718,8300
8153,8302
4030,8303
2257,8304
3202,8305
1923,8307
4357,8308
134,8309
23,8310
1049,8310
2337,8310
3608,8310
3596,8311
4586,8315
1838,8318
5935,8318
7370,8318
115,8319
148,8319
2783,8319
3493,8319
6903,8319
2890,8320
3942,8320
5262,8320
7512,8320
138,8322
552,8322
5915,8322
2857,8323
5,8324
112,8325
3308,8326
112,8328
5899,8329
1564,8330
8322,8330
6034,8331
601,8332
2499,8332
1144,8334
6549,8334
4396,8335
4446,8336
2480,8339
138,8340
3182,8341
882,8342
279,8343
1178,8343
1194,8346
8157,8346
7617,8347
1614,8348
5914,8349
6383,8349
5303,8352
872,8358
1461,8360
719,8361
1411,8361
404,8362
1820,8362
6082,8364
8166,8365
3394,8367
23,8369
109,8371
2685,8371
4062,8372
1,8373
392,8375
3753,8375
1787,8377
4907,8377
5403,8377
103,8378
1240,8378
1675,8378
3447,8378
7224,8379
1443,8384
4150,8384
1614,8386
1980,8386
7832,8387
3,8388
2918,8388
7247,8388
747,8389
3525,8390
6701,8390
2232,8391
2663,8391
2908,8391
448,8392
7188,8392
3707,8394
434,8395
1531,8395
615,8396
2081,8396
1740,8397
1857,8398
7363,8398
949,8399
2,8400
1543,8401
2487,8401
8145,8404
6264,8407
5296,8408
368,8409
419,8410
1032,8410
4360,8411
1949,8412
579,8416
9,8419
4174,8423
596,8425
4959,8425
3609,8426
3782,8429
4556,8430
7,8432
2938,8433
427,8435
817,8436
7438,8436
2211,8437
186,8438
7,8440
1063,8441
720,8442
1286,8442
2465,8445
9,8446
1977,8446
1035,8447
3601,8447
7812,8447
4066,8449
5185,8450
1,8452
2368,8454
7385,8454
73,8457
156,8458
14,8460
5279,8465
22,8466
4606,8469
6025,8470
2499,8471
3658,8471
2147,8473
1115,8475
366,8476
4644,8476
404,8477
2729,8477
5547,8477
1143,8480
820,8483
1170,8483
748,8484
5847,8485
298,8487
3197,8487
98,8488
3761,8489
5208,8489
6519,8490
34,8491
357,8491
7298,8491
7766,8491
2768,8495
261,8500
1128,8500
49,8501
276,8503
6460,8505
8224,8505
3666,8507
8473,8509
2042,8510
494,8511
303,8512
326,8513
128,8514
3297,8515
36,8518
69,8520
3886,8522
621,8526
3504,8526
4617,8528
4648,8530
29,8531
1377,8531
13,8535
367,8535
4831,8536
5056,8536
1257,8537
5986,8538
2809,8540
874,8541
4256,8541
3215,8542
2012,8544
2890,8546
4841,8547
2456,8548
537,8550
4586,8550
7544,8550
3750,8551
2062,8555
2559,8555
366,8556
436,8556
4227,8561
3535,8566
7002,8566
493,8567
2330,8567
3321,8569
2938,8570
2723,8571
2090,8572
3748,8572
1165,8573
5502,8574
143,8575
940,8575
6740,8575
6848,8578
4787,8581
4006,8582
7787,8583
303,8584
4174,8584
6251,8585
1382,8586
3360,8588
872,8589
80,8590
172,8591
7220,8591
1190,8592
1645,8595
3997,8595
200,8596
1669,8597
2750,8600
683,8601
2858,8602
5547,8602
7094,8602
1,8603
4187,8603
634,8604
6369,8604
6804,8605
346,8608
2048,8609
6990,8609
2542,8610
4572,8610
8151,8610
4196,8614
8541,8618
615,8619
2652,8619
7931,8620
695,8624
1484,8625
1772,8626
2236,8626
3416,8628
4227,8633
5238,8635
921,8636
3131,8636
5246,8636
5966,8637
1112,8639
7327,8640
2991,8641
2783,8643
5297,8643
7113,8643
7169,8643
1,8644
7923,8644
315,8645
82,8646
2977,8646
586,8647
3999,8648
6603,8648
363,8649
1631,8651
1634,8651
1291,8653
7873,8653
2060,8654
3761,8655
5538,8655
32,8656
2482,8656
1,8657
733,8660
1055,8661
2856,8664
2991,8665
7347,8665
7680,8666
1032,8669
1932,8670
4907,8670
103,8673
506,8674
919,8675
6846,8675
8208,8675
5913,8678
1756,8680
2709,8681
2488,8682
2658,8682
8322,8682
896,8685
5340,8685
3757,8688
5730,8688
7201,8688
360,8689
1428,8690
3728,8690
6069,8692
331,8693
4740,8693
1898,8694
6368,8694
122,8696
2,8697
1878,8698
4299,8699
69,8700
5471,8700
1653,8701
3053,8703
5373,8704
5556,8705
2592,8706
695,8709
3311,8709
8637,8709
3276,8710
3,8711
4893,8711
186,8712
3059,8712
7451,8713
3165,8715
40,8716
353,8716
7869,8716
8620,8716
3626,8719
4204,8719
462,8720
746,8721
2027,8721
3760,8721
1566,8722
6682,8722
1348,8723
101,8724
494,8724
1177,8726
4198,8726
8219,8726
2482,8727
3121,8727
3098,8729
3416,8730
271,8732
4638,8732
5927,8734
335,8735
14,8738
1032,8738
122,8739
267,8739
4287,8739
7380,8740
2,8741
2930,8742
508,8743
2369,8744
5343,8745
7018,8746
393,8747
1466,8749
4523,8750
276,8751
5,8752
143,8752
2728,8753
1743,8754
3678,8754
4226,8758
392,8759
3274,8759
6887,8761
4027,8762
6582,8762
4027,8763
4893,8763
1232,8764
4278,8766
220,8767
363,8767
1752,8768
5900,8768
2048,8769
6011,8769
51,8770
4907,8770
1253,8772
1818,8772
1187,8773
2713,8776
40,8777
315,8777
2540,8777
8229,8777
695,8780
7224,8781
40,8783
5516,8783
278,8786
431,8786
4178,8786
32,8788
8477,8788
4057,8789
50,8790
112,8790
3880,8790
2,8792
4385,8793
3959,8796
49,8797
5279,8797
6478,8797
4456,8798
3935,8799
370,8800
4798,8800
8644,8800
502,8802
7203,8802
1025,8804
309,8805
996,8807
2429,8807
3531,8809
598,8811
69,8816
605,8817
5161,8817
125,8820
1841,8821
51,8822
1648,8822
2200,8822
32,8824
559,8824
8697,8824
3753,8825
3370,8827
1929,8829
3819,8829
8483,8829
7,8830
7544,8830
4596,8831
23,8832
1233,8833
3693,8833
1948,8837
8489,8837
1261,8840
5647,8840
295,8842
4648,8842
383,8844
7706,8844
260,8846
335,8846
1418,8846
8664,8848
1445,8849
6872,8851
2856,8853
2308,8854
125,8856
2220,8857
3391,8857
3543,8859
3173,8860
6517,8860
6567,8860
26,8861
766,8861
57,8866
1060,8867
1195,8867
2473,8867
2804,8868
3752,8869
3977,8869
50,8870
1767,8870
7338,8870
223,8872
674,8872
8844,8872
1962,8873
1767,8875
4412,8875
5845,8875
3429,8876
4524,8877
3093,8878
3840,8883
6187,8883
425,8885
4098,8885
4841,8885
5,8886
537,8886
2636,8886
3835,8887
1915,8889
14,8893
1006,8893
1066,8894
2021,8894
1918,8895
4289,8896
2991,8898
680,8899
5246,8902
6018,8902
6756,8902
7749,8903
2117,8904
2824,8904
4057,8905
2554,8908
7018,8910
303,8911
1043,8911
1013,8912
1133,8912
579,8913
1367,8913
1619,8913
303,8914
2135,8914
537,8915
1187,8915
1002,8916
4481,8916
1613,8918
1648,8918
4089,8920
5067,8920
519,8921
4,8922
8837,8922
587,8923
8229,8923
6055,8924
9,8925
501,8926
1252,8928
4601,8933
81,8934
32,8935
1055,8935
5260,8935
3705,8936
1212,8937
3555,8938
855,8939
1306,8941
1432,8941
3123,8941
200,8943
2659,8943
3201,8944
2144,8945
4645,8948
81,8949
51,8952
605,8953
2135,8955
14,8956
5137,8956
276,8959
950,8960
5190,8960
519,8961
1743,8963
1879,8970
7617,8970
745,8972
868,8972
5950,8972
7302,8972
1675,8973
5084,8973
7236,8974
8844,8974
2,8979
2783,8979
1849,8980
13,8981
315,8981
2824,8983
8378,8987
40,8988
357,8989
437,8989
2737,8989
8011,8990
1133,8991
8572,8991
4770,8992
6948,8995
1743,8998
2135,8998
3999,8998
5375,8998
205,8999
674,8999
7751,8999
3995,9000
5989,9000
3079,9001
2191,9002
5180,9004
785,9005
1501,9005
1420,9006
409,9007
9,9008
746,9009
2703,9010
14,9012
642,9013
772,9013
4895,9014
6319,9014
7957,9016
338,9017
346,9019
2224,9019
51,9021
745,9021
2708,9024
4057,9024
7616,9024
3,9026
4064,9026
34,9028
254,9028
4559,9030
1787,9031
1021,9032
6321,9032
5439,9034
624,9035
1039,9035
7680,9036
7820,9036
7093,9037
1015,9038
5236,9038
477,9039
1213,9039
2532,9039
7193,9042
1067,9044
408,9047
8362,9051
766,9052
6348,9052
340,9053
13,9055
1066,9056
57,9057
271,9057
503,9059
8571,9059
8821,9060
4247,9061
1,9064
112,9065
605,9066
1527,9067
1833,9068
4402,9068
5869,9072
638,9073
2239,9073
4744,9073
109,9074
3977,9074
4442,9075
734,9076
137,9078
6079,9079
373,9081
1996,9084
254,9085
358,9085
1119,9085
3540,9087
521,9088
6617,9092
140,9094
4339,9095
7031,9095
7093,9095
464,9096
3269,9096
360,9097
670,9097
6260,9099
233,9100
3,9101
502,9103
2,9104
147,9104
1257,9104
1921,9105
5411,9108
5932,9110
6241,9111
362,9112
597,9112
8999,9114
1441,9115
1455,9116
6662,9117
235,9119
7038,9120
481,9121
596,9122
733,9122
1977,9122
7933,9125
1,9126
193,9126
902,9127
7103,9127
326,9128
1675,9128
2449,9128
1878,9131
34,9132
160,9133
3843,9133
6498,9133
366,9134
683,9134
7263,9134
2372,9135
1508,9136
13,9137
6208,9137
481,9140
980,9140
5924,9140
563,9141
126,9143
2959,9143
521,9144
4968,9144
3067,9145
9128,9145
374,9147
2983,9147
4188,9147
2208,9148
2945,9150
2420,9152
3852,9152
850,9153
6308,9153
368,9154
644,9154
6274,9155
4386,9156
57,9158
696,9160
234,9161
2997,9163
3228,9165
4010,9165
2,9167
9,9167
2932,9172
1432,9174
1497,9176
3984,9176
122,9177
8937,9178
1286,9180
2653,9181
1049,9182
629,9183
1600,9185
2043,9185
7955,9185
1484,9186
6258,9186
6604,9187
5373,9188
3658,9189
2790,9191
1489,9192
23,9194
33,9195
3370,9195
8664,9195
1288,9196
1303,9199
5913,9200
752,9201
7187,9201
2318,9204
82,9205
707,9206
3654,9206
3987,9206
645,9207
9132,9207
3,9208
4601,9208
6082,9208
5971,9209
1610,9210
4428,9211
325,9215
1155,9215
3173,9215
331,9217
5554,9217
82,9218
1173,9218
3819,9218
4442,9219
4298,9221
765,9223
7680,9224
7,9225
1945,9226
6873,9227
166,9228
7954,9229
5940,9231
2313,9232
4144,9233
9140,9234
5,9236
111,9237
979,9237
5913,9237
2505,9238
1002,9240
7455,9240
996,9241
2625,9242
4391,9242
2980,9243
8591,9245
640,9246
2,9249
7451,9249
1186,9250
3664,9250
1002,9251
1371,9251
8591,9251
810,9254
360,9256
4454,9256
2307,9262
711,9263
88,9264
74,9265
1755,9266
7169,9266
2060,9269
6327,9269
1219,9270
2267,9270
2714,9271
2708,9272
1255,9273
1432,9275
745,9276
117,9277
9269,9277
760,9278
22,9280
267,9281
4023,9281
981,9282
3808,9282
3055,9284
9250,9285
1170,9287
1369,9288
5349,9288
1613,9290
6015,9290
7569,9290
7918,9290
611,9292
2042,9292
3690,9292
6489,9294
6912,9295
9112,9296
1041,9297
6722,9300
1,9301
276,9301
2918,9301
6399,9301
611,9302
7566,9302
276,9303
193,9305
1371,9305
6530,9306
9,9308
81,9308
6353,9308
425,9309
935,9309
2136,9310
82,9311
1069,9311
181,9313
499,9316
1663,9318
2818,9319
6451,9319
3385,9320
2377,9321
2,9323
3416,9323
2648,9324
8597,9324
8915,9326
1701,9327
2108,9328
2918,9329
1820,9330
188,9331
4591,9331
13,9333
1601,9333
5686,9333
6000,9336
1923,9337
13,9338
3227,9338
182,9339
7992,9341
14,9342
8913,9342
1488,9344
1485,9346
6582,9346
6438,9348
7998,9348
2,9349
57,9349
99,9349
154,9349
191,9349
9211,9349
209,9350
392,9350
7342,9350
193,9351
3848,9352
1792,9353
4252,9354
903,9355
4556,9356
4383,9358
427,9359
523,9359
1839,9359
2731,9359
7018,9360
57,9361
283,9361
500,9361
987,9361
7432,9362
7979,9362
1531,9363
2655,9363
338,9365
5918,9368
1521,9370
331,9371
1104,9371
3768,9371
2459,9373
2229,9375
1652,9376
2156,9377
9095,9377
141,9378
568,9378
2250,9378
2982,9378
2147,9379
6022,9380
166,9381
8064,9382
6394,9385
40,9386
7113,9386
6260,9388
1649,9389
7587,9390
5259,9392
6773,9393
3233,9394
8170,9395
637,9397
9016,9397
1692,9399
2562,9401
1957,9402
4105,9402
4377,9402
2231,9403
2307,9404
820,9406
271,9408
8859,9408
1855,9409
2655,9409
3080,9409
3362,9409
271,9410
1005,9411
8281,9411
872,9413
1849,9413
1648,9414
5375,9414
3291,9415
2,9416
2671,9417
1949,9419
166,9421
5,9422
114,9422
685,9422
3,9423
2532,9426
5487,9429
7642,9430
3652,9431
2594,9434
2777,9435
4642,9435
222,9436
874,9436
2156,9438
305,9439
491,9439
1217,9439
1628,9439
517,9440
1441,9443
6487,9443
2731,9444
8998,9444
49,9446
3535,9446
45,9447
254,9448
348,9448
234,9451
858,9452
1904,9456
4739,9458
3771,9459
2013,9460
2554,9461
2864,9461
4529,9462
674,9463
348,9464
4098,9465
773,9466
3624,9467
6120,9467
6808,9467
368,9468
13,9469
140,9469
5632,9472
4513,9474
2426,9475
605,9477
2652,9477
14,9479
40,9479
2812,9480
3524,9482
8700,9482
4678,9484
2943,9485
6282,9487
6960,9487
6448,9488
5932,9491
122,9492
1753,9492
746,9493
1508,9493
7967,9494
7478,9495
5346,9496
983,9498
4016,9498
3073,9499
928,9500
2807,9501
1382,9502
6418,9502
858,9504
2158,9504
5971,9504
1377,9505
6565,9505
1132,9506
1,9508
34,9509
490,9510
3097,9510
3187,9510
4360,9511
4396,9511
5913,9511
13,9512
7789,9514
2150,9516
4629,9516
9161,9516
6069,9519
5,9520
1187,9520
1348,9520
122,9521
186,9521
7631,9521
276,9522
519,9525
695,9528
1639,9529
6312,9529
92,9530
9403,9530
5378,9531
1059,9533
2920,9536
7029,9537
46,9539
141,9539
874,9539
1187,9539
7302,9539
9493,9539
14,9540
233,9540
645,9542
2302,9542
14,9543
50,9543
563,9543
9161,9543
8142,9545
277,9546
1418,9546
4882,9546
5925,9546
126,9547
309,9547
3531,9547
8604,9548
2203,9549
138,9552
4305,9552
630,9554
1928,9554
5184,9554
62,9556
214,9556
111,9557
1082,9557
555,9558
2307,9558
6760,9558
5802,9559
409,9560
638,9560
1381,9561
46,9562
5,9563
6241,9564
3766,9565
4081,9565
1557,9567
2337,9567
4894,9568
695,9570
77,9572
137,9577
1329,9577
6975,9577
3722,9578
2814,9579
77,9580
6459,9581
4217,9582
771,9586
5797,9586
550,9588
1176,9588
2915,9588
519,9589
637,9590
900,9590
7,9592
219,9592
2793,9592
6264,9592
199,9595
2307,9595
5014,9595
437,9596
1791,9598
9180,9598
160,9601
4064,9601
1206,9604
7,9605
7308,9605
9242,9605
4842,9607
9269,9607
1470,9608
1849,9608
6964,9608
8541,9611
1231,9613
46,9616
141,9616
154,9617
370,9618
92,9621
2246,9623
7,9624
1155,9627
1792,9627
472,9628
9558,9628
1042,9629
772,9630
1298,9632
616,9634
2642,9634
8130,9634
1,9636
4368,9636
2229,9638
13,9640
2840,9640
1132,9644
2005,9645
353,9646
1969,9649
1606,9650
6813,9650
3151,9651
6230,9651
2097,9652
7437,9652
1,9653
1391,9653
2307,9655
2828,9655
186,9656
2202,9656
5107,9656
6,9657
2989,9657
3935,9657
497,9659
166,9663
331,9664
1485,9667
2625,9669
354,9670
5805,9671
8935,9671
9430,9671
555,9673
8637,9673
3959,9674
3963,9681
6425,9681
23,9682
483,9684
134,9685
6295,9687
4226,9690
125,9691
6456,9692
674,9693
533,9694
320,9697
1273,9697
1691,9697
0,9698
1002,9698
2117,9698
7169,9698
73,9699
9,9700
141,9701
1460,9702
867,9703
6295,9703
1485,9704
6556,9704
1645,9705
2090,9705
4089,9705
6408,9705
9278,9705
348,9706
738,9707
303,9708
2,9709
4299,9710
8916,9711
5333,9712
736,9713
760,9714
1443,9714
7748,9714
2621,9715
9349,9715
3525,9716
7818,9716
5,9717
8802,9719
1257,9720
331,9722
1753,9722
4383,9722
810,9723
6745,9723
2723,9725
7268,9725
6771,9726
419,9727
441,9730
1487,9730
596,9731
2466,9731
2763,9731
1957,9734
2048,9734
3279,9734
912,9735
1007,9735
2580,9735
533,9736
773,9737
2425,9737
9697,9737
2765,9738
4306,9738
7375,9740
428,9741
5470,9742
9738,9743
34,9744
1155,9744
1639,9744
2754,9745
271,9746
2517,9747
6289,9747
165,9748
6074,9748
2087,9749
7939,9749
7169,9752
1679,9753
3226,9753
997,9755
1736,9757
2135,9761
4030,9761
5817,9761
1104,9766
1432,9767
1443,9768
2499,9768
9128,9768
6491,9769
8898,9769
57,9771
5411,9771
2091,9772
7325,9773
7642,9773
2826,9774
8610,9775
8935,9775
9085,9775
9186,9775
1,9776
595,9776
343,9778
5339,9778
1155,9779
1949,9780
6982,9781
8979,9782
523,9784
1212,9784
5106,9784
13,9787
1755,9787
9095,9788
638,9789
5,9790
5820,9790
9511,9791
766,9792
7311,9792
1133,9793
1961,9793
7766,9795
3071,9796
6161,9796
199,9797
2169,9798
8876,9798
3407,9799
2,9802
14,9802
5963,9802
9132,9802
1042,9803
7902,9804
8480,9805
191,9807
8121,9808
5647,9809
5717,9810
36,9812
1423,9813
4799,9814
6189,9814
867,9816
908,9816
1273,9816
2489,9817
1175,9818
9305,9818
8002,9819
7463,9820
7134,9821
5918,9822
7991,9823
2206,9824
8904,9824
9738,9824
134,9825
34,9830
2544,9830
5968,9830
1424,9831
2353,9832
7,9833
8042,9835
309,9836
664,9837
4091,9837
25,9838
458,9838
3160,9838
1841,9839
6842,9839
9436,9840
2930,9841
1133,9842
1307,9844
2304,9844
8454,9844
2032,9846
9440,9846
2021,9847
1909,9850
483,9851
1792,9853
225,9855
496,9855
295,9856
640,9856
2625,9858
2908,9858
3731,9858
5538,9859
2135,9861
6744,9861
6395,9862
186,9865
4658,9865
2821,9866
51,9868
69,9871
940,9871
5032,9871
9180,9872
242,9873
1185,9874
5902,9874
7624,9874
9137,9874
4010,9875
3728,9876
8392,9876
645,9877
948,9878
3638,9878
331,9879
380,9879
1899,9881
8518,9881
112,9882
1,9883
139,9883
3996,9885
4614,9886
7886,9887
8014,9887
2372,9888
2765,9889
3397,9890
569,9891
1329,9891
2181,9894
6429,9895
227,9896
680,9896
6154,9900
111,9901
374,9902
13,9903
909,9904
8824,9904
540,9905
922,9905
940,9905
2788,9906
98,9908
8319,9908
13,9909
8220,9909
8721,9909
519,9912
498,9914
7066,9916
774,9918
1921,9919
357,9920
2125,9920
1002,9921
1521,9921
2450,9922
4089,9922
5473,9922
273,9923
125,9924
7525,9924
841,9925
271,9926
1663,9927
1834,9927
2653,9927
5,9928
4163,9928
5262,9929
77,9931
4733,9931
40,9932
9172,9932
191,9934
4299,9934
427,9935
29,9936
769,9938
3803,9938
8011,9938
8688,9938
950,9940
8522,9940
227,9943
2723,9943
1160,9945
6904,9945
140,9946
820,9946
1675,9947
1447,9948
1314,9949
1746,9949
79,9950
5219,9951
5022,9952
3,9953
2043,9953
442,9954
267,9955
9439,9957
8887,9959
270,9960
523,9961
5925,9961
5,9962
578,9962
3688,9962
4032,9962
1165,9965
5444,9965
5363,9966
6050,9966
5084,9967
34,9970
1991,9970
1993,9970
3226,9971
858,9972
220,9973
9382,9973
9856,9973
2,9974
95,9974
2042,9974
1342,9976
9708,9977
834,9978
2521,9978
5125,9978
3020,9979
6549,9979
2372,9982
2621,9982
2655,9982
2685,9982
40,9985
717,9985
1052,9985
2073,9986
2,9987
3340,9987
537,9989
5129,9990
1375,9991
2650,9991
912,9993
3819,9994
8903,9995
743,9996
2229,9996
410,9997
711,9998
9430,9998
1032,9999
