0,1
0,3
1,3
3,4
1,6
3,6
3,9
9,10
0,11
9,11
4,12
6,12
4,13
9,14
12,15
15,20
3,21
9,21
10,21
4,22
4,24
0,25
3,25
9,25
15,25
1,26
3,26
0,27
3,29
1,30
0,33
12,33
0,35
9,35
25,36
26,36
25,39
27,41
15,42
25,43
3,46
9,48
11,48
25,49
3,50
30,50
35,50
26,51
48,52
0,53
15,56
53,57
9,58
39,59
0,60
3,60
1,64
21,64
21,65
53,65
56,65
3,66
10,66
9,67
9,68
50,68
26,69
35,70
58,70
25,72
64,72
1,74
53,75
24,82
0,83
41,85
20,86
24,86
25,87
36,87
49,87
4,88
69,88
0,89
69,90
25,92
92,93
9,97
1,101
9,103
15,103
57,103
46,104
60,105
0,107
87,107
48,108
9,109
42,109
9,111
25,111
24,113
25,113
35,115
42,115
14,116
35,116
65,116
1,118
15,118
36,118
107,121
6,123
3,124
46,124
9,126
12,126
1,127
11,128
25,128
72,129
0,131
15,132
26,133
87,134
3,135
50,135
14,136
15,136
123,136
15,137
0,139
65,139
103,139
29,141
50,141
111,141
12,143
60,145
93,147
1,151
14,152
15,153
104,153
56,154
121,155
60,156
11,157
56,157
129,158
42,159
135,159
88,160
41,161
118,161
118,163
93,165
88,167
103,168
154,168
118,171
15,172
86,173
25,174
64,174
35,175
1,176
3,177
137,178
177,178
72,179
92,181
103,181
50,182
135,182
179,186
181,186
0,188
11,188
25,188
25,189
116,189
15,190
118,190
133,191
124,194
165,194
1,195
178,195
3,199
137,199
43,200
67,201
33,202
35,202
50,203
64,203
107,203
88,204
4,205
25,205
25,206
50,207
82,207
105,209
50,211
3,212
60,212
36,213
50,213
56,213
60,214
36,215
124,215
58,217
135,218
65,219
92,221
123,221
25,222
33,222
69,223
88,223
33,226
151,226
89,227
124,229
82,230
0,232
109,233
25,234
36,235
0,236
229,236
25,238
212,240
135,241
30,243
212,244
174,246
3,247
4,249
103,249
60,251
86,252
25,255
53,258
229,258
22,259
15,261
33,261
46,262
1,264
72,264
107,265
136,267
3,268
136,269
137,270
9,271
66,271
203,272
135,274
226,275
22,277
42,277
105,278
128,278
206,278
121,279
46,281
226,281
33,282
42,282
60,283
222,283
194,285
21,286
36,286
132,286
25,287
132,287
282,288
214,290
9,294
189,295
29,297
141,297
35,298
41,298
186,298
213,298
21,299
25,299
33,299
64,299
118,299
203,299
10,300
203,300
111,301
0,302
33,305
168,305
64,306
123,308
3,312
270,315
111,318
4,319
113,319
113,320
15,322
22,322
72,324
48,325
278,327
35,328
58,328
203,331
115,333
212,333
35,336
205,339
186,341
215,341
25,342
116,342
213,342
1,343
46,343
21,344
43,347
212,347
3,348
14,349
143,349
178,349
111,350
189,351
277,351
26,353
67,356
137,356
9,358
20,358
188,359
9,360
203,363
116,365
124,365
9,367
118,367
9,368
129,369
241,369
1,370
15,370
312,370
116,373
151,373
25,374
165,375
9,376
21,376
33,376
178,376
50,377
101,377
0,378
116,378
3,380
35,380
171,380
182,381
343,381
233,382
205,383
1,384
6,384
147,384
26,385
56,389
212,390
116,392
226,392
1,393
367,393
381,393
46,394
48,394
212,394
356,394
49,397
105,399
3,401
4,401
135,401
298,402
278,405
369,405
3,406
41,406
24,412
42,413
336,413
25,414
137,414
46,415
103,415
182,418
202,420
350,420
3,421
11,421
60,422
0,423
25,423
161,423
186,423
0,424
82,425
14,427
35,427
299,427
423,429
412,430
0,431
86,431
178,431
328,431
21,432
58,432
51,434
25,437
393,439
268,440
223,441
53,442
429,444
69,445
25,446
15,451
50,451
190,452
9,453
360,453
68,454
0,456
25,456
414,460
118,461
212,461
351,461
30,463
282,463
3,465
15,466
9,467
278,467
15,468
9,469
467,469
50,470
52,470
360,470
3,471
22,473
271,473
59,474
159,474
226,474
115,477
373,478
429,479
376,480
466,480
11,481
420,481
35,484
431,485
177,486
70,487
9,488
33,488
213,488
397,488
66,489
377,489
376,490
135,491
393,491
401,491
67,492
178,497
425,499
270,500
27,501
480,501
49,502
52,502
189,502
207,502
12,505
15,505
207,505
370,507
300,508
60,509
218,509
431,511
113,512
109,515
235,515
39,517
60,517
161,517
319,520
4,522
3,524
431,526
212,528
405,529
423,529
25,530
215,530
9,531
3,533
50,533
215,533
373,533
380,533
3,534
69,534
69,536
26,537
530,538
432,544
381,545
9,547
22,547
87,547
137,547
485,548
370,549
233,553
129,554
212,554
50,555
0,556
137,558
42,559
90,559
470,559
50,563
456,563
35,564
58,565
139,565
203,565
72,566
82,566
369,566
520,567
485,570
215,572
339,572
3,573
135,577
25,580
269,580
24,581
113,582
474,582
9,584
376,584
547,584
178,585
111,586
152,587
3,588
126,589
3,593
556,594
22,595
135,596
50,599
135,603
489,604
178,605
517,605
12,606
20,607
51,610
177,610
15,611
223,612
259,612
305,613
35,615
135,616
212,616
373,616
429,617
15,618
502,618
88,619
67,622
461,622
87,624
103,625
205,625
392,625
3,626
441,626
3,627
213,627
454,628
488,628
505,628
136,630
171,630
240,633
265,635
203,637
444,637
393,640
174,641
453,641
468,643
501,643
1,644
298,644
82,646
86,646
474,646
626,648
118,649
415,650
60,654
414,654
113,657
0,658
381,658
529,659
349,660
86,661
474,661
382,666
367,667
64,669
429,671
265,672
278,672
227,673
25,674
559,674
9,675
0,677
111,677
177,678
50,680
465,680
213,681
384,681
4,683
467,683
72,685
179,685
15,686
29,687
491,687
20,689
0,691
182,692
555,692
25,695
235,696
60,697
637,697
0,698
380,698
89,700
72,704
116,704
215,704
42,705
480,707
553,708
136,710
107,711
69,712
586,713
35,714
147,715
209,715
0,717
3,717
375,717
630,717
715,717
584,718
11,719
505,719
21,720
42,720
262,720
20,721
235,721
52,722
1,723
33,723
39,723
212,723
277,724
135,725
461,725
20,726
42,727
72,727
421,728
3,729
103,729
625,729
1,730
12,730
547,730
35,731
215,733
97,734
147,734
421,735
654,735
3,736
188,736
469,736
139,737
161,738
588,738
370,739
615,741
226,744
505,744
21,745
203,745
115,746
393,746
505,746
538,746
243,747
572,747
50,748
646,748
533,751
746,751
3,753
178,754
405,754
548,754
360,755
9,756
553,756
116,757
11,758
42,758
69,758
103,758
212,758
485,758
628,758
252,760
431,760
105,761
189,762
4,763
3,764
72,764
50,765
35,767
135,768
116,770
241,770
15,773
277,773
605,775
58,776
25,778
641,778
15,780
118,780
226,780
0,784
143,785
151,785
735,786
12,787
405,787
719,788
60,789
446,789
215,790
661,790
721,790
46,791
207,791
1,793
33,793
735,793
3,794
116,794
235,794
312,796
24,799
381,799
377,801
463,801
141,803
88,804
11,806
46,806
178,807
764,807
4,809
511,810
384,811
86,812
182,813
252,817
492,817
35,818
103,818
234,819
121,820
724,820
215,823
26,826
305,826
685,827
115,828
624,830
113,831
431,832
451,833
24,834
87,835
115,835
46,837
707,839
373,840
547,840
203,842
26,844
50,844
111,844
161,844
3,845
9,845
53,847
9,848
587,848
116,850
488,850
830,850
14,851
103,851
622,851
75,855
20,857
685,857
124,858
203,860
451,860
49,862
50,864
431,864
582,865
530,866
186,872
67,873
488,873
58,874
382,874
1,876
191,876
501,877
1,878
760,878
116,879
234,879
103,881
565,881
764,881
559,882
24,883
790,883
432,884
624,884
278,885
819,885
92,886
186,886
454,886
86,888
351,888
790,890
502,892
133,893
152,893
479,896
582,897
60,900
564,900
212,901
595,901
33,902
363,903
377,903
118,904
339,904
501,904
347,905
1,906
3,907
179,907
227,907
893,908
154,909
70,911
153,911
282,911
672,912
41,913
87,916
226,916
97,917
380,917
605,917
299,918
441,918
517,918
584,918
907,918
278,919
15,920
50,920
704,920
15,922
137,922
10,925
20,925
369,925
15,928
60,928
830,929
135,930
90,932
126,932
468,934
848,934
213,935
300,936
554,937
790,937
801,937
101,938
15,939
465,939
0,940
765,941
922,941
48,942
56,943
203,945
380,945
660,946
159,947
918,949
269,950
619,950
69,951
786,951
580,953
393,955
445,956
141,958
282,959
605,959
3,960
194,960
4,963
15,963
373,963
103,964
468,964
14,965
20,965
178,966
235,967
328,968
960,968
22,969
723,970
488,971
46,972
745,972
685,973
607,979
35,981
722,981
215,982
3,983
152,983
785,984
697,985
1,987
964,987
35,988
626,988
565,990
116,992
430,992
492,994
202,996
845,997
377,1000
845,1000
11,1001
270,1001
937,1001
941,1003
380,1004
49,1006
131,1006
136,1006
212,1007
794,1007
207,1010
103,1011
375,1011
270,1012
427,1012
780,1012
179,1013
50,1014
56,1014
113,1015
35,1016
717,1017
49,1018
14,1020
41,1020
214,1020
15,1022
3,1023
43,1023
973,1023
412,1026
58,1027
9,1029
46,1031
818,1032
297,1034
135,1037
11,1038
4,1039
26,1040
178,1040
9,1041
15,1041
24,1041
715,1041
29,1042
115,1045
630,1045
116,1046
297,1046
393,1046
619,1046
235,1048
69,1049
218,1049
554,1049
698,1049
760,1051
135,1053
412,1053
152,1054
442,1054
373,1056
1,1057
850,1057
24,1058
420,1059
746,1059
467,1060
533,1061
589,1061
373,1063
3,1064
3,1065
50,1066
105,1066
281,1067
949,1068
9,1073
270,1073
50,1074
587,1074
299,1077
987,1078
20,1079
626,1079
3,1080
33,1082
88,1082
1053,1083
267,1088
770,1088
1032,1089
202,1093
508,1093
584,1093
992,1093
175,1094
806,1094
756,1098
9,1101
50,1102
190,1103
213,1105
414,1105
358,1106
430,1106
249,1107
277,1107
463,1108
505,1111
431,1112
9,1113
49,1113
129,1115
215,1116
370,1117
883,1118
465,1119
717,1119
937,1119
485,1121
565,1122
907,1122
226,1123
959,1123
730,1124
654,1125
46,1126
21,1128
758,1128
770,1128
646,1129
764,1129
118,1130
830,1130
212,1132
615,1134
905,1134
105,1138
672,1138
474,1142
707,1142
9,1143
152,1143
1032,1144
672,1145
50,1146
265,1146
907,1148
421,1149
758,1149
3,1151
780,1151
736,1153
758,1153
3,1155
135,1155
833,1157
9,1161
52,1162
147,1163
918,1163
103,1164
202,1164
530,1166
24,1167
33,1167
111,1167
128,1168
689,1168
754,1168
474,1169
1059,1171
15,1172
305,1172
212,1177
790,1177
265,1179
1041,1179
1,1180
502,1180
1,1181
25,1182
373,1183
715,1183
415,1185
1115,1185
137,1186
153,1186
672,1186
9,1187
375,1187
951,1188
161,1189
207,1189
616,1189
941,1189
1145,1190
25,1191
558,1192
501,1193
9,1194
111,1194
1163,1194
270,1196
15,1197
186,1201
413,1201
619,1202
650,1202
1,1203
758,1203
15,1204
174,1204
368,1206
397,1209
177,1211
1007,1211
108,1212
109,1214
233,1214
15,1215
67,1215
143,1215
9,1216
50,1222
118,1222
226,1222
785,1223
1080,1224
654,1225
275,1226
1093,1226
950,1228
376,1229
33,1230
832,1231
194,1235
306,1237
775,1237
157,1238
215,1238
685,1238
46,1239
113,1240
217,1241
818,1241
20,1243
199,1246
559,1248
981,1248
83,1249
212,1249
758,1251
92,1252
227,1253
152,1254
186,1254
212,1255
234,1255
258,1255
901,1256
25,1257
50,1257
104,1258
1186,1258
878,1259
36,1260
1040,1260
15,1261
111,1261
723,1264
1027,1264
423,1265
24,1266
381,1267
627,1267
918,1267
720,1269
840,1269
1212,1269
113,1270
41,1271
24,1273
429,1273
554,1273
587,1274
785,1274
25,1276
35,1276
167,1276
466,1276
103,1277
141,1277
174,1277
465,1277
1046,1278
1059,1278
1235,1278
209,1279
21,1280
58,1281
384,1281
25,1283
129,1283
719,1283
1143,1283
4,1284
757,1284
832,1284
1063,1284
175,1285
605,1285
746,1285
1,1286
277,1286
135,1287
103,1288
342,1289
393,1289
406,1289
135,1291
1249,1291
0,1293
10,1293
60,1293
15,1294
103,1294
1191,1294
230,1296
295,1296
35,1298
1289,1298
605,1299
92,1300
3,1302
770,1303
828,1304
373,1306
959,1306
818,1307
421,1310
832,1310
1031,1311
215,1312
89,1313
42,1314
886,1314
212,1315
698,1315
299,1316
370,1316
605,1316
9,1317
380,1318
393,1318
717,1319
1000,1319
25,1320
11,1321
764,1321
0,1322
15,1324
1264,1324
979,1325
423,1326
848,1326
763,1327
960,1327
736,1330
1098,1330
42,1331
745,1331
860,1332
985,1332
960,1333
370,1334
955,1334
3,1335
1284,1335
46,1336
509,1336
1,1337
637,1338
964,1339
1040,1341
0,1342
1142,1343
35,1344
35,1346
56,1348
717,1348
958,1348
959,1348
485,1349
3,1351
212,1351
234,1351
35,1352
42,1352
584,1352
882,1352
818,1353
3,1354
20,1354
1183,1355
985,1356
393,1358
135,1360
919,1360
277,1361
328,1362
83,1363
1248,1363
135,1364
839,1366
186,1369
736,1369
1248,1372
35,1373
1356,1374
960,1376
9,1378
82,1378
1364,1378
258,1381
1073,1382
1352,1382
137,1384
530,1384
50,1386
358,1386
171,1389
268,1391
418,1392
1132,1392
437,1394
0,1395
1352,1395
113,1396
300,1396
972,1398
215,1402
59,1403
1224,1405
909,1406
505,1407
928,1407
69,1408
328,1408
431,1408
505,1408
509,1409
1041,1409
1179,1409
42,1411
50,1412
15,1413
35,1413
155,1413
33,1414
139,1414
917,1415
306,1416
719,1417
1352,1417
69,1419
294,1420
9,1422
69,1422
86,1423
1406,1423
214,1424
1041,1425
129,1426
1,1427
207,1428
775,1431
384,1432
367,1434
760,1437
285,1441
818,1441
137,1442
770,1443
751,1444
744,1445
202,1447
178,1450
474,1453
500,1453
666,1453
1058,1453
382,1455
118,1456
420,1456
474,1457
607,1457
624,1458
9,1459
259,1459
50,1460
182,1461
627,1461
848,1462
194,1463
136,1464
757,1464
413,1469
687,1470
707,1471
69,1473
794,1474
983,1475
1356,1475
444,1476
1412,1477
960,1479
1396,1481
960,1482
297,1484
1007,1485
353,1489
1058,1489
9,1490
22,1490
1447,1491
3,1494
909,1494
1260,1494
1453,1494
157,1495
393,1495
901,1495
69,1497
1283,1497
22,1498
721,1498
1189,1498
3,1499
765,1499
141,1500
1001,1500
1,1501
431,1503
547,1503
941,1503
1238,1503
463,1504
937,1506
1271,1506
227,1511
299,1513
918,1513
1293,1515
1311,1515
509,1517
235,1519
1283,1520
139,1521
1164,1521
118,1522
6,1523
33,1524
24,1526
1283,1527
657,1528
336,1529
758,1529
22,1530
1316,1531
136,1535
704,1535
723,1535
1349,1535
251,1537
736,1537
1088,1537
1294,1537
1494,1537
204,1538
21,1539
731,1539
1264,1540
299,1542
715,1542
108,1548
1058,1548
286,1549
370,1549
1054,1549
0,1554
917,1555
369,1556
1179,1556
1007,1558
1490,1558
819,1559
501,1560
1255,1560
747,1562
1151,1562
992,1565
3,1568
1337,1568
901,1569
87,1570
152,1570
115,1575
945,1575
1495,1575
375,1576
15,1577
1459,1577
179,1578
399,1581
431,1583
431,1585
517,1585
794,1586
60,1587
351,1587
50,1588
488,1588
132,1589
376,1589
865,1589
1,1590
15,1590
213,1590
69,1592
570,1592
940,1592
1411,1593
570,1594
1067,1594
174,1595
719,1597
179,1598
194,1598
418,1598
451,1599
487,1600
739,1600
1291,1602
135,1603
584,1603
212,1604
103,1605
286,1605
1190,1605
830,1606
633,1611
522,1612
41,1613
113,1614
58,1615
203,1615
421,1618
1604,1618
1326,1619
26,1621
58,1621
50,1625
1495,1626
58,1627
397,1627
932,1627
0,1629
556,1629
544,1630
277,1631
1556,1631
423,1632
1587,1632
555,1633
615,1634
960,1634
421,1635
1054,1635
1,1637
174,1637
960,1637
298,1638
3,1639
21,1640
1535,1640
11,1641
1321,1641
820,1643
1014,1643
1271,1643
202,1644
760,1646
300,1647
547,1647
312,1648
128,1649
1202,1649
3,1652
1098,1653
719,1654
53,1655
152,1655
960,1655
1079,1657
421,1658
1417,1659
758,1661
778,1661
654,1665
26,1668
174,1668
473,1668
1238,1668
470,1669
1216,1670
1605,1673
240,1674
370,1674
1264,1675
27,1678
850,1678
103,1679
350,1679
194,1680
1635,1680
115,1681
1039,1681
25,1683
451,1684
60,1686
399,1687
537,1687
124,1688
451,1689
422,1690
893,1690
69,1692
87,1692
414,1692
299,1693
194,1694
405,1696
252,1698
431,1698
22,1701
107,1701
1679,1703
92,1704
744,1704
818,1705
847,1706
1163,1706
41,1707
960,1707
972,1707
1188,1707
807,1708
252,1710
900,1710
1710,1711
92,1712
212,1712
174,1713
1258,1713
212,1715
281,1717
48,1718
558,1723
177,1724
113,1725
111,1726
212,1726
548,1726
1289,1726
3,1728
270,1728
25,1729
790,1731
950,1731
241,1733
1703,1735
9,1736
393,1737
1098,1738
1316,1740
113,1741
9,1743
625,1743
181,1745
1285,1745
384,1746
581,1746
103,1748
82,1750
103,1750
1455,1751
136,1753
1503,1753
249,1755
21,1757
46,1757
741,1758
441,1759
135,1760
249,1761
901,1761
603,1762
851,1762
104,1765
1238,1765
1239,1765
1589,1766
764,1768
806,1769
36,1770
1413,1770
21,1771
833,1771
1285,1771
33,1772
212,1772
1349,1772
1046,1774
1079,1775
1,1776
589,1777
1254,1777
52,1779
1283,1780
901,1781
1344,1783
109,1784
584,1784
1641,1784
212,1786
111,1787
959,1787
1240,1787
1352,1787
850,1789
139,1790
431,1790
1710,1790
60,1791
171,1792
35,1793
135,1793
615,1793
747,1793
1558,1795
1281,1796
360,1799
25,1800
607,1802
559,1805
1298,1805
1631,1805
1708,1805
375,1808
1017,1810
203,1812
1352,1813
431,1816
582,1817
1578,1817
49,1818
87,1818
1189,1818
322,1819
1316,1820
294,1821
421,1826
744,1826
1177,1826
33,1828
299,1828
806,1828
1710,1828
1634,1829
547,1832
935,1832
1757,1834
135,1835
1659,1835
181,1836
925,1836
213,1838
14,1839
9,1840
173,1841
175,1841
318,1841
1211,1841
603,1844
1796,1846
277,1847
1690,1847
1,1848
300,1849
15,1850
50,1850
381,1850
1,1851
282,1852
730,1852
1117,1853
0,1854
381,1854
87,1856
470,1857
886,1857
932,1857
26,1859
380,1859
405,1859
488,1859
972,1860
49,1862
384,1862
101,1863
627,1864
630,1864
116,1865
848,1865
1728,1866
252,1867
64,1869
118,1870
981,1870
1690,1871
394,1872
1865,1875
1316,1876
1836,1876
121,1877
53,1879
233,1880
1626,1880
165,1881
3,1883
444,1883
50,1884
147,1884
235,1884
107,1885
258,1885
50,1887
589,1887
1274,1887
1726,1887
1482,1888
65,1889
50,1891
1106,1894
213,1895
865,1896
917,1896
15,1897
607,1897
33,1900
757,1900
1411,1900
1654,1900
283,1901
1780,1901
681,1902
87,1904
1766,1904
151,1908
154,1908
1668,1908
126,1914
1707,1914
1792,1914
137,1917
373,1917
1267,1919
3,1921
505,1921
1701,1921
1,1922
111,1922
628,1923
15,1924
139,1927
463,1927
377,1928
139,1929
213,1929
25,1934
584,1934
833,1934
1412,1934
181,1935
810,1935
677,1937
21,1938
212,1938
3,1939
1106,1941
1391,1943
325,1945
918,1945
413,1946
48,1947
467,1947
1059,1947
1264,1947
1600,1948
203,1949
1285,1949
226,1950
1049,1950
1479,1951
919,1955
1554,1955
1828,1956
1040,1958
0,1959
43,1960
799,1961
1258,1963
393,1964
1261,1964
0,1965
384,1965
1475,1966
492,1967
1630,1967
360,1969
587,1969
1017,1969
484,1971
758,1971
903,1972
21,1974
1901,1975
925,1977
278,1979
1606,1979
56,1980
744,1980
1765,1980
0,1982
956,1982
59,1983
22,1987
35,1987
1629,1987
1751,1991
171,1994
553,1994
818,1994
1260,1994
1212,1995
1771,1995
509,1997
1447,1997
56,1998
4,2000
719,2000
1,2001
298,2002
1589,2005
831,2008
215,2009
1384,2010
1395,2011
174,2012
1594,2012
4,2013
207,2013
1529,2013
431,2014
9,2019
622,2020
123,2022
394,2023
1481,2023
1529,2023
1626,2023
1088,2024
1627,2024
2013,2024
615,2025
1203,2027
135,2028
1455,2030
955,2033
1409,2034
318,2035
258,2036
1049,2037
1482,2037
281,2038
586,2038
1191,2038
1315,2039
672,2040
1060,2041
1,2043
212,2044
850,2044
917,2045
298,2046
215,2050
903,2050
1032,2050
269,2052
1556,2052
431,2053
1659,2053
171,2054
178,2055
780,2055
1260,2055
151,2056
1955,2056
278,2060
25,2061
1011,2061
1846,2062
174,2063
1038,2063
983,2065
202,2067
241,2067
212,2068
1395,2068
159,2069
413,2069
116,2071
115,2072
1805,2072
105,2073
9,2076
308,2076
376,2078
605,2078
790,2079
1836,2079
3,2080
161,2080
785,2080
1298,2081
41,2082
25,2083
474,2083
30,2084
107,2084
723,2085
1895,2085
1613,2091
29,2092
685,2092
1046,2093
1413,2093
1832,2093
0,2094
1995,2097
1235,2099
3,2102
1293,2102
1538,2102
3,2103
431,2103
109,2106
1000,2106
46,2108
203,2108
1177,2112
234,2115
377,2115
161,2116
431,2117
1463,2120
108,2121
763,2121
33,2122
136,2122
370,2122
1917,2122
27,2123
1897,2124
11,2125
1673,2126
22,2127
1469,2127
1589,2127
700,2128
1576,2128
864,2129
1655,2129
1777,2129
1828,2129
739,2130
1078,2130
52,2131
790,2133
367,2134
1013,2134
707,2135
348,2136
1360,2140
15,2141
128,2141
658,2143
785,2143
1891,2146
1381,2147
1,2149
35,2149
136,2149
1726,2149
2052,2153
1261,2157
9,2158
135,2158
2044,2159
212,2161
154,2162
886,2163
161,2165
1057,2165
918,2166
109,2168
1132,2168
1570,2168
1947,2168
584,2169
509,2170
65,2171
299,2172
1,2173
646,2174
384,2175
509,2175
136,2177
509,2177
787,2177
1407,2177
625,2178
646,2179
1182,2179
430,2181
470,2182
855,2183
770,2184
2103,2184
1258,2196
83,2197
488,2199
764,2200
1014,2200
2085,2201
619,2202
951,2202
1017,2202
137,2203
209,2203
1101,2205
934,2206
429,2207
820,2208
1278,2208
1023,2209
1522,2209
806,2210
1698,2210
1975,2210
50,2211
1352,2211
1080,2213
1151,2214
1,2216
105,2216
526,2216
966,2218
118,2219
463,2219
1011,2221
0,2223
533,2223
2072,2223
278,2224
319,2225
1589,2226
793,2227
281,2228
1296,2228
1489,2228
1726,2228
222,2229
717,2230
1593,2230
1712,2230
533,2232
431,2234
1193,2234
175,2236
758,2237
137,2238
246,2238
377,2238
1143,2240
827,2241
103,2244
113,2244
641,2246
154,2248
86,2249
135,2249
850,2249
719,2250
832,2250
35,2251
1172,2251
129,2252
2241,2252
252,2254
246,2256
360,2256
60,2257
203,2257
69,2259
152,2259
56,2261
736,2261
818,2263
147,2265
109,2266
1891,2270
49,2272
649,2273
21,2275
111,2275
1969,2275
267,2278
1000,2278
1010,2279
51,2281
258,2282
1216,2284
3,2285
929,2286
577,2288
680,2288
118,2290
883,2290
1489,2292
2131,2292
233,2293
21,2294
306,2294
1810,2295
607,2298
35,2299
226,2300
801,2300
118,2301
105,2303
111,2303
454,2303
259,2304
86,2306
1049,2306
4,2307
0,2308
1389,2309
2236,2309
1712,2310
9,2313
9,2314
1080,2314
1088,2314
1859,2314
109,2316
128,2316
565,2317
1852,2318
451,2320
1924,2321
2232,2321
101,2323
50,2325
136,2325
937,2325
474,2328
488,2331
446,2333
917,2333
1995,2333
1529,2337
360,2338
375,2339
661,2339
501,2340
60,2341
270,2342
4,2343
12,2343
1252,2343
1167,2344
1074,2345
850,2348
2131,2350
1696,2352
87,2353
1556,2353
2202,2354
2208,2354
1143,2355
1258,2355
775,2357
1396,2357
306,2359
1834,2359
1327,2361
163,2362
940,2362
1046,2363
1640,2363
9,2364
2170,2365
128,2366
2279,2366
1,2368
394,2368
537,2369
215,2372
223,2372
556,2373
60,2376
322,2376
480,2377
1761,2381
101,2382
281,2382
1023,2382
181,2383
1267,2383
103,2384
960,2384
11,2385
21,2385
1946,2385
268,2389
33,2390
42,2390
1535,2391
2238,2392
1826,2393
2044,2393
278,2396
1698,2396
9,2397
46,2397
50,2400
287,2401
874,2401
1457,2401
1963,2401
804,2402
9,2403
1457,2404
624,2405
322,2406
873,2406
25,2408
530,2408
704,2408
1437,2409
50,2410
2352,2411
109,2413
212,2413
1489,2413
537,2414
1280,2414
2056,2414
135,2415
1772,2418
517,2419
624,2419
1059,2420
2272,2421
229,2422
794,2422
1349,2422
240,2423
509,2426
1750,2427
1106,2429
1558,2430
370,2432
174,2433
1526,2435
1010,2436
136,2437
113,2440
118,2440
1124,2441
1240,2441
381,2443
93,2444
770,2445
2281,2445
281,2446
1316,2447
1300,2448
1319,2449
126,2450
370,2451
393,2451
413,2451
1123,2453
318,2454
950,2454
48,2455
1322,2460
806,2462
1575,2462
1271,2463
294,2464
1850,2466
1558,2468
603,2469
1361,2469
2288,2471
470,2472
1531,2472
107,2474
2172,2475
11,2476
251,2477
2230,2477
1197,2478
1315,2478
1,2479
745,2480
1128,2481
757,2482
267,2487
2052,2488
213,2489
939,2489
790,2492
1524,2492
20,2496
1360,2499
226,2500
470,2501
720,2502
1039,2502
46,2504
723,2505
2451,2506
103,2511
1592,2512
3,2514
903,2514
2161,2514
760,2517
2196,2518
723,2519
1768,2519
1183,2520
530,2521
0,2524
3,2524
135,2528
549,2528
1353,2528
537,2529
1038,2529
2385,2529
1000,2531
901,2532
1639,2532
25,2537
103,2538
873,2538
1706,2538
2120,2540
111,2543
2278,2543
12,2544
484,2548
1417,2548
421,2550
1529,2550
463,2552
249,2553
2211,2553
1470,2555
50,2557
2376,2558
1106,2560
1145,2560
4,2561
48,2562
1046,2562
35,2564
432,2564
9,2565
1344,2565
1908,2565
1255,2566
526,2567
563,2567
126,2568
1201,2568
1258,2570
1248,2574
830,2576
2343,2577
15,2578
9,2581
339,2581
384,2581
405,2581
718,2581
39,2582
1450,2583
15,2584
2293,2584
1618,2586
1766,2586
1093,2587
305,2590
628,2590
900,2590
559,2593
2228,2593
1946,2595
760,2597
2078,2599
1938,2600
377,2603
2445,2603
864,2607
113,2608
115,2609
488,2609
615,2611
1408,2611
10,2612
60,2612
213,2612
223,2612
2200,2612
300,2614
885,2614
968,2614
828,2617
1143,2617
42,2618
848,2621
1497,2622
135,2623
181,2623
1701,2623
643,2624
22,2625
1260,2625
69,2627
864,2629
2230,2630
50,2632
25,2633
1266,2633
223,2634
2227,2634
2511,2634
56,2635
2609,2635
1294,2636
82,2638
264,2638
174,2639
2102,2639
454,2640
1132,2640
1934,2642
15,2643
116,2643
1529,2643
186,2644
736,2644
1820,2644
113,2645
2640,2645
24,2646
133,2646
1710,2647
1938,2649
64,2651
1792,2651
2382,2652
300,2653
605,2654
1180,2654
2168,2656
2071,2657
15,2658
1880,2658
376,2660
113,2661
806,2661
2348,2664
469,2665
2128,2666
152,2667
1107,2667
1495,2667
1157,2668
0,2669
258,2670
25,2672
87,2675
1392,2675
65,2676
1562,2679
705,2680
804,2680
2611,2680
1189,2681
1142,2682
1499,2684
9,2685
1254,2687
1847,2689
15,2690
1130,2690
2451,2690
1053,2693
1712,2693
2385,2693
0,2694
25,2696
1054,2696
171,2697
384,2698
1846,2698
955,2699
105,2700
1020,2704
2078,2704
429,2708
492,2713
1287,2713
21,2714
1254,2714
1356,2714
1661,2714
2646,2715
3,2716
421,2719
69,2723
50,2724
1980,2725
12,2726
175,2726
2714,2726
4,2729
299,2729
373,2729
1853,2729
135,2730
1102,2730
1453,2730
587,2731
46,2732
0,2736
2037,2736
2266,2736
509,2737
2448,2737
135,2738
12,2739
1457,2739
1490,2739
745,2740
35,2741
432,2742
922,2742
2451,2747
2653,2747
584,2748
1655,2748
558,2750
935,2750
1854,2752
1950,2753
2197,2753
390,2755
979,2755
147,2756
2226,2756
171,2757
509,2757
1995,2757
258,2758
203,2759
502,2759
723,2759
1293,2760
113,2762
1088,2764
960,2766
1503,2767
1082,2768
178,2769
465,2769
85,2770
1129,2771
2223,2773
113,2774
2593,2776
1592,2777
67,2778
259,2778
746,2779
1293,2781
226,2783
353,2783
92,2784
299,2788
423,2789
2196,2789
1555,2790
235,2791
1581,2792
1743,2793
2455,2795
429,2800
15,2802
1177,2802
261,2804
267,2805
844,2806
1214,2807
50,2808
877,2808
1057,2808
1,2811
135,2812
1852,2814
282,2816
2382,2817
1248,2819
0,2820
358,2820
1775,2821
1352,2823
2340,2823
206,2824
758,2824
203,2825
1627,2825
851,2827
2241,2827
763,2829
15,2831
300,2831
226,2832
509,2832
1494,2832
15,2833
1741,2833
922,2836
179,2837
2608,2837
223,2838
1772,2841
163,2843
945,2843
189,2844
376,2844
1562,2851
107,2854
213,2856
380,2856
87,2860
202,2860
103,2861
1445,2861
2143,2861
9,2862
380,2864
963,2864
1073,2865
328,2866
118,2867
707,2867
238,2868
139,2869
431,2869
21,2870
1327,2871
2320,2872
226,2874
553,2875
1417,2875
1417,2876
2120,2877
25,2878
87,2878
1865,2878
49,2881
2543,2883
1254,2884
1556,2887
2501,2887
390,2888
845,2888
1046,2890
9,2893
696,2893
465,2894
987,2895
2687,2900
423,2901
4,2902
243,2902
1621,2902
103,2904
685,2904
1457,2904
393,2907
806,2907
633,2908
719,2913
1965,2913
30,2916
432,2916
93,2917
776,2917
1273,2917
302,2918
4,2920
1180,2920
992,2922
1001,2922
69,2923
2175,2923
145,2925
213,2926
1082,2926
1187,2926
758,2927
2517,2927
1007,2929
1177,2929
580,2932
1586,2932
2844,2932
22,2933
2760,2934
1464,2935
399,2937
2263,2937
105,2938
154,2938
1361,2938
25,2939
2166,2940
33,2941
136,2941
384,2943
1590,2943
2752,2943
2860,2944
2300,2945
2179,2946
1860,2948
21,2951
190,2951
1063,2951
1327,2951
431,2952
1180,2952
1657,2952
2120,2952
103,2953
165,2953
733,2954
135,2956
175,2956
380,2957
987,2957
2482,2957
577,2958
1737,2958
121,2960
58,2961
2046,2961
2284,2961
646,2962
533,2963
1901,2963
2929,2963
1865,2965
533,2966
46,2967
1149,2967
2443,2967
207,2968
2210,2968
92,2969
1201,2969
736,2970
1757,2970
1469,2972
2612,2974
790,2977
937,2977
1710,2979
791,2980
1641,2981
39,2982
413,2982
452,2983
929,2983
35,2985
1352,2985
1406,2985
60,2987
1012,2988
1784,2988
2657,2988
848,2991
15,2992
793,2992
1,2993
739,2995
1549,2995
2595,2995
15,2996
1565,2997
431,2998
3,3000
424,3000
526,3001
807,3002
481,3003
1318,3003
2038,3004
584,3006
917,3007
348,3010
1017,3010
118,3012
2553,3015
2257,3017
202,3018
637,3018
530,3019
1352,3020
2477,3022
2553,3022
65,3025
115,3027
1498,3027
9,3029
202,3029
50,3030
69,3032
1189,3032
1585,3032
113,3033
1238,3034
182,3035
265,3035
492,3035
903,3035
20,3036
1870,3036
92,3037
1941,3039
0,3040
132,3041
2130,3041
677,3044
1212,3046
1792,3048
918,3049
992,3050
850,3051
1470,3052
1073,3053
33,3062
1395,3062
2647,3063
2514,3064
35,3065
2943,3065
9,3066
432,3066
347,3067
1316,3067
2904,3067
932,3068
48,3069
25,3070
2464,3071
115,3072
485,3072
26,3073
64,3073
1293,3073
2714,3073
2739,3073
2878,3076
218,3077
501,3078
1163,3078
30,3080
528,3081
203,3082
420,3082
1327,3083
25,3084
786,3084
1790,3084
46,3085
900,3085
86,3086
1132,3086
189,3087
470,3089
27,3090
87,3090
465,3090
1179,3090
35,3094
215,3094
377,3095
1417,3097
1258,3098
2202,3099
368,3100
2789,3100
2244,3101
1017,3103
1457,3105
25,3109
2609,3110
2927,3111
474,3112
161,3113
1710,3113
939,3114
1461,3114
785,3115
413,3117
1592,3117
87,3118
103,3119
1995,3119
960,3120
258,3121
751,3121
1059,3121
431,3122
753,3125
1248,3125
2714,3125
103,3126
234,3127
605,3129
719,3129
2489,3129
452,3130
2076,3130
2825,3130
2140,3131
2143,3131
15,3132
1994,3133
1884,3135
2511,3136
113,3137
295,3138
763,3138
2478,3139
1189,3140
367,3141
695,3141
25,3142
2316,3142
1051,3143
25,3144
2082,3144
2500,3144
2389,3149
2693,3149
2904,3149
1143,3152
212,3153
860,3153
1586,3153
2143,3153
1238,3154
4,3156
212,3156
2390,3156
50,3158
305,3158
26,3159
429,3159
671,3159
1947,3159
1945,3160
207,3161
319,3161
830,3161
922,3161
298,3162
840,3162
1713,3162
2365,3162
1254,3163
2693,3163
25,3164
423,3164
33,3166
1102,3169
21,3171
3,3173
15,3175
234,3175
488,3175
469,3176
511,3176
420,3179
548,3180
1204,3181
2214,3181
215,3183
1031,3184
0,3186
1949,3186
2979,3186
1969,3187
1153,3189
15,3190
1256,3190
1774,3194
1900,3194
1997,3194
2814,3194
1128,3195
26,3196
1294,3198
370,3200
147,3202
103,3203
505,3205
2611,3206
603,3207
1644,3210
1260,3211
1179,3214
3169,3214
3149,3215
0,3216
1117,3216
1352,3216
2078,3217
672,3218
1093,3221
299,3222
440,3223
1498,3226
2173,3226
15,3227
1447,3227
685,3228
1995,3229
368,3230
14,3231
60,3232
2012,3232
151,3234
115,3236
1222,3238
1403,3240
33,3241
1356,3241
1364,3241
154,3242
454,3242
840,3243
1080,3243
2961,3243
533,3244
367,3245
1413,3246
2294,3249
2932,3253
1725,3255
2933,3255
1,3256
25,3256
118,3256
105,3257
21,3258
298,3258
30,3261
830,3261
22,3263
470,3263
480,3263
547,3263
50,3264
572,3264
2611,3264
223,3265
1022,3265
179,3266
1593,3267
918,3268
533,3270
902,3271
1143,3271
754,3272
2300,3272
877,3273
26,3275
467,3276
2932,3276
15,3277
88,3277
1896,3278
2560,3280
83,3281
397,3282
637,3282
1876,3282
189,3283
1966,3283
2320,3284
1366,3285
637,3286
1659,3287
421,3289
0,3290
641,3290
2143,3290
33,3291
680,3291
502,3292
25,3293
572,3294
2383,3295
212,3296
1644,3296
1497,3297
2050,3298
86,3300
215,3300
22,3304
1,3306
2108,3309
3,3310
35,3310
1128,3312
376,3314
393,3314
1093,3314
1689,3315
46,3319
202,3320
3,3323
1078,3325
1897,3327
517,3330
1000,3330
69,3331
3094,3331
22,3332
738,3333
2076,3334
2725,3335
758,3336
1378,3337
2904,3339
212,3342
9,3344
707,3344
3131,3344
730,3345
1191,3345
2982,3347
616,3348
2548,3348
572,3349
1760,3349
2177,3351
1020,3353
1080,3354
41,3355
686,3356
1680,3356
533,3357
2345,3357
762,3360
883,3360
2376,3360
3022,3362
4,3365
259,3368
501,3369
3176,3369
828,3370
2532,3370
3333,3374
1163,3376
2131,3377
429,3378
25,3379
1119,3381
9,3382
810,3382
1710,3385
756,3387
1680,3388
1513,3390
137,3391
1316,3392
1324,3393
633,3395
1063,3395
26,3397
135,3398
2893,3398
1179,3400
1770,3400
873,3403
60,3404
194,3404
207,3405
336,3405
2228,3405
30,3406
882,3406
178,3407
470,3407
3101,3407
376,3408
67,3410
376,3410
807,3411
625,3412
3175,3413
735,3414
3345,3415
850,3416
920,3417
2489,3417
1757,3418
717,3421
405,3423
2124,3424
1189,3426
538,3427
2690,3427
2202,3428
2693,3428
1832,3433
160,3434
4,3435
67,3435
729,3436
581,3437
111,3438
3,3440
625,3440
1761,3441
2968,3441
2013,3442
2359,3444
36,3445
43,3445
2651,3445
26,3446
723,3446
1849,3446
370,3447
2612,3448
745,3449
1712,3449
2783,3451
0,3453
200,3453
1965,3454
785,3455
2995,3457
394,3459
135,3460
305,3462
509,3463
351,3465
133,3466
832,3466
2224,3466
103,3467
964,3467
118,3470
683,3470
522,3472
3,3474
281,3479
381,3479
367,3481
9,3482
940,3482
1690,3482
2917,3482
135,3483
3037,3483
21,3484
1593,3484
226,3487
25,3488
1847,3488
251,3489
757,3490
1316,3490
2046,3490
384,3491
1690,3491
1946,3491
29,3492
809,3492
1945,3492
2634,3493
189,3494
171,3497
901,3497
1079,3497
1177,3498
1324,3498
1457,3498
58,3499
987,3500
86,3502
563,3502
3121,3505
189,3508
105,3509
1093,3509
2861,3510
384,3512
2961,3513
2988,3517
1222,3518
3022,3518
136,3519
405,3519
50,3522
603,3522
997,3523
3445,3523
53,3524
113,3524
159,3524
104,3525
50,3527
202,3528
2250,3530
0,3531
1637,3531
444,3533
907,3533
2929,3533
65,3534
25,3535
1066,3535
2106,3537
9,3540
298,3540
2680,3541
2961,3541
223,3542
794,3542
3,3546
847,3548
113,3551
565,3554
121,3555
1059,3556
1361,3556
2261,3556
103,3557
845,3557
586,3558
431,3559
501,3561
960,3561
847,3563
1457,3563
2333,3563
1802,3564
12,3565
36,3565
1841,3567
103,3571
2244,3571
1757,3573
2340,3577
3540,3577
15,3578
2023,3578
423,3579
36,3581
658,3581
1048,3581
2609,3582
862,3584
864,3584
1690,3585
2214,3586
1917,3587
1267,3589
1626,3589
88,3590
3181,3591
1,3593
178,3593
1057,3594
2514,3597
987,3599
3159,3599
537,3600
268,3601
945,3601
780,3603
3129,3603
1315,3604
2203,3604
689,3605
203,3606
139,3607
282,3609
370,3610
90,3612
1494,3612
607,3613
60,3614
467,3614
725,3614
892,3615
1865,3615
2325,3615
485,3616
1900,3618
2008,3618
423,3619
69,3620
1710,3621
2788,3621
186,3622
1407,3624
42,3626
194,3626
20,3628
15,3629
509,3629
93,3631
431,3631
42,3632
704,3634
1836,3634
1945,3634
401,3636
864,3636
3449,3637
548,3639
3175,3640
42,3641
1281,3641
1378,3641
3044,3641
2578,3643
2867,3643
203,3647
3,3648
2878,3648
2753,3649
1326,3650
1177,3651
607,3652
1049,3652
1755,3652
165,3653
203,3653
3601,3653
893,3656
1278,3656
3,3657
56,3657
72,3657
1748,3658
3,3659
259,3659
1408,3660
3,3665
3349,3666
153,3667
787,3667
282,3670
626,3670
1038,3670
1704,3671
3355,3672
2646,3677
2739,3678
1235,3679
992,3680
1394,3681
3578,3683
1394,3689
577,3690
135,3692
547,3692
0,3693
432,3695
1353,3695
2904,3696
286,3697
860,3698
2689,3700
3142,3701
15,3702
223,3702
830,3703
1023,3705
213,3707
446,3708
369,3710
25,3713
857,3715
2843,3715
107,3716
712,3717
1249,3718
1821,3718
3407,3718
3492,3718
582,3720
104,3721
175,3721
203,3722
393,3722
1264,3722
1598,3723
123,3724
2861,3724
25,3725
1408,3725
1179,3726
1987,3727
2475,3727
2472,3730
1,3731
3066,3732
3176,3732
3345,3732
3414,3732
465,3734
1,3735
159,3735
2657,3736
33,3740
72,3740
1765,3740
2257,3741
1283,3742
15,3743
2214,3743
269,3744
3258,3744
1673,3745
2179,3745
3234,3746
3272,3747
24,3749
1626,3749
584,3750
3337,3750
221,3751
452,3752
1704,3753
2288,3754
719,3755
1316,3755
3417,3759
33,3760
381,3762
734,3765
3257,3768
1456,3769
983,3771
1828,3771
46,3772
731,3773
1352,3774
3489,3775
1048,3776
3006,3776
3,3777
1704,3778
2614,3778
747,3779
2408,3779
65,3781
135,3783
605,3783
1366,3783
48,3785
456,3785
30,3786
281,3788
368,3788
487,3789
154,3792
2038,3792
27,3793
116,3794
1128,3794
1428,3794
1896,3796
1776,3797
2230,3799
721,3801
730,3801
420,3802
2263,3802
121,3803
1455,3803
492,3804
401,3808
2340,3808
1681,3809
2054,3809
190,3813
1281,3815
1769,3815
1994,3815
151,3819
2281,3819
1,3824
3435,3825
717,3826
3421,3827
566,3829
864,3829
959,3829
1949,3829
3296,3829
3609,3829
51,3830
97,3830
141,3830
913,3832
492,3833
488,3835
116,3836
3222,3836
3723,3837
917,3840
431,3843
979,3843
2130,3843
451,3844
1215,3844
24,3846
2925,3846
405,3847
25,3848
277,3849
2884,3849
848,3850
901,3850
3484,3850
1271,3851
2904,3851
3344,3851
15,3852
26,3854
9,3856
2451,3858
124,3859
235,3860
2202,3860
1503,3861
20,3862
1503,3862
101,3863
654,3863
2940,3863
93,3864
708,3864
3,3865
3734,3865
770,3866
3629,3867
212,3868
360,3871
1805,3871
2106,3872
25,3874
299,3875
746,3876
794,3876
370,3878
3066,3878
392,3880
1088,3880
1394,3881
41,3885
222,3886
46,3887
882,3888
987,3888
3,3889
624,3891
1319,3891
1299,3892
3613,3892
299,3894
751,3894
209,3895
271,3899
770,3899
380,3901
615,3901
300,3902
2747,3904
136,3905
268,3905
300,3906
1107,3907
1768,3909
1963,3909
1167,3910
687,3911
757,3911
467,3913
1392,3913
42,3914
2254,3914
3062,3914
65,3918
1524,3918
20,3920
101,3922
319,3922
1914,3922
1059,3923
3887,3925
1783,3926
1679,3928
111,3929
50,3931
358,3931
654,3931
15,3932
202,3932
3854,3932
2294,3934
2583,3934
394,3935
3040,3935
865,3937
1530,3937
1106,3939
1475,3940
251,3941
118,3942
53,3946
365,3947
209,3948
470,3948
2693,3948
780,3950
865,3950
2963,3950
509,3951
1639,3951
384,3952
418,3954
3210,3955
103,3956
0,3957
1417,3957
105,3958
1453,3958
20,3960
227,3960
1,3961
1417,3962
1771,3962
369,3963
3067,3965
282,3966
351,3966
2961,3966
2203,3967
719,3968
744,3969
1537,3970
517,3971
530,3972
1414,3972
848,3973
685,3974
1331,3974
3497,3974
300,3977
1750,3977
41,3978
60,3980
66,3980
465,3980
1670,3984
11,3988
641,3989
1300,3989
2010,3989
761,3990
25,3992
431,3994
3667,3999
376,4001
2124,4004
178,4006
2275,4006
3344,4007
1177,4008
1041,4009
2115,4009
3,4012
251,4015
467,4016
22,4017
113,4017
1908,4019
3631,4019
584,4020
467,4021
3836,4021
3291,4022
3659,4022
1132,4024
202,4028
1498,4028
1657,4029
723,4031
97,4032
139,4032
3118,4032
369,4033
0,4034
3111,4034
141,4036
3006,4036
298,4039
865,4039
1852,4039
2689,4039
461,4040
1597,4040
840,4043
252,4044
488,4044
3629,4044
25,4045
628,4045
492,4046
174,4047
212,4048
430,4048
1058,4049
2435,4049
370,4052
287,4053
2345,4054
69,4055
1810,4055
25,4056
481,4056
983,4056
14,4057
116,4058
509,4060
2097,4061
207,4063
1316,4064
1625,4064
675,4066
35,4067
3249,4067
341,4070
865,4073
1965,4074
56,4075
3200,4077
3412,4077
35,4078
755,4078
893,4079
1167,4080
2383,4080
1587,4082
725,4084
2408,4084
9,4085
420,4086
339,4088
440,4088
1495,4089
139,4090
233,4092
1629,4092
587,4093
377,4095
625,4097
236,4098
233,4100
2647,4102
50,4106
1409,4108
67,4110
505,4110
226,4112
1049,4112
1151,4112
147,4116
2747,4119
234,4120
1495,4121
2184,4121
2968,4122
3131,4122
607,4123
174,4124
637,4124
21,4126
65,4126
941,4126
234,4127
1969,4128
24,4129
2288,4129
60,4131
3143,4132
190,4133
347,4134
465,4134
3391,4134
233,4135
324,4135
950,4135
1960,4136
3658,4136
1211,4137
3,4141
154,4142
2553,4142
1358,4143
2724,4144
1143,4145
380,4146
1177,4146
2645,4146
9,4147
3084,4150
1143,4151
547,4152
2171,4152
3065,4152
3815,4152
3615,4154
88,4156
586,4157
1029,4157
3960,4157
1522,4161
129,4163
860,4165
1106,4165
2593,4166
2254,4167
607,4170
901,4172
3113,4173
9,4174
1248,4174
1212,4176
1348,4176
10,4177
785,4178
1273,4178
627,4179
488,4180
1562,4182
685,4184
2106,4186
2760,4186
2228,4190
270,4191
680,4191
1556,4192
258,4195
1283,4195
3,4196
485,4197
1151,4197
2440,4199
172,4200
384,4200
1705,4200
3,4201
3176,4202
918,4203
4161,4203
343,4206
2121,4206
25,4207
3833,4207
1457,4208
454,4209
1254,4209
3745,4210
1661,4211
2444,4211
1661,4212
2044,4212
103,4214
4044,4215
818,4217
1032,4217
1598,4217
181,4218
2638,4218
1422,4219
529,4220
806,4220
135,4221
982,4221
2136,4223
2462,4223
1226,4224
4223,4224
900,4225
1548,4225
584,4226
1743,4227
2560,4228
1494,4230
446,4231
1142,4231
24,4232
2658,4232
2638,4234
3202,4235
223,4237
1817,4239
87,4245
3216,4245
501,4246
207,4247
963,4248
60,4249
277,4250
1494,4250
2129,4250
3141,4251
15,4252
1151,4252
3718,4252
36,4254
4,4255
222,4256
1276,4256
3253,4259
1852,4260
584,4261
1835,4261
3886,4261
423,4262
15,4263
1834,4264
488,4266
3755,4267
1938,4268
2067,4268
2288,4268
4088,4268
1177,4270
179,4271
505,4277
26,4278
384,4279
757,4279
1897,4279
432,4280
1946,4280
137,4282
286,4283
758,4283
275,4284
202,4285
25,4286
4225,4288
21,4289
733,4289
153,4290
1726,4292
2612,4292
700,4293
1692,4293
15,4295
373,4296
182,4297
1179,4299
1497,4301
20,4302
848,4302
1080,4302
739,4303
431,4304
2216,4304
405,4306
1963,4306
3643,4306
226,4307
1556,4307
2011,4307
1655,4308
626,4310
2216,4310
4095,4314
159,4315
744,4315
992,4315
3200,4315
25,4318
376,4318
2210,4318
393,4319
3563,4319
15,4322
215,4322
746,4322
3601,4322
2488,4326
370,4327
526,4327
356,4329
654,4330
1576,4332
418,4334
0,4335
2196,4336
4201,4337
3077,4340
3294,4340
2043,4341
2044,4342
584,4344
1568,4344
103,4345
1032,4346
86,4347
760,4348
3722,4348
347,4349
2093,4351
267,4352
1082,4352
1238,4352
2136,4352
3643,4352
963,4353
2581,4353
2165,4355
672,4356
3327,4356
367,4359
794,4359
21,4360
509,4360
249,4363
2372,4364
2917,4364
1522,4365
3175,4365
1017,4366
2687,4366
48,4369
1919,4370
3971,4372
572,4374
2747,4374
3722,4374
3,4375
1143,4376
42,4377
212,4378
46,4380
2933,4380
15,4383
1113,4383
1568,4383
2433,4383
113,4384
1215,4384
465,4387
229,4388
1049,4388
3563,4388
3832,4388
3578,4390
1865,4391
53,4395
3563,4396
347,4397
1872,4398
3693,4398
0,4399
3076,4399
719,4400
3090,4400
3310,4400
3258,4402
918,4403
377,4404
2177,4405
1364,4406
3351,4406
3775,4407
0,4409
1322,4409
4177,4410
2211,4411
1948,4414
2390,4416
942,4417
126,4418
178,4418
268,4420
615,4420
2157,4420
698,4421
1366,4421
2704,4422
3,4423
936,4423
1031,4423
1041,4423
1900,4423
3680,4423
60,4424
365,4424
723,4427
1053,4427
3931,4429
20,4431
992,4432
3098,4433
42,4434
207,4434
2825,4435
12,4437
265,4437
1226,4437
109,4439
1994,4440
1597,4441
1126,4445
1407,4445
1034,4446
358,4447
1476,4447
1238,4449
2670,4450
2560,4451
2927,4451
717,4452
1106,4452
1612,4452
2263,4452
236,4453
431,4453
2451,4454
27,4455
1389,4455
0,4456
3492,4456
945,4457
537,4458
376,4462
1264,4462
1264,4463
9,4467
249,4469
135,4470
451,4470
1324,4472
1057,4474
306,4475
1145,4475
1134,4476
1710,4476
51,4479
212,4480
4366,4480
1529,4481
2451,4481
0,4482
1641,4482
509,4484
2300,4485
42,4486
2281,4486
2477,4486
3830,4486
1318,4487
2805,4487
1846,4488
2767,4488
121,4489
463,4490
2084,4490
159,4492
1396,4492
789,4494
101,4495
420,4496
2060,4499
2784,4499
1001,4500
3928,4505
1191,4506
46,4509
2251,4509
41,4510
9,4511
1535,4511
2800,4512
2946,4512
659,4513
2869,4514
660,4515
2246,4515
252,4517
2932,4517
465,4518
1834,4518
1852,4518
380,4519
171,4521
373,4523
918,4523
349,4524
2300,4524
1526,4525
2783,4525
308,4526
9,4527
2462,4527
1592,4528
1949,4528
4223,4528
744,4530
135,4531
2581,4536
3331,4537
93,4538
377,4539
1880,4540
421,4541
12,4542
1964,4542
4429,4544
49,4545
736,4546
1010,4546
4116,4549
3843,4553
21,4554
461,4554
1469,4556
717,4559
1887,4559
116,4560
1670,4560
2581,4560
3,4561
3713,4561
1319,4562
3405,4564
565,4566
446,4567
1238,4568
637,4569
124,4570
53,4571
677,4571
747,4571
1264,4571
1540,4571
1659,4571
306,4572
831,4572
770,4575
3864,4575
1529,4578
2904,4578
0,4579
469,4579
3077,4580
25,4585
365,4585
235,4586
3693,4586
533,4587
865,4587
939,4587
1004,4587
178,4588
1821,4588
2060,4589
342,4590
654,4590
3344,4590
697,4592
1854,4592
213,4593
251,4593
3098,4593
3581,4594
3860,4595
548,4596
1122,4596
3421,4596
2054,4597
2099,4597
4156,4597
3745,4599
141,4600
2445,4600
213,4601
717,4601
467,4602
545,4602
4089,4602
2724,4603
1771,4604
33,4605
545,4607
1592,4607
3571,4607
384,4609
177,4610
2116,4610
113,4611
70,4613
281,4613
806,4613
4,4614
1003,4614
778,4615
1455,4615
1163,4616
807,4617
1057,4619
2420,4619
358,4620
559,4620
806,4622
2257,4625
1366,4627
1334,4628
46,4632
1781,4632
2437,4632
1592,4634
3937,4634
2836,4635
1548,4637
3418,4639
473,4640
1253,4642
1810,4642
87,4643
229,4643
1896,4643
1040,4644
3395,4644
3,4646
25,4646
378,4646
1051,4646
1793,4646
3000,4646
1639,4647
1884,4647
922,4648
1455,4648
294,4650
719,4653
0,4654
2316,4654
491,4655
1836,4657
1490,4659
3035,4661
1182,4662
4261,4663
405,4665
26,4666
1258,4666
1570,4666
2644,4666
1613,4667
1389,4668
3852,4668
135,4669
2092,4669
1790,4670
249,4674
2072,4674
818,4675
50,4676
161,4677
232,4678
2050,4679
2076,4679
222,4681
405,4682
2440,4683
4144,4683
489,4686
60,4687
1040,4690
3440,4690
2961,4693
69,4694
4032,4696
431,4697
392,4702
517,4703
21,4704
886,4704
2043,4704
4517,4704
584,4706
1248,4706
2878,4706
434,4707
509,4708
282,4711
2562,4711
287,4712
566,4712
2878,4712
1020,4713
431,4714
4142,4714
818,4715
1315,4715
492,4716
704,4716
885,4716
1693,4718
2607,4718
1260,4719
350,4721
2790,4721
1082,4722
900,4723
2747,4724
1592,4726
3490,4727
9,4729
215,4729
1955,4730
4161,4730
226,4731
1,4732
1040,4732
116,4733
1098,4733
3794,4733
446,4734
4,4735
828,4735
1631,4735
1781,4735
1248,4736
42,4738
1987,4738
2177,4738
152,4742
883,4742
3500,4746
25,4749
3871,4750
1883,4752
1285,4754
1058,4756
1908,4756
3293,4756
53,4759
1701,4759
215,4760
2314,4760
69,4761
4147,4761
4571,4761
431,4762
21,4763
4760,4763
0,4764
4590,4764
1482,4765
1182,4766
3502,4766
4208,4766
992,4767
405,4768
969,4769
1783,4771
46,4772
2228,4772
2130,4773
212,4775
2941,4776
431,4777
1298,4778
394,4779
1259,4779
1783,4782
0,4784
92,4784
1875,4784
2887,4784
3740,4784
2704,4789
69,4790
136,4790
2609,4790
505,4794
4073,4794
2917,4795
1082,4796
26,4797
2136,4797
431,4798
3499,4799
3948,4799
163,4800
451,4800
465,4800
116,4801
628,4802
3745,4802
1057,4803
1179,4803
3408,4806
4134,4806
1497,4807
913,4808
3466,4810
226,4815
4730,4815
223,4816
3215,4816
1271,4818
88,4819
558,4819
775,4820
3692,4820
21,4821
12,4822
1475,4823
2230,4823
1432,4826
235,4828
4084,4828
3094,4829
2169,4831
1202,4832
3066,4832
1,4834
3283,4837
3065,4839
214,4840
918,4840
1079,4842
1836,4844
2769,4845
230,4846
4763,4846
165,4848
1726,4848
42,4851
2254,4855
3785,4855
11,4857
60,4858
3667,4859
226,4860
1753,4860
1122,4862
1457,4862
203,4863
2177,4863
2364,4863
30,4864
33,4864
893,4867
1093,4868
501,4870
3417,4870
322,4871
1054,4871
1450,4872
3715,4872
3721,4872
2948,4873
2861,4874
3775,4874
807,4875
3159,4876
1396,4877
465,4878
3236,4879
86,4880
461,4880
3803,4880
115,4882
420,4885
649,4886
215,4887
1640,4889
3479,4889
901,4890
763,4891
4803,4891
270,4893
2213,4893
258,4897
9,4898
343,4898
1884,4899
2987,4900
75,4901
1771,4901
111,4902
1395,4902
9,4903
223,4903
4646,4907
9,4908
577,4910
1073,4911
1884,4915
1908,4915
50,4916
3356,4917
4306,4918
3492,4919
29,4920
41,4921
605,4922
839,4922
3716,4922
1168,4924
128,4925
831,4929
4135,4929
2013,4930
737,4932
904,4934
3621,4937
39,4940
864,4940
3641,4940
1669,4942
2464,4942
2752,4942
4322,4944
4589,4944
2223,4945
373,4946
319,4947
760,4947
806,4947
2943,4947
1556,4948
1707,4949
306,4951
39,4952
137,4952
2991,4952
3,4953
939,4954
4315,4954
3637,4957
4889,4961
671,4962
420,4964
983,4964
3370,4964
3076,4966
182,4968
259,4968
381,4969
133,4971
2076,4971
633,4972
807,4972
3253,4974
612,4975
1356,4975
1216,4976
2958,4976
213,4978
1850,4980
2463,4980
3164,4980
2129,4981
259,4982
3035,4982
0,4984
21,4984
4731,4986
226,4987
3808,4987
4587,4987
3631,4989
1902,4994
139,4995
943,4995
1869,4996
4195,4997
3156,4998
3513,4999
9,5000
87,5000
3176,5000
370,5001
1859,5002
2590,5002
21,5006
2224,5007
3355,5007
610,5008
3421,5011
115,5013
48,5014
2926,5014
152,5015
1668,5016
3139,5016
4,5017
21,5017
25,5018
377,5018
2129,5018
215,5019
1500,5019
0,5020
141,5020
430,5020
922,5021
1,5022
11,5022
376,5022
3653,5023
35,5024
423,5027
3156,5028
807,5029
1963,5031
2230,5031
3999,5031
203,5032
1914,5032
3385,5032
1079,5033
715,5035
2985,5038
4,5039
115,5041
624,5042
1327,5042
1621,5043
1163,5044
3391,5044
2044,5048
2246,5049
3345,5049
757,5050
1964,5050
399,5051
59,5052
466,5052
2430,5052
1163,5054
2203,5054
221,5055
1080,5055
615,5056
1352,5056
2044,5056
136,5057
3722,5057
4252,5059
4590,5061
1559,5062
223,5063
4429,5065
1863,5067
3641,5069
934,5070
2553,5070
2778,5070
160,5072
1655,5072
2878,5072
1273,5074
4429,5074
136,5076
4862,5076
2390,5078
30,5080
548,5082
3125,5082
509,5083
1994,5083
328,5084
1987,5084
4590,5086
42,5090
118,5091
566,5091
50,5092
847,5092
3,5094
1319,5095
3094,5095
223,5097
2460,5097
277,5098
0,5100
4056,5100
2564,5101
118,5102
1437,5102
271,5104
2044,5105
9,5106
1258,5106
1587,5106
382,5108
3,5110
685,5110
2451,5110
3713,5110
4542,5111
913,5112
2127,5112
25,5113
35,5113
4735,5113
171,5116
1334,5119
2130,5119
2581,5119
88,5120
2870,5120
3309,5121
758,5122
3658,5122
113,5123
2256,5123
4619,5124
393,5125
1256,5126
393,5128
282,5130
1298,5131
2263,5131
1216,5132
283,5133
2390,5134
1058,5135
2694,5135
107,5136
236,5136
212,5139
86,5140
3989,5140
50,5142
4126,5142
1,5144
2864,5144
3,5147
88,5147
4,5150
70,5150
4306,5150
1772,5153
3062,5153
215,5154
4860,5154
2237,5156
2597,5156
1491,5157
25,5158
2272,5160
628,5161
2023,5163
717,5165
105,5166
4597,5168
1669,5170
348,5172
3175,5172
3972,5173
1690,5174
707,5177
2420,5177
2444,5177
3584,5177
4968,5179
2390,5180
5052,5180
437,5182
1407,5182
1102,5184
4388,5185
278,5186
879,5186
159,5189
4224,5189
4635,5191
904,5192
212,5194
736,5195
189,5196
735,5196
1046,5199
1348,5202
818,5204
1494,5204
2851,5206
103,5207
4571,5209
1474,5212
190,5214
917,5217
1770,5220
714,5222
4779,5222
67,5223
9,5225
1376,5226
3564,5226
5054,5228
429,5230
4648,5230
851,5233
128,5234
4355,5234
46,5235
306,5235
625,5235
24,5236
610,5236
1710,5238
4032,5238
384,5240
715,5240
1255,5240
1655,5240
2617,5241
721,5244
378,5246
881,5247
2153,5247
3441,5248
3667,5248
727,5250
901,5250
300,5251
5248,5251
4399,5253
865,5254
1726,5255
5235,5257
101,5258
1529,5258
93,5259
697,5259
1088,5259
1406,5261
1924,5261
4572,5261
1073,5267
3634,5267
401,5269
723,5269
917,5270
1445,5270
2036,5273
855,5275
1053,5276
3713,5278
20,5279
206,5279
1649,5279
3391,5279
1281,5280
473,5283
1267,5284
89,5285
3939,5285
4654,5285
5050,5285
3937,5286
2472,5287
1632,5290
259,5293
2149,5294
33,5296
429,5296
1704,5296
2116,5296
3467,5296
456,5298
118,5300
67,5301
1668,5301
2565,5301
251,5302
473,5303
5180,5304
565,5306
4279,5307
4355,5307
2757,5310
137,5311
4475,5311
0,5312
2288,5312
1,5314
212,5314
1489,5314
2363,5315
2611,5316
393,5317
848,5317
1267,5318
1364,5318
628,5319
1,5322
431,5323
570,5324
299,5325
509,5325
584,5326
1661,5326
1693,5326
5039,5326
3754,5327
3970,5327
1639,5328
214,5331
1710,5334
4144,5334
1757,5335
4,5338
20,5338
2143,5338
1402,5342
118,5343
3777,5344
15,5346
1619,5350
719,5351
223,5355
1189,5356
4823,5356
103,5358
3163,5358
26,5359
1457,5359
3643,5359
282,5360
945,5362
1082,5364
2166,5364
2128,5365
15,5366
3000,5366
3,5367
960,5367
1142,5371
2281,5372
945,5373
3603,5374
2130,5375
1145,5378
1322,5379
4760,5380
873,5381
1865,5381
108,5382
3718,5382
646,5383
124,5384
845,5385
987,5387
4223,5387
4073,5388
1293,5390
2076,5391
2557,5391
3522,5392
60,5393
610,5395
1312,5395
3345,5395
4615,5395
463,5396
839,5396
3851,5396
420,5397
2824,5397
4375,5398
1503,5399
1994,5399
1296,5401
1706,5402
4803,5402
1143,5403
4597,5403
2595,5404
1805,5406
1618,5408
2943,5408
3672,5408
1710,5411
135,5414
2146,5414
3693,5414
4779,5414
3508,5415
4587,5416
1459,5417
807,5418
901,5418
9,5419
1020,5421
2129,5422
499,5426
1753,5426
1172,5427
1482,5427
50,5429
60,5432
53,5433
724,5433
4064,5434
818,5436
785,5437
3497,5437
627,5440
48,5442
36,5443
2228,5443
3175,5443
5106,5443
755,5444
1598,5449
5315,5451
147,5452
3226,5452
1494,5453
9,5455
1982,5455
4974,5457
582,5458
1891,5458
2393,5458
624,5460
29,5461
1023,5462
2693,5462
2199,5463
267,5464
4518,5465
158,5467
1475,5467
3928,5467
69,5470
376,5470
2632,5470
864,5471
215,5473
2402,5474
979,5475
29,5477
465,5477
3659,5477
509,5478
3131,5478
378,5480
350,5482
2393,5482
2121,5484
2263,5487
1252,5488
1710,5489
654,5490
890,5490
0,5491
105,5491
901,5493
382,5494
3142,5494
212,5495
4,5497
1938,5497
35,5498
1258,5501
1261,5501
1683,5501
5270,5502
1462,5504
2157,5504
807,5506
589,5507
2690,5507
21,5510
3601,5511
790,5513
1185,5515
1356,5516
723,5518
484,5519
15,5520
725,5523
845,5523
1046,5524
3111,5526
789,5527
2979,5527
1924,5529
696,5530
1542,5532
4451,5533
3978,5534
2866,5535
3621,5539
5050,5539
212,5540
2778,5541
258,5542
2553,5542
5199,5542
3,5543
717,5543
785,5543
9,5544
305,5544
111,5547
1857,5547
1182,5548
624,5550
2730,5550
121,5551
3073,5551
24,5552
1498,5552
381,5553
39,5554
109,5557
1692,5558
1860,5558
485,5559
168,5560
1542,5560
4779,5561
415,5562
997,5562
5391,5562
2623,5563
57,5564
969,5565
4903,5565
2402,5568
3082,5568
908,5570
2687,5571
3601,5571
509,5573
3314,5574
3866,5574
2298,5575
3,5576
3846,5576
1151,5577
2323,5581
1261,5582
2878,5583
2320,5584
3899,5584
2983,5585
4,5587
522,5588
3327,5590
384,5593
22,5594
26,5595
58,5596
15,5597
509,5598
520,5599
1364,5599
4879,5599
2938,5600
53,5602
1046,5604
4403,5605
5119,5606
25,5607
844,5607
723,5608
4405,5609
2038,5611
2344,5611
1,5614
25,5616
322,5616
22,5617
405,5618
640,5618
725,5618
159,5619
2468,5619
3186,5619
3615,5621
1412,5624
4045,5624
2214,5625
9,5627
5416,5632
4864,5633
2391,5634
165,5635
3947,5635
115,5637
299,5637
2935,5637
186,5638
236,5638
2713,5639
431,5640
3357,5641
3911,5641
178,5643
3382,5645
584,5647
236,5648
537,5648
3,5649
3360,5649
159,5650
5029,5651
2275,5653
2488,5653
4987,5659
207,5663
4898,5669
959,5672
1569,5674
60,5676
3175,5678
298,5681
2644,5681
212,5683
1594,5684
1869,5684
1414,5685
4336,5685
2825,5688
440,5691
538,5691
4706,5691
298,5693
712,5693
851,5693
1593,5693
2685,5693
39,5694
2165,5694
2010,5695
1278,5697
4726,5697
235,5698
3578,5698
50,5700
178,5700
363,5700
440,5703
2146,5703
3121,5703
376,5704
1784,5704
10,5706
1948,5707
4539,5710
2586,5711
746,5712
431,5716
49,5717
1828,5717
3415,5718
4424,5718
135,5719
1212,5720
1277,5720
2168,5720
979,5721
1053,5721
4954,5721
509,5723
5125,5723
2956,5724
1332,5727
4499,5727
1923,5729
1258,5730
3330,5730
2443,5731
5382,5732
3044,5734
4420,5735
1495,5737
373,5738
2115,5739
1,5741
762,5743
212,5744
2173,5744
748,5745
384,5746
1261,5746
336,5747
1674,5748
5014,5750
4518,5753
903,5754
1392,5754
607,5755
2789,5756
2789,5758
3966,5758
2165,5759
27,5760
60,5761
259,5761
2713,5761
605,5763
565,5766
3159,5766
4021,5766
945,5767
1106,5767
818,5769
1738,5769
806,5770
3158,5771
5158,5771
4674,5772
213,5773
3680,5773
4562,5773
1427,5775
992,5776
3290,5776
2783,5777
50,5778
723,5778
3334,5778
1457,5779
3497,5780
141,5783
14,5784
41,5784
1412,5785
1668,5786
534,5788
1887,5789
2010,5789
3166,5790
509,5791
1765,5791
717,5792
751,5793
5559,5793
1300,5796
2228,5796
5520,5798
1792,5800
2033,5800
4302,5802
9,5803
4370,5803
5681,5803
1578,5804
3397,5804
1409,5809
4832,5809
751,5810
1059,5810
1408,5810
847,5812
258,5813
5593,5813
1054,5814
1270,5814
299,5815
374,5816
697,5816
789,5816
1216,5817
2532,5817
538,5818
1054,5818
2790,5818
3749,5819
1269,5822
2392,5823
5316,5824
4351,5825
474,5826
1040,5827
4902,5828
5596,5829
27,5833
46,5835
917,5835
2263,5836
5016,5836
1188,5837
1706,5837
21,5839
1765,5839
3441,5840
580,5843
4798,5843
5396,5843
1293,5844
168,5846
1040,5846
35,5847
3417,5848
3745,5848
277,5849
297,5849
775,5849
4632,5851
865,5855
4336,5856
3670,5860
788,5861
4586,5862
5575,5862
50,5863
537,5863
5408,5867
5541,5867
1498,5868
1713,5868
5366,5869
5843,5870
1464,5872
1406,5874
3089,5874
922,5876
1649,5877
4903,5877
1457,5879
3022,5879
1796,5883
392,5884
207,5886
1364,5886
508,5887
794,5889
377,5890
5367,5890
203,5891
3035,5891
3868,5891
207,5893
5510,5896
509,5897
4568,5898
1315,5899
1149,5900
5126,5900
2940,5901
351,5903
5367,5904
1945,5905
2140,5905
2390,5905
2224,5906
103,5907
432,5909
1180,5909
1750,5909
3815,5909
3129,5910
4880,5912
4108,5913
277,5914
1191,5914
4874,5914
3,5915
300,5916
3435,5917
2285,5919
4901,5920
60,5921
124,5922
2391,5925
0,5926
3002,5926
3513,5927
1704,5929
987,5934
717,5937
3369,5937
50,5938
105,5941
9,5942
25,5942
4596,5944
932,5945
33,5948
53,5948
5477,5948
3,5950
1707,5952
2814,5952
2117,5953
1586,5955
1240,5956
177,5959
1750,5959
1958,5959
2196,5959
5703,5959
365,5960
50,5962
1020,5965
429,5966
3448,5967
67,5969
2129,5970
3589,5970
2208,5972
4420,5973
3629,5977
1884,5979
747,5981
432,5985
1189,5987
1498,5987
4964,5987
850,5988
1712,5988
4646,5990
126,5991
4295,5997
1415,5999
2814,5999
2093,6000
111,6001
287,6001
5818,6004
2451,6005
2130,6006
165,6007
4947,6008
4863,6012
1106,6013
171,6014
4108,6019
3083,6020
3413,6021
3271,6022
343,6023
4218,6024
342,6025
0,6028
194,6028
2227,6029
5605,6029
627,6030
1046,6031
4570,6032
3519,6033
5214,6033
33,6035
577,6036
1775,6036
1901,6036
4353,6037
1929,6038
4969,6038
2165,6039
1088,6042
467,6048
979,6050
1613,6050
3283,6050
4891,6050
1339,6051
3236,6051
3978,6051
4124,6051
1322,6052
5606,6053
27,6056
2538,6056
5464,6056
1530,6057
509,6060
229,6061
2715,6063
6033,6063
465,6064
2597,6064
4342,6064
839,6066
294,6073
2423,6073
4383,6073
4580,6074
25,6077
384,6077
1706,6079
992,6080
3,6081
685,6083
105,6084
204,6085
1972,6088
5306,6088
1179,6089
4819,6089
606,6091
3878,6091
2359,6092
4391,6092
3984,6096
628,6097
1318,6097
5029,6097
1461,6099
2010,6099
2124,6100
129,6103
917,6104
22,6105
213,6107
1228,6108
1054,6110
1222,6111
1834,6111
2072,6112
2937,6115
5359,6115
1,6116
485,6116
6037,6116
147,6118
1470,6118
135,6120
2836,6120
1059,6122
2519,6122
770,6123
5847,6124
347,6129
1129,6129
139,6133
4223,6133
4975,6133
754,6135
9,6136
2036,6137
3749,6137
174,6140
2693,6140
93,6141
2623,6141
2372,6143
5619,6143
300,6146
1093,6147
5052,6149
3,6151
226,6151
1132,6151
90,6153
5856,6155
3062,6159
431,6161
12,6162
453,6162
4106,6162
918,6163
1351,6164
751,6165
913,6166
2044,6166
1349,6167
2129,6167
1278,6169
4370,6169
581,6170
1366,6170
2864,6170
3314,6173
4544,6174
2422,6176
1884,6177
3407,6177
5559,6178
9,6179
4178,6179
565,6180
270,6181
1235,6183
2384,6183
370,6184
42,6185
2129,6185
5723,6186
118,6188
1049,6188
26,6189
405,6189
2819,6190
4322,6191
6123,6192
1040,6193
2462,6193
4261,6194
1239,6195
1494,6195
3830,6195
202,6196
2033,6196
4816,6196
920,6198
911,6199
9,6200
2092,6200
15,6202
1278,6202
453,6204
4022,6204
3,6205
92,6206
730,6207
2279,6207
4088,6208
70,6209
1456,6212
4706,6213
278,6215
3584,6215
666,6218
226,6219
615,6220
226,6221
992,6221
2173,6221
2811,6221
2173,6222
2044,6228
1589,6229
5663,6230
729,6233
2345,6235
4366,6235
5573,6236
553,6237
215,6241
1707,6241
5246,6241
178,6243
1784,6243
1351,6244
0,6245
1373,6245
1457,6246
4837,6246
5166,6246
6196,6248
588,6249
126,6251
384,6253
467,6253
1281,6254
3351,6254
1,6255
4541,6256
15,6259
43,6259
3681,6260
9,6262
5704,6262
589,6263
3518,6263
147,6264
252,6264
4178,6264
1771,6265
258,6266
465,6266
1456,6268
1495,6268
3162,6268
1273,6269
628,6271
1046,6272
746,6273
1783,6274
367,6275
213,6276
928,6277
4858,6277
533,6279
646,6279
3446,6279
72,6280
715,6280
1888,6280
1053,6281
1179,6282
35,6283
405,6284
917,6285
1402,6285
2348,6288
5877,6288
6245,6289
1670,6290
5269,6290
517,6295
4146,6295
58,6296
2932,6296
624,6299
775,6299
5730,6299
584,6300
3,6302
25,6302
1841,6305
203,6306
2314,6306
2747,6306
1766,6310
3000,6312
2961,6313
5987,6313
1238,6314
4289,6314
2308,6315
4,6316
29,6317
133,6317
746,6318
4887,6318
1761,6319
857,6321
2870,6321
128,6322
1852,6322
3470,6324
48,6325
299,6328
5987,6329
1098,6330
1994,6330
4840,6330
4944,6331
5054,6331
21,6332
2214,6333
2103,6334
4874,6334
87,6339
2143,6340
3607,6340
319,6341
2141,6342
3463,6342
227,6344
1402,6344
1503,6345
3692,6345
3447,6347
87,6348
207,6349
4575,6349
705,6350
2423,6353
1821,6354
3370,6354
5021,6354
27,6355
1335,6355
2693,6356
3,6358
20,6358
1344,6358
5106,6359
1369,6360
955,6361
2238,6361
500,6362
3850,6364
1713,6366
194,6367
485,6367
2935,6368
2769,6370
5685,6370
3272,6372
3696,6373
4980,6373
2983,6378
4055,6378
5240,6378
65,6382
3935,6383
235,6384
6220,6384
3681,6389
179,6390
5548,6390
1189,6391
1581,6391
473,6393
2076,6393
1352,6396
2844,6396
328,6398
509,6403
488,6405
294,6406
2170,6407
4999,6407
318,6408
1863,6409
2254,6409
2731,6409
5121,6409
1280,6412
2941,6413
6191,6413
5052,6416
1975,6417
2960,6417
4176,6417
1074,6418
3988,6418
4421,6419
4662,6419
595,6420
6328,6421
4142,6422
4446,6426
1850,6427
1185,6428
1457,6433
2811,6433
1179,6434
1948,6434
1710,6435
299,6437
393,6439
3801,6439
2537,6440
9,6441
103,6443
2555,6443
5826,6444
2922,6447
719,6449
3984,6453
1668,6454
756,6455
3161,6455
6290,6455
865,6456
3336,6456
5240,6457
107,6458
128,6460
818,6460
1261,6460
1884,6460
6279,6460
2469,6461
4999,6461
1413,6462
3400,6466
3876,6467
295,6468
1222,6468
2254,6468
628,6473
2390,6473
268,6474
2685,6478
3634,6478
2951,6480
65,6482
87,6482
427,6484
2294,6485
2638,6485
2904,6487
278,6488
259,6489
886,6490
3162,6490
2517,6491
3000,6493
25,6497
581,6497
2643,6498
1417,6499
4152,6500
212,6503
1083,6503
2418,6503
3125,6503
5396,6503
3843,6504
377,6505
454,6505
67,6506
4006,6506
0,6507
103,6509
801,6509
6135,6510
1921,6511
3090,6511
4999,6513
488,6516
5926,6519
1637,6520
1647,6520
5467,6522
5862,6524
2033,6525
222,6528
1185,6528
1287,6528
2427,6529
67,6530
325,6531
1238,6531
4122,6533
6207,6533
282,6535
2932,6536
2397,6537
5861,6538
365,6539
3234,6539
2228,6540
3508,6540
5052,6540
1761,6541
108,6542
26,6545
1143,6547
760,6549
2053,6550
2642,6550
851,6552
5607,6552
1780,6553
3323,6553
1777,6554
770,6557
113,6560
3860,6560
6288,6560
1951,6561
4602,6561
171,6562
0,6564
2181,6566
2475,6566
421,6567
1529,6567
1997,6568
2612,6568
3643,6568
3832,6569
39,6570
1955,6572
3,6573
2244,6573
4760,6573
474,6574
4144,6574
1082,6577
67,6578
2469,6578
3563,6578
680,6584
5437,6585
812,6586
907,6586
3966,6587
1238,6588
2640,6589
474,6590
3113,6590
33,6591
5616,6591
69,6592
206,6592
1497,6592
1031,6593
4145,6593
932,6594
182,6595
3659,6595
6116,6595
1412,6598
474,6599
136,6600
1743,6600
2196,6601
4036,6601
3166,6603
3,6607
2953,6609
3950,6609
4112,6610
505,6611
3181,6615
5784,6616
5443,6617
1860,6618
1498,6619
1499,6621
15,6623
2496,6623
3169,6623
565,6625
607,6625
1266,6625
2129,6625
5915,6625
1,6626
9,6627
165,6627
111,6628
1061,6628
2933,6628
3294,6628
2943,6630
865,6631
3972,6631
474,6633
505,6633
1402,6633
681,6635
1535,6635
1712,6635
1621,6636
2013,6637
4073,6637
154,6638
1474,6638
3809,6638
3969,6638
2069,6641
1900,6642
680,6643
2564,6643
4600,6643
113,6646
1128,6647
5016,6647
6302,6647
56,6649
3077,6649
270,6650
2888,6651
4,6653
565,6653
451,6654
1285,6657
2355,6657
2444,6657
4832,6660
1360,6662
4284,6662
252,6663
5791,6663
199,6665
440,6666
97,6668
1503,6668
2146,6668
2864,6668
4530,6671
108,6672
370,6676
177,6677
4490,6677
918,6679
6241,6680
1254,6681
5482,6682
213,6683
667,6683
320,6684
711,6684
69,6687
4170,6687
46,6691
87,6691
215,6691
770,6691
6455,6691
377,6692
5635,6692
6105,6693
2693,6694
3395,6694
1,6696
29,6696
2788,6696
1149,6697
3564,6697
5007,6697
3974,6698
1441,6699
2638,6699
377,6703
488,6703
1189,6703
6668,6703
3794,6704
5583,6705
2122,6706
2419,6706
1947,6707
1189,6708
2390,6708
628,6709
3345,6709
586,6710
2625,6712
25,6714
278,6715
451,6716
5704,6716
25,6718
4214,6718
137,6720
1948,6720
461,6721
900,6721
4174,6723
3974,6724
917,6725
3692,6728
790,6729
2376,6729
5382,6730
3708,6731
747,6737
3937,6739
109,6740
147,6741
730,6742
1621,6742
33,6743
4307,6744
182,6746
882,6747
3894,6747
4597,6747
505,6749
4255,6750
3749,6753
4615,6755
3653,6756
4208,6756
151,6758
50,6759
5634,6760
137,6761
414,6762
3972,6762
488,6763
3241,6763
6440,6764
53,6765
6460,6768
277,6769
2316,6769
1947,6771
1283,6772
1966,6773
2636,6773
5139,6774
1995,6776
488,6779
35,6780
5570,6780
530,6783
1060,6783
5470,6784
2208,6787
1280,6788
1484,6788
139,6789
1065,6790
5744,6791
322,6792
1853,6792
3040,6792
65,6796
5382,6800
133,6801
3448,6801
1706,6803
271,6804
1204,6804
4145,6804
6628,6805
113,6806
368,6807
2553,6807
5457,6809
761,6812
4143,6812
1783,6813
2385,6813
987,6814
384,6815
4475,6816
88,6818
3866,6821
451,6822
1132,6823
1570,6824
69,6827
1412,6828
6151,6828
5771,6829
1082,6830
4352,6830
603,6831
6296,6831
832,6832
283,6833
1098,6834
1537,6834
509,6838
4589,6840
1079,6841
4364,6841
46,6842
46,6845
294,6845
384,6845
4195,6847
5442,6849
4523,6853
818,6854
1864,6854
3631,6855
685,6856
5132,6856
5704,6857
87,6858
2226,6858
831,6859
1267,6859
299,6860
2085,6860
105,6862
6189,6862
1619,6863
25,6865
1459,6865
1457,6866
6167,6866
2943,6867
3189,6867
2197,6869
2385,6869
4057,6870
3972,6871
941,6872
3264,6876
1836,6877
3606,6877
4279,6878
6263,6878
1417,6879
126,6880
1497,6880
3355,6880
1182,6881
3499,6881
82,6882
50,6883
6516,6883
3090,6884
1670,6887
6120,6887
6478,6887
26,6888
746,6889
4738,6890
3110,6891
3223,6891
2564,6892
72,6895
1248,6895
233,6897
6792,6897
35,6898
844,6898
415,6900
5059,6900
4,6904
1106,6905
2555,6905
174,6906
25,6907
1949,6907
221,6908
1497,6908
1967,6910
3590,6910
429,6912
3783,6912
5315,6914
21,6917
794,6917
4152,6918
4299,6918
3490,6919
6687,6919
1088,6920
4952,6920
893,6922
4721,6922
1273,6923
5251,6923
35,6925
2037,6925
2392,6925
3474,6925
48,6926
1273,6928
6036,6928
3542,6929
41,6930
1914,6930
3854,6930
306,6933
1459,6933
215,6934
1805,6934
203,6935
2263,6935
488,6936
526,6936
1153,6936
922,6937
4553,6938
5672,6938
544,6939
2053,6942
5144,6945
4754,6947
3330,6948
6370,6948
3,6949
152,6950
305,6950
136,6952
226,6952
135,6954
3715,6954
4872,6954
3315,6957
5691,6957
4646,6958
6262,6958
6704,6958
6422,6959
2932,6960
3670,6963
882,6964
6435,6964
1046,6965
2279,6967
6089,6967
9,6969
87,6970
480,6971
918,6971
789,6972
384,6974
987,6974
226,6975
111,6977
133,6977
415,6977
4383,6979
2923,6982
707,6983
1255,6983
1684,6983
0,6984
4260,6984
207,6985
1482,6985
3277,6987
3783,6991
222,6994
6705,6994
3080,6995
60,6996
295,6996
1153,6996
5635,6996
367,6999
378,6999
5049,7000
9,7003
405,7003
1063,7003
3584,7004
785,7005
1950,7006
136,7007
721,7007
3678,7007
5346,7009
6994,7011
1441,7013
2023,7013
2182,7013
480,7014
3467,7014
43,7015
4144,7015
4802,7015
25,7016
399,7016
5570,7016
25,7017
2076,7017
2078,7019
883,7020
6977,7020
2314,7021
1215,7024
1389,7024
3958,7024
6737,7024
0,7026
1138,7026
1668,7028
907,7029
6315,7030
708,7031
381,7033
2228,7033
605,7034
1850,7034
92,7036
246,7036
3,7037
4704,7037
4920,7037
3144,7038
5760,7041
5458,7043
1180,7044
121,7046
917,7047
298,7048
1839,7048
1042,7049
4702,7052
1588,7053
25,7054
135,7054
405,7054
6628,7054
1363,7055
50,7056
135,7056
6642,7057
758,7058
4632,7059
5403,7059
2548,7061
5513,7061
207,7062
319,7063
21,7066
572,7066
2116,7066
300,7068
2338,7071
420,7073
2700,7073
3073,7074
6729,7074
4763,7078
847,7079
3351,7080
135,7081
1750,7081
3,7083
60,7083
88,7083
46,7084
7020,7085
1520,7087
1963,7089
2078,7089
69,7090
6959,7091
2323,7092
1417,7093
1670,7093
1857,7093
1963,7093
3713,7093
56,7094
1847,7096
2783,7100
2776,7101
212,7102
432,7102
446,7103
6317,7103
845,7104
1311,7106
1522,7107
2934,7108
2259,7112
1167,7113
4517,7113
2214,7114
4759,7114
65,7115
612,7115
5575,7115
7003,7115
2129,7116
3400,7116
223,7117
1707,7117
4369,7117
105,7118
2624,7118
5007,7118
298,7119
158,7121
5519,7122
270,7125
3195,7125
4619,7125
325,7126
135,7128
1777,7128
5113,7129
3067,7130
213,7131
1757,7132
60,7134
1471,7134
1755,7135
2565,7135
4209,7135
6876,7137
5279,7141
1285,7144
1836,7144
2963,7144
2565,7146
136,7148
2168,7148
0,7149
530,7149
35,7150
212,7150
325,7153
888,7155
5095,7155
64,7156
109,7156
1078,7157
2266,7159
1994,7160
4129,7160
717,7161
3315,7161
20,7162
4289,7162
2115,7163
15,7165
930,7165
212,7166
6313,7166
746,7167
5054,7167
42,7168
229,7168
726,7170
3221,7170
3283,7171
116,7172
785,7172
4088,7172
7062,7172
4511,7173
1832,7175
2529,7177
6129,7177
6403,7177
1503,7178
5920,7181
115,7183
402,7184
382,7185
2997,7185
4646,7186
3344,7187
624,7188
2232,7188
378,7189
544,7191
950,7191
5779,7195
35,7198
413,7199
4364,7200
2050,7201
3195,7201
135,7202
359,7202
12,7203
2713,7203
1463,7204
7170,7204
285,7205
3716,7205
2128,7206
4073,7206
24,7207
6720,7207
9,7208
1078,7214
4370,7214
1206,7215
4517,7215
3309,7216
6668,7216
252,7218
1865,7218
6687,7219
3283,7220
6553,7220
3381,7222
270,7223
377,7226
1444,7226
2202,7226
5417,7227
2590,7228
1356,7230
1482,7231
1598,7231
171,7232
2501,7233
1316,7236
298,7240
1891,7243
2392,7243
2612,7243
199,7244
1950,7244
3407,7244
3677,7244
212,7245
2294,7245
5605,7245
3417,7246
517,7247
2117,7248
35,7249
161,7251
793,7252
930,7252
12,7253
607,7253
5157,7254
215,7255
4832,7255
439,7257
1598,7257
3563,7257
319,7258
137,7260
50,7263
1027,7266
4872,7267
1964,7268
3,7269
46,7270
932,7270
5011,7270
1148,7274
2241,7275
6466,7275
2693,7277
5160,7277
6189,7277
25,7280
194,7280
3563,7280
6382,7280
2128,7281
445,7282
6195,7282
205,7284
1000,7286
0,7289
2046,7289
4815,7289
9,7291
6912,7295
6190,7296
1197,7297
5041,7297
6290,7297
6996,7298
616,7299
5119,7299
7003,7302
801,7303
154,7305
358,7305
4292,7305
5778,7305
968,7306
6647,7309
215,7310
1167,7310
41,7311
93,7312
367,7312
4100,7312
3815,7313
113,7317
358,7317
440,7318
1061,7319
1003,7321
1998,7322
3634,7322
1180,7323
1254,7323
793,7324
4029,7324
69,7326
1704,7327
87,7331
2250,7332
118,7333
3794,7333
5600,7334
194,7335
212,7335
351,7335
4108,7335
747,7336
1723,7336
2384,7338
7324,7338
249,7339
1408,7339
213,7341
2410,7341
1853,7342
937,7344
27,7345
2179,7345
6300,7345
7289,7346
3743,7349
1106,7350
3,7351
2228,7351
294,7352
919,7352
1771,7354
2854,7355
5029,7355
15,7358
375,7358
2173,7358
2208,7362
479,7363
950,7365
4851,7365
393,7366
3502,7366
6957,7366
282,7367
15,7368
2103,7371
5014,7371
423,7372
1049,7373
7113,7374
7323,7375
181,7377
1750,7377
564,7379
930,7380
1554,7381
4124,7382
7167,7383
50,7384
173,7384
7168,7384
222,7386
4152,7387
619,7388
103,7390
50,7392
909,7392
2524,7392
3395,7392
6455,7392
2633,7393
584,7395
6547,7395
6671,7395
1254,7396
2781,7398
5602,7400
4184,7403
3829,7406
413,7407
22,7409
538,7409
1276,7409
115,7412
2385,7412
3,7414
7093,7414
4486,7415
7203,7415
6079,7416
1796,7418
5101,7418
9,7420
133,7421
1293,7421
3590,7421
1006,7422
3715,7422
7172,7423
2638,7424
4427,7424
616,7425
4704,7425
3474,7429
4,7430
3735,7432
6600,7435
5582,7436
217,7438
877,7438
470,7439
3186,7440
69,7441
2980,7441
212,7444
3708,7444
2460,7445
3970,7445
6791,7445
2647,7447
850,7448
1203,7448
6982,7448
2214,7449
113,7452
1593,7455
5810,7455
4942,7456
1558,7457
4127,7457
1934,7458
1395,7459
1679,7459
4891,7459
15,7460
2982,7461
4306,7461
137,7462
893,7463
4,7464
2069,7464
831,7465
3850,7465
2609,7467
173,7468
1078,7468
723,7469
1315,7471
4318,7471
7380,7472
4611,7475
911,7478
2752,7478
2010,7479
5761,7481
1598,7483
2230,7483
181,7484
1780,7484
3010,7484
4539,7484
6892,7484
4223,7485
39,7486
1316,7489
5703,7489
15,7491
29,7491
3253,7492
6283,7492
492,7493
3117,7493
2199,7494
5926,7494
213,7495
5298,7495
865,7496
1273,7496
2230,7499
2338,7499
21,7500
5637,7502
7093,7502
165,7504
5366,7505
5552,7505
4406,7508
430,7511
135,7512
1836,7514
4172,7514
152,7515
3513,7515
2173,7516
577,7517
463,7518
3833,7518
7093,7518
7226,7518
7514,7518
524,7519
3395,7519
1322,7522
886,7523
1865,7523
2747,7523
3408,7524
6277,7524
6971,7525
370,7528
2343,7531
545,7533
147,7534
1847,7537
1592,7539
3955,7539
1074,7540
4784,7540
6099,7540
1612,7541
33,7543
5189,7543
1211,7544
9,7546
4261,7546
3815,7547
212,7551
322,7553
393,7553
2320,7554
60,7555
3117,7556
382,7558
7144,7558
297,7559
6783,7561
277,7562
6769,7563
2812,7566
799,7569
5228,7569
1644,7572
480,7573
6264,7573
69,7574
596,7574
747,7574
3228,7574
564,7575
6161,7575
2908,7576
7547,7577
4053,7579
7384,7579
612,7582
2393,7582
4528,7582
4613,7582
7275,7583
939,7584
470,7587
1231,7587
2646,7587
1188,7588
1079,7589
87,7591
1625,7593
2184,7593
6991,7593
3785,7594
5359,7597
2300,7598
7134,7598
4355,7602
3622,7603
4942,7603
1332,7604
413,7607
186,7608
1690,7608
547,7610
3497,7612
4054,7612
6219,7612
375,7613
6647,7613
3946,7615
7499,7615
746,7616
1482,7616
4964,7616
3048,7617
6884,7619
1407,7620
1280,7622
5934,7623
25,7624
107,7626
4268,7626
6971,7626
7201,7626
4635,7627
2838,7630
940,7633
5122,7635
1592,7637
529,7640
2227,7641
827,7642
6635,7643
897,7645
793,7648
1264,7648
7107,7649
509,7651
1315,7653
60,7654
1982,7654
2825,7654
4571,7654
1026,7656
7303,7656
26,7659
581,7659
3745,7659
4383,7659
33,7660
268,7660
1042,7661
1694,7661
6996,7661
7335,7661
775,7662
4398,7663
6869,7665
7149,7665
29,7666
3931,7667
3,7668
1537,7669
4121,7669
2646,7670
268,7672
937,7672
3667,7672
5836,7674
1548,7675
7493,7676
2642,7678
2956,7679
59,7681
586,7681
687,7681
1409,7682
1852,7684
382,7688
446,7688
844,7691
1222,7692
1750,7692
2730,7692
960,7693
0,7694
204,7694
381,7694
4870,7694
683,7695
1839,7696
4613,7696
1177,7697
9,7699
1414,7702
2282,7702
4486,7702
6974,7702
6196,7704
6677,7704
5397,7705
1498,7706
1908,7706
294,7708
1710,7710
2837,7711
444,7712
3836,7713
5914,7713
488,7714
3,7718
3974,7719
2127,7722
595,7723
7702,7723
4319,7726
1179,7730
956,7731
2455,7731
7297,7731
7336,7731
7710,7732
5649,7733
226,7734
4528,7735
4763,7735
1,7737
336,7737
1860,7737
48,7738
1041,7738
116,7739
4682,7740
6877,7740
322,7741
333,7741
2908,7741
1922,7742
4307,7742
2736,7743
920,7744
423,7747
105,7748
3217,7748
49,7749
7362,7751
3571,7753
3428,7754
681,7756
50,7757
2011,7757
3035,7757
5072,7759
6867,7760
384,7761
393,7761
3000,7761
6985,7761
2130,7763
6412,7763
5052,7764
1216,7765
2640,7765
3062,7765
839,7766
873,7766
1264,7767
20,7769
83,7769
121,7770
929,7771
215,7772
708,7772
6329,7772
15,7773
3314,7773
10,7774
113,7776
3743,7778
25,7779
3467,7780
758,7783
213,7784
6208,7784
368,7785
2943,7785
5302,7786
382,7788
60,7789
3785,7789
5649,7789
637,7790
7155,7790
7260,7791
3066,7792
69,7794
135,7797
1461,7797
630,7801
3369,7802
6694,7802
565,7804
959,7805
2050,7806
6036,7806
6264,7807
6812,7808
2062,7809
3460,7809
283,7810
470,7810
3407,7810
1032,7811
3085,7811
137,7812
2141,7812
41,7814
3707,7814
3779,7814
25,7815
1457,7816
851,7817
1046,7817
2316,7817
25,7820
1254,7820
7392,7820
401,7821
478,7822
211,7823
1857,7823
103,7824
107,7824
6280,7827
7641,7828
258,7829
2036,7829
161,7831
461,7831
2804,7832
2448,7833
1464,7834
485,7835
1053,7836
3914,7836
661,7837
2680,7839
2570,7840
6967,7842
39,7845
1477,7845
5523,7845
2752,7846
25,7847
469,7851
212,7852
4872,7853
3657,7855
3934,7857
1128,7858
3084,7858
5052,7858
2869,7860
959,7861
1415,7862
686,7863
7572,7865
4008,7866
15,7867
2869,7867
3283,7867
207,7868
6769,7868
171,7871
850,7871
1006,7871
1707,7872
3319,7872
473,7874
7693,7874
1589,7875
9,7878
850,7879
4531,7879
111,7881
1586,7881
2046,7881
985,7883
369,7885
1366,7885
2904,7885
5160,7886
6758,7886
103,7887
4832,7887
319,7888
7836,7888
2742,7891
15,7892
87,7892
4246,7893
1107,7894
1457,7894
116,7895
1776,7896
945,7897
7367,7897
6051,7898
7809,7899
3319,7900
818,7901
3253,7903
3637,7905
7026,7905
1772,7910
342,7912
1248,7912
1678,7912
4964,7913
7274,7914
584,7916
4666,7916
5758,7917
1657,7919
5050,7919
21,7922
830,7922
15,7923
75,7923
3333,7926
1865,7928
6147,7928
7699,7928
1548,7929
60,7930
7834,7930
104,7931
3407,7931
5095,7931
4975,7933
1494,7935
5920,7935
502,7936
3948,7936
105,7938
1040,7939
5497,7940
52,7941
103,7944
223,7947
1083,7948
6499,7948
204,7949
5561,7949
865,7950
733,7951
7642,7951
619,7952
2499,7953
3492,7953
3911,7954
1595,7956
2878,7956
9,7960
584,7960
104,7962
431,7962
401,7963
7372,7965
2945,7967
2868,7970
4546,7970
24,7972
2742,7972
1412,7974
181,7975
3678,7975
5944,7975
3508,7976
3851,7981
3408,7982
5031,7983
21,7984
480,7984
4143,7984
5540,7984
2381,7986
794,7992
1356,7992
1423,7992
2224,7992
2392,7993
2419,7993
6728,7993
7274,7993
136,7994
725,7994
36,7996
147,7998
165,7998
6149,8000
2917,8001
1711,8002
6417,8002
135,8003
6828,8003
11,8005
4842,8005
1185,8006
1793,8006
1717,8007
1863,8007
3035,8009
6317,8009
3,8010
873,8012
806,8013
3002,8013
206,8014
1577,8014
369,8015
6042,8015
1713,8018
369,8020
955,8020
1049,8020
1880,8020
6468,8021
2917,8022
1107,8023
4784,8023
6611,8024
6687,8024
669,8026
4152,8027
2414,8028
21,8029
2140,8029
4290,8032
5703,8032
7083,8033
451,8034
1646,8035
488,8038
1995,8040
6925,8041
7144,8041
7332,8042
15,8043
874,8043
2869,8044
4816,8044
7930,8044
215,8045
2658,8045
6637,8045
1322,8046
3272,8046
2623,8047
3440,8047
6313,8047
3073,8048
5417,8048
4735,8049
530,8052
851,8052
1755,8052
3241,8054
3565,8054
3314,8055
3937,8055
53,8056
969,8057
705,8059
2469,8059
1212,8060
3488,8060
685,8061
1586,8061
1949,8064
3417,8064
1249,8065
1888,8065
3901,8065
2143,8066
4376,8066
1304,8067
4405,8067
6714,8067
128,8068
135,8068
1042,8068
2055,8068
613,8069
21,8072
194,8072
3470,8072
113,8074
115,8075
893,8075
2208,8075
467,8077
1453,8078
86,8080
3230,8080
5561,8080
6162,8080
6035,8081
3931,8082
5641,8082
1805,8084
108,8086
109,8086
1442,8086
20,8090
2448,8092
182,8093
1283,8094
3955,8094
6545,8094
1408,8097
501,8098
4566,8098
556,8099
1080,8100
2689,8102
7062,8102
453,8103
24,8104
922,8104
3,8105
848,8105
7558,8105
451,8106
7046,8106
7534,8106
2567,8107
3158,8107
3736,8107
3,8108
9,8108
1556,8109
9,8110
951,8110
3878,8111
3971,8111
2130,8115
3878,8120
1402,8122
1967,8122
548,8123
4822,8123
235,8124
270,8124
223,8126
42,8127
5474,8127
1215,8129
4,8130
1640,8130
4646,8130
11,8131
381,8131
6691,8131
1034,8132
467,8133
1581,8134
1335,8135
3370,8135
15,8137
730,8137
1746,8138
964,8139
2603,8139
7258,8140
15,8141
1046,8142
6759,8143
7289,8143
7270,8144
367,8145
1965,8146
4969,8148
2348,8149
2381,8149
5498,8149
1948,8151
2295,8156
722,8157
4989,8157
840,8160
4073,8160
6584,8162
5637,8165
5018,8166
3122,8172
7738,8172
111,8173
5867,8177
7572,8177
25,8179
235,8179
451,8183
654,8183
2923,8183
6313,8184
505,8185
3395,8185
723,8188
3678,8189
6651,8189
1240,8190
6042,8191
7312,8191
1605,8192
4721,8192
5614,8195
2314,8196
6331,8196
7984,8199
1728,8202
2836,8202
3732,8202
917,8203
121,8205
6520,8205
7481,8207
15,8208
215,8209
2812,8209
137,8210
818,8210
2729,8210
6259,8210
235,8211
431,8211
3540,8211
4054,8211
1482,8213
4898,8214
4837,8215
230,8217
685,8217
7922,8218
1409,8219
4058,8220
4,8221
790,8221
2666,8222
214,8224
3517,8224
1731,8225
229,8226
2415,8226
1462,8228
5031,8228
3081,8229
328,8233
785,8233
4215,8233
376,8235
298,8236
553,8236
7255,8236
4406,8238
5477,8238
172,8239
1146,8245
1977,8245
7708,8245
186,8246
322,8246
940,8246
4803,8246
835,8247
1189,8248
1885,8248
807,8249
681,8250
3090,8250
29,8251
488,8251
171,8253
3176,8253
5693,8253
4370,8256
4571,8257
1058,8260
622,8261
2632,8261
12,8265
209,8266
7546,8266
349,8267
1376,8267
1771,8267
1784,8270
4434,8273
358,8274
1575,8274
2115,8274
5609,8274
423,8276
2257,8276
3584,8278
480,8279
3948,8279
212,8280
5627,8280
1138,8283
3601,8283
1852,8285
2353,8285
1776,8286
7828,8286
622,8287
1657,8289
1319,8290
939,8291
6073,8291
1151,8294
3769,8294
4942,8294
333,8296
3315,8296
270,8297
203,8300
269,8300
480,8301
1558,8302
3692,8304
6215,8304
0,8305
1088,8305
4487,8305
6245,8305
6549,8306
136,8308
3065,8310
4611,8310
1,8311
6617,8311
5533,8312
1169,8313
270,8314
904,8314
277,8315
3066,8316
707,8317
582,8320
7028,8320
1599,8323
2612,8323
7757,8323
25,8326
1731,8326
719,8327
213,8329
1495,8330
60,8331
2363,8331
415,8334
554,8335
1288,8335
661,8336
2658,8337
7395,8338
1020,8339
3065,8339
1977,8343
2466,8343
3970,8343
757,8344
505,8346
828,8346
2210,8348
86,8350
2729,8350
6455,8351
1201,8353
1982,8353
2685,8354
57,8355
3231,8355
2783,8356
4218,8356
2827,8357
5039,8358
1376,8359
1254,8360
2729,8364
3037,8364
212,8368
3743,8368
8296,8368
3754,8369
3637,8370
1057,8371
2836,8372
6939,8372
213,8373
2128,8373
5062,8373
8002,8373
7645,8375
1445,8376
5139,8376
5318,8376
6318,8378
234,8380
135,8381
559,8381
6200,8381
981,8384
960,8385
696,8386
1713,8386
3914,8386
2413,8387
5182,8390
60,8392
2129,8392
1407,8393
1629,8393
215,8394
911,8398
830,8400
65,8401
203,8401
339,8401
69,8402
2672,8405
780,8408
3076,8408
222,8409
1853,8409
3084,8410
4642,8411
6528,8412
2524,8413
2223,8414
3603,8414
107,8415
1753,8416
2213,8416
4184,8416
949,8417
1180,8418
7089,8418
1106,8421
2232,8421
6170,8421
5739,8423
820,8424
10,8425
1293,8428
1577,8428
5717,8428
6460,8429
65,8430
3783,8430
2789,8432
3971,8433
1743,8434
25,8435
675,8435
5634,8440
2286,8441
4108,8443
4176,8443
7260,8444
3741,8446
4156,8446
5403,8446
6190,8447
7319,8448
7118,8449
234,8450
1079,8455
118,8458
641,8458
5154,8458
1000,8460
65,8461
342,8461
6048,8461
3085,8462
973,8464
2823,8464
7093,8464
8280,8464
42,8465
534,8465
1238,8465
6996,8465
393,8466
163,8467
1166,8468
1793,8468
7696,8470
1524,8471
2991,8471
3156,8472
152,8473
413,8473
3565,8475
4528,8475
5381,8475
3382,8477
4527,8478
5730,8478
8046,8478
50,8479
1469,8479
3330,8479
987,8480
8021,8481
4572,8483
734,8484
6594,8484
8139,8484
751,8485
2392,8485
6933,8486
145,8487
190,8487
5906,8487
7260,8487
322,8488
530,8490
2929,8490
4122,8490
1453,8492
2363,8494
213,8495
917,8495
7422,8495
3498,8496
572,8497
8093,8497
6366,8498
5049,8501
136,8503
4136,8504
109,8506
420,8508
3978,8509
489,8510
1337,8510
5388,8512
7546,8512
5779,8513
4712,8514
20,8516
1251,8516
6977,8518
2172,8519
5635,8519
50,8521
235,8521
3,8522
111,8522
4420,8523
960,8524
2960,8525
171,8526
818,8529
5016,8532
5367,8532
5649,8532
8032,8534
39,8535
1847,8538
25,8539
135,8539
918,8540
161,8542
4252,8543
4,8545
2553,8545
215,8547
222,8547
4815,8547
14,8548
3832,8548
1058,8549
6867,8549
2953,8550
7243,8551
1151,8553
5052,8553
5575,8553
1975,8555
3590,8558
6957,8558
1318,8559
2303,8559
158,8560
299,8561
720,8561
7317,8562
1408,8563
4383,8564
7696,8564
1189,8566
480,8567
2122,8568
4336,8570
15,8573
1214,8575
145,8576
5649,8576
7323,8576
2170,8577
3749,8577
1766,8580
152,8581
3040,8581
4451,8581
5408,8581
25,8583
4249,8583
1753,8587
1286,8588
2684,8588
1177,8589
2203,8589
6151,8589
2290,8590
3136,8590
2625,8591
4178,8591
8075,8591
1983,8593
7770,8593
624,8595
1017,8595
465,8596
7710,8596
3,8599
785,8600
5970,8603
1299,8604
4,8609
1128,8610
672,8614
1629,8614
7845,8614
1045,8615
4073,8615
4919,8615
4980,8615
677,8616
3984,8620
88,8621
1202,8621
1631,8622
22,8623
3319,8623
179,8625
367,8625
1772,8625
15,8626
1643,8627
2406,8628
6833,8628
259,8630
1540,8630
2445,8630
3,8631
864,8631
7345,8631
25,8632
0,8634
4851,8635
4571,8636
25,8637
790,8639
2052,8641
195,8642
1319,8642
69,8645
6572,8646
1710,8647
5318,8648
299,8649
421,8649
828,8649
4578,8649
6256,8649
4184,8651
5132,8652
2080,8653
4760,8653
69,8654
1908,8654
113,8656
2061,8656
50,8657
1191,8657
840,8658
3277,8662
488,8663
6560,8663
3528,8667
4600,8667
5062,8667
11,8668
370,8668
2184,8669
735,8670
2661,8671
1291,8673
24,8675
72,8676
7679,8677
3727,8679
1457,8680
1161,8682
1417,8683
1288,8684
537,8685
1078,8685
1093,8685
6925,8685
4152,8686
934,8687
8162,8688
431,8689
3085,8690
25,8691
4237,8691
9,8692
969,8692
6355,8692
1,8693
4832,8693
522,8694
2224,8694
3186,8694
103,8695
5987,8695
767,8696
4828,8696
3723,8698
5697,8699
969,8700
7820,8703
4378,8704
2390,8705
3656,8705
4724,8705
421,8706
6259,8707
2285,8708
7931,8708
1,8710
154,8710
727,8710
11,8711
299,8711
1692,8711
7420,8713
9,8714
1291,8715
1904,8716
5417,8716
6561,8716
1712,8717
168,8720
229,8720
3914,8720
6511,8720
712,8722
2468,8722
318,8723
298,8724
116,8725
1792,8725
2343,8725
1391,8729
833,8730
431,8733
222,8734
7714,8734
26,8735
1504,8737
790,8738
8576,8738
4248,8739
612,8741
33,8744
8185,8744
9,8745
3135,8745
49,8746
3141,8746
5365,8747
6396,8749
704,8754
1808,8754
153,8757
760,8757
2391,8757
3542,8758
26,8761
4054,8761
286,8762
959,8763
3072,8763
373,8764
1039,8764
181,8765
3053,8767
1132,8768
675,8770
3136,8771
1215,8772
1498,8772
5493,8772
1284,8773
15,8774
1049,8774
1093,8774
4056,8776
8410,8776
470,8778
5465,8781
2638,8782
3660,8782
828,8783
4496,8783
1222,8785
3331,8786
226,8787
121,8789
633,8793
751,8797
6259,8797
1238,8798
9,8799
282,8799
1201,8799
14,8801
299,8801
2223,8801
505,8802
4,8805
1771,8805
113,8806
5905,8806
147,8808
2353,8811
3836,8811
6977,8811
1296,8812
1529,8814
12,8815
4777,8817
25,8819
918,8819
945,8819
6531,8819
1795,8821
549,8826
1335,8830
2353,8830
654,8833
6595,8835
9,8836
2392,8837
5283,8839
26,8840
2359,8840
4506,8840
8108,8840
8211,8840
2566,8841
4147,8841
3175,8842
4223,8842
21,8843
8251,8844
6088,8847
113,8848
1770,8849
2314,8849
373,8850
3444,8850
429,8855
3126,8855
2776,8856
807,8858
4224,8860
4474,8860
1132,8861
1324,8862
6051,8863
2870,8864
4882,8865
7415,8866
7024,8867
414,8869
2714,8870
4308,8871
2502,8873
3462,8876
35,8877
5588,8877
1023,8878
6427,8880
818,8883
8783,8883
48,8884
2565,8884
6887,8885
1082,8886
1285,8886
5891,8887
8468,8887
1235,8890
5637,8891
376,8895
212,8896
2294,8896
3175,8896
318,8897
4571,8897
2325,8898
4711,8898
1373,8900
4278,8900
7038,8900
30,8904
25,8905
786,8906
1177,8906
3090,8906
1093,8907
1240,8907
4144,8909
7615,8911
1661,8912
1498,8913
890,8917
49,8919
6663,8919
88,8920
1866,8920
22,8921
1394,8921
75,8922
2230,8922
6036,8922
88,8924
624,8925
2566,8926
3589,8927
1937,8928
5972,8928
56,8931
1407,8931
7754,8931
6680,8932
1969,8933
97,8935
222,8935
6898,8935
8409,8936
1191,8937
2961,8937
7134,8937
8849,8937
1447,8938
8506,8938
384,8940
1040,8940
143,8941
666,8942
3433,8942
5163,8942
3680,8944
637,8946
2414,8946
1768,8948
3785,8948
465,8949
161,8950
4346,8950
828,8954
2115,8954
3022,8954
6646,8954
1126,8956
103,8959
1408,8959
4366,8961
46,8963
213,8963
770,8965
2716,8965
4654,8965
1255,8968
5014,8969
1,8970
4306,8970
6205,8971
25,8973
5056,8975
189,8976
1495,8976
2033,8976
279,8977
480,8978
1588,8978
5554,8978
7919,8978
865,8980
46,8981
2125,8981
2528,8982
8127,8982
994,8984
211,8988
6647,8989
1389,8990
3310,8990
5419,8990
3,8991
129,8991
380,8991
7017,8993
7056,8993
12,8995
1772,8995
60,8996
474,8996
6356,8996
806,8997
25,8999
3261,9000
3264,9000
1805,9001
4907,9001
5843,9005
1489,9007
5168,9009
25,9010
15,9012
3217,9012
5401,9012
7975,9012
5868,9013
582,9014
1765,9014
3081,9015
3122,9015
5573,9016
8497,9016
2300,9017
2278,9018
8895,9018
3556,9020
7345,9020
3073,9021
5840,9021
60,9022
6354,9022
3,9023
3716,9026
163,9027
3195,9033
3769,9037
5157,9039
15,9040
9,9042
2590,9042
56,9044
6862,9044
837,9045
2115,9046
8649,9047
480,9048
3467,9049
8589,9049
8682,9051
4593,9052
470,9053
3433,9053
421,9054
6977,9054
113,9055
420,9055
2408,9055
1946,9056
1455,9057
2584,9058
4803,9059
801,9060
2519,9062
1048,9064
4021,9064
4054,9064
8270,9064
1107,9065
101,9070
2316,9070
2314,9071
686,9073
1122,9073
7013,9073
707,9074
2603,9074
3314,9075
3407,9075
6550,9075
8380,9075
178,9076
1046,9076
7546,9077
5019,9078
5222,9079
212,9080
5635,9080
6184,9080
2382,9081
7380,9081
318,9085
282,9087
339,9089
4704,9090
7916,9091
3418,9092
4251,9093
336,9095
901,9095
6354,9096
3940,9099
1038,9102
8942,9102
461,9105
5298,9106
2161,9107
6983,9107
9093,9108
1267,9109
1080,9111
6876,9111
22,9112
1402,9112
3382,9112
7240,9112
1946,9113
549,9114
1273,9114
1294,9116
2345,9116
421,9117
300,9122
1704,9122
6299,9123
4602,9125
4736,9125
3433,9126
3794,9127
4015,9127
432,9129
4427,9129
5391,9130
2444,9131
36,9132
4922,9132
832,9134
1415,9136
3745,9137
5251,9137
7661,9137
2557,9141
1278,9143
9,9145
21,9145
1733,9147
3462,9147
1266,9148
29,9149
4289,9149
259,9150
65,9151
194,9152
305,9152
367,9152
25,9153
105,9153
559,9153
6328,9153
6378,9153
2320,9154
3479,9155
2501,9156
2564,9156
1053,9157
370,9158
547,9159
1668,9164
25,9169
3957,9169
8976,9171
9079,9172
105,9173
5401,9174
222,9175
3319,9175
7553,9176
1098,9177
203,9179
2471,9179
7897,9181
7810,9183
6100,9185
451,9186
2124,9186
25,9188
4231,9188
3470,9189
4053,9189
605,9193
5766,9193
15,9194
970,9194
6934,9196
8127,9197
685,9198
949,9198
2251,9199
507,9201
5607,9203
7679,9203
4599,9204
1529,9206
1860,9207
2353,9208
212,9209
1969,9210
118,9211
39,9213
137,9213
1023,9214
2177,9214
8409,9214
751,9216
3488,9217
5558,9217
637,9218
1710,9218
2793,9220
5991,9221
7108,9223
129,9224
393,9224
3497,9228
3722,9228
1668,9229
4262,9230
5624,9232
3470,9233
5741,9233
5972,9233
1348,9234
7324,9234
281,9238
6859,9238
4596,9239
1342,9241
215,9242
348,9242
7659,9242
25,9243
3,9244
1322,9246
2982,9247
3202,9248
133,9251
2224,9251
2644,9251
3153,9253
8610,9253
8988,9253
5720,9254
461,9255
6511,9255
492,9256
1457,9258
2288,9259
2529,9260
747,9261
7305,9261
746,9262
1202,9262
6235,9266
6073,9270
4864,9271
243,9272
333,9272
3162,9272
4261,9274
1031,9275
4388,9276
5942,9276
3808,9277
1296,9279
1627,9281
7392,9281
50,9283
3405,9283
451,9285
2141,9285
3615,9285
1447,9288
6975,9292
65,9293
558,9293
907,9294
394,9295
9255,9295
9,9296
153,9299
6467,9299
1627,9300
72,9301
2904,9301
209,9302
2462,9304
7302,9304
67,9305
135,9305
370,9305
641,9305
3253,9306
105,9308
566,9309
6792,9309
7699,9310
897,9311
790,9312
2129,9312
3159,9312
7827,9312
1938,9313
8202,9314
505,9315
840,9317
1884,9317
5839,9317
7056,9318
785,9320
8148,9320
1498,9321
3266,9321
4846,9321
2472,9322
5032,9323
2447,9324
902,9326
2972,9326
865,9330
8369,9330
2760,9331
2913,9331
5753,9331
6164,9331
5920,9334
139,9335
139,9336
5513,9336
126,9339
35,9341
4903,9341
8645,9341
4611,9346
1088,9348
1586,9349
322,9351
3911,9351
4280,9351
5285,9353
3736,9354
1181,9355
4832,9356
6332,9358
1316,9361
6023,9361
5542,9364
5771,9364
4756,9367
7970,9368
89,9370
336,9372
7771,9372
1529,9373
8455,9374
0,9375
3344,9377
35,9378
8710,9378
4135,9379
1875,9381
2514,9382
5255,9382
1726,9384
2755,9388
147,9391
7258,9391
2390,9392
4150,9392
7499,9393
2238,9394
5196,9394
8056,9394
1857,9395
2881,9395
133,9397
7885,9398
8896,9399
6191,9401
9,9402
6285,9402
2179,9403
7810,9403
605,9404
4315,9406
5681,9406
93,9408
4020,9408
5969,9408
429,9409
1612,9409
1865,9411
22,9413
25,9416
116,9417
113,9418
268,9418
3158,9418
3846,9418
8616,9418
393,9421
5470,9421
972,9422
4930,9422
5418,9422
1143,9423
1040,9424
3540,9425
5356,9425
837,9427
376,9428
2234,9428
3484,9429
165,9431
9085,9431
1083,9433
3291,9434
722,9435
1649,9435
960,9436
6360,9437
4141,9438
4147,9440
3978,9443
4,9445
7871,9445
1969,9446
8143,9446
212,9449
1352,9449
2177,9449
3003,9449
3,9450
1255,9451
159,9452
972,9452
2345,9452
121,9453
830,9453
67,9454
377,9454
4259,9454
1179,9455
618,9458
3484,9458
5056,9458
3065,9459
607,9462
174,9464
4147,9464
2116,9465
3555,9466
118,9468
4152,9468
4045,9469
1,9470
987,9470
8542,9470
1922,9471
7540,9472
236,9474
1883,9478
49,9487
1857,9487
10,9488
124,9488
5893,9488
8142,9488
60,9489
3489,9490
1,9491
22,9491
194,9495
413,9498
780,9498
509,9499
3349,9501
818,9502
3692,9503
990,9504
2279,9508
3677,9511
8339,9512
3911,9513
6196,9513
6638,9513
42,9515
2376,9515
3076,9515
359,9516
25,9517
3948,9518
15,9519
2968,9519
4,9520
8401,9521
2660,9522
6553,9523
7296,9523
4646,9524
9,9525
6279,9527
8847,9527
431,9530
5158,9532
646,9533
806,9533
2216,9533
297,9535
3414,9535
4851,9535
911,9536
121,9537
2917,9537
7375,9537
7390,9538
3601,9540
7950,9542
1484,9543
902,9544
21,9546
1464,9546
9313,9546
5132,9547
116,9549
886,9551
3427,9553
1604,9554
698,9555
33,9556
764,9556
5558,9559
7407,9559
3001,9561
6300,9561
14,9562
318,9562
6245,9563
1130,9564
1965,9564
559,9565
5050,9565
6490,9565
4383,9568
207,9570
1054,9573
4137,9575
488,9576
4055,9577
929,9578
4180,9578
6628,9579
530,9581
6050,9583
3752,9584
1360,9585
2294,9587
2932,9588
25,9589
466,9590
770,9590
161,9591
1883,9591
7534,9591
226,9593
2672,9593
1293,9594
5033,9594
1681,9596
432,9598
6985,9598
15,9599
1413,9599
1639,9600
1640,9602
6137,9603
6595,9603
3850,9604
9361,9604
7710,9607
5837,9608
2789,9609
8819,9609
1641,9610
508,9613
5408,9614
3499,9616
116,9617
1790,9617
1434,9618
8963,9619
1132,9621
3571,9622
2447,9624
3741,9625
4901,9625
3,9628
1216,9628
26,9629
8959,9629
5979,9630
3344,9632
1590,9633
8239,9633
7047,9634
928,9635
5133,9636
113,9637
2696,9639
5403,9639
1748,9640
2723,9640
6080,9640
6560,9640
1922,9641
3083,9641
3467,9641
8886,9643
1215,9645
9216,9645
3186,9647
299,9648
2760,9648
383,9652
2656,9652
3639,9652
8123,9654
2238,9655
6277,9656
7992,9656
939,9657
625,9658
2131,9658
9107,9658
48,9660
397,9661
3487,9661
103,9663
5681,9664
174,9666
5028,9666
6720,9666
3264,9667
101,9668
2864,9669
3990,9669
7518,9670
2472,9671
83,9673
1755,9674
746,9675
1805,9675
1348,9676
1392,9677
6460,9677
7624,9677
1982,9678
3,9680
1847,9680
6511,9682
8865,9686
39,9687
9530,9687
6900,9690
538,9691
3382,9691
3490,9692
9502,9693
6188,9697
6682,9697
746,9698
1064,9700
20,9702
207,9705
2228,9705
8954,9706
8339,9708
8401,9711
2528,9713
7173,9713
9064,9714
2275,9715
2060,9716
2472,9716
4080,9716
3362,9717
1779,9718
2504,9720
730,9721
2285,9721
3891,9722
1361,9723
746,9724
194,9725
4,9727
306,9731
451,9731
5031,9733
746,9736
547,9738
9498,9742
1865,9743
384,9744
135,9745
2389,9745
2448,9746
3355,9746
884,9747
3470,9747
299,9751
803,9754
2010,9754
26,9756
405,9757
1239,9757
1281,9759
412,9760
734,9760
6179,9760
4823,9761
6631,9762
0,9764
474,9764
828,9764
5627,9765
794,9766
570,9767
2985,9767
4,9768
226,9768
9318,9768
15,9769
529,9770
456,9771
886,9771
67,9773
356,9773
92,9774
6631,9774
7763,9775
87,9776
7144,9776
2251,9777
2369,9779
3836,9779
727,9781
2325,9781
4128,9781
2419,9783
4800,9786
6994,9787
7495,9788
2125,9790
538,9791
3615,9792
22,9793
917,9793
64,9797
758,9797
6051,9797
1556,9798
3362,9799
624,9801
2103,9801
0,9803
3,9803
50,9803
9716,9803
3850,9806
837,9808
9,9809
69,9811
5588,9813
2644,9815
3408,9816
565,9817
2854,9817
4454,9817
502,9819
2864,9821
770,9822
9,9823
105,9823
801,9824
8253,9824
15,9826
4718,9826
1497,9827
4880,9827
7718,9827
8279,9827
9502,9829
275,9833
502,9833
7093,9833
1463,9834
2149,9834
4766,9835
2196,9836
463,9840
4975,9840
8583,9840
3186,9841
2238,9842
9721,9842
21,9843
3101,9843
3272,9843
3928,9845
6259,9846
35,9848
992,9848
533,9852
2475,9852
4571,9853
7134,9853
3745,9854
3875,9854
4846,9854
226,9856
9312,9856
4256,9857
7332,9857
8590,9857
785,9858
533,9859
6657,9860
9185,9860
15,9861
987,9863
685,9868
1041,9868
528,9869
4197,9870
725,9871
4517,9875
5824,9877
922,9880
179,9882
374,9884
630,9885
234,9886
1189,9886
1126,9889
3283,9890
9323,9890
46,9891
730,9892
1880,9892
4268,9894
87,9896
113,9896
1256,9896
35,9899
15,9900
1522,9900
4310,9900
8654,9900
4315,9901
8014,9901
87,9903
7539,9904
1457,9905
3,9906
4735,9908
1895,9910
3164,9910
3006,9913
9,9917
2488,9917
3210,9917
4590,9920
15,9921
226,9921
4715,9921
2184,9922
8976,9923
1590,9926
4539,9926
0,9927
2169,9928
9014,9928
3314,9930
1103,9931
6560,9931
615,9933
6935,9934
173,9935
784,9936
2500,9937
9049,9937
6312,9938
9573,9938
373,9939
4450,9939
907,9940
5125,9940
6290,9940
6699,9940
536,9942
204,9944
5032,9944
5563,9945
370,9946
212,9947
6720,9947
3,9949
4207,9949
7309,9949
25,9950
7591,9950
8127,9950
6887,9955
6983,9955
640,9957
83,9959
3962,9960
775,9961
1852,9961
717,9962
3153,9963
1589,9964
4353,9965
5718,9965
487,9967
25,9968
509,9968
2943,9968
3094,9972
6657,9972
6254,9973
3181,9975
509,9976
2170,9976
2300,9976
2752,9976
7333,9976
9408,9976
7875,9979
1862,9980
4946,9980
30,9982
1088,9982
4572,9982
3641,9983
480,9985
1316,9986
375,9987
2123,9989
9217,9989
24,9991
2748,9991
29,9992
1107,9992
1060,9993
7929,9993
8510,9993
87,9994
565,9994
8510,9996
9,9999
1413,9999
