0,1
0,2
0,3
0,4
0,6
0,8
0,11
4,12
0,14
3,15
3,17
0,18
0,22
0,23
0,24
8,24
0,25
3,25
24,25
0,26
0,27
22,27
27,28
0,29
0,30
8,30
11,30
29,30
26,32
27,32
0,34
3,34
0,35
18,42
0,44
22,44
0,45
27,45
30,47
18,48
0,49
0,50
24,52
47,52
45,54
3,56
54,56
0,57
11,58
29,58
0,60
0,61
26,61
27,66
12,67
58,68
0,70
30,71
0,72
30,72
52,72
0,73
52,73
0,75
0,76
0,77
30,79
73,79
71,80
0,82
58,82
8,83
30,84
0,85
83,85
0,88
60,88
12,90
25,90
58,90
0,91
11,93
0,95
11,95
49,95
73,95
82,98
30,99
26,100
30,100
72,100
83,100
30,104
0,105
30,106
0,109
3,109
18,111
76,112
1,113
0,114
0,115
29,115
0,116
30,116
27,118
61,118
83,119
0,120
82,121
18,122
66,124
82,124
122,124
3,125
30,127
29,129
75,129
8,130
12,130
73,130
75,133
115,134
0,135
3,135
56,135
32,136
73,136
26,137
3,145
127,145
18,146
135,146
95,148
3,149
26,149
73,149
0,150
8,150
82,151
3,155
66,155
84,156
47,158
75,158
25,159
90,161
115,161
58,162
66,162
83,162
149,164
0,165
3,165
3,166
75,166
47,167
75,168
106,168
0,169
11,169
47,169
0,170
90,173
116,175
0,178
25,178
166,181
4,183
30,183
47,183
45,184
166,184
0,185
18,185
0,189
0,190
183,190
0,191
0,192
121,192
24,193
191,193
0,195
82,198
0,199
116,200
58,201
158,201
8,203
0,204
100,205
113,205
24,207
149,207
166,207
0,208
162,208
73,210
164,210
0,211
205,213
0,215
0,216
130,217
145,217
104,218
54,219
0,220
201,220
0,221
91,221
169,222
221,222
2,224
0,225
0,227
26,229
0,230
0,232
18,232
129,232
161,232
220,232
222,233
111,235
66,236
0,237
48,237
0,238
54,239
0,240
2,245
221,245
18,247
91,248
0,249
75,249
116,250
25,254
85,254
34,255
0,260
3,260
18,260
58,260
27,261
54,261
75,262
148,263
205,263
236,265
166,267
133,268
18,269
0,271
162,271
0,272
75,272
249,272
205,274
3,275
56,275
82,275
168,275
0,276
161,277
136,278
0,280
42,280
61,280
18,283
75,283
34,284
66,284
135,285
34,286
201,287
250,287
0,288
216,288
58,291
61,291
0,292
121,292
34,293
272,293
1,294
1,295
271,295
130,297
205,297
14,298
203,302
0,303
30,304
45,305
0,306
116,306
18,307
135,307
18,308
29,308
0,311
190,314
211,314
100,315
232,315
18,316
0,318
99,320
193,322
272,323
73,325
24,326
84,326
27,329
193,329
4,330
166,331
269,331
232,332
84,333
3,334
12,336
75,337
168,337
18,338
72,338
239,338
161,340
113,341
190,341
249,341
45,342
149,342
211,342
82,343
267,343
47,344
0,345
90,346
124,346
298,346
0,348
4,348
343,349
295,350
130,351
0,353
129,355
232,355
0,357
75,357
269,357
32,358
70,358
100,358
100,360
192,360
158,361
149,365
45,366
130,366
162,367
200,369
0,370
26,371
129,373
351,374
205,375
227,375
277,376
220,377
0,380
287,380
30,382
25,384
343,385
0,386
30,386
58,387
238,389
30,393
48,393
314,393
4,396
18,398
238,399
0,401
3,401
99,402
30,404
84,404
88,404
22,405
27,405
25,407
322,407
25,408
100,412
66,415
230,415
60,417
113,418
195,419
29,420
130,420
0,422
61,423
330,424
3,425
8,426
0,430
272,430
166,431
0,433
45,435
297,438
146,439
208,440
155,441
11,442
330,442
149,443
99,444
0,448
166,448
47,450
169,452
0,453
0,454
222,454
272,454
47,455
2,456
75,456
0,457
18,457
95,457
26,458
0,459
168,459
0,461
149,461
366,461
47,462
95,463
232,463
2,465
285,465
220,467
75,469
0,470
184,470
161,473
203,473
222,474
155,478
457,478
465,478
0,479
25,479
88,479
423,479
0,482
425,482
66,483
75,484
149,485
331,486
474,487
479,487
168,488
22,489
115,489
435,489
457,489
280,490
0,491
129,491
25,492
3,493
205,493
232,493
350,493
181,495
121,497
76,498
222,498
136,499
393,500
150,501
162,501
340,504
162,505
315,507
29,508
45,508
162,509
298,510
0,512
83,512
49,514
82,514
0,515
4,515
162,515
18,517
72,517
25,519
232,523
219,525
75,526
3,528
70,529
0,531
18,533
438,536
0,538
529,539
165,541
238,542
486,542
25,543
100,544
8,549
75,550
79,550
58,552
218,553
329,553
24,556
227,556
508,556
66,557
14,559
272,559
329,559
170,560
208,560
52,561
331,561
34,562
330,562
25,563
0,564
129,564
0,567
100,573
272,576
72,577
11,578
401,579
292,580
325,580
8,581
73,581
358,581
32,582
3,583
482,583
486,583
295,584
314,584
61,585
297,586
0,587
208,588
486,589
495,589
95,592
584,592
75,593
0,594
207,594
150,595
240,595
25,596
222,596
178,597
407,599
4,600
245,602
343,603
34,604
72,604
249,604
106,605
0,606
45,607
83,609
185,610
4,611
329,611
549,614
1,615
495,617
75,619
155,619
291,619
205,620
4,621
149,621
161,621
596,621
604,621
491,622
504,624
0,626
3,626
27,626
76,626
116,626
483,626
191,627
222,629
0,630
2,630
218,632
373,632
222,633
292,633
1,635
459,636
342,637
129,639
484,639
507,639
3,640
61,641
113,641
0,644
130,644
185,644
201,644
0,645
44,646
423,647
605,648
486,649
47,651
8,653
239,653
442,654
0,655
170,656
297,657
626,657
30,658
119,659
489,662
0,664
0,667
30,668
619,668
0,669
0,671
0,672
26,672
29,672
531,672
1,673
76,674
115,675
329,675
85,676
549,676
508,679
200,680
0,683
58,683
3,684
211,684
8,685
30,685
71,687
306,687
329,692
18,693
54,694
0,700
0,703
0,704
595,706
3,707
553,707
357,708
639,709
6,710
54,711
488,712
338,713
181,714
47,716
557,717
208,719
82,722
4,727
149,727
367,727
659,728
0,729
611,730
72,732
714,733
672,734
250,735
580,735
609,736
34,737
326,737
14,739
306,741
52,743
25,747
66,749
495,749
129,751
3,753
262,753
463,755
0,757
121,757
0,759
442,759
222,760
329,760
455,761
66,762
161,762
76,763
220,765
60,767
262,767
30,769
60,769
47,772
221,773
0,774
473,774
509,777
8,778
284,778
751,778
22,780
350,781
435,783
208,787
644,790
3,791
58,791
190,791
192,791
412,791
232,793
757,793
30,794
116,795
338,795
482,795
61,796
75,796
729,797
280,798
100,800
2,801
341,803
73,804
393,804
525,806
804,806
175,809
70,810
749,810
4,811
66,814
576,814
641,814
84,819
95,819
424,819
4,821
181,821
249,822
479,822
672,822
329,824
605,825
12,826
581,826
563,827
552,829
130,830
3,833
668,834
0,835
605,835
165,836
149,837
237,837
116,838
60,840
314,840
230,842
0,844
479,845
235,847
619,847
655,847
165,849
193,849
201,850
585,850
44,852
232,855
360,856
278,858
0,859
184,860
757,863
4,864
714,864
761,864
130,866
70,867
32,868
644,870
0,872
795,872
106,878
265,881
614,881
0,884
407,884
582,887
641,887
221,888
627,888
30,889
774,889
627,892
155,893
0,895
227,895
822,895
757,896
130,897
280,899
91,901
116,902
360,904
458,904
580,904
30,906
118,906
0,907
99,907
100,907
207,907
456,907
814,907
52,910
314,911
26,912
47,912
261,913
169,916
0,917
3,917
29,917
567,918
249,920
278,921
30,923
288,923
404,923
30,924
72,924
490,924
759,926
542,927
116,928
27,929
232,930
626,930
630,930
806,931
4,932
280,933
531,933
0,934
18,934
322,934
912,934
249,935
881,935
358,936
819,937
672,939
239,940
795,943
261,949
305,950
129,951
72,952
803,954
907,954
0,955
3,955
130,955
346,955
404,956
47,959
11,960
769,962
0,968
14,968
162,968
195,968
840,969
27,971
491,971
15,972
589,972
18,973
54,973
213,973
924,973
83,974
205,974
795,975
864,977
906,977
116,980
829,980
924,980
268,981
361,982
423,982
654,982
22,983
325,984
203,987
621,987
168,988
489,988
804,988
595,989
72,990
482,992
955,992
387,993
762,993
955,995
75,996
977,997
121,999
219,1000
201,1001
61,1002
192,1002
870,1002
563,1004
822,1004
955,1004
706,1005
73,1007
791,1007
495,1009
539,1009
357,1011
531,1011
563,1012
237,1013
923,1014
556,1015
774,1015
498,1016
790,1017
116,1019
83,1020
99,1020
495,1020
0,1021
0,1026
47,1026
602,1027
924,1027
99,1028
175,1029
1002,1029
0,1030
493,1031
626,1031
249,1032
526,1033
910,1034
158,1036
987,1036
0,1037
331,1037
61,1039
342,1039
833,1040
121,1041
835,1041
288,1043
0,1044
203,1044
704,1045
304,1047
161,1048
489,1049
0,1050
25,1050
345,1050
765,1051
1028,1051
58,1052
192,1053
515,1053
25,1055
493,1055
61,1056
216,1056
168,1057
262,1058
1,1062
280,1062
418,1063
3,1065
137,1065
307,1065
211,1067
1,1069
398,1069
412,1069
302,1071
549,1073
0,1074
29,1074
700,1075
0,1076
34,1077
559,1077
170,1078
765,1078
18,1079
49,1079
75,1080
659,1081
168,1082
320,1082
485,1082
709,1082
54,1084
208,1084
583,1084
0,1085
706,1085
184,1087
495,1087
727,1087
1021,1089
72,1090
332,1090
1017,1090
483,1091
47,1093
1000,1093
73,1094
741,1094
1002,1094
907,1095
596,1097
600,1097
878,1098
219,1100
30,1101
54,1101
0,1102
0,1103
216,1104
365,1104
370,1105
114,1107
249,1107
158,1108
165,1108
146,1110
3,1111
401,1111
483,1115
30,1116
907,1117
1020,1117
150,1123
977,1124
584,1125
1051,1125
488,1126
0,1127
30,1127
79,1130
90,1130
1104,1130
0,1131
342,1134
441,1134
1013,1136
917,1138
260,1142
621,1143
0,1144
95,1144
193,1146
888,1148
489,1151
18,1153
365,1153
668,1153
641,1155
90,1157
261,1158
130,1159
907,1160
809,1162
1040,1163
47,1164
1089,1164
18,1165
145,1165
0,1168
121,1169
73,1170
184,1171
456,1171
581,1171
791,1174
1164,1176
130,1177
344,1177
2,1178
158,1178
473,1178
974,1179
495,1182
1052,1182
250,1183
1104,1183
0,1185
0,1186
1107,1186
50,1187
765,1187
54,1188
457,1188
580,1189
3,1191
217,1191
250,1192
162,1193
505,1193
760,1193
1111,1193
1131,1193
306,1194
1103,1194
649,1195
85,1196
221,1196
762,1196
3,1197
11,1197
370,1198
168,1199
562,1199
387,1200
0,1201
181,1201
322,1203
0,1204
115,1206
322,1208
374,1209
75,1212
819,1213
1155,1213
190,1214
457,1214
1126,1215
73,1216
75,1218
644,1218
18,1221
75,1221
11,1222
1077,1222
369,1224
337,1225
749,1225
767,1226
302,1228
644,1228
707,1228
297,1229
1228,1229
499,1231
687,1231
489,1232
61,1233
215,1233
161,1234
0,1235
288,1235
641,1235
658,1236
0,1238
482,1239
1183,1239
830,1240
288,1241
0,1242
249,1242
0,1243
26,1244
1228,1244
98,1247
222,1247
1115,1248
208,1249
149,1250
399,1250
493,1252
973,1252
493,1253
56,1254
478,1254
483,1256
930,1256
884,1257
954,1259
100,1260
263,1260
822,1261
8,1265
3,1266
75,1266
1065,1266
76,1267
423,1267
972,1270
22,1271
836,1272
237,1279
1101,1279
25,1280
161,1280
1077,1280
0,1281
49,1282
692,1282
32,1283
71,1283
329,1284
814,1285
1187,1285
926,1286
60,1287
478,1287
881,1287
1235,1288
75,1289
621,1290
1065,1291
54,1297
82,1301
0,1302
26,1302
54,1304
225,1304
457,1307
314,1308
211,1309
374,1311
847,1311
315,1312
1047,1312
1100,1313
0,1314
203,1314
401,1314
1014,1314
0,1315
1074,1317
649,1318
249,1321
683,1321
66,1323
489,1323
122,1325
407,1326
0,1329
672,1332
793,1332
772,1333
773,1333
704,1336
904,1336
814,1337
115,1339
47,1340
694,1340
1108,1340
73,1341
470,1341
201,1342
0,1343
149,1343
151,1345
254,1346
904,1346
641,1349
714,1349
73,1350
166,1350
757,1350
0,1351
217,1351
639,1352
292,1353
1082,1355
218,1356
924,1358
376,1361
48,1362
626,1362
149,1363
827,1363
604,1364
928,1364
1069,1365
594,1366
819,1367
550,1370
1082,1370
129,1371
814,1373
8,1376
73,1376
3,1377
664,1377
1302,1377
305,1378
907,1378
82,1379
482,1379
0,1381
3,1381
314,1381
1079,1383
60,1385
278,1386
899,1387
0,1389
3,1391
54,1392
473,1394
79,1395
90,1395
292,1395
329,1395
559,1396
44,1397
215,1397
183,1398
619,1398
694,1398
1125,1398
29,1399
553,1399
826,1399
592,1400
47,1401
508,1402
0,1403
470,1403
895,1403
205,1404
549,1404
195,1406
803,1407
389,1408
129,1409
4,1412
250,1412
292,1413
1196,1413
203,1414
169,1415
232,1415
819,1415
1387,1415
1165,1416
272,1419
741,1420
709,1422
25,1423
346,1423
968,1425
190,1426
1336,1426
18,1427
26,1427
342,1427
444,1428
0,1430
440,1430
793,1430
30,1431
292,1431
707,1431
1198,1434
0,1438
311,1438
342,1438
668,1439
25,1441
822,1441
3,1445
0,1446
594,1447
155,1448
8,1449
774,1449
822,1451
0,1452
982,1453
1379,1456
606,1457
795,1458
470,1459
0,1460
1069,1460
272,1464
483,1466
61,1468
75,1468
455,1468
479,1469
184,1472
1101,1472
49,1473
306,1473
1020,1474
498,1475
1460,1477
30,1478
1017,1479
1138,1479
58,1481
1228,1481
91,1483
576,1483
326,1485
1131,1488
1304,1488
478,1489
491,1490
497,1490
610,1490
895,1490
685,1491
1187,1493
1081,1494
183,1495
483,1496
261,1497
374,1500
1039,1500
0,1501
75,1502
168,1502
262,1502
73,1503
550,1504
803,1505
54,1509
709,1509
75,1510
135,1511
733,1511
1170,1511
331,1515
959,1517
303,1518
793,1518
1490,1518
11,1519
1490,1520
495,1521
893,1521
4,1522
77,1522
1228,1524
1451,1525
1483,1525
759,1526
955,1527
977,1528
0,1531
342,1531
1016,1531
27,1533
311,1535
626,1536
265,1537
272,1537
342,1537
1502,1537
30,1539
288,1542
54,1543
6,1544
61,1546
342,1546
47,1547
417,1551
621,1553
106,1554
136,1555
1148,1558
1155,1559
220,1560
1267,1560
325,1563
1297,1564
588,1565
165,1566
221,1566
83,1567
604,1567
232,1569
389,1572
1,1573
100,1574
1115,1575
49,1576
602,1576
969,1576
1124,1577
1509,1577
29,1579
1240,1579
121,1580
626,1582
1192,1584
191,1587
350,1587
0,1589
232,1589
73,1590
707,1591
45,1593
54,1593
0,1594
165,1594
203,1595
1490,1597
0,1598
433,1598
389,1600
30,1601
129,1601
907,1601
556,1602
18,1605
90,1605
284,1606
350,1607
479,1607
133,1609
542,1609
162,1611
563,1612
355,1613
161,1614
307,1615
567,1615
803,1615
1594,1615
346,1616
592,1617
76,1619
1077,1619
24,1620
297,1621
977,1621
0,1623
1511,1624
232,1625
353,1625
208,1626
899,1626
0,1627
617,1627
292,1628
542,1630
27,1632
1126,1632
0,1633
0,1634
357,1635
803,1635
907,1636
1103,1637
79,1638
1115,1638
73,1639
25,1640
1193,1640
75,1646
580,1649
904,1649
71,1650
79,1651
482,1651
1073,1651
45,1655
149,1656
357,1656
1422,1659
262,1660
365,1660
456,1660
164,1661
1225,1661
3,1663
685,1666
927,1667
54,1669
553,1672
1228,1672
116,1676
1422,1677
757,1678
0,1679
420,1681
1082,1681
272,1683
222,1684
278,1685
18,1686
29,1689
217,1691
1213,1691
1474,1694
100,1695
124,1695
583,1695
955,1695
75,1696
220,1697
263,1697
75,1698
260,1698
183,1699
605,1700
1579,1700
239,1701
824,1701
272,1702
250,1704
1511,1706
1090,1707
220,1708
1221,1708
931,1709
595,1710
75,1712
200,1713
850,1713
60,1715
1611,1716
881,1717
553,1718
272,1719
61,1724
70,1725
75,1725
457,1725
707,1726
374,1727
751,1729
1047,1730
1500,1730
777,1731
907,1733
1696,1733
401,1736
614,1736
0,1738
158,1745
759,1746
1351,1747
1370,1747
1052,1748
0,1749
757,1749
990,1749
91,1751
345,1752
619,1752
544,1756
737,1757
1511,1758
1103,1759
482,1760
29,1761
47,1761
459,1762
822,1762
412,1765
541,1765
668,1767
1212,1767
162,1768
1191,1768
61,1769
249,1769
288,1769
373,1770
1244,1771
0,1772
1379,1773
14,1774
3,1775
121,1775
1438,1775
1036,1776
1491,1776
54,1781
1535,1781
563,1783
0,1784
1138,1784
222,1785
840,1786
30,1787
367,1787
235,1788
457,1790
3,1793
115,1793
870,1793
166,1794
1034,1795
1,1797
83,1797
762,1797
1308,1798
852,1799
765,1800
955,1800
557,1802
1179,1802
133,1803
765,1803
1350,1803
181,1806
982,1806
1678,1806
3,1807
25,1807
239,1807
18,1808
1620,1808
0,1809
794,1809
100,1811
602,1811
195,1812
1795,1812
707,1813
826,1814
387,1816
47,1817
189,1818
977,1818
1569,1819
271,1820
442,1820
1458,1823
25,1824
47,1825
49,1825
91,1825
1813,1826
1000,1829
1193,1829
1378,1829
11,1830
580,1831
1772,1831
804,1832
75,1833
250,1833
1108,1834
1632,1834
1803,1836
90,1837
149,1838
203,1839
221,1839
165,1844
382,1844
1660,1844
1155,1845
47,1848
1186,1848
968,1850
1097,1850
1800,1850
4,1851
34,1851
928,1852
683,1853
1537,1855
1044,1856
12,1857
314,1857
106,1858
1124,1858
0,1860
1244,1864
58,1865
130,1865
135,1866
714,1868
644,1869
495,1871
75,1872
208,1872
1218,1872
1706,1872
61,1873
1758,1873
83,1874
91,1874
1526,1874
814,1876
673,1882
463,1883
1457,1883
1640,1889
1511,1890
170,1891
205,1891
972,1891
1663,1892
130,1894
596,1896
208,1897
250,1897
1153,1897
34,1898
303,1898
1491,1898
204,1899
626,1900
262,1901
342,1901
924,1901
605,1903
835,1904
934,1904
268,1905
1500,1905
1900,1905
1633,1906
1719,1908
556,1909
579,1909
215,1910
1052,1912
1502,1912
100,1913
227,1914
1460,1914
288,1915
12,1920
158,1920
208,1920
1232,1921
1249,1926
1182,1927
32,1930
1323,1930
111,1931
129,1931
175,1931
54,1933
935,1933
314,1934
727,1934
1000,1934
47,1935
232,1935
342,1935
658,1935
0,1936
1817,1936
265,1938
977,1939
444,1941
155,1942
1825,1943
222,1944
795,1944
465,1945
307,1946
205,1947
1569,1948
155,1950
355,1951
0,1952
603,1952
0,1953
146,1953
1,1955
162,1955
44,1958
100,1959
113,1960
205,1961
1851,1961
0,1962
2,1962
280,1965
1044,1966
30,1967
297,1968
605,1968
907,1968
1623,1970
164,1971
1304,1971
714,1973
605,1974
0,1976
30,1976
18,1978
72,1978
1332,1980
1601,1983
93,1984
349,1984
208,1985
1650,1986
30,1987
576,1987
955,1987
636,1989
272,1990
284,1990
1226,1991
441,1992
1,1993
76,1995
201,1995
814,1995
22,1998
1093,1999
25,2000
1352,2001
1312,2004
260,2007
193,2008
344,2009
49,2011
955,2011
972,2011
54,2013
136,2013
227,2013
1564,2013
374,2015
595,2015
404,2016
18,2017
189,2017
694,2017
18,2019
683,2019
1872,2019
100,2020
288,2020
822,2021
161,2023
49,2024
190,2024
201,2024
1253,2024
27,2025
1630,2025
560,2026
987,2026
0,2027
2013,2027
1872,2028
0,2029
482,2030
66,2031
219,2031
230,2032
320,2032
116,2033
189,2034
0,2035
1495,2038
75,2039
278,2039
1144,2041
1718,2041
1873,2041
1,2042
25,2042
380,2042
58,2043
656,2043
1474,2044
561,2045
1,2046
1009,2046
161,2047
493,2047
158,2048
795,2056
619,2057
507,2058
1544,2060
1817,2060
3,2061
761,2061
0,2062
380,2062
404,2062
1660,2065
237,2067
1002,2067
1267,2069
303,2070
343,2070
749,2070
2031,2071
1376,2072
1502,2072
1905,2072
351,2073
441,2075
135,2076
221,2077
166,2081
1730,2081
0,2083
71,2083
58,2085
100,2086
216,2086
407,2087
1017,2088
1995,2088
230,2089
1015,2090
553,2093
192,2094
668,2095
1961,2096
1882,2100
344,2101
2009,2101
25,2102
149,2103
543,2103
1093,2104
349,2105
712,2105
821,2106
1115,2106
0,2107
923,2107
0,2110
1125,2110
1582,2112
170,2113
576,2114
58,2115
82,2120
83,2120
868,2122
136,2125
367,2125
930,2125
0,2126
116,2126
2103,2126
2076,2127
54,2128
556,2128
72,2129
11,2130
605,2130
561,2131
580,2131
305,2132
1659,2132
54,2133
3,2134
73,2134
168,2134
1127,2135
342,2136
387,2138
1116,2138
1142,2139
302,2140
1898,2140
161,2141
1,2142
70,2143
512,2143
735,2143
66,2144
146,2145
765,2146
930,2148
265,2149
280,2150
987,2150
116,2152
232,2152
1609,2152
25,2153
1000,2154
930,2155
326,2157
1279,2157
106,2159
459,2160
1706,2161
83,2163
185,2166
18,2169
116,2170
158,2170
803,2171
422,2172
1995,2173
1056,2174
249,2176
260,2177
168,2179
190,2179
295,2179
1553,2179
48,2180
1351,2183
2107,2183
1995,2184
130,2186
269,2186
440,2186
1990,2186
1250,2187
34,2188
1660,2189
30,2190
249,2192
99,2193
146,2193
465,2193
1288,2193
1762,2193
2100,2198
1209,2199
1082,2200
47,2202
1564,2202
2011,2202
1511,2206
1350,2207
533,2208
1370,2208
219,2209
704,2211
796,2211
1553,2212
218,2213
232,2214
1093,2215
0,2216
1056,2217
329,2218
479,2219
84,2220
830,2220
129,2221
757,2223
146,2225
338,2225
1,2227
374,2227
441,2227
1078,2231
277,2233
1627,2233
66,2234
47,2235
904,2235
1491,2236
121,2238
863,2239
482,2241
1438,2243
1187,2244
1572,2244
30,2245
1438,2245
54,2247
145,2247
1826,2247
0,2248
61,2248
165,2248
803,2248
491,2249
1218,2249
1457,2250
54,2253
393,2253
899,2255
1656,2255
45,2258
493,2259
0,2261
193,2264
75,2265
1700,2265
329,2266
1130,2268
1063,2270
222,2272
734,2273
1950,2273
0,2274
15,2275
82,2275
401,2275
606,2276
75,2277
556,2277
0,2278
168,2280
344,2283
465,2283
389,2284
30,2286
478,2286
743,2288
777,2289
145,2290
47,2293
493,2293
1090,2295
1533,2296
3,2297
553,2297
1874,2297
1661,2298
1576,2300
314,2301
459,2301
777,2302
668,2304
8,2305
581,2305
1995,2307
1218,2309
2180,2309
4,2312
2179,2312
2105,2314
1009,2317
1101,2318
254,2319
4,2320
482,2320
1415,2320
1075,2321
881,2323
1040,2323
1448,2323
25,2324
423,2324
959,2326
0,2328
0,2331
25,2331
621,2331
0,2334
433,2334
2096,2334
30,2337
184,2338
1834,2338
25,2339
1116,2339
25,2341
757,2341
0,2342
42,2342
1708,2342
90,2343
237,2344
90,2346
305,2346
82,2347
104,2348
58,2349
984,2351
1661,2351
88,2352
1883,2352
75,2353
544,2353
2275,2353
1945,2354
366,2356
1084,2357
987,2358
439,2360
479,2360
104,2361
1445,2362
2301,2363
2202,2365
73,2366
777,2366
1362,2367
0,2368
205,2369
1430,2370
0,2372
1817,2372
116,2373
431,2373
893,2373
75,2375
337,2376
849,2376
1019,2376
847,2377
1415,2377
2129,2377
45,2379
25,2380
1000,2380
26,2381
1458,2381
329,2382
0,2383
121,2383
205,2384
714,2385
28,2386
292,2390
1700,2391
205,2393
1082,2395
130,2396
596,2396
977,2397
18,2398
824,2398
1044,2398
60,2399
219,2400
1343,2401
322,2402
106,2403
1811,2403
2225,2403
2248,2404
201,2406
1765,2407
1872,2412
765,2414
159,2415
804,2415
60,2416
118,2416
728,2416
845,2416
18,2417
30,2417
2377,2418
0,2419
170,2419
25,2421
923,2421
2033,2421
260,2422
2212,2422
955,2423
314,2425
30,2428
1044,2429
1228,2429
0,2430
190,2430
198,2430
336,2432
852,2433
45,2434
0,2435
47,2435
54,2436
0,2440
870,2440
0,2441
220,2441
18,2442
872,2443
164,2446
280,2446
2293,2446
644,2447
1412,2448
24,2449
58,2449
82,2450
18,2451
373,2451
265,2456
658,2457
2026,2457
27,2458
306,2458
73,2459
463,2462
184,2464
18,2465
331,2466
4,2468
66,2468
278,2468
2129,2468
149,2469
380,2469
830,2469
2465,2469
589,2472
1313,2473
1399,2473
1094,2474
272,2476
288,2477
0,2478
0,2482
2275,2483
98,2485
1490,2486
483,2488
18,2489
170,2491
205,2491
1225,2491
685,2493
1056,2493
1660,2493
955,2496
1566,2496
1569,2496
798,2497
1598,2498
4,2499
162,2500
814,2500
1660,2500
1077,2501
49,2503
158,2504
185,2504
1422,2504
1535,2504
1943,2505
83,2506
387,2506
977,2507
1517,2508
556,2511
1260,2511
0,2513
1062,2517
1897,2519
91,2520
12,2522
624,2523
0,2525
1761,2528
11,2529
30,2529
307,2531
1138,2531
208,2535
803,2535
0,2536
18,2536
2093,2536
22,2537
280,2537
1381,2537
2248,2537
146,2538
1974,2538
344,2539
463,2540
0,2541
137,2542
168,2542
250,2543
58,2544
61,2544
777,2544
314,2545
819,2545
1403,2545
357,2546
982,2546
1967,2546
350,2547
393,2547
1630,2547
563,2548
1062,2549
47,2550
588,2550
1182,2552
605,2554
1089,2555
149,2556
1882,2557
727,2560
47,2561
2286,2561
604,2566
2033,2567
205,2568
184,2569
205,2569
26,2570
118,2570
360,2570
996,2570
1824,2570
1787,2571
1438,2572
493,2573
826,2573
1793,2576
2043,2576
2265,2576
18,2577
974,2577
2571,2578
192,2580
1378,2581
1009,2582
0,2584
12,2584
924,2584
1504,2585
2421,2585
1569,2586
75,2587
155,2587
1961,2587
26,2589
90,2590
1987,2590
762,2591
2101,2591
1391,2592
2417,2593
115,2595
2312,2595
374,2598
2286,2600
75,2602
342,2602
563,2603
949,2604
2024,2604
70,2605
517,2606
2122,2606
170,2607
2535,2608
621,2609
592,2610
1518,2610
644,2611
284,2612
1400,2613
169,2615
205,2615
672,2615
0,2616
1695,2617
1601,2618
1733,2619
30,2620
45,2620
297,2623
556,2623
1283,2623
673,2624
1241,2624
337,2625
1082,2625
1490,2625
60,2629
70,2632
489,2632
989,2632
739,2634
219,2636
75,2637
1613,2637
1130,2639
2273,2641
0,2643
822,2644
2421,2644
1323,2646
1362,2647
847,2650
168,2651
1749,2651
955,2652
2547,2653
1569,2654
0,2655
483,2655
1672,2655
497,2657
1478,2660
0,2662
387,2662
1649,2662
2177,2662
596,2663
275,2664
2081,2664
1481,2668
2095,2669
495,2672
1177,2672
433,2674
694,2674
1999,2674
346,2675
1260,2675
22,2678
0,2682
1115,2682
2042,2683
465,2684
1625,2684
18,2685
2465,2689
2398,2690
2629,2690
455,2691
456,2691
1883,2691
955,2694
1218,2696
1490,2697
404,2698
2569,2698
329,2701
28,2702
2458,2703
417,2704
2103,2704
83,2705
541,2705
220,2707
1961,2707
1146,2709
225,2710
2398,2710
0,2711
407,2711
0,2713
4,2714
60,2714
474,2714
2314,2715
0,2716
580,2718
907,2719
237,2720
2617,2721
1825,2724
2011,2724
2214,2724
306,2725
2625,2725
424,2726
0,2727
221,2727
561,2729
1007,2729
2128,2730
1241,2731
2248,2731
637,2732
859,2732
2462,2732
1814,2733
340,2734
295,2735
870,2739
232,2740
184,2742
298,2742
66,2744
588,2744
1082,2744
528,2747
236,2749
0,2750
2632,2750
83,2751
193,2751
205,2752
83,2753
2125,2753
95,2754
557,2754
0,2755
489,2755
1872,2756
2584,2756
45,2757
149,2758
457,2758
1037,2758
232,2760
50,2761
585,2762
325,2763
2238,2763
2496,2766
1696,2767
622,2768
61,2769
479,2769
580,2770
387,2773
486,2774
1905,2774
1909,2774
1912,2774
60,2776
208,2776
461,2779
1527,2779
1569,2779
1056,2783
1341,2784
2370,2784
4,2785
45,2787
71,2788
2013,2788
996,2789
1127,2789
1606,2791
605,2792
2506,2792
1218,2793
0,2794
2354,2795
605,2798
2008,2799
1174,2802
1672,2806
83,2807
305,2808
1719,2809
0,2810
1672,2811
76,2812
1243,2814
937,2816
1352,2818
2134,2818
29,2820
704,2820
1056,2820
1952,2822
795,2823
1218,2824
1078,2825
1,2826
75,2826
75,2828
357,2828
25,2831
1756,2831
2026,2831
271,2832
2729,2834
1082,2836
32,2838
401,2839
621,2839
1304,2839
169,2840
2554,2841
54,2842
1094,2842
168,2844
795,2846
2129,2846
265,2847
170,2848
1825,2848
169,2849
2432,2849
793,2850
588,2852
459,2856
418,2858
1621,2860
58,2861
442,2861
83,2862
401,2862
2034,2862
1290,2863
166,2866
1756,2868
778,2871
1050,2871
2043,2872
2584,2872
2641,2872
26,2876
1422,2876
444,2880
433,2887
830,2887
1984,2888
272,2889
1519,2889
1439,2891
1036,2892
0,2895
620,2896
1234,2896
1767,2896
407,2898
1165,2900
1199,2902
190,2903
326,2903
366,2903
581,2904
1115,2904
977,2906
149,2907
190,2907
220,2908
1950,2908
626,2909
749,2910
837,2910
0,2912
367,2913
8,2916
1490,2917
1546,2918
205,2919
441,2919
727,2920
504,2921
384,2924
542,2925
793,2925
1209,2926
30,2927
442,2927
1287,2927
856,2929
1856,2929
2541,2930
694,2931
1342,2933
1387,2933
2143,2934
2816,2935
1402,2936
757,2939
386,2941
2233,2941
1696,2942
1936,2942
121,2946
1111,2946
1187,2947
1052,2949
1047,2951
1825,2952
495,2959
990,2960
1987,2960
122,2961
1218,2961
2776,2962
0,2964
2535,2964
3,2965
70,2965
2756,2965
1194,2966
769,2967
0,2968
26,2968
240,2970
1127,2970
42,2971
2754,2972
195,2973
996,2973
1676,2973
85,2974
1834,2974
58,2976
18,2977
1033,2977
514,2978
145,2979
175,2979
621,2979
588,2980
773,2981
544,2982
2248,2982
847,2983
1178,2985
1285,2988
48,2989
1649,2989
1130,2990
2102,2990
135,2991
847,2991
49,2992
482,2993
1176,2993
1751,2993
0,2994
2013,2996
2373,2997
100,2998
419,2998
249,2999
1413,2999
367,3000
61,3001
314,3002
644,3003
1818,3005
441,3006
208,3008
283,3009
1,3010
1178,3010
1522,3010
1426,3011
1572,3011
249,3014
1065,3015
2034,3015
632,3016
314,3021
272,3022
561,3023
727,3023
2400,3023
2774,3023
161,3024
479,3025
2503,3025
2083,3026
56,3028
1725,3030
1944,3031
2023,3031
2602,3032
201,3033
297,3033
1155,3033
1228,3033
2152,3033
1199,3034
1768,3034
1373,3035
2231,3036
1788,3037
2500,3038
423,3039
2826,3039
955,3040
2406,3040
751,3041
1363,3041
66,3042
1607,3042
49,3043
486,3043
1283,3045
203,3046
75,3047
621,3047
1115,3048
1394,3048
2820,3048
0,3050
417,3050
232,3053
1438,3054
1625,3054
346,3055
1040,3055
200,3056
1050,3056
0,3057
261,3057
47,3060
833,3060
168,3061
306,3062
158,3063
1100,3067
331,3070
18,3071
2273,3073
2793,3073
1649,3074
2468,3075
75,3076
1144,3076
0,3077
1746,3078
2033,3078
560,3079
604,3079
0,3080
1978,3080
2946,3081
184,3082
1430,3084
73,3085
24,3086
0,3087
149,3087
1271,3090
1598,3090
2288,3090
2999,3090
262,3092
1446,3092
955,3093
2361,3094
2450,3094
1363,3096
320,3098
1573,3100
329,3102
626,3102
2732,3103
288,3105
562,3105
934,3107
1056,3107
27,3110
1126,3110
1793,3110
3087,3110
2542,3111
2425,3112
1771,3113
2023,3115
1047,3116
1650,3116
306,3118
67,3121
977,3121
2280,3124
2623,3124
162,3125
1395,3125
1187,3127
1873,3128
288,3129
75,3130
2301,3131
121,3132
2947,3132
220,3133
1115,3133
1576,3134
606,3135
2133,3135
249,3136
0,3137
249,3137
0,3139
465,3139
1434,3139
1155,3141
2465,3141
401,3142
626,3142
2417,3142
207,3146
685,3146
0,3148
25,3149
18,3151
292,3151
367,3151
1341,3151
1007,3152
822,3153
1850,3154
24,3155
175,3155
2727,3156
458,3157
2606,3157
1987,3159
2046,3159
1011,3160
30,3161
61,3162
193,3166
916,3166
60,3168
479,3169
1170,3169
440,3170
0,3171
2223,3171
727,3172
1218,3172
27,3174
1115,3174
1974,3174
1459,3175
47,3177
2032,3177
2710,3177
2352,3179
3082,3182
195,3184
0,3186
895,3186
2157,3191
294,3192
478,3192
501,3192
0,3193
3171,3193
2757,3196
32,3197
1085,3198
1630,3198
205,3199
314,3199
1572,3199
116,3201
1577,3202
2343,3202
100,3203
149,3203
1101,3205
208,3206
162,3207
380,3207
2019,3207
58,3209
596,3214
260,3215
190,3216
2498,3216
1448,3219
495,3220
563,3220
3202,3221
1021,3222
3010,3222
1127,3223
220,3224
1228,3229
3,3230
1495,3230
2042,3230
333,3233
706,3233
2744,3233
288,3235
1228,3235
1126,3236
2504,3236
91,3239
1999,3239
0,3242
346,3243
1749,3243
2655,3243
1905,3244
621,3245
2546,3247
56,3248
25,3249
393,3249
155,3251
205,3252
968,3253
1767,3254
1158,3256
1412,3256
269,3258
1085,3258
387,3259
488,3260
1445,3260
672,3265
1004,3265
2070,3267
24,3268
32,3269
1426,3269
61,3270
113,3270
121,3271
277,3271
217,3276
795,3277
1090,3277
1787,3279
1,3280
1228,3280
2704,3280
2876,3283
0,3285
1108,3287
1400,3289
175,3292
1065,3292
2468,3294
1399,3296
800,3297
90,3298
145,3301
1426,3302
479,3303
3206,3303
3,3306
205,3307
1222,3308
75,3309
30,3310
795,3310
1572,3310
2541,3311
3153,3311
712,3313
0,3314
83,3314
3301,3316
129,3320
563,3320
1961,3320
895,3323
2933,3323
1627,3327
567,3331
84,3332
984,3332
49,3334
2342,3334
3034,3334
2774,3341
45,3343
3,3344
3110,3344
230,3346
387,3346
133,3347
1968,3347
2458,3347
1078,3348
762,3350
1301,3351
0,3353
357,3354
82,3355
1579,3355
2528,3355
1326,3356
230,3362
2442,3363
249,3364
491,3364
1228,3366
563,3367
3079,3369
0,3371
48,3371
850,3371
2293,3371
75,3372
190,3372
795,3374
169,3376
249,3377
1651,3378
417,3379
0,3380
121,3380
1376,3381
407,3382
3152,3382
276,3383
2889,3383
457,3386
0,3388
1281,3388
1611,3388
1422,3391
2838,3391
149,3393
1961,3393
707,3394
2703,3394
3137,3397
798,3398
2402,3398
2430,3399
2381,3401
3110,3401
751,3403
306,3405
0,3407
2727,3408
2023,3409
100,3411
483,3411
733,3411
930,3411
1619,3412
1874,3412
987,3413
2584,3413
267,3414
1239,3415
73,3416
2691,3416
3151,3416
27,3421
1569,3421
2391,3421
662,3422
1115,3423
498,3425
1426,3425
3314,3426
465,3427
415,3428
924,3429
1412,3429
1593,3429
3207,3429
1521,3430
149,3432
1165,3432
0,3434
389,3434
1153,3434
0,3436
668,3436
0,3439
342,3440
1626,3440
1551,3441
2902,3441
49,3442
1290,3443
218,3448
1795,3449
2727,3451
924,3452
322,3457
1252,3457
2134,3457
18,3458
72,3461
505,3461
2184,3461
269,3462
614,3462
1601,3462
0,3463
306,3464
2280,3466
2921,3466
711,3468
184,3469
1736,3471
130,3473
884,3473
1087,3473
3034,3474
239,3475
0,3476
1094,3476
1851,3476
3162,3476
0,3477
73,3478
415,3478
539,3478
0,3479
737,3479
1116,3479
2391,3479
3382,3479
0,3481
2792,3481
1935,3483
3298,3483
2400,3484
26,3491
2393,3491
85,3492
2244,3492
2839,3493
0,3494
1788,3495
2235,3495
3350,3497
982,3499
473,3500
626,3502
47,3504
596,3504
714,3504
75,3505
541,3505
2468,3505
793,3506
2114,3508
183,3509
454,3511
2908,3511
3236,3512
1021,3514
269,3518
709,3518
0,3520
106,3521
1632,3521
329,3524
826,3525
1378,3525
322,3526
1663,3527
211,3529
57,3531
1342,3533
195,3535
232,3535
298,3535
1017,3535
2593,3535
71,3538
95,3538
1345,3538
1378,3540
439,3541
113,3543
1824,3543
1672,3545
283,3546
561,3546
3491,3546
640,3547
18,3548
280,3548
3461,3548
772,3549
2678,3549
596,3550
826,3551
30,3553
2343,3553
72,3554
456,3555
2309,3555
284,3556
595,3556
2015,3556
116,3557
1511,3557
2973,3557
3505,3558
1323,3559
84,3560
707,3560
25,3561
2186,3563
3353,3564
1472,3565
1169,3566
331,3568
632,3569
34,3570
149,3570
239,3570
58,3571
589,3571
923,3571
1095,3571
1,3575
170,3575
344,3576
672,3576
1301,3578
219,3580
307,3580
2383,3582
0,3584
201,3584
47,3585
3421,3585
1896,3586
404,3587
955,3587
3,3588
859,3589
2102,3589
0,3590
822,3590
641,3591
644,3591
441,3593
1831,3593
25,3594
349,3594
393,3594
1397,3594
346,3597
1459,3597
2458,3597
576,3600
1013,3600
1178,3600
1990,3601
2508,3601
2486,3604
8,3605
121,3605
3401,3605
170,3606
1920,3606
30,3607
75,3607
899,3609
1332,3609
1350,3609
208,3610
1036,3611
2100,3612
169,3614
401,3614
4,3616
1546,3616
2934,3616
1093,3620
1632,3620
232,3621
585,3621
203,3622
655,3622
3616,3622
0,3623
162,3624
605,3624
1134,3624
129,3626
3320,3626
934,3627
2529,3627
1036,3628
1564,3628
1041,3631
162,3633
1820,3635
2536,3636
220,3639
393,3641
1381,3643
2522,3643
2212,3644
249,3646
1901,3646
1794,3647
1649,3649
1898,3652
205,3654
2416,3654
48,3656
557,3658
336,3660
899,3660
80,3662
3209,3662
1218,3663
3260,3663
3005,3664
1084,3667
11,3668
0,3669
58,3670
2489,3671
83,3672
26,3674
473,3675
796,3675
1304,3676
1576,3677
47,3678
438,3680
708,3680
2848,3680
2684,3681
3277,3681
311,3682
1218,3683
596,3685
1074,3688
203,3690
345,3690
2450,3691
709,3693
52,3695
517,3695
626,3695
1352,3695
2826,3695
2073,3696
1333,3697
795,3698
30,3699
84,3699
162,3699
2702,3700
422,3701
45,3702
580,3702
295,3704
1718,3704
2756,3705
1350,3706
1999,3708
2789,3708
240,3712
773,3719
1438,3720
604,3722
479,3723
280,3724
314,3724
1851,3724
95,3725
553,3727
1935,3727
795,3728
606,3729
614,3730
774,3730
44,3732
0,3733
2602,3733
996,3734
1218,3734
3172,3734
272,3735
3616,3735
376,3737
380,3737
489,3738
2233,3739
2615,3739
1087,3741
220,3742
1168,3742
1696,3742
2691,3744
380,3747
2896,3747
269,3748
3,3749
25,3753
161,3754
1649,3754
1233,3755
0,3756
130,3756
30,3759
3702,3759
3110,3760
3723,3761
658,3764
2683,3764
278,3765
0,3766
2152,3766
1898,3767
777,3770
1495,3771
1747,3772
3111,3772
2227,3773
374,3776
100,3778
1686,3778
2704,3778
121,3779
791,3779
2464,3782
806,3784
2964,3785
1197,3787
407,3788
116,3791
90,3792
1041,3792
3306,3792
3756,3794
322,3795
3382,3795
2400,3797
333,3798
2238,3798
937,3799
1387,3799
2186,3800
1798,3801
728,3802
2400,3802
935,3803
130,3804
73,3805
844,3805
1337,3805
1891,3805
75,3806
2714,3806
277,3809
1656,3810
2376,3810
1214,3812
1564,3812
3034,3812
3506,3812
357,3814
1036,3814
1165,3815
2506,3816
1280,3818
2290,3818
3055,3819
3690,3819
306,3820
2544,3820
3421,3824
482,3827
18,3828
1696,3828
2416,3830
34,3831
1800,3831
772,3835
517,3836
2629,3837
3035,3838
47,3839
604,3839
1824,3839
73,3840
249,3840
822,3840
341,3841
3034,3842
0,3844
307,3844
210,3846
249,3846
626,3846
2152,3846
971,3847
2248,3847
3461,3847
205,3849
1933,3851
803,3852
989,3856
1000,3857
672,3858
1397,3858
1572,3860
135,3861
3492,3861
118,3862
826,3863
3078,3863
1127,3864
2585,3864
2998,3864
343,3867
3111,3868
2286,3870
488,3871
2272,3872
0,3874
230,3874
12,3876
2125,3878
780,3879
2472,3879
3858,3879
30,3880
604,3880
54,3881
2027,3883
26,3884
3801,3885
0,3886
604,3886
47,3888
3082,3888
1265,3889
2538,3889
3270,3889
2293,3890
2458,3890
373,3891
3867,3891
54,3893
2041,3893
3831,3893
1909,3894
116,3895
1621,3895
1651,3895
0,3896
216,3896
493,3896
2013,3898
1323,3899
311,3901
3,3902
796,3903
627,3905
1809,3905
24,3906
1965,3906
552,3908
1952,3908
3323,3908
912,3910
2537,3910
1784,3913
777,3914
1600,3916
3192,3916
375,3917
1157,3917
1609,3917
116,3919
1936,3919
852,3920
1950,3923
3479,3923
2273,3925
2639,3925
149,3926
955,3926
3182,3926
225,3927
2660,3927
2999,3927
3039,3927
3279,3927
478,3929
149,3930
1905,3932
2506,3932
146,3934
1669,3934
924,3935
2083,3937
1363,3938
1445,3938
1844,3938
3605,3941
1422,3942
1625,3943
2422,3943
336,3945
3157,3946
3589,3946
3649,3946
100,3947
694,3948
3428,3948
205,3949
2496,3949
2466,3950
2428,3952
3,3953
73,3955
1660,3955
1394,3957
3320,3957
1,3958
1547,3958
1095,3959
85,3960
2707,3961
276,3964
728,3964
0,3966
165,3966
595,3967
1033,3969
249,3970
765,3970
806,3970
3135,3971
1776,3973
765,3975
166,3976
3110,3977
1481,3978
3792,3978
1639,3979
45,3981
0,3982
3725,3982
3245,3983
133,3986
1007,3986
1314,3991
3966,3991
1696,3992
2396,3993
1974,3994
3693,3995
1056,3996
1713,3996
73,3997
207,3997
2740,3997
227,3998
3110,3998
1612,4001
49,4003
907,4003
1127,4005
0,4006
3139,4006
2143,4008
3847,4008
0,4009
30,4009
3541,4009
3779,4009
3039,4010
683,4014
617,4015
1260,4016
3229,4018
589,4019
150,4021
989,4021
1218,4021
1069,4022
3382,4022
1611,4023
3137,4023
198,4024
2017,4024
606,4025
849,4026
1681,4028
3171,4028
1002,4029
3899,4030
4,4034
1426,4035
1093,4039
1935,4040
130,4041
2836,4041
559,4043
759,4044
1226,4044
1371,4044
1397,4045
99,4046
0,4050
1115,4050
75,4051
787,4051
2001,4053
48,4057
683,4057
1406,4058
366,4060
3917,4060
283,4064
82,4065
367,4065
604,4066
28,4068
304,4069
1373,4069
2908,4070
3913,4071
884,4073
2120,4073
3133,4073
2451,4074
3654,4075
3837,4075
934,4076
47,4080
3,4081
61,4082
927,4083
955,4085
1144,4085
29,4086
1802,4087
934,4089
239,4090
18,4093
2320,4094
284,4095
2334,4096
3601,4096
2589,4098
3,4099
27,4100
772,4100
2172,4100
34,4101
824,4101
924,4101
4023,4101
1649,4102
847,4103
683,4105
166,4107
205,4107
687,4108
596,4109
1115,4109
2751,4109
1990,4111
2024,4112
27,4113
184,4114
1802,4117
1126,4118
83,4123
61,4125
149,4125
3927,4125
644,4126
478,4127
895,4127
2314,4127
146,4128
1034,4128
557,4129
658,4129
27,4131
26,4132
864,4132
158,4135
2227,4137
515,4140
366,4141
1901,4141
3171,4142
220,4144
2062,4144
559,4145
1625,4145
1946,4153
2100,4155
0,4156
444,4157
24,4158
3756,4159
904,4161
3820,4163
0,4164
48,4165
1403,4165
2941,4165
881,4166
2529,4166
996,4167
2021,4167
2982,4167
1518,4169
657,4172
75,4173
415,4173
0,4174
238,4175
2297,4175
0,4176
996,4177
3800,4177
54,4180
505,4180
3801,4181
100,4183
2489,4184
819,4185
3416,4185
249,4187
467,4187
0,4188
3671,4189
2644,4190
203,4191
137,4192
2324,4192
3,4193
18,4193
1961,4193
189,4194
351,4194
0,4196
564,4198
904,4198
767,4202
4009,4202
79,4205
1605,4205
181,4210
441,4210
149,4211
2102,4211
1625,4212
54,4213
687,4214
567,4216
2999,4216
193,4218
75,4220
2020,4220
66,4221
329,4221
493,4221
83,4225
523,4225
987,4225
2876,4225
3320,4225
505,4227
3468,4227
3735,4228
895,4229
1426,4230
3223,4231
161,4233
184,4234
727,4234
3129,4234
3268,4234
82,4236
2824,4236
1062,4240
269,4242
1525,4242
2507,4242
358,4243
3555,4244
2660,4245
2960,4245
4014,4248
205,4250
3986,4251
3062,4252
907,4253
1394,4254
2101,4255
1576,4256
1666,4256
644,4259
4194,4259
2546,4262
52,4264
342,4264
2152,4267
3102,4267
3131,4268
1017,4269
2839,4269
1249,4270
1876,4270
4193,4270
269,4274
2493,4274
162,4276
66,4278
1377,4278
3943,4278
277,4280
3378,4281
837,4282
592,4283
8,4284
4035,4284
553,4286
3355,4286
161,4291
1415,4292
284,4294
116,4295
269,4298
1415,4298
2488,4298
3036,4299
2025,4300
3734,4300
52,4301
166,4301
3380,4301
2941,4303
2248,4304
3587,4304
483,4305
1321,4307
3115,4307
2365,4308
3529,4309
4210,4311
633,4312
47,4313
626,4313
605,4314
1730,4314
3192,4314
22,4315
1370,4323
2286,4323
2343,4323
1459,4325
2290,4325
1350,4326
2727,4329
619,4331
0,4332
3,4332
113,4332
1349,4332
2763,4332
1002,4334
2779,4334
2538,4335
30,4338
483,4339
580,4340
588,4341
899,4341
741,4344
232,4345
318,4346
203,4347
482,4348
819,4349
605,4350
1983,4354
292,4355
1379,4355
2318,4357
100,4358
1228,4358
2019,4358
3858,4358
1142,4359
1598,4362
847,4363
1838,4364
2724,4365
0,4368
2033,4368
4066,4368
3820,4369
3,4371
1459,4372
2027,4373
1308,4374
221,4376
1834,4377
2265,4378
4098,4379
463,4380
162,4382
1749,4382
358,4383
3253,4384
971,4386
2690,4387
386,4389
881,4389
342,4390
2632,4390
0,4391
727,4392
1500,4393
0,4396
1288,4400
2662,4400
4189,4404
580,4405
441,4406
146,4407
0,4409
3514,4409
26,4413
278,4414
343,4414
1601,4414
3712,4416
3964,4417
4269,4417
1909,4419
3407,4421
907,4422
3571,4424
18,4426
1271,4426
1332,4426
222,4427
4325,4427
1213,4430
1890,4430
2106,4430
2143,4430
2020,4431
67,4433
3197,4436
2339,4437
2620,4438
3473,4438
1087,4439
896,4440
3674,4440
761,4442
2186,4442
1233,4443
4326,4445
2,4448
483,4448
30,4449
61,4449
4073,4449
1935,4450
2172,4450
2732,4451
982,4453
2083,4454
2732,4454
2253,4455
1055,4456
847,4460
3277,4460
2,4461
3727,4461
2979,4462
3802,4462
0,4463
767,4463
292,4464
3457,4464
473,4465
3129,4466
644,4467
827,4467
835,4467
1125,4467
3067,4467
250,4468
1082,4468
2026,4472
2486,4472
576,4476
100,4479
3616,4479
1656,4482
75,4483
1774,4484
581,4486
208,4487
493,4490
3846,4490
118,4493
1199,4493
314,4494
1713,4495
1984,4495
488,4497
195,4498
355,4500
3,4501
1373,4502
3436,4502
1490,4504
1990,4505
1968,4506
2629,4506
3169,4510
2451,4511
1569,4512
2625,4512
3856,4512
3001,4513
298,4515
1614,4515
644,4518
1511,4518
75,4520
423,4520
73,4524
1218,4524
2241,4524
1371,4525
1600,4525
58,4526
3561,4527
3896,4527
149,4530
61,4534
2284,4534
3580,4534
3289,4535
1069,4536
1218,4537
1371,4537
47,4538
2024,4540
492,4541
3719,4541
329,4543
606,4543
1883,4543
3964,4544
1961,4545
836,4546
787,4547
217,4548
343,4549
1333,4552
3397,4554
727,4555
796,4555
493,4556
847,4556
1430,4558
2931,4558
267,4559
2919,4559
54,4560
795,4560
482,4561
4312,4561
221,4562
454,4563
461,4563
2791,4563
4051,4565
644,4567
1473,4567
268,4568
907,4568
2620,4568
4467,4568
2710,4570
1371,4571
2248,4571
3966,4571
230,4572
331,4572
129,4574
2280,4574
8,4575
1267,4575
3270,4576
193,4578
314,4579
2043,4579
297,4583
1950,4583
4009,4583
1521,4585
334,4586
757,4586
1062,4586
1511,4586
1946,4586
283,4587
0,4589
99,4593
232,4596
3609,4597
772,4599
75,4604
45,4605
959,4606
2033,4607
2227,4607
3805,4608
1803,4609
2435,4609
4313,4610
1958,4611
2070,4614
2320,4614
3351,4614
73,4621
76,4621
1430,4621
3256,4623
205,4624
1700,4625
4298,4626
943,4627
1062,4627
1457,4628
66,4629
3986,4629
30,4631
2820,4631
4621,4631
482,4632
4571,4632
3570,4633
203,4634
2286,4634
1573,4635
54,4636
275,4638
0,4639
2933,4639
70,4640
553,4641
2757,4643
988,4644
3206,4644
727,4645
1563,4646
2784,4646
75,4647
3543,4649
1153,4650
2641,4651
2024,4652
3,4653
4,4653
959,4654
2973,4654
1340,4655
3949,4656
3461,4657
0,4658
3356,4659
430,4660
3943,4660
60,4662
175,4662
30,4665
478,4667
596,4667
25,4671
3110,4671
1013,4673
116,4674
2500,4674
1079,4675
765,4677
1502,4677
3401,4678
75,4680
365,4680
73,4682
3839,4682
11,4684
22,4686
47,4688
3878,4688
557,4689
829,4689
1990,4689
2186,4691
671,4692
3207,4693
217,4694
3388,4695
4081,4695
0,4696
130,4696
322,4700
314,4701
1052,4703
606,4705
4558,4705
641,4707
4274,4707
4629,4708
2223,4710
272,4713
822,4713
1787,4714
401,4716
1537,4716
2023,4716
3943,4716
4625,4717
1725,4718
847,4719
974,4720
2019,4720
1197,4722
1495,4722
1041,4723
1695,4723
504,4724
749,4726
1591,4726
1811,4729
2328,4729
1165,4734
2415,4734
2538,4735
646,4736
1257,4736
4409,4736
2675,4737
165,4738
4490,4739
3,4740
977,4740
4716,4740
1909,4742
129,4743
917,4743
2398,4743
3034,4743
544,4744
208,4745
1423,4745
3430,4745
1336,4747
1627,4748
3801,4748
389,4750
2991,4750
895,4753
1415,4753
2150,4754
2278,4754
283,4755
1490,4756
3172,4756
192,4758
952,4758
3839,4758
1474,4760
1851,4760
4440,4760
2043,4761
34,4762
203,4762
1874,4762
4126,4762
221,4763
417,4763
644,4764
479,4766
0,4767
1793,4767
479,4768
1404,4768
3151,4768
3890,4769
98,4770
190,4771
2062,4771
3115,4771
116,4772
3461,4772
2025,4774
29,4775
1502,4776
61,4777
795,4779
1193,4779
2768,4780
232,4786
517,4788
629,4790
130,4791
0,4792
1158,4792
1726,4793
26,4794
1225,4794
2847,4794
249,4795
1187,4795
2044,4797
250,4798
84,4799
1761,4799
201,4801
2227,4801
4442,4801
12,4803
557,4803
870,4805
162,4806
401,4806
769,4806
1793,4806
2353,4807
3268,4807
146,4809
1,4813
1555,4816
0,4817
3048,4819
30,4820
1209,4821
2456,4821
3810,4821
2858,4822
149,4823
297,4823
1350,4823
150,4824
4248,4827
184,4829
166,4831
1708,4831
193,4834
2776,4834
3111,4835
4716,4836
1898,4837
1228,4839
1377,4839
2978,4839
2623,4840
1876,4841
2458,4842
2784,4842
1490,4843
651,4844
54,4845
2440,4846
907,4847
907,4849
1199,4850
3505,4850
2433,4852
486,4853
30,4854
733,4854
0,4855
48,4855
3483,4855
2046,4856
583,4858
556,4859
1228,4859
1423,4859
3251,4859
482,4862
1958,4863
67,4865
269,4865
2698,4865
904,4866
75,4868
1115,4868
1371,4869
3166,4869
3124,4870
207,4871
4543,4872
24,4873
796,4874
632,4876
707,4876
220,4880
3298,4880
3631,4881
989,4884
3428,4884
1533,4886
1785,4888
761,4890
2664,4890
415,4892
0,4893
1681,4893
2233,4895
2309,4895
227,4896
1015,4896
2152,4896
3416,4896
3798,4896
222,4898
2876,4898
4029,4900
4513,4900
30,4901
2215,4902
3372,4904
3493,4904
1686,4905
4705,4905
617,4907
2537,4908
54,4909
4560,4909
4843,4909
150,4910
1702,4910
3889,4912
761,4913
2637,4914
450,4916
972,4916
2344,4916
2838,4920
4456,4921
924,4922
2664,4923
1409,4924
1882,4924
1019,4926
619,4927
1036,4927
1701,4928
198,4929
2862,4929
990,4933
184,4935
4455,4935
3416,4936
0,4937
2326,4937
3280,4938
1500,4939
298,4940
3393,4940
2979,4943
184,4945
3799,4946
4368,4949
3839,4956
1290,4957
4641,4957
2571,4960
514,4963
4016,4966
49,4968
2227,4970
342,4972
1844,4973
4404,4973
482,4975
2811,4975
806,4976
830,4976
822,4977
15,4978
4621,4978
917,4979
3623,4980
1087,4981
3192,4981
581,4982
1019,4982
2422,4983
2576,4983
4325,4983
4462,4984
1987,4985
237,4986
728,4986
165,4987
2227,4988
3585,4991
366,4992
3034,4992
222,4994
401,4994
1913,4995
847,4996
762,4997
2015,4997
3899,4998
340,4999
2710,4999
149,5003
29,5004
1144,5004
3014,5004
0,5006
3421,5007
1399,5008
3351,5009
115,5010
2017,5010
3609,5010
135,5011
387,5012
0,5014
116,5014
3644,5016
4597,5018
115,5020
544,5020
791,5021
4998,5023
205,5026
250,5027
3428,5028
2973,5030
404,5032
1984,5032
2469,5032
495,5033
75,5034
3647,5034
440,5035
304,5036
3591,5036
170,5037
205,5038
2223,5040
4155,5043
881,5045
98,5046
2570,5048
4379,5049
275,5051
1422,5052
1456,5052
3576,5052
232,5053
4467,5054
1576,5058
3888,5058
457,5060
3799,5061
70,5063
597,5063
215,5065
1974,5065
305,5066
3362,5066
4494,5067
1961,5068
2145,5071
5021,5071
349,5072
791,5072
803,5072
1126,5072
0,5073
4929,5073
644,5074
4559,5074
4695,5074
11,5075
48,5075
22,5078
71,5078
1873,5078
3355,5078
2985,5079
1829,5081
115,5082
2508,5082
3394,5082
4248,5082
90,5084
3702,5084
30,5085
161,5085
864,5085
4464,5085
1973,5086
3380,5086
4127,5086
1953,5088
3846,5088
4593,5089
582,5091
3331,5094
1304,5097
1607,5098
1403,5099
1399,5102
29,5103
595,5103
1927,5103
1990,5105
358,5108
288,5109
1395,5109
2458,5110
4431,5110
583,5111
2419,5111
3110,5111
4358,5111
3886,5112
4983,5112
2112,5114
0,5115
5021,5115
441,5116
4662,5116
1590,5117
100,5118
1157,5118
4841,5118
47,5119
168,5122
240,5124
3346,5124
2744,5125
306,5127
307,5127
2419,5127
2154,5128
2233,5129
3394,5129
2041,5133
765,5134
2684,5138
0,5140
1130,5143
3756,5144
4046,5144
2710,5145
1474,5146
4849,5146
2550,5147
3172,5147
557,5149
1228,5149
2434,5150
25,5152
3152,5152
463,5153
2253,5153
3521,5154
1155,5156
2361,5156
3693,5157
2451,5158
8,5159
515,5160
1165,5161
54,5162
342,5164
3409,5164
4884,5165
18,5166
2083,5166
2209,5167
3902,5167
604,5169
284,5171
5103,5171
4559,5172
5078,5172
67,5174
168,5174
1640,5175
121,5176
1914,5176
3011,5176
495,5177
4181,5181
159,5182
3798,5184
5043,5185
129,5187
220,5187
826,5187
3587,5187
3609,5192
1290,5193
3725,5193
73,5194
3798,5194
260,5195
4840,5195
52,5196
75,5198
237,5198
2404,5198
563,5199
3268,5200
158,5202
99,5203
3959,5203
757,5206
3538,5206
4822,5206
75,5207
1171,5207
168,5209
288,5209
3895,5210
4221,5210
2655,5211
1280,5212
3720,5212
5177,5212
2383,5213
3401,5215
0,5216
5157,5216
83,5217
1108,5217
3820,5217
371,5218
4680,5219
276,5220
84,5221
895,5221
2280,5221
0,5222
1248,5222
2017,5222
3669,5222
810,5224
878,5224
0,5225
272,5225
1626,5225
907,5226
124,5227
1304,5229
1473,5230
2644,5232
2749,5232
3346,5232
367,5233
0,5234
302,5234
1661,5234
694,5235
1605,5235
2278,5235
4985,5236
1615,5240
0,5241
75,5241
2486,5241
1058,5244
1894,5244
482,5245
1153,5245
727,5246
1905,5248
5098,5249
278,5250
3570,5250
18,5251
2774,5251
5206,5252
47,5254
351,5255
992,5255
3543,5255
4,5256
0,5257
2724,5258
360,5260
2255,5262
2458,5262
3627,5262
52,5263
2536,5263
1125,5265
26,5266
1736,5266
794,5270
955,5271
3705,5272
1229,5274
595,5275
184,5277
539,5278
58,5280
2961,5280
217,5281
2570,5281
704,5282
4682,5282
22,5283
250,5283
1960,5283
30,5285
3479,5285
1387,5287
2400,5287
4902,5287
2023,5290
3,5291
44,5291
47,5291
116,5291
3616,5291
32,5292
595,5292
1009,5293
5271,5294
1630,5297
3077,5297
3935,5299
58,5300
757,5300
4729,5300
3235,5301
1332,5302
3566,5302
338,5303
351,5304
2152,5304
484,5305
25,5307
1761,5308
3479,5308
346,5309
1413,5313
2103,5316
3207,5316
4189,5317
129,5319
1309,5320
1231,5321
4844,5321
4893,5321
482,5323
777,5324
1136,5324
27,5325
1366,5328
641,5329
1518,5331
3132,5331
99,5334
2265,5334
232,5338
30,5339
2506,5339
66,5340
1935,5340
331,5342
3473,5342
3916,5343
3034,5344
329,5346
2742,5347
2320,5348
2776,5348
0,5349
115,5350
1020,5350
4599,5350
5339,5353
1696,5354
3937,5354
0,5355
2999,5355
1615,5356
3151,5358
407,5359
1546,5359
2028,5361
1107,5362
3133,5363
221,5365
617,5367
1883,5367
201,5368
4923,5368
2298,5369
3849,5369
5174,5370
4426,5371
3576,5372
1371,5373
4505,5373
2724,5374
2561,5375
488,5376
1171,5377
2891,5377
203,5381
8,5382
288,5382
149,5383
1632,5383
3735,5385
1748,5386
2908,5387
85,5390
4586,5390
505,5391
619,5392
18,5393
1182,5393
2331,5393
60,5394
3616,5396
2593,5397
2418,5398
18,5399
155,5400
621,5400
733,5400
4463,5400
1350,5401
2734,5402
4009,5404
489,5406
297,5408
361,5408
3589,5408
4301,5408
4977,5408
1415,5409
632,5410
1178,5411
5374,5412
307,5413
1155,5413
2964,5413
220,5415
122,5416
1572,5416
694,5417
5010,5417
3886,5419
24,5420
5212,5420
662,5421
2831,5421
3298,5422
66,5425
215,5425
0,5426
459,5428
2504,5429
644,5431
2030,5432
714,5434
4855,5435
653,5439
2818,5441
3,5443
349,5445
1020,5446
858,5447
4870,5447
3216,5449
3334,5449
1953,5452
166,5455
2542,5457
2763,5458
122,5459
2545,5459
4193,5459
765,5460
402,5462
1050,5462
54,5463
4631,5463
18,5464
2591,5464
54,5465
1333,5466
1381,5467
1438,5467
1826,5467
2120,5467
5165,5467
125,5468
3356,5468
5166,5468
340,5469
456,5469
562,5469
2193,5470
208,5472
219,5472
221,5472
1426,5472
664,5474
118,5475
433,5477
72,5478
1014,5478
374,5479
1426,5479
2152,5479
3193,5479
3672,5480
2906,5481
1873,5482
232,5483
881,5483
201,5485
1537,5485
72,5487
3929,5487
1169,5488
70,5489
387,5491
3429,5492
3609,5492
989,5493
181,5494
1032,5495
116,5497
727,5497
5483,5498
2610,5499
4220,5502
18,5503
106,5503
1883,5503
3034,5503
184,5504
150,5506
1511,5506
881,5508
2373,5510
2698,5510
4546,5511
1726,5513
4561,5513
5051,5514
1515,5515
47,5516
121,5517
2909,5517
1340,5520
26,5521
245,5521
402,5522
457,5522
5387,5523
0,5525
216,5528
653,5528
4315,5528
161,5529
515,5529
4369,5531
1016,5537
3756,5538
582,5543
1124,5547
2400,5547
5416,5547
260,5549
2334,5549
2153,5550
3172,5550
6,5551
515,5551
1630,5552
4928,5553
4790,5554
3702,5555
4009,5555
5432,5555
5413,5557
989,5558
1164,5559
4561,5560
594,5561
904,5562
2105,5563
3191,5563
5459,5563
580,5564
728,5565
4034,5565
272,5567
1000,5567
2,5568
4163,5568
2862,5569
4009,5570
4579,5570
4753,5570
195,5571
581,5571
441,5572
146,5573
3111,5573
4303,5573
165,5574
4461,5575
1460,5576
25,5577
265,5579
393,5579
3670,5579
60,5582
1308,5585
183,5587
208,5587
2245,5587
3685,5590
314,5591
1323,5593
3078,5593
1282,5594
1423,5594
2301,5594
2406,5594
0,5595
66,5595
1537,5595
3416,5595
5255,5596
2623,5598
3346,5598
1157,5604
1249,5604
4705,5607
5465,5607
2644,5609
4843,5609
860,5611
1950,5611
3033,5611
3748,5614
22,5615
1572,5620
3207,5622
75,5624
355,5624
917,5624
2017,5624
2193,5626
5549,5626
1587,5627
129,5628
1762,5629
3,5631
149,5631
1825,5632
765,5636
1774,5638
1834,5638
5481,5639
170,5640
1373,5640
3565,5640
30,5642
907,5643
229,5644
3320,5644
5252,5644
146,5647
3565,5649
208,5651
4538,5651
90,5652
211,5652
1062,5652
4994,5652
2154,5654
345,5656
1116,5656
1117,5656
1415,5656
603,5657
4518,5658
1797,5660
367,5661
422,5661
595,5661
2073,5663
3110,5666
458,5667
0,5668
4101,5668
3723,5670
5111,5670
562,5672
1155,5674
2189,5679
4379,5681
52,5682
2353,5682
4994,5682
1193,5683
1605,5683
2637,5683
5479,5683
641,5685
1609,5685
0,5687
249,5687
556,5689
774,5690
3923,5691
664,5692
5562,5693
4662,5694
25,5696
162,5696
541,5697
1767,5700
30,5701
1218,5701
3840,5703
250,5705
3308,5708
1522,5710
5270,5710
2227,5714
4586,5715
5134,5715
4225,5717
3039,5719
99,5720
5466,5720
2142,5721
2727,5721
169,5722
263,5722
1216,5722
1591,5723
4910,5723
5003,5723
1813,5725
18,5726
1666,5730
2719,5730
793,5732
5302,5733
1050,5735
4006,5739
83,5741
1104,5741
3481,5741
5086,5741
783,5742
326,5743
2513,5743
3268,5743
1028,5744
3,5746
1075,5746
482,5748
27,5749
208,5750
1197,5751
5631,5751
47,5754
4701,5754
4561,5755
5565,5755
605,5757
4358,5757
116,5758
4801,5760
71,5761
1187,5761
1001,5762
3830,5763
195,5764
1576,5764
3039,5764
73,5765
793,5765
1239,5766
3148,5768
0,5769
25,5769
115,5769
934,5769
658,5770
4639,5770
1656,5771
1820,5773
5194,5776
4,5778
340,5778
553,5778
3,5779
265,5780
1182,5780
5074,5780
1241,5783
3381,5783
4284,5784
4510,5785
1101,5788
974,5790
1381,5790
3606,5792
3798,5793
621,5794
822,5795
3856,5795
338,5796
1087,5799
2446,5799
5640,5800
2132,5803
3846,5804
3548,5805
4430,5806
4053,5809
907,5810
2727,5810
18,5811
605,5811
2131,5811
1253,5813
826,5815
930,5815
32,5818
814,5819
852,5821
512,5822
47,5823
5176,5824
3916,5825
47,5827
2217,5827
3723,5827
5241,5827
1287,5828
3631,5828
215,5829
1214,5831
1401,5831
1144,5834
124,5835
3177,5835
1399,5836
2274,5836
4230,5837
1412,5839
3168,5842
1243,5843
1231,5846
5557,5847
1511,5848
2132,5848
1439,5849
0,5851
1197,5852
3125,5852
370,5854
996,5854
30,5855
357,5855
54,5856
479,5857
1193,5857
1589,5857
4307,5857
2691,5858
370,5859
935,5859
1813,5859
216,5860
700,5861
1649,5861
314,5862
146,5863
4323,5863
2133,5865
232,5866
3896,5867
4527,5867
5847,5868
116,5871
239,5872
4966,5872
626,5873
3720,5873
4245,5873
346,5875
5594,5876
3002,5878
1228,5879
2160,5880
0,5881
45,5881
2872,5881
2415,5882
4313,5882
269,5885
1242,5885
2,5887
653,5889
5594,5889
162,5890
382,5891
211,5892
4923,5892
329,5897
165,5898
4680,5898
605,5899
1817,5900
145,5902
5715,5902
836,5903
924,5904
2243,5906
106,5909
3172,5911
1598,5913
122,5915
276,5915
3022,5915
3306,5917
3571,5917
559,5918
75,5919
4561,5919
12,5920
54,5921
728,5921
425,5923
277,5925
2488,5929
5749,5930
1373,5931
4193,5931
5741,5931
83,5935
95,5935
4839,5935
3107,5936
3643,5938
5147,5938
135,5939
3253,5940
777,5941
3727,5941
489,5944
4631,5944
1155,5949
5911,5949
0,5950
852,5950
1400,5950
4270,5950
73,5951
308,5951
3476,5951
1174,5953
0,5955
456,5955
576,5956
52,5957
772,5958
3831,5958
4722,5958
4021,5959
2602,5960
30,5963
539,5967
1221,5967
274,5968
351,5968
2569,5968
1047,5969
322,5971
407,5972
4341,5972
4966,5972
203,5973
3248,5973
30,5975
4680,5976
5234,5977
48,5978
100,5978
30,5979
269,5979
26,5980
350,5980
2089,5980
5705,5980
1502,5981
1606,5981
5111,5981
5852,5982
288,5984
399,5984
2148,5984
3364,5985
269,5986
66,5990
374,5990
3174,5990
8,5993
2779,5993
3077,5997
30,5998
2152,5998
5382,5998
3139,6001
4421,6001
0,6003
3129,6003
3346,6003
872,6004
2651,6005
2353,6006
5393,6006
881,6007
3209,6007
14,6008
2972,6008
5950,6008
632,6010
2896,6010
2587,6011
2584,6012
71,6013
203,6016
1307,6017
5108,6017
929,6018
124,6019
1198,6020
288,6023
1609,6024
4278,6024
45,6026
3024,6026
797,6027
1719,6027
5761,6027
2407,6028
4487,6030
2541,6032
320,6033
75,6034
1798,6034
3809,6035
870,6039
47,6040
205,6041
1395,6042
1630,6042
5074,6043
1101,6044
1416,6044
1412,6045
3571,6045
1127,6046
2031,6046
4,6047
237,6048
288,6052
470,6052
741,6052
2283,6052
3799,6052
115,6054
1182,6056
29,6061
2019,6061
4301,6062
1591,6064
25,6066
3917,6067
5174,6067
556,6070
2227,6070
272,6071
1457,6071
292,6072
2637,6072
5074,6072
5881,6072
5506,6073
935,6074
291,6075
3935,6075
493,6076
2227,6076
4840,6078
1272,6080
3518,6080
161,6083
761,6089
5292,6089
104,6096
1254,6096
2280,6098
4729,6098
0,6100
2193,6101
3,6102
1041,6103
1806,6105
1882,6105
6041,6105
1108,6106
1307,6106
1898,6108
3557,6108
5778,6108
2977,6110
639,6112
6045,6113
130,6114
1186,6116
3842,6117
66,6119
221,6119
297,6119
3700,6119
762,6120
1749,6120
2383,6120
5167,6120
5400,6120
124,6122
2416,6126
2619,6127
1209,6130
0,6131
5717,6131
1336,6132
3943,6132
5153,6133
901,6134
495,6136
1651,6136
2122,6136
4777,6137
100,6138
604,6139
0,6141
489,6141
1511,6142
1659,6143
2643,6143
3129,6145
2067,6148
2072,6148
493,6149
3543,6149
583,6150
198,6151
129,6152
2724,6152
4098,6153
170,6155
1533,6155
5098,6155
1438,6156
1626,6156
0,6157
486,6159
5986,6159
6,6160
3585,6160
3412,6161
757,6162
269,6164
1472,6164
2105,6164
150,6166
232,6166
1391,6166
2396,6166
3476,6167
1615,6170
79,6171
2919,6171
3428,6171
4914,6171
45,6172
2033,6174
3623,6175
4396,6178
4593,6179
2908,6180
5063,6181
0,6185
632,6185
649,6186
5887,6186
3,6187
457,6187
1851,6187
169,6188
1323,6188
1612,6188
1834,6189
265,6190
272,6190
1950,6190
2212,6191
249,6194
539,6194
707,6194
2264,6194
169,6196
1218,6196
3414,6196
297,6198
298,6198
28,6200
208,6200
6072,6200
3627,6201
4443,6202
84,6203
1093,6203
4716,6203
1625,6204
3107,6204
1445,6206
1774,6206
3010,6206
73,6207
2917,6207
76,6209
5445,6210
602,6211
3927,6211
2632,6215
4467,6215
604,6216
605,6217
1434,6218
819,6219
5004,6219
1084,6220
479,6221
1308,6221
977,6222
5353,6222
433,6223
2363,6224
193,6226
249,6227
4589,6229
250,6231
580,6231
982,6231
1285,6232
2283,6232
1765,6234
75,6235
1987,6237
4276,6237
3177,6239
597,6240
1569,6240
2404,6240
426,6241
185,6246
3172,6246
5656,6248
589,6250
4175,6250
30,6252
90,6253
3256,6255
5972,6255
75,6257
5732,6260
124,6261
4125,6261
2887,6262
456,6264
0,6266
1037,6266
208,6267
4824,6267
6131,6267
106,6268
733,6271
2744,6271
2500,6272
1193,6274
2545,6275
5245,6275
232,6278
486,6280
3378,6280
58,6281
83,6282
1824,6282
482,6284
5940,6286
492,6289
933,6289
1601,6294
5073,6294
728,6295
2732,6296
4433,6296
58,6297
1037,6298
73,6299
67,6300
346,6300
1323,6301
5481,6302
1051,6303
5652,6303
1587,6304
5014,6305
149,6307
1194,6310
3102,6310
1660,6312
137,6313
268,6313
553,6313
707,6313
2293,6313
1934,6315
3182,6315
5761,6316
1333,6319
1851,6319
4096,6320
1579,6321
3479,6323
2951,6325
3946,6325
4850,6325
5174,6325
5387,6325
2326,6328
4801,6328
1015,6329
288,6330
3842,6330
1318,6331
2991,6332
58,6333
1377,6335
3934,6336
5034,6336
884,6337
6178,6340
1472,6343
1355,6345
1373,6345
3103,6346
116,6348
3623,6348
346,6349
3206,6349
1564,6350
6096,6350
3641,6351
60,6353
2538,6355
3700,6355
6196,6355
190,6356
4898,6357
5117,6358
1619,6360
2978,6361
0,6362
2295,6364
4680,6364
3296,6366
1267,6367
3896,6367
2193,6368
4100,6369
30,6371
2106,6373
5368,6373
1404,6374
5881,6374
3791,6376
1905,6377
3258,6378
3364,6378
751,6379
563,6380
5520,6380
463,6381
5871,6381
0,6382
24,6383
5554,6383
604,6384
714,6384
1527,6384
2363,6384
387,6385
878,6385
672,6387
3040,6388
1108,6389
267,6390
3362,6390
3964,6392
0,6393
70,6393
2160,6393
1945,6394
3792,6394
45,6395
819,6395
75,6396
924,6396
1000,6399
3856,6399
3436,6400
4872,6400
1649,6403
778,6404
2103,6404
3899,6404
1040,6405
2602,6405
1000,6406
3491,6407
4109,6407
0,6408
1082,6410
3934,6412
75,6413
5593,6414
4284,6415
0,6417
5873,6422
733,6423
5668,6424
2334,6425
454,6427
346,6428
996,6429
852,6430
93,6432
4312,6433
4893,6434
479,6435
1483,6435
5021,6435
512,6440
626,6440
3155,6440
1601,6442
1554,6443
349,6447
469,6448
4740,6448
145,6449
1350,6449
3,6450
1569,6450
2690,6453
1240,6455
2569,6455
4586,6455
6229,6459
5984,6460
6380,6460
644,6461
79,6462
435,6462
1933,6462
5751,6462
2871,6463
6120,6463
3057,6464
2657,6465
2328,6466
4024,6466
936,6467
482,6469
2103,6470
580,6471
4593,6471
955,6472
1290,6472
1839,6472
2081,6473
2298,6473
5921,6474
205,6475
6382,6475
3311,6477
6150,6477
3792,6481
201,6483
1518,6485
303,6486
4982,6489
162,6490
4253,6490
2585,6491
1101,6492
806,6494
5421,6494
6295,6495
2280,6496
28,6497
2450,6497
292,6499
158,6500
30,6501
83,6502
594,6502
12,6506
560,6506
124,6507
2980,6507
338,6508
149,6510
193,6512
1511,6513
100,6514
923,6514
58,6515
6170,6515
1002,6516
1041,6516
2211,6516
2225,6516
4100,6516
1920,6517
1659,6522
5873,6522
220,6524
418,6524
4230,6526
146,6527
3311,6529
27,6531
619,6532
728,6534
2603,6534
6159,6535
3425,6536
4248,6537
49,6539
4440,6540
2248,6541
4094,6541
4421,6543
75,6544
653,6544
3690,6545
208,6546
4865,6546
54,6549
6303,6549
564,6553
4369,6554
3421,6555
2105,6558
3667,6558
232,6559
632,6559
3668,6559
0,6560
2120,6561
2529,6561
6096,6563
3151,6564
3230,6564
1125,6566
1260,6566
5935,6567
156,6568
463,6568
4981,6569
5291,6570
1488,6571
3102,6571
3067,6572
3724,6572
6137,6573
2529,6574
2576,6574
30,6580
3654,6581
305,6583
469,6584
3607,6586
3681,6586
577,6588
993,6589
2450,6589
4301,6589
83,6590
3734,6591
453,6592
83,6593
3057,6595
5245,6595
6232,6595
1125,6596
26,6601
1397,6603
5324,6603
0,6604
3043,6609
193,6611
1279,6611
4187,6612
4248,6613
3306,6614
4,6615
4605,6615
100,6616
3,6620
936,6620
5153,6622
221,6624
331,6624
2506,6624
542,6627
1155,6627
2155,6629
215,6630
5255,6630
1153,6632
124,6633
1891,6634
1719,6635
260,6636
4916,6637
2141,6638
2632,6638
5365,6638
987,6639
2789,6639
220,6641
2189,6644
1097,6646
4844,6646
5371,6647
1017,6648
595,6650
456,6651
5627,6651
3040,6654
5010,6654
1535,6655
2826,6657
1904,6658
58,6660
149,6660
2309,6660
767,6661
61,6662
54,6664
2383,6665
4720,6665
474,6667
346,6670
735,6670
1518,6671
1553,6675
529,6676
4904,6676
584,6677
474,6680
30,6681
1259,6681
2508,6683
6080,6683
118,6684
149,6685
6096,6686
184,6689
100,6690
2,6692
552,6693
924,6695
1148,6695
5984,6696
4748,6697
2120,6698
5426,6699
1600,6700
2966,6700
3441,6701
4916,6704
85,6705
3620,6705
639,6706
1063,6706
3754,6706
2820,6707
5051,6708
1104,6711
2774,6711
6349,6713
54,6715
75,6715
619,6715
1398,6715
73,6716
762,6716
149,6717
1127,6717
3428,6717
478,6719
4466,6719
5485,6719
1488,6720
5614,6721
54,6723
793,6726
804,6727
639,6729
0,6730
1007,6732
0,6734
24,6734
6325,6734
0,6736
459,6737
3801,6737
6127,6737
314,6740
595,6740
1391,6740
1408,6740
1456,6740
232,6742
4572,6742
1590,6744
3230,6748
2130,6749
75,6751
280,6752
1057,6752
5256,6753
5303,6754
651,6755
3927,6755
75,6756
542,6757
3588,6757
4081,6757
5401,6757
265,6759
18,6762
73,6763
495,6763
531,6763
2172,6763
3495,6766
2083,6768
0,6769
3,6770
54,6770
2225,6771
178,6772
149,6773
6392,6773
30,6776
275,6776
632,6776
1803,6778
2889,6780
75,6783
672,6783
795,6785
1564,6786
0,6788
1625,6789
478,6791
1179,6792
3950,6792
2623,6793
3806,6793
1317,6794
60,6795
674,6795
2504,6796
4806,6796
6516,6796
2472,6797
4417,6798
3554,6800
556,6801
777,6801
2025,6802
49,6805
2570,6807
6693,6807
0,6808
29,6811
488,6812
2715,6812
1349,6814
2024,6814
955,6820
54,6821
3129,6821
6494,6821
1935,6822
5778,6824
1553,6825
340,6826
1195,6826
5323,6826
4673,6829
47,6830
1260,6830
777,6831
5591,6832
1716,6834
989,6835
2951,6837
482,6838
232,6839
5073,6839
2086,6841
3236,6841
4777,6841
4282,6842
2876,6843
5258,6844
6262,6844
441,6845
727,6845
0,6846
168,6846
2398,6846
4111,6846
972,6847
2041,6847
5596,6848
1615,6849
1950,6849
4937,6855
3943,6856
3840,6857
3303,6858
0,6860
0,6861
32,6861
292,6861
1398,6861
3734,6861
924,6862
4631,6862
1349,6864
6529,6864
34,6867
314,6868
4493,6868
2623,6869
4723,6869
158,6871
1193,6871
1103,6873
27,6874
83,6874
1511,6875
4450,6875
387,6876
617,6876
5224,6876
4850,6879
304,6880
61,6881
4644,6881
6200,6881
2907,6884
5663,6884
136,6885
2422,6885
2451,6885
250,6886
34,6887
5447,6888
293,6889
2468,6889
819,6890
3499,6890
2208,6891
5857,6892
181,6894
2757,6894
2324,6897
3021,6898
4101,6899
4734,6899
6657,6899
32,6900
130,6900
1193,6900
1101,6902
3543,6902
4109,6902
4779,6902
30,6903
6635,6904
232,6906
1069,6907
2035,6909
1127,6910
100,6912
2935,6913
4768,6915
4794,6915
728,6916
129,6922
2458,6922
3964,6922
3997,6922
133,6924
342,6924
757,6924
2604,6924
2979,6925
5125,6925
314,6926
5846,6926
2727,6927
1228,6928
225,6929
366,6931
619,6932
3624,6935
5520,6937
2584,6939
211,6943
2678,6944
4583,6945
1569,6946
4881,6946
4983,6947
1726,6948
2991,6949
221,6951
617,6952
867,6953
215,6955
3705,6955
5085,6955
907,6957
1228,6957
971,6958
1834,6958
5020,6958
3492,6959
4627,6959
1,6960
100,6961
27,6962
3695,6962
543,6963
6367,6963
83,6964
5624,6964
3593,6966
3863,6966
4780,6966
455,6968
4461,6968
923,6969
804,6970
3468,6970
1164,6971
3425,6971
6361,6972
795,6974
5652,6974
249,6976
1089,6976
3908,6976
5497,6978
1990,6979
5324,6981
203,6989
3526,6989
504,6991
6821,6991
2910,6992
2038,6994
3799,6995
5226,6995
2489,6996
5175,6997
5300,6998
2832,6999
222,7000
401,7001
2150,7002
2663,7002
5420,7002
0,7003
1242,7003
5778,7003
47,7004
603,7004
14,7006
3471,7008
4231,7008
6675,7008
54,7009
1199,7009
6113,7013
988,7014
129,7015
79,7016
2100,7016
3623,7018
2727,7020
2101,7023
2365,7023
3015,7023
3434,7025
6044,7026
260,7027
589,7027
6449,7027
3036,7028
3734,7028
913,7029
822,7030
1104,7031
728,7035
54,7036
1505,7037
1554,7040
440,7042
4173,7043
45,7044
47,7044
5401,7045
3169,7046
4463,7046
227,7049
3186,7049
135,7051
734,7051
82,7053
235,7053
1428,7055
3902,7055
6425,7057
1056,7058
562,7059
3926,7059
165,7060
2042,7060
4558,7060
3461,7063
455,7064
1051,7065
5363,7065
5367,7065
3032,7067
4379,7067
531,7069
5809,7069
2820,7070
3600,7070
49,7072
584,7072
61,7074
4,7077
1818,7078
83,7080
2607,7080
1044,7081
5393,7082
482,7083
4467,7084
4579,7084
3401,7085
4558,7085
218,7088
765,7089
1193,7090
6861,7091
337,7094
5153,7095
5472,7095
5771,7096
82,7100
6855,7100
82,7101
0,7104
8,7104
4185,7105
2493,7107
358,7108
118,7109
1850,7109
297,7110
2067,7110
292,7112
3723,7114
3557,7115
195,7116
4368,7116
366,7118
6323,7118
6713,7119
655,7121
0,7123
47,7123
5967,7123
2486,7124
5839,7124
6502,7124
0,7127
6321,7128
367,7133
4165,7133
25,7137
580,7137
5020,7137
1336,7141
3996,7143
757,7144
1,7146
5051,7148
881,7149
148,7151
6574,7151
621,7154
4414,7156
5426,7156
6408,7158
2416,7159
2353,7162
4716,7162
130,7165
386,7168
804,7169
54,7170
6897,7170
0,7171
161,7171
6723,7171
3792,7172
5649,7172
4562,7173
3690,7174
2419,7175
5426,7176
47,7177
3115,7177
2283,7178
0,7179
185,7182
3372,7184
162,7186
52,7188
1249,7190
2104,7191
3186,7191
3964,7191
5308,7191
822,7192
3902,7192
230,7193
6841,7195
2183,7196
4506,7197
6274,7197
3191,7198
644,7200
1193,7201
1350,7201
4513,7201
314,7202
493,7204
1948,7204
3372,7204
5417,7204
728,7206
6355,7208
249,7209
595,7209
1013,7212
457,7213
1188,7213
124,7214
803,7214
164,7216
280,7216
479,7218
2001,7218
25,7219
72,7220
5074,7220
261,7222
240,7227
1826,7227
5331,7227
2406,7228
3457,7228
6203,7228
2462,7229
1351,7230
1649,7230
3139,7232
4565,7232
482,7233
58,7235
7200,7239
1628,7242
361,7243
4400,7244
3943,7246
4788,7246
5321,7248
3380,7249
1817,7252
6066,7252
6262,7252
1130,7253
1614,7253
4358,7253
2663,7254
1600,7255
26,7256
3858,7256
6229,7256
803,7259
707,7260
825,7260
6190,7260
79,7267
5103,7267
1179,7268
3310,7268
393,7270
4021,7270
1813,7273
4923,7273
5681,7273
6382,7275
262,7276
3991,7276
4849,7278
1159,7279
184,7280
2189,7282
5152,7282
4987,7284
1117,7285
440,7287
5175,7287
116,7290
121,7290
1995,7290
3943,7290
232,7291
529,7291
5520,7291
4242,7293
1913,7295
444,7297
595,7298
982,7298
4276,7300
2908,7302
4498,7302
556,7303
4916,7304
292,7306
5579,7306
6200,7306
3926,7307
822,7308
2081,7308
4334,7308
6944,7309
2073,7310
2822,7310
3077,7310
100,7313
2508,7313
25,7314
166,7315
1415,7318
1065,7319
1091,7319
1362,7320
237,7321
1716,7322
2103,7323
220,7328
2537,7328
4467,7328
201,7329
47,7330
1605,7330
1898,7331
4117,7331
4769,7332
1831,7333
2042,7334
3380,7335
303,7336
1422,7336
4568,7337
6310,7337
1858,7338
6867,7338
621,7339
1094,7339
1987,7339
531,7342
1254,7345
489,7346
1952,7346
1474,7348
1800,7348
7091,7349
18,7350
3197,7350
1509,7351
1553,7351
3192,7353
934,7354
3430,7354
7252,7358
5487,7359
1521,7361
0,7363
5174,7363
0,7364
870,7364
18,7365
3260,7365
3493,7366
4307,7366
0,7367
1381,7367
149,7368
3,7369
5735,7373
787,7374
4248,7374
249,7375
3,7376
329,7378
331,7379
0,7380
4872,7380
0,7381
42,7382
314,7385
3597,7386
1632,7390
2400,7394
4579,7395
208,7399
5222,7401
0,7403
2245,7403
5979,7403
5579,7406
621,7409
73,7411
1234,7414
2019,7415
3805,7416
2015,7417
2155,7417
4823,7417
129,7418
4070,7419
232,7420
2876,7420
5955,7420
203,7421
2774,7425
0,7428
370,7428
30,7429
550,7430
3409,7430
562,7432
1352,7432
11,7433
382,7433
1101,7433
497,7435
2544,7435
5880,7436
2248,7437
1032,7438
1807,7438
6382,7438
30,7439
3475,7440
116,7442
4872,7442
5468,7442
5955,7442
5624,7443
5082,7445
75,7446
2415,7446
4716,7447
18,7449
367,7451
405,7452
577,7453
1761,7453
2602,7454
6187,7454
5270,7455
49,7456
1426,7456
653,7457
2101,7458
5146,7458
168,7459
2732,7461
3739,7462
6380,7462
2971,7465
444,7468
49,7469
75,7471
3080,7471
269,7472
507,7472
1649,7472
145,7473
417,7473
6475,7473
0,7474
4,7476
6789,7477
2321,7478
374,7481
1445,7485
5363,7485
2020,7486
2379,7489
2400,7489
3243,7489
90,7490
563,7490
47,7491
6186,7491
1267,7495
292,7496
184,7497
1,7498
1082,7498
5935,7498
3890,7499
4284,7500
1242,7501
213,7502
90,7504
314,7505
626,7505
3,7507
1062,7508
2021,7509
2550,7510
2155,7511
440,7512
644,7512
7192,7515
4006,7516
30,7517
2404,7518
6076,7518
899,7520
1028,7520
4609,7525
70,7526
507,7526
1378,7529
58,7532
3398,7533
4555,7533
4849,7533
3,7534
73,7535
440,7536
3100,7537
3916,7537
4510,7537
762,7540
2140,7540
4823,7540
1900,7543
438,7544
288,7545
433,7546
4716,7547
4927,7548
3667,7549
6467,7552
6644,7553
6166,7555
1314,7556
2570,7557
3242,7557
135,7558
208,7559
0,7560
1074,7560
1625,7560
5892,7560
54,7561
2691,7561
5122,7561
1352,7563
1874,7563
3591,7567
5549,7567
115,7568
6349,7568
291,7569
415,7570
3555,7572
1394,7578
6517,7578
5861,7580
1148,7581
5703,7581
6661,7582
7128,7583
1187,7586
418,7587
2331,7587
444,7588
2964,7588
216,7589
393,7589
0,7590
4163,7591
6188,7592
3434,7593
4301,7593
150,7595
1415,7595
3950,7595
4831,7596
5115,7596
1171,7597
30,7600
2662,7601
5723,7602
2820,7603
3476,7603
6966,7603
2019,7604
2208,7606
1148,7608
1182,7608
129,7609
1249,7609
2384,7610
2273,7611
85,7612
222,7612
5468,7612
1199,7613
5416,7615
6187,7616
5785,7617
1573,7618
2462,7618
563,7622
1197,7622
1952,7622
1638,7624
684,7625
6462,7625
18,7627
1020,7629
304,7630
2629,7630
1343,7631
387,7632
6027,7632
2212,7633
2876,7634
2278,7637
7526,7637
1415,7639
465,7640
1052,7640
238,7649
6072,7650
1142,7653
200,7654
1082,7654
1097,7654
3254,7655
0,7656
5112,7656
5176,7657
6675,7658
90,7659
3090,7659
5919,7659
216,7660
2577,7660
119,7661
1336,7662
3239,7662
884,7663
222,7664
6843,7665
6348,7667
1478,7669
7108,7669
3203,7672
6171,7672
6801,7673
25,7674
798,7674
4357,7675
581,7676
3662,7676
576,7678
594,7678
433,7679
3230,7679
75,7680
1439,7680
4430,7680
122,7681
4720,7681
3605,7682
24,7683
716,7683
311,7684
1869,7688
4094,7689
2846,7690
75,7692
401,7693
2464,7697
2272,7698
3036,7698
25,7699
6348,7699
284,7700
1103,7701
121,7703
2921,7705
621,7706
2451,7706
1475,7708
1101,7709
505,7711
1084,7711
1883,7711
3364,7711
7632,7711
1474,7712
881,7713
6381,7713
1065,7714
6989,7714
61,7715
1874,7719
4,7720
360,7720
6492,7720
342,7721
3353,7722
7110,7724
6971,7725
4667,7729
5245,7729
1235,7730
4467,7731
5265,7731
2999,7732
4696,7732
5235,7733
7197,7734
58,7738
4745,7738
5447,7738
2972,7739
4794,7739
6639,7741
1187,7742
30,7743
4426,7743
814,7745
3428,7745
6906,7745
2906,7746
3203,7747
18,7749
6475,7749
49,7750
54,7750
2320,7750
190,7751
1087,7752
0,7753
1286,7753
2789,7753
7156,7753
578,7755
5425,7755
82,7756
2664,7756
576,7757
1725,7758
5656,7758
1155,7759
0,7763
106,7764
3132,7764
250,7765
759,7765
1193,7765
1304,7766
4853,7767
727,7768
3031,7768
3364,7768
3468,7768
283,7770
6763,7770
380,7771
4929,7771
2396,7772
2618,7773
7770,7773
2363,7774
6119,7774
5111,7775
5245,7775
727,7776
3016,7776
1468,7777
5857,7777
2072,7778
7013,7779
4839,7781
2296,7784
3421,7784
6506,7784
517,7786
1515,7787
1736,7787
2363,7792
881,7795
1883,7796
5651,7797
85,7798
66,7799
3463,7799
2458,7800
6943,7800
7582,7804
1,7805
2086,7805
6166,7805
7303,7805
90,7807
25,7808
7252,7809
1361,7810
3784,7810
75,7811
232,7813
1430,7813
2491,7813
3094,7813
5348,7813
1874,7814
6885,7814
3756,7816
2305,7817
781,7818
30,7819
664,7819
7201,7819
1580,7820
3090,7820
6460,7821
5222,7822
115,7823
245,7824
2128,7825
1681,7826
288,7827
694,7828
795,7831
4767,7832
6348,7832
1063,7833
6280,7835
6796,7835
6771,7836
7015,7837
907,7838
5693,7839
344,7840
1793,7840
2248,7840
52,7841
5222,7841
2672,7842
6955,7843
1229,7844
1745,7846
617,7847
4234,7847
2,7848
2773,7851
4570,7851
5240,7851
849,7852
5234,7853
90,7854
5020,7854
47,7855
52,7855
1148,7859
4694,7859
5037,7860
1257,7861
6312,7861
3839,7862
7609,7862
4852,7866
1402,7867
2672,7869
2982,7869
0,7870
275,7873
479,7874
1797,7874
3858,7874
704,7876
1931,7876
2383,7876
1446,7878
3306,7878
692,7879
4982,7881
2326,7882
83,7883
245,7883
1400,7883
3425,7883
5939,7884
0,7885
5004,7885
1457,7888
6595,7888
822,7890
1196,7890
2960,7891
4034,7892
262,7893
639,7895
7401,7895
331,7896
2072,7897
5280,7897
5773,7897
3734,7904
3346,7905
3067,7907
3111,7907
6592,7908
48,7909
230,7909
1582,7909
54,7910
4419,7911
34,7914
7819,7914
4439,7915
1656,7916
727,7917
1874,7917
4440,7918
54,7920
72,7922
2023,7925
592,7930
221,7932
1126,7932
5715,7932
6953,7934
4750,7935
6615,7938
694,7940
619,7941
6916,7941
7498,7941
5412,7942
404,7943
249,7944
1660,7944
2241,7944
6357,7944
260,7949
993,7950
5714,7950
3594,7951
793,7953
4769,7954
680,7955
1830,7955
5301,7958
49,7959
1955,7959
1413,7960
1196,7961
1991,7961
3206,7962
4824,7962
6356,7963
5631,7964
455,7965
2586,7967
2122,7969
5068,7972
626,7975
67,7977
6229,7977
1231,7978
1807,7978
83,7979
1148,7983
3566,7983
5235,7983
7854,7983
795,7984
923,7984
0,7985
7302,7987
655,7988
0,7990
1087,7992
5196,7993
6948,7993
544,7995
1019,7995
66,7996
2248,7996
3209,7996
3927,7999
185,8000
1063,8001
4579,8001
605,8003
1178,8003
6399,8004
3076,8005
7711,8005
3663,8009
5913,8009
84,8010
2607,8010
3239,8014
11,8015
5408,8015
7781,8017
6012,8019
6571,8019
4910,8020
441,8022
2719,8023
4976,8023
24,8024
1511,8027
3355,8027
727,8028
2541,8028
542,8030
0,8032
822,8033
1587,8033
3631,8033
5861,8033
7067,8037
0,8038
158,8038
1945,8038
2902,8039
7680,8039
5157,8041
7656,8043
292,8044
2227,8044
2386,8045
463,8047
7276,8047
60,8049
1478,8049
1984,8050
4359,8051
7851,8053
2664,8054
0,8058
190,8060
1898,8060
76,8062
58,8064
249,8065
1500,8065
2134,8067
6052,8068
0,8069
1228,8069
4132,8071
6869,8071
0,8075
135,8077
4718,8077
91,8080
1203,8082
1165,8084
208,8085
2233,8085
5003,8086
5554,8086
90,8088
5177,8088
1111,8089
3582,8089
1379,8091
2513,8091
4060,8091
777,8094
220,8095
4572,8095
4631,8096
185,8097
116,8099
4650,8102
3280,8105
5052,8108
5778,8108
3916,8109
6847,8109
222,8111
269,8111
4823,8111
4852,8111
1101,8112
4240,8112
6246,8112
118,8114
982,8114
2546,8115
1474,8119
3667,8121
847,8122
398,8125
2632,8125
208,8126
498,8127
3946,8128
3177,8132
1554,8133
2501,8134
90,8137
5861,8139
1280,8140
2582,8140
184,8141
6061,8141
32,8142
1915,8142
3,8145
3039,8145
168,8146
1709,8146
3220,8147
5209,8149
968,8150
1170,8150
3812,8153
277,8154
2871,8154
3177,8156
5282,8156
6894,8156
977,8157
184,8158
232,8158
169,8159
1555,8160
3815,8161
707,8164
3545,8164
4777,8164
454,8165
4018,8165
6974,8165
4769,8166
4978,8166
3966,8167
5629,8169
208,8170
3927,8171
2773,8173
5175,8173
185,8174
3685,8174
795,8175
7622,8175
1193,8177
1490,8177
49,8180
626,8181
2243,8181
2272,8181
6460,8182
1308,8183
2105,8183
430,8184
4750,8184
6450,8184
3149,8185
5483,8185
76,8187
473,8188
3858,8191
440,8192
1051,8194
161,8195
47,8199
653,8199
3521,8199
4768,8199
58,8200
474,8200
2546,8201
5339,8201
988,8202
1085,8203
5387,8204
728,8205
769,8205
205,8206
272,8206
380,8206
2383,8206
6924,8206
5174,8207
482,8208
2236,8208
166,8210
7096,8210
8,8211
6898,8211
3582,8212
806,8215
6381,8215
165,8217
4762,8218
1308,8219
7995,8219
675,8220
1802,8220
5715,8220
6186,8220
8095,8221
457,8222
30,8224
3277,8224
6462,8225
3423,8226
150,8227
2844,8227
4682,8227
5053,8227
3667,8228
311,8229
3478,8229
164,8230
3916,8230
205,8232
684,8232
0,8233
2042,8234
3350,8235
25,8236
73,8237
2504,8237
130,8238
5390,8239
7037,8239
4859,8240
5503,8240
6406,8240
0,8242
5053,8243
6698,8243
49,8249
1218,8251
1572,8251
189,8252
5720,8253
921,8254
3497,8254
1171,8256
567,8258
959,8258
4854,8258
5447,8261
2134,8262
2417,8263
91,8265
4303,8265
227,8268
687,8270
2660,8272
538,8275
2449,8277
7897,8277
3468,8279
7941,8281
2820,8282
1,8283
829,8283
1479,8283
980,8287
3991,8288
183,8290
4561,8290
6843,8291
7699,8291
30,8292
5034,8293
183,8294
1087,8294
1441,8294
4614,8295
5632,8295
3943,8296
2131,8298
442,8299
1727,8301
6211,8302
911,8304
5240,8304
0,8305
4872,8306
1829,8307
4513,8308
4790,8308
0,8311
644,8313
5741,8313
374,8314
1009,8316
6203,8318
1784,8322
1047,8323
7119,8323
168,8324
4225,8324
3945,8325
7451,8326
1019,8327
5579,8327
83,8328
3771,8328
4777,8328
5282,8329
440,8332
47,8334
549,8334
54,8335
1624,8335
1985,8335
0,8337
717,8339
2727,8340
8147,8340
3601,8341
7320,8341
25,8343
4125,8343
2042,8344
221,8345
5950,8347
2290,8348
44,8353
3668,8353
5508,8357
1974,8358
483,8361
3269,8361
1858,8363
2584,8363
804,8364
1598,8364
75,8365
330,8365
1110,8366
6463,8366
1511,8368
6526,8369
7318,8371
5415,8372
7851,8372
7874,8373
44,8374
345,8374
1564,8374
7276,8376
2398,8377
183,8378
2298,8378
4050,8378
5880,8378
6067,8378
1209,8380
6071,8380
7629,8380
30,8381
329,8381
6395,8382
2784,8383
8239,8383
539,8385
0,8386
6695,8386
1019,8387
45,8389
728,8390
175,8391
5626,8391
1148,8392
486,8394
47,8396
6286,8396
4546,8397
6544,8397
3795,8398
2544,8400
3986,8400
4574,8400
184,8403
4253,8403
772,8408
1495,8409
1795,8409
1216,8410
6350,8411
1950,8413
6312,8415
7512,8415
3948,8416
6968,8416
7044,8416
249,8420
504,8420
1373,8420
1950,8423
1635,8424
8206,8426
178,8427
3867,8428
18,8429
6067,8433
2223,8436
6006,8437
6924,8438
47,8440
401,8440
374,8441
4,8443
1967,8443
1209,8445
4716,8445
1438,8446
7755,8447
6001,8448
7037,8448
7714,8448
3914,8449
4766,8450
1621,8452
4426,8452
7800,8452
3080,8455
1290,8456
6976,8456
2430,8457
456,8458
5222,8458
2617,8459
1,8460
380,8461
1697,8461
495,8462
4378,8462
54,8463
1370,8464
1373,8464
2468,8464
90,8466
5402,8468
29,8469
1026,8469
5147,8472
6348,8473
2724,8474
3739,8474
4190,8474
8348,8475
2727,8476
1108,8477
263,8479
2678,8479
7975,8479
166,8480
295,8480
342,8480
4960,8481
5531,8482
75,8484
7715,8486
5157,8490
122,8491
3844,8494
1131,8500
1829,8500
2860,8500
4114,8500
47,8501
71,8502
1229,8503
1983,8504
509,8509
627,8512
45,8515
881,8515
793,8516
30,8517
2844,8518
3458,8518
2603,8520
6340,8520
2235,8523
6880,8523
7786,8525
4543,8526
7854,8527
1935,8528
2326,8528
6232,8529
596,8530
1085,8532
821,8533
24,8534
4667,8536
7003,8537
694,8539
42,8540
7683,8544
3560,8546
0,8547
3641,8548
3867,8548
343,8550
5889,8550
6114,8550
2625,8551
3207,8551
3,8554
987,8554
4497,8554
0,8555
4284,8556
6004,8557
1851,8558
2122,8558
3,8559
1474,8559
149,8562
604,8562
1809,8563
227,8564
7367,8564
2617,8567
3932,8567
73,8568
4823,8569
0,8570
2981,8570
2491,8577
217,8578
1260,8579
2326,8581
4718,8582
7618,8584
1597,8585
272,8586
562,8586
685,8587
6662,8587
6860,8588
1731,8589
1813,8589
1905,8589
342,8590
1271,8591
6096,8591
4157,8592
4927,8592
4605,8593
34,8594
2587,8596
2999,8597
4486,8597
2458,8598
3129,8598
6974,8598
292,8600
70,8603
4972,8603
1104,8606
58,8607
4341,8609
0,8610
47,8610
0,8613
1912,8615
7653,8615
8378,8616
685,8618
1267,8618
1340,8618
27,8621
668,8621
3260,8622
904,8624
482,8626
7500,8626
3500,8627
47,8630
1874,8630
6662,8631
1632,8632
1229,8633
2015,8634
6072,8634
1225,8638
3580,8638
3362,8639
1582,8640
603,8641
2376,8641
8326,8641
773,8643
924,8644
3916,8644
1021,8646
4325,8646
124,8647
2138,8648
232,8649
292,8649
3820,8650
100,8652
72,8654
2611,8655
6924,8656
6660,8664
6752,8664
5401,8666
24,8667
819,8667
5967,8667
11,8668
99,8668
5873,8668
30,8669
114,8669
1788,8670
8142,8672
18,8674
630,8674
1069,8674
0,8675
2338,8675
741,8676
2189,8677
1050,8678
644,8679
8615,8681
5939,8682
8455,8682
6237,8684
6963,8686
971,8688
3926,8688
433,8689
4303,8689
3704,8691
5052,8692
655,8694
5245,8694
6713,8694
7596,8694
3767,8695
5194,8696
4574,8697
1569,8698
5749,8699
2584,8700
498,8701
3778,8701
4777,8701
5852,8701
325,8702
4021,8704
5811,8704
0,8705
4779,8706
168,8707
314,8707
2020,8708
0,8709
3702,8709
588,8710
4904,8710
6187,8714
45,8716
346,8717
7133,8717
8610,8717
589,8718
0,8725
6321,8726
8086,8726
1321,8728
1511,8729
190,8730
2435,8732
5552,8733
6045,8733
3039,8735
7354,8735
444,8736
0,8737
75,8739
1239,8739
3943,8739
387,8740
3908,8740
1851,8743
6459,8744
73,8746
3311,8746
3626,8746
72,8747
8187,8747
1321,8748
7213,8748
124,8750
2406,8750
332,8752
600,8752
2570,8753
778,8754
6080,8755
6726,8756
5757,8758
6447,8758
0,8759
237,8759
222,8760
2,8761
4,8762
1415,8762
2537,8762
7911,8762
3932,8763
1400,8765
6016,8765
491,8766
440,8767
3538,8768
6460,8768
331,8771
3,8773
1178,8774
1228,8774
1749,8778
6166,8778
3883,8779
3986,8780
498,8781
3782,8781
5283,8781
8,8782
884,8782
2416,8785
1321,8787
1660,8787
747,8793
847,8794
924,8795
1333,8796
8343,8797
4629,8798
1873,8803
23,8804
751,8805
401,8806
8115,8806
3934,8807
4145,8807
633,8808
1307,8808
1304,8809
54,8812
8668,8814
235,8815
955,8817
1252,8817
8306,8817
2508,8818
878,8819
1630,8820
7841,8820
2464,8823
7885,8823
2715,8824
27,8825
515,8826
4543,8826
272,8827
8559,8827
277,8828
5027,8829
5078,8829
3590,8830
1055,8832
5839,8832
6759,8832
232,8833
5287,8833
6695,8833
387,8834
644,8835
2739,8835
27,8836
7792,8836
8173,8838
118,8839
4898,8839
727,8840
2537,8840
320,8842
1509,8842
7995,8844
955,8845
3756,8845
8348,8845
269,8846
459,8848
1136,8848
563,8849
3111,8849
639,8851
7918,8852
442,8853
8849,8854
955,8855
155,8856
996,8856
1660,8856
3079,8857
3412,8860
1802,8862
2571,8862
58,8863
384,8863
2347,8863
249,8865
5219,8865
58,8866
2702,8867
7328,8870
8332,8870
185,8872
1065,8875
3902,8875
4834,8875
1148,8876
1164,8878
3607,8878
208,8879
269,8881
283,8882
6992,8882
1069,8886
6590,8887
837,8888
2367,8888
5506,8889
685,8891
3346,8891
4,8892
5361,8892
148,8894
4438,8894
387,8895
7121,8895
8363,8896
2774,8897
5426,8899
1986,8900
3890,8900
3641,8902
8785,8902
47,8906
4798,8907
1169,8909
8634,8909
5657,8910
6046,8911
72,8912
1546,8913
5769,8915
5723,8916
4029,8917
6267,8917
1097,8918
2015,8918
2625,8918
6440,8919
203,8920
4284,8920
6062,8921
7675,8921
5149,8922
7320,8922
5980,8923
8817,8923
7067,8925
4501,8928
6943,8930
7373,8932
8358,8932
4,8933
1572,8933
6394,8935
982,8936
4651,8937
73,8938
5503,8938
8896,8939
3421,8941
4426,8941
5681,8942
72,8943
2581,8944
24,8947
2248,8947
2000,8950
1253,8951
3436,8951
1340,8953
3481,8954
5084,8954
3198,8955
4534,8956
5308,8956
272,8957
594,8957
626,8957
45,8958
1067,8958
28,8959
4831,8961
3558,8962
757,8964
8288,8965
3381,8967
5590,8968
657,8969
47,8970
0,8972
5921,8974
47,8975
2004,8975
753,8976
895,8976
6435,8976
1479,8978
3298,8979
6018,8979
969,8980
8156,8980
5176,8982
1569,8983
1987,8984
8710,8985
4716,8986
5316,8986
1576,8990
350,8992
1007,8992
269,8993
1511,8994
6198,8994
115,8995
0,8996
44,8996
6469,8996
7925,8996
1423,9004
3380,9004
3479,9004
7681,9006
5097,9007
804,9008
3493,9008
810,9009
272,9010
7674,9010
580,9011
7840,9011
7883,9012
1197,9013
4898,9014
5169,9015
6571,9015
14,9017
4671,9018
1116,9019
8380,9021
973,9022
0,9024
3298,9025
561,9026
1225,9028
1340,9029
2101,9029
2421,9032
3902,9033
165,9036
130,9037
458,9037
26,9038
2384,9039
757,9040
3172,9040
250,9041
0,9042
4101,9046
267,9051
250,9053
1719,9053
6574,9053
6676,9053
552,9054
457,9057
1134,9057
3206,9061
7218,9064
6707,9065
2968,9067
473,9069
149,9070
4450,9071
1953,9072
3087,9073
25,9074
1445,9074
6262,9074
249,9078
2143,9078
657,9079
4794,9079
6296,9079
3,9081
1333,9083
7681,9084
610,9085
803,9085
5857,9087
8306,9088
4069,9089
1115,9090
342,9091
2758,9091
3943,9091
8879,9092
5004,9093
6460,9093
169,9094
639,9095
1233,9096
8699,9096
0,9097
2353,9098
884,9099
6707,9099
8592,9100
30,9101
345,9101
1238,9101
2496,9102
3043,9104
3700,9104
1222,9105
0,9106
3926,9106
3331,9107
1302,9109
2468,9111
75,9112
61,9114
1104,9114
3344,9114
358,9116
1511,9116
47,9117
6404,9119
5879,9120
0,9121
5103,9122
3186,9124
374,9125
5074,9125
162,9126
283,9126
6305,9127
25,9128
1209,9128
8888,9128
7233,9129
5035,9131
1323,9132
1511,9132
2383,9132
4211,9132
5839,9132
8640,9133
5554,9134
1094,9135
8852,9135
8785,9137
4,9138
1182,9138
8701,9138
1376,9140
2831,9140
7774,9140
543,9141
822,9141
5683,9144
8570,9144
1216,9146
2607,9146
1987,9148
30,9151
237,9152
1607,9152
8834,9155
1007,9156
588,9158
1761,9159
4497,9160
7182,9161
205,9162
3792,9162
3067,9163
5078,9165
2008,9166
2876,9169
3005,9169
129,9171
822,9172
1935,9173
1323,9174
581,9175
7045,9175
1104,9177
6345,9177
47,9179
1187,9179
6966,9179
2398,9180
272,9181
2125,9181
6926,9181
2761,9182
8965,9184
30,9187
3080,9187
274,9188
3050,9188
4583,9188
5591,9188
1056,9190
73,9193
4451,9193
4520,9193
4270,9194
2144,9195
1052,9196
1415,9197
2430,9197
6167,9198
6846,9198
2850,9201
2941,9201
737,9202
0,9203
5240,9203
4426,9206
692,9208
6976,9210
3473,9214
5114,9214
1019,9215
709,9216
910,9218
5417,9218
82,9219
267,9219
559,9219
25,9220
4777,9222
8206,9223
0,9224
2415,9224
624,9225
32,9226
1193,9226
1511,9226
1373,9227
3,9228
899,9231
3346,9231
6726,9231
6280,9232
7978,9236
52,9239
175,9239
1082,9239
70,9240
2888,9245
3571,9246
4074,9246
1793,9248
25,9249
576,9250
2561,9254
5270,9255
7745,9256
1686,9257
401,9258
2342,9258
4614,9258
175,9260
366,9260
651,9261
2931,9261
5393,9262
1961,9263
2447,9265
9012,9265
765,9266
1387,9267
1397,9267
730,9269
3087,9269
927,9270
1623,9271
5815,9271
222,9273
3512,9273
2729,9274
4358,9274
60,9276
567,9276
245,9277
6381,9277
6507,9278
2493,9281
4021,9281
5157,9281
5255,9281
4872,9283
8833,9286
6381,9287
7787,9287
1399,9288
135,9289
8191,9289
6744,9290
2334,9292
5291,9294
4270,9297
8288,9297
3520,9301
5235,9305
239,9307
349,9307
629,9308
3597,9311
45,9312
1249,9312
4586,9312
250,9315
44,9316
3889,9316
6862,9317
2476,9319
7374,9320
1020,9321
4556,9321
7505,9322
45,9323
751,9323
1632,9323
5051,9323
95,9325
4579,9325
203,9326
3624,9327
3186,9328
4021,9328
1762,9329
2061,9329
493,9330
3152,9331
5212,9331
3249,9332
8479,9332
0,9334
1748,9334
8112,9334
7156,9336
280,9337
1001,9337
71,9338
3935,9338
5339,9338
7409,9338
9105,9338
3,9340
169,9342
2009,9342
5110,9342
220,9344
6943,9345
0,9346
2547,9346
240,9348
3801,9348
5150,9348
795,9350
3372,9350
4562,9352
58,9353
25,9354
1473,9354
2758,9354
4096,9357
5859,9359
0,9360
322,9360
3570,9360
361,9361
249,9363
7612,9365
5157,9368
8994,9370
563,9371
4087,9373
7458,9373
493,9374
585,9374
658,9376
3932,9376
18,9377
75,9377
2033,9379
371,9380
4605,9381
49,9382
641,9382
2129,9382
236,9383
1218,9383
229,9387
2768,9388
3782,9388
6601,9389
4326,9390
5828,9392
396,9393
487,9393
553,9393
48,9395
75,9395
5700,9395
280,9396
3,9397
4673,9397
604,9399
4256,9400
557,9402
641,9402
2264,9402
3429,9405
791,9406
3239,9406
2456,9407
116,9408
5037,9409
1204,9410
1695,9410
1731,9411
166,9412
1725,9412
556,9413
1364,9414
2536,9416
478,9418
6368,9419
6369,9419
1110,9421
75,9422
585,9422
100,9423
1124,9424
2033,9424
1569,9427
1941,9427
7290,9427
8323,9429
7867,9431
595,9432
822,9434
4608,9434
8509,9435
507,9436
4022,9436
2417,9437
0,9439
9397,9439
8181,9443
3243,9444
70,9445
162,9445
4713,9446
6325,9446
106,9447
249,9448
8638,9448
2639,9450
3801,9450
1873,9451
3207,9451
3576,9453
5522,9453
878,9454
924,9454
4166,9456
4274,9456
4837,9459
2501,9461
2126,9462
495,9463
923,9465
6018,9465
3571,9466
0,9468
4639,9468
5827,9469
338,9470
987,9471
4248,9471
1196,9472
3142,9472
342,9473
433,9473
1500,9473
1960,9474
1157,9475
4673,9475
24,9476
4270,9476
45,9477
1627,9478
2233,9479
581,9480
3142,9480
6615,9480
1146,9481
3151,9481
288,9482
8766,9482
122,9483
6847,9484
1228,9489
1660,9490
482,9491
2133,9492
9462,9493
47,9496
505,9498
82,9500
4163,9501
4323,9505
4869,9506
3230,9509
1090,9511
9346,9511
761,9514
22,9515
262,9516
3770,9516
7072,9516
6780,9517
230,9518
4689,9519
6389,9520
45,9521
118,9521
6757,9524
6624,9525
982,9528
7810,9529
149,9533
753,9533
7354,9534
208,9536
8203,9536
130,9537
8298,9539
7883,9541
8111,9541
1609,9543
2591,9545
7851,9545
8607,9545
580,9548
1632,9550
5506,9551
2620,9552
4376,9553
91,9555
3050,9555
338,9556
8591,9556
441,9557
955,9558
669,9559
5517,9559
9520,9559
2215,9562
32,9564
220,9567
1196,9567
6019,9568
272,9569
4543,9569
217,9570
0,9571
7659,9573
6544,9574
7456,9574
1391,9576
2346,9576
9197,9577
4546,9578
7732,9579
2768,9580
918,9581
4453,9581
5291,9581
1272,9582
3518,9582
6924,9582
5391,9584
4890,9585
6378,9585
5863,9586
7190,9586
263,9588
440,9589
2095,9590
5081,9591
3230,9593
314,9594
164,9596
1308,9596
2493,9596
1934,9598
840,9601
1974,9601
7336,9601
135,9604
1868,9604
4191,9604
2103,9606
4332,9606
8005,9606
249,9607
605,9608
9267,9609
1468,9610
3168,9610
626,9614
52,9615
1085,9617
360,9618
2912,9620
5749,9620
7204,9620
9500,9620
904,9621
3776,9621
8291,9621
3468,9622
7953,9622
4305,9623
345,9625
6686,9625
9181,9626
2334,9627
6695,9627
114,9628
6323,9628
5510,9629
8141,9630
6139,9632
2033,9633
2320,9633
3575,9633
22,9634
272,9634
4760,9634
3,9635
4558,9635
245,9639
1415,9639
765,9640
3079,9640
47,9641
1287,9642
2571,9642
1430,9645
48,9646
3708,9646
5848,9646
146,9647
2726,9648
6008,9652
162,9655
3186,9657
553,9658
7128,9658
4995,9659
7302,9659
2727,9660
192,9663
1228,9665
1858,9665
121,9670
2458,9670
95,9673
8828,9673
517,9675
5230,9675
161,9679
1078,9682
6708,9682
4893,9683
2491,9685
8456,9685
7008,9686
2434,9690
4716,9690
232,9691
1308,9692
1611,9692
25,9693
6894,9695
5447,9696
6142,9697
6034,9699
3543,9700
0,9701
8400,9701
205,9702
1341,9703
4270,9704
7602,9704
1811,9705
441,9706
1362,9706
2683,9709
7230,9709
2107,9710
2464,9710
6820,9710
8328,9710
2278,9711
7689,9711
6763,9712
589,9713
1544,9713
7781,9713
1,9714
6670,9717
7659,9717
1858,9718
7442,9718
588,9719
3209,9719
4534,9720
60,9721
1771,9721
2093,9721
3958,9725
959,9726
1905,9726
2095,9727
6412,9728
644,9729
5361,9729
5063,9732
2404,9733
71,9734
1934,9734
5420,9735
5487,9735
479,9736
3932,9737
6143,9738
0,9740
325,9740
8667,9740
1412,9741
9713,9741
6008,9743
45,9745
793,9745
1593,9745
6160,9746
217,9747
6321,9747
1082,9749
4050,9749
7603,9749
8385,9749
3371,9750
8750,9751
977,9756
7944,9758
489,9759
5552,9761
8938,9762
7667,9763
3,9765
2740,9765
5810,9765
6313,9765
1381,9769
3206,9772
2607,9777
3857,9777
6561,9777
6590,9779
5598,9780
2227,9785
2430,9789
9088,9790
6089,9792
1193,9797
553,9798
72,9800
5265,9801
4614,9804
6394,9804
4869,9805
7433,9806
822,9809
6056,9809
5280,9811
4720,9813
5467,9813
814,9816
4436,9818
4806,9818
2,9819
923,9820
1261,9820
387,9821
1621,9822
1883,9822
7609,9824
8554,9824
7188,9827
0,9828
70,9828
3906,9829
22,9830
1590,9830
72,9833
0,9834
158,9835
996,9835
4060,9835
240,9836
5425,9837
1304,9841
6303,9842
4871,9843
8164,9843
668,9844
17,9845
3403,9847
3700,9848
5118,9848
5199,9848
6061,9849
6,9852
6412,9852
486,9853
7817,9854
3142,9855
0,9856
3270,9856
100,9857
9017,9859
6558,9860
82,9861
3803,9862
0,9863
1052,9863
644,9864
1500,9864
7013,9864
9193,9864
4779,9866
5256,9867
27,9870
538,9874
2290,9874
6992,9874
1155,9875
1829,9875
2187,9875
221,9879
2104,9880
3378,9880
5449,9880
2625,9882
2896,9882
3141,9883
1625,9885
3885,9886
4443,9887
5783,9890
4898,9892
9410,9893
2046,9894
3399,9895
3861,9896
1511,9899
2436,9901
3473,9901
4976,9901
18,9903
1311,9904
415,9905
2972,9905
3207,9907
4571,9907
3079,9908
5159,9915
6012,9915
1267,9916
1336,9916
7706,9916
6179,9917
1500,9918
1460,9919
1378,9920
1934,9921
4549,9921
5153,9921
0,9922
1226,9922
2504,9924
7256,9924
149,9925
2278,9925
5956,9925
6181,9925
2506,9926
7518,9926
9692,9926
4910,9928
5021,9928
5742,9929
4230,9931
329,9932
3380,9932
239,9933
5654,9934
271,9935
6462,9935
9585,9936
2584,9938
0,9939
47,9941
2352,9941
5324,9942
6906,9942
26,9943
407,9944
7653,9944
3346,9945
5138,9945
137,9948
955,9949
977,9949
2320,9949
1336,9951
1632,9953
924,9954
3693,9954
8654,9954
2031,9957
6681,9958
0,9959
1111,9962
1398,9962
6654,9962
8706,9965
3320,9966
483,9967
3876,9972
0,9973
7951,9973
9483,9974
4350,9975
71,9977
632,9977
1555,9978
1930,9979
5700,9979
5880,9979
984,9980
1244,9980
1252,9980
3166,9981
3,9982
6232,9982
5447,9983
7682,9983
115,9984
2632,9984
26,9985
5467,9985
7890,9985
9962,9985
814,9986
3778,9988
0,9989
486,9990
3082,9991
5004,9994
9880,9995
3,9996
384,9996
2547,9996
3902,9996
872,9997
3874,9997
4495,9998
