0,1
0,2
0,3
0,4
0,9
2,10
0,11
0,14
2,14
4,14
0,15
1,15
0,17
14,18
0,22
2,23
1,24
0,26
10,27
27,28
1,29
15,29
28,29
1,30
18,30
22,31
26,31
2,32
3,32
0,34
0,35
10,35
0,36
0,38
2,38
35,38
15,39
15,42
15,43
32,45
23,47
0,51
0,52
11,52
26,52
9,55
18,56
30,57
1,58
51,58
0,59
10,59
15,61
52,61
2,63
0,65
36,65
65,67
0,69
31,69
35,69
0,71
15,72
43,72
69,72
35,74
52,75
3,76
27,76
71,76
22,77
15,80
72,81
0,82
15,82
15,85
35,85
0,86
30,87
35,88
0,89
11,89
34,91
63,91
0,92
76,92
72,93
27,94
0,95
28,95
52,95
85,95
15,97
0,98
2,99
24,104
10,106
27,106
72,106
76,106
0,107
22,107
1,108
31,108
0,110
15,111
91,111
1,114
2,118
18,119
0,120
0,121
0,122
34,122
28,123
0,124
38,124
0,126
2,126
29,129
110,129
122,129
10,131
31,131
76,132
35,133
15,134
76,134
34,136
122,136
2,138
124,138
15,140
95,140
69,141
89,142
131,142
2,143
10,143
110,143
0,144
2,144
77,144
63,146
141,148
0,149
10,149
29,149
2,154
24,157
86,157
122,158
2,161
107,161
136,161
69,164
85,165
99,167
15,168
22,172
2,173
57,176
29,177
172,178
26,179
0,180
30,180
108,180
0,181
11,182
32,182
14,183
76,183
0,185
95,186
27,187
111,187
0,190
10,190
26,190
97,190
107,190
167,190
1,191
30,191
14,193
32,193
76,193
134,193
180,194
76,195
14,196
14,197
185,197
36,198
131,199
167,200
14,201
29,201
58,201
146,202
72,203
194,203
133,204
0,205
15,205
95,205
142,205
52,206
182,206
190,208
0,209
69,209
0,211
1,211
15,211
38,211
149,213
142,215
76,216
122,216
106,217
69,220
31,221
106,222
11,226
190,226
2,228
14,228
31,232
1,233
2,238
133,238
161,238
95,240
149,243
94,245
15,247
36,248
15,250
149,250
65,252
61,253
76,253
57,254
124,254
179,254
1,259
30,259
0,260
22,261
201,264
14,266
81,267
143,267
0,268
9,269
190,269
268,270
146,272
32,273
142,273
2,274
2,277
91,279
149,281
206,282
215,282
72,284
15,287
26,289
201,289
267,289
209,294
1,295
190,298
0,299
232,299
254,299
0,300
2,301
29,301
89,301
277,302
149,304
205,304
226,306
0,309
51,310
69,310
250,310
141,311
15,312
94,312
267,312
304,312
106,313
32,315
43,315
197,315
67,316
182,316
310,316
10,318
107,319
75,320
1,321
15,322
14,323
196,324
58,327
180,327
11,329
97,329
26,330
304,330
107,332
208,333
29,334
30,334
69,334
124,337
177,337
221,338
321,339
27,344
69,344
179,344
0,346
0,347
4,349
178,349
63,350
182,351
269,352
168,353
35,354
197,354
1,356
182,356
190,356
216,356
52,358
106,358
82,359
95,359
299,361
213,362
347,362
0,363
14,366
72,366
274,367
330,368
0,369
29,370
15,371
201,371
35,373
136,374
259,375
253,377
0,378
312,378
106,380
24,381
106,382
161,383
2,384
0,385
59,385
369,387
377,387
72,389
149,389
76,390
337,391
29,392
216,392
289,397
389,397
215,398
252,398
34,401
106,402
191,402
260,403
349,404
24,405
323,406
15,407
22,408
197,408
0,409
2,409
10,413
59,413
69,414
190,414
259,414
55,415
0,417
182,417
0,418
168,422
193,422
110,425
318,426
403,426
259,427
289,427
0,433
190,433
402,434
61,435
97,436
122,437
94,439
304,440
149,441
300,441
413,442
434,442
391,445
149,446
269,447
177,448
57,449
190,451
359,451
334,453
31,454
334,454
0,455
99,455
398,455
107,457
168,458
183,458
180,459
10,462
98,464
358,465
52,467
107,468
201,469
353,470
2,472
2,473
14,474
358,474
168,475
397,477
215,478
14,480
95,481
35,482
371,482
91,485
149,485
76,486
446,486
0,487
63,487
149,487
344,489
185,490
0,491
201,491
22,492
2,493
31,493
279,493
315,493
403,496
47,499
69,499
274,500
57,501
29,502
76,505
485,505
28,509
0,511
1,511
82,512
0,514
143,515
94,516
0,517
124,519
71,522
197,522
32,523
334,523
28,525
208,525
409,525
0,527
141,529
201,530
480,531
179,532
338,533
29,536
177,536
270,538
522,538
18,539
141,539
511,540
220,542
57,545
15,548
141,548
315,548
26,549
58,552
63,552
2,553
1,554
216,557
220,558
274,559
27,560
422,560
369,562
144,563
193,564
177,568
433,568
403,569
435,570
2,572
516,572
358,573
30,576
52,576
211,576
94,578
106,578
375,578
180,579
200,579
220,579
2,581
57,581
168,582
75,583
26,584
107,584
545,584
552,584
29,585
367,586
0,587
238,587
1,589
315,589
72,590
95,591
446,592
59,593
149,594
260,595
0,599
97,600
377,600
35,604
217,605
2,607
138,609
208,609
2,612
358,612
254,613
0,614
15,616
324,616
485,616
572,617
0,620
136,620
72,622
81,623
106,623
129,624
144,624
95,625
35,626
97,626
306,628
72,629
496,629
34,634
455,635
548,635
315,636
300,637
187,638
179,639
0,642
15,642
107,643
124,646
254,646
58,647
72,648
464,649
11,650
76,651
2,652
57,654
635,655
209,656
76,657
261,657
0,659
10,659
15,660
0,661
15,662
447,663
133,664
298,666
0,667
94,668
220,669
405,669
259,670
226,671
22,672
57,672
183,672
387,673
397,674
414,675
85,679
238,679
638,680
72,682
91,682
441,683
4,684
32,684
110,685
107,686
208,688
427,689
0,690
11,690
30,690
201,690
446,690
149,691
642,691
662,691
368,692
617,692
58,693
179,694
624,696
337,697
122,698
548,698
106,701
312,702
493,703
298,704
361,704
254,706
453,710
126,712
144,712
124,713
0,714
384,721
0,722
384,722
205,724
356,724
15,725
15,729
11,730
29,730
22,732
384,732
26,733
487,733
294,734
253,735
69,736
2,737
27,737
124,737
337,737
496,737
35,738
179,741
434,742
1,747
142,748
142,749
414,750
14,751
435,751
441,751
11,754
511,754
95,756
15,757
350,757
354,758
133,759
511,759
22,762
425,764
2,766
24,766
63,766
539,767
35,769
82,770
344,770
220,772
315,772
623,772
462,773
28,774
23,775
183,775
485,775
142,776
254,776
0,777
2,777
63,777
277,778
654,778
31,779
190,779
74,780
344,781
35,782
656,782
61,783
268,783
1,784
10,785
95,786
226,786
485,786
31,790
441,791
589,791
481,792
34,795
190,796
34,797
65,798
143,798
254,798
295,798
2,800
446,802
304,804
72,805
254,805
2,806
106,806
124,806
1,807
111,808
274,808
312,808
1,810
356,811
69,812
161,812
441,812
487,812
748,812
737,814
545,817
742,817
623,818
0,819
34,819
179,819
344,820
29,821
808,821
99,822
216,822
690,823
17,824
253,824
548,824
625,825
468,826
523,826
11,827
35,827
1,829
52,829
122,829
2,830
31,830
197,831
684,832
180,834
11,835
682,836
28,837
35,837
2,840
168,840
397,840
538,841
4,842
315,843
433,844
259,845
511,845
45,846
15,849
167,849
406,851
413,851
69,852
327,853
87,854
114,854
95,855
344,855
183,857
31,859
87,860
29,861
140,861
334,861
548,863
748,863
2,864
29,865
1,866
14,866
76,866
86,866
349,866
672,866
122,867
245,867
14,868
807,868
52,869
277,869
177,872
371,872
624,872
138,874
140,875
397,875
141,877
315,878
563,878
624,878
0,880
267,882
354,882
11,883
434,883
624,883
675,885
209,886
75,888
149,889
254,889
190,890
306,890
397,890
0,892
827,892
129,893
675,893
389,897
576,898
441,899
299,901
593,901
179,902
143,904
122,905
569,906
713,906
181,907
354,909
769,911
196,914
344,919
143,920
15,921
0,923
190,923
95,926
97,927
1,928
791,928
489,932
141,934
315,934
642,935
349,937
516,937
22,938
362,938
91,941
98,943
75,944
511,944
22,945
63,947
52,948
737,948
865,948
2,949
889,949
2,954
689,955
295,956
81,957
261,957
141,960
612,960
385,961
878,961
14,962
22,962
81,962
937,962
15,963
31,964
111,964
86,966
315,966
312,967
349,967
898,967
58,968
442,968
562,968
564,968
282,969
402,969
15,970
122,971
193,972
584,973
927,973
934,973
15,974
636,975
361,978
569,982
63,983
845,984
183,987
837,989
287,990
863,992
487,993
18,994
2,996
2,998
76,998
197,1000
0,1001
937,1001
89,1002
182,1002
657,1002
0,1003
362,1003
89,1004
0,1005
358,1006
0,1007
72,1007
141,1007
208,1007
298,1008
582,1008
95,1009
133,1010
142,1010
890,1010
827,1012
165,1013
387,1013
58,1014
349,1014
749,1014
261,1018
826,1020
0,1023
1002,1025
11,1027
548,1027
180,1028
381,1028
298,1029
315,1029
176,1030
362,1031
811,1031
474,1032
232,1034
354,1034
0,1036
4,1036
0,1037
31,1038
2,1039
0,1040
111,1040
29,1041
1003,1042
277,1044
391,1044
1,1045
18,1048
58,1049
334,1052
943,1052
947,1053
748,1055
639,1058
0,1059
95,1059
684,1059
837,1059
15,1060
111,1060
397,1060
69,1063
1010,1064
668,1065
1012,1067
2,1068
26,1069
106,1070
427,1071
797,1071
2,1072
134,1072
434,1072
612,1073
2,1074
356,1074
970,1074
97,1076
691,1077
791,1077
63,1079
89,1081
259,1081
122,1083
208,1083
885,1083
358,1085
190,1086
76,1088
149,1088
595,1088
625,1089
775,1089
22,1090
24,1090
500,1090
72,1091
403,1094
875,1094
604,1096
775,1096
1010,1096
475,1097
0,1101
414,1101
15,1102
168,1102
367,1102
141,1103
111,1106
1071,1108
208,1109
1101,1110
698,1111
937,1111
1008,1111
505,1112
15,1113
1060,1116
609,1117
971,1117
468,1122
662,1123
852,1124
397,1126
0,1128
531,1128
1059,1129
0,1131
182,1131
361,1131
34,1132
661,1132
69,1133
337,1134
34,1138
827,1139
26,1140
299,1140
14,1141
878,1141
304,1142
0,1144
168,1144
72,1145
349,1148
1097,1148
31,1150
284,1151
389,1151
584,1151
2,1152
604,1152
812,1153
34,1155
216,1157
95,1158
190,1160
306,1160
489,1160
32,1161
832,1161
31,1162
167,1162
183,1165
582,1166
937,1166
349,1171
1,1172
851,1172
324,1173
94,1174
849,1174
359,1175
0,1177
93,1180
1069,1181
505,1182
1049,1182
852,1187
736,1188
180,1189
967,1189
572,1191
572,1192
190,1194
267,1194
378,1195
93,1196
499,1197
190,1198
261,1198
94,1199
2,1200
647,1201
72,1202
516,1202
890,1203
0,1204
119,1204
86,1205
10,1206
176,1206
2,1207
95,1207
0,1209
295,1210
72,1211
1,1212
122,1213
124,1213
835,1213
30,1214
82,1214
119,1214
548,1214
35,1215
304,1215
0,1217
667,1217
29,1219
625,1219
646,1219
1060,1220
748,1221
824,1221
89,1223
337,1223
63,1226
434,1227
721,1228
69,1231
14,1233
1,1236
34,1236
785,1236
193,1238
267,1240
301,1240
15,1241
11,1244
1008,1244
625,1246
742,1247
2,1248
320,1248
480,1248
337,1249
38,1251
897,1251
104,1254
968,1254
1111,1256
14,1258
845,1262
890,1262
222,1263
254,1264
589,1265
1161,1267
254,1269
1096,1269
2,1270
26,1271
525,1271
306,1272
797,1272
47,1273
957,1274
254,1275
69,1276
58,1277
221,1277
312,1277
698,1277
15,1278
662,1278
93,1279
0,1280
742,1281
446,1283
358,1284
669,1286
491,1287
449,1289
14,1291
213,1291
0,1292
689,1292
1072,1294
141,1295
1207,1295
15,1296
245,1296
584,1296
1085,1296
43,1297
14,1302
646,1302
738,1302
110,1303
138,1304
76,1305
525,1305
480,1306
657,1309
1002,1309
65,1310
1262,1310
1173,1311
579,1312
201,1313
493,1313
732,1313
748,1313
866,1313
28,1314
110,1314
427,1315
560,1315
775,1315
180,1317
29,1320
72,1320
0,1321
270,1322
493,1322
585,1322
30,1324
245,1324
835,1324
1254,1325
1231,1327
827,1328
132,1329
674,1334
2,1335
368,1338
1251,1338
433,1339
193,1341
1108,1343
356,1344
1044,1344
668,1345
1221,1345
143,1346
2,1348
1081,1348
272,1349
10,1353
993,1353
576,1355
962,1355
748,1356
95,1357
2,1358
30,1359
106,1359
434,1359
635,1359
1069,1359
58,1362
284,1362
15,1363
480,1363
2,1364
124,1364
623,1364
403,1365
607,1365
146,1366
646,1366
1060,1366
1067,1366
1174,1366
143,1367
779,1368
690,1369
61,1371
136,1371
579,1373
1059,1375
1117,1377
194,1378
167,1379
196,1380
1002,1380
72,1381
122,1381
776,1383
0,1384
624,1385
446,1386
168,1392
354,1393
487,1393
522,1394
1204,1395
110,1397
334,1398
1102,1399
1161,1399
300,1400
190,1401
76,1402
1039,1403
332,1404
31,1406
232,1406
27,1407
470,1407
712,1407
190,1408
937,1408
57,1409
487,1409
315,1410
657,1410
1359,1411
486,1413
1338,1414
277,1415
668,1415
190,1416
449,1417
182,1418
1166,1418
668,1419
1315,1420
72,1421
146,1421
1408,1421
146,1422
1365,1422
672,1425
1287,1425
0,1426
983,1426
804,1428
1039,1428
209,1430
1161,1430
190,1432
516,1434
93,1436
937,1436
107,1437
511,1438
656,1438
516,1439
190,1440
1263,1441
0,1442
190,1442
0,1443
71,1443
617,1443
1086,1443
111,1444
361,1445
1189,1446
384,1447
61,1448
206,1450
2,1451
14,1451
1,1453
455,1454
226,1455
1059,1456
301,1457
766,1457
27,1459
183,1459
2,1461
107,1461
15,1462
487,1463
957,1464
1251,1468
446,1469
28,1470
457,1470
487,1470
1166,1470
1202,1470
1116,1471
77,1472
737,1473
812,1473
190,1474
1180,1475
1,1478
538,1478
998,1479
205,1482
111,1484
122,1484
29,1486
80,1489
589,1489
516,1490
883,1491
35,1498
301,1498
827,1501
198,1502
177,1504
55,1505
414,1505
897,1505
957,1506
511,1507
643,1507
267,1510
312,1512
352,1512
1425,1512
32,1513
579,1513
775,1514
961,1514
320,1515
937,1515
14,1516
129,1516
600,1516
804,1516
28,1517
329,1518
131,1519
190,1519
1436,1522
141,1523
0,1524
269,1525
1455,1527
757,1528
69,1529
339,1529
1,1530
996,1531
453,1534
133,1536
1160,1537
522,1539
1213,1543
36,1544
730,1544
179,1545
2,1546
201,1548
217,1550
298,1550
129,1551
643,1551
94,1552
122,1552
31,1553
146,1555
245,1556
802,1556
52,1557
3,1558
144,1558
1408,1558
1,1559
58,1560
1,1561
282,1564
69,1566
72,1566
1383,1568
131,1571
18,1573
735,1573
1073,1573
80,1574
1192,1574
69,1577
966,1577
167,1578
312,1578
59,1579
966,1579
1088,1582
183,1583
1074,1584
26,1585
204,1585
133,1587
43,1588
422,1588
1096,1588
583,1590
433,1591
14,1594
56,1596
657,1596
993,1597
2,1598
143,1598
403,1598
1122,1598
683,1599
176,1600
795,1601
934,1602
15,1605
61,1605
180,1606
63,1609
1042,1610
69,1612
1227,1613
0,1614
29,1614
1189,1616
15,1617
661,1617
226,1618
822,1618
149,1619
500,1622
17,1623
1141,1624
662,1625
1238,1627
892,1628
1623,1628
0,1629
270,1629
736,1629
403,1631
1605,1632
1227,1635
31,1637
338,1637
1362,1637
27,1639
2,1640
486,1640
22,1644
1189,1645
1600,1645
31,1647
1373,1650
2,1651
1451,1652
63,1653
183,1654
226,1655
89,1658
725,1658
1277,1658
1161,1660
59,1661
208,1662
106,1663
85,1670
1248,1670
642,1671
872,1672
80,1673
945,1673
193,1674
804,1674
609,1675
1,1676
690,1677
1448,1677
1596,1678
215,1682
65,1683
14,1684
623,1684
30,1689
201,1689
1324,1689
397,1690
15,1694
1044,1694
157,1695
190,1695
436,1695
194,1696
270,1696
15,1697
182,1698
1498,1698
157,1700
435,1703
298,1704
367,1704
616,1705
384,1706
485,1706
1682,1707
111,1708
582,1712
890,1713
1138,1714
635,1716
516,1717
505,1719
585,1719
15,1721
17,1721
131,1722
992,1724
1529,1724
1392,1725
47,1727
442,1728
301,1729
0,1730
823,1730
2,1733
795,1733
29,1735
106,1736
919,1736
0,1737
1002,1738
57,1739
107,1739
238,1741
807,1741
1038,1741
811,1743
480,1744
18,1745
226,1748
215,1750
2,1753
76,1754
121,1755
131,1756
179,1756
0,1757
1203,1757
1514,1757
272,1758
1455,1758
107,1759
247,1759
72,1761
2,1763
791,1763
15,1764
72,1764
1182,1764
1652,1765
277,1774
1484,1774
1,1775
31,1776
852,1777
178,1778
381,1778
69,1780
197,1780
1200,1780
28,1781
31,1781
95,1786
928,1786
216,1790
2,1791
177,1791
407,1791
1440,1792
144,1797
1,1798
1514,1798
2,1801
1014,1802
35,1805
1694,1805
289,1806
168,1807
1096,1807
183,1810
957,1810
1008,1811
1655,1812
300,1813
61,1815
1233,1822
1369,1822
91,1823
1745,1823
846,1826
11,1829
860,1831
1408,1831
24,1833
1380,1833
1315,1834
2,1836
106,1836
337,1836
193,1837
474,1837
1007,1840
298,1841
10,1842
769,1842
1303,1842
666,1843
28,1844
776,1844
52,1845
1276,1848
106,1850
259,1851
200,1853
612,1853
201,1854
252,1856
505,1856
15,1858
356,1859
1150,1860
1525,1860
167,1862
378,1863
1724,1864
0,1866
94,1868
485,1870
914,1871
1596,1871
69,1872
190,1875
1392,1876
176,1877
1579,1877
2,1878
260,1880
1807,1880
312,1882
99,1883
312,1884
397,1884
725,1884
76,1885
385,1887
821,1887
146,1888
704,1888
821,1888
1413,1891
1684,1891
1573,1892
968,1894
486,1895
141,1899
344,1900
487,1900
1211,1900
63,1901
1244,1901
29,1902
344,1902
1775,1903
2,1904
384,1904
10,1905
1027,1906
487,1907
31,1909
58,1910
63,1910
15,1911
539,1911
243,1912
1730,1912
1887,1912
110,1913
1039,1914
1490,1914
1775,1914
72,1915
299,1915
957,1915
43,1916
1150,1916
769,1918
35,1919
1842,1919
1448,1920
1756,1920
1236,1922
1417,1922
247,1924
209,1925
1489,1925
337,1926
817,1926
221,1928
1262,1928
732,1931
208,1933
1407,1933
1490,1934
1,1936
31,1936
4,1937
35,1939
1498,1939
238,1940
1072,1940
1204,1943
268,1944
1175,1944
1901,1944
1791,1946
783,1947
182,1948
353,1950
1936,1951
29,1952
334,1953
487,1953
1407,1953
1822,1954
642,1959
267,1961
1311,1962
742,1963
2,1964
772,1964
0,1966
1269,1966
248,1967
923,1967
27,1969
1655,1969
733,1972
1219,1974
1895,1974
10,1975
1758,1978
24,1979
1101,1979
1395,1986
1870,1986
362,1987
1909,1987
496,1990
1525,1991
1842,1991
138,1992
584,1995
72,1996
141,1996
250,1996
1182,1996
0,1999
177,2000
474,2001
282,2002
854,2003
682,2004
32,2006
961,2009
0,2011
1349,2011
2,2013
10,2015
536,2015
403,2016
1042,2016
1059,2016
337,2017
954,2017
1198,2018
95,2019
389,2020
1009,2020
1472,2020
1059,2022
1089,2025
10,2026
851,2026
1161,2026
962,2028
61,2029
654,2030
397,2032
821,2032
1346,2032
253,2033
692,2033
35,2036
1776,2036
190,2038
1366,2038
309,2041
407,2042
1034,2044
1887,2044
819,2045
356,2046
564,2046
808,2046
99,2048
329,2049
835,2051
1369,2051
106,2056
970,2056
2,2058
1314,2059
1579,2059
955,2060
61,2062
180,2062
167,2063
1791,2063
499,2064
99,2065
334,2066
861,2066
1914,2068
1045,2069
1128,2070
72,2073
94,2073
1247,2073
124,2076
389,2076
766,2076
1313,2077
32,2079
298,2079
0,2080
32,2080
1744,2082
1010,2083
179,2084
190,2084
1951,2084
27,2085
1695,2085
349,2087
76,2088
998,2089
1513,2089
95,2091
99,2092
110,2092
736,2093
992,2093
378,2094
657,2094
2,2096
133,2096
97,2097
299,2099
269,2100
766,2100
1413,2100
1655,2100
11,2101
28,2101
1049,2101
1302,2101
306,2102
827,2102
1027,2102
1267,2105
1877,2106
629,2108
973,2108
1010,2108
829,2109
2101,2109
0,2110
190,2110
1067,2110
1189,2110
1922,2110
1899,2113
134,2114
375,2114
1215,2114
1409,2114
356,2115
253,2117
493,2117
369,2118
1060,2119
485,2120
830,2120
354,2121
623,2122
721,2128
1877,2128
2018,2129
1758,2130
2,2131
197,2134
2120,2134
69,2135
15,2136
738,2136
1552,2136
85,2137
1598,2138
1601,2139
1655,2139
59,2140
616,2140
961,2142
1059,2143
1556,2144
1992,2144
538,2146
1049,2146
579,2147
690,2149
57,2151
1597,2151
1132,2152
764,2153
208,2154
636,2154
266,2155
1160,2157
94,2158
362,2159
354,2162
1069,2162
312,2167
579,2168
832,2169
1010,2169
2122,2169
1689,2170
71,2172
282,2172
2011,2172
623,2174
397,2178
1601,2180
1355,2181
1094,2182
2101,2182
1559,2183
1596,2183
0,2184
11,2184
179,2184
1265,2184
1289,2184
2083,2184
10,2186
34,2186
737,2186
245,2187
194,2189
486,2189
1214,2189
2084,2189
1588,2190
2154,2190
1096,2191
1979,2191
14,2192
201,2192
523,2192
435,2193
669,2193
1470,2193
1901,2193
34,2194
190,2196
298,2196
32,2197
377,2197
1366,2197
1151,2199
2,2200
30,2201
204,2202
356,2202
274,2204
691,2204
1974,2204
190,2205
474,2206
1514,2206
332,2208
226,2209
1437,2209
193,2210
299,2213
878,2213
2196,2213
0,2215
31,2216
798,2216
95,2217
1987,2218
1996,2218
35,2220
110,2220
2,2221
1,2222
790,2222
1448,2222
261,2223
854,2223
962,2224
1101,2225
1417,2225
76,2226
143,2226
409,2227
776,2228
136,2230
1470,2230
277,2232
356,2234
459,2234
468,2234
1150,2235
63,2238
1227,2238
97,2239
216,2241
713,2241
1614,2242
15,2243
1271,2243
1884,2243
2,2244
95,2245
0,2246
1884,2246
1060,2247
95,2248
993,2248
1206,2248
1696,2248
1096,2249
422,2250
798,2250
1689,2253
579,2255
1900,2256
1425,2258
61,2259
312,2259
65,2260
826,2260
2003,2260
110,2262
869,2262
1010,2265
480,2266
2202,2266
99,2267
220,2267
397,2269
487,2269
638,2269
1780,2270
2,2271
180,2271
1207,2272
1529,2272
0,2273
94,2273
15,2277
29,2278
133,2278
72,2280
404,2280
663,2280
579,2281
1116,2281
1,2282
226,2282
334,2284
1096,2284
1764,2284
579,2285
190,2287
1470,2287
176,2289
315,2289
1002,2289
1498,2289
1144,2290
861,2292
1887,2293
920,2294
4,2295
459,2295
1177,2295
1296,2295
1197,2298
1425,2298
2136,2298
2282,2298
0,2299
1060,2303
434,2304
686,2304
0,2305
666,2305
2273,2306
129,2307
209,2309
371,2310
11,2312
827,2314
1141,2314
1248,2315
1694,2315
1671,2317
15,2319
2234,2320
1776,2321
2172,2323
2218,2323
1761,2326
943,2330
2305,2332
849,2335
24,2336
124,2336
1392,2336
182,2337
0,2338
1403,2338
97,2339
15,2340
1689,2340
267,2341
1010,2341
138,2343
441,2343
835,2343
2114,2343
442,2344
2336,2344
389,2345
993,2345
323,2347
2178,2347
1270,2348
10,2349
1302,2349
686,2354
300,2356
29,2357
176,2357
1596,2357
1964,2358
299,2359
1895,2359
143,2360
193,2361
1287,2362
1436,2362
30,2363
208,2363
465,2363
71,2365
662,2365
24,2366
486,2366
725,2366
2109,2369
1071,2371
442,2373
584,2374
209,2377
1238,2377
0,2378
371,2380
1523,2381
612,2385
2,2386
1950,2386
2042,2386
2136,2386
525,2387
1171,2388
1303,2388
267,2389
609,2389
179,2391
2118,2392
319,2393
353,2393
190,2394
1903,2397
2157,2397
32,2399
69,2400
0,2401
1596,2401
1902,2401
866,2402
1161,2402
0,2405
92,2405
496,2406
356,2407
1951,2407
1802,2408
1652,2409
31,2410
1103,2410
2118,2410
0,2412
795,2412
806,2414
2304,2415
131,2416
35,2420
92,2422
95,2423
485,2423
748,2423
1151,2423
17,2424
196,2427
449,2428
604,2428
766,2428
0,2430
31,2431
201,2431
354,2431
1009,2432
142,2433
1362,2433
1103,2434
2259,2434
77,2435
2077,2435
1,2437
190,2437
764,2439
0,2440
329,2441
845,2442
149,2443
367,2443
1042,2443
389,2445
682,2445
2,2446
17,2446
122,2448
217,2451
1853,2452
2085,2452
1189,2455
43,2456
2101,2457
29,2462
808,2462
107,2463
437,2465
1302,2465
10,2466
0,2467
1094,2467
15,2470
851,2470
316,2471
1545,2472
1813,2472
315,2473
1161,2475
0,2476
500,2478
1174,2478
312,2479
1831,2479
356,2483
238,2485
201,2486
1267,2486
1103,2488
55,2489
1310,2489
67,2490
220,2491
369,2491
31,2495
971,2498
1128,2498
882,2499
1807,2499
10,2500
642,2500
1408,2500
358,2501
1880,2502
998,2503
1625,2503
205,2504
1128,2509
2409,2510
1484,2511
1601,2511
0,2512
2092,2513
814,2515
2144,2515
31,2516
2120,2516
1369,2517
2147,2517
14,2518
26,2518
957,2519
1013,2519
948,2522
35,2524
623,2524
440,2525
111,2526
254,2526
72,2527
819,2527
2298,2527
883,2528
15,2532
18,2533
31,2535
149,2535
195,2537
2298,2537
1040,2538
337,2539
190,2541
927,2542
496,2543
384,2544
1240,2544
52,2545
875,2546
274,2549
1671,2549
2,2550
625,2551
1442,2551
35,2554
144,2554
385,2554
775,2556
829,2556
1144,2556
1552,2556
337,2557
422,2558
2151,2558
2184,2558
1240,2559
1041,2560
252,2563
2527,2564
1329,2565
1877,2565
1629,2569
2186,2569
1655,2570
2084,2570
2184,2570
1010,2571
511,2574
11,2578
1108,2578
604,2581
1489,2581
937,2584
1296,2584
362,2585
1689,2585
330,2586
1070,2586
434,2591
63,2592
1348,2592
63,2594
190,2594
1791,2594
863,2595
0,2597
600,2597
149,2598
1451,2599
309,2600
350,2600
875,2600
183,2601
2213,2601
407,2603
616,2603
626,2603
782,2603
2545,2603
808,2604
1842,2604
10,2605
31,2608
1491,2608
1919,2609
179,2611
76,2612
775,2612
1207,2614
87,2616
69,2617
208,2617
306,2617
1407,2617
176,2619
1629,2619
1148,2620
111,2621
579,2621
220,2622
439,2623
140,2625
183,2625
496,2625
142,2629
254,2630
1944,2632
2,2633
131,2633
1764,2633
190,2636
1902,2637
371,2639
2204,2639
1393,2642
832,2645
254,2650
2,2651
245,2651
834,2651
1959,2651
391,2653
1443,2653
1517,2653
1151,2654
413,2655
1070,2655
1161,2657
1407,2657
1369,2658
1658,2662
2065,2663
1842,2666
2085,2666
94,2668
690,2668
1007,2668
957,2670
261,2672
347,2673
583,2673
1438,2673
76,2677
1415,2677
0,2678
15,2679
2189,2679
422,2682
934,2682
1739,2685
2066,2685
1161,2687
1566,2688
86,2689
889,2690
29,2691
1590,2691
414,2692
1291,2694
955,2695
122,2696
281,2697
866,2699
533,2700
1413,2701
1244,2705
167,2706
267,2706
2527,2706
692,2709
832,2709
72,2711
474,2712
329,2713
539,2713
1189,2713
777,2715
31,2716
889,2717
98,2719
144,2719
2502,2720
775,2721
1515,2721
34,2722
1309,2723
165,2724
1568,2725
2657,2727
882,2729
932,2729
2527,2729
948,2732
1489,2732
1887,2732
35,2735
775,2737
1966,2737
2026,2737
15,2741
1470,2742
2485,2742
486,2743
22,2745
795,2745
1689,2745
82,2746
1780,2746
2298,2747
122,2748
882,2752
2304,2753
1101,2757
2357,2757
560,2759
872,2759
4,2760
149,2760
2,2761
177,2761
52,2762
1081,2762
1652,2762
142,2763
301,2763
409,2763
1880,2763
2022,2763
2651,2763
1900,2764
2330,2765
36,2766
733,2766
2248,2768
52,2769
2452,2769
832,2771
2299,2771
2500,2772
310,2775
29,2777
1677,2779
1888,2779
1315,2780
1227,2786
2044,2787
2574,2789
1764,2793
960,2794
1267,2795
947,2796
1529,2796
31,2797
783,2797
937,2798
993,2801
2597,2802
1247,2803
179,2805
2128,2805
2653,2806
124,2807
1173,2808
215,2809
1545,2809
455,2810
1756,2810
1101,2811
2138,2812
2065,2813
10,2815
1393,2815
901,2816
15,2819
1842,2819
1344,2822
682,2823
167,2824
434,2825
2245,2825
366,2826
190,2827
299,2828
208,2831
414,2833
1842,2833
0,2835
124,2835
1272,2838
841,2839
1129,2839
505,2840
1077,2840
2099,2840
1758,2841
1,2842
670,2842
24,2843
92,2843
954,2846
1303,2846
2363,2846
1706,2849
108,2850
1899,2851
1032,2852
1689,2852
1489,2853
177,2854
2151,2855
0,2857
397,2857
267,2858
1013,2859
15,2860
2213,2861
1042,2864
1148,2867
1219,2868
381,2869
1573,2869
180,2870
734,2870
215,2871
531,2873
587,2873
31,2876
414,2878
107,2881
742,2881
785,2881
76,2882
822,2884
1914,2884
29,2886
968,2887
1596,2887
487,2888
106,2890
197,2890
197,2892
2662,2894
584,2898
1842,2900
962,2901
487,2902
1182,2903
63,2905
226,2905
1384,2905
625,2906
447,2907
947,2909
982,2909
1468,2909
397,2911
1871,2911
590,2912
190,2913
193,2913
143,2914
57,2915
69,2916
142,2916
462,2916
63,2917
675,2918
1698,2918
24,2919
1148,2919
1161,2920
22,2921
2062,2921
2601,2921
866,2923
1884,2924
2248,2924
455,2925
2636,2926
2192,2927
938,2928
29,2930
2246,2931
1887,2932
190,2934
209,2935
182,2936
2155,2936
2719,2936
417,2937
86,2938
992,2938
2595,2938
1213,2940
2295,2940
2,2941
462,2943
1468,2945
34,2947
690,2947
1202,2947
72,2948
289,2949
1438,2949
2558,2952
1037,2954
636,2955
1161,2955
1278,2955
2729,2955
823,2956
194,2957
34,2958
1654,2958
2692,2959
179,2960
1848,2961
58,2962
414,2962
798,2963
2581,2963
1002,2964
1272,2964
684,2967
2114,2968
2248,2968
190,2970
57,2971
362,2971
522,2971
2434,2972
2361,2974
2670,2974
1369,2978
29,2980
143,2980
2662,2982
2839,2984
2527,2985
168,2987
698,2990
1842,2990
2394,2992
2980,2993
1294,2994
36,2995
1694,2995
15,2996
522,2996
2527,2997
279,2998
972,2998
2,3000
143,3000
579,3000
2,3001
35,3001
15,3003
168,3003
2742,3003
371,3005
1027,3006
1652,3008
65,3009
1012,3009
2082,3012
377,3013
1684,3013
692,3014
1658,3014
2604,3017
69,3018
238,3018
194,3019
1158,3019
36,3021
168,3021
180,3022
193,3024
409,3024
766,3024
866,3025
95,3026
516,3026
662,3029
52,3031
1579,3031
330,3033
1202,3033
1359,3035
57,3036
167,3036
52,3038
616,3040
742,3041
75,3042
190,3043
1322,3044
71,3045
2059,3045
10,3046
1122,3046
2110,3046
238,3050
2441,3052
1052,3053
1556,3056
15,3057
582,3057
1406,3058
95,3059
141,3062
29,3063
2193,3063
144,3066
1249,3066
10,3067
1518,3067
692,3069
1173,3069
701,3070
1013,3071
213,3073
2551,3075
866,3078
692,3079
2938,3081
110,3082
1313,3082
2315,3082
403,3084
0,3085
55,3085
703,3085
403,3087
1296,3087
2235,3089
0,3091
180,3091
2004,3093
1671,3097
31,3099
387,3099
748,3100
190,3102
1614,3102
2653,3102
323,3104
692,3104
2016,3104
451,3105
775,3105
14,3106
124,3106
374,3106
474,3106
298,3107
356,3108
683,3108
2473,3108
63,3110
349,3112
0,3113
31,3113
182,3113
527,3114
111,3117
795,3117
625,3118
967,3118
2605,3119
2823,3120
279,3121
2998,3122
2307,3123
114,3124
1366,3124
180,3129
2,3131
1158,3131
2,3134
2936,3135
414,3136
572,3137
690,3137
990,3138
1008,3138
1606,3138
1876,3138
2620,3138
802,3139
0,3142
1735,3143
1805,3145
95,3147
1166,3148
889,3150
94,3151
146,3151
168,3151
1001,3151
1248,3151
1052,3155
992,3156
1888,3158
2935,3158
1775,3159
32,3160
2202,3160
590,3162
702,3164
30,3165
99,3166
802,3166
3089,3166
300,3168
451,3169
22,3170
2028,3170
143,3171
1162,3171
1,3172
55,3172
368,3172
2204,3172
2434,3177
1407,3178
2,3179
945,3179
63,3180
584,3183
3052,3183
1596,3184
2,3185
2763,3186
552,3188
1041,3189
29,3191
435,3191
808,3191
675,3193
353,3195
3121,3195
2155,3196
2341,3196
323,3197
1758,3197
15,3198
819,3201
969,3201
1010,3203
2304,3204
2920,3204
883,3205
26,3206
447,3206
909,3206
28,3208
30,3209
35,3209
889,3209
267,3210
576,3211
22,3212
2323,3212
733,3213
1144,3214
1209,3214
1725,3214
572,3215
1321,3217
36,3219
1219,3221
51,3222
403,3222
600,3222
1008,3222
849,3224
791,3226
1963,3227
3038,3228
730,3231
808,3232
31,3233
414,3233
9,3235
3206,3235
1596,3236
2500,3238
2533,3240
485,3241
582,3241
1652,3241
1444,3242
111,3243
1406,3244
69,3245
2768,3245
2769,3245
0,3246
1012,3246
1689,3247
824,3250
32,3251
380,3252
0,3253
77,3254
1036,3254
2222,3255
402,3256
35,3257
2114,3257
662,3258
748,3260
414,3261
3206,3263
10,3264
10,3265
144,3266
1964,3268
1683,3269
2581,3269
2599,3269
967,3270
1501,3272
742,3273
2882,3276
481,3277
0,3278
208,3278
2921,3278
496,3280
779,3281
1640,3281
505,3282
2022,3283
2108,3283
63,3284
889,3284
362,3285
3099,3287
662,3291
22,3292
1383,3293
1,3295
802,3297
279,3300
3253,3300
1764,3301
168,3302
3209,3303
1512,3304
1745,3305
61,3306
1258,3307
453,3308
138,3309
211,3309
1689,3309
1724,3309
1417,3310
1778,3312
548,3313
1730,3313
2757,3313
337,3314
204,3315
1529,3315
15,3316
1455,3316
3063,3317
0,3318
143,3318
3180,3318
2486,3319
344,3321
9,3323
63,3323
2225,3325
2287,3325
2511,3325
659,3327
938,3328
836,3329
1713,3329
2223,3331
17,3333
167,3335
0,3336
193,3337
1781,3338
807,3340
515,3343
3131,3344
947,3346
3,3347
612,3347
673,3348
289,3349
279,3351
110,3352
1443,3352
110,3353
1174,3354
1079,3355
427,3356
2204,3356
2599,3356
523,3357
690,3359
2769,3359
11,3363
2357,3363
407,3365
807,3365
2315,3366
1461,3369
31,3371
1501,3372
3309,3373
972,3374
766,3376
2898,3376
885,3377
111,3378
579,3378
654,3378
962,3378
748,3379
1069,3380
1101,3384
2434,3385
1461,3386
1198,3387
69,3388
3114,3388
72,3389
474,3389
2721,3389
3069,3389
742,3390
38,3391
493,3391
2485,3391
1191,3392
2947,3392
337,3393
354,3395
0,3396
1944,3397
2213,3397
1566,3399
211,3400
14,3401
384,3401
1166,3401
963,3405
1996,3405
434,3406
1070,3406
1582,3406
2,3411
1096,3412
1123,3412
2998,3412
3117,3412
480,3415
1781,3416
329,3417
194,3418
2925,3419
92,3422
176,3428
1810,3428
2209,3428
284,3429
2935,3429
957,3430
982,3430
2093,3431
31,3433
209,3433
298,3434
889,3436
2114,3436
3091,3437
669,3439
2918,3439
316,3441
738,3441
934,3441
682,3442
72,3443
670,3444
1579,3444
754,3445
279,3446
3197,3446
254,3447
532,3447
808,3448
1517,3450
955,3451
1454,3452
402,3453
2162,3454
670,3455
2249,3455
3099,3455
1042,3457
59,3460
661,3461
1650,3461
1853,3461
197,3462
259,3462
36,3465
1248,3467
3085,3467
15,3468
516,3470
672,3472
1116,3473
1469,3473
15,3474
1517,3474
1670,3474
2601,3476
1088,3480
3250,3480
11,3482
1891,3483
0,3485
141,3485
2235,3485
183,3487
3457,3487
122,3488
1166,3488
3488,3490
349,3492
324,3496
2230,3497
183,3499
480,3499
1399,3499
161,3500
385,3500
462,3500
1743,3500
143,3501
1173,3503
3031,3503
2916,3504
0,3505
315,3507
2921,3507
2762,3511
129,3512
2191,3514
34,3516
928,3516
18,3518
2518,3518
2802,3518
1271,3519
1373,3519
2016,3519
179,3520
1918,3521
2,3522
2312,3522
0,3523
2694,3523
349,3525
1010,3525
177,3526
531,3526
758,3526
775,3529
2,3531
3441,3531
522,3533
1490,3533
1505,3534
1339,3536
1489,3536
1877,3537
1937,3537
2945,3540
87,3541
448,3541
832,3542
1144,3544
2997,3544
1951,3546
97,3548
3474,3550
969,3551
2405,3551
434,3552
1683,3552
142,3553
2857,3553
422,3554
655,3554
384,3555
1238,3557
2452,3557
2319,3558
2861,3558
2980,3561
35,3562
1141,3563
3295,3563
32,3564
3198,3564
849,3565
3159,3565
69,3566
1461,3567
240,3568
2542,3571
2677,3572
0,3573
781,3574
3401,3574
289,3576
3084,3576
106,3581
957,3581
692,3583
337,3584
409,3584
213,3586
95,3587
122,3587
2028,3588
260,3589
807,3589
177,3591
948,3591
1403,3591
1724,3591
480,3592
2315,3592
217,3594
441,3596
582,3596
1401,3597
358,3599
3303,3599
886,3605
993,3605
2196,3606
279,3607
2113,3607
662,3608
1096,3608
2970,3611
804,3612
356,3614
2763,3614
3480,3618
3031,3619
124,3622
1089,3623
284,3624
616,3625
167,3626
682,3626
35,3627
1089,3627
2169,3627
2298,3627
1966,3628
2170,3628
72,3629
792,3630
356,3636
2369,3636
569,3637
1791,3638
72,3642
2859,3643
954,3644
1117,3644
1823,3645
2997,3645
1101,3646
29,3647
215,3647
63,3650
1203,3650
2011,3651
2299,3651
124,3652
485,3652
391,3653
455,3655
1251,3655
76,3656
1001,3656
3396,3656
2002,3657
584,3659
1744,3659
2980,3659
1010,3660
315,3661
2248,3661
829,3662
486,3664
1096,3664
0,3665
1122,3667
310,3669
751,3670
1745,3670
2947,3671
0,3673
0,3676
690,3676
867,3679
0,3681
403,3681
1002,3681
457,3682
2511,3682
2852,3684
1160,3685
738,3686
1044,3686
823,3690
548,3692
1359,3693
2685,3693
570,3694
94,3695
1248,3695
180,3697
1373,3697
453,3699
97,3700
24,3701
134,3702
612,3702
2066,3702
31,3704
119,3704
2920,3705
548,3707
3389,3708
829,3709
1079,3709
2026,3709
845,3710
208,3711
2884,3711
3,3712
141,3712
2527,3712
75,3713
682,3713
31,3718
548,3721
76,3722
2146,3722
499,3725
2722,3725
87,3727
511,3727
1262,3729
656,3730
15,3731
3063,3735
32,3736
1386,3736
99,3737
300,3737
3241,3740
180,3742
2241,3742
2542,3743
167,3744
167,3745
462,3745
712,3747
1262,3747
67,3748
766,3748
2433,3749
99,3750
279,3750
190,3751
2096,3751
27,3752
182,3752
2,3755
2247,3755
2962,3755
2202,3756
194,3757
3313,3757
15,3760
769,3760
1413,3760
2,3765
0,3769
996,3769
500,3772
1,3774
647,3774
892,3774
2255,3775
254,3777
642,3778
1844,3783
182,3784
1296,3784
1443,3784
1358,3787
2558,3787
1392,3788
2016,3788
892,3789
1658,3790
337,3795
515,3797
1241,3797
358,3800
2881,3801
161,3802
2213,3802
493,3803
1652,3803
1486,3804
2144,3805
3238,3805
387,3806
82,3807
962,3808
1438,3808
75,3810
144,3810
31,3811
2272,3812
3025,3812
29,3813
398,3813
1322,3814
2762,3814
95,3817
2948,3817
2925,3818
1273,3819
1791,3819
2193,3819
267,3820
106,3821
403,3822
2230,3823
1556,3825
1206,3826
1302,3827
67,3829
3695,3829
3747,3831
72,3832
177,3833
2434,3834
61,3835
2435,3835
2016,3836
2717,3836
2964,3836
1408,3837
1940,3841
3347,3841
354,3843
2314,3843
505,3844
2230,3844
3553,3844
690,3845
1842,3845
1877,3845
3730,3845
63,3846
937,3847
17,3848
811,3849
659,3850
1428,3850
179,3851
3592,3851
259,3852
31,3854
455,3854
1616,3854
2213,3854
168,3855
31,3856
482,3856
1101,3856
1008,3857
2869,3857
511,3861
1901,3861
1214,3862
414,3864
635,3865
1880,3865
3268,3866
3272,3866
3062,3867
889,3868
1484,3868
330,3871
1959,3871
2184,3871
141,3872
548,3872
2928,3872
690,3876
1430,3877
197,3878
693,3880
927,3880
1650,3880
612,3881
3029,3881
797,3882
1328,3885
2,3886
1725,3886
3729,3886
106,3887
167,3887
254,3887
76,3889
1498,3889
2757,3889
886,3890
2980,3890
2802,3893
1758,3894
287,3896
2,3897
208,3898
482,3899
334,3900
1096,3900
284,3902
349,3902
391,3902
63,3903
455,3903
1695,3904
132,3905
91,3906
583,3906
655,3907
366,3908
2,3909
1408,3909
356,3910
3446,3911
1598,3912
2192,3912
217,3913
0,3914
1040,3914
604,3915
369,3919
1366,3919
36,3920
57,3920
14,3921
1166,3921
72,3922
2757,3922
2682,3923
14,3925
954,3925
272,3926
774,3927
1008,3928
1244,3929
30,3930
141,3932
2192,3933
2026,3934
1407,3935
35,3936
15,3938
10,3941
1698,3941
122,3942
1944,3943
32,3944
55,3944
35,3945
196,3945
378,3946
0,3948
91,3948
440,3949
187,3951
213,3951
17,3954
3944,3955
963,3956
1498,3956
349,3957
1223,3958
1294,3958
28,3959
1206,3959
337,3960
3710,3960
3900,3960
312,3962
868,3964
1979,3964
1441,3966
2992,3969
3607,3970
3912,3971
886,3972
2655,3972
3574,3972
3812,3973
947,3974
107,3975
32,3980
770,3981
1658,3981
2400,3982
193,3983
819,3983
52,3986
182,3986
3605,3986
2558,3988
0,3989
1273,3992
522,3993
1963,3994
0,3995
1378,3996
11,3998
35,3998
2271,3999
733,4000
2,4001
43,4001
2485,4002
968,4003
15,4004
516,4004
2298,4004
2114,4005
55,4006
375,4006
1741,4007
3241,4007
144,4010
409,4010
1128,4010
1871,4010
1213,4011
2517,4011
0,4012
1409,4012
2,4013
3730,4013
1750,4016
703,4017
1380,4018
1373,4020
2527,4020
403,4021
1359,4024
2757,4024
3379,4024
2100,4025
927,4026
941,4026
2901,4026
511,4027
612,4027
1221,4027
172,4028
208,4028
1823,4028
1811,4030
2235,4030
1101,4034
1312,4035
2558,4036
1191,4037
2719,4039
1012,4040
406,4042
72,4043
3247,4043
3457,4044
0,4046
485,4047
1,4050
92,4050
455,4051
612,4051
2262,4052
15,4055
72,4056
76,4058
1450,4059
1674,4059
2491,4059
3363,4059
433,4060
2476,4060
2632,4061
338,4062
485,4062
3655,4062
593,4063
3113,4063
1369,4064
2527,4064
402,4065
1840,4065
540,4066
1148,4066
168,4067
737,4067
2941,4067
2964,4068
2654,4069
3417,4069
3612,4070
2,4071
642,4071
14,4072
657,4072
332,4073
757,4073
3085,4073
1484,4074
1045,4076
143,4077
378,4078
2822,4079
1198,4083
1283,4083
3013,4083
106,4084
197,4085
2511,4085
228,4086
3673,4088
1866,4089
10,4090
190,4091
1831,4091
1866,4091
67,4095
957,4096
623,4097
843,4098
406,4099
725,4099
2852,4100
3337,4100
75,4104
690,4104
1217,4105
1356,4105
1302,4106
732,4107
583,4108
0,4109
14,4109
253,4109
971,4109
1286,4109
2345,4109
2763,4109
3914,4109
354,4110
1856,4110
2080,4110
832,4111
1501,4111
29,4112
2870,4113
133,4114
254,4114
2298,4114
992,4116
2678,4116
72,4117
3110,4120
381,4121
3519,4125
1,4126
190,4126
1797,4126
2154,4127
3240,4127
369,4128
398,4128
3328,4130
3843,4130
57,4131
1588,4131
2397,4131
2504,4131
0,4132
1564,4132
1552,4138
2557,4138
3846,4138
81,4141
0,4142
144,4142
4060,4142
198,4143
2982,4146
3681,4148
143,4150
1436,4151
2682,4151
4006,4151
1473,4152
1901,4153
2192,4154
4097,4154
0,4158
738,4158
434,4159
704,4160
3118,4160
1221,4161
22,4164
527,4164
875,4165
3563,4168
190,4169
496,4169
149,4170
455,4171
1094,4171
2819,4171
2980,4171
845,4172
2,4174
2183,4175
349,4176
31,4177
549,4177
1573,4177
3240,4178
72,4180
32,4181
182,4181
3667,4183
1182,4186
2079,4186
3268,4187
31,4188
15,4190
24,4190
14,4191
998,4193
672,4194
208,4197
909,4199
684,4202
1294,4203
3574,4203
539,4204
2100,4204
143,4205
3148,4205
455,4206
2002,4206
2839,4208
1386,4209
1797,4209
358,4210
2637,4210
407,4211
971,4211
4177,4212
436,4217
1287,4218
1294,4219
1238,4220
1598,4221
254,4222
1507,4222
2757,4222
381,4223
4028,4223
1284,4224
1986,4225
2097,4225
948,4226
2250,4227
2099,4229
35,4230
964,4230
2685,4230
749,4232
1341,4233
2114,4235
1763,4237
485,4238
10,4240
892,4240
2388,4241
1148,4242
3921,4242
71,4244
1074,4244
1920,4247
89,4248
1380,4248
3805,4248
1426,4249
177,4250
1451,4256
3,4257
2120,4257
2557,4257
878,4258
552,4259
2701,4260
209,4262
2216,4262
17,4263
947,4266
1258,4268
3749,4268
2096,4271
2409,4271
217,4272
563,4272
1211,4272
97,4273
2921,4273
0,4275
356,4275
516,4275
433,4276
1039,4276
1018,4278
3669,4278
692,4280
511,4281
1459,4282
2558,4283
1780,4284
2402,4285
3136,4285
1008,4286
2558,4286
1262,4289
866,4290
1928,4290
3203,4293
2,4294
24,4296
89,4296
1910,4296
315,4298
55,4300
216,4301
1689,4302
4290,4303
2369,4304
522,4305
97,4307
434,4307
2511,4307
2947,4307
2709,4309
2,4311
279,4312
2,4314
1514,4314
403,4315
334,4318
4305,4318
2997,4321
2595,4325
1812,4326
1842,4327
1870,4329
0,4331
69,4331
878,4331
11,4332
52,4333
943,4333
3659,4333
1345,4334
253,4335
179,4336
487,4338
692,4340
578,4341
1844,4341
1937,4343
177,4345
2475,4346
3606,4346
111,4347
1203,4347
1470,4347
2192,4347
3429,4347
57,4349
4203,4349
95,4350
29,4351
2925,4353
3386,4354
2197,4361
94,4362
1071,4362
996,4365
1698,4366
1822,4366
1214,4368
1265,4368
95,4370
243,4370
2653,4370
3233,4370
0,4371
9,4371
88,4371
448,4372
69,4373
2191,4373
4028,4373
98,4374
1359,4374
2183,4374
1598,4377
149,4378
3366,4378
3662,4380
122,4382
669,4382
3281,4384
3845,4385
10,4387
3087,4387
2871,4388
2361,4393
95,4394
724,4395
3571,4395
179,4398
1036,4398
3972,4398
0,4401
2154,4402
80,4403
18,4404
821,4409
2243,4409
3309,4411
572,4414
819,4416
11,4418
30,4418
1872,4418
3605,4423
337,4424
2026,4424
177,4425
179,4425
0,4426
817,4426
1151,4426
2519,4427
2894,4427
3352,4427
792,4428
2518,4431
2878,4432
1627,4433
729,4434
1418,4434
87,4435
2905,4435
0,4436
808,4436
2925,4439
505,4440
165,4441
3113,4442
3136,4442
1505,4443
889,4445
3347,4445
1677,4448
427,4449
3808,4450
2435,4451
3743,4453
58,4455
827,4455
3429,4455
15,4456
121,4456
3087,4460
177,4462
0,4463
4154,4463
72,4464
2,4468
52,4469
829,4470
284,4471
698,4471
1584,4471
2616,4471
253,4472
11,4473
2410,4475
872,4476
1008,4477
1010,4479
1302,4479
2651,4479
202,4483
496,4483
1891,4484
1,4485
1625,4485
3204,4485
459,4486
3650,4486
0,4488
2151,4490
4191,4490
72,4491
168,4493
4,4494
238,4495
61,4496
2016,4496
141,4498
205,4498
516,4498
190,4499
371,4499
2601,4499
2771,4499
14,4500
179,4501
172,4502
1498,4502
2221,4502
3643,4503
2679,4505
4210,4505
3657,4507
489,4508
142,4509
1902,4509
2307,4512
1296,4513
749,4514
1635,4514
434,4515
1328,4515
2843,4516
527,4518
2363,4518
1,4520
3240,4520
106,4522
2564,4523
4499,4523
2565,4524
2857,4525
3268,4525
63,4526
247,4526
2082,4528
61,4529
106,4534
30,4536
180,4536
63,4540
1194,4541
95,4542
937,4542
58,4543
95,4544
2556,4544
1042,4545
2478,4545
1096,4547
2298,4547
1272,4548
1694,4548
2499,4549
2938,4549
99,4550
1662,4550
0,4552
1265,4552
2968,4552
2121,4554
272,4555
964,4556
4479,4557
59,4558
3596,4559
934,4560
2677,4560
378,4561
106,4562
3829,4562
0,4563
4036,4563
2996,4566
522,4568
3856,4570
501,4571
1122,4571
3151,4572
1166,4574
3417,4575
604,4576
132,4577
1901,4577
4561,4577
29,4578
2901,4579
2668,4580
1884,4581
3574,4581
904,4583
2246,4583
193,4584
1658,4584
1213,4585
623,4586
3024,4586
2391,4588
1291,4589
142,4590
378,4590
1442,4590
107,4592
1727,4594
69,4595
3240,4596
786,4597
1173,4598
1695,4598
1745,4598
3624,4598
279,4599
1324,4602
129,4604
3285,4604
3973,4604
889,4605
3105,4606
4042,4606
4518,4607
4099,4608
0,4609
523,4609
457,4614
350,4615
3113,4616
967,4618
3596,4618
961,4619
2016,4619
2354,4619
971,4621
3627,4622
15,4624
3845,4625
791,4626
1039,4626
1996,4627
2881,4628
623,4629
413,4631
91,4632
123,4632
4298,4634
742,4635
337,4636
259,4637
2998,4638
4450,4640
413,4641
1284,4641
487,4644
2,4646
482,4646
3227,4647
1085,4648
1197,4649
2512,4649
865,4651
1122,4651
1013,4652
4294,4652
190,4653
1041,4656
2717,4659
3313,4659
824,4660
1658,4661
1791,4662
441,4665
2026,4666
3087,4667
493,4670
3885,4670
28,4671
22,4672
1596,4673
2303,4673
356,4674
4518,4677
1470,4678
72,4679
392,4679
2144,4680
662,4682
1394,4682
85,4683
832,4683
2859,4683
295,4684
3184,4684
4441,4685
623,4689
2982,4691
496,4693
2208,4693
750,4695
4525,4695
97,4696
1774,4696
2928,4697
2180,4700
1601,4701
2741,4701
467,4702
3488,4702
4240,4702
3982,4704
2716,4705
878,4707
72,4708
434,4708
1369,4708
58,4709
4085,4712
2102,4713
451,4714
277,4717
1437,4718
2873,4718
737,4719
1385,4719
486,4720
539,4720
35,4721
17,4722
4568,4722
493,4725
972,4727
3306,4730
937,4731
1148,4732
2433,4734
4483,4734
0,4736
368,4736
733,4736
4065,4739
3492,4740
693,4742
3310,4742
3347,4742
4586,4742
18,4743
1428,4744
15,4745
4107,4745
1363,4746
93,4747
2348,4750
3554,4751
3614,4751
656,4752
404,4753
2,4754
2463,4754
3443,4754
206,4755
1096,4755
1578,4755
1698,4758
2094,4759
361,4760
675,4760
446,4762
4233,4763
996,4764
2990,4764
442,4766
3031,4766
3430,4766
2235,4767
2410,4770
106,4773
2,4774
111,4774
344,4774
636,4776
1996,4776
2193,4776
2019,4778
2923,4778
625,4779
1088,4779
3673,4779
748,4780
407,4781
4104,4781
95,4782
183,4783
536,4783
82,4784
95,4784
2882,4786
2320,4787
849,4789
29,4790
190,4790
3453,4793
446,4794
866,4795
3188,4796
3747,4801
209,4802
971,4802
1887,4803
4434,4803
14,4805
95,4805
1000,4807
1202,4807
4590,4808
86,4809
3744,4811
3911,4812
63,4813
95,4813
1884,4813
389,4814
629,4814
642,4814
2574,4814
2402,4815
402,4816
69,4817
4138,4818
1329,4819
2434,4819
397,4820
869,4820
635,4821
131,4822
487,4822
1407,4822
782,4823
2423,4827
742,4829
1695,4832
898,4833
193,4834
3204,4834
1269,4835
3328,4835
517,4836
2,4838
2151,4838
28,4839
1294,4839
3306,4840
2407,4841
2980,4841
14,4842
63,4842
579,4842
906,4843
733,4844
2,4846
402,4846
3228,4846
775,4847
829,4850
9,4851
95,4853
3755,4853
0,4855
3377,4857
2423,4859
4552,4860
3755,4861
3902,4861
309,4863
623,4863
4745,4863
440,4864
4036,4864
4766,4864
4473,4865
2867,4867
455,4868
3430,4868
279,4869
1551,4869
299,4870
1101,4871
3138,4871
190,4874
4563,4874
0,4875
1,4876
1822,4876
61,4877
584,4877
1901,4879
3093,4880
3222,4883
682,4886
3973,4888
1880,4889
2609,4891
4307,4891
11,4892
2433,4893
15,4894
95,4894
3655,4894
3618,4895
932,4896
245,4897
274,4897
28,4898
4431,4899
106,4900
2345,4900
2361,4900
557,4901
1090,4901
1329,4901
3949,4901
1392,4902
3934,4902
686,4903
86,4907
1150,4909
1303,4910
4586,4910
1438,4913
4590,4915
22,4918
69,4919
1995,4920
1236,4921
2527,4921
2,4924
14,4924
3647,4924
3856,4924
616,4925
2091,4925
3452,4925
4116,4925
4577,4925
15,4930
564,4930
441,4931
211,4932
500,4932
3749,4932
243,4933
562,4934
1204,4934
2206,4934
4326,4934
733,4935
552,4936
15,4938
114,4939
3313,4939
57,4940
1315,4940
2402,4940
4758,4940
403,4943
642,4943
1516,4943
446,4944
4258,4944
812,4946
3981,4948
182,4949
465,4949
539,4953
684,4953
704,4953
1392,4955
337,4956
647,4956
4627,4959
1468,4960
1764,4960
2802,4962
63,4963
738,4963
1012,4964
4110,4964
2,4965
1401,4965
2063,4965
2045,4967
301,4968
646,4968
1272,4968
35,4970
298,4970
3031,4970
3973,4970
69,4971
1160,4971
2682,4971
3393,4971
804,4973
1498,4973
1573,4977
3907,4978
177,4980
3512,4980
2,4982
15,4984
143,4985
95,4986
32,4988
3397,4988
4661,4989
143,4990
874,4990
362,4992
2913,4992
690,4993
1601,4993
2345,4993
4634,4993
0,4994
4671,4995
194,4997
1,4998
1545,4998
4652,4998
2,4999
3784,4999
625,5000
4435,5000
1324,5001
2259,5001
3313,5001
3376,5001
564,5004
2073,5004
3501,5004
867,5005
2280,5007
72,5010
183,5013
3376,5015
522,5016
14,5017
730,5017
1034,5019
1,5020
149,5021
3682,5022
937,5023
2063,5023
584,5024
1346,5024
698,5026
775,5026
791,5026
201,5029
284,5029
2343,5029
4577,5030
3158,5032
3808,5032
2401,5033
4829,5033
179,5034
221,5034
3135,5037
4638,5037
1039,5038
1072,5038
1588,5038
1791,5039
4696,5040
639,5042
1236,5042
4960,5044
1368,5045
462,5046
1507,5046
2361,5048
136,5049
1373,5050
4973,5050
198,5052
704,5052
1559,5052
63,5053
462,5055
190,5059
2343,5059
2958,5059
0,5061
22,5062
27,5063
3,5064
3131,5064
576,5065
691,5067
4152,5071
0,5072
402,5072
797,5072
806,5072
3376,5074
1174,5075
2594,5077
349,5078
2485,5078
29,5079
3919,5080
2594,5082
4020,5083
2,5085
812,5085
2117,5088
3607,5091
3644,5093
30,5094
180,5095
609,5100
1459,5100
1008,5101
1036,5103
182,5104
474,5106
3647,5106
1096,5107
557,5114
180,5116
845,5116
1324,5116
76,5118
4574,5118
4913,5119
4046,5120
1545,5122
3922,5122
2020,5124
4734,5124
2915,5125
173,5127
835,5130
996,5130
0,5134
4435,5135
59,5136
478,5137
0,5138
825,5138
34,5139
124,5139
625,5139
1279,5139
2344,5140
180,5144
193,5144
4939,5144
4931,5145
2743,5146
1996,5147
4525,5147
4679,5147
2085,5148
2369,5149
4752,5149
403,5151
245,5152
769,5152
2466,5152
3323,5152
2685,5154
2592,5155
1871,5157
2809,5157
3354,5157
161,5159
1518,5163
2535,5163
2079,5166
4924,5166
65,5167
3210,5168
4001,5168
4802,5169
1189,5170
2954,5171
123,5172
3561,5172
487,5174
3695,5174
1651,5175
1729,5175
71,5177
4839,5178
2197,5179
4039,5179
1,5180
3377,5180
1369,5182
1173,5183
106,5184
3557,5184
434,5185
3541,5190
4290,5190
1039,5191
4499,5191
1074,5192
1,5193
480,5193
2805,5193
2945,5196
737,5197
2170,5197
5085,5198
485,5200
840,5200
1,5201
134,5201
3511,5201
2189,5202
4839,5202
403,5204
3503,5204
182,5205
1069,5205
5059,5206
3847,5207
1041,5210
173,5211
4786,5212
216,5214
1810,5215
2140,5216
4349,5217
3281,5219
4238,5220
830,5222
3526,5224
4151,5225
1385,5226
3376,5227
582,5232
1640,5234
193,5235
190,5236
1363,5236
323,5238
1673,5239
3457,5239
1313,5240
2719,5241
2819,5242
89,5243
279,5243
63,5246
457,5246
2060,5246
3533,5247
123,5248
1373,5251
2945,5251
3309,5251
190,5253
1060,5255
4682,5255
3351,5256
356,5257
85,5258
725,5260
31,5263
1267,5264
704,5265
2432,5265
804,5266
289,5267
1101,5269
0,5270
43,5270
190,5270
253,5270
2551,5270
29,5271
1272,5271
334,5272
1822,5272
3915,5272
3206,5277
35,5278
4240,5278
1304,5279
3645,5279
300,5282
2363,5282
772,5284
3760,5284
1573,5285
381,5286
180,5288
669,5288
190,5292
3681,5292
4423,5293
955,5296
4670,5296
2114,5297
0,5298
183,5299
1925,5302
89,5303
306,5303
3455,5303
4142,5305
2,5307
2193,5307
26,5309
32,5311
1963,5311
1745,5312
198,5313
582,5313
4046,5313
380,5314
2046,5314
712,5315
898,5317
2632,5317
5299,5319
3283,5322
4924,5324
358,5325
1507,5325
3306,5325
10,5327
4536,5328
4876,5329
216,5336
1761,5336
32,5337
1289,5339
4557,5341
2410,5342
311,5344
332,5346
757,5347
1872,5348
201,5350
2809,5350
4230,5352
2625,5353
448,5354
1096,5354
829,5355
5152,5355
937,5357
957,5358
0,5359
14,5359
72,5359
2118,5359
3323,5362
2298,5364
691,5365
1344,5365
14,5366
141,5366
143,5368
441,5368
4007,5368
1,5370
3113,5370
4853,5370
4994,5370
487,5371
167,5372
4763,5372
0,5375
455,5376
4273,5376
4479,5378
875,5381
2191,5381
3222,5381
144,5384
72,5385
2330,5385
10,5387
402,5389
1,5390
2876,5391
3206,5393
0,5394
4373,5396
4980,5397
5172,5397
962,5398
548,5399
612,5399
1059,5399
3749,5399
4404,5400
240,5403
72,5405
2955,5405
0,5406
52,5406
2457,5406
3890,5407
3900,5408
1780,5409
2500,5410
487,5411
698,5411
742,5412
1102,5413
2304,5414
2558,5414
2560,5414
3050,5414
315,5415
496,5418
35,5419
63,5420
2,5421
183,5421
2245,5421
3430,5422
397,5424
1213,5425
3354,5426
3000,5429
1911,5430
2556,5430
3245,5430
35,5431
3521,5431
1148,5434
2765,5434
663,5435
983,5435
28,5436
569,5436
194,5438
5074,5438
774,5440
854,5440
1724,5441
29,5443
61,5443
3025,5443
205,5444
4483,5446
1791,5447
228,5448
1036,5448
2,5451
1291,5451
3787,5451
666,5452
4822,5453
10,5454
337,5454
3284,5454
4864,5455
2729,5457
2633,5462
2763,5462
267,5463
1039,5465
1358,5465
829,5467
4479,5467
3110,5468
27,5469
1544,5469
2441,5469
3857,5469
312,5470
3563,5470
5000,5470
2551,5471
2763,5472
496,5473
1597,5473
2697,5473
3242,5473
3507,5473
176,5477
814,5477
344,5478
346,5478
95,5479
97,5479
57,5481
279,5482
872,5482
5190,5482
604,5483
457,5484
193,5485
320,5486
3085,5487
190,5488
277,5490
217,5493
874,5493
795,5494
1103,5494
2574,5495
446,5496
269,5497
76,5501
15,5502
35,5503
5307,5503
2423,5505
3315,5506
217,5507
1153,5508
356,5510
2,5511
1180,5511
1443,5514
3661,5514
1,5518
3659,5518
612,5520
92,5521
657,5521
866,5521
2397,5521
11,5523
1018,5524
306,5525
3501,5526
26,5528
564,5528
2884,5528
1244,5529
2,5530
1202,5530
1505,5530
3376,5531
849,5532
1002,5532
4520,5533
2191,5534
3571,5534
3876,5534
971,5535
31,5541
168,5541
1108,5541
1573,5543
1079,5545
4838,5545
4859,5545
748,5546
183,5548
477,5549
729,5549
3,5551
511,5551
0,5553
2550,5553
1596,5554
2670,5554
149,5556
616,5556
1059,5556
1901,5558
5103,5561
298,5562
3567,5562
772,5563
408,5564
349,5565
1413,5565
3553,5565
4514,5565
289,5567
485,5567
749,5568
3357,5568
422,5570
967,5571
1236,5571
2938,5571
845,5573
1844,5573
4536,5573
24,5580
2242,5580
1836,5581
3627,5581
3655,5581
107,5582
962,5582
5314,5585
3533,5586
3352,5588
581,5589
4784,5589
4998,5589
570,5590
4332,5590
3529,5591
4525,5592
0,5594
111,5594
4577,5595
5589,5596
2,5597
1281,5597
1094,5599
1103,5600
775,5601
138,5602
208,5606
3851,5606
58,5607
1629,5607
1836,5607
5465,5607
27,5608
3518,5608
306,5610
122,5613
2169,5613
1455,5616
1914,5618
1,5619
1853,5620
3352,5620
179,5622
2146,5622
4028,5623
2512,5624
682,5626
76,5628
3465,5628
2763,5629
3203,5630
177,5632
564,5633
261,5634
690,5635
2723,5635
1573,5636
3389,5636
2852,5637
4370,5637
2,5640
2101,5640
4860,5641
149,5642
1173,5643
3171,5644
1088,5646
3106,5647
802,5648
122,5650
5562,5650
1040,5651
1507,5651
3026,5651
391,5653
3470,5653
4708,5653
1674,5654
2172,5654
1065,5656
1525,5656
937,5657
2092,5658
2805,5658
4576,5658
1302,5659
3063,5660
3627,5661
28,5662
3268,5663
5454,5663
176,5665
3747,5666
3802,5666
206,5667
301,5667
4902,5668
282,5669
1161,5671
2594,5671
190,5672
874,5672
2753,5672
358,5677
4647,5678
1151,5679
2,5680
11,5682
337,5682
3693,5683
1,5684
1596,5684
168,5685
1049,5685
5284,5685
3568,5688
5122,5690
2016,5691
572,5692
315,5695
945,5697
2594,5698
3462,5698
123,5704
4036,5707
487,5710
2363,5712
2435,5712
2861,5712
1596,5714
1662,5715
29,5716
86,5716
1461,5716
2712,5718
4766,5719
22,5720
94,5720
2026,5720
173,5724
1871,5724
149,5725
413,5725
4371,5726
2892,5727
72,5729
1088,5729
3117,5729
5589,5730
1254,5731
76,5732
906,5732
1150,5732
2093,5734
1254,5738
969,5739
3505,5739
3183,5740
1618,5741
453,5742
338,5746
4708,5747
0,5748
413,5748
662,5748
5523,5748
0,5751
1296,5751
2574,5753
28,5754
2434,5754
34,5755
3104,5756
4718,5756
4807,5756
330,5757
732,5759
3285,5759
3636,5763
1221,5765
10,5767
5457,5768
845,5770
15,5771
4345,5771
5716,5772
3702,5773
333,5775
1045,5778
3887,5778
94,5779
274,5782
5124,5783
76,5785
183,5787
3684,5787
4844,5788
670,5790
691,5790
2287,5790
3104,5792
5270,5793
2101,5795
2518,5795
2906,5795
3748,5796
2,5797
3012,5798
4089,5798
1233,5800
1269,5800
1,5802
4268,5802
124,5805
560,5806
1052,5806
2,5807
392,5807
1369,5807
489,5809
448,5810
106,5817
1684,5819
4764,5819
4114,5820
61,5822
179,5823
4442,5823
295,5824
4125,5824
2056,5825
2557,5825
2653,5826
457,5827
780,5828
1248,5830
5205,5830
0,5834
2855,5834
2022,5836
2336,5836
0,5837
808,5837
3920,5839
193,5840
1262,5840
5666,5841
516,5843
4131,5843
1700,5844
2345,5848
1003,5850
2835,5850
4895,5851
2092,5854
5792,5854
3496,5855
3802,5855
4993,5855
349,5858
5116,5858
282,5862
1568,5863
32,5866
1415,5866
2592,5866
2423,5867
3501,5867
89,5870
3480,5870
647,5872
1918,5872
5683,5875
624,5876
855,5876
3257,5877
3936,5877
2,5880
133,5880
344,5880
3992,5881
183,5882
3284,5883
22,5884
1369,5884
2076,5885
406,5887
2226,5888
31,5889
4374,5889
0,5890
3501,5890
1134,5893
1996,5893
3085,5893
5870,5894
1,5896
10,5897
76,5897
4549,5897
107,5900
4892,5900
381,5905
4839,5905
674,5906
2051,5906
2284,5907
692,5909
548,5910
3636,5910
1425,5911
453,5912
1263,5913
2,5914
878,5914
1174,5914
927,5919
5754,5919
710,5920
785,5920
29,5921
4590,5921
27,5922
1566,5922
4822,5923
4191,5926
391,5928
81,5929
948,5931
635,5933
209,5934
2812,5934
1,5939
1735,5940
5787,5940
95,5941
4790,5941
3412,5942
289,5945
1065,5946
1515,5946
2637,5946
2011,5948
2604,5949
1514,5950
179,5951
2197,5952
362,5953
3802,5953
31,5954
777,5954
1403,5954
2887,5954
4223,5959
5448,5960
5907,5961
106,5962
2894,5963
832,5965
173,5966
2193,5967
434,5969
4271,5969
531,5970
1,5972
4821,5975
124,5978
659,5978
750,5978
89,5980
2876,5980
3191,5980
93,5986
1065,5986
5322,5986
682,5988
2720,5989
17,5992
837,5993
1831,5993
1069,5995
4764,5995
1083,5998
3606,5999
5610,6003
120,6004
525,6004
2742,6004
4508,6004
5314,6004
1596,6005
2968,6005
5712,6005
3561,6006
852,6007
3880,6007
1403,6009
5484,6009
1854,6010
269,6011
480,6011
853,6011
3607,6011
14,6012
487,6012
1987,6012
146,6014
5506,6014
144,6015
409,6016
1473,6017
31,6018
3519,6018
5414,6021
2886,6022
440,6023
2805,6023
436,6024
1180,6025
3474,6025
4549,6028
131,6033
4736,6033
480,6034
3114,6036
3975,6036
3507,6037
1040,6039
1141,6040
4838,6040
5440,6041
4604,6043
55,6044
485,6044
0,6047
0,6049
3406,6049
3309,6051
4827,6051
4508,6054
349,6055
3529,6055
5435,6055
1689,6056
4656,6058
5660,6058
675,6059
312,6062
852,6065
2433,6065
832,6067
4948,6067
31,6069
1103,6070
75,6071
284,6071
2510,6071
3817,6071
2852,6075
3113,6075
0,6077
312,6077
1417,6077
1489,6078
1764,6078
31,6081
2435,6082
2835,6082
3450,6083
3008,6084
1265,6085
58,6086
5378,6086
3085,6088
545,6091
804,6091
1831,6091
295,6093
971,6093
4186,6093
564,6095
0,6096
2551,6096
11,6097
5004,6098
4626,6100
1590,6101
4786,6101
4073,6102
748,6103
3813,6105
4235,6105
344,6106
1286,6106
1195,6108
2085,6108
442,6109
4424,6111
5511,6111
777,6113
95,6115
616,6117
1324,6117
95,6119
1507,6119
1059,6120
2155,6120
5077,6121
5610,6121
4073,6122
5247,6122
371,6124
1443,6124
2,6127
2452,6127
31,6128
3415,6128
3669,6128
3189,6129
3908,6129
72,6131
482,6131
662,6131
4708,6131
516,6132
4685,6133
486,6134
306,6138
470,6138
2955,6139
5107,6139
2869,6140
4709,6140
5317,6140
1902,6141
2485,6141
3969,6141
572,6142
2243,6143
3222,6143
211,6145
446,6145
1254,6146
15,6148
65,6149
1446,6150
327,6152
579,6154
4960,6155
1880,6156
4915,6156
947,6157
855,6158
4823,6158
4861,6160
1724,6161
5157,6162
63,6163
1727,6163
5319,6163
2101,6164
872,6166
692,6167
2136,6167
138,6168
193,6168
221,6168
353,6168
3866,6168
1103,6170
4159,6170
5408,6170
2485,6171
3605,6172
0,6174
11,6174
397,6177
2512,6179
1313,6183
3003,6184
6065,6184
2527,6185
538,6186
5884,6186
5980,6187
31,6188
3376,6188
3232,6189
3519,6189
5376,6189
1038,6190
2516,6191
254,6196
1505,6196
3385,6196
1009,6197
3526,6198
1451,6200
1922,6200
772,6201
3206,6202
5412,6202
1987,6203
72,6204
384,6206
391,6207
2153,6207
28,6209
122,6209
4034,6209
28,6211
1031,6212
4455,6212
272,6213
2771,6213
2871,6214
0,6215
3444,6215
3467,6215
6215,6216
826,6218
306,6219
2959,6220
5677,6222
67,6224
773,6225
1272,6226
1161,6227
2230,6229
5317,6230
2604,6231
1,6232
3835,6234
4010,6235
5824,6235
5980,6235
2343,6239
193,6241
407,6243
1884,6244
802,6245
487,6246
5357,6246
2011,6247
1072,6248
1074,6248
1096,6250
493,6251
377,6252
5415,6252
4325,6253
250,6254
3104,6259
604,6260
480,6261
2221,6262
5607,6264
167,6266
238,6266
384,6266
1008,6266
3397,6266
254,6268
397,6269
3189,6269
2581,6270
3405,6270
157,6272
3808,6272
819,6277
315,6278
1689,6280
134,6281
2938,6281
1463,6283
1579,6284
2712,6284
3091,6285
4766,6286
589,6288
3644,6288
1262,6289
167,6291
63,6292
963,6294
6093,6294
55,6296
3568,6297
3255,6298
2250,6300
5954,6300
95,6301
2650,6301
2094,6302
63,6303
3667,6305
329,6306
3066,6306
3372,6307
1385,6308
344,6309
110,6312
65,6314
516,6316
2386,6316
349,6317
3313,6318
4718,6318
1139,6322
15,6323
657,6323
3346,6323
901,6324
1151,6324
1277,6324
3643,6324
14,6325
757,6325
3699,6326
684,6327
1489,6327
1721,6330
3245,6330
167,6332
2797,6332
2909,6332
391,6333
2182,6333
190,6335
1588,6336
107,6337
111,6337
692,6337
28,6338
819,6338
1071,6338
2881,6338
4807,6338
92,6339
5589,6340
81,6341
1,6343
11,6344
3233,6344
2779,6346
6143,6347
5430,6351
397,6352
2258,6353
111,6354
312,6354
1103,6355
2284,6355
5438,6357
4671,6359
4940,6361
402,6363
4051,6363
505,6364
3430,6365
2679,6366
332,6367
4678,6367
1514,6368
197,6369
5004,6369
409,6370
1303,6370
538,6373
138,6374
1854,6377
209,6380
24,6381
254,6381
183,6384
5135,6384
63,6385
662,6385
1707,6385
11,6386
2857,6388
3062,6388
1928,6390
2191,6390
2,6391
5945,6391
2786,6392
1044,6393
2,6394
1594,6394
5313,6394
4747,6395
4869,6395
0,6397
969,6397
5147,6398
1292,6399
3505,6400
6363,6400
356,6402
1060,6402
3376,6402
193,6403
971,6405
1052,6405
1116,6405
733,6407
4939,6407
22,6408
691,6409
2819,6410
1248,6411
889,6412
5470,6412
233,6413
584,6413
5270,6415
2625,6417
4028,6417
3911,6421
1060,6425
5405,6425
209,6428
4998,6429
4542,6430
4,6431
15,6432
3557,6432
1758,6433
183,6437
282,6437
32,6438
3921,6438
5528,6438
2016,6439
2771,6439
4574,6441
2479,6445
2846,6448
3446,6450
6184,6450
1426,6452
5357,6452
777,6454
1871,6455
6294,6455
874,6456
453,6459
1251,6459
2361,6460
6055,6463
505,6464
167,6465
0,6466
2927,6467
4067,6469
3254,6470
1233,6471
1513,6472
5692,6472
1822,6475
1850,6477
173,6478
1544,6478
4471,6481
0,6482
2913,6482
878,6483
3730,6483
3808,6483
6209,6483
1556,6484
2304,6487
3062,6487
1623,6488
4453,6488
998,6489
1303,6489
1944,6490
3856,6491
4051,6492
5023,6492
2153,6493
604,6494
3389,6494
4968,6494
1410,6495
568,6496
4853,6497
433,6498
1514,6500
58,6501
5157,6501
358,6502
4901,6502
944,6503
76,6505
1727,6506
992,6507
3655,6509
5430,6509
3307,6510
4307,6511
4713,6511
86,6514
927,6515
4062,6515
5253,6515
5965,6515
1,6516
2191,6516
2114,6518
3505,6518
4708,6518
69,6519
124,6519
578,6519
1140,6519
5729,6519
176,6522
69,6523
5463,6523
4387,6525
194,6526
6096,6526
1743,6531
217,6532
1735,6533
2089,6534
2584,6534
829,6535
3325,6536
76,6537
4223,6538
845,6539
3281,6539
2230,6540
5785,6540
3377,6541
0,6543
143,6543
811,6543
122,6544
505,6544
2616,6544
28,6546
581,6546
1180,6548
1912,6548
3087,6549
5191,6549
300,6550
274,6552
1403,6552
3429,6552
209,6553
4012,6556
344,6558
1197,6559
3369,6560
6316,6561
179,6562
1173,6562
167,6563
254,6564
1763,6565
141,6566
1735,6566
2357,6566
4114,6567
1102,6568
1967,6568
0,6569
866,6569
4435,6571
201,6574
339,6576
1039,6578
1486,6579
1979,6579
3114,6579
158,6580
1544,6581
733,6584
141,6585
17,6586
310,6587
693,6587
4879,6587
2,6589
95,6590
149,6590
2645,6590
4622,6590
29,6591
1065,6592
2218,6595
962,6597
1041,6598
5543,6599
5182,6600
403,6602
5739,6602
4907,6604
0,6605
4131,6605
2692,6606
5561,6606
69,6608
1213,6608
4326,6608
5175,6608
0,6609
564,6609
6463,6611
1739,6612
5989,6613
3871,6614
5226,6614
330,6615
774,6615
3756,6615
18,6616
63,6616
6261,6618
75,6619
142,6619
500,6619
1,6620
485,6621
1089,6621
4934,6621
1101,6622
2044,6622
5972,6624
2565,6625
1689,6628
548,6629
2011,6629
122,6630
2876,6630
1,6631
1254,6631
1203,6632
1258,6632
300,6635
384,6635
3406,6635
2401,6640
3669,6640
5293,6641
310,6642
511,6642
642,6642
4838,6644
167,6647
197,6647
4289,6647
1451,6648
972,6650
775,6651
6635,6652
0,6653
344,6653
5567,6653
11,6654
15,6654
2099,6654
2763,6655
949,6656
433,6660
1173,6660
3228,6661
3399,6661
5033,6661
403,6662
2843,6662
1233,6665
220,6666
781,6666
1103,6666
1468,6667
254,6668
3099,6669
5272,6669
6289,6669
389,6670
409,6670
1321,6670
4894,6670
4933,6671
5568,6671
3885,6674
626,6679
22,6680
3607,6683
6494,6684
3669,6685
5787,6685
6425,6685
499,6686
1555,6687
2416,6688
791,6689
1081,6689
3026,6690
3227,6690
173,6691
584,6691
1206,6691
55,6694
890,6696
568,6697
2712,6698
3908,6698
72,6701
624,6701
35,6702
122,6702
1362,6707
2348,6707
95,6709
1007,6709
3347,6710
243,6712
798,6714
1729,6715
4509,6715
6012,6716
4387,6717
4719,6718
97,6720
496,6721
1040,6721
32,6722
1096,6722
55,6723
993,6724
3605,6724
3378,6725
4131,6727
143,6730
94,6732
1335,6732
63,6735
1822,6735
5182,6735
963,6742
2158,6742
683,6744
5712,6744
315,6745
14,6746
2299,6746
298,6747
2361,6749
5665,6749
1344,6752
2189,6753
259,6757
4502,6758
2101,6760
61,6761
1443,6761
92,6763
2193,6763
1420,6764
1940,6764
2637,6764
1291,6766
1670,6766
121,6767
5530,6767
5802,6768
4332,6770
6288,6775
642,6776
1823,6776
5795,6777
359,6778
6113,6778
6532,6779
472,6780
3257,6780
194,6782
3050,6783
3108,6783
0,6788
1380,6788
2070,6788
6365,6788
5434,6789
5565,6789
4835,6790
4024,6792
4314,6792
165,6794
1616,6794
883,6795
1262,6795
5125,6796
6666,6798
2578,6799
29,6802
149,6802
5734,6803
2852,6804
3082,6805
5805,6805
0,6806
973,6807
2114,6808
272,6812
173,6815
1002,6816
3245,6816
3657,6818
5739,6818
6538,6818
2197,6819
3989,6819
191,6820
3462,6822
487,6823
190,6827
5725,6827
1461,6828
5023,6828
149,6829
668,6829
860,6829
3186,6831
3093,6832
142,6834
3775,6834
4128,6834
4930,6835
5378,6836
57,6838
1379,6838
4294,6838
253,6839
4240,6844
2558,6846
4584,6846
1303,6847
5850,6847
194,6849
1248,6849
3850,6849
14,6851
279,6851
775,6851
3810,6853
692,6854
4040,6854
3614,6856
122,6859
3087,6859
791,6861
2102,6863
6005,6863
830,6864
742,6865
3542,6866
2570,6868
3452,6868
6200,6868
22,6870
72,6870
72,6871
3882,6871
3948,6871
2303,6874
4305,6874
6789,6874
4709,6875
0,6876
146,6877
672,6877
821,6877
1297,6877
657,6880
1842,6880
1189,6881
2971,6882
3998,6882
4012,6883
43,6884
2405,6886
1484,6888
143,6889
226,6889
413,6891
1738,6891
2556,6892
2717,6892
4930,6892
2019,6894
1012,6896
6647,6896
366,6897
4622,6897
4701,6897
1251,6899
4065,6899
698,6900
15,6902
2218,6903
2366,6903
562,6905
1791,6905
3045,6905
883,6906
1251,6906
1265,6906
211,6907
1909,6907
99,6908
356,6908
2234,6909
4542,6909
2870,6910
6483,6910
414,6911
5005,6912
4513,6915
643,6916
1039,6917
6288,6917
149,6918
6012,6923
0,6924
74,6924
378,6924
572,6924
1831,6924
4012,6924
5000,6924
3221,6926
5697,6927
3856,6929
4685,6929
5288,6929
143,6930
6425,6930
35,6931
4547,6932
795,6933
6438,6933
3281,6936
6752,6936
4,6937
95,6937
875,6937
209,6938
422,6938
572,6938
1698,6938
4574,6939
5756,6939
3347,6941
548,6942
1813,6942
76,6946
329,6946
4223,6946
3378,6947
3244,6948
369,6950
4061,6951
992,6952
1173,6955
2443,6955
15,6956
349,6956
2248,6957
57,6958
2902,6959
3000,6959
306,6960
487,6960
2114,6960
4982,6960
222,6962
1189,6962
1530,6962
1161,6964
2377,6965
482,6967
3189,6967
3845,6967
492,6968
2401,6968
149,6970
1403,6970
72,6974
772,6974
1810,6975
1,6976
279,6976
1880,6976
1556,6977
4671,6977
6604,6977
129,6979
1276,6979
837,6980
1069,6980
4536,6980
3303,6982
1568,6983
5017,6983
5900,6987
6380,6988
179,6996
5763,6996
179,6997
3921,6998
4460,6999
4709,6999
390,7001
1008,7001
6472,7001
2102,7002
5227,7002
4335,7004
1265,7005
525,7007
1652,7007
2,7009
1063,7011
3244,7012
3529,7012
5191,7013
2113,7016
2428,7016
0,7018
6131,7018
122,7020
825,7021
6730,7021
624,7022
6051,7022
5104,7023
3120,7026
4268,7026
3574,7027
14,7029
4993,7029
5314,7030
772,7031
4918,7031
6535,7031
489,7032
1041,7033
1148,7033
2246,7034
3250,7034
2581,7036
1872,7038
4030,7040
6288,7040
822,7041
5064,7041
3803,7042
5941,7043
31,7045
349,7045
1655,7046
3441,7046
14,7047
1940,7047
35,7048
6962,7048
1161,7050
2963,7051
1676,7052
4128,7052
0,7053
5719,7054
3256,7055
1117,7058
4701,7058
523,7059
729,7062
2248,7062
5950,7062
1329,7063
1635,7063
4089,7063
1725,7065
1756,7065
4759,7065
197,7066
1498,7066
2905,7067
209,7069
143,7070
3283,7070
14,7072
111,7073
259,7075
1884,7075
446,7076
949,7079
3955,7080
43,7081
4781,7083
4013,7088
3100,7089
674,7091
2354,7091
95,7094
1468,7095
527,7097
4004,7099
392,7100
422,7101
2225,7101
55,7102
2763,7102
142,7104
353,7105
2527,7107
4508,7109
95,7111
552,7113
1453,7115
6338,7115
442,7117
639,7117
1591,7117
1315,7119
6778,7120
58,7122
806,7122
4536,7122
95,7125
3737,7127
4913,7127
141,7128
2,7131
268,7131
413,7132
1416,7132
3189,7132
2307,7137
5305,7138
1573,7139
625,7140
585,7141
807,7146
1877,7146
3810,7146
3866,7146
572,7149
406,7151
1002,7152
1359,7154
4463,7154
2909,7158
5739,7158
2,7159
604,7160
2154,7160
5015,7160
7031,7160
1996,7161
4209,7161
1366,7162
1489,7163
254,7164
2197,7165
1219,7167
6040,7167
11,7168
4037,7168
1596,7169
2527,7170
143,7172
808,7172
3628,7172
888,7177
69,7179
1,7180
3480,7180
0,7181
71,7183
205,7183
1866,7183
7012,7183
7101,7183
198,7186
2765,7188
3519,7188
3063,7189
751,7190
1451,7190
1,7191
1359,7191
2584,7191
2,7194
3928,7194
344,7196
5914,7196
3446,7197
3607,7197
584,7198
2218,7198
5447,7200
6735,7201
141,7203
3018,7203
3191,7203
1227,7204
4700,7205
1739,7206
5568,7206
2763,7207
4557,7209
3053,7211
7168,7211
390,7212
777,7212
2354,7213
733,7215
110,7216
138,7216
4652,7216
27,7218
3565,7220
4229,7220
89,7221
3170,7221
2306,7222
4425,7223
209,7224
65,7226
874,7226
2542,7226
6619,7227
7161,7227
947,7228
682,7229
92,7231
0,7232
397,7232
2365,7232
433,7234
1042,7234
4524,7234
1802,7235
455,7239
4331,7239
6635,7239
1658,7240
1629,7241
176,7242
1002,7242
1157,7244
397,7245
5554,7245
106,7246
32,7248
485,7248
2527,7248
6272,7248
4708,7250
2298,7251
5399,7251
5421,7251
4035,7254
4341,7257
5020,7257
5399,7257
67,7260
4186,7260
277,7261
2,7263
323,7266
3996,7266
2990,7268
69,7270
133,7270
168,7271
2193,7273
2569,7273
5355,7273
4618,7275
2248,7277
6129,7278
59,7281
6400,7281
1072,7283
6532,7283
749,7285
82,7286
2341,7289
5079,7289
2762,7290
122,7291
2336,7295
4774,7296
4964,7296
3819,7298
4003,7298
3452,7299
76,7300
71,7301
1903,7301
3354,7303
389,7304
6143,7304
7067,7305
5314,7307
2189,7308
0,7309
2551,7309
1842,7310
4268,7310
4435,7312
1001,7317
1113,7317
3062,7317
562,7318
4857,7318
1741,7319
5190,7319
47,7320
2475,7320
4595,7320
4175,7322
1546,7324
1529,7325
1822,7325
807,7328
2110,7330
3488,7331
1842,7334
2192,7336
5116,7338
1489,7339
869,7340
222,7341
501,7341
4223,7341
5473,7342
737,7343
1160,7344
6597,7344
277,7345
1422,7347
0,7348
3185,7348
1108,7350
1,7351
2009,7352
2248,7353
358,7356
4557,7356
31,7357
168,7357
190,7358
1501,7359
5934,7359
4832,7360
35,7361
1966,7361
704,7362
3692,7362
15,7363
7047,7363
604,7366
1745,7367
4585,7368
6403,7368
2345,7369
992,7370
14,7371
2712,7372
5399,7372
6471,7372
2842,7373
27,7374
4232,7375
2197,7377
1166,7378
485,7380
143,7381
4864,7382
6511,7383
0,7385
389,7385
4935,7385
2,7387
72,7387
4332,7390
123,7391
253,7391
3389,7391
4898,7392
4499,7393
2011,7394
2431,7394
3369,7395
2936,7396
3282,7398
6510,7399
4199,7400
6455,7403
5434,7405
1039,7406
5282,7406
300,7407
5532,7407
5820,7407
3085,7409
2365,7412
6829,7412
7271,7413
406,7414
957,7414
4964,7414
5029,7414
254,7415
837,7415
1421,7415
2101,7415
1101,7418
124,7419
1443,7419
1270,7421
1287,7421
3889,7422
4479,7422
4764,7426
7005,7426
15,7428
143,7428
1525,7430
777,7431
3636,7431
835,7432
1359,7433
3614,7433
7216,7434
149,7435
1964,7436
7229,7436
1251,7437
1515,7439
1027,7442
1928,7442
4968,7442
392,7444
2169,7445
3351,7446
440,7447
493,7447
1151,7447
883,7450
1420,7450
6119,7450
3210,7451
3000,7452
2305,7454
6889,7455
5732,7456
2763,7461
208,7463
6318,7463
1761,7465
2752,7466
1947,7468
58,7469
371,7469
5992,7469
1674,7470
6085,7470
2936,7471
7442,7474
1963,7477
24,7478
52,7481
5314,7481
7341,7485
5601,7486
5683,7486
356,7487
1151,7487
1172,7487
5448,7488
1987,7489
2083,7490
4067,7490
548,7492
4479,7492
4597,7496
182,7498
10,7500
1039,7500
1455,7502
0,7505
2954,7505
6402,7505
875,7506
2259,7508
3651,7508
268,7509
3951,7510
6875,7513
1346,7516
2248,7518
2655,7519
1694,7520
477,7521
4973,7521
72,7522
1003,7525
1655,7526
7200,7527
3571,7529
4709,7529
29,7530
7377,7531
43,7532
570,7535
2535,7535
3485,7535
72,7536
4427,7537
124,7540
1072,7541
11,7542
1912,7543
209,7545
893,7545
6305,7546
2894,7547
3417,7547
5907,7547
2936,7548
167,7549
4536,7550
4333,7551
6393,7551
1612,7552
10,7555
238,7555
4128,7555
32,7556
2434,7556
2,7558
4563,7558
7002,7558
194,7562
3313,7562
1939,7564
487,7566
1233,7566
3221,7566
2083,7568
7198,7572
1,7573
1678,7573
2967,7574
3045,7575
1605,7577
1489,7579
663,7582
5594,7582
95,7583
5629,7584
29,7585
1877,7586
4305,7587
4700,7587
3876,7588
489,7589
2512,7589
830,7590
7545,7592
5000,7596
6288,7596
277,7597
7257,7597
254,7598
1986,7598
2,7601
2609,7603
2388,7605
7320,7605
7095,7606
1972,7607
7566,7607
15,7609
5607,7609
29,7611
1556,7613
403,7615
1417,7615
5650,7615
1002,7617
1407,7617
26,7618
625,7619
1573,7622
5949,7622
2412,7623
3656,7624
1278,7626
6604,7626
1922,7627
5106,7628
2,7630
284,7630
1900,7633
91,7635
724,7638
1189,7639
2434,7639
7540,7639
14,7640
661,7642
2028,7642
389,7643
1315,7644
6323,7644
482,7645
1101,7645
6962,7647
4913,7652
76,7653
1041,7655
3452,7656
4260,7656
6324,7656
7442,7657
334,7658
1484,7661
5907,7661
1039,7662
4395,7662
111,7664
6235,7665
294,7667
666,7672
106,7673
3278,7673
387,7674
7572,7675
2192,7677
6005,7678
7164,7678
2280,7679
1778,7681
1823,7681
2216,7681
729,7682
9,7683
4298,7683
5585,7683
209,7685
1277,7687
3843,7687
4311,7687
191,7688
2894,7690
2,7692
4353,7692
397,7693
2341,7695
3473,7697
4502,7699
3695,7703
6967,7703
4121,7706
1596,7707
180,7708
349,7709
1426,7709
1966,7709
2287,7709
3295,7710
4426,7710
6478,7710
2362,7711
1887,7713
4286,7713
332,7714
5026,7715
5589,7717
1206,7718
69,7719
971,7719
1116,7719
1371,7719
1287,7722
485,7724
111,7725
2709,7725
183,7727
4841,7727
783,7729
3645,7729
1,7730
7158,7730
2517,7731
3607,7733
6662,7733
319,7735
971,7735
1036,7736
1251,7736
4327,7736
95,7737
315,7737
5021,7739
2250,7740
516,7741
3808,7741
129,7742
1450,7744
243,7748
5667,7748
2170,7749
2970,7749
1842,7750
414,7751
106,7752
2360,7752
7018,7755
3087,7756
3233,7756
3669,7756
4619,7756
6189,7756
937,7758
282,7759
106,7760
61,7761
6534,7764
481,7765
3935,7765
3518,7766
4473,7766
6549,7768
1355,7769
1614,7769
332,7770
1128,7771
4638,7773
4764,7775
7719,7775
3684,7776
7435,7777
315,7782
866,7782
5823,7782
1313,7783
6465,7784
28,7785
76,7786
629,7787
2184,7789
5453,7789
943,7791
81,7792
384,7794
0,7795
61,7796
1302,7796
1381,7796
657,7797
2603,7797
58,7798
63,7798
211,7798
3318,7798
6518,7799
5589,7800
3091,7801
3172,7801
3205,7802
1584,7804
14,7805
1014,7806
1385,7806
3861,7806
6544,7806
344,7807
327,7808
337,7809
28,7810
149,7811
4083,7813
3436,7816
6415,7817
6288,7819
15,7821
2002,7821
522,7824
377,7826
7656,7827
4083,7829
3241,7831
5757,7833
2196,7834
4584,7834
489,7835
5834,7838
572,7839
3035,7839
770,7840
4325,7844
691,7851
5238,7852
6959,7852
3112,7855
2888,7856
1313,7859
3134,7860
4585,7866
354,7868
1010,7868
3488,7868
183,7869
1683,7869
240,7870
4010,7870
422,7872
2289,7872
455,7873
1698,7873
749,7875
5591,7875
6093,7876
15,7877
968,7879
201,7880
1913,7880
548,7881
4508,7881
200,7883
2248,7883
32,7884
6829,7884
898,7885
3110,7885
5765,7885
7527,7888
1071,7889
2315,7889
5514,7891
1413,7895
4647,7897
1221,7898
778,7899
106,7900
397,7906
4180,7908
4514,7908
4685,7909
6653,7909
7522,7909
7639,7910
2248,7911
451,7912
2542,7912
4024,7912
725,7913
971,7913
1157,7914
5565,7915
2437,7916
4483,7918
6407,7918
34,7919
1761,7919
1870,7920
7582,7921
31,7925
1425,7928
2046,7928
413,7931
3926,7931
4993,7931
5657,7932
2,7933
826,7933
2542,7934
0,7935
4702,7935
584,7936
3822,7938
72,7939
442,7939
6261,7939
7756,7939
545,7941
6261,7942
4223,7944
4148,7947
4822,7947
6439,7947
55,7949
334,7949
1141,7950
15,7952
2511,7954
499,7955
6519,7956
927,7957
190,7958
646,7958
4240,7960
183,7961
69,7962
1741,7962
1866,7962
6386,7962
3062,7963
371,7964
1148,7964
7391,7964
2189,7965
1044,7966
3667,7966
300,7967
3036,7968
4387,7968
190,7969
403,7970
1925,7970
57,7971
95,7972
1922,7972
1,7973
3686,7974
332,7975
6543,7977
1236,7978
4113,7978
3455,7980
74,7983
347,7983
4289,7984
2197,7986
6167,7988
4298,7990
15,7993
310,7993
167,7994
267,7994
785,7996
5607,7996
835,7998
1454,7999
216,8002
43,8003
812,8003
0,8004
7325,8004
2,8005
98,8005
1393,8005
434,8006
1470,8006
4766,8008
63,8010
2191,8010
347,8012
1313,8012
2871,8012
6294,8012
7211,8012
3848,8014
4114,8015
7419,8015
5978,8016
748,8018
157,8020
1085,8020
2551,8020
6789,8021
655,8022
4304,8022
1901,8023
22,8025
7377,8025
7908,8026
356,8027
3348,8027
3158,8029
2136,8030
7298,8031
0,8033
7041,8035
3522,8036
947,8040
196,8041
6097,8041
7109,8041
1717,8042
11,8043
1060,8044
2488,8044
72,8045
2405,8045
144,8047
1116,8048
6224,8051
7336,8051
453,8052
4877,8055
2073,8057
2962,8057
6661,8058
1223,8059
4547,8059
2913,8060
4398,8060
5004,8060
3,8061
491,8064
1545,8064
3337,8064
180,8065
764,8065
1265,8065
2032,8065
2961,8067
1278,8070
1408,8070
4758,8070
3430,8071
35,8073
4186,8073
1683,8074
31,8076
240,8077
1141,8079
766,8081
4555,8081
6095,8081
3439,8082
3492,8084
4502,8084
6043,8085
381,8086
4169,8087
1108,8088
5065,8088
0,8089
2711,8090
31,8091
2266,8091
6392,8093
5830,8094
2968,8095
785,8096
5211,8097
1313,8099
6477,8099
2280,8106
124,8107
2397,8110
2592,8110
4370,8110
4902,8114
6196,8114
182,8115
1468,8118
43,8119
142,8119
1698,8121
4518,8121
5823,8121
4307,8122
4776,8122
570,8123
2431,8123
3022,8124
5042,8124
3699,8125
0,8126
5074,8126
2839,8127
6849,8131
277,8133
5103,8135
6111,8137
1655,8139
5059,8139
3831,8140
3854,8140
72,8142
725,8143
4168,8143
366,8144
6775,8144
511,8146
4078,8149
4689,8149
1470,8150
7876,8152
359,8153
4514,8153
15,8154
406,8154
2009,8154
3645,8155
5913,8155
4326,8156
698,8157
819,8157
6316,8158
1690,8161
1313,8162
7222,8163
22,8164
4462,8166
3636,8168
1348,8170
3325,8170
4990,8170
5654,8170
1689,8171
3711,8171
377,8173
1566,8174
6910,8176
4340,8177
69,8178
332,8179
3085,8179
6936,8179
356,8180
2915,8182
6007,8184
260,8185
6154,8185
5620,8187
4549,8189
45,8190
180,8190
527,8191
1103,8192
5653,8192
3848,8193
107,8195
3366,8195
713,8196
774,8196
3659,8196
3693,8198
86,8199
485,8199
2006,8199
4994,8199
2006,8202
5317,8202
1963,8204
2763,8204
3000,8204
624,8205
1887,8205
8157,8205
433,8207
92,8209
144,8210
947,8212
2945,8212
2476,8214
165,8215
133,8216
776,8220
1545,8221
2389,8221
738,8222
662,8223
161,8224
205,8226
1392,8228
1568,8229
4021,8229
1637,8231
5415,8231
1764,8232
3841,8232
6866,8233
5823,8234
1,8236
511,8238
30,8239
5712,8240
7582,8240
5378,8242
6095,8242
378,8246
1158,8246
6121,8247
358,8250
1303,8250
5778,8250
4683,8251
642,8255
7679,8256
502,8259
2242,8259
6950,8261
7545,8261
604,8262
5521,8264
149,8266
6779,8268
4483,8269
5479,8269
8228,8269
3188,8271
2361,8275
3082,8275
1574,8276
3908,8276
124,8277
3655,8278
2985,8279
4744,8279
3986,8280
67,8281
1248,8281
1302,8281
4549,8282
6612,8282
3104,8283
6009,8283
8012,8283
8195,8283
3911,8285
776,8286
7963,8286
52,8288
143,8290
1842,8291
2558,8292
6445,8292
516,8293
1151,8293
1381,8293
3062,8294
6477,8294
4169,8295
72,8298
8177,8298
2,8301
0,8302
15,8304
259,8304
2230,8304
5954,8306
378,8308
414,8308
3790,8309
8059,8310
737,8311
1074,8311
92,8315
1313,8315
604,8316
886,8318
2194,8318
1498,8321
2927,8321
4822,8321
868,8324
8016,8324
2565,8326
5751,8326
8086,8326
937,8328
35,8329
1103,8329
15,8331
433,8337
2,8338
2144,8338
89,8341
486,8341
5034,8341
2226,8342
3328,8342
4931,8343
1059,8344
4549,8344
721,8345
3769,8345
737,8346
6294,8346
480,8347
583,8347
76,8348
964,8348
1324,8349
2592,8350
7260,8351
4010,8353
143,8354
2729,8354
10,8356
47,8356
4473,8356
636,8357
3244,8357
8152,8357
1144,8358
143,8359
1596,8361
4483,8361
1207,8362
1459,8362
564,8363
3822,8363
2967,8364
2084,8365
4209,8365
2978,8366
1724,8367
5144,8368
7102,8370
6853,8371
4,8372
3372,8372
106,8373
3659,8373
206,8375
7566,8375
133,8376
7211,8376
7490,8376
1401,8378
1612,8379
6338,8381
4114,8384
1248,8386
4276,8386
932,8387
2002,8388
6330,8388
5823,8391
5064,8393
2226,8394
4050,8394
6261,8394
2,8396
4125,8396
2609,8397
277,8398
8255,8398
6261,8399
3652,8400
3697,8400
7320,8400
1327,8401
1362,8404
93,8405
4485,8409
3091,8410
71,8411
259,8411
2625,8411
3774,8411
5443,8411
168,8415
969,8415
4622,8415
2100,8417
1417,8418
5748,8418
179,8419
1248,8421
2594,8421
4278,8422
779,8423
7564,8423
4759,8424
4967,8428
657,8430
5368,8432
3919,8434
7322,8434
85,8435
1689,8436
1074,8438
2345,8438
851,8439
2549,8439
2819,8440
72,8441
3073,8443
670,8444
3050,8444
3185,8445
674,8446
974,8446
2192,8446
2085,8449
306,8450
5354,8450
7566,8450
2478,8452
2500,8452
337,8454
1385,8454
36,8455
3357,8455
57,8456
2592,8457
869,8458
923,8458
4456,8458
8331,8458
356,8460
3488,8461
4387,8461
776,8462
1369,8463
485,8465
3087,8465
8444,8465
4151,8467
4834,8467
5357,8469
5465,8469
57,8471
194,8472
397,8473
254,8474
496,8474
1962,8475
4894,8475
6495,8475
279,8477
7758,8477
3283,8479
1010,8480
4714,8480
7899,8480
5378,8481
5662,8481
6665,8481
1029,8483
4855,8485
516,8486
5880,8486
3474,8488
8474,8489
1231,8490
6999,8490
624,8491
6316,8491
3591,8492
5922,8492
748,8495
937,8495
1207,8495
6354,8495
7125,8496
522,8497
1735,8497
5511,8498
6870,8499
6764,8500
2,8501
7257,8501
35,8502
996,8502
3026,8502
279,8505
584,8506
8375,8506
4717,8509
3170,8510
1265,8511
1842,8515
3596,8515
3467,8516
3730,8517
4010,8519
7048,8519
1904,8523
1700,8524
4550,8524
180,8526
183,8526
72,8528
8118,8529
2228,8530
6538,8530
34,8531
1007,8531
2901,8531
3180,8533
6439,8534
970,8535
3900,8535
6139,8535
3562,8537
5634,8537
1,8538
1240,8540
4719,8544
31,8546
3268,8548
2,8549
6546,8550
2114,8551
2303,8551
3001,8553
710,8554
1302,8556
5893,8557
2813,8558
136,8560
176,8560
1756,8560
6908,8561
35,8564
1187,8566
6884,8566
404,8568
4683,8568
6400,8568
866,8572
4876,8574
5412,8574
2970,8575
8537,8575
28,8576
1418,8576
300,8577
1,8578
7041,8578
29,8579
315,8580
3742,8581
682,8582
2,8583
5608,8583
5688,8583
7052,8583
4822,8585
5643,8585
7618,8586
168,8587
201,8588
180,8589
209,8589
442,8590
167,8593
1027,8595
2622,8596
3206,8598
5654,8598
2169,8600
3272,8600
31,8601
5370,8602
193,8603
8143,8603
791,8606
5479,8608
52,8609
737,8609
6312,8610
6877,8610
3533,8612
7661,8612
4730,8614
1831,8615
106,8616
7748,8616
29,8617
76,8618
1637,8618
180,8619
8480,8620
91,8621
2760,8622
6714,8623
0,8624
4125,8624
4580,8624
1362,8625
4934,8625
5297,8625
3812,8628
599,8629
3492,8629
927,8630
95,8631
414,8632
1039,8632
4378,8632
4708,8632
5779,8633
487,8634
8386,8634
3921,8638
1902,8639
2262,8639
1369,8640
2457,8640
6318,8640
180,8641
4693,8644
7127,8646
4382,8648
5285,8648
449,8649
3774,8653
4223,8653
3309,8656
1950,8657
2397,8657
7939,8658
0,8660
106,8661
6421,8661
6907,8663
1677,8666
1689,8666
3430,8666
3455,8666
2,8667
817,8667
5370,8667
8271,8667
3730,8669
4622,8669
0,8674
1525,8674
0,8675
138,8675
8342,8676
17,8678
690,8678
35,8685
193,8685
8575,8685
27,8686
0,8687
2281,8687
8176,8687
6363,8688
7146,8688
1959,8689
2959,8689
261,8692
4781,8692
5052,8692
2,8693
4072,8693
2517,8694
4286,8696
32,8697
2980,8697
4471,8698
34,8700
2002,8701
3372,8701
4608,8702
15,8703
4980,8704
3369,8705
6518,8705
177,8706
5282,8706
198,8707
1296,8708
402,8711
1482,8711
826,8712
0,8717
4960,8717
15,8718
0,8720
8247,8720
18,8721
245,8723
657,8724
7403,8725
569,8726
253,8727
7348,8727
810,8728
845,8732
106,8733
1369,8735
2594,8735
2020,8736
3344,8736
845,8737
2743,8737
6906,8737
63,8739
306,8740
736,8740
1373,8740
4414,8740
191,8742
2760,8743
8170,8743
124,8744
95,8745
1498,8747
1116,8748
8465,8748
1842,8749
4286,8749
854,8752
4641,8753
962,8754
69,8756
279,8756
3183,8756
5253,8757
7540,8757
2502,8758
138,8760
511,8760
5704,8761
4010,8766
208,8767
2959,8767
6579,8768
377,8769
6489,8770
7673,8770
693,8771
3574,8771
181,8772
7081,8775
198,8776
583,8777
1265,8777
4993,8777
8537,8780
6466,8781
6874,8781
1425,8782
1008,8783
1637,8786
3107,8786
4649,8787
8497,8787
511,8788
866,8788
1470,8788
8233,8790
558,8791
10,8792
609,8792
2285,8795
106,8796
7541,8796
3803,8798
8398,8798
3281,8800
2,8803
531,8803
2182,8803
2424,8803
222,8804
2803,8804
2779,8805
3453,8805
1428,8806
7939,8807
7687,8808
4980,8810
5368,8810
1277,8811
2265,8811
110,8812
6937,8812
4040,8813
7415,8813
3605,8817
6302,8817
7344,8819
4138,8820
5424,8820
2870,8821
2912,8821
5790,8821
2369,8822
76,8823
6248,8823
35,8824
7615,8825
6266,8826
8371,8827
2723,8830
4089,8831
5282,8831
1240,8832
6976,8832
499,8833
76,8836
35,8840
106,8840
1008,8841
5890,8842
511,8843
4597,8844
5543,8844
6938,8844
1555,8845
1902,8845
323,8847
625,8847
7622,8847
1198,8849
2422,8849
2427,8849
1403,8851
4755,8852
4992,8853
1658,8854
7783,8854
0,8855
3591,8855
5913,8856
3255,8857
5017,8858
791,8860
3697,8860
4586,8860
8810,8860
1600,8861
2972,8862
8081,8862
1251,8866
2601,8867
2016,8868
3876,8869
778,8872
5632,8872
2835,8873
2881,8873
3607,8873
3366,8875
486,8876
2259,8879
7215,8881
269,8883
2478,8884
996,8885
7733,8885
4718,8886
2063,8887
6036,8888
4894,8889
7248,8892
402,8894
2629,8894
8005,8895
403,8897
7535,8897
8450,8897
270,8898
1067,8898
2303,8899
4813,8899
1922,8900
22,8901
1141,8903
91,8905
3656,8906
7910,8907
323,8908
1059,8908
2094,8909
3893,8909
190,8910
6300,8910
168,8911
2857,8912
6881,8912
1090,8913
59,8914
1420,8915
2136,8915
2361,8915
2528,8915
5279,8915
2,8916
2343,8916
3151,8916
1291,8917
8220,8918
8348,8918
8666,8918
475,8919
4350,8920
161,8924
5205,8925
0,8926
4,8926
5630,8926
76,8927
629,8927
2197,8927
3711,8927
776,8928
1007,8928
31,8933
7626,8933
8179,8933
1392,8934
8550,8934
8795,8934
1426,8935
2114,8935
866,8936
4678,8937
8398,8939
4229,8940
4232,8940
6011,8940
52,8941
397,8941
434,8941
1922,8942
1198,8946
3507,8946
7466,8946
6166,8947
217,8950
2048,8950
4960,8951
5720,8951
889,8953
2015,8953
2193,8954
2154,8955
136,8956
95,8958
4471,8959
3454,8961
7456,8961
8137,8961
2080,8962
7220,8962
8421,8962
5739,8963
572,8964
4823,8964
770,8965
2114,8969
4,8970
663,8974
3106,8974
5026,8975
306,8977
6251,8977
5145,8980
2016,8981
29,8983
3607,8984
5055,8985
2241,8989
6578,8992
738,8994
1596,8994
7113,8994
7742,8994
1875,8996
3369,8997
1974,8998
10,9000
6385,9000
7063,9002
455,9003
8170,9003
211,9004
3376,9005
1650,9006
6622,9007
3812,9008
5606,9010
1362,9011
8486,9011
1507,9013
213,9016
725,9019
804,9019
2486,9019
28,9020
2250,9020
2741,9021
215,9022
389,9023
2197,9023
8435,9023
2248,9025
3670,9026
211,9027
191,9028
93,9029
190,9031
110,9032
7033,9032
4091,9033
1291,9035
4121,9035
3313,9036
7041,9037
1403,9038
4693,9038
7966,9039
403,9040
193,9042
582,9043
893,9043
269,9044
10,9045
812,9047
8025,9047
589,9050
9027,9050
6591,9054
14,9056
3627,9056
8161,9056
5193,9058
1148,9059
4982,9059
15,9061
312,9061
168,9064
684,9068
932,9071
1566,9071
1327,9073
9000,9074
362,9075
413,9075
3881,9075
76,9076
5170,9078
583,9079
2968,9079
1040,9080
4089,9080
136,9081
612,9081
962,9083
312,9085
122,9087
4971,9088
7658,9088
0,9089
448,9089
3038,9093
4460,9093
795,9095
5271,9095
2,9097
957,9097
2239,9098
279,9099
866,9099
2136,9099
34,9100
4072,9101
582,9102
3803,9102
2815,9104
7026,9104
2307,9105
4708,9105
5368,9105
846,9106
5292,9107
1,9108
433,9108
6494,9109
1546,9110
1911,9110
5753,9110
2691,9111
2574,9112
6160,9112
378,9118
582,9122
143,9123
1302,9123
2645,9124
247,9126
835,9126
909,9127
2303,9132
442,9133
6666,9134
1461,9136
5741,9136
996,9137
3973,9138
642,9141
6764,9141
5193,9142
625,9144
7715,9144
1421,9147
142,9148
334,9149
8294,9150
4248,9152
7963,9153
8868,9153
3627,9154
1594,9155
110,9156
6394,9156
5823,9157
7447,9157
1067,9158
273,9159
10,9160
564,9160
9076,9160
5238,9161
905,9162
1,9164
7358,9164
3238,9165
2711,9167
5357,9167
10,9168
810,9168
14,9170
5608,9170
5430,9171
3138,9172
3656,9172
906,9173
7405,9176
3912,9178
8914,9179
492,9180
3534,9180
3591,9181
3196,9182
4915,9183
29,9185
1991,9185
107,9187
780,9187
4063,9188
8897,9188
1204,9189
2657,9189
414,9190
1296,9191
2216,9192
4449,9192
766,9193
7740,9194
1166,9197
55,9198
2711,9198
3795,9199
2230,9200
5923,9200
8126,9201
4897,9203
6690,9203
8398,9203
1704,9204
2096,9204
5505,9204
8736,9204
3131,9208
8107,9208
289,9212
253,9213
1406,9213
167,9214
190,9215
7138,9216
7248,9216
7645,9216
5729,9217
5907,9218
6340,9218
165,9219
304,9220
1556,9220
226,9221
4913,9221
1284,9223
353,9224
604,9225
1039,9225
3106,9227
298,9228
3591,9228
487,9229
736,9230
3817,9232
3214,9234
568,9235
1081,9235
6766,9236
247,9237
6318,9238
6917,9238
0,9239
772,9239
1505,9239
830,9240
1887,9240
238,9241
2154,9241
4164,9241
7377,9241
29,9242
2668,9242
3462,9242
7356,9246
589,9247
1468,9250
6820,9252
35,9253
3038,9253
7197,9253
110,9254
1979,9254
110,9255
2360,9255
3565,9257
1791,9258
144,9259
6584,9260
2771,9261
6407,9263
6417,9265
4154,9266
2357,9269
2518,9269
7912,9271
1273,9272
2172,9272
0,9274
1060,9274
8012,9274
3240,9275
6579,9277
802,9280
0,9281
2763,9281
3681,9281
6101,9281
8341,9285
11,9288
1174,9294
409,9295
1455,9295
2235,9295
1101,9298
4544,9299
8185,9299
8629,9299
8096,9300
11,9301
3822,9301
80,9302
8450,9303
8153,9305
321,9306
2500,9307
937,9311
26,9313
1640,9313
3900,9313
589,9314
124,9315
34,9316
32,9317
775,9317
4394,9317
1468,9318
1735,9319
5863,9319
1597,9321
6207,9324
7239,9324
505,9325
1598,9327
8495,9328
2,9332
1725,9332
4272,9333
93,9334
222,9335
992,9335
1039,9337
8688,9337
852,9338
2357,9338
474,9340
7286,9340
2,9341
2218,9341
9200,9341
6004,9342
402,9345
1730,9349
1486,9350
5790,9351
1791,9352
5149,9352
1008,9355
5914,9356
193,9357
7709,9357
1992,9358
6124,9358
356,9360
3529,9360
43,9362
5270,9363
690,9364
937,9364
9241,9364
733,9365
8220,9367
2243,9371
5147,9371
5139,9374
6790,9375
8701,9376
183,9377
4063,9378
5941,9378
3313,9379
8795,9380
222,9381
179,9382
1695,9382
1756,9383
1578,9384
552,9385
9241,9386
1059,9388
3183,9390
375,9393
0,9394
480,9397
4024,9398
2867,9399
4513,9400
3574,9401
1870,9402
2597,9402
10,9404
1059,9404
1597,9404
967,9407
3189,9407
6816,9409
5184,9411
5779,9411
2,9413
8477,9414
826,9418
3099,9419
2363,9420
8663,9420
796,9421
875,9422
1461,9422
2876,9422
182,9423
5239,9423
14,9426
316,9427
3087,9431
4713,9434
2317,9435
8428,9437
15,9439
76,9439
1138,9439
6309,9440
9156,9441
35,9445
5950,9446
168,9447
300,9447
1368,9447
2485,9447
6134,9447
1415,9448
2912,9448
2955,9448
923,9450
7529,9450
9038,9453
2026,9458
7120,9458
992,9460
9050,9460
7644,9461
852,9464
6040,9465
6760,9465
878,9467
4621,9467
4240,9468
5211,9469
349,9470
7373,9470
8687,9471
168,9473
190,9474
1505,9474
1510,9474
8907,9476
724,9477
7081,9477
143,9478
14,9479
2230,9480
6958,9480
6783,9482
187,9483
238,9485
4341,9485
369,9487
14,9489
266,9489
6619,9490
4993,9492
7735,9492
24,9493
1888,9495
5106,9495
422,9496
487,9496
7007,9497
4634,9498
1279,9499
3480,9499
1905,9502
6036,9502
8628,9502
8824,9502
2663,9503
7246,9504
91,9505
337,9505
1083,9505
5157,9505
757,9506
2345,9507
2,9510
927,9511
9413,9511
31,9512
445,9514
4597,9516
3196,9517
5238,9519
7047,9519
7838,9519
2,9520
1160,9520
1966,9520
5413,9520
387,9523
7295,9523
874,9524
4809,9524
8634,9524
2592,9525
122,9529
523,9530
8483,9531
2993,9533
99,9536
149,9536
6854,9536
1335,9537
7041,9537
1096,9538
782,9539
1,9540
3300,9540
8329,9541
2876,9542
564,9544
1415,9546
183,9547
6004,9547
481,9549
180,9551
2284,9551
3352,9552
7498,9552
860,9554
3079,9554
1951,9556
4382,9556
389,9558
889,9558
6189,9559
69,9560
446,9560
5038,9560
4010,9561
8150,9562
6402,9564
4518,9565
9189,9565
134,9567
298,9568
7319,9570
72,9571
1574,9572
2295,9572
378,9573
2670,9574
6910,9576
8603,9576
2586,9577
1090,9578
4607,9580
2280,9581
2619,9581
2603,9582
7817,9584
7784,9586
35,9588
662,9589
2140,9589
28,9590
3379,9590
173,9591
3583,9591
9059,9592
757,9595
1,9596
65,9596
3313,9598
8889,9598
8524,9602
304,9606
2619,9606
3812,9606
2729,9607
2114,9608
2467,9608
682,9609
10,9612
122,9612
5785,9612
6417,9612
657,9613
1936,9613
2518,9613
2743,9614
1831,9615
1001,9616
3238,9618
811,9621
3117,9621
6039,9622
72,9623
1059,9624
2757,9624
3295,9624
8318,9624
0,9625
8873,9625
95,9626
766,9626
9382,9627
6317,9629
4104,9630
1214,9631
5178,9631
7471,9631
8920,9632
1039,9633
3608,9633
8321,9634
9380,9634
8205,9636
59,9637
1392,9638
8393,9638
384,9639
8727,9642
620,9643
795,9643
955,9644
8341,9644
8685,9644
35,9645
15,9646
1802,9649
0,9652
9080,9653
9088,9653
8444,9655
72,9656
1310,9656
798,9657
4131,9657
5296,9657
1128,9658
1116,9660
7605,9661
15,9662
1079,9662
4,9664
2016,9664
143,9665
4897,9665
8701,9665
1369,9666
446,9669
1597,9669
4815,9671
7183,9671
9242,9671
8143,9673
8568,9674
1059,9675
4700,9676
6882,9676
138,9677
3812,9677
7928,9678
9224,9679
2840,9681
1440,9682
8085,9682
2026,9684
657,9686
4298,9686
5434,9686
0,9687
1,9687
1302,9687
2881,9687
6189,9687
2269,9689
1654,9692
1754,9693
3430,9695
4424,9696
4298,9698
4838,9698
5302,9699
191,9700
5635,9700
7535,9700
7824,9700
2140,9702
5103,9702
2653,9703
9560,9703
9636,9703
4819,9704
6579,9704
358,9706
878,9707
7298,9707
3525,9708
1875,9709
7362,9709
1903,9714
2968,9715
1872,9716
2490,9716
5067,9716
785,9719
7212,9720
1173,9721
5023,9722
1303,9723
312,9724
3085,9724
1365,9725
4892,9726
1552,9729
312,9730
8739,9730
4548,9731
2861,9732
3914,9733
3962,9734
9003,9735
4598,9738
4326,9739
7965,9739
7456,9740
791,9741
4114,9741
2431,9742
750,9744
8965,9745
3480,9746
756,9747
3351,9747
742,9748
2701,9748
7909,9748
2401,9750
4065,9750
81,9753
6034,9753
1,9754
563,9759
525,9762
7400,9762
0,9766
2169,9766
3659,9767
4734,9768
9171,9768
7183,9770
179,9772
31,9773
76,9773
3085,9773
1689,9774
4052,9774
2476,9777
5823,9777
7201,9777
455,9778
3841,9779
6185,9781
3707,9782
6752,9782
179,9783
2852,9785
7268,9785
406,9786
267,9787
4240,9787
3429,9788
5526,9789
7268,9789
830,9790
5478,9791
6415,9792
6983,9793
2592,9794
712,9795
1206,9797
724,9798
7749,9798
830,9801
1042,9801
3512,9801
6119,9802
2100,9803
133,9804
1415,9804
1600,9804
1425,9806
2955,9806
7947,9806
5514,9807
4382,9808
34,9809
4574,9809
3705,9810
8073,9810
8540,9810
855,9812
878,9812
3880,9812
5067,9813
172,9815
6141,9817
4708,9818
397,9819
9355,9819
0,9822
3281,9822
6666,9822
487,9824
4114,9824
2721,9827
5191,9827
7681,9827
2416,9829
2998,9829
6788,9829
516,9832
95,9833
397,9833
4203,9833
9474,9833
9489,9835
414,9838
7207,9839
531,9840
2345,9840
2654,9840
7673,9841
6534,9843
8935,9843
4585,9844
4609,9844
7598,9845
2936,9846
8526,9847
3926,9848
5033,9848
7740,9850
538,9851
1071,9852
136,9856
2258,9858
1786,9860
6128,9860
1128,9862
8915,9862
4491,9866
6386,9866
9787,9867
6541,9868
5954,9871
4131,9873
8250,9875
3272,9876
245,9877
4783,9877
712,9879
7203,9879
516,9880
2394,9880
3826,9880
85,9881
2527,9881
785,9882
1802,9882
2154,9883
2720,9883
7471,9884
9448,9884
313,9885
1545,9886
3105,9886
6012,9886
8803,9886
955,9887
2016,9887
8010,9887
35,9889
0,9890
3137,9890
4780,9890
5214,9891
499,9892
2114,9892
18,9893
906,9894
2182,9896
2884,9896
5825,9898
8126,9899
2985,9900
138,9901
691,9901
3172,9903
51,9905
3851,9905
3827,9908
5166,9908
2967,9909
3201,9909
6816,9909
9324,9910
3272,9911
6851,9912
5836,9915
704,9916
5787,9916
5880,9916
3747,9917
3872,9919
190,9920
5753,9920
698,9921
279,9922
8131,9922
95,9925
3025,9925
8959,9925
7317,9926
8085,9928
190,9929
1003,9930
2604,9931
9382,9931
2197,9932
0,9935
635,9935
4394,9935
0,9936
1810,9940
30,9941
6129,9941
6011,9943
259,9945
2621,9945
971,9946
1438,9948
8168,9949
7697,9950
9085,9950
2,9951
5668,9951
9383,9951
8085,9952
76,9953
992,9953
4331,9954
5421,9954
8454,9954
6807,9955
7320,9955
6139,9958
190,9959
8480,9959
6525,9960
2486,9962
487,9964
5872,9964
86,9965
182,9965
9204,9965
82,9966
496,9966
1294,9966
22,9967
31,9967
6680,9969
433,9970
6766,9970
58,9973
3525,9973
2170,9976
8495,9980
1279,9981
6783,9982
8242,9982
4278,9983
6266,9983
8479,9984
487,9987
2026,9988
15,9989
3571,9990
9832,9991
334,9994
226,9996
