0,1
0,2
0,3
0,4
4,6
1,7
4,8
0,10
4,11
6,11
0,17
1,17
0,18
4,18
0,19
0,21
4,21
11,21
0,24
4,25
4,28
8,28
0,30
4,30
0,32
24,34
0,36
28,36
4,37
3,38
17,38
36,38
0,39
4,41
8,41
4,44
21,44
17,45
1,47
4,48
38,48
32,49
24,51
34,52
0,54
24,54
0,55
48,55
4,56
38,57
1,61
52,61
1,65
0,66
55,67
0,68
28,69
0,71
36,71
36,72
0,75
0,77
38,77
1,79
28,80
7,81
57,83
1,84
18,85
4,86
6,86
4,88
17,88
71,93
88,93
68,96
25,99
25,100
4,102
7,106
21,107
86,107
4,109
17,109
71,109
93,110
0,111
72,112
0,113
28,113
96,113
18,116
55,118
19,119
0,120
48,120
54,120
120,121
28,122
4,123
21,124
24,124
68,125
28,126
122,127
34,128
55,128
4,131
109,133
119,133
6,136
120,136
93,137
55,139
28,140
0,141
2,141
0,143
4,143
4,145
21,146
38,148
48,148
109,148
11,151
109,151
0,152
47,152
122,152
6,153
54,153
11,154
32,154
28,157
38,158
32,160
0,161
28,162
6,165
28,166
113,168
123,168
0,169
32,169
38,169
47,169
0,170
4,170
120,170
28,171
109,171
148,174
109,177
11,179
123,179
0,180
99,180
1,181
111,181
1,182
21,182
171,182
0,183
80,184
32,186
0,187
11,190
18,190
41,191
128,192
69,194
41,195
71,195
153,195
17,197
4,198
34,198
69,198
4,199
67,201
1,202
99,202
4,203
28,203
93,205
69,206
68,207
71,207
153,208
109,209
0,210
61,210
17,212
21,212
66,212
109,214
162,214
119,216
162,217
38,218
4,219
113,219
0,220
126,220
113,221
11,225
38,226
0,227
4,230
86,231
24,232
231,232
6,234
34,234
4,236
8,236
28,236
106,237
111,237
197,237
61,238
122,238
21,239
0,240
0,242
34,242
67,243
17,244
11,247
32,247
152,247
56,251
68,251
28,252
44,252
99,254
4,255
148,256
230,256
4,257
61,258
67,258
86,258
238,259
6,261
148,262
61,263
28,264
38,265
257,265
102,266
28,267
123,267
247,267
0,268
4,268
162,268
236,269
34,273
28,274
136,274
171,276
252,276
86,277
109,277
66,281
243,281
41,283
220,284
177,286
274,286
0,288
21,288
25,289
11,290
28,291
86,291
0,293
21,293
113,293
221,294
0,295
69,296
110,296
55,298
84,298
236,299
283,299
55,301
194,303
21,304
28,304
136,305
157,305
195,306
32,307
72,307
181,308
183,309
265,311
18,312
21,312
38,313
194,315
304,315
4,316
195,316
304,316
41,318
17,319
298,320
148,324
25,325
153,325
220,325
195,327
140,328
143,329
136,331
69,333
170,334
4,335
319,335
266,337
168,338
1,340
11,340
6,341
4,342
283,342
220,345
28,346
6,347
61,349
220,350
4,351
69,351
168,351
183,351
0,352
69,354
122,354
293,355
44,356
195,357
277,360
7,361
1,362
153,362
69,363
312,363
47,365
195,368
113,369
242,371
171,372
24,374
197,375
84,376
1,378
123,378
171,380
28,381
153,381
137,382
28,383
148,384
4,386
11,386
154,387
171,387
49,389
28,390
242,390
32,391
145,392
318,393
376,394
110,395
28,396
4,397
329,398
171,399
284,399
11,400
198,400
25,401
0,402
4,402
17,402
28,402
107,404
0,405
11,405
168,406
305,406
294,409
55,411
119,411
265,411
0,412
4,412
316,412
41,413
202,413
122,415
61,416
69,416
182,418
299,423
182,424
21,425
113,427
6,430
38,431
202,431
216,433
395,433
68,434
265,437
17,438
3,439
28,439
153,440
354,441
162,444
21,445
281,446
28,449
361,449
400,449
267,450
0,452
191,453
294,454
220,458
265,460
405,461
71,462
162,462
17,463
277,463
450,464
28,465
109,465
434,465
28,466
151,466
7,467
39,468
86,468
206,468
277,468
1,470
38,472
324,476
21,477
251,478
44,479
341,479
122,480
56,481
171,484
28,485
67,485
152,485
113,486
71,487
294,487
41,488
206,488
468,490
151,491
268,492
122,494
1,497
240,498
6,499
124,499
202,499
274,499
25,502
293,503
21,506
329,506
478,506
28,507
299,508
32,509
465,509
25,511
113,513
79,514
56,515
294,515
265,516
325,516
36,518
269,521
71,522
0,524
190,526
28,527
32,528
378,528
390,528
47,530
120,530
312,531
24,532
153,533
38,534
458,534
265,535
381,535
534,537
171,538
111,542
140,542
232,544
0,546
4,547
25,548
72,548
220,548
47,553
0,555
77,555
6,556
1,558
47,558
28,559
119,561
120,561
449,561
148,563
4,564
148,564
11,566
151,566
446,567
25,568
72,568
136,568
4,569
24,570
49,571
116,571
371,572
268,577
0,578
52,578
56,578
52,580
294,580
274,581
28,584
368,584
542,586
7,589
11,589
492,591
433,595
254,596
402,596
113,598
220,598
1,599
47,599
25,602
298,605
438,606
61,607
24,608
162,608
294,609
513,609
171,610
0,611
546,611
11,612
467,613
28,614
307,614
363,614
38,616
390,616
198,617
158,618
243,619
0,621
120,621
0,622
578,622
306,623
434,623
371,624
237,626
341,628
431,628
465,628
581,630
395,631
622,631
75,632
183,632
234,632
69,634
534,634
247,635
634,635
21,639
632,640
0,641
220,641
571,641
298,642
555,642
93,644
44,645
67,645
113,647
466,647
628,648
126,649
240,649
88,650
642,654
116,655
325,655
67,656
308,656
171,657
44,658
77,658
254,658
561,659
151,660
24,661
36,661
169,661
578,661
1,662
203,663
190,665
267,667
21,668
24,668
203,668
468,670
661,671
4,672
4,675
8,676
635,677
151,678
220,678
623,679
44,681
618,681
0,684
199,686
36,687
526,687
190,689
55,691
122,695
171,695
182,695
334,696
153,698
3,699
28,699
11,701
378,701
478,701
3,702
113,703
328,703
696,703
631,704
28,705
36,707
463,707
568,707
28,708
122,708
256,709
548,709
4,710
109,710
28,711
169,711
506,711
86,713
36,715
711,715
113,716
28,717
378,718
503,718
400,719
534,723
153,725
71,729
668,729
614,730
202,732
289,735
479,735
452,736
434,738
468,741
425,743
439,743
578,743
4,744
32,745
38,746
614,746
658,753
4,754
251,754
572,754
480,755
61,756
0,757
25,757
402,757
299,758
558,758
25,760
468,760
247,762
219,763
335,763
0,764
69,768
305,768
57,769
69,771
48,772
639,773
28,777
446,779
206,780
534,781
611,782
205,783
378,783
0,784
88,784
584,784
0,787
298,787
368,787
54,788
120,788
109,789
788,789
607,791
329,792
0,794
311,794
433,794
212,797
511,797
602,798
1,800
4,801
236,801
668,802
789,804
589,807
21,809
49,809
162,809
21,810
362,810
113,811
202,812
362,812
1,813
780,815
450,817
801,817
535,818
8,820
756,820
151,821
812,822
409,823
696,824
38,826
621,829
281,835
0,836
542,836
111,838
363,839
413,839
28,840
21,841
639,841
151,843
194,843
44,844
548,844
648,844
434,845
376,846
191,848
198,848
486,851
760,852
148,853
630,853
315,855
268,856
195,859
829,859
21,860
609,861
37,864
120,864
499,864
757,864
28,865
368,865
617,865
794,868
28,870
93,870
303,873
0,874
169,874
212,874
648,874
24,877
30,878
391,878
416,879
531,879
0,880
4,880
28,880
54,882
299,882
158,883
177,883
28,884
438,884
368,885
267,886
809,888
1,889
32,889
467,889
11,891
158,891
572,891
548,892
315,893
645,896
340,897
0,898
476,898
0,901
190,901
182,903
269,903
28,905
717,905
874,907
183,908
0,910
449,910
0,912
0,913
45,913
376,913
72,914
820,915
157,916
298,918
329,918
1,920
234,920
548,920
578,920
55,924
466,924
595,925
52,926
100,927
123,927
610,930
703,930
1,932
86,932
671,932
431,934
449,935
542,935
52,936
716,937
41,938
55,938
242,938
791,939
1,941
180,941
467,941
880,943
237,944
6,945
171,945
182,945
305,945
25,946
88,946
450,946
110,947
402,948
907,948
416,949
809,949
316,950
288,951
409,951
431,952
0,954
169,954
402,955
927,957
299,958
542,958
891,958
334,961
113,962
120,962
415,965
743,966
4,967
230,972
434,973
446,974
183,978
888,978
67,980
171,980
277,980
0,981
425,981
792,983
490,984
4,986
299,986
4,987
122,987
400,989
564,989
716,990
86,993
305,993
878,993
194,995
267,996
703,997
809,998
987,999
528,1000
532,1001
69,1002
946,1002
0,1009
409,1010
4,1012
71,1012
265,1013
405,1013
24,1014
41,1014
148,1015
783,1015
11,1016
400,1016
325,1020
438,1020
11,1021
293,1021
513,1021
69,1022
589,1022
86,1023
177,1023
558,1023
431,1025
984,1026
578,1027
277,1028
67,1031
0,1033
789,1034
984,1035
4,1036
34,1036
71,1037
617,1039
628,1039
810,1039
88,1040
171,1040
17,1041
641,1041
772,1042
28,1043
568,1043
800,1045
68,1046
71,1046
856,1046
69,1047
293,1047
563,1047
119,1048
1002,1048
162,1050
55,1051
578,1051
350,1052
645,1052
113,1053
1039,1054
55,1055
203,1055
171,1058
617,1058
28,1060
1012,1060
548,1061
813,1061
998,1061
21,1062
361,1065
809,1066
151,1067
466,1068
614,1069
648,1069
162,1070
38,1071
453,1071
0,1073
362,1073
581,1075
654,1075
4,1077
21,1079
913,1079
711,1080
0,1081
258,1082
265,1082
462,1084
220,1088
910,1088
4,1090
113,1090
1082,1090
1015,1091
140,1092
566,1092
106,1095
84,1096
914,1096
935,1096
596,1097
788,1097
36,1101
667,1102
68,1103
52,1111
24,1112
113,1112
38,1113
316,1115
113,1116
402,1117
528,1117
822,1117
431,1119
169,1120
874,1120
564,1121
634,1121
433,1122
136,1124
558,1124
202,1125
329,1125
362,1125
1090,1127
286,1131
534,1131
212,1132
237,1133
288,1134
717,1135
28,1136
25,1137
864,1137
1014,1137
168,1138
182,1138
109,1140
434,1140
401,1141
821,1141
195,1142
288,1142
886,1143
622,1144
754,1144
0,1146
168,1146
294,1148
25,1149
153,1149
86,1150
755,1150
868,1151
299,1152
113,1153
113,1154
107,1155
528,1156
148,1157
0,1159
294,1159
210,1160
375,1160
506,1160
11,1161
25,1162
499,1162
1036,1164
409,1165
1092,1165
1121,1166
195,1167
0,1168
44,1168
294,1168
1048,1168
668,1169
789,1169
315,1171
879,1171
71,1172
713,1172
865,1172
486,1173
1141,1174
194,1179
564,1180
289,1181
109,1183
277,1184
571,1185
4,1188
55,1188
71,1188
325,1189
355,1189
433,1190
665,1191
329,1192
989,1192
107,1193
0,1196
113,1198
880,1199
106,1201
38,1202
0,1208
28,1208
596,1211
804,1211
0,1212
846,1213
1060,1213
804,1215
153,1218
466,1218
617,1218
55,1219
661,1221
801,1222
157,1227
1012,1228
286,1230
719,1230
901,1230
622,1232
182,1233
268,1234
68,1235
325,1235
56,1236
66,1236
219,1237
1232,1237
0,1238
822,1239
109,1240
544,1240
1013,1241
1235,1241
77,1242
589,1242
905,1242
467,1246
157,1248
1058,1249
8,1250
346,1250
220,1252
230,1253
267,1254
441,1254
256,1255
307,1257
0,1258
449,1259
191,1260
1115,1260
1241,1261
0,1262
687,1262
77,1263
462,1263
88,1264
477,1264
28,1266
468,1266
152,1268
954,1268
69,1269
195,1269
337,1269
86,1270
265,1273
409,1275
822,1275
243,1276
1043,1277
548,1278
4,1283
199,1283
467,1283
555,1283
75,1284
25,1286
110,1286
162,1287
25,1288
1260,1289
36,1290
4,1292
4,1295
1039,1295
467,1296
346,1297
4,1299
153,1299
206,1299
477,1300
269,1301
936,1301
411,1302
1198,1302
1082,1303
88,1304
67,1306
729,1306
36,1307
879,1307
171,1308
932,1309
586,1310
45,1313
484,1313
77,1314
889,1316
304,1319
93,1321
296,1321
910,1321
329,1322
251,1323
561,1325
1,1326
411,1326
217,1327
123,1328
148,1329
199,1329
864,1330
329,1331
68,1332
201,1332
534,1332
191,1334
236,1334
490,1336
99,1337
368,1339
820,1342
7,1343
4,1344
28,1345
220,1345
1238,1346
701,1347
1131,1349
198,1351
44,1352
908,1352
990,1353
169,1355
804,1355
299,1357
230,1358
28,1359
325,1360
809,1360
877,1361
920,1363
194,1364
171,1367
191,1367
784,1368
148,1370
1124,1370
1235,1374
534,1375
649,1375
661,1375
368,1376
152,1377
468,1380
391,1381
433,1381
628,1381
1013,1382
38,1383
67,1384
289,1386
1043,1386
838,1387
162,1389
641,1389
1199,1389
6,1390
230,1390
354,1391
498,1391
468,1393
247,1394
258,1394
1039,1395
44,1396
839,1397
1386,1397
251,1398
466,1399
1148,1399
286,1400
946,1400
298,1402
939,1403
36,1405
4,1411
11,1412
717,1412
4,1413
205,1414
0,1415
154,1416
182,1416
4,1418
1071,1418
0,1420
8,1420
316,1420
0,1421
11,1421
71,1423
36,1424
807,1426
810,1426
1117,1427
288,1428
958,1429
304,1432
723,1432
4,1433
191,1434
1357,1437
80,1439
242,1441
268,1442
1120,1442
0,1443
438,1443
506,1444
219,1445
729,1445
145,1448
1262,1449
622,1450
32,1451
71,1452
449,1452
28,1453
177,1453
851,1453
1061,1455
395,1456
66,1457
47,1459
221,1459
634,1459
1264,1459
757,1462
57,1463
68,1463
702,1465
1397,1465
49,1466
184,1466
438,1466
1199,1466
28,1467
298,1470
258,1471
11,1474
555,1474
198,1477
171,1480
1375,1483
72,1484
274,1484
0,1485
628,1486
86,1488
88,1489
617,1489
136,1491
171,1491
148,1492
466,1493
221,1496
11,1497
1081,1499
1120,1499
965,1500
480,1501
32,1502
237,1502
701,1503
687,1504
86,1505
488,1505
535,1505
1050,1505
509,1506
71,1508
109,1508
36,1513
305,1513
528,1513
237,1514
595,1515
190,1518
535,1518
1180,1519
0,1522
561,1522
1127,1524
1249,1524
610,1525
45,1526
424,1527
622,1527
783,1527
28,1528
294,1529
668,1529
210,1530
413,1532
1183,1534
158,1536
191,1537
1384,1537
980,1538
99,1539
298,1539
695,1539
110,1540
0,1541
836,1541
1367,1541
4,1542
148,1542
990,1542
1181,1542
354,1543
109,1545
0,1546
345,1546
703,1546
1048,1546
631,1547
1529,1547
41,1548
198,1548
171,1549
395,1550
809,1550
24,1551
1370,1552
11,1555
230,1556
932,1556
37,1557
572,1557
4,1558
1230,1558
1547,1558
54,1559
0,1561
990,1561
4,1562
763,1562
884,1562
1002,1563
978,1565
1276,1565
870,1570
208,1571
303,1571
997,1571
1028,1571
113,1572
878,1572
335,1573
821,1573
18,1574
186,1576
1168,1577
1,1579
72,1579
113,1579
1188,1583
113,1584
798,1584
954,1586
311,1588
548,1588
93,1589
198,1589
1514,1589
387,1590
810,1591
932,1591
1500,1592
1505,1592
69,1594
1483,1594
1043,1595
21,1596
1584,1596
17,1597
151,1597
21,1598
38,1600
480,1600
889,1601
1137,1601
24,1603
468,1604
28,1606
325,1607
528,1608
891,1612
303,1614
1061,1614
1342,1615
641,1616
1034,1617
1058,1617
1588,1617
599,1618
641,1621
910,1624
25,1625
1368,1625
66,1628
548,1628
1513,1629
641,1631
169,1632
28,1635
622,1636
561,1638
4,1639
28,1639
68,1640
508,1640
1506,1641
578,1642
1113,1643
1276,1646
702,1647
1514,1647
754,1649
0,1653
11,1653
1069,1653
4,1654
548,1654
1518,1654
162,1655
1165,1655
151,1656
6,1657
885,1657
660,1658
865,1658
38,1659
221,1660
458,1660
1166,1660
54,1661
645,1661
822,1662
1043,1664
1500,1664
148,1665
1493,1665
120,1668
589,1668
334,1669
395,1670
171,1671
800,1671
236,1672
1066,1674
1166,1674
1519,1674
71,1675
844,1675
1489,1675
0,1676
391,1677
445,1677
24,1678
1071,1680
1342,1680
265,1681
452,1682
809,1682
1241,1682
0,1683
293,1683
294,1683
898,1683
119,1684
401,1684
584,1684
113,1686
699,1686
1127,1689
1048,1691
66,1692
234,1695
466,1695
938,1695
11,1698
75,1700
1168,1701
391,1703
534,1703
109,1704
1082,1704
38,1705
0,1706
28,1706
268,1708
298,1708
626,1708
273,1710
1050,1710
398,1711
153,1712
254,1712
1525,1714
1399,1715
1386,1718
668,1720
713,1720
265,1721
679,1721
1263,1721
1579,1721
153,1725
24,1726
306,1727
908,1727
124,1728
617,1730
1529,1733
466,1734
499,1734
1235,1734
838,1735
301,1736
841,1736
57,1737
296,1737
190,1740
1208,1740
334,1742
499,1745
187,1746
41,1748
71,1748
329,1748
1588,1748
36,1749
572,1749
649,1749
1589,1749
1735,1749
1235,1751
28,1755
52,1756
28,1759
1720,1759
1708,1760
232,1764
25,1765
45,1765
1493,1768
113,1770
6,1777
1065,1777
86,1779
273,1782
1080,1782
109,1784
4,1786
88,1787
329,1788
622,1788
997,1788
327,1792
1260,1792
596,1794
920,1795
205,1796
788,1796
21,1797
265,1797
518,1798
1600,1798
312,1799
69,1800
75,1800
645,1800
405,1801
1550,1801
836,1803
61,1804
267,1804
468,1804
48,1805
812,1805
1733,1807
1528,1808
1589,1809
11,1810
17,1810
768,1810
829,1810
1466,1810
1079,1812
307,1816
1675,1816
589,1817
1061,1819
41,1820
25,1821
30,1821
546,1821
198,1822
202,1822
671,1822
804,1822
293,1823
936,1823
109,1826
671,1826
1112,1826
1809,1826
304,1827
609,1830
1621,1831
1125,1833
47,1836
123,1836
162,1836
657,1836
807,1836
55,1837
661,1837
1595,1837
4,1838
695,1839
0,1841
113,1842
198,1842
335,1842
1800,1843
1579,1844
77,1845
28,1846
1524,1846
794,1847
52,1848
668,1848
1266,1853
1525,1853
717,1855
817,1855
160,1856
68,1857
4,1858
268,1861
789,1861
1748,1861
153,1862
4,1864
6,1864
67,1864
617,1864
1538,1868
355,1869
21,1870
1358,1872
18,1873
47,1873
109,1873
198,1874
958,1874
11,1876
304,1876
1060,1877
17,1880
561,1880
198,1882
794,1884
628,1887
34,1891
153,1893
88,1894
113,1894
347,1896
788,1896
11,1902
1088,1902
171,1903
34,1904
535,1904
68,1905
409,1905
225,1906
0,1907
852,1907
1021,1907
1386,1908
548,1910
1193,1911
109,1912
1262,1912
0,1913
1708,1913
1822,1913
1232,1914
66,1916
608,1916
11,1917
595,1917
99,1918
4,1919
450,1921
24,1922
294,1923
882,1923
1113,1923
38,1924
6,1925
580,1925
438,1926
1043,1926
993,1927
1050,1927
1368,1927
1368,1929
145,1931
1290,1931
648,1932
566,1934
28,1935
182,1935
68,1936
1462,1936
195,1939
468,1940
433,1942
38,1943
1395,1945
28,1946
182,1946
405,1946
1352,1946
55,1948
1228,1949
800,1951
66,1953
208,1953
809,1953
639,1957
1571,1957
347,1960
113,1961
1014,1961
325,1962
486,1965
879,1965
1045,1965
1043,1966
48,1967
851,1967
28,1968
126,1968
219,1968
0,1969
1134,1969
110,1970
809,1970
1168,1970
11,1971
299,1971
1414,1976
1916,1976
1269,1977
658,1978
0,1979
477,1981
645,1981
0,1982
236,1982
187,1983
1519,1983
151,1984
954,1984
195,1985
622,1985
623,1987
4,1988
11,1988
1796,1990
28,1992
55,1992
84,1993
113,1993
194,1994
0,1998
265,2000
318,2001
433,2002
402,2003
1486,2003
28,2006
1703,2007
1021,2008
325,2014
1797,2014
639,2017
341,2019
920,2019
17,2020
1589,2020
452,2021
1192,2021
1505,2022
1820,2022
1967,2023
268,2024
195,2025
28,2026
797,2026
1636,2026
0,2027
18,2028
430,2028
0,2030
668,2031
702,2031
1749,2031
1,2032
152,2034
431,2034
1242,2036
1970,2037
645,2040
8,2041
2025,2041
1363,2043
711,2045
1077,2045
71,2046
499,2048
49,2049
531,2053
136,2054
1054,2056
466,2057
1848,2057
1253,2058
57,2059
119,2062
951,2062
609,2064
1615,2064
0,2065
649,2065
88,2066
111,2066
352,2066
882,2066
898,2066
1048,2066
4,2067
34,2067
1039,2068
1926,2068
168,2071
258,2075
932,2076
1684,2078
0,2079
127,2079
34,2081
1342,2083
113,2084
409,2084
910,2084
1976,2084
123,2086
162,2086
936,2086
534,2088
535,2088
918,2089
1012,2090
617,2091
351,2092
8,2093
1,2094
1505,2094
409,2095
879,2096
1061,2101
1269,2101
2020,2101
88,2102
1948,2102
334,2104
151,2107
24,2109
109,2110
0,2111
1192,2111
325,2113
1054,2113
1397,2113
4,2114
80,2114
325,2115
136,2116
69,2117
4,2118
286,2118
663,2119
153,2120
1080,2122
1453,2122
1595,2122
171,2123
236,2123
267,2124
273,2124
106,2125
319,2125
415,2126
325,2128
1039,2129
1131,2129
38,2133
0,2135
616,2136
1913,2136
1162,2138
1459,2138
1119,2139
1853,2139
1180,2140
1097,2141
856,2142
1120,2142
1466,2142
2034,2142
488,2143
1457,2146
54,2147
151,2147
1804,2147
1041,2151
0,2154
2023,2154
334,2155
619,2156
2133,2157
109,2159
1800,2159
477,2161
151,2162
305,2164
1021,2164
298,2165
1120,2165
242,2166
28,2168
28,2169
821,2169
1570,2169
113,2170
555,2171
313,2174
860,2174
1302,2174
642,2177
1522,2177
1061,2178
580,2180
1061,2180
1926,2180
864,2181
11,2182
386,2184
38,2186
266,2186
1415,2186
17,2189
4,2190
1381,2190
1721,2191
1230,2192
1704,2196
0,2197
548,2197
1014,2198
2170,2200
236,2202
0,2203
267,2203
1600,2204
1485,2207
555,2208
2,2209
2169,2210
363,2214
1061,2214
634,2215
732,2216
0,2217
113,2217
99,2218
157,2219
2182,2220
111,2221
28,2222
86,2223
1140,2224
1493,2224
1653,2224
1618,2226
431,2227
584,2227
434,2228
1528,2232
113,2233
191,2234
276,2235
951,2239
1846,2239
169,2240
1421,2240
431,2241
1199,2241
452,2242
301,2243
28,2245
350,2246
555,2247
2066,2248
791,2249
4,2250
374,2250
28,2251
1817,2251
2174,2254
865,2255
6,2256
325,2258
153,2261
0,2262
1002,2262
24,2264
28,2264
2251,2264
710,2265
617,2267
763,2267
362,2268
318,2270
2189,2270
0,2272
1,2272
1965,2272
1843,2274
17,2275
578,2275
1491,2276
0,2278
1465,2278
1737,2278
1797,2279
110,2280
11,2281
72,2281
2046,2283
821,2284
152,2285
441,2285
36,2286
2142,2286
0,2287
1020,2288
226,2289
719,2290
1146,2290
19,2294
288,2294
398,2294
99,2299
220,2300
137,2301
1907,2301
93,2302
194,2302
1039,2302
329,2303
340,2303
932,2303
1391,2303
546,2304
661,2304
1800,2304
1657,2305
789,2306
822,2306
1386,2306
88,2307
608,2307
908,2307
113,2308
230,2308
1230,2313
1242,2313
681,2315
641,2316
1228,2317
265,2319
4,2320
0,2321
663,2321
80,2325
120,2325
1505,2325
107,2326
910,2326
1528,2326
1925,2326
910,2327
1948,2328
598,2329
1636,2330
1822,2330
0,2331
273,2332
55,2333
386,2333
655,2333
21,2335
119,2337
86,2340
274,2340
639,2341
804,2341
0,2343
109,2343
38,2344
294,2344
1015,2344
1640,2347
1,2348
221,2348
1039,2348
1733,2348
1926,2349
93,2350
1015,2351
415,2352
433,2354
506,2354
153,2355
506,2355
947,2355
1374,2355
120,2356
256,2359
263,2359
642,2360
119,2361
187,2361
2026,2361
2316,2361
2129,2363
1238,2366
21,2372
1682,2372
608,2374
49,2377
561,2378
0,2379
120,2379
622,2379
236,2380
1168,2380
746,2381
891,2381
1515,2382
868,2383
1218,2383
360,2384
0,2385
286,2385
86,2386
1343,2386
932,2387
889,2390
1797,2390
655,2391
1505,2391
1095,2392
1254,2392
2122,2392
47,2393
1656,2393
44,2394
466,2396
608,2399
2275,2401
658,2402
671,2405
1319,2408
1420,2410
24,2413
1820,2414
288,2417
450,2417
17,2420
24,2422
1733,2422
198,2423
36,2424
107,2425
990,2425
298,2426
1500,2427
32,2429
113,2429
561,2431
949,2431
4,2432
38,2432
238,2432
329,2432
962,2432
66,2434
4,2435
486,2435
946,2435
319,2438
760,2438
32,2439
325,2439
1594,2439
628,2440
109,2442
449,2443
1133,2445
6,2446
2200,2448
431,2453
1088,2453
780,2454
462,2455
1332,2455
1465,2455
65,2456
870,2456
1916,2457
466,2458
1836,2458
32,2459
47,2459
136,2459
239,2461
1155,2463
1902,2463
28,2464
1,2466
143,2467
1015,2468
398,2469
11,2471
177,2472
822,2474
1501,2474
243,2475
341,2475
2425,2475
1749,2476
153,2477
1577,2478
466,2479
113,2480
907,2480
1893,2480
88,2482
993,2482
1715,2482
634,2483
0,2486
66,2486
431,2487
88,2488
139,2488
2123,2488
1797,2489
325,2492
337,2492
641,2494
202,2496
36,2499
329,2500
1579,2500
746,2502
1125,2502
1386,2504
1192,2505
136,2506
6,2508
555,2509
109,2512
1096,2512
186,2514
1329,2514
952,2516
1039,2516
2174,2516
788,2517
537,2520
1541,2520
528,2521
4,2522
21,2523
586,2523
703,2523
2196,2523
2270,2525
220,2527
631,2527
598,2528
66,2529
1636,2533
230,2535
93,2537
186,2540
298,2541
628,2542
458,2543
1861,2543
126,2544
1500,2544
1589,2544
243,2545
2023,2545
2057,2549
329,2550
891,2551
1823,2555
1491,2561
2427,2564
122,2565
1708,2565
2181,2565
386,2566
1168,2566
268,2567
1749,2568
2276,2568
145,2569
1942,2569
2337,2569
28,2570
672,2571
2216,2574
88,2575
1453,2575
0,2577
542,2579
1721,2579
658,2580
2523,2580
242,2583
11,2588
38,2589
0,2590
88,2590
118,2592
143,2593
230,2593
305,2593
346,2593
66,2597
151,2597
286,2597
2102,2598
0,2599
32,2599
702,2599
852,2599
1946,2599
2275,2599
61,2601
2396,2601
286,2602
1332,2603
1395,2603
2467,2604
622,2607
8,2608
1,2609
24,2609
54,2611
561,2611
905,2611
608,2612
268,2613
304,2613
299,2614
1434,2614
28,2621
1023,2623
616,2624
1466,2624
38,2627
1021,2627
4,2628
729,2628
1641,2628
2251,2628
354,2629
113,2630
526,2631
2059,2631
38,2632
202,2632
608,2635
789,2636
11,2637
69,2637
25,2638
431,2638
1144,2639
1635,2639
28,2640
1427,2640
1505,2640
2275,2640
2458,2640
140,2641
6,2642
460,2642
642,2642
391,2643
318,2644
2222,2645
1140,2646
2480,2646
109,2647
1192,2647
71,2648
162,2649
2208,2651
577,2652
1748,2653
2386,2653
2113,2655
2326,2657
4,2658
439,2658
797,2659
880,2659
2113,2659
298,2660
807,2660
2599,2660
1412,2661
1742,2661
220,2665
848,2665
37,2667
109,2667
386,2667
0,2669
372,2669
920,2670
1295,2672
578,2674
111,2675
0,2676
151,2676
879,2681
17,2684
113,2685
609,2685
1803,2686
28,2688
1551,2689
800,2690
797,2693
1355,2693
1902,2693
2443,2693
864,2695
2455,2695
2506,2695
1588,2696
109,2697
294,2697
864,2697
413,2699
2133,2700
106,2701
0,2703
6,2703
836,2703
889,2704
1162,2705
2321,2705
198,2707
1635,2708
1978,2708
1515,2709
68,2711
981,2711
2609,2712
1550,2713
0,2715
395,2716
1364,2717
1208,2718
1501,2718
1514,2718
382,2719
2425,2720
1060,2721
1712,2721
69,2723
1384,2723
546,2724
870,2724
2065,2724
325,2725
1242,2725
997,2727
293,2729
17,2730
608,2735
1168,2735
564,2736
139,2737
2381,2737
1023,2738
240,2740
294,2740
1208,2741
1275,2741
154,2743
294,2744
61,2745
157,2745
17,2747
113,2749
1968,2750
2066,2751
1668,2752
1489,2754
1513,2754
534,2755
0,2756
704,2757
1242,2757
1800,2757
334,2759
648,2759
1133,2760
1529,2760
2003,2760
1668,2761
2326,2761
36,2762
1314,2765
2059,2767
586,2769
2165,2769
24,2774
1071,2774
49,2775
88,2777
2330,2778
1112,2779
1837,2780
626,2782
1127,2784
368,2785
555,2785
1211,2785
938,2786
1584,2787
462,2790
488,2790
1039,2790
1588,2790
1600,2790
415,2791
477,2791
2386,2792
1527,2794
1506,2796
55,2797
2512,2797
622,2798
578,2802
885,2803
2379,2804
157,2805
450,2805
28,2808
409,2812
898,2812
1370,2816
522,2818
153,2820
342,2820
920,2822
499,2823
577,2823
1095,2823
1796,2823
659,2824
1332,2824
28,2827
154,2827
1703,2827
288,2828
2565,2828
425,2829
1841,2830
28,2831
1960,2832
2816,2832
157,2833
2304,2833
1971,2835
1120,2836
402,2838
21,2840
434,2840
2028,2841
2166,2844
88,2845
2020,2845
25,2846
99,2846
1600,2846
102,2847
34,2848
608,2848
1321,2848
1133,2849
69,2850
1617,2851
1721,2851
1439,2852
269,2855
635,2855
1453,2855
2442,2857
783,2858
1708,2859
52,2860
113,2860
2417,2860
1070,2861
2151,2861
1965,2866
2379,2868
2289,2870
258,2871
1370,2871
225,2872
2816,2873
2609,2877
1390,2881
1539,2881
481,2882
1708,2883
2695,2883
85,2884
136,2884
757,2884
864,2885
1088,2885
2761,2885
468,2886
38,2887
1168,2888
2599,2888
99,2889
28,2890
415,2890
2543,2892
1255,2893
431,2894
779,2894
817,2894
1002,2894
1095,2894
1841,2894
251,2895
355,2896
431,2898
2248,2898
659,2899
214,2901
2628,2901
596,2903
2197,2904
2604,2904
534,2906
2200,2906
1518,2907
28,2908
2859,2909
450,2910
729,2912
128,2914
309,2914
1936,2917
2508,2917
617,2920
236,2921
642,2921
709,2921
333,2924
1647,2930
784,2931
1117,2931
2354,2932
28,2933
763,2933
1434,2934
794,2936
113,2937
1960,2937
6,2938
434,2939
329,2940
1397,2941
207,2943
528,2944
2703,2947
183,2948
258,2948
55,2951
1500,2953
1584,2954
2459,2955
44,2956
21,2957
236,2957
44,2959
1137,2961
707,2962
4,2963
2597,2963
479,2964
206,2965
1708,2966
109,2967
186,2967
56,2970
2736,2970
276,2971
1668,2972
77,2976
490,2976
107,2981
2200,2984
312,2986
25,2987
481,2989
589,2989
864,2989
52,2990
2910,2990
153,2991
891,2993
1800,2993
1823,2993
879,2994
2459,2994
542,2995
1120,2995
460,2997
754,2997
621,3001
202,3002
641,3002
1968,3002
122,3003
1316,3003
41,3004
207,3004
1240,3005
1657,3007
1935,3007
1445,3008
939,3009
25,3012
2469,3013
454,3015
1800,3015
3004,3016
1400,3017
820,3018
2267,3018
4,3020
679,3020
984,3021
182,3022
531,3023
2124,3023
1584,3024
2027,3024
466,3027
1043,3027
932,3028
28,3030
2475,3030
2299,3032
1342,3033
1386,3033
2994,3033
1329,3036
2000,3036
2994,3037
4,3038
810,3039
236,3041
581,3042
2431,3042
818,3044
1721,3044
36,3045
0,3048
528,3049
34,3050
1826,3052
88,3056
11,3057
2712,3057
2995,3057
824,3060
28,3062
113,3063
273,3063
145,3064
266,3064
1656,3064
409,3068
2439,3068
34,3069
2024,3070
120,3071
3022,3072
2994,3075
28,3077
2480,3077
38,3078
2730,3079
1213,3080
361,3081
936,3081
2917,3082
109,3084
402,3084
903,3085
1135,3085
2841,3087
157,3088
1395,3088
151,3090
609,3091
1632,3096
162,3098
340,3098
1241,3098
1682,3098
157,3101
21,3102
2566,3102
438,3104
274,3107
1343,3108
2760,3108
404,3110
251,3111
856,3113
2632,3113
1439,3116
2639,3117
884,3118
2472,3119
1077,3122
34,3123
914,3127
2270,3128
743,3129
1001,3129
1755,3129
402,3131
11,3133
1988,3133
3069,3134
4,3135
479,3135
32,3138
28,3140
1459,3140
434,3141
703,3141
760,3141
2124,3141
69,3142
1625,3142
702,3143
36,3145
528,3145
111,3147
2089,3148
3138,3148
874,3149
153,3151
2989,3151
4,3152
4,3153
17,3154
452,3156
93,3157
0,3158
1733,3158
153,3159
299,3159
1748,3159
0,3160
617,3160
140,3161
0,3162
402,3162
622,3162
898,3162
535,3164
4,3165
2030,3168
454,3169
0,3170
809,3170
2287,3171
258,3173
3164,3174
3147,3175
2761,3176
1990,3180
3079,3180
2046,3181
32,3182
2674,3184
2390,3185
1466,3187
3064,3187
2458,3192
2482,3192
0,3193
151,3193
382,3193
77,3195
1917,3198
555,3200
151,3201
1208,3202
2157,3203
237,3204
2136,3205
1720,3206
2506,3206
48,3209
2026,3210
202,3212
305,3213
441,3213
1748,3214
1804,3215
2642,3215
824,3216
137,3217
892,3219
61,3220
1075,3221
2348,3221
415,3222
3032,3225
72,3226
1235,3229
2262,3230
17,3233
273,3233
3168,3233
325,3237
34,3240
2855,3240
783,3241
1260,3241
431,3242
38,3243
360,3244
1039,3245
925,3246
962,3248
2629,3248
484,3249
431,3252
4,3253
1367,3253
1684,3253
2957,3253
243,3254
28,3255
265,3255
1993,3255
467,3256
2425,3256
568,3260
1062,3261
268,3264
2701,3264
4,3266
335,3266
109,3268
2643,3269
879,3270
2154,3277
409,3278
2984,3279
198,3281
1061,3282
2110,3284
2136,3285
2489,3286
2523,3286
136,3288
1260,3288
2384,3288
120,3289
122,3289
1198,3291
1457,3291
162,3292
257,3292
1268,3292
1489,3292
1874,3292
2599,3292
32,3293
571,3296
1091,3296
865,3297
617,3299
4,3300
120,3302
595,3303
1071,3304
3062,3304
182,3305
267,3307
817,3307
127,3309
404,3310
1455,3310
746,3313
151,3314
632,3316
656,3316
3098,3316
36,3317
878,3319
1708,3320
2659,3320
0,3321
206,3321
265,3321
1459,3321
1023,3323
0,3325
2765,3325
1115,3326
1841,3326
2243,3326
47,3329
1382,3329
534,3332
2285,3332
634,3333
86,3334
206,3334
398,3335
2200,3336
210,3338
2184,3339
2614,3340
0,3341
198,3344
32,3345
41,3345
1277,3345
2627,3345
151,3347
558,3347
28,3348
2828,3348
151,3349
251,3349
0,3352
2667,3352
1343,3353
2392,3353
18,3354
1982,3355
113,3358
509,3359
709,3359
4,3360
1039,3362
522,3364
67,3366
2735,3366
113,3368
1249,3368
411,3369
1491,3369
41,3371
958,3371
1764,3372
283,3374
1040,3374
391,3375
2147,3375
2780,3377
2200,3378
658,3380
71,3381
106,3381
617,3381
3147,3381
555,3382
1039,3382
715,3383
1053,3384
3113,3384
2614,3386
25,3387
296,3387
1043,3388
2860,3389
41,3390
2348,3390
316,3392
57,3393
124,3393
2262,3393
993,3395
113,3396
3102,3396
162,3397
198,3398
267,3402
2007,3402
580,3403
265,3405
707,3405
2995,3405
3148,3406
486,3407
1235,3407
2509,3408
351,3409
192,3410
1873,3410
614,3412
622,3412
1022,3413
32,3414
121,3414
232,3414
0,3418
1788,3418
28,3419
307,3420
17,3423
2609,3423
48,3424
1770,3427
61,3428
168,3430
2306,3430
2031,3433
2326,3433
879,3434
2886,3438
2455,3441
84,3443
467,3443
0,3449
445,3449
1683,3451
8,3452
38,3454
41,3455
3240,3455
3345,3456
136,3459
1061,3459
404,3466
764,3466
2146,3466
3362,3467
195,3468
0,3469
374,3469
267,3470
350,3471
1823,3472
1,3474
1398,3475
3307,3475
293,3477
571,3477
2599,3477
2627,3477
153,3478
206,3478
2736,3479
1183,3481
1837,3482
3430,3482
2030,3483
2214,3483
34,3484
3098,3485
154,3486
1749,3491
38,3492
152,3494
1589,3494
151,3495
171,3495
2467,3496
225,3497
202,3498
191,3501
2383,3502
6,3503
183,3504
2026,3506
687,3507
791,3508
2438,3508
2631,3508
0,3509
617,3512
2427,3512
268,3513
606,3513
69,3514
662,3514
1144,3514
2745,3514
1571,3515
11,3517
1800,3517
1174,3518
1489,3518
236,3519
3345,3519
880,3521
945,3521
2693,3521
2165,3523
630,3524
2399,3525
488,3527
1061,3528
2690,3528
8,3532
242,3532
243,3533
2993,3533
99,3534
265,3535
315,3535
2432,3535
36,3536
86,3536
1321,3538
1926,3539
1965,3539
238,3540
122,3541
0,3545
49,3545
3113,3546
334,3547
757,3547
2500,3547
3248,3547
28,3548
431,3548
1208,3548
1411,3548
202,3550
0,3551
835,3551
1589,3552
69,3555
589,3555
3023,3555
38,3556
468,3557
1259,3557
1657,3557
1660,3557
2306,3558
1061,3560
1868,3560
110,3563
2078,3564
71,3565
826,3565
1061,3565
2459,3565
2147,3568
171,3569
0,3570
1653,3570
61,3571
1306,3571
3393,3571
820,3575
1946,3575
2540,3575
4,3577
755,3577
3159,3577
1733,3578
1712,3579
2129,3579
3159,3579
298,3580
3539,3580
1489,3581
356,3582
710,3582
243,3584
499,3584
2956,3584
243,3587
1162,3587
1353,3587
202,3588
1141,3589
0,3590
1211,3591
3506,3591
431,3592
2380,3592
824,3593
558,3594
450,3599
563,3599
2872,3599
93,3601
32,3603
316,3603
708,3605
202,3606
3565,3606
3297,3607
1720,3608
1039,3610
3288,3611
787,3613
544,3614
169,3619
304,3619
325,3620
639,3621
439,3622
1052,3626
86,3627
1198,3630
1843,3631
2086,3631
2453,3633
2181,3634
182,3635
1808,3635
2517,3635
38,3636
703,3639
24,3642
586,3642
120,3643
2221,3644
1934,3645
25,3646
2094,3648
2431,3648
1632,3649
3077,3649
1053,3650
2234,3652
1712,3655
100,3657
109,3657
113,3659
38,3660
409,3661
182,3662
898,3662
2023,3663
49,3666
1306,3666
2523,3666
3028,3666
661,3667
3192,3667
402,3668
38,3671
41,3671
488,3671
2665,3671
401,3672
1912,3672
1555,3674
2868,3674
431,3675
967,3677
1514,3678
2142,3680
286,3681
2014,3682
2243,3682
269,3683
4,3684
1262,3685
2139,3685
2,3686
4,3686
1677,3687
438,3689
354,3691
3302,3694
1836,3696
3159,3696
2351,3699
4,3701
2883,3702
1514,3704
918,3705
1039,3705
202,3706
390,3706
949,3712
2136,3712
0,3713
265,3714
2379,3714
3548,3714
2030,3715
667,3717
1965,3717
2475,3717
191,3718
1877,3718
1101,3719
1823,3720
3483,3720
32,3723
239,3723
1168,3723
68,3724
109,3724
319,3724
1765,3725
3181,3726
2475,3727
630,3728
710,3730
1749,3730
0,3731
113,3731
113,3732
1658,3732
4,3736
757,3736
1237,3737
1842,3738
145,3739
641,3739
707,3739
1492,3739
2540,3740
3545,3741
18,3742
145,3742
1692,3743
1874,3743
1374,3744
3712,3744
3506,3745
113,3746
7,3749
1259,3751
1821,3751
151,3754
2760,3754
1039,3755
2604,3755
28,3758
277,3760
3551,3760
38,3761
822,3761
2627,3762
719,3763
1227,3764
294,3765
49,3766
879,3768
1924,3769
522,3770
2508,3770
2888,3771
2743,3772
120,3774
335,3774
363,3776
1429,3782
2215,3782
2785,3782
1375,3783
1574,3783
2040,3784
729,3785
2741,3785
218,3786
298,3788
7,3793
2523,3793
2745,3793
170,3794
252,3795
1013,3796
578,3797
291,3798
71,3799
598,3799
2326,3799
2477,3799
28,3800
800,3801
1023,3801
1466,3801
2777,3801
1505,3802
1258,3803
1095,3804
304,3806
2348,3806
206,3807
212,3807
938,3808
216,3809
2392,3811
3603,3811
334,3812
1048,3812
1913,3813
340,3816
3486,3816
2234,3817
2394,3817
502,3818
1325,3818
1103,3819
24,3820
111,3820
2118,3820
8,3821
4,3822
1188,3823
1381,3823
2593,3823
3818,3825
1269,3827
3744,3830
145,3831
1466,3831
535,3832
157,3833
157,3836
6,3837
24,3843
865,3843
1395,3844
716,3845
1589,3846
71,3849
207,3849
2774,3850
24,3852
1607,3853
3143,3853
659,3854
1120,3855
2903,3856
2523,3857
1965,3859
804,3862
107,3863
109,3865
1001,3866
2316,3868
389,3869
4,3870
3584,3870
1677,3871
2026,3871
2422,3874
1323,3875
25,3876
195,3876
148,3877
362,3877
1012,3877
3201,3877
1,3879
184,3879
3732,3879
715,3880
3742,3881
67,3882
99,3882
2500,3882
2528,3888
2735,3888
162,3890
34,3891
2034,3892
298,3893
2544,3893
2976,3894
563,3897
247,3899
611,3899
439,3900
449,3900
251,3901
2378,3904
1299,3905
1822,3905
32,3906
466,3907
611,3908
362,3910
299,3913
1,3914
2382,3914
860,3915
1048,3916
2523,3917
476,3918
3523,3921
157,3922
760,3922
3292,3923
311,3924
361,3926
518,3926
2459,3927
3248,3927
701,3928
1342,3930
2603,3930
2871,3930
498,3931
0,3932
1670,3932
2892,3934
2883,3936
2136,3939
56,3940
2093,3943
2571,3943
11,3944
242,3945
394,3947
3483,3947
120,3951
3057,3951
3894,3952
17,3953
503,3953
24,3954
288,3954
415,3954
472,3954
2957,3954
208,3955
3310,3955
2475,3956
938,3957
2523,3957
518,3959
3720,3959
347,3960
1949,3960
1748,3961
1857,3962
191,3964
77,3965
544,3965
234,3966
41,3967
2223,3967
2894,3967
1028,3969
2374,3969
1241,3970
2088,3970
3870,3970
28,3971
1168,3971
0,3972
124,3972
1505,3972
458,3974
93,3975
508,3975
1173,3975
1043,3976
4,3977
113,3977
1439,3977
2588,3978
1010,3981
109,3982
1269,3982
3098,3983
864,3984
2192,3984
2761,3985
299,3989
1039,3989
2316,3993
2724,3993
438,3994
797,3994
2544,3994
151,4001
3764,4006
32,4009
1988,4013
1597,4014
1152,4016
18,4017
1103,4017
1971,4017
804,4019
2174,4019
1016,4020
1264,4021
2251,4021
3694,4021
265,4022
1588,4022
153,4023
472,4023
2705,4023
1412,4027
3813,4029
848,4030
3024,4030
718,4032
1046,4032
797,4033
2761,4035
809,4038
2241,4038
372,4041
61,4042
2631,4042
2914,4042
1236,4044
88,4045
171,4045
930,4045
2675,4047
151,4049
55,4051
589,4054
36,4055
6,4056
2639,4057
3354,4059
1864,4060
2500,4063
3222,4063
119,4064
1039,4064
2827,4065
3033,4065
789,4066
3717,4066
2659,4068
77,4069
425,4069
264,4071
277,4072
2109,4072
598,4073
639,4073
1023,4073
1218,4074
809,4075
1466,4077
3548,4077
3402,4078
2894,4079
362,4081
498,4082
757,4082
503,4084
757,4084
4038,4085
145,4086
645,4087
797,4090
1632,4091
613,4093
119,4094
3407,4094
1565,4095
2316,4096
3833,4096
2779,4099
1864,4100
3666,4102
3575,4104
2527,4107
4059,4108
402,4109
2321,4109
3521,4109
809,4110
1590,4110
1600,4110
3610,4112
1040,4114
725,4115
2480,4115
3332,4115
4,4117
434,4117
577,4119
3304,4119
3390,4120
119,4121
2717,4124
148,4126
1095,4126
1161,4126
2026,4126
2757,4126
3724,4129
534,4130
1922,4130
2718,4130
1833,4133
3402,4133
431,4134
152,4135
328,4135
1091,4135
2705,4135
0,4136
2480,4138
452,4140
119,4141
2189,4143
711,4144
1384,4144
2313,4145
609,4147
2836,4147
490,4148
1449,4148
2480,4148
2611,4148
65,4149
3538,4153
439,4154
0,4155
836,4155
2791,4155
3018,4155
1327,4156
0,4158
844,4158
3636,4158
361,4161
468,4161
3954,4161
294,4162
2383,4162
376,4163
1873,4163
1501,4165
622,4166
1,4167
28,4167
202,4168
268,4168
1269,4169
238,4170
88,4171
120,4171
2059,4171
208,4172
1131,4173
11,4174
207,4174
1236,4174
1386,4174
1925,4174
2317,4174
2340,4174
24,4176
1067,4176
2316,4176
210,4177
242,4177
25,4178
1053,4178
261,4180
817,4180
2306,4180
1367,4181
36,4184
2640,4184
28,4185
2886,4185
137,4186
1111,4186
4014,4186
946,4187
2432,4187
2475,4188
409,4190
1319,4190
3142,4192
152,4193
88,4194
1301,4198
2723,4198
2884,4199
281,4201
3427,4201
1120,4202
2391,4202
3364,4202
3535,4204
86,4205
232,4207
468,4209
3788,4209
2136,4210
645,4211
1465,4211
3578,4211
391,4213
807,4214
3749,4214
342,4216
298,4217
0,4218
1661,4219
2084,4220
93,4222
1319,4223
2907,4223
17,4224
1174,4227
1039,4229
239,4230
11,4233
983,4233
2034,4235
2868,4235
119,4240
4038,4240
944,4241
2014,4241
771,4242
0,4245
3678,4246
154,4247
3694,4247
4,4248
8,4248
1161,4248
69,4251
276,4251
361,4251
878,4251
1656,4251
3817,4252
230,4253
4,4254
162,4254
639,4254
634,4255
1540,4255
1749,4255
52,4256
61,4256
623,4256
1131,4257
1343,4257
0,4258
888,4258
21,4260
2326,4260
2997,4261
466,4262
485,4262
2028,4264
639,4265
2393,4265
3221,4265
3571,4265
1661,4266
634,4273
2432,4273
3129,4274
305,4275
2962,4275
1616,4277
28,4279
3408,4280
611,4281
2803,4281
194,4282
980,4282
3807,4283
1597,4284
3783,4286
769,4287
3323,4287
0,4288
225,4289
2066,4289
3599,4289
4161,4289
52,4290
2151,4290
2597,4291
658,4292
1116,4292
3806,4293
2182,4294
481,4295
4161,4295
3119,4298
133,4302
1242,4302
93,4303
891,4303
1292,4303
382,4305
711,4305
1573,4306
1584,4306
3403,4306
2528,4307
2078,4309
169,4310
821,4310
4023,4310
2154,4311
18,4312
2659,4314
4,4315
1768,4315
2997,4315
4023,4318
1259,4319
2769,4320
2651,4321
3739,4321
252,4322
1836,4323
316,4326
154,4328
898,4328
2885,4328
4016,4329
182,4331
2089,4331
3737,4332
2823,4334
288,4335
2569,4335
72,4336
2008,4336
54,4337
609,4342
0,4343
2174,4345
4,4348
3892,4348
1857,4349
1902,4349
713,4351
4038,4352
1979,4353
2117,4353
2181,4353
1,4354
69,4355
741,4355
898,4356
3682,4357
506,4360
2383,4360
2475,4360
2580,4360
3514,4360
3943,4360
61,4361
24,4362
123,4362
670,4362
990,4365
4252,4365
242,4366
2660,4367
3956,4367
4,4368
2379,4368
2392,4368
21,4370
3535,4370
2472,4371
3545,4372
162,4373
640,4373
3634,4376
24,4377
2208,4379
2048,4382
1125,4383
113,4384
120,4384
3906,4385
2459,4386
3922,4386
2540,4387
950,4389
2590,4389
481,4392
1540,4395
243,4397
3687,4397
499,4398
1048,4398
21,4399
2325,4399
1524,4400
3762,4401
2638,4403
462,4404
951,4406
506,4407
511,4407
2938,4409
3930,4409
220,4410
1188,4410
307,4411
1484,4411
4255,4412
1491,4414
3484,4415
298,4417
1459,4417
400,4418
599,4419
2113,4419
2197,4419
1508,4425
547,4426
2786,4426
962,4433
951,4434
993,4435
268,4436
2028,4436
2994,4440
345,4441
151,4442
561,4444
1946,4444
3102,4444
57,4446
789,4446
3021,4446
1632,4447
4370,4447
1329,4449
3323,4454
2174,4455
4,4457
216,4458
136,4461
757,4462
2628,4463
2651,4463
106,4464
28,4465
409,4467
3770,4467
2343,4470
534,4471
202,4474
256,4474
1501,4474
3116,4475
3823,4476
3684,4477
2234,4478
109,4479
910,4479
3547,4479
153,4480
788,4480
2254,4480
809,4481
17,4483
88,4483
1967,4484
276,4486
194,4487
328,4488
485,4488
784,4488
0,4489
1978,4489
2234,4489
171,4490
3606,4492
996,4495
616,4496
152,4497
1636,4498
38,4499
782,4499
913,4499
4060,4499
1683,4500
4295,4500
1823,4506
3668,4506
0,4509
2995,4509
3657,4509
1090,4510
1096,4511
4209,4515
1039,4516
3018,4516
371,4517
28,4518
298,4519
617,4519
2374,4519
1550,4520
1845,4520
2549,4520
4235,4521
356,4523
1403,4523
3849,4524
38,4525
772,4525
0,4526
258,4530
1192,4532
6,4535
468,4535
1142,4535
1797,4536
3501,4537
4,4538
36,4539
1046,4539
2186,4539
293,4540
918,4540
1002,4540
4023,4541
4247,4541
21,4542
1798,4542
2575,4542
48,4543
1718,4544
1002,4545
11,4546
28,4547
28,4548
3587,4549
3430,4550
240,4553
1039,4553
3264,4553
4073,4553
0,4556
3626,4557
291,4558
1970,4558
4134,4561
2146,4562
1416,4563
3390,4563
458,4564
2117,4564
4419,4564
68,4565
1079,4566
1329,4566
1708,4567
1748,4567
431,4568
1970,4568
68,4570
439,4573
3320,4574
251,4575
79,4577
2648,4581
351,4583
1260,4583
4,4584
1345,4586
0,4589
4404,4589
1715,4590
1837,4590
3766,4590
1712,4591
1169,4592
3785,4592
2636,4595
1090,4596
1115,4596
687,4601
1097,4601
3347,4601
3110,4603
4362,4603
69,4606
107,4606
3630,4609
4511,4609
1043,4611
542,4612
4412,4613
265,4614
1125,4615
4509,4615
920,4616
2993,4616
86,4617
838,4617
3292,4617
183,4619
947,4621
1150,4622
488,4623
648,4623
1039,4625
1370,4626
4349,4626
0,4628
2232,4628
1542,4629
3248,4629
4,4630
1764,4630
2151,4630
4442,4630
521,4631
1162,4631
71,4632
1119,4632
3687,4633
2030,4634
2381,4634
1055,4635
1592,4635
1668,4636
4584,4636
71,4637
2456,4637
450,4640
661,4644
2289,4646
746,4647
2123,4647
3882,4647
136,4648
237,4649
2006,4649
2123,4649
4161,4649
0,4650
4252,4653
822,4655
708,4657
2285,4659
3696,4661
36,4662
38,4662
3004,4662
2599,4663
387,4664
934,4665
2017,4665
490,4666
67,4669
77,4669
531,4669
77,4670
1617,4670
1876,4670
3508,4670
3877,4671
11,4672
3994,4672
381,4673
6,4674
4275,4674
518,4676
2166,4676
1380,4677
2637,4677
4172,4677
1588,4681
1841,4682
1215,4683
4336,4686
787,4688
1090,4689
1382,4693
32,4695
1143,4695
2944,4696
197,4698
3402,4700
2486,4703
69,4706
109,4706
1837,4706
38,4707
54,4708
760,4708
1120,4710
2262,4713
1,4714
596,4714
2651,4714
1039,4717
3091,4720
4525,4721
1137,4722
2904,4723
4,4725
3754,4725
954,4726
1804,4728
2234,4728
2251,4728
240,4729
3977,4729
44,4730
86,4731
118,4735
563,4736
2523,4736
1013,4738
1278,4738
3486,4740
1016,4741
24,4742
2550,4742
1241,4744
3575,4744
182,4748
3876,4749
0,4751
3159,4751
328,4753
2665,4755
2696,4758
3296,4758
481,4759
2455,4760
38,4761
648,4762
0,4765
0,4766
577,4766
1708,4766
298,4767
266,4768
1046,4769
1013,4771
3587,4771
1465,4774
17,4776
268,4780
1242,4782
290,4783
1115,4783
2159,4785
1,4786
4289,4786
910,4788
36,4791
2521,4791
1152,4793
2861,4794
140,4796
755,4800
258,4801
325,4801
3528,4802
106,4804
667,4804
402,4805
3459,4805
2796,4807
56,4809
1555,4809
316,4810
513,4810
891,4810
441,4812
2797,4812
558,4814
214,4815
3392,4819
293,4820
599,4820
174,4821
2482,4823
2712,4823
3880,4824
4695,4826
586,4828
3310,4828
32,4829
28,4833
38,4834
1546,4835
1936,4835
3,4838
3503,4838
265,4839
1091,4841
4108,4841
945,4842
334,4845
148,4848
2326,4849
194,4851
639,4851
1489,4851
24,4852
1168,4852
0,4854
809,4854
769,4858
3340,4858
757,4859
113,4860
140,4860
2506,4860
1555,4861
2607,4861
266,4862
1704,4862
4558,4862
71,4863
151,4864
171,4864
4328,4864
997,4865
555,4866
17,4868
276,4869
425,4870
1452,4871
1242,4872
3830,4873
1043,4874
4172,4874
137,4877
2123,4877
1009,4879
3518,4879
277,4880
3714,4881
4181,4881
465,4882
3148,4882
932,4884
1913,4885
2438,4885
4489,4888
3760,4890
4860,4890
4426,4892
513,4893
1606,4893
1493,4894
885,4897
1846,4897
120,4901
754,4901
3469,4901
28,4902
687,4902
809,4903
284,4904
1965,4906
2151,4909
307,4910
3532,4910
4871,4911
113,4914
4310,4915
0,4916
3871,4918
3890,4918
0,4920
1657,4922
3374,4924
2665,4925
1097,4926
2951,4926
3310,4926
1583,4929
3552,4929
1101,4930
4161,4930
4348,4930
4,4933
879,4933
439,4936
699,4936
479,4937
2445,4937
0,4938
4349,4939
2467,4940
11,4942
534,4942
2151,4942
467,4944
4310,4945
195,4947
3504,4948
4791,4952
1398,4953
3240,4954
267,4955
140,4957
67,4958
635,4958
28,4959
311,4959
1070,4959
0,4962
122,4962
136,4962
1658,4962
3430,4962
1325,4963
2267,4967
120,4968
2712,4969
4590,4969
3427,4970
462,4972
2545,4973
946,4976
41,4977
162,4979
492,4979
1250,4980
2569,4980
946,4981
4622,4983
4976,4983
1137,4984
2454,4989
402,4990
4303,4990
1,4998
162,4998
299,4999
107,5000
386,5001
2791,5001
4471,5001
2104,5002
68,5003
2697,5003
198,5005
2962,5005
851,5006
4980,5007
387,5010
400,5010
645,5011
3916,5011
2024,5012
4256,5012
86,5015
386,5015
1330,5015
1555,5015
1800,5017
3374,5018
903,5021
342,5022
2599,5023
1039,5024
2860,5024
4635,5024
4,5026
41,5026
710,5028
782,5028
589,5029
376,5031
1397,5033
4617,5033
2570,5038
1168,5040
584,5042
1237,5042
303,5043
1389,5046
1665,5047
220,5048
2469,5048
378,5049
52,5050
4399,5050
3811,5052
995,5056
1524,5056
1606,5056
2306,5056
910,5059
2023,5059
2931,5059
3649,5060
404,5061
41,5062
2851,5064
3264,5064
3726,5064
206,5065
1735,5066
3,5067
298,5069
2643,5069
3627,5070
77,5071
1703,5072
21,5073
2681,5076
162,5077
2344,5077
258,5078
1113,5080
3430,5081
335,5085
1530,5086
622,5087
667,5087
1765,5088
2910,5088
153,5089
190,5089
431,5089
1584,5089
1625,5089
1715,5093
4769,5093
106,5097
148,5097
2330,5097
4922,5097
3174,5099
548,5100
386,5101
1342,5101
4410,5101
729,5102
1375,5103
2729,5103
4783,5104
1241,5106
2086,5106
2660,5107
3978,5107
561,5108
1445,5108
2628,5108
613,5109
709,5110
662,5111
113,5114
168,5117
3407,5118
0,5124
3918,5124
3180,5125
3212,5127
4220,5127
938,5128
2275,5131
44,5132
1420,5133
1655,5133
4838,5134
1445,5135
4442,5136
304,5138
1079,5138
2599,5138
3743,5138
120,5139
2780,5139
687,5140
3662,5140
1036,5141
4072,5141
153,5142
262,5142
1805,5143
462,5145
3786,5146
687,5149
898,5149
3068,5149
2136,5150
1638,5151
2166,5151
4904,5151
949,5152
3138,5153
4809,5153
788,5154
49,5157
67,5157
71,5158
0,5161
28,5162
99,5162
1075,5164
2458,5164
4698,5165
202,5166
252,5166
458,5166
3556,5166
96,5167
639,5168
3547,5170
641,5172
542,5173
3966,5174
24,5176
910,5176
3724,5177
4147,5178
4284,5178
1571,5179
368,5181
4,5182
572,5183
1264,5184
294,5186
3418,5186
3590,5188
2590,5190
2114,5193
4342,5193
2844,5194
11,5196
4262,5196
4666,5196
4246,5197
4289,5198
1330,5199
468,5202
584,5203
764,5203
3374,5204
1864,5205
3068,5206
328,5208
361,5209
2401,5209
681,5211
1,5213
2161,5213
2575,5216
4828,5216
4,5217
3671,5217
1039,5218
140,5220
3666,5220
2379,5223
28,5225
546,5225
38,5227
206,5228
4361,5228
2599,5230
3393,5230
11,5232
3018,5232
3501,5234
4,5235
534,5235
1198,5235
219,5236
2627,5237
24,5240
2192,5240
3162,5240
293,5241
160,5243
2492,5243
1842,5248
1260,5249
3931,5249
219,5250
284,5250
589,5252
4161,5252
2920,5253
599,5254
1449,5255
2003,5255
182,5256
2086,5256
294,5257
1607,5261
2128,5261
2855,5262
268,5263
458,5263
191,5265
478,5266
3033,5266
2464,5267
3954,5267
1196,5268
305,5269
1249,5269
4223,5270
3064,5271
198,5272
3528,5272
69,5273
952,5273
169,5274
4736,5274
2413,5275
1505,5276
157,5277
789,5278
4181,5278
4395,5278
1842,5279
2855,5279
771,5281
41,5282
11,5283
21,5283
679,5284
120,5286
4155,5286
4708,5286
1821,5287
3813,5287
3832,5287
207,5288
4791,5288
4635,5289
4874,5291
4940,5291
329,5293
4542,5293
2222,5294
3876,5295
608,5297
11,5298
1822,5298
38,5300
586,5300
1821,5300
2262,5301
1734,5302
1913,5302
5294,5303
2182,5304
2301,5304
3286,5305
1264,5307
4,5308
165,5308
406,5308
1872,5309
28,5310
55,5310
571,5310
1411,5311
1861,5313
2545,5313
2970,5316
3459,5317
2319,5319
5218,5319
2059,5321
1638,5322
4211,5322
3739,5323
1113,5326
4444,5326
4483,5326
2092,5327
2432,5328
2828,5328
316,5329
481,5329
1926,5329
3253,5330
110,5332
1704,5332
0,5333
4489,5333
564,5339
1893,5340
386,5341
658,5341
3380,5341
107,5342
2027,5345
2754,5346
584,5347
3254,5347
2140,5348
3744,5348
55,5350
378,5350
38,5351
4126,5351
28,5353
111,5353
1133,5356
239,5358
1703,5358
38,5360
2222,5360
191,5362
589,5362
2171,5363
171,5365
268,5366
119,5368
511,5368
3326,5369
3764,5370
206,5371
4683,5371
5078,5371
3381,5372
226,5373
961,5374
1449,5375
2695,5375
0,5376
276,5377
2961,5377
667,5378
4948,5378
622,5381
5064,5381
888,5382
1682,5383
932,5384
386,5387
3764,5388
6,5391
1777,5392
990,5396
2711,5398
86,5399
2883,5400
2956,5401
3381,5405
1,5406
361,5407
305,5408
4681,5412
2787,5413
1236,5414
3876,5414
2157,5416
39,5417
2599,5417
1917,5418
0,5419
2868,5421
2486,5423
36,5424
1632,5425
3305,5426
4,5428
2027,5428
1022,5429
195,5432
1092,5432
671,5434
3831,5435
6,5436
479,5437
1052,5437
2796,5438
707,5440
1426,5440
3642,5444
860,5445
2308,5446
67,5447
207,5449
467,5449
661,5449
36,5452
787,5453
3159,5455
5021,5456
5048,5457
5254,5457
824,5458
2792,5458
3579,5460
44,5461
293,5462
267,5464
499,5465
2262,5466
3760,5466
667,5468
1082,5468
4922,5468
195,5469
325,5470
534,5471
1555,5472
3539,5472
36,5474
1489,5477
3140,5477
1263,5482
1037,5484
2603,5484
68,5487
836,5487
56,5490
1,5492
3307,5492
113,5493
36,5494
1268,5494
1,5496
449,5496
1232,5496
2467,5496
729,5498
4205,5498
4033,5499
4425,5499
2302,5500
717,5501
4714,5501
481,5502
3936,5503
1296,5504
4332,5504
3687,5505
4567,5505
293,5508
1861,5508
409,5509
3174,5509
1061,5510
169,5511
3291,5511
266,5515
1134,5517
5211,5517
2711,5518
2555,5519
1043,5521
1352,5521
3483,5522
38,5526
3430,5526
77,5528
760,5528
2549,5528
1614,5529
28,5530
38,5530
1382,5530
3899,5531
5164,5532
4254,5533
202,5534
1043,5534
352,5535
586,5535
1048,5536
4523,5536
21,5538
4584,5538
4564,5539
1345,5542
4398,5542
5269,5542
267,5543
2053,5545
622,5546
1097,5547
1190,5553
4489,5553
378,5554
485,5554
1201,5554
1120,5555
5049,5555
236,5556
1748,5556
1429,5557
716,5559
71,5560
415,5561
1221,5565
153,5566
622,5567
251,5568
3587,5570
386,5573
4,5576
1600,5576
3009,5576
369,5577
3560,5577
3332,5579
2844,5582
157,5583
3657,5586
2327,5587
182,5589
208,5591
1143,5591
2759,5591
274,5592
2624,5592
5188,5593
5287,5593
661,5595
2326,5596
1131,5597
2917,5597
3849,5597
67,5599
2094,5599
3044,5599
5193,5600
622,5603
2910,5603
4573,5603
109,5606
5341,5606
444,5607
41,5608
236,5608
1,5610
809,5610
3142,5610
2790,5611
4695,5611
2997,5612
431,5613
841,5615
2959,5616
1399,5617
764,5618
88,5620
797,5620
2477,5620
613,5623
810,5623
4708,5623
1192,5624
1263,5625
2249,5626
294,5627
1002,5627
5230,5627
689,5628
242,5631
1230,5631
2278,5631
3817,5631
611,5633
2474,5633
2762,5633
2828,5633
4635,5634
1400,5635
4616,5636
5199,5636
888,5638
2289,5638
4,5639
3774,5640
955,5641
910,5642
1310,5643
492,5644
595,5645
678,5645
3028,5645
3281,5647
3455,5647
3914,5647
66,5648
219,5649
28,5651
289,5652
2486,5652
3890,5655
4370,5655
4829,5655
194,5656
183,5658
4214,5658
4162,5659
619,5661
744,5661
4930,5662
506,5663
2092,5663
411,5664
4023,5664
28,5665
5576,5665
71,5666
171,5668
531,5668
392,5669
5234,5672
5554,5673
195,5674
508,5675
3064,5676
3038,5677
289,5678
1459,5678
4095,5679
93,5680
3804,5680
11,5683
658,5683
66,5684
102,5684
398,5685
1046,5686
5341,5689
269,5690
289,5690
2113,5690
24,5692
3304,5693
113,5695
1632,5695
2794,5696
1810,5697
1031,5699
3253,5700
3813,5700
641,5701
1039,5701
1301,5701
0,5702
0,5703
2382,5703
2383,5703
4255,5704
4,5705
1579,5705
632,5710
820,5710
4480,5710
1822,5711
913,5713
1301,5713
381,5714
342,5715
1259,5715
2203,5715
44,5718
2575,5719
5542,5722
5254,5725
3088,5726
5645,5728
288,5731
234,5732
874,5732
433,5735
2234,5736
1141,5738
5535,5738
11,5741
1020,5741
5168,5741
5351,5742
2907,5743
879,5746
2129,5747
4075,5747
955,5750
5606,5750
256,5752
4478,5752
57,5753
920,5754
439,5755
1250,5755
140,5756
789,5757
1,5762
118,5762
2890,5762
4248,5762
598,5763
4477,5765
2123,5766
1036,5767
3071,5768
880,5769
4729,5770
1260,5771
18,5772
36,5772
2593,5773
3102,5773
21,5774
1121,5775
1168,5775
4,5776
578,5776
293,5779
2642,5779
409,5783
548,5783
584,5783
2458,5784
1427,5785
3320,5785
771,5786
77,5787
3345,5787
671,5788
3424,5789
686,5794
515,5795
4500,5795
671,5796
1319,5796
596,5797
1397,5797
4549,5797
3213,5798
2454,5804
5124,5804
1050,5805
935,5807
3133,5807
5633,5807
122,5808
2024,5810
822,5811
0,5812
118,5812
2079,5812
3044,5812
21,5813
368,5814
3523,5814
412,5816
841,5816
1936,5816
2355,5816
1336,5817
608,5820
2627,5821
3605,5822
1798,5825
3098,5825
757,5826
197,5827
484,5827
230,5828
2258,5832
3584,5832
3036,5834
3776,5834
1968,5836
2027,5837
2823,5840
2948,5841
1262,5842
5348,5843
1992,5844
2712,5844
3813,5846
4110,5846
984,5847
182,5848
3142,5848
0,5849
1966,5851
6,5852
327,5854
2003,5855
191,5856
757,5857
3744,5857
5763,5858
1555,5861
72,5863
341,5863
184,5864
11,5866
52,5866
874,5866
1091,5866
1329,5866
1137,5867
544,5870
859,5872
2078,5872
5328,5872
0,5875
561,5877
4538,5878
4336,5881
2502,5882
1039,5883
2378,5883
4096,5883
4383,5883
1013,5884
8,5885
1748,5887
3557,5887
1936,5892
4820,5894
1,5900
52,5900
3345,5900
5307,5900
169,5902
194,5902
299,5903
387,5903
0,5905
478,5905
391,5906
453,5906
28,5907
1189,5907
3113,5908
4980,5914
2476,5915
1399,5916
77,5919
699,5919
2023,5922
804,5923
4068,5923
820,5924
898,5924
3477,5924
4479,5925
4500,5925
987,5926
2997,5926
1643,5927
3050,5927
3801,5927
564,5928
4068,5929
69,5930
191,5930
760,5930
1586,5930
2393,5930
2328,5931
341,5932
0,5933
4,5933
36,5933
3565,5933
208,5934
1051,5935
0,5940
2777,5940
4612,5942
3027,5943
4064,5943
1845,5949
5107,5949
3015,5950
542,5952
1260,5952
1800,5952
2181,5952
5423,5952
240,5953
838,5953
71,5958
120,5960
1127,5960
1039,5961
468,5962
1127,5962
608,5963
667,5963
1141,5963
3427,5963
88,5964
2355,5967
2246,5968
5425,5968
5633,5968
298,5969
24,5970
3320,5970
2754,5971
1023,5973
4167,5973
2024,5974
5407,5977
374,5978
1660,5980
86,5981
2472,5981
581,5982
299,5985
1168,5986
4596,5987
2442,5990
3518,5990
3705,5991
3071,5993
3289,5993
0,5994
634,5996
4670,5997
4947,5997
1259,6000
354,6002
1301,6003
1841,6003
5001,6003
5117,6003
4107,6004
11,6005
113,6007
3248,6007
4535,6007
1254,6010
1740,6010
0,6012
628,6013
5664,6013
294,6015
555,6015
2931,6015
769,6016
2197,6016
3075,6017
123,6018
1169,6018
69,6019
238,6023
266,6023
2008,6023
4060,6023
1934,6026
4612,6027
1153,6028
3143,6030
4056,6030
387,6031
661,6031
113,6032
1364,6034
4,6035
41,6040
206,6040
2480,6040
2294,6041
710,6042
1092,6042
4290,6043
1904,6044
3587,6044
467,6045
3486,6045
874,6048
5872,6048
1232,6050
1277,6051
946,6054
1735,6055
1842,6056
283,6057
2883,6057
4930,6057
1459,6061
3832,6061
897,6064
946,6064
3512,6064
1589,6066
294,6067
411,6067
77,6068
481,6068
409,6069
454,6069
17,6070
207,6070
1,6073
194,6073
965,6074
5310,6074
3206,6075
3325,6076
5101,6076
984,6077
5100,6077
67,6078
1242,6078
1428,6078
2170,6079
4336,6079
162,6081
21,6082
400,6082
3174,6082
4881,6083
3565,6085
5015,6085
1513,6086
3336,6086
465,6089
3706,6090
5599,6090
622,6093
109,6094
208,6096
511,6097
361,6098
88,6099
340,6099
3033,6099
3326,6100
1837,6101
5894,6101
268,6102
4180,6102
351,6103
202,6104
71,6108
499,6110
28,6111
10,6113
2970,6113
376,6117
2031,6117
5360,6117
1023,6118
1162,6119
3601,6122
490,6123
671,6123
809,6123
5857,6123
34,6124
24,6125
5692,6125
354,6129
402,6129
1514,6129
788,6130
79,6132
1402,6134
4791,6135
68,6136
88,6138
145,6138
4541,6138
5715,6141
1053,6143
3212,6144
5143,6146
3983,6148
4676,6148
1983,6151
1016,6153
5570,6153
1826,6154
4406,6154
667,6156
4419,6156
355,6158
555,6159
1009,6159
661,6162
717,6162
1117,6162
0,6163
4955,6165
5273,6165
71,6166
79,6167
622,6167
1668,6168
4751,6168
1682,6171
171,6173
2316,6173
2189,6174
4353,6174
1800,6180
1914,6180
3761,6180
954,6181
41,6182
1325,6182
838,6183
1156,6184
1907,6184
458,6185
2386,6186
1234,6187
2147,6187
4,6190
181,6192
2126,6194
32,6196
327,6196
1329,6196
513,6198
954,6198
5715,6198
838,6201
1067,6202
1332,6202
566,6203
4367,6203
2251,6204
5746,6205
113,6207
2627,6208
634,6212
3098,6212
1555,6215
1801,6215
1459,6216
2316,6216
1704,6217
3064,6218
3471,6222
3758,6222
4612,6222
4786,6223
36,6225
661,6225
1810,6226
3215,6227
433,6228
55,6229
2203,6229
4310,6229
61,6230
1910,6230
1113,6231
1837,6231
617,6234
2818,6237
56,6239
2566,6242
1386,6243
2261,6243
1965,6244
1976,6244
3430,6245
5350,6245
2191,6246
809,6247
2189,6247
2941,6247
707,6249
2014,6250
5178,6250
1441,6252
508,6254
2705,6255
2480,6257
617,6259
2910,6259
406,6265
61,6267
1196,6267
1393,6267
2467,6268
2565,6268
4812,6268
3969,6269
4634,6272
1141,6275
2197,6275
1894,6276
3369,6276
3533,6277
4336,6281
220,6283
617,6284
2382,6284
3142,6284
195,6285
269,6285
687,6285
4517,6285
4023,6287
5628,6287
0,6288
6136,6288
28,6290
1039,6290
614,6291
2008,6292
1588,6293
2993,6294
54,6295
632,6295
5963,6296
5350,6297
174,6298
769,6299
1043,6299
1357,6299
1857,6300
2425,6300
5162,6300
5813,6300
88,6301
1916,6301
3696,6303
4033,6304
3743,6305
2057,6306
1841,6307
171,6308
1591,6309
3575,6309
4001,6310
325,6315
962,6315
267,6318
325,6318
932,6318
24,6319
613,6320
1012,6321
2379,6324
3863,6326
4539,6327
273,6328
1299,6328
3557,6329
2823,6330
787,6331
4138,6331
0,6335
25,6337
32,6338
3953,6338
4820,6338
5900,6338
1671,6339
2333,6339
5848,6341
1836,6342
546,6343
4864,6343
24,6344
5388,6344
563,6345
5647,6346
1113,6349
3449,6349
2191,6350
4343,6350
230,6351
2159,6351
6016,6351
203,6353
243,6354
0,6355
5102,6355
4812,6357
528,6358
3225,6358
2455,6361
169,6362
1558,6365
1185,6366
311,6368
2948,6368
2956,6371
3077,6372
4759,6372
763,6374
466,6376
5089,6376
1001,6377
1514,6377
5220,6377
3036,6378
5206,6378
28,6379
1040,6379
2267,6379
1292,6380
2697,6381
5855,6383
234,6384
2181,6385
4484,6385
4135,6387
5118,6387
113,6388
303,6388
298,6389
2480,6389
3374,6389
5209,6389
38,6392
3378,6392
4172,6392
431,6395
1823,6395
3743,6395
2307,6396
2599,6396
1894,6397
4331,6398
5108,6398
5101,6399
5933,6399
1014,6401
2708,6402
254,6403
641,6403
5428,6403
2790,6404
171,6406
4251,6408
4373,6408
3506,6411
1877,6412
1965,6412
5841,6412
6102,6413
28,6415
856,6415
3142,6418
3724,6418
17,6420
38,6420
839,6420
268,6422
2971,6422
990,6423
478,6426
4368,6427
198,6429
3908,6429
5900,6429
109,6430
83,6431
589,6431
6230,6431
109,6432
1821,6433
2267,6433
2569,6433
113,6434
454,6434
79,6438
641,6438
3168,6438
2417,6443
3547,6444
817,6445
207,6446
3313,6446
4761,6446
1235,6448
4155,6448
5168,6449
5235,6452
190,6453
667,6453
5301,6454
5633,6456
49,6458
252,6458
555,6458
484,6459
944,6459
1978,6459
28,6460
169,6460
711,6460
4180,6460
198,6461
2997,6461
384,6462
787,6462
1513,6466
3513,6466
3209,6467
5382,6469
1796,6470
2429,6470
2644,6470
3539,6471
1916,6472
93,6473
1916,6477
1971,6477
2480,6477
67,6478
1161,6478
219,6479
1617,6481
243,6483
4331,6484
663,6485
1926,6486
4530,6487
542,6488
1261,6488
4072,6488
1070,6489
1466,6489
71,6490
1653,6492
2140,6492
2482,6492
4933,6492
528,6493
984,6493
1501,6493
3977,6493
6284,6497
6399,6501
237,6502
2686,6504
6276,6506
4161,6507
4530,6507
4,6508
123,6508
232,6509
5606,6509
3393,6510
6090,6510
109,6512
386,6513
717,6513
17,6514
2184,6514
522,6516
2165,6516
2635,6516
6285,6516
2651,6518
864,6519
122,6520
1043,6521
2631,6521
5772,6521
2065,6524
3498,6525
6138,6525
924,6526
3286,6526
5931,6526
2760,6527
2818,6530
4171,6531
4703,6532
0,6533
1733,6533
2425,6534
3192,6534
3486,6534
5934,6535
569,6537
542,6538
1590,6538
298,6540
1550,6541
1967,6541
2790,6541
4442,6542
4029,6543
1113,6545
226,6546
3508,6547
4575,6549
122,6551
256,6551
580,6551
2695,6551
865,6554
1376,6554
2624,6554
6136,6554
980,6555
25,6558
3264,6559
72,6560
11,6562
1665,6562
247,6563
655,6564
1412,6565
6471,6565
4,6568
6268,6571
329,6572
409,6572
4283,6573
4411,6573
4546,6573
55,6575
1836,6575
0,6578
11,6579
38,6580
4110,6581
3221,6585
6,6586
69,6586
191,6589
5005,6591
632,6592
572,6593
667,6593
584,6595
1240,6595
1672,6595
3016,6596
993,6597
113,6598
5286,6599
316,6600
2780,6600
4,6602
299,6605
4902,6605
28,6608
1466,6609
4911,6609
5196,6610
315,6611
3788,6611
6563,6611
2315,6613
965,6614
1082,6615
1150,6615
1638,6620
3158,6620
2162,6622
3015,6622
28,6623
400,6623
21,6624
202,6624
1023,6624
6055,6625
3879,6626
24,6629
88,6632
1308,6632
936,6633
1668,6634
4251,6635
838,6637
1442,6637
5715,6637
71,6638
2514,6639
1748,6640
1583,6643
2500,6643
438,6644
1876,6646
578,6649
896,6649
206,6651
1155,6651
2326,6651
6508,6651
328,6652
4435,6652
1082,6653
4148,6653
5961,6654
542,6656
5407,6658
1065,6659
3731,6659
5015,6659
2537,6660
2659,6661
247,6663
1393,6663
4161,6663
717,6664
1725,6664
5149,6664
21,6665
546,6665
4365,6665
6085,6665
2642,6666
4488,6667
1234,6669
1708,6669
5600,6669
2914,6671
2008,6673
2337,6674
5981,6674
5555,6675
116,6676
4947,6676
1412,6678
1053,6682
1661,6682
1682,6682
0,6683
578,6683
4162,6685
6527,6685
589,6686
4246,6686
3547,6688
4119,6688
111,6689
4881,6690
4890,6690
171,6696
3424,6696
398,6697
6180,6698
3392,6699
38,6700
1563,6704
28,6705
34,6705
609,6705
1499,6705
1681,6706
2190,6706
93,6707
4235,6709
1505,6711
2285,6711
5150,6711
88,6713
4922,6718
316,6720
3096,6720
120,6722
180,6722
608,6724
2767,6724
2267,6726
1935,6727
36,6729
1735,6729
6637,6729
265,6730
273,6730
754,6731
124,6732
2693,6732
113,6733
354,6733
3192,6733
122,6734
0,6736
5930,6736
6184,6741
47,6743
151,6745
207,6745
3922,6745
69,6746
843,6746
2455,6746
21,6748
4864,6748
812,6751
2540,6751
2378,6752
307,6753
238,6754
1796,6756
0,6757
3472,6757
4649,6757
126,6759
3230,6759
4918,6759
5432,6762
36,6763
1902,6764
4279,6764
5633,6764
122,6766
2808,6766
4084,6766
1465,6767
622,6768
4706,6768
5407,6768
3410,6769
170,6770
4059,6770
3481,6771
1797,6773
6589,6773
2180,6775
1588,6777
5973,6777
202,6778
2848,6779
122,6780
4662,6780
5498,6780
2818,6781
2976,6781
3717,6781
148,6782
6466,6782
2647,6783
7,6787
6644,6787
6136,6788
1343,6789
668,6790
6444,6790
3348,6792
5310,6792
415,6795
2290,6795
4214,6795
2910,6796
613,6797
113,6799
4730,6799
169,6800
2514,6800
572,6801
3140,6801
1208,6803
5597,6803
1171,6805
191,6806
707,6807
4467,6807
4916,6809
5849,6810
2246,6813
3501,6813
32,6814
4614,6814
1548,6815
2032,6817
809,6818
5341,6818
4419,6821
4,6823
88,6823
5668,6825
2170,6827
1579,6829
1801,6829
1055,6830
6018,6830
6041,6830
608,6833
3737,6840
6490,6840
1733,6842
3717,6842
3760,6843
69,6845
3354,6845
528,6846
703,6847
571,6849
528,6851
304,6852
2467,6852
136,6853
4540,6853
267,6855
932,6855
3255,6855
276,6856
86,6859
5924,6859
5772,6860
1357,6861
3248,6863
6303,6868
2599,6869
258,6870
3292,6871
3169,6872
28,6874
38,6874
247,6875
3486,6875
3994,6875
1589,6876
5077,6876
6187,6879
86,6880
299,6881
460,6881
5701,6884
195,6885
4631,6886
4631,6888
1489,6889
110,6892
628,6893
1734,6896
38,6898
1538,6898
4318,6898
4581,6898
171,6899
5774,6899
168,6900
395,6901
3018,6901
8,6904
492,6906
0,6907
5783,6907
617,6909
6304,6909
6881,6909
113,6910
509,6910
268,6912
3533,6912
1740,6914
1022,6917
2777,6918
6429,6920
4,6923
468,6923
434,6924
621,6924
5136,6924
402,6928
1642,6928
3349,6928
580,6929
1390,6930
1513,6932
5787,6932
6272,6933
106,6938
1112,6938
3057,6939
293,6940
2023,6946
230,6948
355,6949
0,6951
28,6951
6351,6951
841,6953
2471,6953
4603,6953
4336,6955
5046,6955
980,6956
2759,6957
3686,6959
3233,6960
0,6963
151,6963
2545,6963
4500,6963
821,6965
431,6967
4,6968
5603,6969
2621,6971
425,6972
4823,6972
5827,6972
2159,6973
2885,6977
106,6978
3192,6979
381,6980
24,6983
268,6983
0,6985
86,6985
2798,6986
88,6987
3003,6988
6513,6989
1232,6994
4570,6996
109,6998
1259,6999
113,7000
616,7000
3345,7001
1661,7002
6134,7002
18,7003
1013,7004
4365,7004
6415,7004
0,7005
1141,7006
2203,7008
325,7009
3535,7009
1845,7012
2744,7013
4295,7013
24,7014
32,7014
2823,7014
5560,7015
997,7017
1837,7017
6098,7017
3286,7018
5710,7023
4649,7024
36,7026
534,7026
6069,7026
258,7027
1592,7027
4902,7029
6751,7029
5952,7030
468,7032
1946,7032
2871,7033
262,7036
479,7036
1681,7037
1192,7038
3264,7038
4574,7040
113,7042
584,7042
2111,7042
5136,7042
402,7043
354,7044
1300,7044
11,7045
2993,7046
3288,7047
1,7048
190,7048
5633,7048
120,7049
1748,7051
492,7052
548,7052
5775,7054
1,7055
861,7055
6415,7056
481,7057
5080,7057
6196,7057
3393,7059
949,7061
4,7065
2057,7066
36,7067
7,7069
2836,7071
1656,7073
153,7074
1188,7075
3253,7075
5196,7075
555,7077
695,7079
1715,7080
5089,7080
6876,7081
5844,7082
997,7083
3181,7083
6485,7085
2192,7086
4,7087
6408,7087
2168,7090
809,7091
6138,7091
1736,7092
2502,7092
3982,7093
4759,7093
6842,7093
729,7095
113,7096
3387,7096
6766,7096
6371,7097
729,7098
3588,7098
1368,7100
438,7103
3140,7106
3307,7107
5715,7108
24,7109
265,7110
1090,7110
113,7111
903,7112
6392,7112
1836,7113
705,7114
1292,7114
1127,7117
1968,7117
86,7119
634,7119
6558,7121
123,7122
2234,7122
3801,7122
6892,7122
997,7123
760,7125
5545,7126
2122,7128
6387,7128
2203,7129
958,7130
2161,7132
7052,7132
68,7135
113,7135
1053,7136
1180,7138
3326,7138
5679,7139
3732,7140
6757,7140
481,7142
3508,7143
3630,7145
69,7148
6,7149
6513,7151
68,7152
205,7153
251,7153
1125,7155
5413,7155
342,7157
357,7157
17,7160
3687,7160
679,7161
705,7162
2053,7162
2901,7163
4284,7165
0,7171
1804,7171
5308,7171
3430,7172
1023,7173
3548,7173
6404,7173
458,7175
4444,7175
822,7176
468,7177
910,7177
2165,7177
6632,7178
266,7180
5763,7180
6540,7180
4,7182
1135,7182
3057,7182
55,7183
1332,7183
4148,7184
274,7187
1788,7187
6938,7187
5077,7188
1902,7190
4081,7190
335,7194
3905,7196
1864,7198
6276,7199
77,7200
240,7200
1965,7201
844,7202
113,7203
578,7204
773,7204
610,7205
789,7205
5576,7205
24,7206
874,7210
1873,7211
3325,7211
38,7212
1653,7212
613,7215
3564,7217
578,7218
6276,7218
2429,7219
4417,7220
4617,7220
7111,7221
2544,7222
194,7223
679,7223
7162,7223
109,7224
3326,7224
0,7225
2294,7226
3469,7226
2883,7229
1749,7230
5005,7231
152,7232
2533,7232
4134,7232
67,7235
4,7236
6259,7236
880,7237
910,7237
71,7238
5971,7241
4616,7242
2894,7243
0,7245
2721,7246
1721,7247
28,7248
4810,7248
462,7249
2113,7249
34,7252
55,7252
5326,7252
378,7254
274,7255
797,7255
4481,7255
325,7256
3138,7256
5626,7256
548,7258
0,7260
2382,7262
2486,7262
381,7264
5779,7264
7036,7265
1,7266
1381,7266
6918,7266
1048,7267
1514,7269
7,7271
4477,7271
4902,7271
5139,7272
1370,7273
1383,7273
466,7276
1660,7278
3174,7278
1241,7279
7122,7279
1733,7281
4860,7282
376,7284
3173,7285
4360,7285
7087,7285
3147,7286
4135,7286
1266,7288
2180,7288
3102,7289
24,7290
371,7290
2028,7290
4,7292
506,7292
5142,7293
6324,7293
281,7294
4454,7294
7057,7294
4,7296
2827,7297
4924,7297
6972,7297
568,7298
4,7300
24,7301
1661,7301
3466,7302
1133,7303
678,7305
4890,7305
243,7307
252,7307
1188,7307
2390,7307
198,7308
21,7309
794,7310
4360,7311
1124,7313
21,7314
232,7314
546,7314
1601,7315
458,7319
4751,7320
4446,7322
6874,7322
1043,7323
2659,7323
3424,7323
4,7327
1138,7327
2325,7328
3785,7329
5168,7329
71,7330
4411,7331
642,7335
4774,7337
6117,7338
2326,7339
4863,7339
864,7340
24,7341
4411,7342
681,7343
4852,7343
654,7345
5069,7345
1,7347
634,7347
1152,7347
2604,7347
56,7354
4499,7356
4860,7357
2818,7359
6003,7359
2545,7362
194,7363
1927,7363
6814,7364
284,7365
6284,7366
316,7368
206,7370
2104,7370
4292,7370
77,7371
256,7374
1048,7374
4069,7375
1321,7376
6326,7376
6829,7376
826,7377
5943,7378
1427,7379
2609,7379
218,7380
439,7380
4655,7380
5414,7380
1009,7383
2565,7383
296,7384
1658,7384
3474,7384
5413,7384
990,7385
3454,7385
4433,7386
4030,7387
2425,7389
281,7392
913,7392
386,7393
4328,7394
3508,7396
6914,7396
6003,7398
28,7400
2824,7401
4176,7401
5943,7401
216,7404
4879,7405
1,7406
924,7408
3760,7408
6089,7408
1101,7409
6525,7410
2995,7412
110,7413
885,7413
898,7413
6665,7413
283,7414
3142,7415
6484,7415
6595,7415
2961,7420
946,7421
1046,7423
1423,7425
21,7429
661,7429
817,7429
938,7431
5848,7433
6309,7433
28,7434
1119,7434
162,7436
186,7438
642,7438
93,7440
7024,7440
2387,7441
3348,7441
1232,7442
2703,7443
169,7445
2885,7445
347,7446
72,7447
109,7450
2689,7450
148,7451
2062,7451
4109,7451
120,7452
696,7452
3564,7453
1360,7456
2893,7458
6245,7460
1449,7461
7032,7461
822,7462
2860,7462
1524,7464
3158,7464
341,7466
376,7467
635,7468
3111,7468
6003,7468
153,7469
1530,7469
4444,7469
2422,7471
4677,7471
6184,7475
6337,7475
3686,7476
7161,7476
38,7477
313,7477
289,7478
368,7479
3659,7480
639,7481
52,7482
4322,7482
1902,7484
7480,7484
6,7485
202,7485
382,7485
2924,7486
137,7487
2307,7488
466,7490
687,7491
644,7492
1,7499
6659,7500
263,7501
639,7501
622,7502
3402,7502
4475,7503
6395,7504
25,7506
1275,7506
1384,7506
1816,7506
1836,7506
3705,7506
4937,7507
4336,7508
4879,7509
3192,7510
2226,7512
2540,7512
3479,7512
1097,7513
6598,7514
342,7516
4463,7516
7140,7516
4082,7520
44,7521
746,7521
3305,7522
7366,7522
468,7523
1192,7523
1957,7523
1979,7524
3962,7524
3743,7525
3639,7526
5690,7527
2474,7528
2258,7529
49,7532
6272,7532
5453,7533
0,7534
107,7534
3402,7535
936,7536
4902,7536
38,7537
109,7538
6234,7538
5295,7539
4,7544
18,7545
2390,7549
247,7550
1014,7552
7292,7552
1412,7553
2084,7555
1,7556
3012,7556
598,7557
2378,7557
1400,7558
1632,7558
6064,7559
265,7560
6509,7560
7529,7560
434,7561
162,7562
355,7562
794,7562
3081,7563
3564,7564
578,7565
3390,7566
910,7570
1439,7570
3825,7570
5517,7570
28,7571
2302,7571
161,7572
513,7572
617,7572
354,7574
1712,7574
6689,7575
3659,7576
6042,7577
6281,7577
4,7579
288,7580
632,7580
534,7582
11,7583
5692,7583
3557,7584
1344,7585
18,7586
6,7587
4264,7592
3254,7595
3674,7595
69,7596
281,7597
924,7597
2901,7597
88,7598
718,7598
3993,7598
5929,7598
5967,7601
4626,7603
5964,7603
0,7604
5168,7604
276,7605
2883,7605
3135,7606
877,7607
3149,7607
467,7614
2492,7616
628,7617
668,7618
44,7619
140,7620
28,7622
69,7623
548,7623
5196,7623
809,7625
6513,7625
1161,7627
7601,7627
71,7629
68,7630
341,7631
4095,7631
1967,7632
2640,7633
2008,7634
467,7637
252,7638
6558,7638
202,7639
1097,7639
3289,7639
3724,7640
580,7641
7379,7641
486,7642
2146,7642
467,7643
4672,7643
3483,7644
109,7647
1459,7647
6283,7647
0,7648
252,7648
4877,7648
507,7649
110,7650
1529,7652
251,7653
4677,7654
54,7655
645,7655
648,7658
3627,7658
21,7660
368,7660
4174,7660
5631,7661
0,7662
36,7662
6018,7662
25,7666
6924,7666
327,7667
7211,7667
293,7668
1530,7669
4480,7670
6876,7670
11,7671
110,7671
1082,7671
710,7672
2027,7673
634,7674
5827,7675
1556,7677
4442,7678
2275,7681
4095,7682
661,7685
6086,7687
219,7689
4135,7692
25,7693
299,7693
5567,7693
268,7697
4590,7700
494,7702
3193,7703
1804,7705
5858,7705
4398,7706
6705,7706
160,7708
378,7709
119,7711
2306,7711
4901,7713
910,7716
2379,7717
998,7719
2049,7719
7652,7719
2545,7721
1876,7723
7097,7723
2599,7726
1,7727
387,7729
561,7729
434,7731
202,7732
7006,7732
18,7733
1192,7733
198,7735
6664,7735
5683,7736
2486,7738
2761,7738
6156,7740
6,7741
5883,7741
2631,7742
6689,7742
6562,7743
2272,7744
2997,7744
4410,7744
839,7747
1970,7750
0,7751
7460,7752
5517,7753
4446,7754
4662,7754
993,7755
4634,7755
294,7756
1125,7757
4736,7757
6,7758
889,7759
5029,7759
25,7760
7383,7760
56,7763
5973,7763
122,7764
5814,7764
11,7765
888,7765
558,7768
347,7770
623,7770
3326,7770
2599,7771
157,7773
2165,7773
2251,7774
55,7775
880,7775
1935,7775
5772,7775
107,7777
342,7778
1800,7778
486,7779
1253,7781
4851,7782
466,7785
589,7785
298,7787
6625,7787
7017,7788
2472,7790
277,7791
6154,7791
1082,7793
257,7794
6003,7796
207,7797
2168,7797
5566,7797
184,7799
294,7799
2994,7799
5465,7800
7544,7801
1822,7803
3687,7803
4467,7803
7476,7805
2043,7806
141,7807
1711,7809
716,7810
5623,7810
7142,7812
36,7813
107,7814
6637,7814
202,7816
6119,7816
100,7820
3286,7820
6244,7821
1638,7823
6833,7823
5611,7825
5613,7825
7110,7825
304,7826
2276,7829
3174,7829
6138,7830
8,7831
1695,7832
595,7833
5968,7833
812,7834
24,7835
898,7835
0,7836
0,7837
38,7837
198,7839
361,7840
1262,7841
1336,7841
109,7845
3341,7845
7829,7846
111,7847
522,7847
3677,7847
7648,7848
5230,7849
2937,7851
1288,7852
1,7853
2607,7856
4464,7857
7601,7858
52,7859
79,7859
8,7861
622,7861
626,7861
298,7862
993,7862
5925,7862
5240,7863
7744,7864
4828,7865
5078,7868
38,7869
174,7870
4480,7870
910,7873
4525,7875
434,7877
3016,7877
4980,7877
1668,7880
2695,7884
3506,7884
7773,7884
945,7885
7598,7886
2755,7887
4130,7887
622,7888
1046,7889
6267,7890
3374,7892
5067,7894
4246,7895
3926,7897
6136,7898
7327,7898
171,7904
3075,7906
4681,7908
2651,7909
6623,7911
4854,7913
5883,7913
7829,7914
2251,7915
788,7916
4,7917
21,7917
744,7918
5535,7919
5768,7919
0,7920
28,7922
1971,7922
3580,7924
2122,7925
642,7926
86,7927
402,7927
586,7928
5710,7928
804,7929
1647,7929
1048,7931
5118,7931
1250,7932
707,7933
3288,7933
2431,7934
681,7937
1277,7937
2065,7940
1819,7941
7861,7942
113,7943
639,7943
140,7944
2467,7944
7832,7944
702,7945
879,7945
2123,7945
2566,7945
4755,7945
4516,7947
386,7948
2599,7949
56,7950
1043,7950
7521,7954
2599,7955
4877,7959
481,7960
2639,7960
4706,7960
6399,7960
1660,7961
337,7962
946,7962
7052,7962
7155,7963
534,7965
2527,7966
5176,7968
723,7969
4016,7971
2446,7974
7235,7974
3613,7976
4901,7976
6853,7976
7488,7976
4,7978
7157,7982
4,7983
69,7985
6634,7985
1039,7986
4918,7986
7574,7986
2609,7987
56,7988
5773,7988
1725,7990
1966,7990
3003,7992
6153,7993
41,7994
1249,7995
1506,7995
466,7996
1014,7996
2325,7996
28,7999
913,8000
3659,8000
4360,8001
303,8002
286,8005
2575,8005
888,8006
4710,8006
2431,8010
6664,8010
431,8011
1848,8011
68,8015
3850,8017
5848,8017
2058,8019
913,8021
449,8022
1121,8023
4412,8023
4463,8023
334,8024
3345,8025
0,8026
938,8026
4289,8027
110,8028
258,8028
445,8028
635,8028
1558,8033
2248,8033
2354,8034
3164,8034
38,8038
86,8038
276,8038
3717,8038
884,8039
1948,8040
3205,8040
1016,8041
4353,8043
1514,8045
416,8048
1259,8050
7305,8050
7162,8051
11,8052
4120,8053
1071,8054
449,8055
2330,8056
328,8059
2401,8061
1810,8064
3808,8065
2197,8067
3744,8067
2597,8069
4676,8070
7,8071
668,8072
44,8073
901,8075
7,8078
170,8079
997,8080
2580,8080
3168,8081
182,8082
2480,8082
5496,8082
28,8084
4688,8084
3914,8086
0,8087
25,8091
2255,8091
2478,8091
1046,8092
1843,8092
294,8093
617,8093
1836,8093
908,8094
6283,8094
1465,8096
1140,8097
3018,8097
5235,8097
0,8098
855,8099
267,8100
24,8101
122,8101
3374,8101
7,8102
171,8102
809,8102
4,8103
3706,8103
3930,8103
789,8104
5557,8104
69,8105
6032,8105
267,8106
2197,8106
2754,8106
3477,8106
4256,8108
4467,8108
294,8109
1165,8113
1014,8114
2020,8114
4371,8114
1048,8115
4235,8116
6912,8117
2959,8118
2747,8120
4879,8120
6814,8120
2661,8121
1887,8122
2142,8122
17,8123
3853,8123
398,8124
7617,8124
4497,8126
1013,8127
1113,8127
1039,8129
3705,8129
6551,8133
1241,8134
1918,8134
3180,8134
6250,8135
4318,8136
251,8137
6527,8137
113,8140
2643,8140
449,8142
6513,8144
2245,8145
3323,8145
4,8146
699,8146
3162,8148
3420,8151
5664,8151
1887,8152
4258,8152
4761,8153
0,8154
622,8156
294,8157
7544,8157
363,8158
1288,8158
21,8159
787,8159
4,8162
2638,8162
6898,8164
707,8165
2417,8165
4758,8165
1241,8167
1683,8171
4258,8171
7587,8171
3564,8172
5477,8173
6051,8174
810,8175
2520,8176
2647,8176
4810,8176
5822,8176
1998,8177
5472,8180
1173,8181
5106,8188
2429,8189
679,8194
378,8195
1841,8196
6771,8199
69,8200
3674,8202
1400,8205
4180,8206
608,8208
5235,8208
939,8209
4738,8209
879,8210
4258,8213
190,8214
3096,8214
3686,8215
4649,8216
1939,8217
3323,8218
1880,8219
1505,8220
2787,8220
6097,8221
7913,8222
2737,8223
32,8224
5836,8224
715,8225
1800,8226
5969,8226
1588,8227
2285,8228
665,8229
273,8230
120,8231
1489,8231
4246,8231
24,8235
4172,8235
6196,8236
1625,8238
6508,8238
1270,8239
49,8241
5089,8241
0,8242
4530,8242
5566,8242
304,8243
386,8248
617,8248
8122,8248
3955,8249
7898,8249
2844,8251
1668,8252
6376,8254
4129,8258
61,8259
79,8261
5624,8261
920,8262
809,8263
277,8265
1342,8265
1795,8265
120,8266
598,8266
6829,8266
1001,8267
4174,8267
5610,8267
8172,8268
2202,8269
122,8271
2589,8272
3138,8274
528,8277
7648,8277
7023,8278
3390,8279
8277,8279
5369,8280
611,8281
4,8282
1168,8282
6374,8283
1121,8286
0,8287
153,8287
232,8288
578,8290
1039,8290
2126,8290
2823,8290
3369,8291
3882,8291
1463,8292
1127,8293
6821,8294
86,8295
1039,8295
1,8297
140,8297
1386,8297
2500,8297
318,8299
789,8299
7810,8299
1002,8301
28,8302
1307,8302
1907,8302
809,8303
3159,8307
5276,8307
11,8308
3822,8312
564,8313
7366,8316
1259,8317
5556,8317
4361,8319
5031,8319
1386,8320
578,8322
548,8323
230,8325
431,8325
6290,8325
206,8326
524,8328
644,8328
3749,8328
4260,8328
3843,8330
128,8331
4630,8334
5230,8334
7385,8334
2162,8336
6444,8336
1096,8338
1628,8338
1588,8340
145,8341
678,8341
6309,8341
4519,8342
5812,8347
207,8349
371,8349
5827,8349
3174,8357
1070,8358
169,8359
355,8359
7347,8361
8286,8361
2717,8362
6661,8362
28,8364
325,8365
67,8366
1588,8366
3129,8368
2932,8369
548,8370
1683,8370
1942,8372
28,8373
564,8374
7450,8375
962,8376
110,8378
1542,8378
4963,8378
265,8380
589,8381
2609,8381
4937,8382
1390,8387
1842,8387
7226,8387
66,8389
856,8389
1978,8389
4357,8390
1861,8391
439,8392
1993,8392
3587,8393
4731,8395
434,8396
8156,8396
580,8397
28,8398
6379,8398
180,8402
5922,8402
6093,8402
5278,8404
17,8405
1252,8408
1837,8408
77,8410
312,8411
2303,8411
2246,8412
2845,8415
4091,8415
5374,8415
7868,8415
8040,8415
5679,8417
622,8418
7603,8418
2429,8419
1485,8420
7823,8421
4729,8422
5313,8422
6207,8422
715,8423
1068,8424
4930,8424
18,8425
125,8425
6805,8426
7919,8427
1992,8428
1842,8429
4442,8429
6892,8430
354,8432
4258,8432
3381,8433
3582,8434
6924,8434
7778,8434
8381,8434
56,8435
5636,8435
2250,8436
4126,8436
7702,8436
177,8437
2936,8437
3696,8438
3832,8439
7149,8442
661,8444
1727,8445
6300,8446
328,8448
452,8448
609,8448
2651,8448
2542,8450
0,8451
301,8454
1127,8454
3877,8454
6766,8457
0,8460
2275,8460
2886,8460
4126,8460
2640,8461
3057,8461
1953,8462
5263,8463
4256,8464
371,8466
449,8466
6729,8467
874,8468
3955,8468
68,8469
286,8469
962,8469
6973,8470
738,8471
1821,8471
5124,8472
3774,8473
2325,8475
5962,8475
468,8476
4487,8476
0,8478
5649,8478
3972,8479
5773,8481
1796,8483
25,8484
243,8485
797,8485
1269,8485
1558,8486
11,8488
1638,8488
6988,8488
0,8489
387,8489
1412,8489
1993,8489
595,8491
2705,8495
3050,8495
4081,8496
1466,8497
3091,8497
28,8498
1853,8499
2209,8499
891,8500
41,8502
268,8502
242,8503
1352,8503
28,8504
810,8507
732,8508
2628,8511
599,8512
1081,8512
1970,8512
208,8513
1023,8513
1043,8513
6918,8513
68,8514
8000,8514
7255,8516
7055,8518
1084,8519
4013,8519
1737,8521
7327,8522
2523,8523
5968,8523
425,8525
3825,8526
4,8528
5457,8528
7648,8530
3672,8531
4820,8531
8226,8531
4834,8532
6207,8532
2638,8533
5168,8533
6222,8533
6508,8535
7532,8536
467,8538
86,8540
2294,8540
1968,8541
578,8542
1907,8542
2359,8543
5106,8543
6972,8543
88,8544
5323,8544
6180,8545
2823,8547
4516,8550
4253,8553
2391,8554
3563,8555
4488,8555
4143,8559
3512,8561
710,8563
788,8563
1836,8563
268,8565
1048,8565
41,8566
4202,8566
3380,8567
3714,8567
4038,8568
8103,8568
3893,8570
1853,8571
6611,8573
1489,8574
4,8577
1945,8577
45,8578
5762,8579
41,8580
1389,8580
6884,8581
1841,8582
5844,8582
1936,8583
3648,8583
3098,8585
109,8586
467,8586
1597,8586
1269,8587
119,8588
197,8590
2499,8590
1695,8592
266,8593
32,8596
347,8597
522,8597
6113,8597
1642,8601
1887,8602
4065,8602
5883,8603
7641,8607
0,8608
68,8608
151,8608
1979,8608
6111,8608
8120,8611
55,8613
1917,8614
4,8617
171,8617
546,8618
268,8619
2695,8619
202,8621
4539,8623
1907,8626
5566,8628
6665,8628
3686,8631
5255,8633
202,8634
374,8634
1013,8634
396,8635
542,8635
2141,8635
3413,8636
242,8639
4942,8639
2139,8641
6479,8641
5807,8642
6904,8642
180,8644
355,8645
884,8646
5661,8646
24,8647
6031,8647
715,8650
2455,8650
434,8651
231,8653
400,8653
3216,8656
1668,8657
71,8659
2209,8659
1836,8661
8583,8661
17,8663
1668,8663
3085,8663
182,8666
1820,8668
6748,8668
1131,8669
5526,8671
1530,8673
7408,8673
4187,8676
4360,8676
69,8677
699,8677
1,8678
17,8679
153,8679
7006,8679
3225,8680
69,8686
1037,8686
2168,8687
2593,8687
0,8688
3587,8689
3253,8690
6924,8690
980,8692
1489,8692
4447,8692
0,8693
4254,8693
4257,8697
838,8700
5690,8701
110,8704
1873,8704
7023,8704
3892,8706
109,8707
274,8707
5232,8707
1600,8708
3133,8709
3185,8709
4260,8710
3837,8711
568,8712
2948,8714
855,8715
1124,8715
1474,8715
5599,8716
4,8718
468,8718
2135,8718
3396,8718
194,8721
2603,8721
935,8722
466,8723
8079,8723
1433,8725
1654,8725
3430,8726
4352,8726
5065,8727
4251,8728
6243,8728
1748,8731
4180,8731
1768,8732
2191,8737
124,8741
1061,8742
2162,8742
8341,8743
3004,8744
760,8745
846,8745
2372,8745
3064,8745
2154,8746
0,8751
548,8751
25,8753
341,8754
1069,8756
1733,8756
8519,8756
252,8758
1782,8758
1400,8759
2294,8760
7396,8760
198,8763
162,8765
8134,8765
1935,8766
4706,8766
5567,8766
6225,8766
3744,8768
71,8769
4444,8769
2658,8770
237,8772
347,8772
547,8773
4922,8773
6267,8773
7290,8774
3832,8777
987,8779
5279,8779
1228,8780
3575,8780
6611,8785
1953,8788
2906,8788
7172,8790
3532,8791
6610,8793
28,8795
769,8795
486,8796
578,8796
5026,8796
2117,8798
6216,8798
8586,8798
2076,8800
266,8805
61,8806
3619,8806
628,8807
5452,8807
236,8810
242,8810
508,8810
7619,8810
2249,8812
6096,8812
1014,8813
7506,8814
4273,8815
6682,8816
623,8818
1926,8818
2804,8818
5738,8818
5028,8819
7865,8820
2092,8821
3204,8821
139,8822
5353,8823
2717,8824
2735,8824
5736,8827
36,8828
7281,8829
3788,8830
6799,8830
36,8834
8108,8835
561,8836
4,8837
55,8840
299,8841
1527,8848
2118,8848
5566,8848
2234,8850
7527,8850
1527,8851
1571,8851
2909,8851
4,8853
6953,8853
8463,8855
3686,8858
2459,8859
542,8860
4044,8860
5620,8860
195,8861
2197,8862
7080,8863
5069,8864
5930,8865
5990,8865
8522,8865
56,8866
3603,8866
5844,8866
804,8867
0,8868
1009,8873
8478,8873
648,8874
8772,8874
2275,8875
2631,8878
290,8879
7206,8879
2285,8880
7668,8880
3724,8881
7096,8882
7873,8885
2477,8886
2488,8886
6326,8886
5015,8888
1508,8889
2062,8889
3297,8889
7155,8891
965,8892
1816,8892
5732,8893
153,8895
5407,8895
71,8896
4525,8896
2565,8897
3532,8897
7370,8897
4161,8902
21,8905
797,8905
202,8906
1905,8906
2580,8907
21,8908
381,8908
0,8909
75,8909
5996,8909
1505,8910
3506,8911
7112,8911
5816,8912
468,8913
639,8914
756,8914
3170,8914
431,8917
2545,8917
5434,8918
2737,8919
2379,8921
4,8922
251,8924
4251,8925
4342,8926
19,8927
1143,8928
2197,8930
717,8931
4467,8935
661,8936
376,8938
8677,8938
3483,8939
6955,8939
361,8940
1550,8940
6459,8940
151,8941
5106,8941
1277,8942
0,8946
171,8946
3032,8946
3972,8946
3119,8947
6700,8947
342,8950
6074,8952
77,8953
2802,8953
466,8956
7506,8956
924,8958
6154,8958
8579,8959
4,8961
647,8961
4360,8961
56,8963
180,8964
4171,8964
5570,8964
141,8965
555,8966
3723,8966
7942,8967
4706,8969
6972,8970
1,8971
2695,8971
0,8973
499,8975
1397,8975
542,8976
535,8978
578,8980
5468,8980
28,8981
2478,8982
4174,8984
711,8985
6490,8985
8478,8985
948,8989
6032,8989
4190,8990
5457,8990
769,8991
3577,8993
4462,8994
5114,8994
5883,8994
7962,8994
127,8995
6580,8997
7625,8997
180,8998
632,9000
5366,9003
2372,9004
8873,9004
71,9006
7711,9007
628,9009
2786,9009
453,9011
1748,9012
1237,9013
2343,9013
439,9014
2871,9014
4910,9014
4942,9014
7512,9014
1506,9015
4315,9016
809,9018
28,9019
17,9020
465,9021
8836,9026
0,9028
5401,9028
67,9030
1053,9030
908,9031
4563,9032
316,9033
1595,9034
6985,9034
8291,9034
1841,9035
3560,9035
3565,9038
5546,9038
2523,9039
5827,9039
140,9040
709,9040
7713,9040
955,9041
6287,9044
268,9047
8756,9047
1021,9049
4193,9049
1629,9051
3307,9051
7363,9051
234,9052
409,9052
6459,9053
195,9054
3705,9054
4769,9054
462,9055
1827,9055
6540,9056
599,9057
109,9058
2597,9058
3870,9058
6458,9060
2434,9061
2529,9062
5293,9062
3717,9063
3934,9064
3804,9066
6064,9066
21,9067
0,9068
729,9068
2123,9069
3249,9069
661,9071
2216,9072
2243,9072
5894,9074
2049,9075
6611,9076
3064,9077
4218,9077
47,9078
4,9082
1181,9082
2136,9084
756,9085
32,9087
6892,9087
5928,9088
1096,9089
4901,9089
668,9090
1948,9090
3230,9092
1196,9094
1681,9095
810,9098
1907,9098
8805,9100
6318,9101
2883,9103
4546,9104
2458,9105
3539,9105
110,9107
238,9108
1273,9109
2741,9109
7441,9110
2308,9112
7026,9113
764,9115
5351,9115
2221,9116
1708,9117
3248,9117
4130,9118
6077,9119
400,9120
1039,9120
1819,9120
1661,9122
113,9124
7585,9125
1262,9131
1588,9132
2695,9132
6859,9132
810,9133
7962,9134
195,9139
6972,9139
654,9141
7524,9141
6595,9142
4289,9143
5887,9144
3395,9148
930,9149
2972,9150
526,9152
1492,9153
8026,9153
8963,9155
52,9158
0,9159
7851,9160
6859,9161
8680,9163
151,9164
5401,9164
41,9165
198,9165
1970,9167
6912,9167
293,9169
1321,9170
9004,9170
4258,9171
5866,9172
5797,9173
273,9174
3816,9175
1235,9177
1127,9178
5987,9178
2307,9179
3063,9179
3518,9179
4810,9180
0,9182
3354,9182
7366,9182
5089,9183
242,9184
506,9184
7570,9184
4922,9185
5866,9185
28,9187
1841,9188
3169,9188
67,9189
5286,9189
684,9191
0,9192
267,9194
171,9195
162,9196
7944,9197
65,9198
2903,9198
9179,9198
5933,9199
2313,9200
2302,9203
304,9204
383,9204
4082,9204
8214,9204
2359,9205
2432,9205
681,9214
3785,9214
8433,9214
251,9215
17,9216
5715,9218
5967,9219
109,9220
1748,9220
2565,9220
1742,9221
4219,9223
580,9224
617,9225
3518,9225
8434,9225
362,9226
874,9226
913,9228
5960,9228
8721,9229
757,9230
1459,9232
0,9233
28,9233
4241,9233
8788,9236
6892,9237
3523,9238
4,9241
1846,9243
7480,9243
641,9244
2162,9245
398,9246
409,9246
946,9246
3932,9246
1325,9248
477,9249
6102,9249
1542,9250
2429,9251
6792,9251
4360,9252
7614,9253
4095,9255
400,9257
2660,9258
6876,9260
8039,9260
2390,9261
3396,9261
641,9262
2483,9262
439,9264
157,9265
2020,9265
86,9266
4509,9266
3015,9267
8395,9268
716,9269
72,9271
3210,9271
996,9272
2438,9272
7492,9272
113,9274
789,9274
7415,9277
28,9279
3064,9280
465,9284
8680,9284
1683,9286
0,9287
25,9287
1403,9288
2448,9292
1262,9294
7092,9294
7258,9294
661,9295
7709,9295
3174,9297
109,9298
8593,9298
789,9299
1238,9299
8571,9300
2065,9301
4674,9302
242,9303
7516,9303
1537,9304
3764,9305
7647,9306
8274,9307
1733,9309
9187,9309
299,9310
1574,9311
5628,9311
5846,9311
7765,9311
6165,9312
6763,9313
3082,9314
3374,9314
3523,9314
1704,9316
8369,9317
905,9319
4009,9319
38,9320
6138,9320
2737,9326
6951,9327
548,9329
563,9330
2305,9331
3717,9331
4759,9333
7038,9333
4,9334
2504,9334
154,9335
7111,9335
8175,9335
3098,9336
286,9337
7188,9338
978,9339
96,9343
6972,9344
1557,9346
4486,9347
4902,9348
564,9349
679,9349
449,9350
3323,9350
2390,9351
4662,9351
676,9353
8251,9353
486,9354
1624,9354
6123,9354
438,9355
1577,9356
400,9357
947,9357
1459,9357
1876,9357
1589,9358
5804,9359
2632,9360
4354,9360
1797,9361
328,9362
6043,9362
1525,9363
2480,9363
1121,9365
2245,9365
5900,9365
961,9366
9232,9366
6448,9370
3533,9371
9360,9373
6572,9374
0,9375
2846,9375
0,9376
54,9379
7182,9379
56,9380
69,9382
783,9382
4289,9383
2431,9384
8834,9384
8861,9384
896,9386
169,9389
2791,9389
145,9391
4477,9391
801,9393
452,9397
7,9398
286,9400
1427,9400
783,9401
1050,9402
2247,9402
5080,9402
6320,9403
8721,9403
907,9404
2729,9404
41,9405
9031,9406
28,9407
7630,9410
44,9413
2386,9413
3899,9413
4264,9413
2022,9414
4677,9416
2993,9417
6559,9420
2472,9424
1014,9427
1514,9427
4124,9427
2429,9430
4176,9430
4767,9432
9380,9432
784,9433
1500,9434
3321,9436
1082,9437
5388,9437
28,9438
3036,9438
38,9439
1668,9442
5327,9446
7009,9446
2136,9450
7662,9450
4038,9451
5807,9451
136,9452
1125,9452
4653,9452
2889,9453
9004,9453
780,9455
2023,9455
2078,9456
3601,9456
5166,9456
329,9457
71,9458
5388,9458
2204,9459
2427,9459
1801,9460
5150,9461
0,9462
2504,9462
236,9464
4626,9464
136,9465
613,9466
266,9470
3111,9474
238,9475
4728,9475
1946,9477
2455,9477
5906,9480
2026,9481
2151,9481
5498,9484
406,9488
1655,9488
8349,9489
7460,9491
68,9493
124,9493
927,9493
2760,9493
3592,9493
126,9495
4487,9495
7832,9495
3717,9496
5814,9496
2744,9497
3169,9497
760,9499
1492,9501
1492,9502
36,9503
88,9504
4057,9504
4902,9505
7290,9505
8693,9506
1327,9507
44,9509
3661,9510
6598,9510
7633,9510
3626,9511
6307,9511
607,9512
2886,9512
4353,9514
28,9515
880,9516
9109,9516
71,9517
3142,9517
468,9518
174,9519
547,9519
1131,9519
4442,9519
4376,9520
532,9524
2343,9524
5108,9524
6904,9524
7592,9525
21,9526
2151,9526
3809,9526
7162,9526
3686,9527
924,9528
1873,9528
2509,9528
5435,9528
243,9529
8693,9529
170,9530
3127,9530
4574,9530
2053,9532
1329,9534
4,9536
5591,9536
932,9537
5368,9537
9216,9537
294,9540
2951,9541
8673,9541
5836,9542
4078,9543
7861,9544
6,9546
533,9546
794,9546
1137,9546
3994,9547
870,9548
5288,9550
577,9551
4078,9551
8647,9551
9019,9551
2065,9552
9524,9553
1601,9556
467,9559
924,9559
1081,9559
3760,9559
55,9560
635,9560
4293,9561
1070,9562
1967,9562
0,9565
88,9565
4295,9565
6102,9568
151,9570
1528,9572
623,9574
337,9577
822,9577
2379,9577
5825,9577
400,9578
2474,9578
9013,9578
9544,9579
4275,9580
376,9582
2628,9583
602,9584
1861,9586
45,9587
265,9588
2024,9589
2151,9589
2275,9593
202,9594
924,9596
5787,9598
521,9600
9475,9601
2569,9602
3174,9602
4506,9602
449,9604
6061,9604
9052,9604
822,9605
947,9605
1862,9605
8947,9606
2107,9607
119,9608
3075,9610
3248,9610
0,9611
1048,9611
8402,9611
5521,9612
4261,9613
2603,9615
679,9616
7434,9616
195,9618
1423,9622
5848,9623
1400,9624
9188,9624
6,9625
2500,9633
8476,9633
4884,9634
6829,9634
462,9635
2995,9635
41,9636
608,9636
6349,9640
9546,9641
5832,9643
88,9645
165,9646
4706,9647
376,9648
333,9649
8772,9649
88,9651
4901,9652
556,9653
6173,9653
4477,9654
4538,9656
1387,9657
891,9658
1012,9658
7051,9659
44,9662
7942,9665
5754,9666
4188,9667
28,9668
84,9668
362,9668
8230,9669
69,9671
531,9672
1746,9676
1810,9677
28,9679
404,9679
109,9680
3899,9680
0,9683
28,9683
169,9683
4020,9684
4,9685
2693,9685
6234,9685
8580,9686
487,9688
3655,9688
1488,9690
1506,9696
41,9697
571,9697
826,9699
5205,9700
8574,9700
251,9701
4,9702
341,9702
888,9703
7859,9706
1638,9707
49,9708
5117,9708
3555,9710
578,9711
2429,9711
648,9713
2593,9713
7605,9713
391,9714
2046,9714
617,9715
5308,9715
7743,9716
69,9717
293,9717
1273,9717
243,9719
492,9719
2372,9721
4696,9721
5218,9721
2165,9722
4523,9722
212,9723
3390,9723
2086,9724
2302,9724
6591,9727
283,9728
2435,9729
635,9730
3545,9730
4536,9730
1180,9731
635,9732
7529,9732
4315,9733
6196,9736
182,9738
513,9739
5100,9739
2383,9742
7132,9742
4706,9743
18,9744
328,9744
8115,9744
3645,9745
4255,9746
5679,9746
8254,9746
1525,9748
162,9750
8249,9750
3107,9751
0,9752
38,9752
810,9753
21,9754
568,9755
2543,9755
8851,9755
1061,9758
2516,9760
162,9761
1656,9761
329,9762
589,9762
4447,9762
7009,9762
3560,9763
153,9764
1923,9764
8393,9764
1015,9765
1342,9765
32,9767
4187,9768
9529,9768
2117,9770
8596,9770
1485,9771
2432,9771
3028,9772
299,9773
1841,9773
5472,9773
4573,9774
109,9776
1124,9776
1342,9777
7976,9777
2884,9778
113,9781
1071,9784
4870,9784
152,9787
2327,9787
5834,9788
4368,9790
7736,9790
8124,9790
3569,9791
107,9793
4,9794
809,9794
5530,9794
111,9795
754,9797
4185,9798
4,9799
1284,9799
8938,9799
4864,9800
439,9801
508,9801
7825,9801
2492,9803
2599,9803
449,9804
4069,9804
162,9805
3154,9805
36,9808
508,9809
5924,9812
433,9813
9184,9813
910,9816
2628,9818
5056,9820
136,9821
602,9821
608,9821
754,9821
6383,9822
8818,9822
8513,9823
86,9824
162,9824
368,9826
2330,9831
88,9833
123,9833
2785,9833
1653,9837
1946,9841
7830,9841
238,9842
927,9843
2285,9845
4109,9845
49,9846
534,9846
913,9846
8930,9846
3672,9849
6399,9849
1534,9850
499,9851
7677,9852
468,9853
1801,9853
3846,9853
4198,9854
265,9857
1235,9857
2435,9857
9141,9858
9346,9858
269,9859
1115,9860
36,9862
1292,9862
8646,9862
2203,9863
402,9864
708,9865
4166,9866
4480,9866
293,9867
896,9867
3900,9868
2660,9869
137,9870
3513,9871
18,9872
1183,9872
3626,9872
4612,9872
7366,9872
8378,9873
2088,9874
2569,9874
291,9875
993,9875
1116,9875
6129,9877
1638,9878
34,9881
1268,9881
4365,9882
1979,9883
2987,9883
7873,9883
106,9884
3127,9885
9794,9885
28,9887
2234,9887
4848,9891
5002,9892
838,9894
7315,9895
9480,9896
467,9897
1,9898
4419,9898
9430,9899
7851,9900
1708,9905
71,9906
4176,9906
4596,9906
6456,9906
2844,9907
468,9910
1357,9911
6885,9911
9016,9911
148,9912
794,9913
1418,9913
0,9914
38,9914
5643,9916
4791,9917
38,9919
2523,9919
4167,9920
449,9924
3180,9924
361,9926
294,9932
6067,9933
462,9934
468,9935
566,9935
8291,9935
3506,9936
3719,9936
7675,9936
5089,9937
433,9938
4766,9939
71,9940
402,9943
1483,9943
1055,9948
3578,9948
4110,9948
251,9949
687,9950
7810,9950
5468,9951
9606,9953
617,9954
151,9955
208,9956
1864,9958
1527,9960
1965,9960
1096,9961
298,9962
1314,9962
1796,9962
4864,9962
8659,9962
8963,9962
1684,9963
2514,9964
699,9966
4415,9966
6722,9966
4,9968
298,9970
6510,9970
454,9971
1800,9972
9183,9972
7276,9973
1653,9974
1040,9976
1055,9976
1506,9976
9719,9976
400,9978
6231,9978
829,9979
409,9980
967,9981
901,9982
413,9983
3075,9983
2031,9984
4091,9984
5048,9984
153,9985
1592,9985
5089,9985
32,9986
286,9992
2114,9993
265,9996
2993,9998
