0,1
0,5
1,5
0,6
5,6
5,7
6,7
1,8
0,10
0,11
5,12
1,13
0,14
1,15
6,15
15,16
6,18
6,19
0,20
1,20
20,21
14,25
1,26
16,27
0,28
6,28
20,28
1,30
7,30
15,30
1,31
1,32
6,32
7,32
16,32
30,32
13,33
1,35
12,38
1,39
31,39
0,40
13,40
5,41
16,41
30,42
14,43
15,44
16,44
38,44
40,45
14,46
0,47
15,47
39,47
39,48
39,49
14,51
47,51
32,54
47,56
51,56
15,57
30,57
39,57
7,58
49,59
15,60
30,60
12,61
5,63
13,63
13,64
51,64
39,65
59,65
14,66
5,67
15,68
39,68
7,69
39,69
1,70
30,72
57,75
64,75
67,75
12,77
40,79
75,80
54,82
56,85
66,87
39,88
40,89
30,90
31,90
49,90
46,91
91,92
47,93
56,93
13,94
16,94
32,94
31,95
95,96
65,97
40,100
80,101
14,102
28,104
43,104
56,107
1,108
77,109
16,110
41,110
91,112
1,113
12,113
18,114
21,114
5,116
39,116
5,118
59,118
39,119
116,119
6,121
56,122
49,123
95,125
14,128
49,129
80,129
128,129
14,130
33,131
63,131
11,132
97,132
128,133
31,135
64,135
64,136
114,136
116,137
43,138
20,139
57,139
64,139
5,141
1,144
0,145
32,147
39,147
116,147
18,149
125,149
58,150
33,151
20,153
28,156
47,156
59,156
47,158
64,158
90,160
91,160
56,162
64,162
69,163
1,165
14,165
101,166
65,168
70,169
136,170
158,173
40,177
158,179
14,182
20,182
67,183
101,184
47,185
1,186
5,187
64,188
116,188
170,188
104,189
5,190
5,192
5,193
18,193
94,194
1,196
51,197
94,198
5,199
97,199
1,201
14,201
30,201
129,202
0,204
44,205
1,206
14,206
1,207
58,207
75,207
198,207
0,208
0,209
64,209
208,209
118,213
28,215
30,215
136,215
19,217
202,218
183,221
173,222
1,223
91,227
205,227
104,228
21,230
18,231
94,231
0,232
14,233
56,233
64,233
123,235
51,236
46,238
96,238
59,239
94,239
31,240
137,241
51,244
129,244
16,248
104,249
198,249
6,250
47,250
54,253
56,254
129,256
7,257
47,258
21,260
31,261
0,262
0,264
10,264
14,264
80,264
156,264
13,266
15,271
136,271
1,272
40,274
1,278
64,278
31,279
64,279
15,280
59,283
149,284
30,285
102,285
235,286
1,287
254,287
112,288
149,289
205,290
129,291
47,293
285,295
58,296
89,296
136,296
31,297
1,298
0,301
40,301
79,303
114,303
258,303
285,303
130,304
8,305
39,305
91,307
132,307
129,308
144,310
7,311
0,314
28,314
207,314
51,316
183,316
121,317
235,317
30,323
15,324
57,324
39,325
47,326
287,326
301,326
90,328
5,329
42,330
163,330
1,331
94,331
118,331
156,331
56,332
0,333
1,333
183,334
316,334
14,339
280,339
14,340
70,343
296,345
286,346
15,348
144,348
112,351
79,352
90,352
51,355
70,356
183,357
165,358
1,359
160,359
33,360
156,361
57,362
156,362
189,362
0,363
6,363
147,363
40,366
67,366
188,366
30,369
323,370
233,371
266,371
80,373
21,374
235,374
56,376
70,376
357,376
116,377
188,379
238,379
1,382
94,382
1,383
5,383
41,383
82,383
147,383
249,384
0,386
51,386
67,386
70,387
122,387
304,387
39,388
1,389
42,389
18,391
249,391
65,392
303,393
129,395
160,395
16,396
260,396
278,396
316,396
40,397
129,398
40,400
249,400
198,402
352,402
207,403
361,403
38,406
288,406
139,407
39,408
5,410
41,410
14,411
149,411
18,412
1,415
383,416
303,417
56,420
97,422
398,422
162,423
288,423
184,427
6,428
64,428
39,430
386,430
188,431
348,432
68,435
114,435
218,436
70,440
1,442
250,443
330,443
387,443
201,444
32,445
39,445
93,447
323,448
361,451
383,455
0,458
0,459
90,459
119,459
215,459
362,459
39,462
47,463
75,463
0,465
213,465
0,466
1,466
64,466
95,472
129,473
147,473
340,473
32,474
137,474
64,475
63,476
47,477
6,481
20,483
389,483
1,484
15,484
49,484
363,484
32,485
40,485
129,485
89,490
339,490
484,490
33,491
6,492
19,493
280,494
476,495
31,496
310,496
0,497
162,497
15,499
233,500
97,501
69,503
264,503
121,505
330,505
94,506
188,507
303,508
15,509
139,510
1,511
93,511
94,512
451,512
262,513
264,514
30,515
215,516
217,516
396,516
16,517
18,517
217,518
94,520
231,521
13,522
18,522
415,522
463,523
40,525
6,527
13,527
130,527
7,528
316,528
97,529
51,531
75,531
331,531
316,536
90,537
188,537
94,538
254,540
376,540
7,541
30,541
32,545
47,549
69,549
209,555
182,556
316,558
284,559
114,561
188,561
540,561
334,562
0,563
549,564
21,567
443,567
1,568
40,569
144,569
8,570
261,570
198,571
5,572
41,572
66,575
16,576
118,576
485,576
96,578
387,578
523,578
348,579
5,580
49,582
144,584
183,585
6,586
97,588
465,590
39,591
56,591
90,594
112,595
39,596
1,597
147,597
158,598
326,598
250,599
44,601
598,601
75,602
64,605
95,605
188,605
67,607
40,611
391,611
13,614
67,614
129,614
463,614
5,616
331,617
30,618
279,619
287,620
591,620
605,620
129,623
182,623
561,623
1,624
75,624
118,626
7,627
1,630
32,630
129,633
14,635
15,636
129,636
69,637
188,638
94,641
150,641
215,641
330,641
7,643
442,644
218,645
605,645
40,646
485,646
12,647
311,647
326,647
32,648
40,648
100,649
260,649
30,650
386,653
39,654
94,655
443,655
484,655
93,656
32,658
182,658
162,659
304,659
90,665
316,666
356,667
31,668
231,669
376,669
75,670
194,670
40,671
568,671
39,672
485,672
0,673
47,674
356,674
549,674
49,675
31,676
170,677
6,678
330,679
331,679
537,679
262,681
443,681
20,682
250,682
59,687
310,687
314,689
57,690
129,690
202,690
139,692
15,693
118,693
198,694
361,698
65,699
514,699
33,700
49,700
291,701
423,701
15,704
93,705
163,706
1,709
35,710
64,712
93,712
576,712
6,713
202,713
296,714
428,714
483,714
303,715
331,715
310,716
160,717
96,720
201,721
188,722
310,722
30,725
323,725
659,725
79,729
129,732
279,732
549,733
162,734
362,737
104,740
260,740
431,740
233,741
630,744
95,745
97,747
65,748
201,748
118,749
125,749
712,750
193,751
314,751
66,752
92,752
729,752
715,753
65,754
5,755
80,755
406,758
64,759
65,759
66,761
463,761
39,762
485,762
5,763
442,765
497,766
6,769
250,771
250,772
93,773
0,775
70,779
614,779
541,780
569,780
39,781
93,781
40,782
605,782
136,784
202,784
561,784
734,784
669,788
33,789
14,790
754,790
185,791
734,797
235,798
43,799
188,799
16,801
169,802
144,803
254,803
501,803
95,805
198,805
248,806
13,808
476,808
712,808
706,809
54,811
188,812
47,813
383,813
348,814
623,814
740,814
501,817
16,818
428,818
1,819
40,822
383,822
630,822
605,823
779,823
129,824
183,826
244,826
5,827
316,827
531,827
31,828
423,829
15,830
331,830
95,831
316,832
0,833
114,834
14,835
49,836
160,837
290,838
676,839
59,840
231,842
576,842
710,842
16,843
39,844
42,844
578,844
410,847
716,847
840,848
218,849
491,849
32,851
132,852
571,854
39,858
656,859
605,860
182,861
761,861
40,862
30,863
95,863
325,866
144,867
184,867
197,867
527,867
215,869
189,870
423,870
250,871
295,871
638,871
330,872
591,872
679,873
630,874
849,874
35,875
0,878
149,878
94,880
56,882
144,882
387,883
840,884
160,887
1,888
374,888
250,889
0,891
408,891
790,896
6,898
139,899
279,899
102,901
64,902
383,902
129,904
594,904
847,904
131,906
476,907
144,908
1,909
331,909
562,912
49,913
80,913
116,913
183,913
5,915
285,915
14,916
1,917
30,921
47,921
184,921
0,922
484,922
528,924
1,926
630,926
356,927
463,927
257,928
483,928
10,930
20,930
443,930
56,933
484,934
104,935
183,935
209,935
847,936
218,937
935,937
672,938
331,939
47,941
389,941
20,942
250,946
888,946
101,947
0,948
576,949
183,951
5,953
591,954
7,955
858,955
828,956
803,957
44,958
64,958
0,960
295,960
648,960
476,963
1,964
540,964
913,964
213,965
808,965
136,966
291,966
325,968
1,970
1,972
485,975
51,979
496,979
630,979
750,982
47,983
280,986
658,987
65,989
158,991
423,991
66,993
649,993
755,993
443,995
635,996
656,996
514,1000
113,1001
129,1002
0,1005
5,1006
40,1008
75,1009
559,1009
215,1010
288,1011
141,1013
184,1013
839,1013
5,1016
227,1017
740,1017
964,1019
14,1020
287,1020
852,1020
39,1021
715,1021
508,1022
655,1023
104,1024
20,1025
896,1025
572,1026
13,1029
916,1029
44,1030
930,1030
260,1031
217,1032
512,1032
141,1035
39,1036
119,1036
492,1036
32,1038
387,1038
443,1039
525,1041
75,1044
56,1047
916,1049
942,1049
867,1053
42,1055
139,1055
357,1055
443,1055
712,1055
448,1056
847,1056
75,1058
101,1058
35,1062
188,1062
490,1064
690,1064
14,1067
65,1069
0,1070
58,1070
781,1070
182,1071
244,1071
549,1071
75,1073
19,1075
1038,1075
331,1076
1,1077
579,1077
39,1079
442,1080
5,1081
79,1081
814,1081
373,1083
463,1084
773,1084
339,1085
0,1086
20,1086
65,1087
809,1089
1009,1094
68,1096
411,1096
630,1096
874,1097
28,1100
458,1100
1062,1100
285,1101
144,1102
705,1102
715,1102
68,1104
362,1104
630,1104
30,1106
1020,1108
473,1109
790,1109
490,1110
605,1110
679,1110
395,1112
420,1112
104,1114
665,1116
989,1116
954,1117
528,1119
310,1121
110,1123
427,1124
714,1125
1,1128
705,1128
201,1131
477,1131
264,1132
40,1133
1016,1133
495,1134
1100,1136
402,1137
0,1138
40,1138
18,1140
49,1142
1086,1142
6,1143
158,1144
701,1146
803,1147
536,1148
79,1150
310,1150
348,1150
1009,1150
947,1151
1119,1151
14,1153
39,1153
826,1155
0,1156
387,1157
80,1158
790,1160
699,1163
513,1164
75,1165
1102,1165
549,1166
516,1168
59,1170
591,1170
45,1171
47,1171
1025,1174
35,1175
162,1175
303,1175
458,1175
49,1176
65,1176
28,1179
67,1180
1036,1182
144,1183
5,1184
1132,1185
740,1186
19,1187
443,1188
16,1190
162,1191
854,1193
68,1194
82,1195
674,1195
904,1195
14,1198
209,1198
183,1199
511,1200
0,1203
39,1203
591,1203
197,1206
6,1209
46,1209
114,1209
332,1209
5,1211
463,1212
643,1212
39,1213
91,1213
715,1216
926,1217
585,1219
5,1220
94,1220
35,1221
679,1223
14,1224
69,1224
771,1225
781,1226
630,1229
1157,1229
56,1231
1,1232
1110,1233
373,1234
75,1237
310,1241
851,1241
94,1242
307,1242
506,1242
1,1243
82,1244
129,1247
955,1249
32,1251
201,1252
964,1252
1079,1252
94,1253
459,1253
65,1255
15,1256
136,1258
198,1258
510,1258
1104,1258
570,1259
144,1263
64,1264
891,1264
65,1265
304,1265
14,1266
1,1267
1220,1269
303,1270
874,1270
40,1271
495,1271
790,1271
712,1273
228,1275
1209,1275
493,1276
1025,1276
1234,1279
56,1280
95,1280
138,1281
340,1281
1,1282
630,1282
1035,1283
391,1285
1112,1285
249,1286
377,1286
1271,1287
183,1288
201,1288
288,1288
528,1288
576,1290
1285,1290
614,1292
916,1295
1140,1295
720,1296
902,1296
75,1297
284,1297
755,1297
1002,1298
325,1299
358,1301
89,1302
986,1302
503,1303
1,1307
213,1307
448,1307
32,1309
869,1312
1290,1313
40,1316
264,1319
88,1320
303,1320
501,1320
867,1321
141,1323
880,1325
202,1328
591,1328
1151,1328
1307,1328
7,1329
80,1330
1285,1330
33,1333
722,1333
198,1334
63,1335
6,1336
91,1337
228,1337
231,1337
594,1337
814,1337
878,1337
672,1340
65,1341
70,1341
287,1341
443,1341
139,1342
655,1342
492,1343
594,1343
838,1344
591,1346
1276,1346
16,1347
32,1347
30,1348
205,1348
274,1348
1137,1348
30,1351
339,1352
599,1353
555,1356
605,1356
912,1358
7,1359
1086,1361
39,1363
57,1364
525,1364
1333,1365
391,1368
316,1370
490,1370
957,1370
1106,1370
383,1371
1316,1371
379,1372
1288,1372
383,1373
748,1373
650,1374
428,1377
104,1378
165,1380
1259,1380
39,1381
94,1381
139,1383
244,1383
308,1384
383,1386
1244,1387
366,1388
713,1390
428,1392
14,1393
348,1393
7,1394
170,1395
280,1395
201,1396
208,1399
991,1399
1,1401
12,1404
69,1404
129,1404
571,1404
97,1406
0,1408
389,1408
0,1409
39,1409
561,1409
144,1410
64,1411
700,1412
445,1414
112,1415
7,1417
187,1417
209,1417
620,1417
568,1419
6,1420
31,1420
866,1420
483,1422
54,1423
591,1426
5,1428
494,1429
239,1433
94,1434
205,1435
912,1436
901,1438
459,1441
326,1443
1053,1443
725,1444
476,1445
813,1448
379,1449
182,1450
1381,1451
261,1454
373,1454
1247,1454
1036,1455
1,1458
56,1460
94,1463
1038,1465
398,1467
847,1467
102,1468
658,1468
182,1469
199,1474
442,1474
693,1475
878,1476
129,1477
531,1478
899,1479
913,1479
1372,1480
383,1482
20,1483
233,1483
333,1483
94,1484
184,1484
1224,1485
56,1486
316,1486
540,1486
1482,1490
870,1491
579,1493
395,1495
149,1496
194,1497
82,1498
1180,1498
830,1499
1021,1500
1055,1500
1155,1500
64,1502
82,1502
104,1503
118,1503
369,1504
476,1504
672,1504
1079,1504
1316,1505
188,1506
1,1507
5,1510
218,1511
1002,1511
1253,1511
1410,1511
379,1512
101,1513
59,1514
70,1514
262,1515
1337,1516
1394,1516
30,1517
326,1518
941,1518
635,1522
674,1522
1511,1522
1393,1523
30,1525
40,1527
803,1528
287,1529
510,1531
790,1531
58,1532
561,1532
803,1535
135,1537
448,1538
6,1539
516,1539
39,1540
32,1541
339,1541
163,1542
1344,1543
383,1544
641,1544
7,1546
1522,1548
1399,1549
30,1555
904,1555
611,1556
403,1557
572,1559
630,1559
1241,1559
241,1560
158,1565
284,1567
123,1569
1408,1569
1417,1569
0,1571
356,1576
10,1577
1258,1577
14,1578
838,1578
867,1579
523,1580
131,1581
93,1582
459,1583
808,1583
692,1585
1056,1585
1377,1585
0,1586
1186,1587
991,1588
732,1589
1286,1589
30,1590
483,1591
15,1592
16,1593
517,1594
1259,1594
1511,1594
30,1595
641,1596
443,1597
946,1597
891,1599
47,1601
30,1603
204,1603
261,1603
605,1603
0,1604
39,1607
512,1607
64,1608
512,1608
1347,1609
188,1610
874,1611
1410,1613
788,1615
189,1616
244,1618
858,1618
118,1619
541,1622
644,1624
144,1626
966,1626
1075,1626
1396,1628
1423,1628
54,1629
1347,1630
75,1634
541,1634
1209,1634
250,1635
1579,1636
1288,1638
6,1639
386,1639
330,1640
58,1641
1,1642
193,1642
996,1644
264,1648
0,1650
189,1651
15,1654
357,1654
18,1658
1265,1660
1110,1661
1417,1661
383,1662
0,1663
182,1664
333,1665
1415,1665
667,1667
1463,1667
1638,1670
1056,1671
207,1672
202,1673
715,1673
1611,1673
30,1674
67,1674
485,1674
1591,1677
466,1680
137,1681
51,1682
19,1683
57,1683
1585,1684
5,1686
1136,1688
1356,1688
508,1690
650,1690
1337,1690
377,1692
1038,1692
1626,1693
1271,1696
179,1698
400,1698
1175,1698
118,1700
296,1702
840,1702
56,1704
141,1704
1264,1704
79,1708
97,1708
326,1709
495,1710
18,1712
363,1712
1,1713
847,1714
1102,1714
1713,1714
334,1715
496,1716
51,1717
114,1717
576,1717
1242,1717
991,1718
1713,1718
66,1719
921,1719
712,1720
7,1722
30,1722
740,1723
907,1723
80,1724
158,1724
1134,1724
1,1725
75,1725
215,1725
118,1726
1151,1727
215,1728
333,1728
715,1728
991,1729
1211,1729
690,1730
752,1733
1582,1733
60,1734
1094,1734
15,1735
1276,1735
5,1736
1419,1736
6,1737
476,1739
1717,1739
288,1741
620,1746
6,1747
0,1748
630,1748
705,1748
5,1749
39,1750
56,1751
91,1752
383,1752
1426,1753
965,1754
40,1755
1696,1756
1702,1756
14,1757
463,1759
790,1760
443,1761
209,1762
56,1763
118,1765
0,1766
1,1767
0,1769
635,1773
678,1773
16,1774
1583,1774
0,1775
501,1776
1577,1776
14,1781
374,1781
235,1782
310,1782
1587,1782
18,1784
431,1785
101,1787
422,1787
1348,1787
1005,1789
28,1793
97,1794
311,1794
809,1794
104,1795
630,1795
1112,1799
1094,1800
1556,1800
712,1802
1698,1803
141,1804
1394,1806
39,1812
11,1813
183,1813
462,1813
549,1813
902,1814
184,1816
459,1817
655,1817
15,1818
605,1818
813,1818
264,1819
1209,1821
287,1823
0,1827
1419,1827
49,1828
182,1828
745,1829
189,1830
377,1830
39,1831
333,1831
1000,1832
47,1833
721,1833
1081,1833
1,1834
669,1834
1607,1834
287,1835
205,1837
1137,1837
1463,1838
827,1839
158,1840
262,1841
158,1844
806,1845
15,1846
1415,1847
649,1850
1433,1853
285,1856
960,1857
1321,1857
1474,1857
0,1858
260,1858
285,1860
101,1863
114,1863
31,1864
129,1865
182,1867
605,1869
641,1870
699,1870
151,1871
366,1871
6,1872
194,1872
1484,1873
75,1874
748,1875
70,1876
859,1876
330,1878
1717,1878
1674,1881
296,1882
1718,1882
1153,1883
51,1890
348,1890
991,1890
1493,1890
51,1892
64,1893
1827,1894
1883,1894
14,1896
241,1896
605,1896
1765,1896
614,1899
1128,1899
790,1901
1386,1901
15,1903
6,1904
383,1904
851,1904
1283,1904
672,1905
1873,1905
443,1906
484,1906
515,1906
904,1907
1186,1907
18,1908
66,1908
828,1909
818,1911
1539,1911
641,1912
43,1913
104,1916
1468,1917
942,1919
128,1920
1030,1920
260,1921
61,1923
1,1924
69,1925
462,1925
1056,1926
1347,1927
156,1929
6,1930
158,1931
49,1932
766,1932
960,1935
1209,1935
1038,1940
1259,1940
1269,1940
1496,1940
965,1942
1522,1942
129,1943
889,1944
272,1947
562,1947
32,1949
745,1950
1328,1950
1919,1950
1475,1951
1733,1951
1858,1953
204,1955
531,1955
624,1956
781,1956
991,1956
205,1959
46,1960
65,1960
435,1964
842,1964
672,1965
1587,1965
1276,1966
402,1969
95,1971
1511,1971
65,1972
144,1972
1075,1972
387,1973
618,1973
624,1974
75,1975
601,1975
1109,1976
1522,1978
339,1983
1622,1983
69,1985
1,1988
1607,1988
1831,1989
77,1991
102,1991
94,1992
1597,1992
569,1994
1500,1997
1273,1999
14,2002
339,2002
1729,2002
112,2004
153,2004
1700,2004
1271,2005
1965,2005
1999,2005
1638,2009
30,2010
40,2011
67,2011
866,2011
527,2013
710,2013
484,2014
1493,2014
827,2015
1381,2015
158,2016
1209,2016
423,2018
712,2018
272,2020
525,2022
1458,2022
1817,2024
287,2026
1417,2027
1640,2027
30,2029
957,2031
362,2032
1486,2032
13,2034
1816,2034
30,2035
199,2035
428,2036
459,2036
1017,2036
56,2037
528,2039
1368,2041
287,2042
129,2046
1756,2047
91,2048
280,2048
411,2050
30,2052
540,2055
1383,2055
254,2057
485,2057
250,2058
1969,2058
75,2059
614,2061
1517,2061
202,2063
1,2064
158,2065
842,2065
1,2066
822,2066
58,2067
1020,2069
690,2070
706,2072
182,2074
891,2076
1611,2076
650,2077
635,2078
68,2080
740,2081
44,2082
371,2083
236,2084
1,2085
116,2085
827,2085
67,2086
636,2088
1781,2090
1641,2093
7,2095
5,2096
1062,2096
1087,2097
13,2098
250,2098
49,2099
511,2099
6,2102
829,2102
734,2103
198,2104
400,2104
1714,2104
1062,2105
160,2106
1234,2106
311,2109
1302,2109
286,2111
732,2114
1157,2114
314,2115
1,2116
771,2116
803,2116
1075,2116
1271,2118
716,2119
42,2120
428,2123
1024,2125
109,2127
1577,2127
91,2130
362,2130
1693,2130
1728,2130
101,2131
1541,2131
715,2133
79,2134
1259,2135
1,2137
1276,2138
1147,2139
88,2140
753,2140
1518,2141
64,2142
1271,2142
182,2144
1972,2144
47,2145
369,2145
513,2145
916,2145
0,2146
15,2146
1541,2146
2134,2146
882,2147
188,2148
1429,2148
591,2149
1956,2149
28,2150
158,2150
75,2152
182,2152
250,2152
835,2154
523,2155
701,2156
1221,2159
1380,2160
435,2161
1947,2161
921,2163
90,2164
874,2164
775,2165
18,2166
18,2167
578,2167
1340,2167
7,2168
28,2168
561,2169
15,2170
766,2170
1674,2170
1841,2171
215,2172
1157,2172
122,2173
361,2173
712,2173
740,2173
91,2175
363,2176
935,2177
2156,2177
30,2178
1303,2179
40,2180
358,2182
435,2184
514,2184
1611,2184
909,2185
650,2186
1,2187
47,2187
561,2187
1343,2187
51,2188
95,2188
1,2189
0,2194
59,2194
740,2194
1428,2194
16,2195
1839,2195
2004,2195
125,2196
1198,2197
1325,2198
48,2199
169,2199
1252,2199
1667,2199
1030,2200
1593,2201
49,2203
641,2204
597,2207
1408,2211
1906,2211
658,2212
14,2214
1220,2214
47,2216
842,2217
250,2218
863,2218
1258,2218
30,2220
745,2220
183,2221
10,2223
104,2223
383,2223
2013,2226
334,2227
116,2229
1226,2229
97,2233
198,2235
1544,2235
139,2236
19,2237
75,2238
790,2239
30,2242
1341,2242
428,2243
173,2245
722,2245
1940,2246
2065,2246
32,2247
218,2247
1,2251
1725,2252
2066,2253
1341,2257
33,2258
5,2259
217,2261
56,2262
129,2262
307,2262
303,2263
304,2264
1298,2264
1814,2264
484,2265
582,2265
2196,2266
80,2267
2115,2267
0,2268
2065,2268
285,2271
1800,2271
819,2273
960,2274
75,2277
1723,2278
2167,2278
1890,2280
2278,2280
15,2281
779,2281
1030,2283
459,2284
1209,2286
523,2287
1723,2287
82,2288
201,2288
924,2288
1723,2288
94,2291
476,2291
330,2293
261,2294
147,2295
1055,2295
1,2299
239,2299
1038,2299
1870,2300
2142,2301
147,2302
184,2305
391,2306
1628,2306
2140,2306
65,2307
1969,2307
156,2308
67,2309
1613,2309
158,2310
67,2311
123,2311
2299,2311
2273,2312
2310,2312
780,2313
1333,2315
39,2316
826,2316
1275,2318
67,2320
386,2322
1370,2323
326,2324
1,2326
1969,2326
520,2327
266,2329
383,2329
485,2330
1496,2330
102,2331
158,2331
1244,2331
2194,2331
2013,2333
33,2334
790,2335
129,2337
459,2337
1756,2337
1030,2338
46,2343
827,2343
1870,2344
2333,2345
40,2347
13,2348
867,2349
38,2353
363,2353
295,2354
116,2356
648,2357
1224,2357
1546,2359
42,2361
451,2361
2127,2361
51,2363
840,2363
0,2364
1870,2364
0,2365
91,2365
2178,2365
491,2367
95,2368
765,2368
888,2368
1341,2368
6,2369
939,2369
1919,2371
14,2372
91,2372
1639,2372
771,2373
56,2374
116,2374
1000,2374
614,2377
360,2378
15,2379
712,2379
1151,2379
1619,2379
104,2380
5,2381
1,2383
1341,2383
1179,2385
1206,2385
166,2386
1150,2387
58,2388
1729,2388
0,2390
58,2391
57,2392
1104,2393
523,2397
1394,2398
1224,2399
369,2400
541,2400
383,2401
891,2402
6,2403
79,2405
366,2406
97,2407
316,2407
866,2407
909,2409
871,2410
59,2411
2338,2411
49,2415
104,2415
1408,2416
40,2417
740,2419
2098,2420
2388,2423
1341,2424
1634,2425
1733,2425
2134,2425
39,2428
545,2429
1330,2429
1593,2431
14,2433
94,2433
858,2434
91,2435
2323,2435
576,2436
2016,2436
64,2438
94,2438
183,2440
1587,2442
1940,2443
63,2444
47,2446
935,2446
2198,2447
59,2448
540,2448
387,2450
729,2451
902,2451
1191,2453
1935,2453
2420,2453
869,2454
46,2455
1221,2455
97,2456
849,2456
129,2457
1474,2457
1047,2458
1,2459
620,2459
2057,2459
412,2460
2368,2460
249,2461
1474,2461
2184,2462
5,2463
325,2466
1209,2467
285,2470
540,2471
162,2472
1221,2472
1203,2473
5,2475
260,2475
2016,2475
31,2476
1377,2477
64,2478
90,2478
139,2478
858,2478
358,2480
1084,2480
331,2481
184,2482
14,2483
361,2483
654,2483
1474,2485
2331,2490
2197,2491
1137,2492
2481,2492
1814,2494
2104,2494
870,2496
942,2496
2300,2496
713,2498
1264,2498
624,2500
1846,2502
194,2505
239,2507
466,2507
803,2507
1665,2508
2229,2509
476,2511
675,2513
1100,2513
2425,2513
485,2515
1264,2515
714,2516
1288,2516
208,2517
1776,2517
1571,2519
1371,2521
135,2522
1794,2522
2146,2522
1698,2523
16,2524
1760,2525
623,2526
59,2529
1062,2529
2264,2529
513,2530
754,2530
690,2532
6,2535
1401,2535
2142,2535
7,2536
822,2537
2435,2538
18,2539
304,2539
15,2547
1863,2547
1399,2548
371,2549
1611,2549
1834,2549
1713,2551
1302,2554
712,2557
383,2560
33,2562
345,2563
1940,2563
40,2566
2333,2566
248,2569
1393,2569
2368,2569
1661,2570
729,2571
0,2572
28,2573
490,2575
1104,2576
6,2577
1404,2577
0,2581
2199,2581
47,2582
280,2583
58,2585
808,2586
156,2587
633,2587
1,2588
1035,2589
1712,2590
1151,2592
156,2598
262,2598
1603,2598
1395,2599
193,2602
198,2602
2513,2603
64,2605
340,2605
1973,2606
162,2608
1209,2610
501,2611
1869,2611
2067,2611
1940,2612
484,2614
301,2616
2407,2617
818,2619
1468,2619
30,2620
305,2620
113,2621
407,2621
2368,2622
70,2624
284,2624
2305,2624
2316,2624
2194,2625
630,2626
754,2626
2186,2626
94,2628
56,2629
94,2630
1831,2630
766,2631
838,2632
40,2634
75,2636
0,2638
12,2639
32,2639
40,2639
1527,2639
95,2642
1175,2642
49,2643
238,2643
658,2643
2198,2643
66,2646
1,2647
1114,2648
677,2649
1,2650
734,2652
1588,2652
130,2653
316,2653
1673,2653
1609,2654
570,2655
1128,2655
1341,2655
27,2658
1615,2658
2513,2658
749,2659
1794,2659
2405,2659
64,2664
202,2666
305,2666
1663,2666
1441,2667
15,2668
1044,2668
16,2671
31,2671
1297,2671
2652,2671
32,2673
761,2673
948,2674
2333,2675
2098,2676
189,2678
513,2678
501,2679
2135,2679
2632,2681
131,2682
66,2683
1055,2683
772,2684
839,2690
435,2691
2338,2691
466,2692
5,2694
2602,2694
941,2695
1976,2695
328,2697
2326,2697
1736,2698
1511,2700
65,2701
218,2701
43,2702
1,2703
260,2703
2145,2703
624,2704
1276,2704
2368,2704
135,2705
139,2705
484,2705
1408,2706
2168,2707
745,2708
2198,2708
144,2709
316,2711
913,2713
94,2714
39,2715
2099,2715
2592,2715
357,2716
710,2717
1733,2717
1935,2717
2460,2720
70,2721
193,2721
2563,2721
384,2723
1343,2723
1878,2723
2274,2725
59,2726
316,2726
1527,2728
2311,2730
97,2731
40,2732
1477,2732
1813,2732
1516,2736
2274,2737
1692,2738
912,2741
235,2742
614,2742
591,2745
1206,2746
2453,2746
1343,2751
921,2755
1830,2756
1,2758
30,2760
6,2763
669,2763
236,2764
1055,2764
147,2765
383,2765
1348,2765
1789,2765
1,2767
67,2767
147,2767
1271,2768
129,2769
459,2770
1021,2770
1607,2770
2065,2771
1992,2772
45,2776
523,2778
729,2779
0,2781
379,2781
1029,2781
0,2782
189,2783
599,2785
5,2787
1380,2789
1828,2789
91,2790
2383,2791
202,2793
1008,2793
20,2794
2472,2794
303,2795
2460,2795
15,2798
202,2798
1787,2798
2187,2798
1217,2799
1818,2799
423,2800
202,2804
847,2804
39,2806
47,2806
1408,2810
94,2811
317,2813
39,2815
149,2815
170,2815
2082,2815
97,2816
779,2816
56,2817
1258,2817
0,2818
1955,2820
6,2821
215,2821
1882,2821
2146,2822
2197,2822
493,2823
451,2825
1320,2827
1179,2828
43,2829
331,2829
101,2830
1408,2831
620,2832
2517,2833
704,2834
1244,2835
15,2836
1921,2836
463,2838
578,2838
1514,2838
188,2840
1255,2840
2756,2841
611,2842
156,2843
740,2843
2130,2844
30,2845
56,2845
717,2845
2476,2845
6,2846
102,2846
517,2851
1834,2851
2267,2851
2628,2851
241,2853
2268,2853
49,2857
47,2858
484,2858
1064,2861
1789,2861
2483,2861
391,2863
2681,2863
641,2864
13,2865
818,2865
572,2866
838,2869
834,2871
2196,2874
101,2875
514,2876
840,2876
156,2877
649,2877
2538,2877
712,2878
1165,2879
444,2881
1010,2881
2011,2881
30,2882
5,2883
68,2883
1539,2884
13,2885
91,2885
599,2885
913,2885
715,2886
2305,2886
82,2887
1,2892
1175,2892
1104,2895
799,2896
144,2899
1947,2899
902,2901
740,2903
254,2904
1302,2905
1696,2905
30,2906
153,2906
428,2908
605,2909
64,2910
1748,2910
39,2912
92,2912
2500,2913
13,2914
1056,2914
2697,2914
235,2915
28,2916
14,2921
340,2921
54,2922
1644,2923
361,2924
183,2925
47,2926
16,2927
620,2927
1493,2927
5,2930
1483,2930
1591,2930
1108,2931
484,2934
1864,2934
2316,2934
513,2935
687,2935
722,2935
1951,2935
1518,2936
1211,2938
1724,2938
2554,2938
1610,2942
2245,2942
123,2943
1275,2943
991,2944
66,2946
370,2946
0,2948
549,2953
1404,2953
1756,2954
2943,2955
205,2956
1409,2956
2529,2956
2602,2958
2913,2959
840,2961
1819,2962
112,2963
2626,2964
1075,2965
1588,2965
576,2966
2472,2969
693,2970
162,2971
39,2972
20,2973
362,2974
714,2974
2267,2974
64,2976
1137,2977
2203,2978
2789,2978
2815,2979
5,2983
462,2983
332,2985
859,2985
63,2986
2453,2987
2140,2990
2836,2990
162,2992
2536,2992
141,2993
442,2995
31,2997
1735,2998
1055,2999
2961,3000
870,3003
97,3004
2239,3004
21,3006
2055,3008
1334,3009
316,3010
2681,3012
2080,3014
144,3015
872,3016
902,3020
316,3021
2636,3021
2655,3022
2611,3023
93,3028
316,3030
193,3031
2065,3031
941,3033
805,3034
1919,3034
2391,3035
572,3036
2961,3036
7,3037
14,3037
2179,3039
2845,3039
964,3042
714,3043
1320,3043
1132,3046
179,3049
205,3049
432,3050
540,3051
1244,3052
39,3054
56,3055
63,3055
1789,3055
1903,3056
1258,3057
183,3058
597,3059
650,3059
208,3064
891,3064
1587,3064
363,3067
1128,3067
290,3069
18,3071
173,3071
1395,3075
1150,3076
1343,3076
2150,3076
348,3078
2189,3078
264,3080
90,3081
402,3083
362,3085
11,3087
75,3090
2055,3090
545,3091
2425,3092
1155,3093
1371,3094
1641,3094
1,3095
523,3095
975,3095
1860,3096
2246,3097
1661,3098
1133,3100
1288,3100
880,3101
2173,3101
15,3102
2935,3102
1999,3104
201,3105
374,3105
1468,3105
458,3106
527,3108
715,3110
2016,3113
2931,3113
1292,3114
1594,3114
1920,3114
1634,3116
1,3117
362,3117
1064,3119
2539,3119
1748,3120
2815,3120
2436,3123
2311,3124
445,3126
2455,3127
599,3130
2203,3130
2825,3130
3102,3130
833,3131
1698,3131
2223,3132
2295,3132
316,3133
0,3136
1303,3136
2538,3136
2653,3138
2822,3138
874,3139
1055,3140
2333,3140
64,3141
90,3141
278,3141
1650,3142
18,3143
2658,3144
1029,3145
162,3146
2679,3147
941,3149
2476,3155
1763,3156
570,3157
1276,3158
490,3159
182,3161
114,3163
2036,3163
388,3164
490,3164
1919,3164
153,3167
1639,3167
11,3168
303,3168
264,3169
1486,3169
1,3171
30,3171
490,3171
79,3172
1038,3174
1950,3174
2323,3174
1818,3175
2063,3178
2516,3178
878,3180
1226,3181
2993,3181
712,3182
40,3184
647,3186
1,3187
6,3189
840,3189
734,3190
1100,3190
33,3191
44,3194
459,3195
2041,3195
317,3196
497,3197
366,3200
2096,3202
2767,3204
2195,3205
812,3207
184,3208
916,3208
2267,3214
2035,3218
2229,3218
290,3219
2085,3219
872,3222
310,3223
1271,3223
1410,3224
1736,3224
2821,3224
316,3229
1029,3229
2142,3229
2979,3230
2605,3232
699,3236
18,3239
2278,3239
1255,3241
108,3242
874,3243
1256,3243
47,3244
197,3245
2013,3245
2428,3245
1869,3246
1038,3248
18,3249
930,3249
205,3250
310,3250
2983,3250
104,3251
3169,3251
1555,3252
14,3253
316,3254
654,3256
316,3257
2311,3259
2455,3259
888,3260
2306,3262
2425,3262
605,3264
1611,3264
2483,3265
2076,3269
2845,3269
1876,3271
202,3274
209,3275
16,3279
213,3279
47,3280
0,3282
20,3282
1559,3282
752,3284
311,3285
3181,3285
7,3287
75,3287
1878,3288
16,3289
754,3289
1467,3289
1729,3289
1817,3290
49,3291
57,3291
114,3293
1438,3294
605,3295
407,3297
578,3297
2522,3297
316,3298
3202,3298
3098,3299
31,3301
531,3302
102,3303
0,3304
39,3304
104,3305
334,3307
1482,3307
257,3309
1231,3309
1960,3309
3119,3310
40,3311
1529,3311
188,3314
1243,3314
2271,3314
348,3316
576,3318
888,3321
803,3322
839,3324
114,3327
1296,3327
387,3328
476,3328
1559,3329
2146,3329
1,3332
56,3332
443,3332
2972,3333
866,3334
2425,3334
2913,3335
135,3338
183,3340
2701,3340
30,3341
1180,3341
705,3343
2130,3343
340,3347
1978,3347
30,3348
1341,3348
947,3351
572,3354
2052,3354
2323,3354
1024,3355
156,3356
158,3356
1475,3356
151,3357
2549,3358
1479,3359
1753,3359
2658,3359
2200,3360
213,3362
427,3362
712,3362
527,3363
14,3365
1837,3366
1663,3368
316,3371
114,3372
7,3373
162,3373
1610,3374
993,3377
2149,3378
2170,3378
291,3380
0,3382
348,3384
2069,3384
0,3385
1704,3386
2069,3386
2198,3387
2407,3390
942,3391
1396,3393
991,3394
13,3395
10,3397
1380,3399
690,3400
2563,3400
462,3401
1479,3402
2895,3402
47,3403
3309,3403
101,3404
591,3404
64,3406
387,3406
2476,3406
3282,3406
1527,3408
57,3410
1629,3410
358,3413
1168,3414
2199,3418
333,3419
847,3419
1381,3421
3035,3421
15,3422
59,3423
1292,3423
2438,3424
2938,3427
68,3428
287,3428
1021,3430
2199,3430
156,3432
2065,3433
82,3434
2678,3434
887,3435
316,3440
2453,3442
40,3443
2295,3443
189,3447
334,3449
591,3449
2274,3449
904,3450
1663,3450
42,3451
528,3451
635,3451
1673,3452
2069,3452
379,3453
490,3454
624,3454
352,3458
0,3459
201,3461
316,3465
112,3466
435,3466
848,3466
842,3467
803,3469
1151,3470
215,3472
2676,3473
1420,3474
2664,3474
1919,3475
991,3476
484,3477
597,3477
1479,3477
1140,3478
1387,3478
82,3479
389,3479
1919,3479
501,3480
1850,3480
40,3481
2369,3481
1017,3483
812,3484
112,3485
1401,3488
362,3490
215,3491
2334,3492
2490,3492
1109,3493
1769,3493
118,3494
2690,3494
935,3495
1507,3496
149,3497
218,3497
3043,3497
2203,3499
3184,3500
2436,3502
1138,3505
67,3507
665,3507
842,3507
1468,3508
189,3511
2738,3511
49,3512
396,3514
75,3515
1609,3515
1940,3516
3190,3516
19,3518
162,3518
641,3518
1943,3518
2526,3518
75,3519
641,3519
1163,3519
82,3521
3055,3522
2299,3523
189,3524
540,3524
39,3526
1713,3526
1729,3526
1220,3527
3020,3528
39,3529
1,3530
2318,3530
882,3531
1729,3531
3243,3533
1960,3535
129,3537
2169,3537
1925,3538
2513,3538
870,3541
2338,3542
412,3543
1717,3543
82,3544
531,3545
2502,3545
89,3546
1216,3547
2236,3549
0,3553
597,3554
780,3554
749,3555
753,3555
1671,3558
510,3559
43,3560
2046,3560
56,3561
287,3562
2703,3563
3223,3563
630,3564
496,3566
1217,3566
1183,3567
0,3569
1,3569
110,3569
64,3571
241,3573
549,3574
168,3575
491,3575
1150,3577
3530,3578
30,3579
428,3579
1343,3579
59,3581
700,3584
1114,3584
1,3585
56,3585
383,3585
2142,3585
3359,3585
93,3587
671,3587
443,3588
1906,3589
1419,3590
545,3591
1723,3591
630,3592
1670,3594
1216,3596
1140,3598
2150,3598
280,3599
597,3599
14,3603
866,3603
250,3605
1224,3605
790,3606
2263,3606
706,3607
316,3608
239,3609
698,3610
1386,3610
15,3612
1,3615
1030,3615
1468,3615
18,3619
2388,3619
2922,3622
3449,3622
0,3625
412,3626
261,3628
1220,3628
1038,3629
3140,3629
1164,3630
3377,3630
1062,3631
2522,3631
3435,3632
748,3633
782,3634
2895,3634
3518,3635
818,3636
1282,3636
514,3637
0,3638
30,3638
1288,3640
188,3642
2262,3648
2946,3649
0,3651
218,3655
238,3657
39,3658
1094,3658
384,3660
2155,3665
1419,3666
144,3667
376,3667
376,3668
3102,3670
28,3671
33,3671
303,3672
1017,3674
946,3675
2116,3675
2372,3676
2938,3680
129,3682
82,3683
188,3683
201,3685
490,3685
3023,3685
1085,3686
2679,3686
64,3687
291,3687
2099,3689
144,3690
205,3690
18,3691
67,3692
2187,3692
2438,3692
2577,3692
51,3696
2334,3696
819,3698
198,3700
1081,3700
1893,3700
32,3702
79,3702
1746,3702
2102,3702
3422,3703
902,3704
1253,3704
3356,3706
635,3707
1137,3707
476,3708
803,3708
2142,3708
3332,3709
1414,3710
1342,3712
549,3715
2246,3716
1084,3717
2281,3717
3403,3718
655,3719
1478,3719
3321,3719
2316,3720
1386,3722
475,3723
1523,3727
1493,3728
2423,3728
3410,3728
2026,3730
578,3733
781,3733
1075,3734
198,3736
201,3736
3373,3736
94,3737
213,3738
412,3738
3190,3738
2379,3740
924,3741
1781,3743
1912,3743
129,3744
304,3744
1502,3746
18,3749
2299,3751
14,3752
310,3753
2611,3753
296,3754
1150,3754
3341,3754
442,3756
348,3758
1271,3758
812,3759
561,3761
79,3764
1640,3764
2333,3764
51,3765
2895,3765
1417,3766
714,3767
2178,3767
641,3769
888,3769
51,3770
165,3770
1571,3770
32,3771
909,3771
916,3771
1702,3771
1,3773
233,3773
670,3775
712,3779
941,3779
987,3779
1539,3779
218,3782
288,3783
3496,3784
290,3785
173,3787
3675,3787
700,3788
928,3788
2491,3789
331,3790
1271,3790
2625,3790
1870,3791
3327,3793
1503,3794
2695,3796
1878,3797
179,3798
1629,3800
208,3802
2509,3802
144,3803
972,3804
832,3805
597,3806
2466,3806
16,3807
2655,3809
374,3810
2992,3810
2799,3811
1733,3813
2407,3814
2478,3816
1084,3819
1295,3819
1209,3820
1329,3824
2311,3825
484,3826
506,3827
939,3827
1863,3828
287,3829
624,3829
147,3830
2751,3830
844,3832
3696,3832
1009,3833
2530,3833
2385,3834
1761,3835
1947,3836
3335,3836
303,3837
445,3837
2925,3838
3181,3838
205,3840
1221,3840
2082,3840
93,3841
116,3843
39,3847
366,3848
1686,3849
1,3850
1663,3851
3829,3852
1401,3855
1463,3855
2626,3855
812,3856
598,3857
56,3858
169,3858
485,3861
1404,3864
325,3865
909,3865
2496,3865
3779,3866
114,3867
14,3868
39,3868
291,3868
110,3869
1719,3869
1723,3869
1,3870
1467,3871
3434,3871
160,3873
14,3874
775,3878
1,3880
39,3880
1200,3880
2204,3880
2815,3880
41,3881
59,3881
1401,3881
975,3882
264,3883
1009,3883
1594,3884
2354,3884
2046,3885
208,3886
2171,3886
1639,3888
1002,3889
3563,3891
458,3892
435,3893
2316,3893
1016,3894
620,3895
183,3896
340,3896
2845,3896
1281,3898
66,3900
930,3900
1296,3900
2372,3900
129,3901
2455,3901
858,3902
2416,3902
383,3903
2018,3903
95,3904
540,3904
2357,3905
334,3907
2549,3907
5,3908
130,3908
3363,3908
3294,3909
1155,3910
906,3912
5,3915
7,3920
909,3920
1441,3920
1325,3922
1583,3922
190,3924
710,3925
3094,3925
1224,3926
614,3927
2793,3927
1833,3928
2448,3929
2705,3931
3881,3931
233,3934
1493,3934
3054,3937
0,3938
65,3938
679,3938
576,3940
1299,3941
44,3942
188,3942
1155,3942
3022,3944
3241,3944
1220,3945
1224,3945
2379,3946
39,3947
1724,3947
1420,3949
6,3950
227,3951
2767,3952
153,3953
580,3953
3719,3953
1,3954
1972,3954
2189,3955
2333,3955
598,3957
112,3958
463,3959
2692,3959
332,3960
3036,3961
280,3962
3301,3962
51,3963
428,3963
1224,3963
580,3964
828,3964
2589,3964
66,3966
1921,3966
2144,3966
907,3970
3190,3970
18,3971
540,3971
2020,3971
109,3972
2760,3972
459,3973
2815,3973
598,3974
410,3975
2508,3975
648,3976
669,3977
2586,3977
839,3979
1983,3979
2863,3979
198,3980
334,3980
713,3981
3169,3982
2446,3984
1819,3985
2461,3985
597,3987
1024,3987
3538,3987
1789,3988
1055,3989
14,3991
1030,3991
2214,3991
3802,3991
39,3992
803,3992
2333,3992
597,3993
2485,3994
860,3995
1603,3995
3982,3995
805,3997
3164,3997
3736,3997
3980,3997
3991,3997
1522,3998
813,3999
139,4001
484,4001
2695,4002
463,4003
1160,4008
1920,4008
443,4009
2305,4009
93,4010
745,4010
239,4011
90,4012
1785,4013
2035,4013
1651,4014
129,4019
2372,4019
70,4020
740,4021
280,4022
2535,4023
1234,4025
1114,4027
47,4028
208,4029
208,4030
1282,4030
1,4031
43,4031
47,4031
1089,4033
1500,4035
1997,4035
40,4036
435,4037
93,4038
66,4039
670,4042
116,4043
136,4043
674,4043
1947,4043
30,4045
2438,4045
761,4046
2833,4046
3502,4046
2851,4048
75,4049
1035,4049
842,4050
3334,4051
40,4052
912,4052
2331,4052
39,4053
1985,4054
1085,4056
32,4057
1767,4058
3920,4058
582,4062
2535,4062
481,4063
2085,4064
445,4065
465,4069
1506,4069
1754,4070
847,4071
2387,4072
1890,4074
623,4076
740,4077
56,4079
182,4079
316,4079
1599,4080
435,4083
1696,4083
3271,4084
2407,4086
0,4088
30,4089
325,4089
2130,4089
2429,4089
2065,4090
0,4091
1559,4095
65,4098
67,4098
285,4098
682,4099
18,4101
1234,4101
1549,4101
2368,4101
3386,4101
18,4105
1340,4105
605,4106
0,4107
527,4108
3479,4109
4020,4110
808,4111
6,4114
1661,4115
373,4116
861,4117
655,4120
960,4121
1381,4121
3055,4123
5,4124
30,4124
1873,4125
58,4131
1673,4131
2723,4132
156,4134
909,4135
2446,4135
2115,4136
3667,4136
3690,4136
291,4137
653,4138
1618,4138
2401,4138
630,4139
4012,4140
623,4141
2435,4141
3767,4141
2020,4142
1404,4143
951,4144
1053,4144
2403,4144
4039,4144
942,4145
3289,4145
462,4146
780,4147
712,4149
64,4150
2145,4151
3671,4151
630,4153
3630,4153
935,4155
316,4157
3452,4157
70,4159
310,4160
391,4160
1110,4162
1223,4162
2429,4163
1663,4164
91,4165
1484,4165
3702,4166
3907,4166
1577,4169
1594,4172
2767,4173
332,4174
1271,4177
285,4179
1062,4180
5,4181
3692,4183
513,4184
2338,4185
1035,4186
2146,4186
205,4187
1038,4188
1276,4189
861,4191
3531,4191
57,4192
3136,4193
3184,4194
3497,4194
79,4195
715,4195
310,4196
361,4197
377,4197
1919,4197
2679,4197
514,4198
230,4199
531,4201
561,4201
618,4201
7,4202
304,4202
531,4204
624,4204
2281,4204
1,4205
262,4205
264,4205
15,4206
1096,4208
1673,4208
870,4209
591,4210
1529,4211
1804,4211
2946,4214
112,4215
428,4216
791,4217
361,4218
769,4218
5,4219
2083,4220
2402,4221
47,4222
1109,4222
1991,4224
3496,4224
49,4232
147,4232
749,4232
1728,4233
333,4234
3771,4234
435,4236
729,4237
2942,4237
1626,4243
2912,4243
93,4244
287,4245
677,4245
112,4246
2428,4246
3359,4246
4143,4247
3563,4248
4089,4250
712,4251
2865,4251
3449,4251
11,4252
182,4252
2029,4252
4116,4252
1794,4253
2324,4254
1,4255
3883,4255
3028,4263
5,4264
1634,4265
3190,4268
44,4269
264,4269
2115,4273
4020,4274
47,4276
2036,4277
715,4278
2861,4279
3973,4279
435,4280
485,4280
909,4280
194,4282
2535,4282
2560,4282
16,4286
1514,4290
1094,4291
1733,4291
1578,4293
160,4294
168,4294
1522,4294
576,4295
2925,4297
383,4299
1,4300
2974,4300
217,4301
1209,4302
2415,4305
400,4306
2226,4306
1546,4307
387,4308
1714,4308
67,4311
3410,4311
56,4314
759,4314
1056,4315
1479,4316
0,4317
4169,4317
1253,4319
521,4324
168,4326
740,4327
1203,4327
2478,4328
82,4329
2150,4329
3657,4329
3299,4332
67,4333
3042,4334
70,4335
3819,4335
35,4336
1478,4338
2383,4338
1585,4339
511,4341
362,4342
1128,4342
3692,4342
902,4343
2876,4344
1467,4345
2798,4345
2560,4346
1,4347
512,4347
1973,4347
1930,4349
56,4352
2330,4353
0,4354
182,4355
202,4358
1036,4361
1871,4363
3633,4364
712,4367
3069,4369
1017,4370
2611,4372
75,4373
1084,4373
1903,4373
4023,4373
3787,4374
264,4376
601,4376
2416,4376
1,4378
201,4379
2494,4380
13,4381
94,4381
2671,4381
90,4383
2655,4384
492,4385
383,4386
3039,4389
1,4390
870,4390
872,4392
485,4393
0,4394
5,4397
1751,4397
2529,4397
2281,4398
1030,4399
139,4400
389,4401
4030,4401
2539,4403
745,4404
5,4406
2655,4406
907,4407
930,4407
935,4409
15,4412
989,4412
2829,4412
28,4413
595,4413
3502,4414
1997,4416
2581,4416
572,4422
2268,4422
4065,4422
838,4425
2865,4426
2055,4427
3884,4427
46,4428
65,4428
803,4428
1829,4429
3753,4431
3953,4432
1673,4433
33,4435
0,4436
3071,4436
3830,4436
379,4441
1586,4446
40,4449
3245,4449
2655,4450
1081,4452
94,4453
1950,4453
3452,4453
377,4455
2624,4457
1395,4458
2608,4458
3130,4459
1674,4462
0,4463
507,4463
630,4463
1,4464
1782,4468
690,4470
2031,4470
1518,4471
630,4472
1328,4472
2459,4472
215,4474
2140,4474
213,4476
4232,4476
205,4477
250,4477
218,4479
3868,4479
123,4480
594,4481
1038,4482
63,4485
1667,4485
2416,4486
3560,4486
3955,4486
16,4487
3078,4488
1733,4489
2865,4489
79,4490
85,4492
901,4492
20,4495
90,4495
1585,4495
3298,4495
1151,4496
1983,4499
1673,4500
2098,4500
3929,4500
0,4501
40,4501
1883,4501
2478,4501
485,4502
114,4503
3253,4504
2549,4509
44,4510
3991,4510
303,4511
39,4512
2922,4512
18,4513
1348,4513
2168,4513
4477,4514
1106,4518
1947,4520
2549,4523
2708,4523
4139,4523
330,4527
674,4529
35,4530
2864,4530
463,4531
3797,4534
1,4537
4268,4538
721,4540
909,4540
1828,4540
182,4541
1220,4544
4107,4544
32,4547
1482,4550
1782,4550
156,4551
1417,4552
2455,4552
1,4553
1395,4554
205,4555
340,4555
2388,4555
537,4556
14,4557
463,4557
1276,4558
182,4562
2425,4563
69,4566
92,4566
189,4566
1056,4567
1253,4567
3904,4569
491,4570
371,4571
1878,4571
3299,4571
0,4574
169,4575
193,4575
2453,4575
30,4578
363,4579
383,4579
907,4579
90,4583
129,4585
523,4585
75,4586
514,4586
2446,4586
348,4590
766,4590
2834,4592
1,4593
132,4593
1719,4593
56,4595
2311,4596
3829,4596
729,4597
2715,4597
2134,4599
6,4600
1094,4601
5,4604
3497,4605
0,4606
1555,4606
1340,4607
781,4609
129,4610
725,4611
1733,4611
2064,4611
65,4612
94,4612
527,4614
2005,4616
474,4617
19,4618
1,4620
14,4621
241,4622
3372,4622
2938,4623
39,4625
66,4625
462,4626
523,4628
1829,4628
31,4629
2529,4631
14,4633
391,4633
790,4633
296,4636
3327,4636
51,4637
254,4640
110,4641
888,4641
2611,4642
3327,4642
2610,4643
1828,4644
463,4645
218,4647
310,4647
3195,4649
3671,4649
3950,4649
3736,4651
287,4653
481,4653
3979,4654
669,4655
1518,4655
3287,4655
391,4656
4121,4659
928,4661
1920,4661
116,4663
2415,4664
4098,4666
672,4667
391,4671
3329,4671
1243,4673
1330,4673
2906,4674
4502,4675
715,4676
67,4679
280,4679
3920,4679
3279,4681
4057,4682
4413,4683
139,4684
30,4685
3113,4685
3304,4685
28,4686
3683,4686
35,4687
1036,4689
1081,4689
1343,4690
2258,4690
1342,4691
2483,4692
1853,4694
2539,4696
18,4697
63,4697
699,4697
2943,4697
1112,4699
2311,4699
1728,4700
2069,4702
2267,4702
1408,4703
1436,4703
803,4705
1404,4706
296,4707
3902,4710
326,4712
2082,4712
4037,4712
1081,4715
93,4716
2592,4716
1517,4717
3479,4717
714,4718
2674,4719
1761,4721
2771,4721
1630,4722
2243,4723
1983,4724
2435,4725
3708,4725
3421,4726
872,4727
1,4729
3104,4730
3340,4733
3988,4733
1,4736
3163,4736
64,4738
356,4738
1567,4738
1828,4738
4338,4738
31,4740
2532,4741
382,4743
511,4743
1696,4743
3259,4745
462,4746
2821,4746
4509,4746
233,4747
2239,4749
2156,4750
4474,4750
1,4754
206,4754
2142,4755
2268,4756
2104,4757
3955,4759
1964,4762
935,4765
1150,4765
3423,4765
913,4767
4510,4767
44,4768
0,4770
1086,4770
1702,4770
64,4771
766,4773
3418,4774
16,4776
858,4777
1384,4778
2652,4778
484,4780
490,4780
67,4783
630,4783
47,4784
218,4784
250,4785
280,4789
3553,4790
1878,4795
1036,4797
947,4798
4684,4798
909,4799
287,4800
1626,4800
2705,4800
1671,4802
42,4803
4162,4803
2942,4804
4013,4804
64,4805
194,4805
806,4807
3718,4807
114,4809
39,4810
602,4810
549,4811
1919,4811
1288,4812
4214,4813
1132,4815
149,4816
1628,4816
4495,4816
1217,4817
1271,4817
162,4818
42,4819
3995,4819
435,4820
597,4821
188,4822
173,4823
2188,4826
2425,4826
32,4828
0,4829
182,4829
605,4829
710,4829
2624,4829
1112,4830
377,4832
3638,4832
56,4833
104,4833
3502,4833
459,4836
1644,4837
2407,4838
31,4840
3929,4840
363,4841
3519,4844
0,4845
1283,4845
2142,4845
2675,4845
1789,4846
1837,4846
264,4847
860,4847
3419,4847
60,4848
183,4848
2732,4850
1956,4851
2433,4851
30,4852
6,4853
2146,4853
58,4854
94,4854
2197,4854
2700,4856
3555,4858
878,4859
3988,4859
2199,4860
193,4863
528,4863
1140,4863
1186,4866
128,4868
358,4868
2146,4868
3698,4868
4202,4868
201,4869
1328,4869
704,4871
1496,4871
2278,4871
1,4873
4620,4873
531,4874
1104,4875
647,4876
1348,4878
4338,4879
3671,4880
2886,4881
94,4884
170,4886
443,4886
1348,4890
3992,4893
369,4895
1555,4895
4799,4896
930,4897
1200,4898
348,4899
839,4899
109,4900
2027,4900
3573,4900
1109,4901
715,4902
59,4903
1253,4903
2765,4904
1321,4905
812,4908
1270,4911
30,4915
198,4915
4712,4915
162,4917
1259,4919
391,4921
14,4924
1818,4924
2415,4924
6,4925
4052,4927
714,4928
264,4929
65,4930
396,4931
3830,4932
18,4933
2095,4935
2311,4935
56,4936
205,4936
1328,4936
523,4938
2717,4938
1036,4939
1818,4939
2447,4939
3984,4939
18,4940
3599,4941
2016,4942
3058,4942
497,4943
1654,4944
129,4946
1814,4946
1,4947
30,4947
915,4947
3998,4947
2562,4948
1038,4949
238,4950
494,4951
734,4954
33,4955
2120,4956
462,4959
721,4959
1467,4960
1813,4960
162,4961
40,4963
339,4967
1445,4967
160,4968
3687,4968
1817,4969
3382,4969
3959,4969
3279,4970
1307,4971
2853,4971
2817,4972
4197,4973
1,4974
260,4975
466,4975
705,4975
4636,4975
141,4976
156,4978
8,4980
264,4980
484,4980
751,4980
264,4981
674,4981
1940,4981
3172,4982
197,4984
129,4985
374,4985
4924,4985
1,4986
249,4986
888,4986
241,4988
674,4989
2746,4989
3435,4989
63,4991
189,4991
803,4991
2429,4991
2065,4992
30,4994
3791,4994
75,4995
97,4996
287,4996
3585,4997
611,4998
1641,4999
2415,4999
576,5000
2935,5001
147,5002
576,5003
239,5004
690,5005
827,5005
1392,5005
1409,5006
47,5007
1787,5007
2145,5007
3779,5007
110,5009
3524,5009
346,5010
1674,5010
94,5011
1409,5011
2374,5012
141,5015
297,5016
2473,5017
2305,5018
641,5019
1943,5019
734,5020
2865,5021
3589,5021
1804,5026
1960,5027
2625,5028
3633,5028
1817,5029
4480,5029
18,5030
422,5030
1782,5030
333,5031
2444,5031
529,5032
3865,5032
6,5034
2267,5036
2381,5039
3573,5040
14,5041
95,5047
232,5047
43,5049
1404,5049
2380,5049
2333,5050
3671,5050
2444,5051
4218,5051
1270,5054
3587,5054
4540,5054
3789,5055
2892,5056
250,5057
872,5058
1485,5058
14,5059
64,5060
3030,5064
387,5065
75,5066
79,5067
483,5069
2235,5069
156,5071
851,5071
3783,5071
30,5075
3674,5075
428,5076
2529,5077
591,5078
1110,5078
2444,5079
5031,5079
1226,5080
1693,5080
387,5081
310,5082
79,5084
2676,5085
1209,5086
384,5088
1084,5088
578,5089
928,5090
1733,5090
3636,5092
156,5094
183,5095
3518,5095
94,5097
30,5099
3479,5099
4114,5099
957,5100
2625,5102
4165,5104
194,5105
3208,5106
4798,5107
2130,5110
2653,5111
3519,5112
4347,5112
14,5113
811,5113
827,5113
2611,5113
987,5114
1593,5114
749,5115
2407,5117
916,5120
20,5122
907,5123
70,5125
2246,5125
2815,5125
1853,5126
3493,5126
4512,5128
2974,5130
2168,5131
836,5133
89,5134
1639,5136
1725,5138
5,5139
4027,5140
1733,5141
1556,5142
3310,5142
64,5147
119,5147
714,5147
1518,5147
854,5148
144,5149
179,5149
2130,5149
501,5150
648,5151
3689,5153
39,5156
2781,5156
485,5157
4574,5157
4556,5158
47,5162
1171,5163
39,5165
2732,5165
1100,5167
3829,5167
3130,5168
549,5171
1283,5171
2678,5171
65,5174
383,5175
935,5175
1017,5176
1417,5176
4115,5178
2498,5179
483,5180
30,5184
2461,5184
1663,5185
1259,5186
4947,5186
842,5189
2435,5189
1830,5190
2323,5190
1342,5191
94,5192
4431,5192
0,5193
39,5193
205,5193
2453,5193
39,5194
3638,5194
623,5195
1,5196
1062,5196
1688,5196
136,5197
3145,5197
3971,5197
4655,5197
20,5198
623,5198
39,5201
714,5202
1724,5203
316,5204
44,5205
497,5205
1817,5207
3443,5207
3900,5208
198,5209
218,5209
91,5211
158,5211
5011,5211
3667,5212
278,5214
1351,5214
307,5215
1924,5215
2338,5215
2536,5217
287,5218
3287,5218
3219,5220
2944,5222
594,5223
1073,5223
1544,5223
235,5224
2697,5226
4255,5226
75,5229
2978,5229
5113,5229
3314,5232
2156,5233
624,5234
0,5235
32,5235
383,5235
1688,5235
2267,5238
4495,5238
2914,5240
314,5242
4557,5242
205,5243
391,5243
3519,5246
79,5252
991,5252
1006,5252
4300,5253
1518,5256
1931,5257
179,5258
1269,5259
202,5261
202,5262
476,5262
1337,5263
373,5264
3537,5265
3997,5265
1964,5266
316,5267
4611,5267
32,5268
340,5269
1175,5269
4166,5269
153,5270
1629,5270
941,5271
2447,5271
3516,5271
2659,5272
4641,5273
1112,5277
14,5279
47,5279
751,5279
388,5281
207,5282
297,5283
4691,5284
260,5286
1025,5286
1380,5286
1591,5286
4300,5286
1342,5287
3008,5287
1364,5289
170,5290
765,5290
2764,5292
882,5296
2715,5296
2958,5296
3141,5296
3447,5296
4765,5296
296,5300
2306,5300
30,5301
1408,5304
1021,5308
57,5309
4412,5309
4035,5310
184,5311
1795,5311
205,5312
2770,5314
4373,5314
129,5316
1586,5316
31,5317
941,5321
2549,5321
851,5322
4754,5322
1782,5324
4363,5324
1,5325
231,5326
5271,5326
3157,5328
3542,5328
194,5329
839,5332
2065,5332
3657,5333
254,5334
398,5335
324,5337
44,5340
572,5340
549,5348
4030,5348
1426,5349
79,5350
1153,5350
75,5351
518,5351
1348,5351
287,5353
1673,5353
2459,5353
4854,5353
160,5354
287,5356
537,5359
287,5360
1511,5360
4811,5360
141,5363
655,5363
2840,5364
490,5365
284,5366
19,5367
284,5367
2391,5367
1890,5368
591,5369
838,5369
597,5371
15,5372
847,5372
4804,5372
4929,5372
485,5373
12,5374
3868,5374
1,5375
258,5375
955,5375
1140,5375
1522,5375
56,5376
2453,5376
2702,5377
4276,5378
2885,5380
484,5383
280,5384
2307,5384
65,5387
2111,5388
3840,5388
3518,5389
0,5390
1556,5394
2066,5394
3076,5394
162,5395
2246,5395
2372,5399
541,5400
2061,5401
1794,5402
3606,5402
371,5404
271,5406
3467,5407
44,5408
239,5412
2065,5413
3559,5413
1555,5415
859,5416
4413,5416
1383,5417
2770,5417
1401,5418
97,5419
233,5419
4215,5419
233,5421
490,5423
1467,5426
443,5427
647,5427
3702,5427
2691,5429
1417,5430
2316,5430
3224,5430
2379,5431
1417,5433
1583,5433
3200,5433
671,5434
1713,5434
104,5435
2217,5435
3560,5435
260,5436
2316,5438
331,5440
32,5441
1696,5442
90,5447
5162,5448
2063,5450
362,5451
803,5452
729,5453
674,5454
1878,5455
2863,5455
5097,5456
93,5457
3250,5458
4837,5458
1813,5459
476,5460
670,5460
1853,5460
3564,5460
2401,5461
4294,5461
799,5463
314,5465
537,5465
13,5466
2391,5466
1,5469
208,5469
5375,5470
91,5471
781,5471
1288,5474
4795,5474
153,5481
1,5482
40,5482
391,5482
1079,5483
1960,5484
4802,5484
1022,5488
1383,5488
1733,5488
822,5492
907,5495
2853,5495
296,5498
2069,5499
3648,5500
826,5501
94,5502
5163,5502
1157,5505
231,5506
599,5508
2369,5508
842,5511
1341,5511
3232,5511
1583,5512
459,5513
15,5514
2235,5514
4457,5514
1143,5517
3866,5518
366,5519
1635,5519
3524,5519
909,5520
2703,5520
4193,5522
5055,5523
5071,5524
3970,5527
3988,5527
94,5528
1395,5528
623,5529
1383,5529
5282,5529
2813,5530
3164,5530
326,5531
3829,5531
16,5532
3682,5532
4477,5532
82,5533
1882,5533
1320,5536
3927,5536
3848,5537
1733,5538
3218,5538
650,5539
579,5544
3147,5544
780,5547
69,5548
4155,5548
1555,5550
1,5551
1401,5552
1522,5552
714,5553
5191,5556
4719,5561
65,5564
0,5567
0,5571
710,5571
2910,5576
2549,5578
14,5580
316,5581
1290,5582
1748,5582
64,5585
1500,5587
2116,5588
5282,5588
1883,5590
56,5592
1183,5592
4641,5592
260,5596
3992,5596
1592,5598
208,5601
2815,5602
4676,5603
272,5606
2576,5606
297,5609
8,5610
139,5610
3327,5611
3970,5611
2461,5612
834,5613
40,5614
66,5614
712,5614
1690,5616
2678,5617
3658,5619
540,5622
1417,5622
4070,5622
5619,5623
909,5624
1474,5624
1893,5625
4696,5627
1319,5628
3518,5628
1110,5630
1266,5630
4942,5632
0,5633
90,5634
3964,5635
2815,5636
4050,5637
1387,5638
5,5639
516,5639
95,5640
3245,5640
1020,5641
2155,5642
4586,5642
1702,5644
383,5645
1531,5647
2948,5647
494,5648
4868,5648
4783,5650
3356,5651
135,5652
158,5652
4412,5652
56,5653
3619,5653
5175,5653
5434,5653
91,5654
94,5655
1730,5655
4347,5655
32,5656
722,5656
66,5658
3558,5660
4616,5660
189,5663
2204,5663
5308,5663
94,5665
3055,5665
5153,5665
40,5666
3083,5666
68,5667
4554,5667
1062,5672
623,5673
966,5674
3865,5675
184,5677
2135,5677
218,5681
376,5681
1896,5681
2145,5683
2372,5683
712,5686
1341,5686
1674,5686
561,5688
1644,5689
361,5690
2402,5691
3752,5691
3171,5692
1125,5693
1903,5693
114,5695
119,5695
288,5695
590,5696
1875,5696
4083,5696
1038,5697
4383,5697
183,5698
250,5698
1634,5698
3090,5698
91,5700
630,5700
1290,5700
18,5701
2200,5702
4090,5703
4756,5708
90,5710
1630,5710
568,5711
2323,5711
960,5712
614,5715
4198,5715
5,5717
1883,5721
2402,5722
4347,5722
5296,5724
1832,5725
2265,5725
1597,5726
4682,5727
5622,5727
4679,5729
32,5732
108,5732
6,5736
3977,5736
2046,5739
1828,5740
0,5743
1276,5743
12,5744
658,5744
1253,5744
332,5746
264,5747
1383,5747
68,5752
3502,5752
2838,5753
2955,5753
94,5754
2646,5755
3232,5756
90,5757
352,5758
1781,5758
3746,5758
808,5762
2142,5762
3202,5763
1723,5764
4844,5765
20,5766
80,5767
1137,5767
46,5768
5354,5768
4463,5769
2815,5770
427,5771
4012,5771
4052,5771
4936,5771
1406,5774
1555,5775
5539,5775
182,5777
182,5778
1253,5779
1404,5780
1814,5780
4616,5781
2938,5782
3354,5782
1150,5783
1916,5783
2148,5783
1872,5784
2935,5786
40,5787
1286,5787
1761,5787
1969,5787
1386,5789
1947,5790
3979,5790
4846,5792
285,5795
2998,5796
1319,5797
4480,5797
1698,5799
4868,5799
1377,5800
1733,5800
412,5801
1522,5801
3114,5801
935,5802
20,5803
3995,5804
44,5806
898,5806
2130,5806
4038,5807
3573,5808
10,5809
31,5809
391,5810
2425,5810
4721,5810
271,5811
94,5812
1644,5812
2690,5812
360,5813
852,5814
991,5816
2726,5816
5084,5816
15,5817
310,5817
2194,5818
3332,5818
2592,5819
4254,5820
4816,5820
882,5822
67,5825
740,5825
94,5826
250,5828
4009,5828
1030,5829
2150,5829
2922,5830
5825,5831
5,5834
1556,5835
3262,5836
1468,5837
970,5838
257,5840
2425,5840
3849,5840
4941,5841
4795,5842
3759,5843
90,5844
1539,5845
4499,5846
1,5852
387,5852
888,5852
1062,5852
2316,5853
4884,5853
0,5855
33,5855
2435,5855
188,5858
690,5858
3136,5858
153,5859
2088,5859
1372,5860
3497,5860
374,5862
4088,5862
848,5863
260,5864
391,5866
5550,5868
5,5869
5436,5870
160,5871
1673,5871
4407,5871
572,5872
183,5873
1493,5873
2453,5874
5571,5874
69,5875
5758,5875
779,5876
506,5881
325,5882
1578,5882
5136,5883
5,5884
3329,5885
332,5886
56,5887
3078,5889
5690,5892
712,5893
326,5894
361,5894
614,5894
379,5895
1,5897
93,5898
47,5902
520,5902
3499,5904
3144,5905
1609,5906
3348,5908
705,5911
1280,5911
2099,5911
2333,5913
129,5915
442,5916
391,5917
4636,5918
5771,5920
4234,5921
5415,5922
201,5923
5482,5924
0,5925
463,5925
2460,5926
5666,5926
1690,5927
818,5928
2223,5929
30,5930
2978,5930
3054,5930
42,5932
20,5934
2881,5934
1191,5935
3155,5935
902,5937
1021,5937
3145,5937
4297,5938
3874,5939
636,5940
4715,5940
993,5946
2554,5947
1381,5948
230,5950
285,5951
295,5952
1733,5953
31,5955
1409,5956
4463,5957
4727,5957
198,5959
284,5959
59,5961
303,5963
1919,5963
2629,5963
4039,5965
5636,5966
1106,5967
1673,5967
1846,5968
4682,5968
1340,5969
2702,5969
1751,5971
4436,5972
1555,5973
4023,5974
402,5976
2199,5977
3566,5977
114,5978
1896,5978
2318,5978
278,5979
909,5980
284,5984
597,5984
3526,5984
1038,5985
129,5988
948,5989
1395,5990
3608,5990
30,5991
1022,5992
4136,5992
2563,5993
2681,5993
40,5995
904,5996
5049,5996
485,5998
1875,5998
2140,5999
507,6000
4980,6001
1709,6003
4871,6003
858,6004
2979,6004
170,6005
749,6005
1341,6005
39,6007
2433,6007
2694,6011
965,6012
2586,6012
4804,6014
3241,6015
2455,6018
874,6019
5758,6019
70,6020
5818,6020
287,6021
1112,6021
1253,6021
94,6022
1853,6022
3016,6025
94,6028
2810,6028
636,6029
1947,6030
3900,6030
4978,6030
70,6031
3250,6031
5809,6032
1136,6034
316,6035
15,6038
90,6039
715,6042
2475,6042
158,6043
4485,6043
94,6044
440,6044
1,6045
162,6045
184,6045
1104,6045
1920,6045
3885,6046
1009,6047
485,6048
6,6049
2415,6049
46,6050
1734,6051
1170,6052
523,6053
858,6053
1383,6053
3076,6054
2096,6055
40,6056
333,6056
549,6056
4936,6056
659,6057
1000,6058
3608,6058
396,6062
2477,6062
1399,6063
2016,6063
2063,6063
2997,6063
3167,6066
4144,6067
1870,6070
4326,6071
287,6073
2078,6073
360,6074
6,6075
2983,6075
4805,6075
1482,6077
339,6084
638,6084
1025,6084
1036,6084
484,6086
5630,6089
94,6090
1,6093
584,6093
645,6093
1830,6093
65,6096
215,6096
3519,6096
4050,6097
1029,6099
5243,6099
2896,6101
1971,6106
861,6107
18,6108
714,6109
362,6114
2732,6114
308,6115
5520,6115
2188,6118
1,6120
1609,6123
1404,6124
3114,6124
334,6127
4373,6132
3770,6135
5780,6135
463,6136
1950,6136
5665,6136
95,6139
4673,6140
136,6141
5973,6142
2682,6143
91,6144
803,6146
5488,6146
6,6148
2372,6150
431,6152
2335,6152
402,6153
5076,6154
1781,6155
2085,6155
5433,6156
722,6157
2082,6157
3954,6158
1137,6160
3113,6161
2016,6163
4191,6164
3359,6166
570,6167
1438,6167
5616,6176
1100,6177
4921,6177
909,6179
4031,6179
1932,6181
1883,6182
4147,6183
2114,6185
2368,6185
383,6187
4495,6187
1544,6189
5019,6190
3251,6191
316,6192
1882,6192
93,6193
512,6193
3224,6193
713,6195
5917,6197
279,6199
3500,6200
4985,6200
67,6202
1502,6202
387,6204
3480,6206
3130,6209
3042,6211
47,6212
169,6212
3269,6213
3140,6214
1985,6215
5710,6215
690,6216
1718,6216
2943,6216
3955,6216
4852,6216
285,6217
3090,6218
42,6220
5176,6220
160,6222
1569,6223
250,6224
5743,6224
144,6225
4942,6225
986,6226
3386,6226
5,6228
3880,6228
545,6229
715,6229
921,6229
4681,6229
630,6231
63,6234
137,6236
1075,6236
5715,6238
1906,6239
2125,6239
935,6240
5308,6241
3327,6243
3964,6247
6176,6247
114,6249
5435,6249
208,6250
328,6251
14,6253
5932,6253
1,6255
170,6256
3466,6258
5587,6258
762,6260
0,6261
4496,6262
4723,6262
411,6265
303,6266
597,6266
483,6267
5686,6267
162,6269
1419,6269
147,6270
1628,6270
314,6271
3478,6273
6096,6273
19,6274
3515,6275
5,6277
4746,6277
3259,6279
151,6281
1748,6282
715,6284
540,6285
3685,6286
858,6288
310,6290
1728,6290
899,6292
907,6292
39,6293
5149,6297
1422,6299
2522,6299
3855,6299
6028,6299
1943,6300
2938,6300
1904,6301
5296,6302
147,6304
64,6306
170,6307
93,6309
240,6309
340,6309
6285,6310
712,6311
41,6312
56,6312
2625,6312
1031,6313
2770,6313
3373,6315
379,6317
3142,6318
3753,6318
162,6319
2892,6319
3067,6319
123,6320
147,6322
466,6323
3900,6323
4992,6324
412,6325
636,6326
699,6326
1408,6326
1692,6326
4268,6327
3042,6331
2861,6333
46,6334
431,6336
47,6337
2767,6338
56,6340
514,6341
5834,6342
4373,6343
1151,6345
623,6346
2265,6348
3814,6348
1265,6351
4302,6353
3500,6354
1259,6356
4778,6361
97,6362
42,6363
1544,6363
101,6367
33,6368
827,6369
32,6370
2277,6370
1736,6371
2611,6371
803,6372
1062,6372
2069,6374
383,6375
6155,6375
817,6376
49,6377
132,6377
141,6378
28,6379
638,6379
3085,6379
5309,6382
316,6383
1108,6385
3538,6387
51,6389
4252,6389
448,6390
31,6391
91,6391
598,6392
2167,6392
1199,6393
5469,6393
494,6394
1484,6396
88,6398
540,6398
561,6405
2252,6405
1017,6407
69,6410
2678,6410
366,6411
904,6411
2170,6411
5722,6411
954,6412
2554,6412
12,6413
285,6414
6412,6414
343,6416
4829,6416
14,6418
1351,6418
3866,6419
250,6420
371,6420
1872,6420
4453,6424
1920,6425
2425,6425
1,6426
1020,6426
1140,6430
443,6432
827,6432
2372,6432
5036,6432
1157,6433
721,6435
2887,6435
47,6436
340,6436
740,6436
1302,6436
601,6437
1341,6437
5372,6439
2066,6442
2258,6444
2611,6444
13,6447
473,6447
139,6449
1594,6450
3857,6451
5,6452
6004,6452
4541,6454
3232,6456
2836,6457
287,6459
1857,6462
874,6464
3090,6464
3838,6464
1102,6465
2539,6467
4136,6467
4783,6468
411,6470
4942,6470
1209,6471
75,6472
387,6472
909,6474
3979,6477
505,6478
2938,6478
2563,6480
31,6481
1330,6481
3136,6481
12,6482
4936,6482
4942,6482
2357,6485
5959,6486
5123,6487
689,6488
462,6490
508,6490
647,6490
304,6491
3769,6491
3626,6493
317,6494
1038,6495
3359,6495
183,6499
3900,6499
1871,6500
1976,6500
2214,6500
4942,6501
732,6504
5316,6504
2130,6507
2333,6507
260,6508
670,6511
114,6512
909,6512
3314,6512
3765,6513
4278,6514
4554,6514
4681,6514
3869,6515
1351,6516
386,6518
4237,6518
516,6519
1890,6525
1733,6527
734,6529
139,6531
2943,6531
75,6532
329,6533
3633,6535
1114,6537
7,6538
740,6538
18,6539
2137,6540
1482,6542
2974,6544
4929,6546
113,6547
1503,6547
69,6550
1823,6553
2834,6553
1,6554
19,6554
4125,6554
4869,6554
842,6555
5174,6557
91,6561
1832,6561
5165,6564
1840,6565
14,6566
516,6566
4349,6566
5348,6566
572,6567
1005,6567
2813,6567
4981,6567
3334,6568
2388,6569
4144,6569
250,6571
56,6572
183,6572
1906,6572
5217,6575
162,6579
69,6581
4653,6581
4407,6583
39,6585
42,6585
250,6585
2085,6585
1511,6587
1704,6588
870,6589
3132,6589
3298,6589
94,6591
3373,6591
348,6592
466,6593
3101,6596
1728,6597
2052,6597
913,6598
1100,6602
1618,6602
5316,6602
4868,6603
5335,6603
75,6605
5455,6605
4822,6606
3588,6607
2323,6609
59,6610
4936,6611
5363,6613
12,6614
866,6615
3830,6615
14,6618
182,6618
2444,6618
4349,6618
710,6619
650,6620
16,6622
1445,6624
63,6625
710,6625
1131,6625
2372,6626
641,6627
828,6627
1011,6627
4924,6627
2822,6628
362,6630
340,6631
1370,6632
781,6633
1183,6633
1283,6634
1283,6635
3030,6636
4253,6636
6179,6637
1713,6639
485,6641
4743,6642
753,6643
5371,6643
458,6644
6156,6644
909,6645
2085,6645
47,6648
4723,6651
513,6653
803,6654
0,6656
3824,6656
65,6657
3500,6662
637,6665
585,6666
1035,6666
3734,6669
668,6672
5192,6672
5481,6672
183,6673
1511,6673
4566,6673
3901,6674
516,6675
3136,6675
396,6676
18,6677
1038,6678
1346,6679
3373,6679
3518,6679
597,6680
39,6681
866,6686
1132,6686
2172,6687
909,6688
1,6690
3275,6690
4049,6690
1511,6691
94,6692
605,6694
2186,6694
1150,6695
231,6696
387,6696
0,6697
1,6697
2459,6697
6261,6699
3406,6700
4291,6700
2515,6701
303,6702
1837,6702
939,6705
528,6707
6056,6707
70,6708
4557,6708
5790,6709
514,6710
2385,6710
3169,6710
5482,6710
16,6712
132,6714
712,6714
1330,6714
324,6716
14,6717
183,6717
1035,6718
2417,6718
5040,6718
170,6722
0,6723
955,6724
4121,6724
5316,6726
339,6727
2307,6727
303,6728
14,6730
264,6730
1700,6732
2146,6732
63,6733
3442,6733
5802,6734
1258,6736
5332,6737
3265,6739
1,6740
1781,6743
5321,6743
1288,6744
1522,6745
0,6746
323,6748
578,6751
1377,6755
310,6757
3222,6757
42,6758
2186,6759
5,6761
665,6762
305,6763
1110,6763
4204,6763
14,6765
3927,6765
465,6767
630,6768
2187,6768
1134,6769
2338,6769
2011,6770
2496,6771
3987,6771
101,6773
5067,6774
6021,6775
666,6777
1883,6777
182,6779
3992,6779
4915,6779
714,6780
3708,6780
3893,6780
2220,6781
40,6782
2372,6782
4495,6782
1370,6783
1909,6783
3104,6783
204,6785
0,6786
4120,6787
70,6788
937,6789
6705,6789
630,6790
156,6791
3130,6791
3178,6791
279,6792
291,6793
20,6794
422,6795
2333,6795
5881,6795
5756,6796
6512,6796
1611,6797
3995,6798
3299,6799
597,6800
4681,6801
6468,6801
0,6803
3514,6804
759,6806
2705,6809
18,6811
428,6813
3827,6813
3826,6814
594,6815
4599,6816
3636,6820
95,6822
1725,6822
39,6823
5214,6823
68,6824
2035,6826
6468,6826
4404,6829
484,6832
2453,6833
1302,6835
44,6836
2458,6836
231,6837
734,6838
1000,6839
0,6840
1253,6840
91,6841
4863,6841
170,6842
3310,6843
803,6844
512,6846
458,6847
1484,6847
383,6848
4647,6848
0,6849
301,6849
1506,6850
507,6851
4453,6851
2114,6852
2415,6852
376,6853
842,6853
682,6854
1021,6855
926,6856
752,6857
1609,6857
6854,6858
975,6860
0,6861
1725,6862
2013,6862
2671,6862
1544,6864
67,6865
1583,6868
254,6869
1351,6869
636,6872
1493,6872
6425,6878
485,6879
2659,6882
1956,6884
59,6885
513,6886
1629,6886
4422,6886
922,6888
4817,6888
314,6889
1730,6889
858,6891
32,6892
3886,6892
266,6893
5460,6893
1833,6894
44,6897
10,6898
156,6898
922,6898
2453,6898
4800,6901
1175,6902
1999,6903
1157,6907
6313,6907
462,6908
1404,6910
2238,6910
64,6911
32,6912
1019,6914
1198,6914
5353,6914
6675,6914
30,6915
75,6915
1690,6915
2278,6915
44,6916
21,6918
79,6922
2695,6922
1422,6923
3301,6924
182,6925
5777,6925
1722,6926
3113,6927
3404,6927
116,6928
578,6928
1156,6928
527,6929
4276,6929
39,6930
1036,6930
1069,6931
1297,6931
4886,6931
5665,6931
156,6932
1714,6934
6096,6934
21,6936
1347,6936
1929,6936
2416,6936
3496,6940
158,6944
1281,6948
1119,6949
3101,6949
332,6950
2274,6950
5197,6950
1150,6951
14,6952
30,6953
2472,6953
400,6954
2701,6954
4184,6954
3702,6955
5271,6956
597,6957
6152,6960
218,6961
1724,6961
3195,6962
462,6963
5193,6964
79,6965
0,6966
303,6966
156,6968
284,6970
1136,6973
387,6976
847,6976
5,6980
591,6980
630,6983
2311,6983
14,6984
131,6984
721,6984
6228,6984
65,6985
377,6986
264,6988
18,6989
674,6989
5758,6989
6902,6989
1417,6990
3938,6991
713,6992
6217,6996
128,6998
6398,6998
0,7001
463,7002
95,7003
314,7004
5458,7004
39,7006
1150,7006
58,7008
7004,7010
740,7012
1005,7014
4697,7015
2354,7016
4373,7016
6575,7016
1223,7017
2265,7017
4501,7018
4412,7019
6,7020
1280,7021
363,7022
1282,7023
979,7024
758,7025
4856,7025
6057,7026
30,7028
316,7028
41,7030
360,7030
3738,7030
311,7033
2407,7034
1729,7038
2166,7038
4616,7038
3538,7043
5207,7043
2115,7046
2170,7046
4765,7046
183,7049
6862,7050
5110,7051
755,7052
1923,7055
2022,7055
2896,7055
5820,7058
1,7059
3130,7059
3265,7060
288,7064
496,7064
3181,7064
5967,7065
549,7067
798,7069
1132,7072
2798,7072
5133,7072
6225,7073
303,7074
1,7076
3424,7076
5967,7079
3010,7081
3832,7081
5165,7083
391,7084
1,7085
3200,7086
6361,7086
316,7087
3119,7087
5884,7087
3466,7088
207,7089
712,7089
1112,7091
3094,7092
1270,7093
1931,7093
2227,7095
4218,7098
847,7099
57,7100
272,7101
2278,7102
3870,7102
6984,7102
1417,7104
13,7105
1500,7105
2048,7106
3452,7107
2372,7108
3788,7109
4416,7110
5,7111
1271,7111
4166,7112
1,7113
5416,7113
641,7114
1971,7114
188,7116
2624,7116
183,7119
42,7121
523,7121
1279,7121
1591,7123
6136,7123
2211,7125
2690,7127
6925,7127
2170,7128
4730,7128
250,7129
1468,7130
2914,7130
7064,7131
389,7133
5691,7134
1871,7135
6547,7135
20,7139
6675,7140
1,7142
7,7142
361,7142
4676,7144
340,7145
2965,7145
4583,7145
428,7148
732,7148
1522,7148
186,7149
311,7152
1285,7152
2653,7152
331,7154
2658,7154
605,7157
5007,7158
1725,7159
2692,7161
4035,7161
2137,7162
5511,7163
670,7164
316,7166
576,7166
6269,7167
4218,7168
6256,7168
5686,7169
6,7170
308,7170
874,7172
2570,7172
383,7175
6077,7175
549,7178
5934,7179
377,7186
254,7187
44,7191
1381,7193
3997,7193
715,7194
827,7195
6073,7195
2956,7196
3626,7196
4038,7196
6256,7201
828,7202
1544,7202
1,7204
4114,7204
68,7205
361,7205
692,7205
712,7205
3715,7205
1484,7206
6266,7206
5894,7207
6602,7208
3136,7210
921,7211
4575,7213
2386,7217
3787,7217
132,7218
4939,7218
2876,7219
570,7221
2970,7221
201,7222
4115,7222
95,7223
3497,7225
310,7226
316,7228
3340,7228
3670,7228
201,7229
4020,7230
2145,7231
2323,7233
866,7235
2291,7235
59,7236
67,7237
6607,7237
278,7239
1841,7240
366,7241
431,7241
528,7241
5049,7241
162,7242
28,7243
136,7243
2146,7245
1106,7247
2530,7247
363,7249
183,7254
3765,7254
5696,7254
6038,7254
2440,7255
4681,7256
3871,7257
1321,7260
7237,7260
3113,7261
7148,7262
2014,7265
423,7266
3021,7266
6606,7266
1253,7267
1307,7267
104,7270
5511,7272
2316,7273
6888,7275
2655,7276
3359,7277
77,7278
3475,7278
641,7279
1629,7279
3900,7279
6500,7279
578,7281
1151,7281
7,7282
714,7282
118,7283
1761,7283
2064,7283
2032,7285
162,7289
2149,7289
160,7292
670,7293
1474,7293
2711,7293
485,7296
6651,7296
6813,7296
442,7297
3987,7297
40,7298
1102,7299
4427,7299
4278,7301
235,7302
30,7305
485,7305
722,7305
1454,7306
712,7308
6115,7310
2800,7311
2845,7311
1347,7312
5666,7312
58,7313
517,7313
840,7313
1083,7313
3481,7313
0,7314
1870,7314
6585,7314
139,7315
3807,7315
91,7317
485,7317
650,7317
188,7318
4328,7318
2211,7323
188,7325
4204,7325
6,7326
0,7327
208,7327
549,7328
20,7330
3094,7332
1297,7333
1467,7333
4719,7333
104,7334
872,7334
15,7335
2102,7335
2424,7336
7064,7337
391,7338
218,7339
4151,7339
6299,7339
591,7340
7191,7340
6,7343
5596,7343
1853,7344
158,7346
197,7346
3692,7348
2496,7349
5282,7350
812,7351
710,7352
3101,7354
4578,7354
5283,7355
1500,7356
2440,7357
4590,7357
7179,7357
4263,7359
5996,7359
511,7360
3140,7360
6093,7360
4373,7361
4943,7361
1,7362
5340,7362
362,7363
6791,7363
3672,7364
2906,7366
91,7367
2429,7367
3380,7368
3105,7369
2690,7370
1038,7371
2155,7374
4251,7375
1502,7376
387,7380
2365,7381
4783,7381
754,7382
6717,7382
31,7384
1999,7385
4248,7385
2274,7386
1319,7388
3030,7389
1491,7391
1943,7391
4101,7392
866,7393
39,7394
7323,7394
2204,7395
13,7396
6031,7397
4013,7399
2711,7400
114,7401
102,7403
3707,7404
1467,7405
6597,7407
2323,7408
2668,7408
1704,7409
4106,7410
7397,7410
70,7411
1006,7411
1234,7411
514,7414
740,7414
2659,7414
3399,7414
1803,7415
3036,7415
2494,7416
16,7417
5826,7417
1259,7420
7148,7420
408,7422
7089,7423
3592,7424
6452,7425
2267,7426
3995,7432
2141,7434
1582,7435
2065,7437
4959,7437
803,7439
5015,7440
2938,7443
6886,7444
63,7445
484,7446
782,7446
2447,7447
1696,7449
878,7450
5208,7450
239,7451
872,7452
3214,7452
2787,7453
18,7455
3467,7456
5533,7456
363,7459
4767,7459
7315,7459
1232,7460
2815,7462
31,7465
3101,7465
183,7467
501,7467
2726,7467
2794,7467
1364,7468
3036,7469
2436,7470
960,7471
5852,7471
139,7474
2554,7474
1288,7477
5520,7479
6922,7479
4336,7480
90,7481
1038,7481
95,7482
3311,7482
6931,7483
496,7484
1531,7487
307,7488
169,7489
326,7489
1143,7489
1038,7490
233,7491
2956,7492
3749,7492
1381,7493
1417,7495
1950,7495
7112,7496
1690,7499
6032,7499
1386,7500
1950,7502
66,7503
7327,7504
1475,7505
260,7506
408,7508
6723,7508
750,7510
6071,7513
1923,7514
47,7515
3497,7515
1038,7516
3599,7516
296,7517
5413,7517
790,7518
867,7522
2287,7522
89,7524
3477,7524
5430,7524
328,7526
366,7527
202,7528
679,7528
3207,7528
6073,7528
1,7529
954,7529
1921,7529
4879,7531
1275,7532
3167,7534
1094,7535
1870,7535
1696,7539
679,7540
3136,7540
189,7541
4784,7542
1642,7544
2772,7544
3966,7544
4817,7544
72,7546
287,7546
840,7546
2834,7546
1021,7547
705,7548
1370,7548
205,7549
859,7549
4805,7549
5252,7551
670,7552
2368,7553
32,7554
838,7554
1615,7554
5609,7554
2433,7555
2419,7556
4620,7556
5871,7556
963,7557
1,7559
129,7559
3494,7560
6714,7561
803,7563
4555,7563
4625,7563
4939,7563
184,7565
463,7569
6326,7570
485,7572
264,7573
32,7576
213,7577
443,7577
3840,7581
3934,7581
4385,7581
818,7582
4422,7582
2130,7584
3829,7585
4681,7586
101,7587
2825,7587
4195,7588
2708,7589
4106,7590
3690,7591
715,7592
7467,7593
2997,7597
116,7598
5142,7598
6575,7599
7367,7599
2671,7600
128,7601
379,7601
5859,7601
28,7602
1498,7602
65,7604
3484,7604
4224,7604
1083,7605
2447,7605
2058,7608
6030,7608
27,7609
669,7609
1869,7609
5636,7609
3502,7610
6499,7610
1021,7612
3297,7612
7038,7612
331,7613
858,7613
6056,7617
296,7618
858,7619
755,7620
3114,7621
667,7623
1419,7624
6058,7624
3481,7626
1209,7627
3920,7627
262,7629
1410,7633
1834,7633
5282,7633
6437,7633
4426,7634
4476,7634
681,7635
304,7636
2145,7636
15,7637
674,7637
3502,7639
7479,7639
423,7640
6442,7640
1186,7641
188,7643
1056,7643
5520,7643
2078,7645
6984,7645
339,7646
4463,7647
215,7649
377,7649
5454,7649
755,7651
5904,7651
2372,7652
2333,7653
4317,7655
5818,7655
1787,7656
7,7658
1415,7658
387,7659
1319,7659
7084,7660
6,7661
66,7661
250,7661
3499,7663
540,7664
665,7664
755,7664
6936,7665
798,7666
4540,7666
5363,7666
1512,7670
3900,7670
114,7672
3094,7672
921,7673
3224,7673
630,7677
1522,7680
2367,7681
514,7682
2072,7683
3299,7683
3543,7683
1,7684
2480,7684
366,7685
860,7685
6790,7685
287,7686
5332,7686
6691,7687
4931,7690
6179,7694
1157,7695
49,7698
233,7698
310,7698
88,7700
1776,7700
725,7702
1150,7702
6012,7702
4263,7703
2765,7709
1096,7710
1639,7711
7293,7711
7004,7712
39,7713
4647,7713
5783,7714
4495,7718
5215,7718
7145,7719
266,7720
1700,7722
1282,7723
1468,7725
1155,7726
4513,7726
650,7727
2407,7727
3479,7728
4012,7728
4139,7728
6619,7729
2756,7732
4233,7732
56,7733
339,7733
466,7734
596,7734
1404,7735
4942,7737
7,7738
3279,7740
463,7742
3363,7742
1328,7744
2243,7746
287,7747
6,7748
3638,7748
3749,7749
410,7750
1674,7750
960,7751
4725,7753
72,7756
69,7757
2943,7758
3666,7759
1972,7761
3829,7761
6879,7761
272,7762
1337,7763
314,7764
2002,7764
2916,7764
3023,7764
102,7765
549,7765
2953,7766
39,7767
7414,7767
1476,7768
80,7770
5192,7770
49,7773
68,7773
4121,7773
5,7776
2333,7776
1817,7777
205,7778
3356,7779
177,7780
4869,7780
3481,7782
4949,7784
4727,7788
7106,7788
307,7794
3667,7798
4001,7798
624,7802
790,7802
1415,7802
139,7805
383,7805
3824,7805
46,7806
674,7806
2529,7806
2455,7807
30,7808
1394,7809
2526,7809
4512,7812
497,7813
49,7815
1419,7815
6075,7815
334,7816
5,7817
68,7817
3588,7817
408,7818
331,7820
3533,7820
339,7824
1712,7824
16,7825
4583,7826
5969,7826
141,7827
491,7827
1187,7827
2123,7829
123,7831
423,7833
2130,7833
165,7834
296,7834
4028,7834
1813,7836
496,7837
6587,7837
4810,7838
803,7840
463,7841
3356,7841
2922,7843
1541,7844
1905,7844
2436,7844
3391,7845
4554,7845
326,7848
5767,7850
162,7851
1577,7855
4502,7856
734,7857
7355,7858
7417,7859
3309,7860
888,7862
56,7863
47,7866
1759,7866
2334,7866
3579,7867
5875,7869
7867,7869
833,7871
28,7874
948,7874
1199,7876
2658,7876
56,7878
2671,7878
2906,7878
310,7879
3587,7879
5100,7882
6853,7882
5929,7885
39,7886
842,7886
921,7886
47,7887
3970,7887
6444,7889
2115,7891
59,7893
314,7893
1020,7893
150,7895
199,7896
1252,7896
2291,7896
605,7897
1285,7898
179,7899
3800,7901
4008,7901
4412,7901
44,7902
1343,7902
44,7903
2265,7903
618,7904
388,7906
2477,7908
4098,7908
2563,7910
655,7911
2673,7911
2522,7912
5084,7912
1500,7913
2357,7913
57,7918
3163,7918
1038,7919
862,7920
6605,7920
1,7922
912,7922
5197,7925
511,7926
670,7926
3252,7927
128,7928
3474,7928
3130,7930
6815,7931
30,7932
7028,7932
826,7933
6398,7935
2938,7936
5488,7936
2500,7940
2838,7940
177,7941
4981,7941
1624,7942
674,7943
7315,7943
6603,7947
1347,7948
6216,7948
933,7949
4008,7951
4562,7951
1381,7954
3813,7954
6603,7954
514,7956
7,7957
5429,7958
7709,7959
2530,7960
2659,7960
594,7961
3605,7961
2906,7962
1611,7963
5740,7963
4929,7964
1674,7965
1878,7966
605,7967
2064,7967
5191,7967
285,7968
3023,7968
1,7970
2016,7971
3736,7973
3224,7975
202,7977
761,7980
1320,7981
5431,7982
288,7983
7437,7983
2316,7984
3101,7986
2195,7988
5582,7988
4826,7990
714,7991
1906,7991
58,7992
476,7992
871,7992
1221,7992
3810,7995
1925,7996
4717,7996
922,7997
505,7998
692,7998
3117,7999
797,8001
3279,8001
285,8002
3244,8002
5630,8003
2886,8005
6370,8007
7513,8008
18,8009
6,8010
766,8010
4817,8010
5384,8010
1151,8011
1567,8011
57,8012
3161,8012
3910,8013
5922,8013
6375,8014
183,8015
963,8015
576,8016
3197,8018
3900,8020
4210,8020
116,8023
91,8024
100,8024
1021,8024
4802,8024
1384,8025
5430,8026
391,8029
2431,8029
576,8033
4829,8034
5142,8034
5582,8035
2458,8036
1609,8038
1380,8039
39,8040
303,8041
5007,8041
848,8042
3626,8042
2320,8043
1943,8045
2513,8046
6114,8046
507,8048
5079,8048
7195,8049
7680,8049
435,8051
4373,8051
4727,8052
3434,8053
4383,8053
5282,8053
3743,8056
156,8057
490,8057
2746,8057
6779,8057
1110,8059
1441,8059
6743,8060
819,8061
4978,8061
1026,8063
1342,8063
5822,8065
2334,8066
6236,8066
296,8067
2589,8067
4555,8067
2522,8068
2681,8068
202,8069
2145,8069
4425,8069
6488,8069
2746,8073
6722,8074
2922,8076
7560,8076
826,8078
4890,8079
1406,8081
1436,8081
4488,8081
1781,8082
1482,8083
858,8084
5266,8084
95,8085
39,8088
907,8088
1175,8088
4139,8088
6007,8088
7733,8088
6411,8091
705,8092
4925,8093
484,8096
605,8096
3243,8096
357,8102
40,8103
3689,8103
7761,8103
1232,8104
1960,8104
4783,8104
278,8105
1136,8107
1692,8108
4035,8108
4138,8109
1165,8110
2581,8110
2756,8111
91,8113
1319,8113
5100,8113
316,8114
264,8115
3962,8115
2076,8117
4614,8117
339,8118
2111,8118
2602,8118
2658,8118
4202,8121
2475,8124
1896,8125
7554,8126
2674,8127
4463,8127
287,8128
7555,8129
3515,8130
1319,8131
2016,8131
373,8135
387,8136
1,8137
1056,8138
5842,8139
6055,8139
388,8140
2223,8141
2783,8142
147,8143
666,8143
463,8144
3702,8145
4574,8145
4481,8146
57,8148
201,8148
4472,8148
250,8149
878,8151
2318,8154
2529,8154
2818,8154
6743,8154
340,8155
1870,8155
2064,8155
7481,8156
7529,8156
2267,8157
94,8158
1717,8158
7050,8159
3271,8160
1692,8161
1896,8163
40,8164
2229,8164
7038,8165
18,8166
4002,8166
5932,8168
8039,8168
880,8169
4940,8169
316,8172
4583,8172
7148,8172
30,8174
6864,8176
51,8178
5369,8178
3945,8179
6418,8179
4083,8180
65,8181
1736,8181
4433,8182
56,8183
14,8184
112,8185
8111,8186
771,8187
3328,8187
5153,8187
6084,8187
826,8188
285,8189
1415,8189
4682,8189
188,8191
3037,8191
7700,8193
40,8194
1546,8194
63,8195
182,8195
2658,8196
15,8197
162,8200
1640,8200
376,8201
644,8201
872,8206
5441,8206
4513,8207
7333,8207
410,8209
4363,8209
2061,8210
2794,8212
1333,8213
960,8215
3377,8216
5576,8218
605,8219
6914,8221
2702,8224
5384,8226
1611,8227
4968,8227
5602,8227
5726,8227
260,8228
2549,8228
7386,8228
1585,8230
5640,8231
5201,8232
7093,8232
13,8234
3130,8235
7605,8235
227,8236
361,8236
7240,8236
3900,8241
1,8242
4215,8243
49,8246
2482,8246
6565,8246
6792,8246
3126,8249
1168,8250
7375,8251
4931,8253
3800,8254
901,8255
2374,8255
7033,8256
1556,8258
2424,8258
4620,8258
412,8259
2246,8260
4046,8260
8046,8262
7815,8263
422,8264
4282,8264
33,8271
30,8272
5171,8272
2076,8273
5175,8273
333,8275
1209,8275
5616,8276
39,8278
3479,8278
6783,8278
7655,8278
144,8280
1571,8281
4204,8283
740,8284
462,8285
2972,8285
4596,8285
6285,8285
0,8287
1084,8288
2668,8288
6030,8289
1231,8290
4114,8291
7975,8291
43,8292
4605,8293
3136,8294
858,8295
3997,8297
1153,8299
46,8300
7396,8300
1146,8301
1062,8303
1911,8303
2958,8306
6697,8307
6848,8307
3279,8310
572,8311
1733,8312
310,8313
5010,8313
7753,8313
75,8314
766,8314
8059,8315
18,8316
5465,8317
2494,8318
5693,8318
2353,8319
20,8320
2354,8320
1690,8321
2466,8321
5529,8321
5999,8321
5326,8323
2144,8328
4117,8329
250,8330
2046,8330
6045,8333
3384,8334
59,8335
715,8335
4502,8335
30,8338
2721,8338
2655,8340
7339,8340
3130,8342
156,8343
1,8344
5696,8345
8067,8347
129,8348
4012,8348
20,8349
1,8350
1870,8350
66,8353
1592,8353
7728,8353
114,8355
5060,8355
3340,8356
4496,8357
1794,8359
2611,8359
2934,8359
7798,8361
188,8362
3478,8362
1404,8364
1503,8364
1947,8364
3828,8364
56,8365
7649,8365
141,8366
748,8367
1109,8367
7529,8368
7091,8371
3753,8372
6229,8372
2877,8373
6218,8374
665,8375
2002,8375
1038,8376
5811,8376
1,8377
3881,8377
7456,8377
788,8379
490,8380
6326,8380
30,8381
1702,8381
2746,8381
3599,8384
231,8386
824,8386
1290,8386
2067,8387
386,8389
177,8390
585,8390
1,8391
70,8392
90,8392
1719,8392
2036,8392
2069,8392
1629,8393
7206,8394
7825,8394
605,8396
3562,8397
5049,8397
1482,8399
94,8400
1276,8400
5353,8400
6789,8400
7474,8400
4676,8403
6436,8403
7684,8406
33,8407
363,8407
996,8407
3751,8408
14,8411
1183,8412
7394,8412
4476,8416
6769,8417
7637,8417
8088,8417
5205,8418
2621,8419
287,8420
2168,8420
7161,8422
3130,8423
7825,8424
7081,8425
57,8427
659,8427
4745,8427
94,8430
2368,8430
1468,8431
391,8433
4101,8433
4816,8433
6032,8436
6077,8436
6566,8437
6047,8438
3752,8442
1583,8443
3869,8444
2887,8445
314,8447
2674,8449
0,8450
3373,8450
4373,8450
3475,8451
363,8452
638,8452
3091,8452
44,8453
507,8453
326,8454
3809,8457
1734,8458
8424,8458
18,8461
870,8462
90,8463
144,8463
183,8463
1674,8464
4294,8464
3787,8465
842,8468
4142,8469
516,8470
721,8470
2161,8470
3682,8470
1865,8471
3104,8471
5095,8471
5283,8472
2116,8474
2498,8474
4798,8474
2016,8476
6950,8477
7896,8477
231,8478
7647,8478
484,8479
2194,8480
7310,8480
0,8481
168,8484
7148,8484
7191,8484
357,8485
8396,8487
30,8490
1084,8490
8155,8491
39,8493
3178,8496
1609,8497
3707,8497
1870,8498
4981,8498
2515,8499
7205,8500
5702,8502
614,8505
7243,8506
4908,8508
7178,8511
356,8512
3253,8512
2024,8515
2347,8516
715,8517
4618,8517
7908,8517
326,8518
2211,8519
1,8521
316,8522
1581,8522
2460,8522
3687,8522
1017,8525
6474,8525
6990,8525
3519,8526
5,8527
4575,8529
21,8530
90,8530
3384,8534
28,8535
95,8539
383,8539
95,8541
260,8542
1929,8542
1035,8544
1577,8544
1680,8544
1975,8545
5032,8546
2659,8547
8088,8547
184,8548
266,8548
3479,8548
5858,8548
833,8549
1727,8549
2436,8549
373,8550
3386,8551
141,8552
3403,8552
128,8553
3403,8553
5369,8553
8551,8553
1273,8555
3569,8556
6732,8556
4946,8559
75,8561
1275,8561
6849,8562
43,8563
101,8563
1055,8565
1,8566
1021,8566
649,8567
182,8568
6567,8568
304,8569
597,8569
7805,8569
3480,8571
1690,8572
3754,8572
6000,8572
7515,8574
6435,8575
7002,8575
1119,8577
3136,8578
3479,8578
5211,8578
7128,8578
144,8580
501,8580
162,8581
3031,8581
808,8582
1,8584
5858,8584
2106,8585
2655,8585
655,8586
116,8587
1517,8587
1692,8587
1651,8589
1282,8591
1408,8591
3244,8592
860,8596
7465,8597
1275,8602
2223,8602
144,8604
5197,8605
2679,8606
7254,8608
5892,8609
5978,8609
465,8611
4233,8611
7196,8612
7646,8612
128,8613
6066,8613
7335,8613
2790,8614
4049,8614
284,8616
3995,8617
8295,8618
6,8619
287,8619
7529,8623
334,8624
4385,8624
4873,8625
1234,8626
1611,8627
162,8628
6,8631
1596,8632
316,8633
658,8634
830,8634
8210,8634
4654,8636
4079,8637
2611,8638
8014,8638
1186,8639
3347,8639
8639,8641
7518,8642
7527,8642
4470,8643
8602,8644
1,8645
1021,8645
5126,8646
3218,8647
7605,8648
6474,8649
1309,8651
6963,8651
264,8653
7549,8657
7986,8658
316,8659
1794,8660
2483,8660
6550,8660
511,8661
7131,8662
8372,8662
307,8663
14,8664
1476,8664
3157,8665
8057,8665
6309,8666
3588,8668
363,8669
6832,8670
1433,8672
3428,8672
2611,8673
7186,8674
5282,8675
67,8677
3657,8678
412,8679
7091,8679
1,8681
112,8681
635,8681
5527,8681
284,8682
2845,8683
935,8685
1150,8687
1209,8687
1055,8689
8114,8691
1352,8696
1845,8701
909,8702
7283,8705
0,8706
110,8706
463,8706
6547,8706
605,8707
3164,8707
3496,8708
3310,8709
605,8710
2281,8710
4723,8713
4147,8714
3605,8715
7384,8718
339,8719
3483,8719
3819,8719
4476,8720
70,8722
435,8722
2606,8723
5193,8723
4151,8724
1251,8725
4480,8725
7655,8725
5019,8729
8063,8729
2294,8732
3140,8733
6277,8733
3585,8734
123,8736
3181,8736
284,8737
3430,8737
0,8738
775,8738
2655,8741
95,8742
3403,8744
3327,8745
1026,8748
5175,8748
605,8749
516,8750
10,8751
316,8751
12,8752
59,8752
65,8753
2562,8754
4157,8755
291,8756
6882,8756
6857,8758
80,8759
4747,8759
6030,8759
3114,8760
1500,8763
2065,8763
4725,8765
1638,8768
5926,8768
8015,8768
8586,8770
3733,8773
3784,8773
307,8774
5816,8774
6317,8774
5639,8776
5746,8776
490,8777
6813,8778
0,8780
7179,8781
30,8782
6361,8782
5369,8783
94,8784
1206,8786
4237,8786
611,8787
3584,8787
5500,8787
3771,8788
3076,8789
1782,8791
14,8792
39,8792
59,8792
4282,8794
6681,8794
69,8796
3971,8796
7827,8799
7686,8801
3770,8802
7099,8804
6045,8805
131,8807
3244,8808
4550,8809
1333,8810
2130,8810
3553,8810
7841,8810
388,8815
1443,8815
2455,8815
3585,8816
316,8818
6585,8820
8660,8821
7515,8822
4829,8823
69,8824
6273,8825
2223,8826
1307,8827
485,8828
5567,8828
2717,8830
1498,8833
909,8835
8024,8835
101,8836
4218,8836
2746,8839
1426,8841
2337,8842
39,8843
1712,8843
56,8844
948,8850
5051,8852
1,8855
260,8855
1858,8855
2569,8856
8011,8857
4685,8858
43,8859
4649,8859
249,8860
7277,8861
1415,8862
4729,8862
235,8865
7975,8865
39,8867
5640,8867
7493,8867
826,8870
307,8871
1555,8871
3136,8872
39,8874
4700,8874
130,8875
729,8875
6224,8876
5739,8880
7336,8880
1759,8882
2876,8882
1333,8883
2065,8883
122,8884
1009,8884
39,8885
2896,8889
4114,8891
650,8892
1320,8892
7346,8894
7455,8894
215,8895
7663,8896
6326,8897
2096,8898
75,8900
3900,8900
960,8901
0,8902
1096,8902
2560,8902
6787,8904
7618,8904
6073,8905
266,8908
1187,8909
6136,8909
310,8911
4115,8911
6983,8912
2806,8913
5767,8913
605,8914
2235,8915
4222,8915
285,8916
889,8917
3475,8918
4641,8918
4939,8918
1109,8919
7226,8919
4205,8920
6256,8923
523,8926
1858,8927
1947,8927
1348,8928
2519,8929
7820,8929
67,8931
356,8931
5655,8931
6705,8931
2326,8934
296,8936
1414,8936
7862,8936
5441,8939
916,8940
605,8942
809,8943
4279,8944
1704,8950
7172,8950
1271,8953
2178,8953
1893,8954
734,8956
5448,8956
1288,8958
1583,8959
8471,8960
4422,8961
6518,8961
2496,8963
1671,8965
75,8966
3083,8967
132,8969
5858,8969
129,8972
1794,8973
6581,8974
7527,8974
7970,8974
4681,8976
94,8977
361,8977
371,8977
2155,8977
514,8978
4243,8980
5413,8980
431,8982
2833,8982
8449,8982
2899,8984
8596,8984
705,8986
239,8991
2221,8991
8865,8995
1062,8996
8480,8996
497,8997
677,8997
4611,8997
1270,8998
7382,8998
47,8999
5894,9002
5953,9002
6953,9002
511,9003
1674,9004
3987,9004
5871,9004
4098,9005
485,9006
904,9006
5529,9007
6989,9008
7948,9008
1231,9010
5176,9010
4817,9011
1140,9013
2072,9013
118,9016
491,9016
909,9016
4210,9016
6075,9016
331,9017
2099,9018
3145,9018
3904,9021
8791,9021
18,9022
361,9024
18,9025
740,9025
8977,9025
867,9029
3497,9029
278,9031
2453,9031
537,9032
8034,9033
47,9034
2539,9035
5752,9035
2170,9036
435,9037
1927,9039
6348,9039
7072,9041
32,9042
4150,9043
8464,9043
6755,9044
13,9046
4144,9047
3658,9051
184,9052
2998,9053
403,9055
6319,9056
14,9058
6467,9061
6700,9061
6215,9064
5511,9065
2460,9066
7491,9067
333,9068
2235,9068
8569,9068
5340,9069
162,9070
2592,9072
4101,9072
260,9073
7780,9073
1,9074
4485,9074
1140,9075
1577,9075
2268,9075
31,9079
2014,9079
630,9080
1522,9081
2082,9083
904,9084
525,9085
32,9086
4353,9086
1482,9088
7437,9088
4020,9089
517,9090
1587,9090
4642,9091
1330,9092
2913,9092
20,9093
5328,9093
672,9094
3232,9094
3090,9096
4431,9096
94,9098
5924,9098
6553,9098
669,9099
1393,9099
4868,9100
2925,9102
1468,9103
6567,9103
5553,9104
128,9106
363,9106
1128,9106
635,9107
1450,9107
30,9109
7643,9111
1673,9113
3403,9113
215,9114
2611,9118
3840,9118
833,9119
1723,9119
4854,9120
427,9123
781,9123
2263,9123
740,9124
1971,9124
2016,9127
2938,9129
3690,9129
8569,9130
8010,9133
462,9134
798,9134
5,9136
0,9137
3592,9139
5927,9139
2267,9140
2034,9141
260,9144
362,9145
540,9146
1663,9146
4202,9146
8350,9146
287,9147
2331,9147
3299,9148
6229,9149
7152,9150
31,9151
1539,9151
7761,9152
8861,9152
215,9153
2146,9154
5151,9154
2267,9157
4929,9157
665,9159
3698,9159
8794,9159
713,9160
2200,9160
213,9161
7116,9162
9114,9163
410,9164
908,9164
507,9166
361,9167
184,9168
75,9170
1209,9170
2653,9170
3113,9171
6436,9171
303,9172
531,9172
1021,9174
712,9177
4373,9181
35,9182
1454,9182
1,9184
3870,9184
670,9185
1999,9186
8670,9186
1644,9187
5055,9189
5133,9189
1833,9190
485,9191
5926,9191
6746,9191
8096,9192
90,9193
1729,9193
1919,9193
371,9194
4661,9194
30,9195
8707,9195
3578,9196
1234,9197
326,9198
1225,9200
7709,9200
13,9201
2519,9202
7282,9203
3181,9204
8348,9204
1337,9206
466,9210
1587,9210
3181,9210
3928,9212
5921,9212
1663,9214
1916,9215
209,9216
665,9216
6313,9216
4653,9217
1761,9219
1441,9220
3190,9220
363,9221
2178,9222
6914,9222
359,9223
1896,9223
4989,9223
2741,9225
1571,9226
1422,9227
1789,9227
5771,9227
5859,9228
2723,9230
1468,9233
1593,9235
194,9236
284,9236
1997,9237
428,9239
1964,9239
3900,9241
18,9246
2379,9246
8041,9246
4253,9247
3480,9248
7680,9249
56,9250
7833,9250
7748,9251
9185,9254
3356,9255
7301,9255
28,9256
41,9256
2274,9256
1467,9257
32,9259
206,9259
308,9259
3042,9259
13,9263
19,9263
3585,9263
0,9264
1021,9264
1253,9264
2668,9264
5889,9264
82,9265
823,9266
7817,9266
915,9267
3340,9268
3555,9270
3035,9272
4164,9272
184,9273
6089,9273
326,9274
46,9275
5938,9275
8815,9275
47,9278
1828,9280
2020,9280
16,9282
655,9282
4219,9282
231,9284
1571,9284
1,9285
1858,9289
168,9290
4750,9291
759,9292
408,9293
2167,9293
1,9294
279,9294
1258,9295
4807,9304
8856,9304
40,9305
5630,9306
6436,9308
5862,9309
1748,9311
7076,9311
941,9312
6398,9313
7443,9316
57,9317
1999,9318
2291,9318
8260,9320
9100,9321
303,9323
9273,9323
4746,9324
1,9325
594,9326
1280,9326
9093,9326
6727,9329
8909,9332
1234,9333
15,9334
832,9334
2247,9335
2069,9336
316,9337
1692,9339
3470,9340
8295,9340
1165,9341
5205,9341
3299,9343
6238,9343
5,9344
1288,9346
51,9348
3787,9348
4008,9348
540,9349
5351,9349
2316,9350
3343,9350
3588,9350
5,9351
3311,9352
7808,9352
1919,9353
5647,9353
9018,9353
4606,9354
5531,9354
2605,9356
3037,9356
7315,9358
8633,9358
2705,9359
3505,9359
8313,9359
1119,9360
3282,9362
721,9363
1110,9365
2311,9365
139,9366
5273,9366
1151,9367
6922,9368
7020,9368
803,9369
7084,9369
7658,9369
2042,9372
4780,9372
1140,9374
748,9377
30,9378
4347,9379
4575,9379
1417,9380
3140,9380
4697,9384
3670,9386
2455,9387
7535,9387
3130,9388
3584,9388
264,9389
2522,9389
5894,9389
8801,9389
416,9392
4884,9393
2169,9397
754,9398
2833,9398
1,9399
485,9399
1026,9399
4277,9399
5099,9399
316,9400
6966,9400
1823,9401
14,9404
1724,9404
4233,9404
4847,9404
1395,9405
8221,9408
396,9409
1556,9409
7646,9409
1077,9411
5457,9411
578,9412
2146,9412
4925,9412
5217,9412
904,9413
4174,9416
56,9417
5855,9418
6136,9419
4048,9420
7829,9420
39,9421
7004,9421
1451,9422
1408,9424
4090,9427
1175,9428
1383,9428
2130,9428
14,9430
112,9431
2361,9432
4780,9433
8084,9434
65,9435
326,9439
4840,9439
6212,9439
561,9440
2585,9440
2373,9441
5834,9441
3049,9442
170,9444
781,9444
8340,9445
410,9446
5092,9446
193,9449
2199,9449
5286,9449
2962,9450
379,9452
1728,9452
4961,9454
7395,9454
383,9455
8061,9456
1252,9458
948,9459
2425,9460
4750,9461
528,9462
2178,9462
6591,9462
6779,9462
8187,9462
10,9463
1739,9463
1503,9465
1,9466
7513,9467
2104,9468
3524,9468
158,9469
2458,9469
3039,9469
31,9471
254,9471
0,9473
1,9474
7459,9474
6,9476
1117,9476
2170,9476
568,9477
1847,9478
287,9479
8673,9479
31,9480
8131,9481
2765,9483
2767,9484
5768,9484
6707,9488
9476,9489
3702,9490
326,9492
7683,9492
4463,9493
30,9495
0,9497
1474,9498
766,9501
851,9501
3136,9501
3373,9501
1342,9502
3682,9502
5192,9502
4095,9503
7,9504
8384,9505
3686,9507
5317,9507
7278,9507
3403,9509
7482,9509
2938,9510
6482,9511
1858,9516
153,9517
6675,9517
1244,9519
2014,9521
679,9522
4263,9522
5852,9523
2381,9525
773,9526
2453,9526
6481,9526
835,9527
9118,9528
4179,9530
4164,9532
1252,9534
602,9537
1555,9539
5959,9539
507,9540
775,9540
889,9540
2046,9540
1,9542
6,9543
51,9543
1296,9543
9016,9543
1441,9546
4900,9547
8647,9547
9034,9547
1114,9549
8275,9549
2720,9550
75,9551
578,9552
8642,9552
2820,9553
3178,9555
1348,9557
2515,9557
8433,9557
1468,9558
1829,9558
6342,9558
59,9559
144,9559
5332,9560
6019,9561
545,9563
2599,9563
715,9564
1817,9565
316,9566
916,9566
8403,9566
189,9567
1408,9569
3680,9571
518,9572
1728,9572
3873,9572
527,9574
540,9574
1903,9574
139,9575
69,9576
4502,9576
2189,9580
2333,9580
49,9581
5461,9581
2502,9582
7089,9583
324,9586
6324,9586
1,9587
4407,9587
647,9588
7815,9588
235,9589
1343,9590
3418,9591
39,9592
5071,9592
7563,9592
494,9593
2333,9593
2935,9593
722,9594
6862,9595
9469,9596
7,9597
1417,9597
2770,9598
9079,9598
3819,9599
2884,9601
1940,9602
5725,9602
144,9604
67,9605
5963,9605
6,9606
8480,9608
5529,9609
18,9611
303,9611
2904,9611
7317,9611
1613,9615
1513,9622
2278,9622
5551,9622
8221,9625
129,9628
2293,9628
9129,9631
58,9632
1100,9632
5963,9632
2477,9633
960,9635
1086,9635
8355,9635
333,9636
2790,9636
8273,9636
1947,9637
9046,9637
5123,9638
80,9639
1290,9639
5787,9640
2904,9641
4936,9641
1670,9643
9539,9643
64,9645
30,9647
199,9647
260,9648
1894,9648
2357,9648
4347,9648
715,9650
1410,9650
1756,9651
6273,9651
363,9652
1348,9652
4846,9653
8400,9653
3824,9656
9652,9658
316,9659
9068,9659
1828,9661
4014,9661
8076,9663
1832,9666
2024,9666
139,9667
4215,9667
758,9668
496,9669
8024,9670
116,9672
2115,9672
4370,9672
360,9674
445,9674
6000,9675
7484,9675
7549,9675
1640,9676
2658,9676
665,9678
1989,9678
9002,9678
6261,9681
2435,9682
4750,9682
4813,9683
3105,9684
9465,9685
2436,9691
4563,9691
5498,9691
213,9692
5296,9692
9107,9692
584,9693
4616,9693
576,9695
2948,9697
184,9699
3963,9701
824,9703
2085,9703
3404,9705
2065,9706
32,9710
39,9712
942,9712
2135,9712
5430,9712
5616,9712
75,9713
153,9713
4712,9713
5316,9713
369,9714
1693,9715
4931,9715
6,9716
7913,9716
1002,9717
6,9718
811,9718
6039,9720
1870,9724
435,9726
1,9729
47,9729
1358,9729
7121,9730
69,9731
966,9731
476,9732
5192,9732
9099,9732
1664,9733
9592,9733
334,9735
5,9737
10,9738
734,9738
7102,9738
630,9741
803,9741
2223,9741
7902,9741
4495,9743
75,9745
1319,9745
3751,9745
7019,9745
989,9746
5441,9746
118,9749
386,9751
13,9753
715,9755
7524,9756
2836,9760
8553,9760
4633,9762
8871,9762
4771,9763
4980,9763
70,9764
75,9766
799,9766
3453,9766
6390,9768
9193,9768
2114,9769
102,9770
1629,9770
827,9771
165,9772
113,9774
7639,9775
3169,9776
3530,9777
258,9778
35,9780
780,9781
1776,9781
3505,9783
803,9785
3744,9787
49,9788
5917,9788
584,9789
715,9789
2435,9789
9526,9789
28,9791
4838,9791
9002,9791
7179,9793
9672,9793
459,9794
2681,9794
3770,9794
3997,9795
7827,9795
9044,9795
40,9796
921,9796
2845,9797
3083,9797
4327,9797
6983,9799
8729,9799
0,9800
2492,9802
51,9803
5753,9804
527,9805
4294,9809
7805,9810
69,9813
6487,9813
2041,9814
4929,9814
9016,9814
9080,9814
462,9815
9068,9815
333,9818
779,9819
3979,9820
715,9822
1081,9822
987,9824
1837,9824
6153,9824
1281,9825
2858,9827
188,9829
412,9830
5130,9830
91,9831
31,9833
88,9834
1546,9834
93,9841
891,9844
1858,9845
674,9846
4895,9846
7088,9846
3988,9847
2263,9849
5782,9851
7348,9855
8209,9855
9540,9855
9794,9855
5005,9856
0,9857
56,9859
253,9861
1921,9862
5032,9862
9170,9863
2195,9865
7432,9865
9456,9866
987,9867
1544,9867
803,9870
3665,9873
2176,9875
5092,9875
30,9878
197,9878
5993,9878
20,9879
1454,9879
833,9881
5453,9881
2865,9882
2930,9882
1828,9883
4222,9884
3961,9885
618,9886
323,9887
8273,9887
149,9888
715,9889
1370,9889
3246,9889
3590,9892
9419,9894
6602,9895
303,9897
1404,9897
6293,9897
8156,9897
2530,9899
5133,9902
7951,9907
430,9908
4336,9909
162,9910
1613,9911
4541,9911
9527,9911
5766,9912
7161,9912
128,9916
7876,9917
2104,9918
5246,9919
8572,9920
7334,9921
8794,9922
1175,9923
1276,9924
40,9925
5561,9926
2768,9927
2923,9930
4501,9931
3169,9933
6,9934
9446,9936
183,9937
908,9938
1709,9938
1846,9938
2098,9938
18,9940
8862,9940
4013,9941
7682,9941
870,9942
1828,9942
4155,9943
1,9945
484,9945
6508,9946
6042,9948
909,9950
215,9952
58,9955
1829,9956
1692,9958
3658,9960
1,9962
9185,9962
131,9963
3287,9963
7335,9965
5640,9966
948,9967
6000,9970
4989,9971
6212,9971
182,9974
46,9977
5874,9977
20,9980
2678,9983
3075,9984
361,9985
366,9985
3114,9985
2150,9986
188,9990
635,9990
649,9993
7460,9993
8614,9993
9712,9993
1,9994
8111,9994
1723,9995
6537,9995
6627,9995
2080,9997
4364,9997
