0,1
0,2
1,3
2,4
2,5
1,7
2,7
3,7
5,7
0,8
7,8
0,9
2,9
0,11
3,11
7,11
0,14
1,14
11,14
1,15
7,15
5,16
3,17
15,17
0,18
2,18
7,18
17,19
14,20
4,21
5,21
4,23
0,24
0,25
3,26
7,27
9,27
7,28
2,30
7,30
5,31
3,32
15,34
11,36
0,38
7,38
3,39
7,39
7,41
9,41
0,44
2,44
5,44
7,46
7,48
11,50
34,52
2,53
7,54
7,55
0,56
7,56
7,58
21,59
11,60
2,61
3,61
0,65
7,65
39,66
55,66
7,67
2,68
18,68
66,68
20,71
4,72
48,73
21,74
15,75
0,76
7,78
18,78
44,79
32,80
26,83
15,84
9,87
30,87
71,88
80,90
0,92
18,92
16,93
7,94
9,97
21,100
2,101
36,101
1,104
17,104
9,107
39,107
0,109
28,110
71,110
9,111
110,112
5,115
90,116
5,117
15,117
18,117
104,118
16,119
21,119
46,121
0,125
0,127
7,127
44,127
56,127
7,128
19,131
44,131
7,133
7,137
87,137
101,138
111,138
7,139
5,141
78,141
68,142
0,143
58,143
7,145
4,146
7,149
9,150
15,150
112,150
0,151
1,154
74,154
110,155
101,157
154,158
0,161
11,162
0,163
3,163
78,163
68,164
112,164
7,165
115,165
4,166
7,166
83,166
104,167
127,167
97,169
0,170
56,171
58,171
143,171
5,173
7,175
67,175
141,176
161,176
0,177
1,177
9,177
18,177
26,179
5,181
101,181
15,183
65,183
68,184
7,185
83,185
44,186
0,187
177,187
84,188
28,193
75,194
138,195
21,196
74,196
166,196
7,198
18,198
52,198
0,199
7,199
9,202
9,203
128,205
38,206
94,206
149,209
196,209
61,210
0,211
56,212
2,213
5,216
0,217
38,217
196,217
3,218
9,218
0,219
30,219
26,220
209,220
5,221
7,221
90,222
0,225
2,225
15,225
39,226
169,227
196,227
9,229
110,229
11,233
101,234
173,234
92,235
194,235
4,236
7,236
7,239
167,239
199,242
11,243
198,244
11,247
65,248
1,249
9,249
20,250
104,250
115,250
119,250
173,250
9,252
7,254
44,254
11,255
44,255
9,256
20,258
250,258
220,259
17,261
109,262
166,262
0,263
4,263
44,264
54,264
4,265
88,265
28,266
101,266
177,266
166,267
87,268
115,268
58,270
250,270
117,274
250,274
7,275
90,276
7,279
101,279
250,280
30,281
4,282
20,282
167,284
155,285
213,287
166,292
196,296
34,298
266,298
3,299
7,299
26,299
1,300
0,301
7,302
175,302
0,303
221,304
18,305
150,305
227,305
41,308
0,311
183,311
30,312
14,314
60,314
239,314
1,315
7,315
314,316
34,319
274,319
1,320
250,322
93,323
220,323
128,324
284,324
177,325
54,327
11,328
65,328
110,332
0,333
2,334
166,334
176,334
234,335
112,336
319,336
137,337
0,338
7,339
203,339
263,339
164,340
262,340
199,345
177,346
2,347
100,347
101,347
141,347
150,347
154,349
250,349
94,351
112,351
339,352
279,353
7,355
17,357
0,358
2,358
55,360
262,360
1,361
38,361
117,361
44,362
276,362
250,363
233,364
61,365
3,367
76,367
154,367
127,369
276,370
203,371
328,371
292,372
285,373
167,378
155,379
68,380
161,380
250,380
183,381
1,382
5,384
76,385
167,385
7,387
5,389
11,389
78,389
198,389
225,389
65,390
211,391
65,394
198,395
298,396
78,397
236,402
299,402
2,403
220,403
274,403
7,405
5,406
323,406
112,408
302,408
90,409
54,410
61,410
4,411
58,412
347,412
219,413
27,414
173,414
411,414
9,415
65,418
75,418
185,418
198,418
112,419
125,419
264,419
335,419
71,420
60,421
227,421
337,422
413,423
93,424
15,426
32,428
1,429
3,429
9,431
110,431
196,431
7,433
410,433
11,435
0,436
90,437
381,438
61,439
30,440
209,440
68,441
415,443
7,446
320,446
8,447
217,449
218,449
414,449
101,452
217,452
2,456
171,456
360,457
0,459
3,461
34,461
58,461
381,463
110,464
155,471
274,471
255,473
394,474
221,477
119,480
258,481
104,482
21,483
349,483
52,484
101,484
248,484
143,487
3,488
274,488
0,489
196,489
274,492
5,494
184,494
274,494
0,498
2,499
115,501
2,502
38,502
199,502
347,502
109,504
101,505
292,505
403,506
3,512
27,512
258,512
18,513
9,520
390,520
229,521
418,521
216,525
11,527
44,527
116,529
7,530
93,531
370,533
7,534
11,534
7,535
83,535
302,535
115,536
112,537
484,537
26,538
141,538
9,539
127,539
194,541
319,541
0,542
87,542
0,543
16,543
127,544
5,545
131,546
94,547
93,548
9,549
211,550
440,550
177,551
138,552
263,552
263,553
413,553
411,554
2,555
185,555
203,555
537,557
7,558
84,558
11,559
14,559
225,559
9,560
422,560
1,561
18,563
58,563
167,564
171,565
233,566
0,568
115,568
67,570
351,570
538,570
61,572
9,574
274,574
7,575
119,577
483,577
484,577
371,580
403,580
11,583
449,583
236,584
239,584
264,584
263,586
0,587
2,587
397,588
185,589
34,590
250,591
68,592
141,592
0,593
7,594
332,597
83,599
128,603
488,603
7,604
104,604
367,604
115,605
250,607
34,608
351,608
23,609
41,609
55,611
1,613
2,613
274,613
112,614
355,614
187,615
92,616
21,617
48,618
90,620
5,621
131,621
112,622
252,622
0,623
530,623
14,627
449,629
11,630
36,630
171,633
339,633
2,636
34,637
141,637
14,639
101,639
18,641
299,641
143,642
55,643
100,643
642,643
0,644
220,645
138,646
483,646
258,647
21,649
583,650
34,652
73,653
349,653
30,655
323,655
471,655
513,656
5,657
56,658
165,661
203,662
7,664
30,665
381,666
536,666
7,667
115,669
112,671
133,672
395,676
413,676
115,677
421,677
7,680
349,683
28,685
7,687
529,688
194,691
15,692
65,692
23,693
110,694
339,694
381,694
7,695
274,695
155,697
623,697
66,699
127,699
5,703
334,703
249,704
61,705
143,707
167,707
555,707
74,708
666,708
9,709
52,709
0,713
72,713
349,713
419,713
646,713
7,714
154,714
580,714
11,715
311,715
422,715
446,716
187,719
302,719
11,721
28,722
56,722
141,723
614,723
68,724
7,727
38,727
312,727
314,730
5,732
7,732
438,732
220,734
18,735
112,735
181,736
138,737
456,737
655,737
56,738
32,739
55,739
32,742
543,742
30,743
614,743
537,744
196,746
31,747
177,748
1,749
171,750
7,751
276,751
505,751
267,752
196,753
285,754
609,755
415,756
166,757
274,758
543,758
560,758
274,759
2,760
9,760
748,760
20,765
141,765
408,765
164,766
403,766
1,767
3,767
184,767
44,770
360,770
437,771
101,772
141,772
463,772
381,776
364,778
570,778
119,779
151,780
66,781
594,781
345,783
0,784
658,784
555,785
0,786
187,786
265,786
736,786
264,787
249,789
0,791
7,792
119,794
233,795
115,798
16,799
90,799
196,799
1,801
697,801
315,803
697,804
786,804
639,807
54,808
422,808
185,809
127,810
262,810
751,810
361,812
584,812
11,814
250,814
482,814
71,816
30,817
131,818
520,818
765,820
623,822
255,823
262,824
810,824
90,825
5,826
110,827
360,829
276,830
543,832
810,832
389,836
187,837
756,837
1,839
7,840
177,844
707,845
5,848
428,848
463,848
402,849
9,850
115,850
167,850
2,851
305,851
279,852
18,853
538,853
389,855
380,856
7,857
73,857
623,858
820,858
7,861
658,861
0,862
20,862
742,862
422,863
525,863
71,864
196,864
339,865
11,867
157,868
340,868
667,868
65,871
498,871
30,873
71,873
584,873
68,874
274,874
415,874
60,875
221,875
60,877
732,878
177,879
340,879
520,880
2,882
0,885
2,885
265,886
11,887
437,888
15,890
379,890
312,891
11,892
613,892
599,894
748,895
11,896
171,896
810,897
440,898
31,899
76,899
233,899
323,899
31,901
78,901
155,901
213,901
264,901
14,903
276,904
494,905
3,906
39,906
65,906
339,907
577,908
868,909
217,910
756,912
78,913
264,913
784,913
248,914
2,915
18,915
128,916
94,917
54,918
781,919
90,920
314,920
2,921
9,922
216,922
920,922
26,923
871,923
262,924
549,924
0,927
151,928
17,930
543,930
167,931
360,933
704,934
742,934
34,935
9,936
141,936
738,936
7,937
30,937
39,937
194,937
403,937
142,939
8,941
370,942
1,943
28,944
599,944
55,945
65,945
599,945
934,945
0,948
7,948
177,951
284,951
483,952
607,953
429,954
922,954
2,956
5,956
360,958
890,958
941,958
1,960
742,962
2,963
258,965
296,965
360,966
867,966
247,968
577,968
1,971
7,971
93,971
169,971
316,971
55,973
110,974
217,974
0,975
279,975
27,976
0,977
30,977
138,978
878,979
146,981
877,981
418,983
939,983
422,984
358,985
1,986
11,986
735,986
936,986
137,988
79,989
642,990
830,992
2,993
389,994
924,994
83,996
302,996
956,996
695,997
11,999
187,1002
641,1002
735,1002
974,1003
989,1003
695,1006
672,1008
781,1011
907,1012
166,1014
705,1017
8,1018
361,1019
474,1019
742,1019
58,1021
216,1023
340,1026
488,1028
422,1029
574,1029
72,1030
440,1030
756,1030
977,1030
3,1033
611,1033
901,1033
550,1035
11,1036
83,1038
262,1038
32,1039
149,1040
934,1040
30,1041
418,1041
521,1041
262,1043
906,1043
265,1044
314,1044
945,1044
250,1045
804,1048
440,1049
713,1050
167,1051
658,1051
732,1053
7,1054
34,1056
7,1057
44,1057
347,1058
935,1060
211,1062
263,1062
315,1063
183,1064
577,1064
547,1065
892,1065
296,1066
642,1066
166,1068
2,1072
373,1073
71,1074
339,1074
101,1076
138,1076
173,1079
264,1081
542,1081
3,1082
0,1083
60,1085
73,1085
423,1085
11,1088
7,1089
7,1090
262,1091
353,1092
422,1093
279,1094
801,1095
3,1096
101,1096
235,1100
68,1101
183,1101
1064,1102
542,1103
23,1104
520,1104
7,1107
264,1108
0,1109
767,1110
127,1112
263,1112
319,1112
11,1113
79,1115
274,1115
482,1116
7,1117
154,1117
225,1118
30,1119
323,1120
554,1120
149,1122
250,1122
38,1123
179,1125
270,1125
181,1127
187,1128
305,1130
312,1132
799,1132
1006,1132
1093,1133
2,1135
2,1136
9,1137
177,1137
128,1139
7,1140
298,1141
906,1141
227,1143
235,1145
362,1145
1123,1146
44,1147
166,1147
887,1147
888,1147
218,1148
3,1149
209,1149
115,1150
0,1152
101,1153
115,1153
181,1153
44,1154
61,1154
1074,1154
871,1156
975,1157
118,1158
58,1160
781,1160
262,1163
760,1163
878,1164
0,1165
8,1165
379,1166
175,1168
60,1169
263,1170
415,1172
544,1172
1118,1172
614,1173
848,1173
899,1173
362,1175
617,1175
913,1176
83,1177
217,1177
41,1178
112,1179
154,1179
314,1179
754,1180
137,1181
264,1182
349,1182
11,1184
953,1184
177,1187
56,1188
408,1188
934,1188
305,1192
316,1192
767,1192
0,1193
2,1193
250,1193
15,1195
187,1196
380,1198
433,1198
199,1199
861,1200
39,1201
1,1202
164,1203
389,1203
599,1204
36,1205
1172,1207
305,1208
23,1209
65,1209
349,1209
0,1210
169,1212
142,1216
149,1216
906,1216
922,1216
211,1219
235,1219
7,1220
5,1221
14,1222
411,1222
4,1225
209,1225
577,1226
65,1229
0,1230
312,1231
380,1231
770,1232
15,1234
68,1234
9,1235
685,1235
808,1235
39,1236
314,1237
713,1237
873,1237
937,1238
452,1239
538,1239
874,1239
381,1240
971,1240
986,1242
683,1244
1153,1244
7,1246
555,1246
220,1247
920,1247
141,1250
537,1250
347,1251
183,1252
577,1257
1149,1257
9,1258
1149,1258
133,1259
196,1259
305,1259
3,1260
46,1262
549,1262
117,1263
185,1263
367,1264
502,1267
471,1270
7,1273
128,1273
198,1273
555,1273
962,1273
7,1276
676,1279
7,1280
314,1280
898,1280
264,1281
17,1282
1049,1284
1012,1285
20,1290
11,1291
553,1292
781,1293
349,1294
502,1296
112,1297
242,1297
667,1297
157,1299
402,1299
11,1305
60,1305
249,1305
934,1305
7,1308
1002,1308
577,1310
1040,1310
227,1311
250,1311
38,1312
265,1313
1,1316
9,1317
101,1317
50,1318
177,1318
527,1320
255,1323
715,1324
173,1326
304,1329
810,1329
2,1330
112,1330
128,1330
118,1331
233,1331
138,1333
0,1334
119,1334
653,1334
219,1335
0,1336
890,1337
7,1339
34,1339
44,1340
570,1340
1201,1341
3,1342
440,1343
646,1343
39,1345
171,1345
196,1347
266,1347
349,1349
233,1350
779,1350
0,1351
196,1352
784,1352
621,1353
65,1354
0,1358
1242,1360
212,1363
299,1363
649,1369
781,1369
904,1371
577,1372
1145,1372
101,1373
406,1373
1212,1374
115,1375
44,1379
322,1379
61,1382
305,1382
614,1384
44,1386
411,1386
713,1386
858,1386
1273,1386
707,1387
408,1388
971,1389
1350,1389
218,1392
555,1392
2,1394
5,1395
570,1395
1212,1395
55,1398
5,1400
316,1400
0,1401
119,1401
7,1403
325,1406
340,1406
636,1406
72,1407
1382,1408
32,1409
258,1409
250,1411
922,1411
1081,1411
11,1415
67,1415
282,1415
463,1415
732,1415
1123,1415
520,1416
756,1416
1163,1416
316,1418
1090,1418
334,1420
916,1420
0,1422
60,1422
110,1423
117,1424
848,1424
1180,1426
20,1427
92,1427
853,1428
1229,1428
801,1429
1038,1429
131,1430
2,1431
488,1431
146,1434
1422,1434
1251,1435
165,1442
649,1442
58,1443
110,1443
989,1444
7,1445
68,1445
1,1448
1310,1448
1422,1448
196,1449
34,1450
187,1450
936,1450
71,1453
390,1453
167,1454
848,1458
301,1459
1085,1460
166,1461
263,1463
90,1464
209,1464
885,1464
31,1465
849,1466
5,1467
439,1467
418,1468
937,1469
185,1470
83,1471
614,1472
971,1472
756,1474
810,1477
0,1480
83,1480
1096,1480
268,1481
150,1482
396,1482
187,1483
9,1484
264,1484
389,1485
750,1485
1420,1485
389,1487
630,1487
16,1491
577,1493
765,1493
112,1494
9,1495
225,1495
722,1495
127,1496
339,1499
913,1500
154,1501
862,1501
9,1502
878,1507
48,1509
1502,1509
347,1510
30,1511
577,1511
347,1514
141,1515
255,1515
778,1515
248,1516
11,1517
305,1521
412,1521
1205,1521
209,1525
316,1527
19,1528
196,1529
1023,1529
0,1533
963,1533
1203,1533
28,1536
1305,1536
749,1537
48,1538
380,1538
570,1538
1212,1538
525,1541
2,1543
723,1543
489,1544
9,1545
683,1545
338,1546
861,1546
7,1548
9,1551
389,1551
80,1557
1192,1557
0,1558
54,1559
1146,1559
1163,1559
778,1560
133,1561
68,1562
360,1563
590,1564
0,1565
155,1565
747,1567
20,1568
742,1568
149,1569
221,1569
1011,1569
302,1570
1003,1570
1312,1570
7,1575
279,1576
177,1578
0,1579
1173,1579
553,1580
697,1580
1394,1580
0,1581
1089,1581
1,1582
1122,1582
422,1583
577,1583
555,1584
7,1585
31,1585
747,1588
1387,1589
1443,1590
428,1593
1101,1594
55,1599
629,1599
1146,1599
101,1600
18,1601
218,1606
603,1606
521,1607
87,1609
1262,1609
1363,1611
389,1613
707,1615
1125,1615
94,1618
901,1619
1280,1619
7,1620
1360,1620
133,1621
2,1622
951,1622
1411,1622
31,1623
87,1623
535,1625
226,1626
1019,1627
1201,1627
512,1628
9,1629
32,1630
380,1630
1527,1630
5,1631
380,1632
2,1633
1563,1633
786,1634
1178,1635
697,1636
4,1637
703,1638
997,1638
65,1639
778,1639
276,1640
8,1641
1,1642
9,1645
530,1645
1112,1645
264,1650
0,1651
459,1651
7,1653
1305,1654
161,1656
1606,1656
262,1657
339,1657
403,1657
577,1657
1208,1658
19,1665
31,1666
373,1666
403,1666
937,1667
7,1668
142,1668
55,1669
161,1669
7,1672
187,1673
1100,1673
109,1675
161,1675
577,1677
1137,1677
1372,1677
7,1679
778,1679
1260,1679
665,1680
820,1681
1019,1681
577,1682
1345,1682
101,1683
1585,1684
1495,1685
3,1686
11,1686
203,1686
658,1686
801,1690
1247,1692
784,1693
142,1694
143,1694
489,1695
765,1696
958,1696
887,1697
471,1698
736,1698
304,1699
623,1700
1343,1701
1564,1701
167,1702
867,1702
758,1703
26,1704
177,1705
1329,1705
899,1706
968,1708
7,1709
9,1709
1696,1710
263,1712
1358,1712
1387,1714
137,1715
173,1715
1157,1715
1443,1715
150,1716
887,1719
1567,1719
440,1721
18,1723
274,1725
391,1726
414,1726
1502,1726
0,1728
0,1729
20,1729
39,1729
418,1730
892,1733
1,1734
807,1734
1279,1734
1712,1734
1290,1735
17,1736
1149,1736
196,1737
117,1739
934,1739
1568,1739
1411,1740
1559,1741
60,1743
101,1744
0,1745
234,1747
244,1747
262,1747
282,1747
171,1748
177,1748
1318,1748
418,1749
901,1753
1630,1754
74,1755
482,1755
196,1756
193,1759
209,1759
65,1760
437,1760
721,1761
830,1762
1706,1765
150,1766
183,1766
418,1766
561,1766
650,1766
422,1767
724,1767
349,1768
78,1769
239,1769
937,1769
50,1770
100,1770
164,1770
372,1770
1062,1773
97,1776
542,1776
1019,1776
332,1779
1141,1779
183,1780
978,1780
1308,1780
360,1781
1686,1782
1119,1783
31,1784
916,1784
267,1785
1112,1785
20,1786
264,1786
727,1786
951,1787
34,1788
116,1792
409,1792
7,1793
39,1794
236,1794
1400,1794
530,1796
26,1797
617,1797
814,1798
1246,1798
141,1799
694,1799
196,1802
918,1803
482,1805
90,1806
146,1806
50,1807
1400,1807
177,1808
358,1810
15,1811
285,1813
363,1813
1411,1814
2,1818
21,1820
953,1820
2,1821
1258,1823
0,1825
32,1825
196,1825
599,1825
1329,1827
1064,1828
1334,1829
1641,1830
56,1831
220,1832
7,1836
974,1836
724,1837
112,1838
614,1839
1501,1842
1482,1843
641,1844
1065,1844
173,1845
1416,1845
1146,1846
520,1847
709,1847
907,1848
437,1849
183,1850
614,1851
264,1852
161,1853
1567,1855
772,1856
73,1859
274,1859
737,1860
1002,1860
2,1861
141,1865
167,1865
362,1866
520,1867
347,1868
68,1869
11,1870
14,1871
529,1872
60,1873
530,1873
423,1874
799,1876
513,1877
7,1879
9,1881
17,1881
161,1881
41,1882
906,1882
250,1883
30,1884
347,1884
1308,1884
1536,1884
196,1887
3,1888
409,1893
904,1893
1375,1893
27,1895
714,1895
0,1896
1510,1896
30,1897
395,1897
1101,1897
166,1899
0,1901
301,1901
389,1901
570,1902
801,1902
936,1903
1422,1903
1,1904
282,1904
312,1904
11,1906
1820,1907
177,1908
11,1909
221,1910
141,1913
164,1913
1123,1913
7,1914
279,1914
735,1914
339,1915
1418,1915
205,1916
244,1916
1908,1918
719,1919
1153,1919
389,1920
2,1921
1668,1923
694,1924
68,1926
115,1928
873,1929
60,1932
131,1932
198,1932
695,1934
194,1935
44,1936
101,1936
3,1938
65,1938
264,1939
433,1939
590,1939
767,1939
109,1943
249,1945
1039,1946
1074,1947
65,1948
358,1948
41,1950
137,1950
550,1951
254,1953
971,1953
1581,1953
373,1956
1729,1956
39,1958
9,1959
530,1960
1422,1960
1653,1962
209,1963
387,1963
267,1964
1915,1964
1040,1966
1783,1966
754,1967
65,1969
292,1973
772,1976
0,1977
5,1977
199,1978
270,1978
484,1979
1904,1980
614,1981
1783,1981
0,1982
154,1982
937,1982
1448,1982
7,1983
770,1983
1721,1983
264,1985
112,1986
614,1987
418,1988
166,1990
402,1992
1029,1992
905,1993
23,1994
1564,1995
0,1999
577,1999
794,2000
7,2001
1422,2002
623,2003
1950,2004
115,2005
723,2005
367,2007
873,2007
38,2009
119,2009
431,2010
58,2012
1164,2012
1959,2014
1262,2015
65,2017
1956,2017
274,2018
437,2018
54,2019
1939,2022
1990,2024
302,2027
1279,2028
1347,2028
7,2029
157,2030
1389,2030
185,2037
985,2037
276,2039
862,2040
4,2041
9,2041
1334,2041
11,2042
243,2043
456,2043
225,2044
724,2044
1395,2044
220,2045
323,2045
1767,2045
112,2047
1236,2048
1749,2049
1786,2049
183,2050
1219,2051
61,2053
1072,2055
1999,2055
429,2056
1482,2057
68,2059
552,2059
23,2060
744,2061
2,2062
597,2062
715,2066
115,2068
1729,2069
461,2070
707,2070
1881,2070
274,2072
131,2073
505,2075
697,2076
1029,2076
234,2079
1797,2080
26,2081
34,2081
101,2081
188,2082
968,2083
968,2084
1,2088
274,2088
555,2088
1599,2089
714,2090
907,2090
28,2092
280,2092
384,2093
653,2093
226,2094
0,2095
250,2095
1445,2095
505,2096
20,2098
7,2099
39,2099
758,2100
188,2101
461,2102
11,2105
71,2107
936,2108
1786,2108
597,2109
7,2110
1122,2110
107,2111
543,2111
0,2114
609,2114
1527,2114
274,2115
1734,2117
2,2118
328,2118
112,2119
158,2119
697,2119
355,2121
553,2122
713,2122
1700,2122
109,2125
971,2128
1209,2128
2102,2128
194,2129
128,2130
1861,2134
996,2138
196,2139
101,2140
225,2141
1884,2142
899,2143
249,2144
1415,2145
349,2146
0,2149
216,2149
1445,2149
555,2150
0,2151
30,2153
555,2154
1335,2154
494,2155
1039,2155
1477,2155
14,2157
389,2157
1141,2158
1560,2158
599,2160
1865,2160
211,2161
263,2161
194,2162
141,2163
816,2163
421,2164
530,2164
1844,2164
1026,2165
26,2166
249,2166
436,2167
536,2167
1909,2168
142,2169
418,2169
1557,2173
203,2176
853,2177
1202,2178
250,2179
2076,2179
362,2180
1491,2182
2102,2183
183,2185
422,2185
447,2186
137,2187
849,2189
17,2191
151,2191
1839,2192
735,2193
1568,2193
54,2197
0,2200
2129,2200
11,2201
418,2201
101,2202
2,2203
1679,2204
958,2205
101,2209
471,2209
584,2209
799,2209
1570,2209
3,2211
1852,2211
7,2213
93,2213
901,2213
1085,2216
1913,2218
994,2219
282,2220
2095,2220
1884,2222
778,2224
21,2225
415,2225
119,2226
1200,2229
754,2232
1950,2232
264,2234
1209,2235
1199,2236
461,2238
32,2239
887,2239
2030,2239
1388,2240
381,2242
90,2244
340,2244
599,2244
937,2244
1673,2245
2082,2245
1208,2246
323,2249
7,2250
11,2251
1536,2251
2,2252
66,2252
265,2252
1747,2252
119,2254
1696,2256
0,2258
347,2258
1770,2258
2166,2258
1012,2259
381,2260
853,2260
138,2261
270,2261
1904,2261
452,2262
804,2262
39,2263
1696,2263
422,2266
166,2267
255,2267
607,2269
2262,2271
282,2273
217,2274
1017,2274
421,2277
735,2277
614,2279
66,2280
1987,2283
274,2284
646,2285
1914,2285
7,2286
380,2287
760,2287
1653,2287
1908,2287
546,2291
2287,2293
3,2294
60,2294
314,2294
1072,2295
808,2296
2158,2298
471,2299
316,2301
1825,2301
266,2303
1888,2303
7,2304
412,2305
1041,2305
112,2308
2119,2308
9,2309
4,2311
265,2311
484,2311
1225,2312
2,2313
154,2313
1100,2314
7,2315
1140,2318
767,2319
1139,2320
4,2322
11,2322
101,2322
141,2322
7,2323
127,2324
154,2324
7,2325
1594,2325
282,2326
1225,2326
263,2327
415,2327
68,2330
546,2330
1145,2331
173,2332
765,2334
848,2334
39,2335
922,2335
266,2336
9,2338
109,2340
937,2341
171,2344
209,2344
1232,2344
165,2345
737,2347
1135,2347
968,2348
428,2349
1003,2349
31,2351
2102,2351
115,2353
127,2353
544,2353
7,2354
1212,2354
171,2357
1599,2357
1615,2357
816,2358
1536,2358
115,2359
642,2359
305,2360
1448,2360
7,2361
181,2363
262,2364
274,2364
1156,2368
1177,2368
1697,2368
0,2371
244,2371
314,2373
1538,2374
11,2376
1062,2376
7,2377
936,2377
1783,2377
2299,2378
65,2379
871,2381
1807,2381
104,2383
128,2383
512,2385
643,2385
115,2386
555,2388
1143,2388
715,2389
1706,2389
1773,2390
1959,2390
149,2391
7,2392
100,2392
373,2392
18,2393
101,2393
347,2393
1715,2393
1426,2394
646,2395
804,2397
20,2398
423,2398
169,2402
520,2403
871,2404
1340,2404
2322,2406
1316,2410
2149,2410
187,2412
2287,2412
2,2413
778,2414
1860,2414
250,2415
456,2415
922,2415
9,2416
173,2416
154,2422
879,2422
1827,2423
5,2424
2176,2425
553,2426
778,2426
418,2430
187,2431
1881,2431
44,2432
349,2433
1093,2433
7,2434
181,2434
1257,2434
275,2436
727,2436
558,2438
1019,2438
55,2439
31,2441
60,2441
250,2444
55,2446
158,2446
68,2447
760,2447
2213,2447
1051,2448
142,2449
621,2449
7,2453
1581,2453
217,2456
1982,2456
1,2457
4,2458
2093,2461
0,2463
1443,2463
285,2464
389,2464
2287,2464
262,2465
2,2469
250,2469
381,2469
1118,2469
1986,2469
7,2471
1420,2471
183,2472
630,2472
878,2472
44,2474
339,2474
599,2475
1734,2475
7,2477
118,2477
115,2478
639,2478
1090,2478
250,2480
538,2480
1,2482
7,2483
920,2483
1177,2484
1541,2484
367,2485
1006,2486
1123,2488
247,2489
974,2491
1153,2491
784,2492
1877,2492
2225,2492
15,2493
68,2493
1079,2493
1117,2493
2,2494
161,2496
258,2496
527,2496
2258,2496
2359,2496
574,2497
715,2498
1257,2500
1294,2500
274,2503
744,2503
1990,2504
770,2505
2335,2505
489,2507
1420,2510
2434,2510
1305,2511
7,2514
2486,2514
853,2515
1785,2516
613,2517
1495,2518
1403,2520
83,2521
899,2521
1698,2521
2037,2521
7,2522
538,2522
1693,2522
262,2524
1748,2525
906,2528
405,2530
2080,2530
2102,2530
158,2531
1258,2531
2,2533
2213,2533
758,2534
1521,2534
1622,2534
1176,2535
349,2536
456,2538
107,2539
904,2539
1123,2539
41,2541
5,2542
196,2542
7,2543
461,2544
119,2545
683,2545
1443,2545
1747,2547
547,2548
1400,2549
55,2551
697,2551
127,2552
2041,2552
498,2554
1818,2554
418,2556
2070,2557
439,2560
1170,2560
1444,2560
67,2561
1371,2561
2517,2562
520,2563
133,2567
381,2567
7,2571
1039,2571
115,2572
754,2572
871,2572
1902,2573
1153,2574
3,2575
4,2575
1529,2576
265,2577
901,2577
2406,2577
171,2578
2213,2578
1685,2579
906,2581
347,2582
186,2586
149,2588
623,2588
786,2590
396,2591
687,2591
340,2593
408,2593
1311,2593
1936,2597
1745,2599
1770,2600
756,2601
65,2602
75,2602
1838,2602
1990,2602
127,2604
138,2607
431,2608
2354,2608
112,2610
0,2611
776,2611
941,2612
1467,2613
154,2614
403,2614
1698,2614
138,2617
217,2617
555,2617
20,2618
885,2618
1502,2619
58,2621
1137,2622
732,2624
138,2626
18,2627
2514,2630
2521,2630
169,2633
1710,2634
2453,2640
171,2641
83,2642
263,2644
742,2644
1164,2647
2567,2647
93,2650
250,2650
1615,2650
449,2651
820,2652
183,2654
683,2654
239,2657
1667,2657
3,2658
216,2659
220,2659
542,2660
1335,2664
61,2665
101,2665
104,2667
250,2667
1729,2671
2252,2671
1745,2672
2360,2676
2477,2676
2109,2679
2381,2679
44,2681
353,2681
653,2682
7,2683
11,2683
15,2685
757,2686
1146,2686
267,2692
1119,2693
758,2696
968,2697
50,2700
389,2700
1482,2700
1721,2701
270,2702
804,2709
296,2710
1755,2710
1767,2711
73,2712
2521,2712
328,2713
1305,2713
1234,2716
1484,2718
2169,2719
7,2721
646,2721
653,2722
1443,2723
1411,2726
890,2727
422,2729
1199,2730
194,2732
1872,2732
951,2733
157,2740
3,2741
583,2741
680,2742
1613,2744
555,2747
1056,2747
339,2748
767,2748
1867,2748
371,2750
23,2751
530,2753
697,2753
1100,2754
1090,2755
716,2757
861,2757
922,2757
171,2758
559,2758
7,2761
166,2762
483,2762
2166,2762
1681,2764
1157,2765
2431,2765
0,2766
7,2769
1484,2769
408,2770
1216,2770
1710,2771
723,2773
101,2774
371,2775
2,2776
570,2779
1745,2779
56,2780
184,2780
1779,2781
1976,2781
0,2782
639,2784
1903,2784
1,2789
1401,2790
945,2797
1902,2798
1712,2800
1536,2801
2610,2801
9,2802
119,2804
316,2805
502,2807
389,2808
474,2809
1420,2809
642,2810
1053,2811
1501,2812
1882,2812
2525,2815
23,2817
1544,2818
128,2819
142,2819
2203,2820
614,2821
918,2821
1685,2821
1263,2822
2357,2826
2477,2826
2602,2826
922,2828
2729,2830
546,2831
1838,2834
78,2835
1164,2835
367,2836
824,2837
2311,2841
8,2842
871,2842
112,2843
2608,2843
5,2844
577,2844
1884,2844
2314,2844
44,2846
968,2846
2186,2847
171,2848
2486,2848
1450,2850
2836,2850
141,2852
7,2853
2374,2855
299,2856
1054,2857
1786,2858
110,2862
923,2862
1143,2862
2434,2863
545,2864
923,2864
199,2866
471,2866
2129,2867
439,2870
951,2871
2311,2873
28,2875
167,2877
8,2880
494,2881
14,2883
757,2883
2012,2884
402,2885
137,2886
757,2886
2545,2887
1305,2891
1083,2893
221,2894
599,2896
2810,2896
505,2897
1177,2897
7,2899
505,2899
1,2900
7,2901
61,2901
2614,2902
1445,2903
218,2904
1297,2904
614,2905
1340,2905
93,2906
302,2906
714,2907
282,2909
437,2909
1350,2910
1420,2911
3,2912
2877,2912
31,2913
687,2913
735,2914
1853,2917
767,2918
722,2919
2041,2919
2406,2919
0,2920
328,2922
107,2923
2810,2924
0,2925
754,2925
0,2926
284,2926
403,2926
1474,2926
9,2927
151,2927
1235,2927
2072,2927
7,2928
2804,2928
1694,2931
2591,2931
1199,2932
2422,2934
2904,2935
438,2936
577,2938
973,2938
171,2939
1515,2939
4,2944
1501,2945
1769,2945
1495,2946
1748,2946
2852,2947
7,2948
1188,2948
1330,2948
155,2949
2600,2949
1096,2951
1988,2953
315,2954
1401,2955
2114,2955
402,2956
583,2956
54,2957
577,2958
748,2959
2236,2959
270,2960
1877,2960
117,2961
824,2961
2802,2961
7,2963
1845,2963
262,2964
360,2964
115,2965
3,2967
340,2968
2176,2968
1389,2969
2251,2970
266,2971
165,2972
15,2973
311,2974
2525,2974
8,2978
119,2980
11,2981
1122,2981
71,2982
2844,2982
1536,2983
61,2984
115,2984
1125,2985
28,2986
7,2987
236,2987
574,2987
1090,2988
553,2989
1516,2989
1803,2989
697,2990
520,2991
2073,2991
143,2993
2896,2993
414,2994
408,2997
9,2999
1003,3000
218,3002
9,3003
534,3004
14,3005
181,3005
210,3005
296,3005
419,3005
574,3005
11,3008
138,3010
205,3012
0,3013
1090,3013
2,3014
868,3018
1389,3018
1026,3020
483,3021
2030,3021
2692,3021
61,3023
165,3024
199,3024
1434,3025
724,3027
1562,3027
541,3028
2293,3029
1340,3032
1273,3033
2581,3033
0,3035
5,3035
0,3037
812,3037
334,3038
347,3038
512,3038
568,3038
1252,3039
1237,3040
18,3041
2545,3042
109,3044
312,3044
2059,3044
265,3045
1038,3045
154,3046
924,3047
1347,3048
2088,3048
1876,3049
7,3050
20,3051
54,3052
1635,3052
1122,3053
583,3054
2336,3054
2567,3054
78,3055
258,3056
2338,3057
971,3059
127,3060
347,3063
597,3063
756,3065
262,3067
892,3067
1681,3067
23,3068
474,3069
1651,3070
349,3072
196,3074
264,3074
1029,3074
2267,3074
32,3079
1565,3079
2287,3082
916,3083
7,3084
60,3084
1928,3084
263,3086
1560,3087
71,3088
58,3089
162,3089
786,3091
971,3091
1350,3091
1599,3091
1675,3091
292,3093
5,3094
2422,3094
358,3095
316,3096
2332,3096
1123,3097
65,3098
107,3098
908,3098
553,3099
776,3099
1149,3099
2692,3099
945,3100
7,3101
1464,3104
125,3105
543,3106
1372,3106
2309,3108
16,3109
164,3109
818,3109
3008,3109
5,3112
2098,3112
7,3114
1192,3114
68,3115
250,3117
347,3117
1626,3117
340,3118
899,3119
1400,3119
2659,3119
592,3122
30,3124
1893,3124
2114,3124
566,3125
899,3125
2896,3127
267,3128
31,3129
2,3130
30,3130
219,3130
361,3132
853,3132
2729,3132
2843,3132
14,3133
78,3135
1280,3135
2931,3135
861,3136
1403,3136
292,3137
1297,3141
2102,3142
688,3147
1515,3147
31,3148
68,3149
584,3150
31,3151
44,3151
697,3153
389,3154
101,3155
128,3156
2062,3156
1135,3159
141,3160
1038,3160
5,3161
28,3161
2258,3161
101,3162
1146,3163
2659,3163
173,3164
584,3164
5,3166
1924,3166
73,3168
2836,3170
339,3175
541,3175
395,3176
1068,3177
2614,3177
1529,3178
7,3183
52,3184
340,3185
265,3186
1846,3186
128,3187
1913,3187
217,3189
403,3189
2354,3190
372,3191
3002,3191
502,3192
39,3193
1838,3194
0,3196
1296,3196
433,3197
875,3198
2917,3198
302,3200
305,3200
1703,3201
1850,3201
1444,3202
807,3203
2959,3203
799,3205
848,3206
406,3208
1422,3208
171,3210
71,3211
2821,3211
158,3212
196,3218
1846,3219
2870,3220
299,3221
3148,3221
408,3222
1,3225
9,3226
305,3226
2681,3227
2,3228
799,3231
484,3233
1962,3234
742,3235
185,3236
367,3237
708,3237
945,3238
61,3239
996,3240
1237,3241
687,3243
1267,3244
642,3247
2117,3247
11,3250
1511,3250
1796,3251
2453,3252
3153,3252
3201,3254
39,3255
1579,3255
262,3256
713,3257
2244,3257
387,3258
2901,3258
906,3259
27,3260
151,3260
1363,3260
1480,3260
879,3262
5,3263
520,3263
779,3263
1645,3263
3130,3263
1850,3264
7,3265
2094,3265
2410,3267
1511,3269
2474,3269
3244,3269
2985,3270
196,3272
2497,3272
945,3273
2012,3274
93,3275
7,3277
30,3277
3018,3278
1375,3281
188,3282
2659,3283
194,3286
1363,3286
119,3293
1776,3293
236,3296
3258,3296
1239,3297
830,3299
110,3302
618,3302
2037,3303
1985,3304
538,3305
155,3306
7,3307
538,3308
2611,3308
3151,3308
1066,3309
1744,3309
60,3310
1786,3310
188,3312
418,3312
8,3315
2287,3315
756,3316
250,3317
112,3320
456,3320
3024,3320
418,3324
415,3325
5,3327
1,3328
604,3328
723,3328
787,3328
1244,3328
8,3329
1140,3330
2059,3330
274,3332
887,3332
1715,3333
3320,3333
68,3334
1884,3335
169,3336
249,3336
713,3337
642,3338
862,3341
1422,3341
767,3342
2959,3342
1157,3344
292,3346
334,3346
227,3347
2779,3347
149,3348
5,3349
349,3349
1305,3349
2554,3349
15,3350
183,3351
758,3351
1705,3351
250,3352
703,3352
194,3353
358,3353
2721,3355
758,3358
1065,3358
78,3359
1667,3360
1977,3360
2012,3361
1884,3362
1702,3363
101,3364
922,3364
7,3365
187,3366
463,3366
1051,3366
2807,3367
88,3368
2244,3369
308,3370
177,3372
552,3372
621,3373
1786,3373
167,3376
1485,3376
1351,3378
60,3379
18,3381
1491,3381
58,3382
9,3383
2218,3383
3155,3383
41,3384
2322,3384
44,3386
349,3388
3033,3389
2,3390
65,3390
1258,3390
0,3392
336,3392
1273,3392
18,3395
1641,3395
1584,3396
2750,3396
2850,3396
2945,3397
34,3398
236,3398
1860,3398
2,3400
735,3401
1434,3401
7,3402
30,3402
2102,3402
5,3403
267,3403
936,3403
177,3404
1675,3404
101,3405
1483,3406
11,3411
2611,3411
78,3412
3250,3412
30,3413
770,3414
336,3415
2831,3415
117,3416
830,3416
1501,3416
1995,3417
484,3418
299,3420
1400,3420
7,3421
27,3421
419,3421
128,3423
1783,3423
20,3424
349,3426
1273,3426
104,3427
248,3428
2447,3428
489,3429
48,3431
971,3431
2909,3431
2821,3432
2,3433
250,3434
387,3434
1464,3434
2700,3434
65,3436
2213,3436
2359,3436
1697,3438
850,3439
1,3440
759,3441
183,3442
1635,3443
2359,3443
1697,3444
604,3445
2232,3445
39,3446
1139,3449
220,3450
1164,3451
1615,3451
719,3452
613,3455
1019,3455
1418,3455
1237,3459
11,3460
958,3462
1363,3464
3086,3464
109,3465
110,3466
332,3466
2363,3468
7,3469
11,3469
1533,3471
141,3473
646,3476
697,3476
193,3477
1182,3478
2145,3478
784,3479
94,3480
1435,3480
1838,3480
3392,3480
3306,3481
609,3483
3,3486
219,3486
971,3487
1179,3489
0,3490
1467,3491
3265,3491
2141,3492
693,3493
3330,3493
112,3494
305,3495
418,3496
1983,3496
437,3497
2729,3497
11,3498
2633,3498
1811,3500
7,3501
2985,3501
2398,3502
958,3508
1382,3510
1536,3510
2536,3510
1123,3511
4,3512
1766,3512
0,3513
362,3514
646,3514
878,3514
1969,3515
642,3516
3029,3518
747,3519
2447,3519
1799,3522
1420,3524
1786,3524
234,3525
1085,3525
3,3528
1345,3528
1638,3529
1041,3530
2359,3530
1375,3531
1759,3531
2610,3531
1527,3533
2919,3534
2866,3536
284,3537
2376,3537
1,3539
3,3539
312,3540
11,3541
185,3541
316,3541
2577,3545
1754,3546
3325,3546
2309,3548
421,3549
799,3551
3522,3551
2076,3552
143,3553
5,3554
1219,3558
1600,3558
7,3559
498,3559
577,3559
3332,3559
267,3560
250,3563
1698,3564
2510,3564
3277,3565
247,3567
890,3570
1839,3570
21,3571
250,3571
1290,3571
885,3573
1051,3573
339,3574
1019,3575
145,3576
18,3577
655,3578
3060,3580
0,3581
2101,3582
3135,3582
9,3583
314,3583
1063,3583
1797,3584
211,3585
1207,3585
1416,3585
414,3587
3297,3587
2848,3588
2750,3589
109,3590
3559,3590
1230,3591
1176,3592
2311,3592
117,3593
39,3594
2602,3596
183,3597
101,3598
94,3602
2578,3603
60,3604
743,3604
3163,3604
3584,3606
512,3607
2323,3607
239,3608
2560,3609
3160,3609
1415,3610
3305,3610
2201,3613
11,3615
66,3617
680,3618
1002,3620
2496,3621
3541,3623
1467,3624
7,3625
9,3625
816,3625
2815,3627
560,3630
3,3633
613,3633
1083,3633
2093,3634
2588,3635
218,3637
1246,3637
2099,3638
60,3639
1924,3639
339,3640
584,3640
76,3641
158,3641
879,3641
247,3643
456,3643
32,3645
104,3645
7,3646
2381,3646
340,3647
577,3647
2907,3647
974,3648
724,3653
2167,3654
2119,3655
865,3656
1919,3656
1200,3659
1936,3659
209,3660
1567,3661
1403,3663
1715,3663
1280,3664
54,3665
750,3665
3546,3666
1048,3667
2505,3669
30,3671
765,3672
2244,3672
3175,3672
484,3675
2482,3678
732,3679
2961,3682
1389,3684
1599,3684
1291,3685
154,3688
184,3688
1563,3690
1748,3692
3329,3694
302,3695
0,3697
28,3701
3,3702
735,3703
250,3704
1521,3705
7,3706
2286,3706
316,3707
263,3708
2985,3711
3358,3711
552,3712
171,3713
3005,3713
680,3714
1866,3714
2938,3714
3117,3714
1188,3717
1387,3717
1559,3717
614,3718
1296,3718
1178,3719
1347,3719
1379,3720
1893,3720
351,3721
65,3722
2959,3723
3067,3724
1011,3725
177,3726
885,3729
2385,3731
3,3732
422,3733
735,3734
334,3737
145,3738
1866,3738
187,3741
732,3741
7,3743
1813,3744
34,3745
119,3746
233,3746
1164,3746
1675,3747
65,3753
274,3753
137,3754
322,3754
1127,3754
9,3756
1521,3756
692,3757
714,3757
1847,3757
2261,3757
55,3759
899,3760
1002,3765
2142,3766
5,3767
422,3773
2478,3774
7,3776
709,3777
2358,3777
3332,3777
1382,3779
723,3783
2041,3783
502,3784
613,3784
5,3785
650,3788
1030,3789
1730,3790
2202,3790
724,3791
1117,3792
7,3793
2935,3793
66,3794
3373,3794
1002,3795
1216,3795
1635,3798
292,3802
2884,3802
2122,3803
781,3804
437,3805
431,3806
3269,3806
1415,3807
127,3808
688,3809
1705,3810
2607,3810
250,3811
1076,3811
3396,3812
892,3815
1175,3815
151,3817
1926,3817
1967,3818
2213,3820
3426,3820
3054,3821
1192,3822
705,3823
20,3824
161,3824
196,3824
1675,3825
250,3826
1237,3827
658,3829
945,3829
1990,3829
2713,3829
2514,3832
173,3833
118,3834
408,3834
1679,3834
3376,3834
1445,3835
9,3836
1401,3836
1021,3838
3684,3839
2453,3843
2076,3846
316,3847
3021,3847
1653,3850
4,3852
1225,3852
3023,3853
3021,3854
56,3855
431,3856
1502,3856
2572,3856
1740,3857
157,3860
3406,3863
2964,3864
0,3867
263,3867
250,3869
3308,3869
185,3872
217,3873
563,3873
28,3874
2521,3874
3402,3875
2453,3876
3,3877
209,3878
3,3880
2489,3880
7,3881
305,3881
1021,3881
1323,3881
3320,3882
0,3884
323,3884
1375,3886
697,3889
550,3891
3125,3891
128,3892
2,3895
262,3897
118,3898
171,3899
558,3900
1613,3901
68,3903
1011,3904
1782,3904
2515,3907
296,3908
422,3908
1416,3911
1,3912
1294,3913
1825,3915
0,3916
339,3916
1461,3916
9,3917
3860,3918
18,3920
104,3920
177,3920
236,3920
117,3925
28,3926
162,3926
1085,3928
347,3931
584,3932
418,3933
32,3936
173,3936
249,3936
2099,3939
577,3940
603,3941
953,3941
1882,3941
577,3943
358,3944
3725,3945
418,3946
2311,3946
323,3947
3603,3947
402,3948
1176,3948
2422,3948
975,3950
2517,3951
1146,3953
3,3954
588,3954
1619,3954
2991,3954
3320,3954
265,3956
406,3956
3439,3956
3714,3957
4,3958
219,3958
276,3958
765,3959
7,3960
2284,3961
1471,3963
11,3968
779,3969
1294,3970
1418,3971
3947,3971
2709,3972
360,3975
418,3978
50,3979
1749,3980
128,3982
3593,3983
1386,3985
1450,3989
2069,3989
3351,3989
623,3990
142,3992
27,3995
874,3995
719,3996
1453,3996
759,3998
953,3998
402,4000
3310,4000
3717,4000
5,4001
2252,4001
3933,4003
919,4005
262,4007
1613,4007
247,4008
4005,4008
52,4009
1026,4009
131,4010
1866,4012
1063,4013
3091,4013
1011,4015
4005,4016
781,4017
3286,4017
2925,4018
60,4019
8,4020
177,4020
267,4020
171,4022
2544,4022
2610,4023
358,4024
2561,4026
3109,4028
1216,4030
3607,4030
801,4032
1873,4033
196,4034
837,4034
2894,4034
167,4035
0,4038
1017,4039
739,4041
1723,4044
101,4045
440,4046
850,4047
1884,4047
1537,4048
2,4049
873,4052
3187,4054
185,4055
1416,4056
1737,4056
1,4057
1409,4057
11,4058
5,4061
1149,4062
482,4064
3941,4064
7,4065
143,4065
26,4066
183,4067
481,4069
161,4072
2444,4072
3512,4072
920,4075
3874,4075
4030,4075
15,4076
36,4076
254,4076
2,4077
2,4078
371,4078
2388,4078
727,4079
767,4079
2322,4082
2325,4083
274,4086
958,4086
169,4089
1633,4090
2919,4091
2332,4092
7,4093
1280,4093
512,4094
5,4099
1583,4103
138,4104
2209,4104
0,4110
2153,4110
1799,4113
2141,4113
1235,4114
138,4115
2475,4116
2843,4117
418,4118
419,4120
2153,4120
2764,4121
2,4123
11,4123
3135,4125
3177,4125
2012,4126
520,4127
588,4127
60,4130
2200,4130
9,4134
971,4134
1163,4134
3725,4135
1236,4136
2949,4136
250,4137
437,4139
2185,4140
2274,4140
3060,4144
1158,4145
56,4147
226,4149
5,4154
525,4157
1273,4157
2280,4159
233,4160
1398,4160
262,4162
110,4165
3604,4165
117,4166
1157,4166
3847,4167
1491,4168
3159,4169
1453,4170
3660,4170
971,4171
574,4172
403,4175
1019,4176
265,4180
131,4181
276,4181
161,4182
3864,4183
7,4184
263,4184
614,4185
1379,4186
3263,4186
3390,4186
3875,4186
888,4189
3273,4194
1434,4195
1923,4195
65,4196
3226,4201
1613,4202
1,4203
23,4203
2081,4203
1101,4204
3074,4204
138,4206
3186,4206
7,4208
2239,4208
2712,4209
7,4210
1297,4210
3155,4210
2472,4214
3575,4215
3282,4219
236,4221
2547,4221
3416,4221
27,4222
1770,4223
3886,4224
2,4225
1638,4225
3334,4225
916,4226
1558,4227
7,4228
2905,4229
4170,4229
41,4230
296,4231
2551,4231
7,4234
574,4237
2925,4239
2,4240
3027,4240
574,4241
2608,4241
0,4242
2377,4242
3604,4244
735,4245
1003,4245
227,4246
862,4247
1216,4248
1170,4249
2080,4249
1818,4251
4072,4251
0,4253
0,4254
127,4254
167,4254
54,4256
2301,4256
7,4257
380,4258
151,4259
4127,4259
1638,4260
2521,4260
1495,4262
422,4263
3525,4264
171,4265
2109,4265
265,4267
227,4268
3655,4268
0,4269
79,4272
871,4274
2066,4274
274,4275
4005,4275
177,4277
323,4277
65,4281
250,4281
1515,4282
1736,4284
867,4285
3956,4285
2730,4286
7,4287
890,4289
2757,4290
920,4292
2353,4293
221,4294
2277,4294
758,4295
2157,4295
3383,4295
3055,4296
1641,4297
0,4299
2030,4300
3163,4300
65,4301
1247,4302
161,4303
1559,4304
0,4305
1308,4305
187,4306
538,4306
560,4310
758,4310
971,4312
346,4313
9,4314
26,4314
301,4317
2012,4317
3908,4318
0,4319
1120,4321
1839,4321
11,4322
1122,4322
2392,4322
0,4323
3312,4323
364,4324
371,4324
1866,4326
2667,4326
2385,4327
3873,4327
3147,4328
349,4329
2165,4329
2762,4330
724,4331
3960,4331
2826,4333
3094,4333
4225,4333
3537,4334
65,4337
250,4342
371,4342
9,4343
1014,4343
2493,4343
1874,4344
316,4345
4135,4345
953,4348
219,4349
1041,4349
2804,4349
3086,4349
0,4350
1066,4350
302,4352
922,4354
1638,4354
3875,4354
11,4356
3237,4357
2093,4358
18,4359
1127,4360
2836,4360
127,4361
1938,4365
264,4368
367,4368
7,4369
3576,4371
1785,4372
2948,4373
3878,4373
68,4379
504,4380
1794,4380
3125,4381
7,4382
868,4382
177,4384
34,4385
262,4385
4275,4387
2386,4390
643,4391
217,4394
577,4396
2961,4396
707,4398
3038,4400
21,4402
2488,4402
494,4403
742,4403
2392,4403
2118,4405
369,4406
1622,4406
2403,4406
2945,4406
2959,4406
3603,4406
609,4409
199,4410
14,4412
607,4413
888,4413
2770,4413
7,4415
617,4415
117,4416
727,4416
3259,4416
2191,4417
1565,4421
164,4422
438,4422
1760,4423
2538,4423
732,4424
266,4425
1040,4425
3316,4426
0,4427
2805,4428
0,4430
2671,4430
1019,4433
1163,4434
1395,4434
2710,4436
2896,4436
3886,4437
3960,4438
936,4439
3431,4439
340,4440
2274,4440
7,4442
584,4442
1839,4444
3402,4444
899,4447
236,4448
4314,4448
1,4450
2099,4450
109,4451
1420,4452
4046,4452
1,4457
1594,4457
161,4460
209,4460
7,4461
166,4462
489,4463
3008,4463
4127,4463
1292,4465
2109,4466
19,4468
2226,4468
179,4469
203,4472
2263,4472
258,4473
50,4475
2095,4475
4317,4475
636,4477
83,4478
90,4478
0,4479
1179,4479
4428,4479
219,4481
1127,4481
574,4483
3744,4483
4079,4483
529,4485
1494,4485
24,4486
863,4488
171,4490
2896,4490
21,4491
292,4491
1192,4491
2607,4491
593,4492
2108,4494
1156,4495
20,4497
177,4497
1420,4497
3559,4497
263,4498
184,4499
58,4501
665,4502
1480,4502
1521,4502
4049,4502
1108,4504
233,4505
381,4507
1760,4511
3718,4512
549,4513
3293,4513
3718,4513
2254,4514
2496,4515
3263,4515
1107,4516
2117,4516
109,4519
3478,4519
216,4520
713,4522
1521,4522
3108,4522
594,4524
1850,4524
3325,4524
4018,4524
2252,4526
1981,4530
3779,4530
248,4532
349,4532
2176,4532
1177,4533
1297,4533
3166,4533
347,4534
956,4534
1157,4534
1677,4534
3096,4535
941,4536
1257,4537
3436,4537
2917,4538
65,4540
3008,4541
110,4543
365,4545
2388,4545
1394,4546
1715,4547
2847,4547
149,4548
2149,4549
1570,4550
3336,4551
1064,4552
1400,4552
814,4553
250,4554
3421,4554
167,4555
2505,4556
11,4558
365,4559
2412,4559
4534,4559
28,4560
298,4561
1913,4561
4524,4562
34,4564
488,4565
3297,4565
1363,4566
1115,4567
3510,4568
262,4569
3404,4569
2118,4570
4491,4570
4438,4572
1852,4573
1388,4574
935,4577
4491,4577
3155,4578
4,4580
1090,4580
1491,4582
597,4584
1030,4585
723,4586
1260,4586
1160,4587
4047,4587
167,4588
3129,4589
2644,4590
340,4591
20,4594
1026,4596
2912,4596
3332,4596
3187,4597
614,4599
419,4600
1582,4600
0,4602
4110,4603
930,4604
5,4605
347,4605
1719,4606
93,4607
609,4607
2633,4609
239,4610
1494,4610
1994,4611
2164,4611
2062,4614
3857,4615
1956,4618
1238,4619
1335,4619
32,4621
512,4621
3257,4621
7,4624
55,4624
1279,4624
1565,4624
3609,4624
1780,4626
2536,4626
3558,4627
1154,4628
11,4629
1280,4630
1782,4630
2001,4631
4165,4631
5,4633
778,4633
1638,4636
4064,4637
553,4639
2729,4640
1065,4644
1893,4645
3746,4645
187,4646
1850,4646
1881,4646
3714,4646
1,4647
217,4647
302,4647
1257,4647
3936,4647
94,4648
158,4649
615,4650
1387,4651
4604,4651
0,4653
2386,4653
2363,4654
3237,4654
0,4656
1645,4658
587,4659
4123,4659
347,4661
1408,4661
2958,4661
7,4663
2239,4663
474,4664
694,4664
3692,4664
3864,4664
3059,4665
9,4668
2311,4668
164,4671
1850,4671
411,4674
2394,4674
3366,4676
141,4677
2805,4677
1667,4678
2844,4679
1521,4680
653,4681
3867,4681
1453,4682
3210,4682
3551,4685
3834,4686
101,4687
379,4689
1262,4690
623,4691
1056,4691
30,4694
1164,4696
1985,4697
607,4698
3021,4700
5,4702
577,4702
1502,4704
934,4706
1740,4706
538,4707
1143,4707
0,4708
1983,4709
2681,4710
352,4711
4438,4711
94,4712
2769,4712
1843,4713
212,4715
347,4716
3743,4716
1347,4718
4475,4720
203,4723
1122,4723
349,4725
539,4725
3161,4725
449,4726
2069,4728
2710,4729
2727,4730
3403,4730
11,4735
28,4735
1345,4736
1163,4737
2388,4737
149,4738
953,4738
250,4739
270,4739
2139,4739
1002,4740
78,4741
1104,4741
263,4743
128,4745
372,4745
4,4746
1158,4746
3191,4746
1434,4747
7,4748
149,4748
2043,4748
1543,4749
93,4750
781,4753
1219,4753
119,4755
7,4756
4412,4757
577,4758
1118,4758
1465,4758
275,4759
262,4760
380,4760
4,4765
2220,4765
349,4766
339,4767
4092,4768
2576,4769
227,4770
314,4771
3005,4773
112,4775
862,4777
264,4780
3210,4780
875,4781
1881,4781
3135,4782
4534,4782
4677,4782
4530,4784
488,4785
9,4787
2359,4787
3855,4787
4444,4789
203,4791
4350,4791
119,4792
19,4794
161,4796
1330,4800
274,4803
389,4803
3428,4803
125,4804
1409,4804
4769,4806
570,4807
1345,4807
227,4808
2710,4808
2377,4811
592,4812
1335,4812
2144,4813
128,4815
1182,4816
2951,4816
166,4819
1895,4822
3,4823
209,4823
2095,4824
502,4826
7,4827
1112,4827
2345,4827
3,4828
3164,4828
1273,4829
5,4832
2521,4833
2,4837
1294,4837
4054,4838
2344,4839
2448,4840
4147,4842
56,4844
544,4845
2415,4845
2918,4846
3308,4846
3533,4848
4248,4848
88,4849
4093,4850
599,4851
623,4851
2260,4851
325,4852
3151,4854
339,4856
2313,4856
1527,4857
58,4858
1384,4858
11,4859
411,4859
418,4860
1090,4860
3038,4861
3329,4861
2017,4863
3372,4863
4769,4863
2225,4864
2848,4864
1681,4865
258,4866
449,4869
2588,4871
2604,4871
3604,4871
109,4872
530,4873
732,4873
4093,4873
4468,4875
1140,4878
117,4879
2925,4881
1188,4882
2681,4883
65,4884
263,4885
826,4886
1982,4886
2244,4886
538,4888
1154,4889
2094,4891
3405,4891
9,4892
2710,4892
138,4893
165,4893
1768,4897
4384,4899
275,4900
1668,4901
0,4902
360,4902
1064,4905
1480,4905
1158,4906
2521,4906
937,4907
74,4908
4350,4908
3604,4909
3945,4909
707,4911
1416,4913
536,4915
603,4915
166,4916
11,4917
1511,4920
829,4922
3404,4922
34,4923
203,4923
3240,4924
164,4925
262,4925
56,4926
39,4928
677,4929
4524,4932
3415,4933
7,4935
44,4935
263,4938
274,4939
166,4941
3352,4942
714,4944
2088,4944
2549,4944
3916,4947
1,4948
1872,4948
4738,4948
0,4949
1935,4949
0,4950
3226,4951
1179,4952
39,4953
1902,4953
1179,4954
3373,4955
4,4958
83,4961
247,4963
3094,4964
20,4967
3243,4967
7,4968
603,4969
488,4970
166,4971
127,4972
853,4972
2757,4973
4082,4973
1753,4974
88,4976
801,4976
912,4978
765,4979
3618,4980
4771,4980
2483,4982
3023,4982
3583,4982
7,4983
695,4984
1038,4984
4297,4986
1928,4987
0,4988
196,4989
2754,4989
11,4990
484,4990
11,4991
4923,4994
1418,4995
1866,4997
2474,4998
746,5000
209,5002
1297,5002
2363,5002
101,5004
9,5007
488,5009
2392,5009
759,5011
1305,5014
58,5016
664,5016
4497,5016
1838,5017
2322,5017
225,5018
2236,5019
2578,5019
3412,5020
1950,5021
334,5022
1063,5026
2534,5026
3023,5028
739,5029
274,5032
809,5032
3060,5032
934,5033
1313,5035
161,5036
1090,5036
2733,5036
3201,5037
176,5038
623,5038
235,5039
2336,5041
623,5042
1273,5042
2989,5042
3795,5042
784,5045
3175,5046
3320,5048
3376,5049
2,5050
1235,5051
2007,5052
352,5053
219,5055
1423,5055
4023,5056
2017,5058
3282,5059
220,5061
90,5063
1761,5063
112,5064
4186,5064
1140,5065
367,5067
1297,5067
2894,5067
1297,5068
2981,5068
3212,5069
128,5070
1003,5070
1797,5071
3257,5071
542,5073
750,5073
1739,5074
5,5076
2828,5076
1483,5077
292,5081
381,5081
974,5081
1216,5081
3014,5084
4633,5084
2185,5087
27,5090
1697,5090
0,5091
65,5094
971,5095
1044,5095
421,5098
21,5099
2726,5099
2982,5101
4935,5101
195,5102
2118,5102
119,5103
4791,5103
2,5104
9,5104
1893,5104
1051,5105
645,5106
3070,5106
4385,5106
2232,5108
574,5109
1073,5109
2901,5109
3,5110
0,5111
4422,5112
177,5116
941,5116
78,5117
646,5119
1567,5121
2232,5121
5,5124
138,5125
877,5126
1696,5126
5050,5126
119,5127
54,5128
2345,5128
2447,5128
410,5130
953,5130
3004,5131
2225,5133
73,5135
5,5137
209,5137
142,5138
1903,5138
61,5139
173,5139
347,5140
916,5141
418,5142
4013,5145
4345,5146
369,5148
1123,5149
1645,5149
104,5151
1347,5151
4885,5151
65,5152
164,5153
1311,5153
1699,5154
4624,5155
555,5156
32,5157
1734,5159
3186,5159
211,5160
449,5160
1939,5160
4425,5162
608,5163
2726,5164
2886,5165
935,5167
2993,5167
994,5168
779,5170
1782,5170
971,5171
3258,5173
0,5174
9,5175
164,5175
816,5176
302,5177
7,5178
274,5179
141,5180
3205,5181
1019,5182
1882,5185
3466,5186
2095,5187
1188,5189
402,5190
1064,5190
4654,5190
1164,5191
3641,5192
0,5193
44,5193
830,5193
1262,5195
1675,5195
3810,5196
5019,5196
1081,5197
4472,5201
4859,5203
217,5205
2567,5206
575,5209
639,5211
2496,5211
187,5212
4123,5212
3210,5214
489,5215
2082,5215
864,5219
4982,5219
75,5220
381,5220
1693,5221
2179,5222
52,5223
185,5224
2358,5224
3,5225
3166,5225
363,5226
250,5228
739,5228
267,5229
1006,5230
480,5231
311,5234
5211,5234
141,5237
4423,5240
267,5241
879,5241
544,5242
15,5245
4072,5245
110,5247
853,5247
1926,5247
2567,5249
608,5250
3714,5250
4661,5251
1639,5252
3044,5252
4483,5252
155,5253
5,5254
759,5255
890,5256
2030,5256
5,5257
1002,5259
4485,5260
323,5261
436,5261
739,5261
323,5262
60,5265
1352,5265
396,5267
11,5268
349,5268
8,5269
1347,5269
4730,5269
34,5270
1122,5270
250,5272
264,5272
1260,5272
2015,5273
2236,5273
137,5275
2267,5275
4748,5275
2549,5277
250,5278
422,5278
274,5279
1163,5279
380,5280
735,5280
2070,5280
3070,5280
55,5281
101,5283
2,5284
14,5284
3723,5284
3663,5285
1146,5286
1903,5286
3392,5286
328,5287
1848,5287
4917,5288
530,5290
981,5290
5135,5291
119,5293
314,5293
2392,5294
4982,5294
128,5295
349,5295
389,5295
695,5295
937,5297
60,5298
55,5300
44,5302
488,5303
3194,5303
471,5305
3194,5305
3546,5306
3194,5307
3255,5311
2141,5313
101,5314
1675,5314
5261,5317
4753,5318
28,5319
276,5319
456,5319
3647,5320
7,5323
0,5326
3202,5326
44,5327
922,5327
68,5328
90,5328
471,5328
2099,5328
282,5330
1838,5330
3843,5330
4483,5331
549,5332
2398,5332
250,5339
1847,5339
30,5341
3672,5342
4948,5342
5,5343
252,5346
2095,5347
4,5348
9,5349
1122,5349
1514,5351
4300,5352
5206,5357
483,5358
3,5359
2918,5360
4568,5361
3320,5362
0,5363
1019,5364
166,5366
347,5366
639,5366
1216,5366
1839,5366
9,5367
311,5367
708,5367
875,5369
216,5370
1416,5370
389,5372
4069,5373
1444,5374
2376,5374
1187,5375
3099,5375
716,5377
1324,5377
4605,5377
403,5378
1146,5378
1852,5380
4823,5380
4611,5381
1797,5382
1372,5383
1422,5383
1893,5383
131,5384
422,5387
32,5388
2530,5388
209,5389
1561,5389
3597,5391
41,5392
878,5393
3510,5394
78,5395
1363,5396
2926,5396
3021,5397
3184,5397
875,5398
183,5399
922,5399
1281,5401
2802,5401
5042,5402
101,5403
2821,5408
41,5411
636,5411
2080,5413
4253,5413
937,5414
3225,5415
262,5416
5177,5417
5383,5419
2145,5420
2293,5421
901,5423
3897,5424
3496,5426
302,5427
433,5430
1964,5431
716,5433
79,5434
922,5437
258,5438
2446,5438
1679,5441
2397,5441
7,5442
4468,5442
4391,5443
671,5447
305,5448
2754,5450
988,5451
1811,5451
162,5452
2277,5452
4923,5454
5063,5455
2456,5456
2633,5460
316,5461
349,5461
220,5463
3570,5466
151,5467
104,5469
2173,5469
7,5470
4463,5471
4241,5473
4127,5474
1247,5475
2909,5475
3836,5479
810,5482
4294,5482
1903,5484
2536,5484
1294,5485
1115,5486
2432,5486
4342,5486
104,5488
4475,5489
1448,5490
538,5493
850,5494
937,5494
155,5495
3853,5498
4647,5498
83,5502
1345,5503
171,5504
68,5505
1748,5506
3038,5506
274,5507
4485,5509
5153,5509
0,5510
169,5512
4333,5512
3620,5514
5224,5514
50,5517
146,5518
225,5520
3559,5520
2608,5522
1510,5523
1845,5523
4206,5523
154,5526
4007,5526
30,5527
347,5528
2287,5529
3265,5530
549,5534
2410,5535
837,5536
7,5537
1973,5537
4016,5537
185,5538
3161,5538
1766,5539
56,5540
1983,5540
1443,5541
4532,5541
2809,5542
5423,5543
143,5545
18,5546
415,5550
437,5551
1246,5551
1829,5551
4224,5553
2128,5555
2836,5556
263,5557
1786,5558
1695,5559
67,5560
1422,5560
1406,5561
115,5563
1170,5563
107,5565
1401,5565
2322,5569
2358,5569
2842,5569
3941,5569
555,5570
34,5571
3390,5571
125,5572
3241,5572
274,5575
3364,5575
3989,5576
627,5579
1164,5580
4504,5580
360,5581
3537,5581
4452,5581
492,5584
138,5585
302,5585
5260,5587
2480,5589
2510,5589
3226,5589
236,5592
1153,5592
270,5594
1382,5594
4873,5594
2951,5595
422,5596
101,5597
4472,5598
128,5599
340,5599
2900,5599
4290,5600
389,5601
4054,5601
677,5602
3008,5604
697,5605
4860,5606
1156,5607
17,5608
112,5609
529,5610
250,5615
0,5616
937,5617
1721,5618
716,5619
5261,5619
538,5620
1582,5623
760,5626
4558,5627
4713,5628
3352,5629
1536,5630
483,5631
2424,5634
3335,5636
1706,5637
3136,5637
3941,5637
3757,5639
5091,5640
1538,5641
4994,5642
2,5644
1514,5644
4267,5644
270,5646
4240,5649
9,5650
2119,5651
2,5652
1638,5655
1679,5656
2804,5658
2963,5658
265,5659
716,5660
2593,5660
1,5661
1838,5662
5602,5662
3439,5664
255,5665
305,5666
0,5668
104,5668
373,5669
481,5669
2618,5670
735,5671
23,5673
371,5673
4674,5673
0,5674
3227,5676
4241,5680
244,5681
3328,5681
4272,5681
2464,5682
4256,5682
355,5683
3918,5683
971,5684
2545,5685
2804,5686
1177,5687
1334,5691
217,5692
3604,5692
1786,5694
2904,5694
276,5695
1715,5695
4803,5695
2961,5697
2958,5698
1908,5701
906,5702
5055,5702
3933,5703
92,5704
1122,5704
4406,5705
3033,5706
4,5707
185,5707
1850,5707
1021,5708
784,5710
2274,5710
97,5713
250,5713
1418,5715
3105,5715
203,5716
217,5717
3585,5717
721,5718
127,5719
452,5720
557,5720
0,5721
2810,5721
3293,5721
2128,5722
3774,5722
1127,5723
1510,5723
161,5725
1074,5729
7,5731
1839,5731
952,5733
3920,5733
90,5734
151,5735
2249,5738
3402,5738
1851,5739
5197,5740
1,5742
4215,5742
1786,5743
3316,5743
0,5744
97,5747
4491,5747
118,5748
488,5749
5399,5749
1696,5750
4483,5750
4405,5751
5484,5751
7,5756
78,5756
4226,5757
166,5759
3018,5760
1448,5763
1516,5763
2258,5763
7,5768
194,5768
334,5774
812,5775
217,5776
746,5777
1068,5779
4515,5779
2311,5780
11,5781
1888,5781
71,5783
2480,5785
3210,5786
5785,5786
2286,5790
4020,5790
0,5791
607,5791
3665,5791
186,5792
825,5794
1216,5794
1212,5796
1599,5797
402,5799
5049,5799
935,5801
2076,5804
3941,5805
1464,5806
363,5807
655,5808
1054,5808
34,5809
112,5809
765,5809
4929,5809
109,5810
2581,5810
154,5812
502,5812
1379,5812
4202,5812
3926,5814
1212,5815
2939,5815
2948,5815
3112,5815
1048,5818
78,5819
1760,5819
1982,5819
3028,5819
1029,5821
4275,5827
677,5828
164,5832
557,5837
5223,5838
2037,5839
2144,5840
3151,5843
4019,5844
1527,5850
1149,5851
44,5853
3135,5853
1411,5854
3072,5858
1794,5859
2017,5859
0,5860
1387,5860
5303,5860
349,5862
1137,5862
4491,5862
1101,5866
3201,5866
31,5868
296,5869
1029,5869
5119,5869
21,5870
0,5871
65,5871
1638,5873
58,5874
555,5874
5,5875
4922,5875
3697,5876
754,5880
2847,5882
119,5885
1988,5888
4281,5888
1788,5889
4160,5889
742,5890
5367,5890
1,5892
1072,5892
164,5893
853,5893
1118,5893
2051,5893
1855,5894
4020,5895
5138,5896
856,5897
250,5898
504,5900
9,5901
1734,5902
3783,5902
2547,5904
1273,5905
5252,5905
137,5906
1122,5906
4624,5906
1043,5907
584,5908
1072,5908
2073,5910
2769,5910
15,5912
570,5913
1090,5913
2072,5913
2142,5913
2471,5913
3401,5913
1570,5914
1907,5915
4274,5916
577,5918
2415,5920
3184,5921
4873,5921
226,5922
830,5924
2388,5924
5733,5925
385,5926
1064,5927
615,5928
694,5928
1823,5930
5165,5930
2030,5931
50,5933
2729,5933
2974,5933
1754,5934
213,5935
3241,5935
1697,5936
2252,5937
1836,5938
1002,5941
3757,5941
61,5942
93,5942
1521,5942
1237,5943
543,5944
9,5945
1081,5945
143,5946
5423,5946
549,5947
1207,5950
44,5951
3920,5952
4829,5952
492,5953
989,5953
236,5954
2111,5954
4275,5954
1074,5955
5171,5956
1581,5958
555,5959
141,5960
1234,5962
4530,5962
5279,5963
577,5965
5796,5966
2325,5968
1797,5969
1360,5970
2578,5970
0,5971
2758,5973
275,5974
2345,5974
3434,5974
18,5976
4661,5978
203,5979
1216,5979
2474,5980
2235,5981
4828,5982
5565,5983
639,5984
2939,5985
5417,5985
161,5987
2262,5987
5697,5987
4385,5988
5016,5988
5541,5988
30,5991
2341,5991
4771,5991
3707,5993
4899,5993
5781,5996
173,5997
758,5998
2294,5999
3432,6002
5988,6004
958,6005
262,6007
971,6008
5819,6008
3,6009
1216,6010
263,6011
2313,6011
5048,6011
2122,6013
2295,6014
4674,6014
101,6018
1051,6020
1,6025
4274,6025
101,6026
270,6028
1721,6029
5461,6029
101,6031
3095,6031
4558,6031
4559,6031
1915,6035
2098,6036
3270,6036
56,6038
653,6038
2770,6038
371,6039
4534,6040
7,6041
1316,6042
4215,6045
1259,6046
1990,6046
347,6048
760,6049
1710,6049
2041,6051
83,6052
396,6054
1163,6054
1068,6055
2773,6056
433,6058
4765,6060
5,6061
5601,6064
1343,6065
1120,6066
44,6067
2252,6070
141,6071
3320,6071
765,6072
1729,6073
1411,6074
5707,6075
48,6076
161,6076
4123,6076
171,6077
8,6078
2561,6078
3717,6079
2844,6081
1006,6083
1199,6083
1827,6083
5933,6083
484,6084
104,6086
1882,6086
3390,6088
990,6090
807,6094
971,6094
363,6095
484,6095
599,6099
4249,6099
1408,6100
1786,6100
4241,6100
3398,6102
221,6104
5128,6106
194,6111
707,6111
530,6112
402,6113
1029,6114
5267,6115
5794,6115
6073,6115
44,6116
5002,6116
250,6118
402,6119
1825,6119
2041,6119
73,6121
2846,6123
3023,6124
2644,6126
0,6129
2611,6129
3161,6129
1564,6131
1347,6132
1538,6132
4072,6133
554,6134
5135,6134
4,6135
30,6135
1693,6135
906,6136
2166,6136
4497,6136
264,6138
4406,6138
347,6140
1641,6140
39,6141
165,6141
166,6141
389,6141
1786,6141
5151,6141
250,6142
4545,6142
3904,6143
4184,6143
1179,6144
2119,6144
4502,6144
4499,6145
1696,6146
1902,6146
4350,6147
336,6148
4942,6148
4984,6148
11,6151
7,6152
5748,6153
4878,6154
2232,6155
128,6156
4479,6160
3559,6161
18,6162
141,6162
937,6162
1706,6163
1,6166
2757,6166
3129,6167
2434,6169
3244,6169
1415,6170
2344,6171
5587,6172
577,6173
1734,6178
415,6179
4871,6179
119,6180
533,6180
853,6180
2984,6180
5601,6182
630,6183
2822,6184
7,6190
5286,6194
2017,6195
1398,6196
8,6197
621,6198
3604,6198
537,6199
1276,6199
3177,6199
3554,6199
4159,6201
127,6203
3060,6205
1533,6206
5546,6206
264,6207
2713,6207
3857,6207
6172,6209
2524,6214
0,6215
3574,6215
901,6216
18,6218
4861,6218
1392,6219
1739,6221
7,6223
419,6227
4859,6227
2561,6228
0,6229
3226,6229
7,6230
282,6230
1092,6230
1698,6230
1411,6231
3839,6231
543,6232
1343,6232
127,6233
954,6234
6095,6234
0,6236
161,6236
4782,6236
6156,6237
868,6238
2015,6238
4580,6238
71,6239
2331,6239
863,6245
1907,6246
1510,6247
1950,6248
4784,6248
1122,6249
6088,6249
2061,6250
339,6251
1491,6251
1386,6252
1064,6254
1904,6258
1,6259
1246,6261
3027,6261
890,6262
141,6263
1187,6264
1427,6265
3329,6266
3583,6266
3989,6266
5942,6266
90,6269
1305,6269
1839,6269
5733,6269
2493,6270
26,6271
5395,6271
0,6272
3585,6272
2578,6273
4558,6274
5905,6274
1,6275
5,6276
5401,6280
5419,6281
875,6282
4204,6283
2309,6285
1305,6286
4017,6287
3269,6288
907,6289
4633,6289
1830,6293
4827,6293
109,6294
2280,6295
311,6297
1786,6297
604,6298
3546,6298
4827,6298
225,6299
933,6301
2062,6301
4891,6303
367,6305
4424,6306
5234,6308
5821,6308
1706,6311
2122,6311
0,6312
3403,6312
3130,6313
5070,6313
141,6315
484,6316
858,6318
1038,6318
308,6319
2804,6319
2334,6320
3648,6320
1907,6322
2822,6322
1201,6323
2630,6326
184,6327
3466,6328
3783,6328
3247,6329
2971,6330
5424,6330
3005,6331
4020,6331
75,6335
901,6335
1145,6337
94,6339
2482,6339
58,6340
2836,6340
4286,6340
58,6343
4123,6343
5991,6344
11,6345
2464,6347
154,6349
3812,6349
4599,6349
1521,6350
5479,6350
4569,6351
1983,6352
5966,6352
166,6353
302,6355
1192,6355
4406,6355
305,6356
899,6357
2095,6358
169,6359
3444,6359
4017,6359
2862,6360
3760,6362
4343,6363
1509,6364
3308,6364
166,6365
748,6365
1029,6365
3258,6368
3559,6369
2117,6370
5041,6370
6039,6370
5623,6380
4023,6381
3757,6382
4333,6382
1175,6384
1484,6384
1786,6384
2209,6385
5197,6385
6106,6385
1739,6386
2850,6386
4637,6387
502,6388
18,6389
1090,6389
390,6391
5498,6392
276,6396
742,6397
164,6398
924,6398
6172,6399
3395,6400
0,6401
3829,6401
756,6402
107,6403
3847,6403
5979,6403
347,6404
580,6404
1011,6405
1495,6405
403,6406
3070,6407
3267,6407
4110,6407
2894,6408
3926,6409
0,6410
2732,6410
112,6411
1216,6411
4585,6411
2591,6412
187,6413
4979,6413
402,6414
2381,6414
1244,6415
4596,6415
4970,6416
351,6417
2294,6418
4110,6418
742,6419
3783,6421
3720,6422
26,6423
3630,6424
2525,6425
3112,6425
138,6428
1897,6428
2630,6428
1019,6429
2108,6430
18,6431
236,6432
502,6436
934,6436
1521,6437
5756,6437
1893,6439
26,6440
213,6440
2102,6444
7,6446
9,6448
351,6449
1297,6449
1326,6449
975,6450
4287,6450
21,6452
958,6452
2567,6452
2093,6453
339,6455
3815,6455
4473,6455
1297,6457
196,6458
16,6459
52,6459
4223,6459
5261,6459
2619,6460
3038,6460
2574,6461
812,6462
4065,6463
194,6464
0,6466
1400,6469
31,6474
149,6474
2453,6474
3198,6475
5710,6478
1101,6480
1290,6480
4409,6480
74,6481
196,6481
2951,6481
71,6483
258,6483
5997,6483
11,6485
6359,6485
5,6486
79,6486
1122,6486
996,6488
2989,6488
1939,6489
3766,6489
3436,6490
3908,6491
554,6494
340,6495
952,6495
4538,6495
7,6496
3647,6496
724,6497
5346,6501
0,6502
909,6502
305,6503
2,6504
553,6504
311,6506
6502,6506
756,6507
2560,6507
274,6509
1807,6510
6218,6511
2232,6513
922,6514
3655,6514
4204,6516
11,6517
6308,6517
487,6518
1395,6518
1657,6518
2293,6519
746,6521
422,6526
1145,6527
5126,6530
1250,6531
6413,6531
666,6537
1201,6537
340,6538
583,6539
3852,6539
1116,6543
577,6547
837,6547
1613,6547
6229,6547
4064,6548
58,6550
128,6550
2010,6550
5893,6550
6199,6551
11,6552
2493,6552
347,6553
986,6553
68,6556
299,6556
461,6557
574,6560
2119,6560
220,6562
4524,6563
6064,6563
3166,6564
4881,6564
1,6565
1468,6566
2676,6566
3,6568
65,6569
716,6571
1422,6572
1599,6572
1847,6573
3594,6573
21,6575
5979,6575
16,6580
1902,6580
2037,6580
151,6582
127,6583
2493,6586
2515,6589
2142,6591
2492,6591
1675,6592
9,6593
614,6593
461,6594
7,6595
742,6596
3163,6596
3589,6596
5374,6596
3645,6597
255,6599
71,6600
3234,6601
1818,6602
708,6605
4,6606
2114,6608
1389,6609
4350,6610
604,6611
5873,6611
5580,6612
941,6613
948,6614
1645,6615
265,6616
5455,6616
1453,6618
922,6619
1773,6619
1491,6622
2,6624
1019,6624
66,6626
607,6627
1904,6629
3886,6630
643,6631
5442,6632
1521,6634
4621,6634
5180,6637
4507,6640
8,6642
719,6642
1,6643
2095,6645
5033,6645
39,6646
945,6648
380,6650
1818,6650
3328,6651
209,6652
599,6652
2154,6653
4709,6655
746,6656
1246,6657
389,6658
2463,6658
396,6659
1747,6660
5973,6660
1,6661
2685,6662
3754,6663
5,6665
2610,6665
83,6667
1137,6667
65,6668
233,6669
1802,6669
688,6670
1783,6670
3105,6670
1411,6671
67,6672
3297,6672
4748,6672
5546,6672
3,6673
4881,6675
4881,6676
505,6677
2611,6677
421,6678
1766,6678
5377,6679
1639,6681
9,6682
2041,6682
916,6683
7,6684
1702,6684
4201,6685
1343,6686
4504,6687
415,6688
3593,6688
5,6690
3264,6690
264,6692
3068,6692
3403,6696
274,6698
1615,6698
5866,6699
5067,6700
164,6702
5305,6703
555,6704
4676,6706
5,6707
1978,6707
3510,6708
1521,6710
2718,6714
5854,6714
7,6715
5,6716
314,6716
1852,6716
315,6717
553,6717
1443,6720
6543,6720
3382,6721
2776,6722
6425,6722
161,6723
4791,6723
4951,6723
1273,6724
128,6725
6129,6728
67,6730
951,6730
5125,6730
0,6731
31,6732
3114,6733
799,6734
6399,6734
2209,6735
737,6736
2381,6737
3847,6737
4926,6737
5715,6741
3398,6743
1135,6745
1026,6748
2525,6749
2578,6749
3733,6749
1693,6751
2533,6752
2303,6754
1422,6755
101,6759
4064,6759
141,6760
4713,6760
185,6762
250,6765
68,6766
2926,6766
262,6767
1893,6769
1205,6770
2775,6770
44,6771
890,6772
2072,6772
4645,6772
2474,6773
44,6774
115,6774
2521,6775
3933,6775
810,6778
3166,6778
4888,6782
158,6786
6025,6789
4748,6790
4760,6790
6772,6790
221,6791
2614,6792
4064,6792
5988,6792
296,6794
44,6795
5032,6796
3545,6801
6519,6802
2,6803
216,6803
1051,6803
1613,6803
263,6806
0,6807
5260,6807
4491,6809
1745,6811
1258,6812
151,6813
1076,6815
1374,6817
3234,6819
520,6821
599,6821
78,6822
4552,6822
128,6823
325,6824
1903,6824
5284,6828
713,6830
2345,6830
125,6831
2158,6834
4444,6834
118,6835
1973,6837
7,6839
4624,6840
4942,6840
2712,6842
1,6843
34,6844
735,6846
5,6847
1193,6847
3260,6847
183,6848
3053,6848
3585,6848
837,6849
885,6849
1335,6849
7,6850
209,6850
3451,6851
1,6852
3039,6852
6077,6852
4116,6854
262,6855
250,6856
449,6856
1814,6857
2277,6857
71,6858
250,6858
4314,6858
1085,6862
1983,6863
39,6864
9,6865
3341,6865
5391,6868
26,6870
937,6870
6553,6870
3609,6871
6571,6873
1830,6874
185,6877
997,6877
7,6878
2404,6879
1101,6880
6790,6882
65,6883
110,6884
3083,6884
3522,6885
418,6886
1533,6888
1072,6889
3045,6889
422,6893
11,6894
5556,6894
6721,6895
505,6897
853,6897
3960,6898
1203,6899
2260,6899
1426,6900
1546,6900
3783,6900
1770,6901
6675,6902
1237,6903
3099,6903
255,6904
1924,6904
758,6905
167,6906
1950,6907
549,6908
6313,6909
1679,6910
1729,6910
704,6911
721,6911
6084,6911
4745,6912
6490,6913
6518,6913
1117,6914
2,6915
367,6915
2896,6915
1692,6917
4300,6919
655,6921
732,6924
871,6924
0,6925
4267,6925
4973,6926
779,6928
367,6929
1638,6929
4231,6929
4682,6930
1533,6931
1916,6931
3584,6933
11,6936
292,6936
824,6936
2416,6936
4468,6937
379,6939
328,6940
3263,6940
83,6942
5417,6944
5,6945
128,6949
6409,6949
607,6950
4663,6951
779,6952
270,6954
381,6954
4823,6956
1101,6959
2822,6959
715,6961
1932,6962
380,6963
4427,6964
4713,6964
262,6965
104,6966
2633,6966
5565,6967
6238,6967
61,6969
248,6970
9,6972
1,6973
1902,6973
2846,6973
5537,6975
6344,6975
137,6976
577,6976
770,6976
1039,6977
3712,6977
5048,6978
3880,6979
2262,6980
3920,6980
4942,6980
888,6984
6721,6986
4534,6987
1202,6989
3872,6989
7,6991
5742,6991
274,6994
722,6996
923,6998
2871,6998
4917,6998
5623,6999
4973,7002
2354,7004
1959,7005
6131,7005
7,7006
1118,7006
2377,7006
2753,7008
7,7009
555,7009
0,7010
597,7010
899,7010
1225,7010
4274,7010
71,7011
345,7014
6113,7014
6350,7014
4702,7016
65,7019
2812,7019
6562,7019
5319,7020
127,7023
422,7023
170,7025
5058,7026
2611,7027
4159,7027
4284,7027
166,7030
101,7033
1445,7034
11,7035
7,7036
31,7038
1062,7038
1783,7039
2729,7039
525,7041
39,7043
5358,7043
316,7044
848,7044
1350,7044
165,7045
4206,7047
754,7050
5705,7051
1485,7055
2095,7055
4406,7055
30,7056
65,7056
1153,7056
1935,7056
4342,7057
0,7058
945,7059
6848,7059
2864,7060
5002,7060
3,7062
1696,7064
4281,7064
196,7065
829,7065
4242,7065
7,7066
88,7066
1400,7067
5662,7068
4886,7070
112,7071
4949,7071
112,7073
5278,7073
292,7076
1375,7076
336,7077
5305,7077
5871,7078
44,7079
166,7079
418,7079
996,7079
5219,7079
1435,7080
2472,7080
1,7081
2273,7081
799,7085
452,7087
3846,7087
2059,7088
1551,7089
133,7090
2000,7090
6849,7090
810,7092
141,7093
1980,7093
2322,7093
2530,7093
3717,7093
5738,7093
6237,7093
1635,7094
2224,7094
6904,7094
54,7095
185,7096
292,7097
2266,7098
1014,7099
1723,7100
4237,7100
641,7101
210,7102
39,7108
4589,7110
1267,7111
687,7112
7111,7112
1551,7115
4249,7115
3585,7116
5660,7117
5,7118
1064,7118
209,7119
6129,7119
11,7121
592,7122
3302,7122
937,7124
4203,7124
656,7125
1483,7126
2010,7126
2948,7126
3211,7126
945,7128
983,7129
7094,7130
270,7131
2700,7131
3303,7131
1068,7132
1682,7134
250,7135
2377,7135
2554,7135
3436,7135
3585,7136
6721,7136
1950,7137
2965,7137
1481,7138
810,7139
877,7139
2557,7139
784,7140
4123,7144
6197,7145
7,7146
5473,7146
984,7147
1730,7148
1062,7149
2712,7151
7144,7151
323,7153
1850,7154
853,7155
5026,7156
2389,7157
1363,7159
1983,7160
2434,7160
247,7161
1237,7161
3944,7161
5924,7161
6773,7161
3044,7162
2,7163
2482,7163
73,7164
2234,7165
4008,7166
873,7168
7160,7168
250,7170
483,7170
92,7172
166,7174
3310,7175
188,7178
879,7178
6856,7180
2,7181
5193,7183
5892,7184
4157,7185
4251,7185
584,7186
4189,7187
1110,7188
4064,7189
2,7190
856,7190
3160,7190
1969,7193
2909,7193
60,7194
6669,7198
1420,7199
7154,7200
3218,7201
6791,7201
2894,7202
3,7204
418,7206
853,7207
799,7208
2634,7209
7168,7209
258,7210
1305,7210
217,7211
1851,7211
2884,7213
3342,7214
1521,7215
2896,7215
708,7217
3347,7217
2260,7219
6365,7220
305,7221
0,7222
2665,7222
4891,7224
1712,7231
2358,7231
370,7232
5473,7232
305,7233
389,7233
2096,7233
15,7234
1422,7235
2500,7241
0,7242
2213,7242
5121,7242
653,7243
3020,7246
7,7249
1897,7250
3806,7250
461,7251
862,7251
4596,7251
7041,7252
7140,7253
2614,7254
1448,7255
2095,7255
2544,7255
112,7257
1879,7257
5117,7257
3184,7258
4997,7258
3044,7259
4923,7259
484,7260
5102,7261
72,7263
6931,7265
65,7266
263,7267
5818,7267
301,7268
1471,7268
104,7269
904,7269
6936,7269
5,7270
1964,7270
830,7271
1761,7271
2841,7271
3537,7271
1064,7272
2082,7272
5658,7272
6298,7272
1866,7274
3421,7275
3822,7277
138,7278
166,7278
381,7278
4184,7278
3633,7280
7059,7280
1705,7281
4046,7283
4989,7283
7250,7283
11,7284
175,7284
4028,7284
5,7287
304,7288
449,7288
6972,7289
166,7290
848,7291
4926,7291
5985,7292
87,7294
1600,7294
3309,7294
1085,7297
2431,7299
4674,7301
311,7303
3390,7310
61,7311
267,7311
780,7311
1401,7314
250,7315
1601,7316
7188,7316
2211,7317
3757,7318
5234,7318
6910,7318
2867,7321
623,7322
6480,7324
262,7327
716,7327
2415,7327
1543,7328
5641,7330
6772,7330
7066,7331
3947,7332
4433,7332
7010,7332
4005,7334
4605,7334
1548,7335
2496,7335
6099,7335
7,7336
4933,7337
1697,7341
23,7342
583,7342
743,7342
1063,7342
1694,7343
4117,7343
1981,7346
3160,7347
2094,7348
2831,7350
4650,7350
316,7351
5875,7351
6228,7352
6931,7352
370,7353
1324,7353
2027,7353
3895,7353
6925,7353
276,7354
1262,7355
719,7356
989,7356
1990,7356
1,7358
2294,7358
18,7360
1387,7360
5423,7361
18,7362
875,7363
1387,7367
1865,7367
1910,7367
3269,7367
1,7368
31,7368
1585,7368
2338,7370
2926,7370
5055,7370
101,7371
1913,7371
3806,7371
316,7372
848,7373
1199,7374
5966,7376
155,7377
177,7378
2308,7379
1850,7380
1040,7382
6698,7383
1122,7386
3286,7386
3497,7387
7,7388
3297,7388
3757,7388
5048,7388
4485,7389
137,7391
351,7391
30,7392
2296,7397
3358,7397
456,7398
4406,7399
4676,7402
6495,7405
6967,7405
1537,7406
6723,7406
723,7407
187,7409
1294,7410
422,7411
4224,7413
1424,7414
1967,7415
181,7417
166,7418
6411,7418
7360,7418
2896,7419
2114,7421
5362,7422
5935,7422
101,7423
413,7424
1893,7424
6094,7425
2118,7426
7,7427
196,7427
730,7427
742,7428
4117,7428
264,7429
3711,7429
6151,7430
358,7431
3486,7431
3951,7431
885,7433
3352,7434
570,7435
3501,7435
2,7436
2831,7436
6094,7436
18,7437
68,7437
4013,7438
11,7439
3603,7440
161,7441
1012,7442
4221,7445
6717,7445
0,7446
264,7448
1568,7448
1838,7449
2053,7450
4785,7453
899,7454
5139,7454
3099,7455
716,7459
3390,7459
6271,7459
128,7462
161,7463
1494,7463
2094,7463
5286,7463
26,7464
5756,7464
577,7467
164,7468
3274,7472
5145,7472
7,7473
4615,7473
6615,7473
254,7474
32,7475
937,7475
3190,7476
823,7477
1677,7477
4739,7478
5494,7478
4203,7479
4991,7479
4587,7480
4781,7482
1019,7483
5536,7483
4532,7485
195,7486
1665,7487
1861,7487
6339,7488
339,7489
163,7490
3159,7490
5912,7491
862,7492
4873,7492
814,7493
6385,7493
1786,7494
6414,7494
68,7496
1297,7497
1429,7497
3972,7498
4760,7498
755,7499
7181,7500
7283,7500
418,7501
11,7503
5251,7504
158,7505
1712,7505
2030,7505
6155,7505
58,7508
641,7509
1313,7509
2619,7510
5,7512
164,7512
1510,7514
418,7515
305,7517
1633,7517
23,7518
1907,7519
146,7521
7064,7521
1745,7522
3876,7524
5398,7524
5529,7524
2225,7525
901,7527
3989,7527
6031,7527
166,7528
5037,7528
2844,7530
4524,7531
6415,7531
263,7533
494,7536
7,7539
577,7539
4559,7539
6083,7539
1225,7540
3258,7540
421,7541
5947,7542
1192,7544
274,7545
830,7545
60,7546
262,7546
6404,7546
3132,7547
3402,7547
4884,7547
6886,7547
1,7548
669,7550
1986,7551
5038,7551
4022,7552
1386,7554
7,7555
3604,7555
629,7556
6954,7556
8,7557
5902,7558
5287,7560
4444,7562
4483,7563
1177,7565
1203,7565
1907,7565
187,7566
1544,7567
757,7571
3099,7572
6469,7575
0,7576
3892,7580
216,7581
370,7581
68,7582
154,7584
161,7584
6040,7584
2193,7588
3263,7589
5871,7589
2082,7590
104,7591
203,7592
521,7592
2850,7593
1872,7594
3063,7596
4970,7596
2069,7598
31,7599
1415,7599
2344,7599
406,7603
1897,7604
3480,7604
4005,7604
5808,7605
449,7606
1352,7606
2393,7606
48,7607
538,7607
5391,7607
1533,7608
7056,7609
4,7610
7377,7611
989,7614
55,7615
138,7615
2650,7615
653,7619
1810,7619
211,7620
6045,7620
6591,7620
1881,7621
1962,7621
901,7623
1529,7623
9,7624
138,7625
557,7625
3685,7626
3570,7629
115,7630
438,7630
937,7630
3094,7632
2398,7634
2562,7634
5081,7638
502,7639
1669,7639
484,7643
719,7643
2176,7643
110,7644
7,7645
3584,7645
141,7646
6148,7647
2657,7648
4848,7649
431,7650
1480,7651
2607,7652
2614,7652
209,7655
316,7655
4436,7657
88,7659
3115,7659
5067,7659
221,7662
112,7666
217,7666
7427,7666
977,7667
312,7670
315,7670
4385,7670
5252,7670
742,7671
4915,7671
301,7672
3857,7672
282,7673
1767,7673
4227,7673
2448,7675
4784,7675
164,7676
577,7677
708,7677
2236,7677
3583,7677
935,7678
3109,7678
4618,7678
5733,7678
2,7680
325,7681
683,7681
166,7683
4015,7683
2718,7685
39,7686
463,7686
264,7688
1745,7688
6481,7688
553,7689
6811,7689
262,7692
607,7692
1276,7693
1845,7694
5720,7694
7,7695
164,7698
672,7699
1675,7699
735,7700
7377,7700
1043,7701
266,7702
7363,7702
3744,7703
87,7705
577,7705
6766,7705
5791,7707
362,7708
3186,7709
5809,7709
1756,7710
5695,7710
11,7714
688,7714
7421,7714
7038,7715
1786,7716
2621,7716
1615,7718
7081,7718
5905,7719
90,7720
185,7721
2985,7723
6429,7723
923,7724
1011,7724
220,7727
4008,7727
44,7728
6791,7728
137,7731
185,7731
233,7731
4067,7731
1881,7733
4444,7735
2258,7736
2220,7737
3293,7738
202,7743
3177,7744
3434,7745
3124,7746
6909,7746
5627,7747
175,7748
1696,7750
323,7751
4208,7751
264,7753
1394,7753
7655,7754
7,7755
211,7755
3519,7755
530,7756
4123,7756
4712,7757
218,7759
923,7759
986,7761
3175,7761
4691,7762
2280,7764
2234,7765
6385,7766
4949,7767
6126,7767
315,7768
1904,7768
2294,7768
3342,7769
4127,7769
6669,7769
2164,7771
5098,7772
7331,7772
87,7776
5241,7777
4354,7779
922,7780
996,7780
2122,7780
2157,7780
4524,7782
164,7783
2004,7783
1090,7784
1123,7784
395,7785
3585,7785
7386,7785
7090,7786
7043,7787
44,7788
3978,7788
39,7789
1849,7789
1576,7790
3492,7792
6266,7792
0,7793
137,7793
6929,7795
112,7796
3050,7797
1729,7798
1163,7801
1168,7801
7676,7801
520,7802
6704,7803
2109,7804
5423,7804
1747,7805
4865,7805
418,7808
4588,7808
5738,7808
2578,7810
1453,7812
1576,7812
1641,7812
11,7813
1538,7814
3244,7814
4615,7816
1104,7817
1150,7817
146,7818
3101,7819
5530,7819
3151,7820
254,7821
4262,7821
11,7823
3931,7825
7,7827
4468,7827
1845,7832
3282,7832
7025,7833
11,7835
3099,7835
305,7836
5119,7837
2359,7838
7206,7838
3147,7839
1017,7840
1734,7841
3366,7841
5551,7842
196,7844
683,7846
4495,7846
4739,7846
633,7851
1685,7851
1085,7853
3132,7854
463,7855
3436,7856
1358,7859
4536,7859
1653,7860
7010,7861
4259,7862
9,7866
247,7866
750,7866
1983,7866
6858,7866
2765,7869
4689,7871
3714,7872
742,7873
1453,7874
2927,7877
3725,7880
766,7881
910,7882
6514,7883
2,7885
2225,7885
3067,7887
7102,7887
6486,7888
7835,7889
4387,7891
3892,7894
1474,7895
3278,7895
6848,7896
906,7897
8,7899
1179,7899
3310,7899
0,7900
6910,7902
7267,7902
3272,7904
143,7906
2857,7906
6502,7906
767,7910
6197,7910
6424,7910
4849,7913
87,7914
1483,7915
3713,7915
6199,7915
249,7917
177,7920
438,7923
1882,7923
55,7924
7,7925
2747,7925
4646,7925
217,7926
1980,7926
68,7927
94,7927
780,7927
1638,7927
1904,7927
6980,7927
16,7928
3655,7928
5850,7928
5702,7930
2842,7931
2846,7931
146,7934
1527,7934
4848,7934
418,7935
1388,7935
3757,7937
16,7938
55,7939
3908,7939
4427,7941
1193,7942
3867,7942
367,7944
3795,7944
4929,7945
5252,7946
7417,7946
810,7947
1012,7948
1051,7949
2969,7950
196,7951
1747,7952
1019,7954
183,7955
1982,7955
30,7957
6685,7961
920,7962
2311,7963
5009,7963
3168,7965
371,7966
1967,7966
143,7969
7,7970
1101,7970
3936,7971
2984,7972
7926,7972
7378,7973
5377,7975
266,7976
5580,7976
3,7978
1935,7978
167,7979
5067,7979
975,7980
4165,7981
1866,7983
360,7984
211,7986
7,7987
449,7988
853,7988
836,7989
1234,7989
1164,7991
1219,7991
457,7992
5347,7995
429,7996
0,8001
1090,8001
146,8003
4427,8003
250,8004
3335,8005
2928,8006
5623,8006
128,8007
5558,8008
474,8009
1450,8009
1375,8010
7887,8012
18,8013
274,8013
5791,8016
2173,8017
2790,8018
149,8019
3433,8019
80,8020
687,8021
362,8023
5996,8024
276,8025
449,8025
751,8025
2176,8025
285,8026
3097,8026
2500,8029
5942,8030
2090,8031
3161,8032
934,8033
3221,8033
6036,8040
7928,8040
5627,8041
7,8042
2385,8042
7,8043
3293,8043
5913,8045
169,8048
2961,8048
292,8049
1149,8049
65,8050
688,8050
5942,8051
209,8052
3083,8053
3411,8054
5205,8054
484,8055
1511,8056
1914,8056
2536,8058
4259,8061
5288,8063
6328,8063
7,8064
17,8065
924,8065
5913,8065
814,8066
2,8068
28,8069
449,8070
1219,8070
1973,8070
3091,8071
5720,8074
367,8077
2633,8077
7,8078
990,8078
809,8079
4020,8079
826,8081
7688,8081
5081,8082
750,8083
3330,8085
584,8089
0,8092
78,8092
2012,8092
1199,8093
83,8094
3753,8095
4241,8095
1420,8096
161,8097
5546,8097
233,8098
7327,8099
7524,8099
15,8103
2562,8103
2486,8104
716,8106
2030,8106
1453,8107
6716,8107
143,8108
3891,8108
7762,8108
353,8109
988,8109
1072,8110
2358,8110
4424,8110
2,8111
94,8111
505,8111
4333,8113
5050,8115
830,8116
5195,8116
0,8117
614,8118
3025,8119
258,8122
263,8122
1225,8122
54,8126
3939,8126
7255,8128
2388,8132
5580,8132
953,8134
2167,8134
6931,8134
5396,8137
0,8138
2469,8141
7318,8141
3274,8142
4093,8142
577,8145
1388,8145
1002,8146
1515,8146
5102,8147
5,8148
15,8148
5592,8149
7346,8149
5913,8150
7935,8150
73,8151
7762,8151
708,8152
93,8154
194,8154
6385,8155
7615,8157
8151,8157
142,8159
2313,8159
7693,8159
101,8160
209,8161
5,8162
4248,8162
395,8169
2496,8169
4604,8171
3386,8172
4123,8174
3,8175
1769,8175
6246,8176
968,8178
143,8179
7422,8179
3478,8180
6232,8181
849,8182
21,8183
5535,8184
1510,8186
112,8188
116,8188
1002,8191
5415,8191
2926,8192
4024,8192
8181,8193
4516,8195
7327,8195
28,8197
2607,8197
2561,8198
6276,8198
641,8199
5318,8200
4134,8201
4180,8202
1199,8203
3827,8205
304,8206
2325,8206
166,8208
3872,8208
1257,8210
688,8211
1219,8211
209,8212
4906,8212
6687,8212
7411,8212
4498,8214
3151,8215
4019,8215
3429,8218
8048,8218
2926,8220
3545,8224
3607,8224
7060,8224
185,8225
577,8226
1467,8230
193,8232
236,8232
2049,8232
552,8233
7604,8233
4491,8234
4123,8235
577,8237
7639,8237
3904,8239
688,8240
233,8242
1536,8242
1395,8243
30,8245
716,8245
3136,8246
46,8249
112,8249
799,8249
1510,8249
7,8250
5616,8250
316,8251
6495,8254
7271,8256
1039,8257
1913,8258
117,8261
6152,8262
394,8263
863,8263
6084,8264
4256,8267
5598,8267
167,8268
119,8269
5117,8270
250,8271
554,8271
824,8271
6994,8271
0,8272
7584,8272
169,8273
4928,8273
801,8275
1589,8275
262,8277
2,8279
414,8279
2201,8280
2141,8281
1877,8285
2422,8285
4005,8285
1242,8286
3821,8286
5695,8286
389,8287
4889,8287
2536,8288
840,8291
1694,8291
5317,8291
2469,8292
4716,8292
5398,8295
563,8296
415,8297
549,8297
1895,8299
54,8300
5528,8300
7217,8300
3038,8302
623,8304
6959,8304
974,8305
1408,8307
1682,8307
3304,8307
2060,8308
3262,8309
863,8310
3933,8310
4182,8310
5565,8310
7889,8310
7080,8311
1579,8312
3757,8312
4739,8314
7914,8315
1896,8317
7976,8317
2101,8320
8267,8320
233,8321
2856,8322
4659,8322
7439,8324
1395,8325
1199,8330
7165,8331
906,8332
5146,8332
7991,8332
545,8333
6575,8336
2354,8337
607,8338
1019,8338
1065,8338
187,8339
1158,8339
4305,8339
677,8341
584,8343
6586,8346
2209,8349
6461,8349
219,8352
2821,8352
7769,8352
4251,8353
3187,8354
924,8355
7987,8356
415,8357
11,8358
3221,8358
142,8360
4423,8360
5535,8361
339,8363
1039,8363
1872,8363
4064,8364
55,8365
8142,8365
199,8367
892,8371
1511,8373
1903,8374
88,8375
18,8377
2404,8381
71,8382
5514,8383
6619,8383
1749,8384
1641,8386
1557,8389
3675,8389
8279,8393
2,8395
1956,8397
657,8400
3607,8400
292,8401
7497,8403
3262,8404
6856,8405
1567,8406
1464,8407
3308,8407
1950,8408
3570,8408
5,8409
3106,8409
1679,8410
1831,8412
0,8413
1693,8413
2959,8413
196,8414
974,8414
6723,8414
6852,8415
784,8416
760,8418
264,8419
1701,8420
3920,8420
347,8422
4827,8425
302,8426
3151,8427
3203,8428
3530,8429
396,8430
1726,8430
756,8431
3083,8431
7951,8432
784,8433
5121,8433
1350,8435
438,8436
5,8437
2030,8437
8160,8439
3,8441
810,8442
541,8443
1262,8443
409,8446
1714,8448
66,8451
1002,8451
1712,8451
4829,8452
418,8454
2320,8454
2972,8455
3711,8455
4130,8455
6286,8457
3,8458
3237,8458
4065,8459
4406,8460
6481,8460
339,8462
0,8463
512,8463
6230,8465
3277,8466
249,8467
5965,8467
4725,8472
109,8474
1039,8474
173,8475
389,8475
1932,8475
2251,8475
7477,8475
1389,8476
166,8477
1776,8477
395,8478
1537,8478
8160,8478
1672,8479
389,8480
3237,8480
2,8481
302,8481
5071,8481
5399,8482
2179,8483
749,8484
4639,8486
5486,8486
349,8487
742,8488
1769,8491
2607,8491
1195,8494
2045,8494
2334,8495
4327,8495
6716,8495
164,8496
276,8497
421,8498
6480,8498
2866,8499
2001,8500
1705,8501
0,8502
55,8502
2010,8502
381,8505
4224,8505
8056,8506
2309,8508
6502,8509
924,8513
1450,8514
986,8516
1686,8516
18,8517
2348,8517
2157,8520
6978,8520
312,8521
521,8524
1939,8524
633,8525
5915,8525
636,8528
6980,8529
5546,8530
1199,8531
812,8532
3,8534
5751,8534
3083,8535
4479,8536
2843,8538
3243,8539
258,8542
937,8543
5017,8543
4277,8544
4994,8545
31,8546
6926,8546
3312,8547
8212,8547
1545,8548
296,8550
1188,8551
414,8552
9,8553
7596,8553
1229,8554
3941,8557
1686,8558
1872,8559
2961,8559
6339,8562
1829,8564
3136,8566
3402,8568
68,8570
6553,8570
2771,8572
112,8573
4468,8575
4829,8577
2252,8579
235,8580
2225,8581
371,8582
4863,8582
7746,8583
4515,8584
3947,8585
5623,8586
456,8587
804,8588
502,8590
1175,8590
2726,8590
5074,8590
899,8591
4681,8592
7,8594
2989,8594
1657,8595
3731,8595
4607,8598
8271,8598
5733,8600
553,8603
15,8604
1619,8605
336,8609
4923,8609
1135,8610
2846,8610
1467,8611
11,8612
1442,8613
3754,8614
547,8618
3978,8619
5225,8619
7056,8620
349,8623
2515,8623
5687,8623
2109,8624
5,8626
71,8627
1994,8628
4274,8628
4859,8628
5306,8628
112,8629
770,8630
1935,8632
21,8633
7596,8633
8,8634
2822,8635
90,8637
3083,8637
6326,8637
274,8639
4729,8640
2393,8644
2413,8644
5569,8645
4497,8646
403,8647
4136,8648
5175,8649
7231,8649
1,8650
3,8650
2525,8651
2422,8652
6772,8653
4,8656
989,8658
2617,8658
1305,8659
555,8661
8635,8661
1983,8662
5630,8662
8013,8664
15,8665
315,8666
1985,8666
4,8667
623,8667
367,8669
8043,8671
6596,8672
18,8673
6461,8675
6924,8676
26,8677
2334,8677
2957,8677
242,8681
339,8681
7835,8681
5,8683
3269,8683
3655,8683
6344,8684
1305,8685
11,8687
727,8687
1400,8688
5807,8688
6014,8688
7413,8688
332,8691
3559,8691
6840,8691
7536,8692
1895,8694
4457,8694
3136,8695
3570,8695
7,8697
8249,8698
5786,8699
265,8700
746,8700
1798,8700
2604,8700
4863,8700
2,8704
78,8704
4020,8704
7231,8704
112,8705
0,8706
743,8706
27,8708
250,8708
3880,8712
5756,8714
7318,8715
4018,8718
8132,8718
1831,8720
1141,8723
676,8724
7437,8724
923,8725
4979,8725
873,8728
1963,8728
264,8731
484,8731
2444,8731
2815,8731
5415,8731
1769,8732
2344,8732
1471,8733
3585,8734
21,8735
3675,8735
171,8737
5219,8738
8192,8738
2341,8740
2590,8740
367,8741
6618,8741
2311,8742
4858,8742
141,8743
4712,8744
14,8748
2410,8748
3191,8749
61,8751
5988,8752
2496,8753
599,8754
4008,8754
456,8755
3028,8755
8742,8758
747,8760
8513,8761
5397,8762
2862,8763
67,8764
7557,8765
1210,8766
4861,8766
837,8767
2453,8767
4289,8767
4314,8768
6153,8770
296,8773
8249,8773
2983,8774
3812,8775
112,8777
8003,8777
2611,8779
5048,8780
266,8782
1747,8784
5504,8784
161,8785
5985,8785
6803,8786
285,8787
1769,8788
446,8791
7175,8792
7426,8792
3237,8793
1,8794
3795,8797
61,8798
250,8799
3806,8801
138,8802
7056,8803
7254,8803
555,8805
5551,8806
6495,8806
0,8807
1847,8809
5512,8809
8754,8809
1825,8810
3079,8812
3194,8812
934,8813
2069,8814
8270,8814
142,8817
1112,8817
7010,8817
5053,8818
4906,8820
3427,8822
4661,8823
2323,8824
1,8825
379,8828
2545,8829
3559,8829
7681,8829
3604,8831
2647,8832
5662,8833
1973,8834
2974,8834
7071,8836
361,8838
61,8839
1923,8842
3099,8842
7,8843
39,8844
6365,8844
2244,8845
5416,8845
250,8846
402,8847
5470,8847
1907,8849
1107,8852
4739,8852
6690,8852
7473,8852
5799,8853
71,8854
104,8854
389,8855
6972,8855
2576,8856
2514,8859
2729,8859
1096,8860
1599,8860
2515,8862
5256,8862
0,8863
2294,8865
2095,8868
709,8869
1420,8872
8844,8872
4334,8873
4884,8873
899,8875
3697,8875
5251,8875
2090,8876
4663,8876
6469,8878
4206,8880
6461,8880
166,8881
6486,8881
8225,8881
997,8882
1969,8882
5780,8883
7671,8884
115,8885
935,8885
3867,8885
8338,8888
7056,8890
2862,8892
5366,8892
39,8893
8286,8893
1599,8894
8735,8895
209,8897
8132,8898
2397,8899
5205,8899
8122,8899
8520,8899
5067,8900
5110,8901
4661,8902
7026,8902
2341,8904
505,8905
4860,8905
2070,8906
2927,8906
4697,8906
93,8907
247,8908
1276,8908
3757,8908
6312,8909
4859,8910
2588,8911
1259,8913
4952,8913
750,8914
3515,8914
6483,8914
958,8915
92,8916
2398,8919
3759,8919
6901,8920
5673,8921
67,8923
2099,8923
3132,8923
709,8925
1379,8925
6690,8929
547,8931
5223,8932
1101,8933
7014,8933
4296,8935
4532,8935
1581,8937
4580,8937
5223,8937
7,8941
3815,8942
5719,8942
6197,8942
1029,8943
5704,8943
112,8944
3525,8945
899,8947
2757,8947
621,8949
7377,8951
6858,8953
2770,8955
2844,8956
1392,8958
3663,8959
8435,8960
7,8963
389,8964
1916,8964
3196,8964
7,8967
14,8968
60,8968
8279,8968
315,8969
419,8971
818,8971
1123,8973
1192,8974
878,8978
235,8981
2261,8982
5748,8982
3014,8983
1212,8984
3097,8985
334,8988
770,8989
357,8994
3386,8995
7299,8995
7135,8997
4848,8998
4824,8999
394,9001
4911,9001
5442,9002
5637,9004
8465,9004
220,9005
262,9007
6483,9007
873,9008
7659,9008
6699,9009
502,9011
2773,9012
3812,9013
137,9015
165,9015
2153,9015
2779,9015
7853,9015
637,9016
3342,9016
185,9017
3,9018
3395,9018
2220,9019
577,9020
4840,9021
1158,9024
5225,9024
8206,9024
302,9025
101,9026
4436,9026
8162,9027
1145,9028
924,9029
5423,9033
5225,9035
138,9036
2070,9036
875,9041
6899,9041
513,9043
353,9044
617,9044
4396,9044
4013,9045
65,9046
4277,9046
2155,9047
5974,9047
7703,9049
1209,9051
3147,9052
8042,9052
1389,9053
5581,9054
921,9056
1668,9057
6228,9058
3672,9060
4823,9060
1564,9062
3112,9062
177,9065
1734,9065
3582,9065
54,9067
2359,9068
7251,9068
305,9070
488,9071
127,9073
2578,9073
39,9077
5366,9077
6772,9078
3421,9079
6014,9079
4086,9080
8188,9080
2525,9081
5347,9083
7474,9083
2588,9085
994,9086
885,9087
5443,9087
415,9088
2782,9088
4897,9088
6031,9088
6131,9088
194,9091
3027,9091
8349,9091
1030,9092
2447,9092
5286,9092
268,9093
4953,9093
65,9094
1943,9094
249,9097
7431,9097
4932,9098
213,9102
3943,9103
799,9109
6359,9111
3852,9112
3604,9113
6452,9115
347,9116
3466,9116
4668,9116
461,9117
1694,9117
3867,9117
7335,9117
71,9118
6415,9118
4922,9119
1618,9120
4534,9121
3177,9122
6688,9122
2469,9124
1104,9125
7079,9125
1924,9128
3203,9128
4241,9128
44,9129
83,9133
6141,9134
3434,9135
209,9137
274,9138
937,9138
2963,9138
6273,9138
7619,9138
4,9139
1011,9139
2533,9141
78,9142
3403,9142
5668,9142
7851,9142
5617,9143
6114,9143
7055,9143
3487,9145
8829,9146
248,9147
250,9147
7110,9147
5962,9152
685,9155
169,9156
4215,9156
6238,9157
9,9159
735,9159
360,9160
5946,9160
3640,9161
8572,9161
274,9165
421,9165
370,9166
55,9168
3108,9169
6792,9169
1,9170
7126,9176
316,9177
823,9177
3168,9177
4221,9177
538,9178
8765,9178
7386,9179
3335,9180
974,9181
4258,9181
1280,9182
4284,9182
5381,9182
7126,9182
3025,9184
7539,9186
127,9188
11,9189
55,9190
6313,9190
7,9191
2453,9192
4350,9192
6630,9192
1,9193
187,9193
4706,9193
7938,9193
8019,9193
440,9194
7350,9195
3960,9197
39,9200
2142,9200
3264,9201
5328,9201
1379,9202
233,9204
301,9205
449,9207
187,9209
262,9212
138,9214
78,9215
4646,9216
146,9218
1387,9221
1561,9221
4725,9221
2425,9222
7517,9222
8128,9222
770,9224
39,9225
3135,9225
488,9226
7545,9226
227,9227
474,9229
2826,9230
4406,9233
5269,9233
3720,9234
94,9237
1398,9237
3594,9238
3789,9241
2258,9242
6643,9242
6119,9245
6153,9245
4365,9247
0,9248
355,9249
11,9251
4329,9252
9116,9252
7604,9254
1100,9255
5956,9255
4242,9257
1199,9258
1715,9259
4656,9259
5326,9259
559,9262
1179,9262
1962,9262
2193,9263
66,9265
2560,9266
7835,9266
65,9267
7,9269
4034,9272
3310,9273
109,9274
644,9274
978,9274
6199,9274
149,9275
265,9276
1247,9276
6496,9276
6519,9277
141,9278
1305,9278
5375,9278
6152,9280
5915,9282
0,9284
5866,9284
171,9286
7081,9286
1,9289
258,9290
5220,9291
1387,9292
3584,9293
7047,9294
1677,9295
656,9296
164,9300
381,9300
3682,9300
2019,9302
5695,9302
6216,9302
8910,9302
9237,9303
2,9304
799,9304
5234,9304
8307,9305
9143,9305
211,9309
8,9310
7362,9311
7970,9311
209,9312
3593,9313
5555,9313
8933,9313
879,9314
4221,9318
1039,9321
4256,9322
8275,9323
39,9324
951,9324
17,9326
6113,9327
26,9328
767,9329
713,9330
166,9331
584,9332
6385,9332
1029,9333
264,9334
186,9336
104,9337
2664,9337
5851,9337
4796,9338
7427,9338
1443,9339
3384,9340
3518,9340
4558,9340
9309,9341
449,9346
9161,9346
906,9349
1193,9350
1916,9350
2474,9350
7335,9352
8437,9352
6236,9353
9304,9354
587,9355
3720,9356
2957,9359
1641,9360
4748,9360
7210,9360
9,9363
786,9363
1482,9363
978,9364
15,9366
9233,9366
4241,9367
7483,9367
7615,9367
8983,9367
1641,9368
8735,9368
941,9369
3956,9370
218,9371
5426,9373
574,9374
1154,9375
4781,9375
58,9376
8338,9376
0,9377
15,9378
848,9378
2999,9378
138,9379
142,9382
2447,9383
3312,9384
617,9386
527,9388
2315,9388
1684,9389
8339,9390
4621,9391
7,9395
94,9396
8491,9396
7728,9398
8455,9398
405,9399
2286,9399
6026,9400
943,9401
8478,9401
1209,9403
5286,9403
3403,9406
8466,9406
824,9407
5383,9407
9193,9408
2780,9412
5038,9412
8199,9414
1511,9416
3726,9417
484,9418
6155,9418
8237,9419
9356,9421
9,9423
109,9423
3711,9426
11,9427
155,9428
1299,9429
209,9431
1409,9431
2390,9432
7,9433
28,9438
622,9438
1234,9438
746,9439
3247,9439
2,9441
2758,9441
8024,9441
9041,9441
3784,9442
1443,9447
1493,9447
141,9448
2118,9449
9079,9449
1502,9450
0,9451
3462,9452
5623,9452
892,9454
7367,9455
1980,9456
7493,9456
9091,9458
2770,9459
5380,9459
7168,9459
6151,9460
332,9461
7045,9463
662,9464
7972,9464
3297,9465
4254,9465
2927,9466
8943,9466
1407,9467
3308,9467
115,9468
177,9468
3757,9468
3212,9470
2076,9471
4180,9471
8357,9473
5,9475
66,9475
862,9475
1257,9475
5799,9475
7332,9475
9,9476
8531,9476
11,9477
1409,9478
315,9479
5461,9479
1051,9481
7966,9481
9,9484
2434,9484
3706,9485
5538,9487
1198,9489
7130,9491
958,9493
1139,9494
171,9498
1095,9498
2947,9499
1023,9500
323,9501
3304,9504
1178,9505
1182,9505
9073,9506
2927,9508
3227,9516
7334,9517
8296,9518
1779,9519
3421,9521
437,9522
0,9524
68,9524
2577,9525
4024,9525
406,9526
5875,9526
11,9527
270,9527
1252,9528
6248,9528
263,9530
4533,9530
9060,9531
7090,9533
755,9534
264,9535
7250,9535
128,9536
4707,9537
250,9538
2630,9539
4674,9539
71,9541
488,9543
901,9543
7614,9543
1480,9544
196,9548
6142,9549
263,9551
8935,9551
471,9554
276,9555
2,9556
8188,9556
8822,9558
9329,9558
4306,9561
5170,9562
2095,9564
5002,9564
549,9565
9541,9566
6669,9570
4005,9572
236,9575
414,9575
5749,9575
3070,9576
3774,9576
2905,9579
1620,9580
8530,9580
8908,9580
6972,9583
6612,9584
44,9585
8580,9585
3759,9588
1849,9590
7383,9590
9399,9590
389,9592
1786,9593
2432,9594
48,9598
1657,9599
784,9601
1083,9601
3083,9601
8481,9601
265,9602
119,9604
7,9605
5866,9605
1443,9607
1273,9609
2790,9609
2809,9610
4365,9610
110,9611
415,9615
3469,9617
6048,9617
5819,9618
94,9619
154,9619
2710,9619
6415,9619
87,9620
4343,9621
6129,9622
141,9623
9391,9624
1089,9625
8898,9625
225,9626
406,9626
4928,9626
7429,9628
5109,9630
8700,9632
1745,9634
146,9636
3192,9637
2313,9638
7283,9638
7851,9639
8092,9639
6452,9640
6475,9640
0,9641
3097,9644
941,9645
8591,9645
169,9646
7705,9646
6061,9650
7271,9652
3939,9654
352,9655
3895,9655
8331,9655
7,9656
1907,9656
2098,9656
1445,9657
1120,9658
2453,9658
6303,9658
48,9659
886,9659
3194,9659
2200,9660
360,9662
11,9663
67,9663
4475,9667
461,9668
2114,9670
7134,9673
8,9674
332,9674
488,9678
639,9679
715,9679
8151,9679
339,9680
3330,9681
4203,9681
891,9683
5669,9684
6113,9685
270,9686
748,9688
2924,9688
5950,9688
1882,9691
6609,9692
3136,9693
15,9695
18,9695
1,9696
1675,9696
3954,9696
7927,9696
431,9698
7206,9698
4565,9699
1280,9700
2931,9700
4072,9702
6888,9702
2493,9704
8431,9704
9,9705
1723,9705
6088,9707
1537,9710
6322,9710
5,9711
6900,9711
817,9712
8261,9712
4312,9714
1470,9716
1240,9717
371,9720
435,9720
2330,9720
484,9724
2686,9725
3522,9726
5731,9726
2,9728
115,9730
9448,9731
4208,9732
6385,9734
7944,9734
1026,9735
4569,9738
3243,9740
4159,9740
1477,9741
209,9742
347,9742
1511,9743
4859,9743
8859,9743
365,9747
312,9749
7914,9750
217,9751
1888,9752
428,9753
3237,9753
6046,9756
633,9757
807,9757
4929,9757
707,9758
984,9758
9678,9759
541,9762
1464,9762
1030,9763
1723,9763
3402,9764
8300,9765
305,9767
6232,9767
1119,9768
7459,9768
3559,9769
7316,9769
6301,9771
54,9773
2919,9773
7257,9775
1715,9777
7887,9777
26,9778
4422,9778
16,9779
5853,9779
8902,9779
4,9780
3039,9781
5999,9781
7172,9782
418,9784
6564,9784
4702,9785
8956,9785
534,9787
1163,9787
216,9792
15,9794
4848,9794
4417,9795
735,9796
2482,9801
138,9802
953,9805
250,9807
3827,9809
4605,9809
1582,9810
90,9811
2682,9811
127,9812
2,9813
3933,9813
2019,9814
877,9815
1623,9815
818,9816
5423,9816
347,9818
4275,9819
4069,9821
3613,9822
2618,9823
1389,9824
887,9825
1500,9825
6991,9825
538,9826
2947,9827
5850,9828
5941,9830
6582,9831
8162,9831
2515,9833
6910,9833
687,9834
1829,9834
9093,9835
1,9836
54,9836
2617,9837
101,9838
4923,9838
2099,9842
2236,9842
6077,9843
5514,9844
1474,9845
167,9847
555,9848
5375,9849
389,9851
119,9852
3352,9853
1514,9854
1443,9855
4674,9858
9575,9859
109,9860
5717,9860
5486,9862
3515,9866
7356,9866
3989,9867
971,9869
8451,9869
9135,9870
31,9871
882,9871
5485,9871
575,9873
2912,9873
4800,9873
2095,9875
7981,9875
715,9876
5676,9876
779,9877
4748,9879
6075,9879
7281,9879
974,9880
530,9881
2,9882
1119,9882
9,9883
55,9885
920,9885
2932,9885
3086,9889
6160,9889
2477,9893
104,9894
5908,9894
2017,9897
4989,9897
6459,9897
1157,9901
7750,9901
9248,9901
6489,9902
2571,9903
5618,9903
6102,9903
6589,9904
8656,9904
3975,9906
9836,9906
3847,9908
502,9909
1465,9909
1847,9909
4570,9911
26,9913
1848,9913
1681,9914
2866,9914
8281,9916
164,9917
6331,9917
6949,9917
263,9919
1118,9923
7839,9923
274,9924
750,9924
2819,9924
7089,9924
4457,9925
5058,9926
20,9927
2119,9927
1339,9930
2894,9930
5668,9931
7784,9934
2115,9935
8731,9935
0,9937
20,9938
3132,9938
1048,9940
1382,9942
9400,9942
644,9943
8935,9944
418,9949
3014,9951
276,9953
8661,9953
6560,9955
6848,9955
7805,9955
314,9957
708,9960
6991,9960
274,9961
5676,9962
177,9963
5279,9967
4858,9969
3038,9971
164,9972
5523,9972
437,9973
1599,9973
4229,9973
1379,9975
3424,9975
8224,9979
1568,9980
2497,9980
131,9981
4497,9981
314,9983
2836,9991
3878,9991
27,9992
112,9992
7,9993
4559,9993
863,9994
7377,9994
2923,9995
6370,9995
7748,9995
7,9996
3389,9996
4497,9997
3329,9999
