0,1
0,2
0,3
0,4
0,5
3,5
4,5
0,6
6,7
0,8
0,11
0,12
0,13
6,13
3,14
6,16
5,18
0,21
0,22
14,23
1,25
2,28
6,28
28,30
14,31
2,32
6,32
0,35
3,35
5,35
6,35
2,36
6,36
6,39
22,39
3,41
16,41
2,43
13,49
35,51
3,52
35,52
4,53
6,53
35,53
41,53
5,54
49,54
6,55
0,56
11,56
0,58
2,58
11,59
3,64
49,66
3,67
2,68
53,68
54,69
16,73
13,74
11,75
0,76
3,76
6,76
4,77
21,77
0,78
14,78
55,78
0,79
16,79
43,80
28,81
0,82
22,83
11,84
13,86
16,86
0,87
5,88
3,90
0,91
25,92
41,93
0,94
54,95
1,96
3,96
5,98
2,99
25,100
13,101
28,101
6,102
6,104
25,104
78,104
49,105
75,106
0,107
2,107
6,107
80,107
16,108
2,109
86,109
36,110
96,111
28,112
0,118
0,120
0,121
3,122
95,125
76,126
105,129
5,130
43,130
76,131
107,131
0,133
104,133
2,134
2,135
28,135
54,137
66,138
126,139
16,140
101,140
53,142
0,143
5,144
6,144
13,144
16,148
2,149
2,150
104,150
95,151
91,153
1,154
3,154
0,155
16,155
68,155
0,156
1,156
13,157
83,157
91,157
6,158
92,163
2,164
0,165
28,165
4,166
67,166
109,167
76,168
0,169
75,169
6,172
139,172
5,173
125,174
79,175
173,175
16,176
2,178
43,179
139,181
100,182
81,183
130,183
13,184
77,184
13,185
2,186
68,186
2,188
59,188
106,188
130,188
16,190
28,191
86,192
157,192
22,193
188,193
191,194
104,197
169,197
16,200
2,201
91,202
43,204
5,205
28,205
105,206
0,209
107,209
5,210
144,211
16,213
0,215
49,216
0,218
54,219
35,221
25,222
148,223
0,226
156,226
172,227
13,229
53,230
0,231
186,231
11,232
6,233
169,233
2,234
11,235
96,237
188,237
6,238
130,239
86,241
91,242
35,243
54,243
179,244
53,245
36,246
0,247
13,247
6,248
107,249
156,250
49,252
6,253
6,254
36,254
2,255
172,257
35,259
0,261
6,261
158,262
2,266
174,267
106,269
3,270
188,270
0,271
41,271
77,271
30,273
255,273
3,274
184,275
54,276
6,277
49,277
120,277
183,277
237,278
0,279
188,279
16,280
41,280
101,280
191,281
28,284
91,284
18,285
155,285
22,287
1,288
218,288
130,289
277,290
0,293
6,294
16,294
91,294
233,294
6,295
16,295
144,295
155,296
107,299
130,300
205,300
81,301
277,301
28,303
6,304
0,306
245,306
277,307
254,308
227,310
5,311
13,311
5,312
155,314
223,314
66,315
150,316
294,316
153,317
49,319
11,321
257,321
109,322
139,322
91,323
139,323
131,324
197,327
271,327
3,329
233,331
307,332
66,333
1,334
16,334
6,335
130,335
2,337
284,339
16,342
14,343
32,344
284,344
3,345
5,346
192,347
18,349
252,350
16,351
270,351
55,352
209,352
1,353
139,353
16,355
16,356
250,358
167,360
295,360
77,361
144,363
280,363
13,364
168,364
2,365
172,365
294,365
347,365
2,366
237,367
35,369
238,369
55,370
227,370
156,371
319,372
0,373
156,374
321,374
3,375
233,375
59,377
0,379
3,379
75,380
86,381
154,381
104,383
2,384
16,385
3,386
367,388
227,389
3,392
13,392
2,395
381,396
4,398
155,398
193,399
16,401
371,402
140,403
311,404
6,406
130,406
233,406
0,407
6,408
76,408
4,409
300,410
28,411
360,415
6,416
186,416
301,416
350,416
406,416
0,418
122,419
36,420
315,420
150,421
154,421
227,421
35,424
6,429
28,429
273,429
76,431
183,431
197,431
274,431
3,433
294,433
0,436
41,438
104,439
16,440
133,440
192,440
259,440
416,440
380,441
2,443
101,447
68,450
54,451
16,453
163,453
13,454
91,457
156,458
5,459
308,459
153,460
353,461
3,462
261,462
333,463
2,464
294,464
0,467
365,468
16,469
75,470
78,471
155,472
267,472
321,472
404,472
155,473
2,474
232,474
55,475
458,477
323,478
122,479
150,479
144,481
327,485
402,485
5,487
68,488
331,489
2,490
77,490
273,491
18,495
86,495
53,498
165,498
274,499
190,500
485,500
188,501
157,502
270,502
157,505
431,505
388,507
2,508
458,510
2,511
41,511
247,511
28,512
384,513
66,515
300,517
13,520
81,520
0,523
5,523
150,523
294,526
5,527
16,527
267,528
334,528
188,529
77,531
439,531
300,533
2,534
290,535
2,536
98,536
471,536
188,538
125,542
458,542
35,543
83,543
317,543
0,545
188,545
4,548
227,548
315,548
104,549
157,550
534,550
76,551
16,553
254,553
16,554
126,554
139,554
384,554
347,556
200,557
0,558
150,561
431,563
130,564
6,566
227,567
371,567
527,567
133,568
54,569
172,571
194,571
454,571
104,572
253,573
331,577
66,578
436,579
2,581
321,582
334,582
205,584
0,585
4,587
2,588
192,588
2,589
32,589
155,590
300,590
3,592
36,593
270,594
303,595
367,595
0,596
54,596
262,596
558,598
439,600
155,601
365,602
105,603
577,603
237,604
573,604
13,605
590,605
6,607
18,607
4,608
245,609
306,609
491,610
5,611
6,612
2,613
0,614
28,614
443,614
0,616
610,617
398,618
360,619
16,621
3,623
443,624
543,626
66,627
183,627
155,628
54,631
462,633
2,634
300,636
543,637
2,639
6,639
221,639
280,641
0,642
344,642
1,643
301,643
347,643
321,644
487,646
0,648
13,648
267,652
350,653
5,654
534,654
3,655
53,657
512,659
155,660
628,663
16,664
106,664
327,664
406,664
13,667
86,668
287,668
200,672
227,673
634,673
188,674
324,675
16,676
148,677
250,678
96,679
6,680
369,683
155,684
2,685
98,685
201,685
3,686
16,687
130,687
3,689
16,690
0,691
6,694
561,695
447,698
1,699
157,699
144,701
447,702
6,703
77,703
639,703
14,706
11,707
0,708
595,709
687,709
699,709
2,710
155,712
365,712
548,713
5,715
277,715
301,715
68,717
148,718
478,720
144,721
416,721
0,723
106,723
205,723
226,723
125,724
409,726
3,731
91,731
237,733
331,733
54,734
227,734
11,735
18,735
485,736
2,738
83,741
156,743
323,744
451,749
453,749
371,750
140,753
107,756
227,756
191,757
150,761
201,761
613,762
83,763
31,764
154,766
139,768
53,771
77,771
418,771
54,772
227,772
86,774
155,774
227,774
470,774
416,775
3,778
431,778
75,779
416,779
14,781
16,784
35,784
6,785
453,786
0,790
6,790
231,791
528,791
148,794
11,796
443,796
0,797
227,798
288,798
531,799
550,799
200,802
685,802
2,803
73,805
16,807
91,807
721,808
301,809
53,810
238,810
553,813
365,814
528,814
581,814
87,816
713,816
3,817
321,817
76,818
369,818
491,818
691,819
323,824
439,826
16,828
694,828
13,829
83,829
548,829
818,832
756,833
616,835
691,835
78,836
491,836
5,837
209,837
301,837
616,837
139,838
639,838
35,839
548,839
11,840
94,840
197,841
231,844
246,844
252,844
0,845
109,846
250,850
321,851
200,852
410,852
13,853
0,856
91,856
118,856
0,857
2,857
269,858
321,860
406,860
153,861
527,861
545,861
0,862
86,864
16,865
300,866
107,868
431,868
550,869
648,869
674,870
778,870
131,872
36,873
395,873
6,875
342,875
83,876
209,876
724,876
4,877
28,877
183,877
0,878
381,878
642,878
828,878
253,879
293,879
369,880
28,881
451,884
5,885
252,885
398,885
828,886
277,887
2,888
572,889
628,889
0,890
6,890
54,890
188,890
672,890
294,893
43,894
75,895
844,895
374,896
0,902
818,902
6,903
548,903
844,903
549,905
87,906
367,906
287,907
2,908
458,910
1,913
407,913
218,915
523,916
664,916
104,917
192,917
28,921
474,921
294,924
360,925
500,925
816,927
76,934
226,934
277,936
200,937
624,937
323,943
470,944
0,947
168,947
375,947
512,948
188,949
150,950
513,950
902,951
245,952
548,952
254,953
317,953
197,954
16,955
250,955
624,956
0,957
709,958
250,959
30,960
548,960
41,962
94,965
485,965
718,966
252,967
967,970
157,971
809,973
644,974
644,975
0,976
193,976
227,976
975,976
470,979
6,981
104,983
868,986
255,988
233,990
856,990
104,991
54,992
687,993
844,993
16,994
294,995
3,1000
548,1001
28,1004
809,1005
878,1005
857,1006
369,1009
277,1011
603,1011
567,1013
915,1013
259,1014
2,1015
88,1015
230,1015
512,1015
86,1016
709,1016
4,1017
133,1017
3,1018
76,1021
202,1022
172,1023
5,1024
668,1024
616,1026
91,1027
201,1027
6,1034
718,1034
0,1035
197,1038
150,1039
589,1040
687,1041
0,1044
324,1044
142,1045
277,1045
802,1046
107,1047
936,1048
0,1050
122,1050
275,1052
352,1052
1045,1052
106,1055
407,1055
955,1055
0,1059
154,1059
55,1061
735,1062
0,1063
0,1064
243,1066
13,1068
294,1068
289,1069
388,1069
59,1070
96,1072
76,1073
92,1073
237,1073
261,1073
377,1073
0,1074
721,1074
49,1076
505,1076
548,1080
300,1081
406,1082
79,1084
721,1084
418,1089
41,1090
643,1091
197,1093
890,1093
13,1095
277,1095
646,1095
837,1096
818,1098
54,1099
156,1100
227,1100
489,1100
308,1103
595,1103
154,1104
323,1104
498,1104
153,1106
703,1106
868,1107
175,1108
643,1108
2,1109
4,1109
991,1109
222,1110
517,1110
406,1111
501,1111
735,1112
35,1113
637,1113
130,1116
77,1117
6,1120
404,1121
0,1122
68,1125
639,1125
16,1126
274,1126
130,1127
273,1127
334,1127
250,1128
139,1129
550,1129
1082,1130
13,1131
817,1131
1111,1131
86,1133
130,1133
133,1134
582,1134
157,1137
289,1137
439,1137
677,1137
168,1139
346,1139
470,1139
35,1142
274,1143
389,1143
852,1145
178,1146
447,1146
1139,1146
28,1147
1,1148
324,1149
844,1150
150,1151
4,1152
819,1153
16,1155
3,1158
384,1158
227,1159
49,1160
66,1160
140,1160
204,1160
1095,1161
209,1163
495,1163
613,1163
1146,1164
229,1165
245,1165
734,1166
28,1167
76,1168
323,1168
367,1168
1163,1168
398,1170
3,1171
553,1178
1017,1178
109,1179
81,1182
67,1183
774,1183
819,1183
301,1184
772,1185
962,1185
778,1187
279,1189
53,1190
1018,1190
360,1191
691,1191
66,1192
1098,1193
172,1194
201,1196
1041,1197
16,1200
209,1201
406,1201
1160,1203
858,1204
206,1205
16,1207
168,1207
323,1208
548,1208
130,1209
0,1211
517,1212
144,1213
0,1214
2,1217
548,1217
16,1218
155,1219
3,1220
294,1221
526,1221
28,1223
774,1223
588,1224
687,1224
16,1225
175,1225
54,1227
54,1228
133,1228
384,1228
277,1229
14,1230
358,1230
16,1232
188,1233
458,1233
1207,1233
28,1235
68,1235
590,1235
828,1235
344,1236
191,1238
664,1238
301,1239
172,1240
109,1241
5,1243
441,1244
763,1245
590,1246
130,1247
35,1248
226,1248
856,1248
0,1249
1091,1249
54,1250
300,1250
1121,1250
872,1252
709,1253
1,1254
14,1254
68,1254
93,1255
75,1256
0,1257
156,1257
965,1257
1249,1260
424,1261
2,1262
461,1262
1005,1262
3,1264
273,1266
467,1266
1249,1267
344,1268
950,1268
2,1269
4,1270
1052,1270
143,1271
106,1272
206,1273
125,1274
981,1277
723,1278
179,1279
259,1280
558,1283
13,1284
76,1284
254,1284
1164,1285
6,1286
717,1287
1153,1288
76,1290
334,1294
598,1294
155,1295
310,1295
1161,1295
3,1296
960,1298
1041,1298
406,1302
165,1304
204,1305
54,1306
817,1306
611,1308
1296,1308
557,1309
28,1310
1126,1311
895,1312
288,1315
832,1315
193,1317
332,1317
810,1318
172,1319
5,1320
416,1321
11,1322
18,1322
347,1322
323,1325
439,1325
1155,1325
86,1326
75,1327
1091,1328
13,1330
41,1331
2,1332
81,1333
1295,1333
300,1335
431,1336
324,1338
1160,1339
32,1345
285,1347
1221,1347
172,1348
323,1348
16,1352
709,1352
92,1353
550,1353
0,1355
172,1355
1068,1355
54,1357
668,1358
1287,1358
16,1359
557,1362
550,1367
706,1368
818,1370
553,1371
447,1373
276,1374
1257,1374
803,1375
333,1378
1214,1379
301,1380
440,1380
735,1382
1257,1384
188,1385
2,1388
381,1389
813,1390
1109,1390
699,1392
1121,1392
150,1393
878,1393
1217,1393
1182,1394
721,1395
14,1396
1322,1400
474,1401
392,1402
399,1404
861,1404
1,1405
416,1405
1113,1405
917,1406
35,1407
1038,1408
735,1410
150,1412
296,1412
6,1413
573,1413
1127,1413
41,1415
193,1419
156,1420
453,1424
936,1424
723,1425
885,1425
0,1426
699,1427
724,1428
608,1429
809,1429
144,1430
109,1431
1261,1434
890,1435
818,1436
531,1438
1160,1439
807,1441
1185,1441
2,1442
76,1442
78,1443
323,1443
6,1444
1163,1444
6,1447
321,1447
495,1447
536,1447
664,1447
101,1448
1424,1448
1,1451
54,1452
360,1453
347,1454
838,1454
1155,1456
0,1457
79,1457
342,1457
1228,1457
295,1458
129,1459
383,1459
458,1460
227,1461
310,1463
818,1465
227,1469
431,1469
381,1470
75,1472
470,1473
1017,1473
1355,1473
1146,1474
76,1475
1160,1475
6,1476
342,1477
401,1477
852,1477
673,1478
2,1480
133,1481
86,1483
192,1484
0,1485
182,1486
261,1486
1211,1487
1068,1488
78,1491
209,1492
1095,1493
130,1495
551,1496
1,1498
91,1498
192,1498
28,1500
288,1502
462,1503
1093,1503
473,1505
1034,1505
194,1506
28,1507
183,1507
749,1508
30,1510
221,1510
1419,1510
315,1511
1469,1511
324,1514
616,1514
499,1515
16,1516
25,1516
6,1517
68,1517
273,1518
280,1519
1330,1520
556,1522
1021,1522
462,1524
142,1526
762,1527
192,1529
274,1529
421,1529
3,1530
1230,1531
1005,1533
1111,1534
1522,1534
0,1537
2,1541
273,1541
1529,1541
148,1542
431,1542
1262,1542
1295,1543
1362,1543
1148,1544
197,1545
1348,1546
1183,1547
861,1550
16,1551
79,1551
105,1552
28,1553
548,1553
1396,1554
699,1555
323,1556
550,1556
841,1557
6,1558
687,1559
231,1560
890,1564
470,1565
813,1565
0,1566
41,1566
168,1566
6,1567
1439,1567
269,1568
1249,1568
13,1569
1439,1569
5,1570
104,1570
41,1571
253,1573
416,1573
374,1575
572,1576
421,1579
35,1582
167,1583
488,1583
11,1586
169,1587
590,1588
1249,1588
471,1590
243,1592
1404,1592
1319,1593
1073,1594
694,1596
750,1596
134,1597
1223,1598
885,1599
245,1600
498,1600
59,1601
1529,1601
18,1606
936,1606
332,1607
255,1608
424,1609
218,1611
431,1612
459,1612
7,1613
94,1613
80,1615
558,1615
183,1616
513,1616
6,1617
300,1617
76,1623
1227,1623
1268,1623
295,1624
188,1626
269,1626
679,1627
1217,1628
1284,1631
342,1633
485,1633
32,1634
285,1634
54,1638
76,1638
868,1638
840,1639
55,1641
227,1648
1447,1650
35,1652
1315,1652
523,1656
3,1659
323,1660
607,1660
431,1661
459,1662
837,1662
13,1663
76,1664
200,1665
1565,1665
16,1666
741,1666
664,1668
953,1670
197,1671
410,1671
1331,1671
104,1672
868,1673
603,1674
1143,1674
1137,1675
16,1676
1496,1679
431,1681
572,1682
852,1682
528,1683
1320,1684
86,1686
200,1686
1413,1686
266,1687
6,1688
440,1688
23,1690
895,1690
253,1691
1652,1691
91,1692
527,1692
879,1692
1511,1692
0,1693
155,1694
205,1697
23,1700
1519,1700
6,1701
16,1701
1153,1704
1005,1705
1519,1705
52,1706
344,1708
68,1709
295,1709
813,1709
192,1710
36,1711
104,1711
772,1711
1223,1711
150,1712
284,1712
1415,1713
1230,1714
1355,1714
1384,1715
458,1716
1454,1718
1068,1720
1333,1720
55,1723
1556,1723
6,1724
16,1725
852,1725
517,1726
1694,1729
79,1730
81,1731
778,1734
25,1736
454,1736
1439,1736
201,1737
613,1737
360,1738
554,1739
459,1740
2,1742
691,1742
0,1744
454,1746
109,1748
54,1749
3,1750
1330,1750
172,1754
699,1754
344,1755
3,1756
193,1757
721,1757
905,1757
364,1758
247,1760
927,1760
1038,1763
1082,1764
154,1765
0,1766
1192,1767
8,1768
1325,1769
2,1772
54,1772
447,1773
761,1774
835,1774
243,1775
1402,1776
1100,1777
1529,1777
1683,1780
865,1781
431,1782
655,1782
1444,1783
356,1784
557,1784
1128,1784
735,1785
5,1786
109,1787
148,1787
49,1788
11,1789
975,1793
91,1794
712,1794
990,1794
1533,1795
1318,1796
2,1797
451,1797
274,1799
3,1800
75,1800
76,1800
55,1804
844,1805
310,1806
6,1808
1148,1809
11,1810
155,1810
531,1810
1249,1811
269,1815
1607,1817
204,1818
96,1819
1146,1820
1524,1820
549,1822
724,1822
3,1824
384,1824
1284,1824
125,1825
1185,1826
205,1829
32,1833
398,1833
6,1834
818,1834
1662,1835
153,1836
11,1838
75,1838
360,1838
633,1838
363,1839
691,1842
1333,1845
237,1847
68,1848
153,1848
245,1848
1615,1849
1810,1849
131,1850
1001,1850
1382,1850
275,1851
1711,1851
135,1852
829,1852
36,1853
0,1855
1691,1855
424,1856
54,1857
845,1857
323,1858
401,1858
6,1861
277,1861
699,1861
129,1862
322,1862
668,1862
406,1863
1413,1865
227,1867
227,1869
2,1876
94,1877
5,1878
122,1878
756,1878
1126,1878
1129,1878
1809,1878
3,1880
993,1880
1769,1880
13,1882
101,1882
840,1882
856,1882
66,1884
25,1886
288,1889
548,1889
2,1890
197,1890
0,1891
528,1891
3,1893
784,1893
35,1894
0,1895
1503,1895
130,1896
156,1896
219,1896
1547,1896
2,1897
590,1897
851,1897
28,1898
548,1898
809,1899
28,1900
294,1900
2,1901
91,1901
1543,1901
16,1902
267,1902
301,1902
779,1902
109,1905
0,1907
943,1907
1358,1907
6,1909
247,1910
856,1910
489,1911
527,1911
1784,1912
237,1913
429,1913
643,1913
1834,1915
1565,1916
0,1917
344,1919
92,1920
353,1920
981,1921
75,1922
250,1924
367,1924
16,1925
429,1926
6,1927
125,1927
1662,1929
91,1930
105,1930
121,1930
237,1932
295,1932
28,1933
1001,1933
1024,1937
934,1938
1541,1938
130,1939
590,1939
1711,1939
144,1940
895,1940
23,1942
88,1943
139,1943
54,1946
1852,1949
245,1950
1876,1953
14,1954
1899,1954
16,1955
1221,1956
1598,1956
1684,1956
2,1958
407,1960
342,1962
206,1965
266,1965
687,1965
107,1966
193,1967
913,1968
485,1970
1021,1971
1243,1971
1730,1971
16,1972
53,1972
1424,1972
1427,1972
206,1976
3,1977
557,1977
1652,1978
0,1980
54,1981
712,1982
890,1983
181,1984
639,1984
1895,1985
1229,1986
1453,1986
472,1988
691,1988
554,1990
227,1991
367,1991
453,1991
1583,1991
188,1993
1320,1993
1852,1993
344,2000
2,2001
6,2001
1262,2004
1500,2004
1541,2004
293,2005
1194,2005
1239,2005
416,2007
105,2009
1277,2009
322,2011
28,2013
344,2013
2,2014
106,2017
1108,2017
375,2019
1869,2021
74,2023
294,2023
1740,2023
155,2025
1021,2025
1457,2025
1617,2028
197,2029
274,2029
1927,2031
82,2035
39,2036
1884,2036
488,2037
295,2039
12,2041
810,2041
1990,2041
54,2042
106,2044
1985,2044
1519,2045
218,2047
200,2048
1168,2048
1895,2048
557,2049
1534,2049
1461,2051
1100,2053
1122,2053
1690,2053
1901,2055
28,2058
307,2058
138,2060
238,2061
0,2062
13,2062
32,2062
300,2062
1121,2068
2036,2068
31,2071
167,2071
1716,2071
1147,2072
0,2073
543,2073
3,2074
0,2076
28,2078
193,2078
321,2078
421,2078
1714,2079
1810,2079
2062,2079
588,2081
641,2082
971,2083
836,2084
1095,2084
1920,2084
1473,2085
201,2086
2029,2086
371,2087
3,2088
550,2088
345,2089
107,2091
344,2091
510,2092
2,2093
197,2093
6,2094
323,2094
1093,2095
154,2096
14,2097
125,2098
165,2098
639,2099
709,2099
16,2100
536,2100
1786,2103
851,2104
6,2105
133,2106
273,2106
673,2106
1034,2106
1755,2107
18,2108
190,2108
269,2112
18,2113
76,2113
979,2113
156,2114
1139,2114
3,2115
763,2117
1693,2117
110,2119
331,2120
715,2121
416,2123
1565,2124
1569,2124
517,2127
1895,2127
0,2128
885,2130
172,2131
1977,2131
440,2132
1836,2134
609,2136
2,2137
1021,2137
1168,2137
86,2138
470,2139
463,2140
857,2140
1288,2142
1438,2142
2131,2142
49,2143
573,2144
663,2144
28,2145
118,2145
1345,2146
485,2149
1130,2149
1500,2149
1296,2150
54,2151
1718,2152
877,2155
154,2158
1652,2161
498,2163
613,2163
294,2165
1126,2166
491,2167
1641,2169
28,2170
1510,2170
1163,2171
209,2172
489,2172
2029,2172
3,2175
527,2176
934,2176
1158,2178
2,2179
1405,2181
321,2182
1257,2183
1896,2183
55,2185
872,2185
1487,2185
93,2187
188,2187
2,2190
1529,2191
150,2194
464,2196
498,2198
857,2199
14,2200
991,2200
13,2201
567,2202
1666,2203
1800,2203
6,2204
16,2204
6,2205
1784,2205
858,2207
41,2208
1015,2208
1277,2208
1139,2209
1971,2209
832,2212
55,2213
2208,2214
237,2215
1333,2217
813,2218
1662,2218
334,2219
2185,2219
25,2220
68,2220
0,2221
16,2223
323,2223
1273,2223
0,2224
79,2224
868,2225
1425,2226
818,2228
237,2230
257,2230
6,2231
794,2233
1742,2233
143,2237
865,2237
1579,2237
1652,2237
1652,2239
259,2240
319,2240
817,2242
687,2244
1946,2244
323,2245
227,2247
880,2247
188,2249
526,2250
709,2251
1559,2251
0,2252
16,2252
1424,2254
54,2255
347,2255
3,2256
16,2259
78,2259
578,2261
1059,2262
188,2263
1017,2263
1104,2264
1882,2264
157,2265
0,2266
0,2267
2,2267
91,2267
188,2267
197,2268
254,2268
750,2268
106,2270
11,2271
206,2272
624,2272
2088,2272
1168,2274
209,2275
545,2275
709,2275
323,2277
142,2278
254,2279
59,2280
287,2280
2270,2280
201,2281
3,2284
416,2285
205,2286
943,2286
6,2287
1221,2287
193,2288
321,2288
16,2290
508,2291
267,2292
1113,2294
4,2296
175,2297
523,2298
616,2298
699,2298
1565,2299
79,2300
753,2300
1109,2301
1095,2302
104,2303
1257,2303
1686,2303
100,2305
845,2307
1457,2307
334,2308
523,2308
621,2308
2136,2310
4,2312
1146,2312
1493,2312
1990,2312
1413,2313
1861,2314
1811,2316
572,2317
1,2318
1784,2321
1692,2322
233,2323
439,2324
16,2325
6,2326
1857,2326
1131,2327
2036,2327
0,2328
86,2328
416,2328
1273,2328
1353,2330
172,2331
1810,2331
154,2332
88,2333
467,2334
750,2336
22,2340
77,2341
28,2344
639,2347
301,2348
913,2351
107,2353
726,2353
2328,2355
1495,2356
1972,2356
35,2358
1902,2358
118,2359
1554,2360
16,2361
1579,2361
361,2363
109,2364
937,2364
257,2365
360,2367
1836,2367
1475,2368
139,2369
431,2374
762,2374
1800,2375
1347,2377
550,2378
1100,2378
1217,2378
750,2380
1163,2380
2287,2380
371,2381
2223,2381
879,2382
41,2384
1111,2384
1257,2384
1321,2385
1861,2386
0,2387
424,2387
383,2389
76,2390
573,2390
1775,2390
1246,2391
1245,2392
1358,2393
2378,2393
244,2394
735,2394
41,2395
105,2395
2326,2395
1331,2397
5,2398
1551,2399
139,2400
188,2402
0,2405
197,2409
1098,2409
2055,2409
133,2411
35,2412
77,2412
3,2413
416,2413
2255,2413
2374,2413
1475,2414
1103,2417
5,2418
1447,2418
192,2419
406,2419
185,2420
536,2421
1207,2421
1355,2421
245,2423
1113,2423
301,2424
169,2426
1294,2426
501,2427
709,2428
300,2429
1017,2429
1424,2430
735,2431
1126,2433
109,2436
1990,2436
222,2437
1137,2439
2,2440
0,2442
3,2443
447,2443
890,2444
1920,2445
139,2446
331,2446
1457,2446
360,2449
2220,2449
512,2450
68,2451
703,2451
271,2452
2327,2453
130,2456
657,2458
1161,2459
2204,2459
28,2460
571,2460
1740,2460
895,2461
2413,2462
347,2463
589,2464
809,2465
1009,2465
81,2466
1556,2467
1425,2468
0,2469
16,2470
536,2470
347,2472
1511,2474
967,2475
2,2477
233,2478
218,2479
1274,2480
1511,2481
1683,2481
1345,2482
321,2484
735,2484
2,2486
587,2486
652,2486
851,2486
257,2488
155,2490
188,2490
316,2490
571,2490
1254,2491
598,2493
753,2493
1317,2493
589,2494
1461,2496
431,2497
193,2498
1671,2498
16,2499
139,2499
323,2500
192,2501
2106,2502
25,2503
201,2505
2374,2506
6,2507
2390,2510
813,2513
306,2515
735,2515
331,2516
2421,2518
517,2522
0,2525
6,2525
1530,2525
548,2528
211,2529
1091,2529
1848,2529
1207,2531
796,2532
2460,2532
53,2535
2011,2536
16,2540
210,2540
548,2542
334,2543
380,2544
1529,2548
993,2551
1895,2551
122,2552
451,2552
6,2553
1662,2553
6,2556
554,2557
639,2557
1848,2559
655,2561
2556,2562
1274,2563
1074,2564
1662,2565
2209,2566
828,2568
1407,2568
16,2569
281,2569
54,2571
54,2572
2291,2575
1444,2576
68,2577
144,2577
706,2579
1659,2579
2,2580
130,2580
1800,2581
2419,2582
1325,2584
2,2586
16,2586
588,2586
1306,2586
294,2587
2278,2589
112,2590
1911,2591
0,2593
816,2593
1146,2593
1415,2593
2209,2593
2247,2594
25,2595
109,2595
481,2595
2312,2596
58,2598
93,2599
1810,2599
130,2600
295,2600
416,2600
840,2602
500,2605
374,2606
1238,2607
227,2608
2586,2610
2,2611
1111,2612
148,2614
429,2614
12,2618
133,2618
279,2619
735,2619
416,2620
470,2621
0,2623
49,2624
1693,2624
1284,2627
2506,2630
548,2633
140,2634
579,2635
360,2636
188,2637
1809,2640
2,2642
197,2642
440,2644
548,2645
1529,2645
23,2646
5,2647
30,2648
2510,2649
1233,2651
4,2652
79,2652
227,2652
1457,2652
463,2653
857,2655
2117,2655
107,2657
4,2658
49,2659
868,2660
0,2661
54,2661
1516,2663
1891,2663
252,2665
548,2665
1046,2665
2551,2666
2145,2667
39,2670
857,2670
28,2671
1444,2672
107,2673
566,2675
1317,2678
1819,2678
2325,2678
165,2682
542,2683
28,2684
1098,2684
277,2687
398,2688
347,2689
463,2689
95,2692
1073,2692
712,2694
227,2696
3,2697
624,2697
786,2697
11,2700
454,2701
2044,2701
1448,2706
2439,2708
35,2709
596,2709
130,2710
895,2711
68,2712
104,2713
778,2715
2267,2715
860,2716
500,2717
140,2718
500,2722
294,2723
279,2726
1439,2726
2078,2727
73,2728
1559,2730
470,2731
306,2733
652,2733
2481,2733
410,2734
66,2735
571,2738
295,2739
1009,2739
271,2740
436,2740
182,2742
334,2742
579,2742
28,2744
190,2744
1566,2744
1419,2746
2445,2747
548,2749
193,2750
28,2753
1041,2753
2019,2754
2205,2754
51,2755
1880,2755
2637,2757
1913,2759
395,2760
197,2761
300,2761
947,2764
1688,2764
1912,2767
69,2768
887,2770
79,2772
447,2772
1358,2774
1915,2774
2701,2774
637,2775
786,2778
1565,2779
144,2780
81,2783
2284,2784
16,2785
1818,2785
2697,2786
303,2789
572,2790
1808,2790
527,2791
2074,2793
2172,2793
22,2794
1331,2794
2488,2795
1000,2796
1688,2797
23,2798
1742,2799
438,2801
1461,2802
1767,2802
321,2803
1318,2803
2296,2803
190,2808
642,2808
853,2808
92,2809
1950,2809
2325,2810
1829,2811
2255,2811
818,2812
104,2814
178,2814
1740,2814
1110,2816
2271,2816
1322,2818
227,2819
1448,2821
16,2822
157,2823
1284,2824
35,2828
371,2828
1160,2829
566,2830
157,2831
505,2831
1913,2836
2172,2839
2185,2839
1,2840
130,2840
300,2840
1672,2840
474,2841
481,2841
590,2842
1993,2842
49,2847
237,2847
416,2847
453,2847
16,2848
92,2850
1269,2853
2841,2854
1857,2855
786,2857
673,2858
1393,2861
1857,2862
334,2863
479,2863
163,2866
16,2868
1130,2869
1318,2869
2726,2869
1150,2870
1665,2870
683,2872
1125,2872
2092,2872
395,2874
1895,2874
1378,2876
193,2877
1146,2877
1601,2877
1009,2878
138,2879
1983,2879
1714,2880
0,2881
16,2881
371,2881
0,2882
253,2883
0,2884
2744,2884
245,2887
1447,2888
59,2890
2619,2892
872,2894
2279,2894
211,2895
165,2896
979,2898
2181,2898
144,2899
2426,2899
16,2901
327,2901
545,2902
28,2903
91,2904
2281,2904
1121,2905
505,2907
2308,2908
255,2909
713,2909
976,2909
86,2912
856,2912
150,2916
1249,2917
295,2919
2103,2919
835,2920
4,2921
227,2924
371,2925
395,2925
2568,2926
756,2927
98,2929
1168,2929
2429,2929
14,2932
76,2933
345,2934
828,2934
1754,2934
0,2935
188,2935
18,2936
464,2936
1545,2937
91,2938
41,2939
1022,2939
936,2940
1811,2940
2557,2940
2934,2941
237,2942
1266,2942
1457,2943
14,2944
133,2944
1543,2946
1322,2947
197,2948
2312,2948
416,2949
1167,2949
201,2950
168,2953
319,2953
2170,2953
321,2954
49,2955
1774,2955
1990,2956
384,2957
1718,2957
324,2958
637,2958
53,2959
142,2959
1320,2960
174,2961
573,2962
2359,2964
2563,2964
16,2965
16,2966
76,2966
2308,2971
1294,2973
488,2974
360,2976
1592,2977
209,2978
1565,2978
2551,2978
0,2979
273,2979
673,2983
188,2984
2297,2984
2633,2985
886,2986
16,2988
315,2995
1652,2995
2726,2997
1734,2998
360,3000
1559,3000
6,3001
971,3001
1204,3001
410,3003
232,3005
2525,3005
77,3006
1015,3008
399,3010
2496,3013
68,3014
784,3017
5,3018
1100,3018
144,3019
772,3019
1459,3020
1774,3020
2757,3020
1639,3022
2531,3025
1930,3026
2099,3026
548,3027
965,3030
1896,3030
2327,3032
4,3036
32,3036
517,3036
1160,3036
1284,3036
676,3037
1017,3037
87,3038
16,3040
1018,3040
1984,3041
2877,3043
319,3044
581,3044
1261,3044
701,3045
1273,3048
1852,3052
498,3053
818,3053
1692,3053
2697,3056
1769,3057
893,3058
1714,3058
11,3059
1769,3059
0,3062
269,3062
840,3063
1898,3063
3,3064
2347,3064
209,3065
2499,3065
2713,3066
2,3067
379,3068
1213,3068
192,3069
2045,3069
13,3071
367,3071
2958,3071
420,3072
1939,3072
0,3074
1977,3075
0,3076
91,3076
1294,3076
664,3077
301,3079
572,3080
86,3082
1972,3082
1294,3083
2413,3083
181,3084
512,3085
271,3086
1161,3088
2493,3088
91,3089
32,3090
2106,3092
5,3093
3,3094
1294,3094
2593,3094
43,3095
520,3095
1972,3095
869,3097
1126,3097
75,3099
1295,3099
22,3100
91,3100
1988,3102
381,3103
82,3104
1569,3104
2286,3107
2548,3107
1233,3108
786,3109
2,3110
1714,3110
90,3111
53,3112
501,3113
1306,3113
857,3114
1233,3115
2446,3116
3077,3116
637,3117
130,3118
1665,3118
734,3119
1228,3120
731,3123
2755,3125
485,3126
335,3127
1107,3127
3018,3127
1993,3128
0,3131
191,3134
1447,3134
16,3135
185,3135
1760,3135
2510,3135
157,3136
910,3137
1568,3139
2359,3139
2580,3139
75,3140
698,3141
550,3143
1353,3144
548,3146
678,3146
16,3147
0,3149
395,3149
14,3151
2451,3151
2882,3151
2062,3154
1106,3155
1623,3159
1724,3159
2884,3159
253,3162
840,3164
1109,3166
28,3170
364,3171
2445,3171
527,3173
568,3173
2727,3173
2181,3175
277,3176
527,3178
1895,3178
2312,3178
1050,3179
2166,3181
96,3182
1608,3182
53,3183
43,3184
584,3184
1688,3184
122,3185
167,3185
245,3185
14,3186
1692,3186
2303,3186
2841,3186
1325,3187
231,3188
301,3188
536,3188
77,3189
355,3189
454,3189
2568,3189
226,3190
947,3190
144,3191
937,3193
1956,3193
324,3195
1168,3195
1260,3195
190,3198
2427,3200
0,3201
895,3203
2023,3205
255,3206
14,3207
2161,3207
2231,3208
723,3209
1171,3209
96,3210
590,3210
1836,3210
120,3214
78,3215
143,3217
168,3217
590,3217
699,3217
1444,3217
122,3218
639,3219
1672,3219
1815,3219
1896,3219
168,3220
965,3220
14,3221
2451,3221
321,3222
2209,3222
1988,3224
548,3225
856,3227
1205,3227
1617,3229
192,3230
628,3230
2429,3231
515,3232
3139,3232
4,3233
255,3233
1972,3233
2635,3233
1857,3235
0,3236
835,3237
1111,3237
1757,3239
1857,3239
197,3240
78,3241
269,3244
721,3244
0,3245
1833,3251
814,3252
2712,3253
1756,3254
2738,3255
43,3257
222,3258
2333,3259
708,3262
1545,3264
2590,3264
1074,3265
2665,3265
1672,3267
165,3268
744,3268
2984,3268
31,3270
2115,3270
1149,3271
1982,3272
2414,3273
197,3274
247,3274
321,3275
431,3277
32,3278
2,3281
2161,3281
110,3285
1404,3285
500,3286
639,3286
2254,3286
1000,3287
1163,3287
1457,3289
3084,3289
1896,3290
2979,3290
778,3292
125,3293
0,3294
749,3294
2,3295
913,3295
1121,3296
2028,3296
735,3297
1133,3298
193,3299
193,3301
2755,3301
415,3303
2380,3303
78,3304
364,3306
2877,3307
3053,3307
2130,3308
2,3309
16,3309
1178,3310
76,3312
0,3313
1296,3313
1939,3313
2947,3313
182,3314
3,3315
1652,3315
36,3316
2113,3316
255,3318
294,3318
781,3319
2411,3319
2863,3319
3094,3319
1596,3320
604,3322
2971,3322
1163,3323
2266,3324
2451,3326
2715,3327
53,3328
0,3329
233,3332
54,3333
16,3339
3151,3339
274,3342
110,3343
75,3345
2973,3345
375,3348
856,3348
1626,3348
0,3350
82,3350
517,3350
280,3351
664,3353
35,3356
1155,3356
1631,3356
319,3364
188,3365
549,3365
2185,3366
2341,3366
0,3367
255,3369
1784,3369
2384,3370
1257,3371
2387,3371
976,3373
1131,3373
1795,3373
502,3375
870,3376
889,3376
439,3377
83,3379
829,3379
1529,3380
3,3381
11,3381
1862,3382
1896,3382
49,3385
3067,3387
1784,3390
3188,3390
818,3391
2587,3392
174,3393
0,3394
1152,3394
342,3395
851,3396
301,3397
735,3400
13,3401
2,3403
3,3404
1243,3404
861,3405
965,3406
1448,3406
201,3407
1694,3408
1318,3409
990,3410
1809,3410
778,3411
2078,3411
2598,3411
2948,3411
150,3412
188,3412
1985,3413
3227,3413
2581,3415
2960,3415
1257,3417
211,3418
59,3420
197,3420
566,3420
734,3421
1439,3422
1517,3422
319,3424
1100,3427
3411,3427
287,3429
96,3430
604,3430
538,3431
2429,3431
470,3432
778,3432
1016,3432
384,3433
1009,3433
3048,3433
131,3436
300,3437
74,3440
125,3441
962,3445
2288,3445
2761,3446
271,3447
869,3447
2209,3447
2042,3450
227,3451
2209,3454
1158,3455
1756,3455
133,3457
375,3459
243,3460
247,3463
439,3468
1972,3469
28,3470
603,3470
2312,3470
301,3472
1768,3472
22,3473
188,3475
2557,3475
637,3476
197,3477
1024,3477
53,3478
3019,3478
3185,3478
93,3479
3322,3480
197,3481
1519,3482
334,3483
1405,3483
361,3484
962,3484
613,3486
1808,3486
953,3487
2738,3487
1534,3488
13,3489
168,3489
374,3489
687,3489
699,3489
190,3490
237,3491
1126,3491
1457,3492
2551,3492
381,3493
2017,3493
96,3495
1155,3495
6,3496
11,3496
16,3496
879,3496
16,3498
2636,3499
156,3500
11,3503
68,3504
499,3505
53,3508
133,3508
144,3508
1569,3508
323,3510
2433,3510
125,3512
100,3513
2106,3513
3079,3515
0,3516
252,3516
2430,3516
210,3518
323,3518
960,3520
1320,3520
2185,3520
35,3521
54,3521
2761,3521
5,3524
92,3524
2535,3525
481,3526
3,3530
2,3531
3353,3531
28,3533
3056,3533
188,3534
3343,3534
2005,3535
104,3537
193,3538
1867,3538
16,3539
11,3541
884,3545
1736,3546
2754,3546
557,3549
1473,3549
1720,3549
2429,3550
43,3551
1474,3552
2041,3554
2965,3554
954,3555
399,3556
1152,3556
1424,3559
28,3560
2328,3560
2709,3561
733,3564
36,3565
2599,3566
6,3567
1321,3567
130,3568
342,3568
200,3569
300,3570
1933,3570
2036,3570
137,3571
237,3573
1686,3574
30,3576
3058,3576
367,3577
395,3578
3264,3578
3089,3579
1013,3580
1569,3580
6,3582
371,3582
2482,3582
685,3583
545,3584
674,3584
2145,3584
381,3585
589,3585
663,3586
2115,3587
1725,3590
2324,3590
358,3591
360,3591
2092,3591
49,3593
3411,3597
1,3598
424,3598
1569,3598
1946,3599
440,3600
1688,3600
13,3601
1044,3602
1850,3603
28,3604
3365,3605
558,3607
2939,3607
1260,3608
1333,3608
2419,3609
3179,3609
2,3610
13,3611
118,3611
335,3611
0,3614
122,3615
2755,3616
499,3619
3561,3620
416,3621
542,3621
3,3623
197,3623
735,3625
890,3625
13,3626
1601,3626
2823,3626
43,3629
683,3629
778,3630
294,3631
2203,3631
1971,3633
723,3634
250,3636
0,3637
294,3637
558,3640
2749,3640
852,3641
937,3642
1137,3642
35,3645
106,3647
1333,3647
150,3648
890,3648
1594,3648
706,3649
347,3650
112,3651
2255,3651
95,3652
550,3652
3062,3652
723,3654
2607,3656
3209,3656
56,3657
92,3657
1068,3658
3207,3658
5,3659
90,3660
1223,3661
857,3662
1543,3662
431,3663
659,3663
2078,3665
511,3666
104,3668
363,3668
895,3668
197,3670
481,3670
2418,3670
1330,3673
2395,3673
507,3676
1284,3678
201,3679
1113,3681
35,3682
168,3683
943,3683
2774,3684
321,3685
78,3687
1207,3687
1891,3691
889,3692
181,3693
548,3693
1912,3693
227,3694
96,3695
1055,3695
2374,3695
273,3699
2618,3699
78,3700
1277,3701
3499,3701
222,3702
687,3703
55,3704
81,3704
237,3705
360,3707
1142,3707
75,3708
1129,3710
3136,3710
1911,3711
1461,3712
3365,3713
122,3717
77,3719
1425,3719
3,3721
11,3723
6,3724
1317,3724
197,3726
1930,3726
1413,3727
2618,3728
2,3729
523,3729
590,3729
566,3732
1442,3734
2983,3734
467,3735
1962,3739
3585,3740
209,3742
2166,3742
3,3743
1529,3743
1613,3743
2841,3743
28,3744
663,3744
664,3745
641,3747
721,3747
2351,3749
1882,3750
738,3751
981,3752
2324,3752
1896,3753
3587,3754
0,3755
447,3756
1074,3756
1795,3756
156,3759
1011,3761
819,3762
190,3765
687,3766
2594,3766
485,3768
538,3768
851,3768
1498,3768
2029,3768
172,3770
269,3770
1800,3770
1855,3771
936,3774
1897,3774
2874,3776
451,3778
122,3779
6,3780
6,3781
35,3782
2,3784
280,3784
1711,3784
130,3785
947,3785
1508,3785
288,3786
502,3786
1168,3786
673,3787
2500,3787
2884,3787
0,3788
3,3788
1731,3788
1150,3790
2847,3790
3045,3790
86,3791
25,3792
139,3793
1794,3793
856,3794
1834,3794
193,3795
0,3796
990,3796
1506,3796
130,3797
244,3797
3178,3797
993,3799
1659,3799
3079,3799
1626,3800
201,3801
1810,3801
211,3802
2019,3802
1146,3804
1912,3804
5,3805
120,3807
1129,3807
16,3810
786,3810
246,3811
943,3814
0,3815
2367,3815
2477,3816
1665,3817
2957,3817
6,3818
35,3818
192,3818
1233,3818
3123,3819
130,3820
3820,3823
53,3824
101,3824
934,3826
3597,3826
323,3827
772,3827
1895,3827
1656,3830
3181,3833
156,3834
2814,3834
2,3836
39,3836
1439,3836
1986,3837
0,3838
243,3838
443,3838
257,3842
2727,3842
439,3844
895,3845
200,3846
676,3846
1767,3846
2713,3847
884,3849
2145,3851
371,3853
2312,3853
1296,3855
536,3857
1767,3858
3695,3858
0,3859
1769,3859
3,3860
981,3860
230,3861
1143,3861
3,3862
75,3862
150,3866
439,3867
3044,3868
3298,3868
454,3869
1111,3869
2145,3870
2395,3870
43,3872
277,3872
1797,3874
1820,3876
1985,3876
735,3877
3673,3878
349,3879
16,3881
538,3881
1146,3881
327,3883
1461,3883
761,3886
3401,3886
2106,3888
536,3889
1971,3889
1235,3890
573,3891
262,3893
1163,3893
1576,3893
2223,3894
3265,3895
531,3897
2036,3897
344,3898
360,3898
1217,3899
193,3900
1956,3900
3026,3901
2780,3902
2187,3903
0,3904
0,3905
130,3905
633,3905
322,3907
451,3907
1355,3908
543,3909
771,3910
1155,3910
1295,3912
2816,3913
2903,3913
1111,3915
2901,3915
238,3918
1109,3918
1541,3918
1895,3918
2172,3919
101,3920
421,3921
1760,3923
1185,3924
331,3925
832,3925
1857,3925
2559,3925
2596,3925
1121,3927
3743,3927
1131,3928
2688,3928
2,3930
191,3931
2984,3931
167,3932
738,3935
1962,3935
2323,3939
851,3940
5,3943
331,3944
3683,3945
2144,3947
3797,3949
209,3950
1763,3951
3745,3954
762,3955
2,3956
1347,3956
3600,3956
2,3957
526,3958
3323,3959
676,3961
608,3962
2049,3964
2739,3964
1842,3965
3538,3965
104,3966
2219,3966
11,3967
3858,3969
2,3972
598,3973
794,3973
2831,3973
3533,3974
192,3975
91,3976
1158,3976
200,3979
2997,3980
209,3981
1912,3981
16,3982
79,3982
663,3982
870,3983
2115,3983
1168,3984
49,3985
2025,3986
3079,3986
3973,3988
1389,3993
1986,3994
2660,3995
294,3997
1518,3998
2770,3999
310,4000
1091,4000
973,4001
1439,4002
101,4005
786,4006
3770,4006
0,4009
596,4010
28,4011
54,4013
3206,4015
2355,4017
1413,4018
2004,4018
244,4019
349,4019
1168,4020
775,4021
2649,4021
3681,4021
479,4022
2424,4023
527,4024
431,4025
1185,4025
889,4026
3972,4026
1308,4027
2145,4028
3482,4028
1806,4029
237,4030
43,4032
3217,4033
0,4035
703,4036
724,4036
1897,4038
844,4042
2655,4042
543,4043
2957,4043
6,4048
66,4049
856,4049
2237,4050
3219,4050
613,4051
2353,4051
155,4052
95,4054
192,4054
406,4054
868,4054
1441,4055
3520,4058
3910,4062
1984,4066
3768,4066
75,4068
813,4068
0,4069
94,4072
3313,4073
810,4076
3631,4076
233,4077
808,4077
1932,4077
868,4078
2358,4079
2391,4080
3584,4081
25,4083
673,4084
68,4085
1938,4085
150,4086
3749,4086
165,4087
1439,4090
3683,4090
976,4092
2627,4092
1129,4093
3348,4094
3640,4095
205,4097
1977,4097
1163,4098
549,4099
3322,4099
1857,4100
1230,4104
1261,4105
75,4106
408,4108
590,4109
3495,4109
470,4112
786,4112
1044,4112
1100,4113
3318,4113
285,4116
1050,4117
49,4121
501,4121
143,4122
1355,4122
809,4123
1608,4125
1861,4126
3611,4126
67,4127
371,4127
221,4128
1,4129
316,4130
664,4130
1072,4130
1150,4131
16,4133
1917,4133
35,4135
756,4136
709,4137
2580,4141
2665,4141
226,4143
0,4153
1072,4153
1861,4155
890,4156
1797,4156
317,4157
351,4158
3648,4158
2025,4161
1810,4165
28,4167
271,4167
1109,4167
351,4168
1863,4168
890,4170
6,4171
321,4171
2,4177
3549,4178
55,4179
2,4180
637,4180
3076,4180
364,4182
2499,4182
81,4183
93,4183
4090,4183
508,4184
1686,4185
808,4186
1045,4187
3573,4187
778,4188
3,4189
3768,4189
156,4190
1514,4191
3379,4191
4113,4191
409,4192
178,4193
3744,4193
2,4194
16,4194
421,4194
464,4195
3406,4195
3993,4196
319,4197
1912,4198
16,4199
1454,4199
3026,4203
53,4204
1439,4205
78,4207
433,4207
1294,4207
1882,4208
1147,4210
197,4211
1111,4212
6,4213
2146,4213
0,4214
2,4214
3526,4217
1163,4218
1428,4218
1469,4218
2620,4218
374,4219
1137,4219
1857,4219
205,4220
367,4221
2872,4221
443,4222
1638,4222
3463,4222
4123,4223
1220,4224
54,4228
614,4228
2127,4229
1878,4233
2671,4234
3966,4234
1121,4235
1023,4236
668,4237
1772,4238
1347,4239
1229,4240
1009,4242
30,4243
78,4243
2696,4245
2733,4245
188,4247
3182,4247
885,4250
2203,4254
16,4256
2312,4256
2013,4257
3703,4257
3853,4257
156,4265
2161,4265
197,4266
2750,4266
3811,4267
3000,4268
331,4269
2840,4269
5,4270
3712,4271
2,4273
92,4273
451,4273
603,4273
3053,4275
1991,4276
2744,4277
2,4278
579,4280
200,4281
699,4282
2831,4282
3513,4283
2390,4284
1633,4285
192,4286
2305,4287
663,4290
1850,4291
712,4295
1554,4295
778,4296
890,4296
2155,4297
16,4298
1121,4298
300,4299
1568,4301
4256,4302
267,4304
2239,4304
4199,4304
4187,4306
404,4307
79,4308
572,4310
1125,4312
2586,4312
3171,4313
3286,4313
0,4314
1977,4315
79,4316
459,4316
500,4316
550,4318
687,4319
973,4320
1068,4320
131,4322
165,4322
3918,4322
1017,4325
1230,4326
3065,4326
1896,4327
3560,4328
5,4330
1861,4330
87,4331
0,4332
3268,4333
817,4334
3838,4334
76,4336
735,4339
1714,4343
3251,4344
3925,4344
3195,4346
4203,4346
1319,4347
2749,4347
324,4349
2481,4349
1424,4350
865,4351
133,4353
500,4353
1155,4354
4304,4354
219,4355
1153,4356
2331,4356
3365,4357
107,4358
293,4358
2855,4358
4049,4358
271,4361
925,4362
209,4363
197,4364
2324,4364
2280,4365
43,4366
351,4368
0,4370
431,4370
687,4370
2172,4371
13,4372
816,4372
1579,4372
78,4374
2323,4374
86,4375
440,4375
536,4375
2950,4375
53,4377
1393,4377
2935,4377
3273,4377
91,4378
856,4379
96,4381
2140,4381
4072,4382
39,4383
857,4384
129,4385
1818,4385
77,4386
1559,4390
262,4391
3308,4392
2506,4393
2811,4396
1021,4397
4358,4398
699,4399
192,4401
1895,4403
981,4404
761,4405
3173,4406
1268,4407
902,4409
975,4410
1527,4410
628,4411
0,4413
280,4413
4006,4413
0,4414
2223,4414
289,4416
410,4416
79,4418
3,4420
2185,4420
3,4422
156,4423
2009,4423
1146,4424
369,4425
150,4426
287,4426
78,4427
2711,4427
1190,4428
3787,4430
11,4432
126,4432
4203,4433
2128,4434
1862,4435
2564,4436
3319,4436
713,4440
1849,4440
778,4441
3573,4441
3412,4443
639,4444
3478,4444
6,4445
13,4446
618,4446
1207,4446
4180,4446
1652,4447
4017,4447
11,4448
13,4448
1048,4448
4,4449
101,4449
178,4450
1121,4452
233,4453
429,4454
4273,4454
13,4455
637,4455
1410,4455
172,4456
2393,4457
1005,4460
2268,4460
315,4461
1921,4461
91,4463
288,4463
3318,4464
332,4466
2840,4467
4447,4467
12,4468
317,4470
1511,4470
183,4471
757,4471
5,4472
53,4472
558,4472
3727,4472
3794,4472
277,4473
992,4473
2462,4473
3711,4477
14,4478
2298,4479
498,4484
691,4484
2593,4485
1553,4490
2624,4490
14,4491
1111,4491
1592,4491
3637,4493
750,4494
1714,4494
200,4496
511,4496
3603,4497
472,4498
4464,4499
36,4500
453,4501
1100,4502
1113,4502
43,4503
233,4503
3118,4503
4424,4503
4463,4503
76,4506
1021,4506
188,4507
192,4509
890,4509
505,4510
1248,4510
2959,4510
364,4511
1439,4511
2746,4512
766,4513
3,4514
3040,4514
971,4516
794,4517
2421,4517
2575,4517
860,4518
192,4519
2484,4519
68,4520
639,4520
4496,4521
2185,4523
131,4524
879,4524
55,4526
778,4528
3520,4529
188,4530
2209,4533
3,4534
1777,4538
2470,4538
1273,4540
211,4541
3057,4541
3973,4541
0,4542
3951,4542
1161,4543
2948,4543
3918,4543
78,4545
4158,4547
421,4548
2127,4548
2419,4548
3410,4548
2,4549
903,4549
3139,4549
193,4550
2291,4550
307,4551
1130,4551
2884,4551
3316,4552
3931,4552
4500,4552
92,4555
16,4556
1109,4557
485,4559
1084,4559
3209,4560
6,4561
3489,4566
31,4567
406,4567
738,4568
817,4568
3322,4568
4112,4569
271,4570
2712,4570
200,4572
973,4572
2149,4572
2958,4573
3491,4576
4277,4576
463,4579
1345,4579
2268,4579
2437,4579
155,4580
188,4580
713,4580
130,4582
1272,4583
1160,4584
852,4585
130,4586
1915,4586
13,4590
2742,4590
54,4591
1725,4591
3785,4592
2364,4593
2774,4593
2905,4593
805,4596
192,4597
271,4597
399,4597
2106,4598
1243,4599
35,4600
197,4601
761,4601
3957,4601
98,4602
148,4602
279,4602
584,4602
3,4604
279,4604
188,4605
2986,4605
2785,4606
3629,4608
1277,4610
1671,4610
3313,4611
1319,4612
0,4613
1943,4613
2566,4613
3535,4614
2,4615
308,4615
4579,4615
201,4616
3328,4616
3743,4616
4257,4616
2268,4617
2611,4617
2953,4617
155,4618
1407,4618
2368,4619
2957,4620
2,4621
2312,4621
2764,4622
4280,4622
440,4623
6,4624
2082,4624
1608,4626
4358,4627
16,4628
2957,4628
6,4629
936,4632
1826,4632
139,4634
3692,4634
3392,4636
342,4639
1294,4640
733,4642
1044,4642
2884,4642
3000,4642
4250,4644
4613,4644
2429,4645
971,4647
1519,4647
1454,4648
3036,4648
2599,4649
371,4650
106,4651
1564,4651
3719,4651
4026,4651
307,4653
2653,4653
1556,4654
319,4655
1326,4655
1241,4657
2205,4657
3967,4658
43,4659
250,4660
408,4660
150,4661
2284,4661
398,4665
1207,4665
1434,4666
528,4668
1355,4669
2786,4669
54,4670
3,4674
261,4675
2816,4675
76,4677
4362,4677
534,4679
1737,4681
156,4682
172,4682
4449,4683
2464,4684
192,4685
3095,4687
3729,4691
2390,4692
28,4694
1024,4694
2142,4694
703,4695
3566,4695
4168,4695
1253,4696
3392,4696
232,4698
1311,4699
1015,4700
323,4701
4502,4702
267,4704
3869,4705
1972,4708
959,4709
1460,4710
1296,4712
4669,4713
913,4714
157,4716
689,4716
206,4717
139,4719
1295,4719
5,4720
2709,4720
3332,4720
4237,4721
139,4724
816,4726
1555,4726
118,4728
2421,4728
28,4729
538,4729
2936,4730
1800,4731
2466,4731
307,4732
0,4735
2254,4738
206,4739
1820,4739
1041,4741
421,4742
0,4745
1891,4745
2803,4746
2983,4746
192,4747
1529,4747
684,4748
1990,4748
965,4749
4467,4751
288,4753
321,4753
4449,4753
150,4754
200,4759
564,4759
1917,4759
35,4761
4425,4761
3126,4764
3,4765
1413,4765
2661,4765
0,4767
1541,4767
3844,4767
1819,4768
2575,4768
2761,4768
1569,4769
30,4770
608,4770
1734,4774
288,4775
4344,4776
4761,4777
2624,4780
1688,4782
619,4783
2943,4784
3062,4785
1867,4787
3834,4793
4267,4793
1017,4795
965,4797
3744,4798
0,4799
209,4801
3020,4803
2955,4805
582,4806
36,4808
294,4808
2385,4809
172,4810
2586,4817
813,4818
2884,4819
2646,4820
3580,4820
2814,4821
4739,4821
4113,4823
3678,4824
157,4825
534,4826
0,4829
1943,4829
3,4830
321,4832
828,4833
1113,4833
2215,4833
761,4835
2493,4835
4121,4836
1566,4838
3318,4839
2894,4840
79,4841
321,4841
1902,4842
1880,4843
2803,4843
3209,4844
3642,4844
3762,4845
2814,4846
578,4847
2535,4847
2770,4847
1137,4848
1127,4849
2831,4850
157,4851
1863,4853
2287,4856
68,4857
1284,4857
890,4858
381,4859
25,4860
2445,4860
222,4861
1617,4861
1736,4861
6,4865
2079,4865
75,4867
458,4868
2387,4868
543,4869
155,4872
192,4872
3304,4872
41,4873
345,4873
2301,4874
2045,4876
1740,4877
54,4880
895,4883
1330,4883
2355,4884
321,4886
572,4887
3026,4888
1506,4889
3597,4890
1694,4891
2204,4891
364,4892
13,4893
4583,4895
2971,4896
218,4898
16,4899
408,4899
78,4902
1459,4903
155,4904
1818,4905
233,4906
237,4907
2417,4908
285,4909
416,4909
4541,4909
6,4910
861,4910
3585,4910
500,4911
673,4914
3421,4914
1981,4916
2466,4916
1615,4918
2713,4918
4777,4920
1720,4921
936,4922
1902,4922
2552,4922
447,4924
872,4925
4453,4925
16,4926
3597,4926
191,4930
1475,4931
4496,4931
301,4935
1692,4936
2,4938
150,4943
470,4943
2977,4943
3432,4943
4601,4943
2353,4945
4634,4950
1543,4951
2417,4951
3,4953
49,4953
104,4953
360,4953
3794,4953
1756,4954
1757,4954
2391,4954
2828,4956
1933,4957
150,4958
819,4958
1332,4959
1986,4959
3735,4959
334,4960
2136,4960
3,4963
4433,4964
166,4966
3185,4966
16,4967
166,4969
4833,4969
4353,4970
642,4971
4,4972
1477,4973
49,4974
2359,4975
3,4976
1317,4976
2960,4976
233,4978
4006,4978
2684,4979
0,4980
429,4980
1,4982
2610,4982
2463,4983
75,4984
1809,4985
663,4986
1213,4986
3351,4986
3659,4986
3222,4987
3600,4987
3493,4988
1325,4990
2007,4990
16,4993
77,4993
674,4993
4986,4993
2114,4996
347,4999
1150,5000
4490,5000
573,5002
242,5005
91,5006
464,5006
2872,5009
3648,5009
294,5011
2166,5011
507,5012
3633,5015
4054,5015
1311,5019
1155,5024
1052,5025
2414,5025
3232,5025
3860,5025
7,5026
2619,5026
271,5028
1026,5030
101,5031
211,5032
2381,5032
2393,5034
3296,5034
66,5035
3513,5036
1072,5038
2774,5038
6,5041
1444,5041
1160,5042
4276,5042
16,5043
41,5043
2247,5043
868,5046
79,5048
192,5048
3976,5048
761,5051
4943,5052
460,5053
301,5054
28,5055
3869,5055
25,5061
178,5064
451,5065
2742,5065
365,5066
416,5066
287,5067
2460,5067
6,5068
3593,5068
4054,5069
1656,5070
4517,5070
542,5072
1711,5073
2048,5073
2824,5073
3318,5073
501,5074
3745,5074
1129,5075
16,5076
582,5078
3318,5078
438,5079
1529,5080
274,5081
1117,5081
2131,5082
3421,5082
3,5084
2,5085
3094,5085
75,5090
107,5092
4548,5092
572,5093
3,5094
381,5094
2093,5094
1076,5095
2840,5095
4054,5095
319,5096
2791,5097
3424,5097
3219,5098
209,5099
1556,5099
3,5100
885,5100
3257,5100
6,5101
498,5101
1044,5102
4517,5102
1239,5104
209,5105
4069,5106
2847,5107
3287,5107
53,5108
4926,5109
2389,5110
2634,5111
90,5112
1811,5114
2,5115
1295,5115
14,5116
4684,5116
3956,5117
1183,5118
2106,5118
3556,5118
0,5119
4543,5119
3268,5120
371,5121
468,5121
794,5121
965,5121
4436,5121
277,5122
4247,5122
3743,5123
1985,5125
1557,5128
512,5130
4143,5130
643,5132
4731,5134
439,5136
2956,5136
1787,5140
1569,5142
644,5143
294,5144
1670,5146
1757,5146
691,5147
4446,5147
255,5148
3309,5150
4657,5150
2761,5151
4026,5151
1855,5152
3318,5152
2044,5153
5102,5153
139,5154
86,5155
1081,5155
2803,5155
5041,5158
965,5159
2409,5159
857,5161
76,5164
689,5164
893,5164
165,5166
308,5166
16,5168
1615,5168
1838,5168
3184,5168
1671,5171
3520,5171
443,5172
287,5173
962,5173
53,5175
498,5175
1320,5176
3898,5177
3421,5178
54,5179
5026,5179
1207,5181
1920,5182
2581,5182
150,5183
311,5185
736,5185
1248,5185
2263,5185
4193,5186
4559,5186
3044,5188
404,5189
440,5193
4042,5195
227,5196
192,5197
277,5199
3183,5199
0,5200
139,5200
781,5200
2287,5202
4626,5203
5151,5203
407,5205
3750,5207
2340,5209
735,5213
3549,5213
323,5215
3057,5215
515,5217
4365,5218
1073,5225
1858,5225
1565,5227
1797,5227
2812,5227
3836,5227
150,5228
2025,5228
331,5230
1496,5230
1257,5231
3003,5231
1520,5232
1857,5234
367,5237
991,5237
1978,5237
2275,5237
183,5241
1288,5241
1526,5241
1984,5241
605,5242
3313,5242
301,5243
637,5243
78,5244
3044,5244
4050,5245
5213,5245
16,5246
238,5247
1348,5249
3489,5249
4950,5250
1146,5251
4883,5251
41,5252
1425,5252
0,5253
868,5255
101,5256
2652,5256
2723,5259
2247,5260
2742,5263
1734,5264
4616,5264
360,5265
2268,5268
56,5269
1606,5269
1353,5270
1756,5270
319,5271
1171,5272
4556,5273
3048,5275
381,5276
227,5277
1652,5278
1126,5280
295,5281
323,5286
1095,5286
3099,5286
153,5287
542,5287
2128,5287
54,5288
332,5289
1100,5289
371,5290
979,5291
6,5293
4573,5294
4925,5294
16,5295
3275,5295
4079,5297
3322,5298
569,5299
1714,5299
323,5300
2722,5300
73,5302
851,5302
1155,5302
150,5303
637,5303
28,5304
2324,5304
4290,5304
2078,5306
1880,5307
451,5308
623,5308
4461,5308
2822,5310
274,5311
1515,5311
6,5312
0,5313
1708,5313
440,5320
3546,5320
590,5321
3826,5321
2,5323
1810,5324
4606,5324
3036,5325
2131,5326
3209,5327
4398,5328
332,5329
1705,5329
3304,5329
1784,5330
528,5333
1977,5333
1764,5334
1554,5335
3965,5336
1015,5339
3179,5340
2934,5341
1121,5342
505,5343
2499,5346
237,5347
2936,5348
2296,5349
1863,5350
3189,5350
197,5351
4517,5351
1968,5352
18,5355
613,5357
2386,5357
1183,5358
1312,5359
3554,5361
1023,5362
2684,5362
3304,5364
3179,5366
1017,5367
153,5368
1052,5369
3053,5369
1021,5370
1145,5370
3316,5370
1152,5372
1553,5372
3217,5372
3,5375
4999,5375
1248,5378
1485,5378
2953,5380
573,5382
130,5383
280,5383
16,5384
3268,5384
4054,5384
5119,5386
3719,5388
2623,5390
3925,5391
5215,5393
5228,5393
535,5394
1834,5394
5173,5395
255,5396
321,5396
1811,5396
4036,5396
1287,5397
2291,5398
4548,5398
1013,5399
1358,5399
5116,5399
0,5400
11,5400
331,5400
4221,5400
595,5403
300,5404
91,5405
4832,5405
0,5406
3844,5406
0,5408
1330,5409
4019,5410
558,5411
1052,5411
976,5413
2449,5418
105,5419
868,5419
6,5420
280,5420
3780,5422
878,5423
4954,5426
1930,5427
1,5428
209,5428
1453,5428
4985,5428
16,5429
672,5433
1448,5433
2036,5434
2552,5434
188,5437
1573,5437
229,5438
39,5440
5153,5440
112,5443
3570,5443
4085,5445
816,5446
1137,5447
406,5448
294,5451
31,5452
1857,5452
3826,5452
639,5453
1615,5453
139,5455
3351,5457
889,5458
1638,5461
321,5462
868,5463
441,5464
5104,5464
106,5465
1082,5467
3421,5467
3805,5467
0,5471
2093,5471
1152,5473
3076,5473
4899,5474
703,5475
3084,5475
4793,5476
3749,5477
3891,5478
1044,5479
2,5480
5136,5481
733,5482
5069,5482
3257,5483
690,5484
1284,5484
431,5488
2774,5488
3421,5489
2,5491
2957,5492
3807,5492
3498,5493
18,5494
1121,5494
809,5496
2037,5496
528,5497
1380,5498
68,5500
5398,5500
3,5502
13,5502
54,5502
3245,5502
819,5503
1451,5503
2667,5503
2255,5504
3460,5504
3076,5505
872,5506
1491,5506
107,5508
416,5509
4503,5509
172,5511
301,5513
150,5519
3533,5519
4449,5520
3451,5521
5481,5522
1091,5523
3779,5528
0,5529
713,5529
4847,5531
12,5532
3400,5532
5065,5532
68,5535
4313,5535
49,5536
66,5536
1098,5537
4072,5537
4767,5539
11,5541
3472,5541
3872,5541
4,5542
1137,5542
1652,5542
110,5543
252,5545
262,5545
582,5545
676,5546
3874,5547
1130,5549
4966,5549
347,5550
54,5551
903,5553
723,5554
3045,5554
122,5555
810,5555
0,5557
856,5558
4503,5558
1571,5559
628,5560
4,5561
3222,5561
3018,5562
1861,5563
2753,5563
4777,5563
335,5564
1233,5566
2128,5566
608,5567
25,5571
2652,5571
2209,5572
4168,5573
3631,5574
668,5575
2333,5575
4921,5575
451,5576
3765,5576
36,5579
90,5580
3477,5584
350,5585
953,5586
1190,5586
852,5587
1158,5587
4767,5587
54,5590
1185,5591
150,5593
222,5593
419,5594
582,5594
76,5595
1320,5595
5073,5596
222,5597
5471,5598
0,5599
1496,5599
4247,5600
771,5601
889,5602
269,5603
937,5603
2828,5605
573,5607
2427,5608
4418,5608
227,5611
279,5612
1183,5612
3729,5612
3301,5613
16,5614
523,5614
1862,5614
3549,5615
4978,5615
6,5616
16,5616
1545,5616
91,5619
1111,5619
2384,5619
639,5621
130,5625
641,5625
2451,5625
2960,5625
3817,5628
3307,5630
150,5632
201,5632
1160,5632
155,5634
4048,5635
21,5636
2106,5636
280,5637
4097,5639
75,5640
890,5640
1460,5641
0,5642
197,5642
269,5643
210,5644
1799,5644
835,5645
5531,5645
3195,5646
489,5648
0,5651
2247,5655
1401,5657
2633,5657
5378,5657
1896,5661
3857,5661
349,5663
598,5663
4464,5663
4432,5665
1939,5666
5307,5667
294,5671
735,5671
1808,5671
148,5672
1833,5672
1616,5674
1909,5674
3701,5675
4167,5675
28,5676
5269,5678
4093,5681
3001,5682
2973,5683
990,5685
3056,5686
4463,5686
28,5687
193,5687
28,5688
3348,5689
150,5690
278,5690
4886,5691
2983,5697
706,5700
5500,5700
16,5701
73,5701
2223,5701
2742,5701
3219,5701
2733,5702
4993,5702
1543,5704
153,5706
421,5706
976,5706
3044,5707
5146,5707
5657,5707
1784,5708
2237,5708
3630,5709
749,5717
5687,5718
2742,5719
3567,5719
237,5720
1810,5720
663,5721
3285,5721
6,5723
209,5723
960,5723
1009,5725
2049,5725
388,5726
3983,5727
4295,5727
6,5731
300,5731
451,5734
5502,5739
3637,5740
3090,5742
5575,5743
5335,5744
2275,5745
39,5746
1882,5747
4675,5747
5026,5747
197,5748
3457,5750
3771,5750
321,5751
1252,5752
252,5753
691,5758
1448,5759
245,5760
749,5761
4276,5762
197,5763
2429,5763
884,5765
2687,5765
4634,5765
702,5766
472,5768
2036,5769
639,5771
2108,5771
410,5773
2449,5773
878,5774
2802,5774
3876,5775
3063,5776
3788,5777
157,5779
3071,5780
1405,5782
3569,5782
1405,5783
2919,5785
467,5788
2964,5790
2847,5791
148,5792
733,5792
5543,5792
3052,5793
155,5794
410,5796
5048,5799
1100,5801
3422,5801
118,5802
639,5803
866,5805
3010,5805
4835,5805
3719,5806
43,5809
3195,5809
5605,5810
209,5811
233,5811
308,5812
545,5812
906,5812
2161,5812
468,5813
2734,5813
4205,5813
816,5814
1311,5815
1447,5815
2391,5815
676,5816
3642,5816
4463,5816
668,5817
723,5817
639,5818
1001,5818
4265,5818
517,5819
2398,5819
4502,5819
2912,5820
54,5821
4426,5821
197,5823
68,5825
4449,5825
2140,5830
3139,5830
4363,5830
5256,5831
294,5832
91,5833
244,5835
691,5836
5384,5836
1352,5837
2964,5838
3322,5838
237,5839
664,5844
720,5845
4076,5845
1857,5846
5185,5846
1160,5847
1981,5848
1320,5849
4385,5853
623,5857
16,5858
267,5858
0,5860
2381,5861
3026,5861
1447,5863
1648,5863
5,5864
101,5864
837,5864
1116,5865
3631,5865
1534,5867
1158,5868
1613,5869
1026,5870
125,5871
3743,5871
4921,5871
347,5872
844,5873
5293,5873
1553,5874
91,5875
1320,5876
2711,5876
828,5878
5616,5878
409,5880
1907,5880
4027,5880
32,5884
83,5885
709,5886
1933,5888
5066,5888
206,5889
2976,5889
267,5891
2648,5891
273,5892
947,5892
3264,5892
3233,5894
1597,5895
2137,5895
2568,5895
13,5896
459,5897
1444,5897
3,5898
1447,5898
3319,5898
104,5899
481,5899
306,5900
16,5901
321,5901
1793,5902
5006,5902
1439,5903
168,5904
273,5904
523,5905
1477,5905
818,5906
1434,5906
2299,5906
285,5907
2328,5907
0,5908
332,5909
590,5909
807,5909
2062,5909
4805,5909
429,5911
786,5911
1269,5911
3082,5911
1977,5913
129,5914
2079,5914
139,5916
2689,5917
5707,5917
3162,5919
418,5920
4112,5920
142,5921
2731,5921
2605,5924
5173,5926
439,5927
3432,5927
1613,5929
416,5931
3252,5932
55,5933
500,5933
2263,5933
3660,5937
4993,5937
5213,5939
1005,5940
183,5941
91,5942
5411,5942
13,5943
66,5943
2726,5946
339,5947
1333,5947
3437,5948
5663,5948
925,5949
2811,5949
317,5952
41,5953
104,5953
3203,5954
5411,5956
5400,5959
28,5960
1379,5960
3422,5965
379,5966
3457,5968
3845,5968
3649,5970
1664,5971
2542,5972
903,5973
1895,5973
56,5974
1902,5974
528,5975
4168,5976
3988,5977
148,5978
2678,5978
3097,5978
5119,5979
3319,5980
1250,5982
1298,5985
1895,5985
1896,5985
1207,5986
797,5987
2744,5989
4657,5989
1456,5990
64,5991
16,5992
879,5992
2271,5992
2460,5993
5816,5993
200,5994
3780,5995
5905,5995
581,5996
2237,5997
94,5998
2682,5998
5290,5999
1972,6000
4729,6000
1190,6001
1615,6001
5078,6001
3478,6003
270,6004
311,6004
5368,6004
1836,6005
1158,6006
3700,6007
6,6009
4548,6011
1410,6012
440,6014
2,6017
424,6017
543,6017
1250,6019
2652,6020
303,6021
41,6022
5234,6023
917,6024
16,6025
5574,6025
2785,6029
642,6034
2418,6035
3215,6035
0,6036
584,6036
5731,6038
556,6039
2499,6039
4872,6040
81,6041
227,6041
678,6041
2620,6041
2713,6041
321,6042
1209,6044
165,6046
3699,6046
5616,6046
157,6047
557,6047
2477,6047
299,6049
2149,6049
5773,6049
13,6051
86,6051
347,6051
25,6052
294,6052
5042,6052
548,6053
523,6054
6,6055
4959,6055
5370,6056
1902,6057
0,6058
639,6060
1978,6061
0,6069
505,6070
1983,6070
1401,6071
1442,6072
4025,6072
1809,6073
6025,6073
49,6074
0,6075
130,6075
173,6076
5748,6077
605,6079
1564,6079
2263,6079
3480,6079
294,6080
623,6081
2380,6081
4572,6082
28,6083
2959,6083
4467,6083
188,6084
439,6085
307,6088
528,6088
110,6089
2461,6089
3918,6089
5566,6090
1500,6092
4223,6092
204,6096
287,6099
1131,6100
1378,6100
2429,6100
86,6101
4269,6101
155,6102
5921,6102
3712,6104
3,6105
5209,6106
947,6107
1459,6108
5302,6108
1147,6109
172,6113
1794,6113
3520,6113
324,6116
131,6117
2580,6119
2017,6121
1666,6124
1161,6125
2263,6125
5614,6126
2580,6127
279,6128
1863,6128
4085,6128
53,6129
3597,6130
35,6131
205,6133
2957,6133
890,6134
55,6135
865,6135
735,6137
491,6138
568,6138
2071,6138
1993,6139
856,6140
508,6141
4924,6141
271,6142
3076,6142
4580,6142
3,6143
1325,6144
1427,6144
3037,6144
1,6145
3239,6145
169,6146
3629,6146
481,6147
4314,6148
1810,6149
5144,6149
976,6150
578,6153
3178,6153
4326,6158
22,6159
257,6159
2344,6159
2490,6161
4694,6162
4552,6164
1274,6165
1519,6165
271,6166
293,6166
411,6166
0,6168
1784,6168
3193,6170
3431,6170
3569,6173
1508,6175
6038,6177
86,6178
157,6178
4596,6178
3483,6179
104,6180
6,6181
3048,6183
5897,6183
267,6184
3159,6184
2390,6185
14,6187
5914,6191
3853,6192
488,6193
550,6193
673,6194
156,6195
3491,6195
75,6198
4768,6200
197,6204
3766,6204
947,6205
2,6208
16,6208
101,6208
4665,6208
3699,6209
367,6210
1134,6210
1163,6211
1933,6211
370,6212
306,6213
2593,6215
5375,6215
16,6218
416,6218
721,6221
32,6223
168,6224
2170,6224
4319,6228
2894,6229
4123,6229
896,6230
0,6231
1534,6231
3719,6231
155,6233
890,6233
4670,6233
3254,6236
4,6238
1592,6238
125,6239
2275,6240
2506,6241
191,6242
1833,6242
131,6247
2429,6247
623,6249
1171,6250
1457,6252
5972,6252
4978,6254
150,6255
1230,6255
491,6256
360,6257
878,6257
5185,6257
1518,6258
3151,6260
5933,6260
4368,6261
1506,6265
5503,6265
5720,6266
454,6267
1439,6267
0,6270
2880,6275
1230,6276
371,6278
2884,6278
107,6279
971,6281
477,6282
642,6284
895,6284
2953,6284
3883,6286
3955,6288
411,6291
4129,6291
4256,6291
1600,6292
3446,6292
2593,6293
28,6294
1034,6294
3625,6294
4517,6294
2909,6295
6150,6296
2209,6300
3,6302
43,6302
280,6303
294,6303
91,6304
1811,6304
5272,6306
2711,6307
3076,6309
502,6310
5636,6310
3797,6314
3286,6315
582,6318
300,6319
861,6320
1005,6320
2389,6320
3508,6320
3611,6321
4219,6321
2145,6322
3533,6324
200,6326
4549,6326
3451,6327
239,6328
2106,6328
1690,6330
6073,6331
1252,6332
139,6333
1160,6336
2278,6336
3183,6338
4284,6338
247,6339
122,6340
1426,6340
5172,6342
5384,6342
91,6343
1353,6344
1583,6344
2144,6344
360,6346
2271,6346
431,6348
554,6348
790,6348
288,6350
1972,6350
5043,6350
3245,6352
564,6353
91,6354
5350,6354
1130,6357
3597,6357
1121,6358
2958,6358
254,6360
6047,6360
1694,6363
1993,6368
1413,6369
4284,6369
6055,6369
458,6370
3918,6370
5209,6371
0,6372
868,6372
0,6373
5815,6375
790,6376
1633,6377
86,6378
4753,6379
4886,6379
4454,6382
95,6383
1656,6383
2557,6384
6261,6385
192,6387
0,6388
294,6391
2340,6391
0,6392
4806,6392
880,6393
66,6395
4843,6395
1304,6397
327,6400
2219,6400
0,6401
1304,6401
2501,6402
1389,6403
53,6407
868,6410
2187,6411
495,6412
5949,6413
3097,6414
59,6415
247,6417
1295,6417
840,6418
3313,6418
5594,6424
1044,6425
2074,6425
6104,6425
2244,6426
5720,6426
1284,6427
6387,6427
1889,6428
6,6431
2292,6431
1652,6432
5901,6432
507,6433
3048,6433
2697,6434
1120,6435
3040,6435
917,6437
81,6438
213,6439
6320,6439
1447,6440
1786,6441
3925,6441
106,6442
185,6442
1773,6443
93,6444
1783,6444
3902,6444
5172,6444
3920,6445
205,6446
573,6446
582,6448
5555,6449
5905,6453
877,6454
1515,6454
192,6455
156,6456
157,6457
1543,6458
1380,6460
284,6461
7,6465
603,6465
35,6466
3765,6466
253,6468
528,6468
2785,6469
2935,6469
5805,6469
3189,6474
1544,6476
300,6477
2666,6478
3193,6478
2671,6479
5871,6479
28,6481
3608,6486
4597,6487
1720,6488
31,6489
828,6489
155,6492
227,6492
1878,6492
2128,6492
1063,6493
2380,6493
3369,6494
5906,6494
371,6495
4801,6497
1829,6498
5200,6498
6161,6498
1453,6500
3332,6501
106,6502
1146,6503
3421,6503
4273,6503
603,6504
6310,6504
1740,6505
3766,6506
5502,6507
709,6510
270,6511
130,6513
2367,6514
247,6515
11,6516
1708,6516
4353,6516
464,6517
2004,6518
5107,6518
347,6520
2744,6520
691,6521
880,6521
4051,6522
4463,6523
1139,6524
347,6525
2209,6526
4069,6526
4605,6526
5978,6527
16,6529
4318,6529
53,6532
3520,6532
6,6533
1229,6535
269,6536
774,6536
1004,6536
1690,6538
4660,6538
5574,6538
3891,6539
4624,6539
2100,6541
2984,6542
501,6544
68,6546
2814,6548
6178,6548
3768,6549
28,6550
3,6552
567,6552
144,6554
334,6555
384,6556
1927,6557
2079,6558
6498,6558
4993,6559
2,6563
1228,6563
1459,6564
4328,6564
4765,6564
2532,6565
1080,6568
4207,6571
2,6574
1530,6578
5665,6578
464,6580
1260,6580
3,6581
49,6582
2419,6582
105,6585
2955,6585
2465,6586
858,6587
4112,6587
4735,6587
4026,6588
6468,6588
16,6591
3187,6591
2465,6592
78,6596
1515,6596
6439,6596
2,6597
726,6597
1444,6597
1505,6597
1475,6598
5720,6598
548,6599
3478,6599
142,6603
274,6604
5375,6605
577,6606
3925,6608
4310,6609
155,6610
407,6610
1822,6610
527,6611
421,6612
1284,6612
3590,6612
1652,6614
4503,6614
2670,6615
3793,6616
361,6617
416,6617
1137,6618
273,6619
1315,6619
6523,6619
3776,6620
237,6623
2247,6623
949,6625
463,6626
5070,6626
5932,6628
0,6629
2543,6631
107,6632
1665,6632
4266,6632
144,6633
3454,6634
4049,6636
76,6638
2286,6638
5036,6640
1977,6641
5563,6641
158,6644
1146,6644
2633,6646
4265,6647
6488,6650
39,6651
183,6652
1320,6653
1810,6654
1616,6655
3010,6656
2948,6658
1163,6659
1714,6660
4427,6660
13,6661
344,6664
3313,6665
4694,6665
527,6668
1389,6668
6023,6669
398,6670
819,6671
621,6672
538,6674
3441,6674
192,6677
267,6678
1682,6678
3826,6678
3834,6678
691,6680
3477,6680
81,6682
488,6683
2209,6683
6150,6684
1388,6685
6125,6686
0,6688
879,6688
2600,6688
1158,6690
2042,6694
227,6696
690,6696
810,6696
2,6697
2384,6697
4543,6697
500,6700
6128,6700
4,6702
321,6705
903,6706
1155,6707
6017,6708
1542,6709
4218,6710
156,6713
2395,6715
1005,6717
255,6718
1690,6718
181,6720
4455,6720
0,6721
233,6723
639,6723
1082,6723
2005,6723
4049,6723
1236,6726
4765,6727
321,6728
1884,6728
838,6729
83,6730
122,6730
1529,6730
1568,6730
5911,6730
1896,6731
2378,6731
2898,6733
459,6734
4993,6735
2932,6737
153,6738
174,6740
5690,6740
1178,6741
3455,6741
1694,6742
0,6745
578,6745
4396,6745
310,6746
311,6746
4126,6746
1939,6747
3207,6747
1863,6749
5090,6751
5299,6755
553,6756
577,6756
49,6757
5747,6757
1477,6758
2580,6758
6125,6758
3823,6759
1424,6761
4653,6764
1880,6766
440,6770
6741,6770
2170,6771
1583,6772
5914,6773
409,6775
4606,6775
5213,6777
233,6778
5878,6781
380,6782
703,6783
1822,6783
4869,6783
2312,6784
237,6785
1682,6787
3797,6787
32,6790
2,6794
5529,6794
5508,6795
5874,6795
6017,6795
3782,6796
5960,6797
4702,6798
3085,6799
2,6800
1052,6801
6083,6801
188,6802
3005,6803
5885,6803
4695,6804
2,6805
6080,6805
193,6806
323,6806
4954,6807
459,6808
1110,6808
4801,6808
6778,6808
2708,6809
1277,6811
1288,6811
5555,6811
1273,6813
1714,6813
41,6814
4219,6815
1454,6816
4604,6820
1034,6821
6,6822
764,6822
5661,6822
335,6823
1551,6823
1857,6823
201,6824
16,6825
809,6825
2444,6825
5199,6825
4349,6828
5809,6829
2,6830
3179,6830
4326,6830
68,6831
543,6832
18,6834
3862,6834
6247,6836
245,6837
2324,6837
3409,6837
4296,6837
3521,6838
3273,6839
3075,6840
3139,6841
5203,6841
107,6842
3902,6843
1774,6844
2115,6845
2001,6847
2353,6848
3907,6848
3747,6849
5420,6849
16,6850
14,6851
1262,6851
3233,6851
6794,6851
2140,6853
1977,6854
2709,6854
54,6855
4116,6856
458,6858
502,6860
3998,6861
269,6862
548,6862
5348,6863
237,6864
595,6864
5701,6865
6497,6866
470,6868
2249,6869
5746,6869
633,6870
6025,6870
3649,6872
155,6873
699,6873
4605,6873
98,6874
322,6874
1160,6875
1729,6875
4530,6875
498,6876
2224,6877
550,6884
4374,6884
602,6885
406,6887
5845,6887
3983,6888
6407,6890
879,6893
18,6894
2,6895
2881,6895
5636,6895
1639,6896
2696,6897
3209,6898
2130,6899
3597,6900
0,6901
443,6901
2205,6902
3127,6902
4580,6904
0,6905
1069,6905
3318,6905
278,6906
356,6906
1246,6906
0,6908
526,6908
1137,6908
2099,6910
1050,6911
791,6912
54,6913
197,6913
6440,6913
817,6915
3239,6917
332,6918
890,6918
5992,6918
817,6919
838,6921
1541,6921
3794,6922
4017,6922
5947,6923
5121,6924
2436,6926
6756,6926
143,6927
1774,6927
738,6931
0,6935
3127,6936
786,6939
3076,6939
4006,6940
269,6942
829,6943
6088,6943
6918,6946
1205,6947
3082,6947
5464,6947
5494,6947
6478,6948
976,6949
1325,6949
3217,6949
668,6951
2894,6951
227,6952
2099,6952
3433,6952
5529,6952
1017,6955
416,6956
543,6957
6353,6957
406,6958
4978,6958
237,6962
860,6963
2544,6963
105,6964
28,6965
2877,6965
16,6966
3735,6966
6809,6966
481,6967
5763,6967
3063,6968
233,6969
323,6969
3424,6970
4177,6970
3513,6971
83,6972
1520,6972
6454,6973
4872,6974
5574,6975
786,6976
4517,6977
200,6979
1863,6979
2718,6979
4207,6980
5372,6982
6233,6983
4616,6984
32,6985
1121,6985
2161,6987
2774,6988
16,6991
192,6992
205,6992
5615,6992
4298,6993
16,6994
495,6994
953,6994
1439,6994
6320,6994
1015,6997
2088,6997
5989,6997
125,6998
2254,7000
3774,7000
5370,7002
6885,7003
197,7004
5102,7007
979,7010
13,7011
79,7011
1389,7011
144,7012
1327,7012
3048,7012
512,7013
2446,7013
3980,7014
3,7019
1254,7019
676,7023
1146,7023
868,7024
269,7025
6354,7025
1233,7026
2812,7028
1534,7029
7028,7029
844,7032
1507,7032
78,7033
2853,7033
86,7034
5614,7034
3318,7035
2655,7036
3768,7037
6208,7037
451,7038
2964,7038
319,7039
861,7039
3778,7039
5616,7039
6913,7040
548,7042
1878,7043
3779,7044
16,7045
639,7046
11,7047
76,7047
2381,7047
3082,7047
122,7048
3793,7056
6276,7056
2145,7059
6,7060
130,7060
2036,7061
913,7064
0,7067
3749,7069
4945,7069
185,7070
1183,7070
3853,7070
5342,7071
6,7072
1930,7072
2481,7073
2740,7073
3861,7073
16,7074
1529,7074
365,7075
895,7075
2727,7075
6178,7075
2718,7076
689,7078
130,7080
100,7084
310,7084
6069,7084
2239,7085
1296,7087
294,7091
2181,7091
6770,7091
2593,7093
5019,7093
2831,7095
3082,7095
30,7097
140,7098
2606,7098
73,7101
54,7103
2176,7103
2761,7103
0,7104
3648,7104
188,7106
4432,7108
316,7110
2644,7111
664,7112
3353,7113
68,7116
144,7116
250,7116
101,7117
290,7119
2595,7119
4602,7119
130,7123
2389,7124
1165,7125
3794,7127
5419,7129
75,7130
75,7131
5574,7131
1330,7133
4427,7136
4628,7136
6966,7136
0,7137
3743,7137
1705,7138
4049,7138
3678,7141
3701,7141
4432,7142
1569,7144
289,7145
491,7145
3,7148
295,7148
2486,7148
6856,7148
4453,7149
2872,7150
3392,7150
311,7153
4245,7153
2,7154
2749,7155
6117,7155
6441,7156
1878,7158
3037,7161
5939,7166
4904,7167
1938,7169
3827,7169
517,7170
1100,7172
2,7173
1890,7174
453,7176
5543,7176
2709,7177
1878,7180
2287,7181
49,7182
193,7182
3451,7183
4448,7185
5812,7188
133,7189
4843,7189
6209,7189
188,7190
5293,7190
3063,7191
197,7193
6238,7194
4187,7195
3171,7197
3925,7200
1158,7203
579,7205
4978,7205
167,7206
4158,7206
3236,7207
379,7208
1809,7208
6141,7209
16,7210
2429,7211
528,7212
2190,7212
5864,7212
7059,7212
6518,7213
6856,7213
1100,7214
6376,7215
3556,7216
1348,7218
439,7219
1194,7219
1121,7226
1254,7226
550,7227
4319,7229
710,7230
1711,7232
2321,7234
2564,7234
1967,7235
857,7236
4097,7236
35,7237
1146,7237
3478,7239
5939,7239
5801,7240
1755,7242
786,7243
1456,7243
3874,7243
3,7244
3322,7244
5858,7245
756,7246
3348,7246
3447,7246
1541,7248
4559,7248
11,7249
1219,7249
5718,7249
190,7250
3044,7251
3437,7252
2,7253
664,7253
1700,7253
1238,7254
4685,7255
2484,7257
6874,7257
738,7259
321,7266
542,7266
2772,7266
5,7267
1295,7268
1939,7269
4993,7269
1899,7270
2506,7270
2937,7270
73,7271
155,7271
803,7271
1880,7272
1404,7274
193,7276
1253,7277
2761,7278
178,7279
407,7279
2682,7279
3861,7279
673,7280
2161,7281
1556,7283
105,7284
3819,7284
1238,7285
488,7286
6344,7286
28,7288
3597,7292
3966,7293
971,7294
3787,7296
6503,7296
6977,7296
1146,7297
2491,7297
4187,7298
2811,7299
3082,7302
1284,7303
4353,7303
2182,7304
556,7306
6434,7307
7156,7307
1534,7308
204,7309
902,7309
0,7311
1533,7313
16,7315
255,7315
3,7316
30,7316
1836,7316
11,7318
107,7318
5209,7320
5947,7323
92,7324
5092,7324
233,7325
197,7326
1767,7328
1731,7329
7226,7329
639,7331
1880,7331
794,7334
6384,7335
125,7336
709,7336
5400,7337
6466,7338
5871,7339
53,7342
581,7342
962,7344
6350,7344
4190,7345
2739,7346
1459,7347
1484,7348
6370,7348
6718,7349
107,7350
7130,7350
155,7351
2,7352
54,7352
548,7356
6756,7357
35,7358
155,7358
3508,7358
6523,7359
1797,7360
169,7365
1041,7366
1765,7366
7148,7366
218,7368
76,7369
0,7370
237,7371
334,7371
5706,7371
2484,7373
3642,7373
369,7374
517,7374
3350,7375
275,7377
489,7378
5788,7378
3003,7380
590,7383
7239,7384
6688,7385
1676,7386
2937,7387
1158,7388
374,7389
803,7389
2877,7390
3089,7390
439,7392
608,7392
1378,7392
3375,7392
4649,7392
4265,7394
155,7395
86,7396
5892,7398
2140,7402
6831,7402
43,7405
2,7406
3406,7406
5195,7406
1541,7408
4219,7408
655,7409
809,7409
5100,7409
2037,7410
0,7412
3584,7413
5500,7413
934,7414
93,7415
6439,7415
5281,7417
3545,7419
396,7420
140,7421
4999,7423
5678,7424
2,7426
5812,7426
2563,7428
2294,7429
2917,7430
3379,7431
1444,7432
54,7433
2652,7435
3520,7436
2011,7439
0,7440
388,7440
884,7441
1756,7442
6503,7443
3457,7445
5370,7445
6799,7445
5228,7446
1280,7447
3171,7448
395,7451
3043,7451
840,7452
3478,7452
6538,7453
155,7455
2688,7456
5388,7456
4,7459
1757,7459
144,7461
300,7461
78,7462
1541,7462
4265,7462
68,7463
3708,7463
1137,7464
3657,7464
3972,7464
6427,7464
5144,7466
6,7469
5152,7474
3,7475
347,7476
6518,7477
6432,7478
144,7479
1269,7479
5227,7479
374,7480
637,7480
6841,7480
4372,7481
2442,7483
206,7484
2187,7488
2785,7488
2877,7489
2958,7490
856,7491
3056,7491
4904,7493
5471,7493
41,7495
5185,7495
1406,7496
3411,7496
1235,7497
478,7498
1192,7500
6759,7500
1348,7504
2723,7505
3000,7506
3925,7506
16,7508
1207,7508
3582,7508
1252,7509
3036,7509
4604,7509
7232,7511
0,7512
149,7512
2144,7513
3000,7513
3001,7514
6596,7514
860,7515
5494,7515
1809,7517
6304,7517
6525,7518
30,7520
1448,7520
2237,7520
67,7521
856,7522
6626,7523
974,7524
4453,7526
3784,7527
5921,7527
7344,7527
6166,7530
0,7531
383,7532
6610,7532
809,7534
3847,7534
7309,7534
1615,7536
1809,7536
7242,7536
75,7538
890,7539
915,7539
1768,7541
2062,7542
2036,7543
4810,7543
16,7545
1016,7545
590,7546
1396,7546
6208,7546
573,7548
7462,7548
404,7553
775,7554
872,7554
5966,7554
810,7556
3237,7556
2793,7557
2682,7559
685,7560
2749,7561
2544,7563
3915,7563
2973,7564
4054,7565
4657,7566
5574,7566
1146,7567
4186,7567
1714,7569
3724,7569
4597,7569
122,7570
331,7570
395,7570
92,7572
2709,7573
6678,7576
3663,7577
2,7579
68,7580
11,7581
411,7582
2761,7582
5090,7583
294,7585
1686,7586
154,7587
7213,7587
5777,7588
439,7590
118,7591
1015,7591
2200,7591
106,7592
4129,7593
28,7594
590,7595
64,7597
314,7598
1252,7601
3944,7601
1407,7602
347,7603
4080,7604
360,7606
1485,7606
4511,7609
168,7610
295,7613
3392,7613
6957,7613
5719,7616
771,7617
5706,7619
2,7621
2271,7622
35,7623
254,7623
6181,7623
4491,7624
36,7625
4194,7625
3650,7626
356,7627
5406,7628
3080,7629
3707,7630
5428,7632
3319,7633
1740,7634
0,7635
4296,7636
5973,7636
120,7637
944,7639
360,7640
6439,7640
1233,7641
1556,7641
323,7645
7452,7645
818,7646
3215,7646
470,7649
367,7650
771,7650
1311,7650
98,7651
4223,7651
1893,7652
2754,7652
3788,7652
1146,7656
4025,7658
2004,7659
905,7661
56,7664
561,7664
2572,7664
5875,7665
1544,7666
192,7670
3076,7670
5209,7670
13,7671
53,7673
150,7673
3043,7674
2351,7675
311,7676
4984,7678
0,7679
5920,7679
470,7680
5151,7684
7459,7684
1155,7686
6414,7687
7286,7688
3648,7690
5920,7692
1220,7693
301,7697
5288,7697
672,7698
247,7701
2181,7702
4273,7703
257,7704
4520,7704
1976,7705
2281,7705
2314,7705
4365,7705
7059,7705
7299,7705
1811,7708
2884,7708
193,7709
7579,7709
181,7711
2079,7714
7156,7714
398,7715
6431,7715
7366,7716
280,7717
6,7718
994,7718
271,7720
6957,7721
4256,7723
0,7724
5066,7724
558,7726
5719,7728
1393,7729
5529,7729
2618,7730
245,7731
1516,7731
1648,7731
1675,7731
316,7732
3520,7732
6947,7733
2172,7735
4355,7735
307,7736
634,7736
1425,7737
6181,7737
1664,7740
420,7741
2440,7741
5675,7741
6516,7742
3149,7743
3206,7743
3701,7743
5974,7744
133,7746
410,7746
2251,7747
3205,7748
1711,7750
2268,7750
4552,7751
140,7752
872,7752
687,7758
1634,7758
237,7759
1026,7761
375,7762
1882,7762
1932,7762
81,7766
3810,7768
3082,7771
6432,7771
32,7775
1257,7775
2004,7775
3641,7775
6830,7775
2145,7776
213,7777
77,7778
289,7780
324,7780
4296,7780
4611,7782
6587,7783
192,7786
1530,7786
1082,7788
917,7790
3876,7790
118,7792
4019,7792
4700,7792
3267,7794
4312,7794
3400,7795
7548,7795
6449,7796
6,7797
5150,7797
130,7800
1116,7801
6492,7801
3063,7802
142,7803
2007,7803
527,7807
1691,7809
2099,7810
1454,7811
6017,7813
2098,7814
2395,7814
1688,7820
5914,7821
1511,7824
1554,7824
2481,7824
2045,7825
54,7826
1122,7826
2566,7828
571,7830
1253,7830
23,7831
172,7831
735,7832
4976,7834
2,7835
5572,7835
197,7837
1731,7838
1461,7839
2465,7841
2488,7841
172,7842
294,7843
1852,7845
5675,7845
5731,7846
139,7847
4245,7847
332,7848
361,7849
1884,7851
3510,7851
1920,7852
421,7855
150,7857
1774,7858
3637,7859
7148,7859
1240,7861
6912,7861
1500,7862
1817,7862
5921,7862
1100,7863
1491,7867
5502,7867
1744,7868
5999,7868
4985,7869
840,7870
2245,7870
1358,7871
4860,7871
6877,7872
4556,7873
7567,7873
440,7876
845,7876
2477,7877
53,7878
1715,7878
130,7879
1443,7879
7113,7881
7138,7881
4767,7884
367,7885
1861,7885
5302,7885
4930,7886
1233,7887
4622,7889
572,7892
6500,7892
582,7895
3,7896
7286,7896
101,7897
1428,7898
1457,7898
467,7899
603,7899
0,7902
1230,7902
28,7903
13,7904
2840,7905
3076,7905
7534,7905
2161,7906
458,7907
294,7908
3286,7911
7505,7912
2971,7913
5911,7914
7232,7914
2,7915
1506,7915
192,7917
846,7919
3376,7919
4976,7919
75,7920
2224,7921
169,7922
450,7922
2023,7923
2926,7923
6758,7924
470,7925
2247,7925
905,7927
5280,7929
5612,7929
3,7930
334,7930
1447,7930
93,7932
1055,7932
186,7933
3827,7934
6073,7934
6208,7934
7453,7934
7820,7934
3117,7935
169,7936
2803,7936
870,7937
890,7937
1110,7937
1711,7937
6605,7937
6585,7939
6,7940
5368,7941
6718,7942
7155,7942
1847,7943
4921,7943
5563,7947
6166,7948
7208,7948
2634,7949
109,7951
3430,7952
315,7953
342,7953
515,7953
2934,7954
6,7956
3842,7956
4349,7958
5259,7961
3220,7963
3693,7965
7703,7966
32,7968
589,7968
3036,7968
6166,7969
1986,7970
1624,7971
5616,7972
498,7973
174,7975
3000,7976
0,7977
5657,7977
2331,7978
2848,7978
5496,7978
200,7979
1671,7982
5447,7983
2049,7984
2637,7984
14,7985
1706,7985
0,7986
2187,7987
109,7988
2841,7988
43,7989
181,7989
125,7991
197,7992
11,7993
564,7993
1113,7994
4810,7996
3955,7999
1196,8000
4414,8001
4765,8001
172,8004
905,8005
4432,8005
79,8011
439,8011
1665,8011
4295,8011
4411,8011
471,8012
808,8013
1725,8013
78,8014
603,8014
4183,8014
294,8016
86,8018
4966,8018
197,8020
771,8020
4218,8020
4925,8020
96,8021
1120,8021
1902,8021
6,8022
4856,8022
5252,8022
2391,8023
4624,8023
197,8024
1183,8025
197,8027
685,8028
2,8033
3313,8033
7670,8033
0,8034
451,8035
2,8038
14,8043
7914,8043
0,8045
7673,8045
7907,8046
321,8048
7142,8048
3193,8050
6,8051
512,8052
4051,8054
3630,8056
5400,8056
7742,8056
582,8057
49,8058
360,8058
895,8058
973,8060
1126,8060
2841,8060
1015,8061
4898,8061
2,8062
2,8063
1793,8063
1005,8064
3582,8068
548,8069
2106,8070
4883,8071
1327,8072
1862,8072
5465,8074
7750,8075
3427,8076
1664,8077
2947,8077
91,8078
1692,8079
0,8082
279,8082
7508,8085
0,8086
3526,8087
3712,8088
6192,8089
3516,8090
4542,8090
4695,8090
6292,8091
1,8093
6,8093
2602,8093
2761,8093
3787,8093
628,8094
2814,8095
4113,8095
1932,8096
3014,8100
528,8103
2976,8103
4278,8103
3869,8104
6058,8104
1233,8105
7072,8105
2444,8107
1192,8108
3181,8108
165,8109
545,8110
7832,8110
548,8111
523,8112
0,8114
1652,8114
2290,8114
3533,8114
3619,8115
2,8116
66,8116
431,8117
2185,8117
2957,8118
3631,8118
86,8120
2,8121
1692,8121
3,8122
280,8123
2219,8123
3973,8123
1652,8125
288,8127
1122,8127
2697,8127
4982,8128
1514,8129
79,8132
91,8132
5777,8135
1317,8136
3140,8137
1203,8140
3089,8140
4517,8140
4048,8141
3298,8142
4966,8142
5989,8145
2823,8147
110,8148
7692,8148
819,8150
8056,8150
30,8152
5836,8152
310,8154
1579,8154
418,8155
197,8156
6039,8163
913,8165
5304,8165
5372,8165
2391,8166
183,8169
3584,8169
7046,8169
0,8173
2419,8173
679,8175
2044,8175
2048,8176
3600,8176
3719,8176
0,8177
523,8177
2466,8177
7943,8177
453,8178
687,8178
6411,8178
7203,8178
6181,8180
185,8182
1239,8182
1451,8182
6862,8182
8114,8182
1857,8184
7348,8184
1069,8185
6466,8185
7358,8185
122,8187
6481,8187
6970,8187
1137,8193
2499,8194
8115,8195
142,8197
3861,8198
1848,8199
3373,8200
3857,8203
227,8204
334,8204
5419,8204
3482,8207
1274,8208
1820,8208
109,8209
543,8209
1541,8209
4745,8209
2602,8210
53,8211
288,8211
1511,8211
5173,8212
4198,8216
5,8217
94,8218
4720,8221
334,8222
7978,8222
4223,8223
1774,8224
0,8225
2688,8226
6427,8226
6955,8226
4219,8228
844,8230
5734,8230
454,8231
1682,8231
1073,8232
4223,8233
7284,8234
105,8235
192,8236
1149,8236
2291,8236
4068,8237
7302,8238
1515,8240
991,8245
7732,8245
253,8247
3424,8248
3313,8251
407,8252
3371,8253
4841,8253
6089,8253
0,8255
5,8256
1425,8256
5026,8258
865,8259
1477,8260
1784,8260
2381,8260
2892,8260
3222,8262
3470,8263
7253,8264
4695,8265
5271,8266
5399,8266
1080,8267
1152,8268
2623,8269
1392,8271
5921,8271
1137,8272
3053,8272
7859,8273
887,8274
3901,8275
5448,8278
2099,8279
3510,8279
500,8282
1121,8282
4613,8282
3994,8286
8093,8287
93,8288
301,8288
375,8288
1693,8288
7087,8288
3956,8289
35,8290
3580,8292
6784,8293
2079,8295
639,8296
3729,8296
6979,8296
7705,8296
237,8299
3000,8299
3802,8299
5230,8300
8027,8301
3515,8303
6,8304
1652,8304
5927,8304
16,8305
66,8305
197,8305
2793,8306
150,8308
7732,8309
5529,8310
3472,8312
1842,8313
1943,8314
1824,8315
2208,8315
3768,8315
971,8316
0,8317
878,8317
4291,8317
273,8318
352,8318
4290,8318
293,8319
1980,8319
3082,8320
3,8321
1457,8321
1133,8322
6266,8322
467,8323
41,8324
3533,8325
3549,8325
94,8327
2429,8327
440,8331
68,8333
238,8333
3692,8334
2,8335
3240,8335
3184,8337
54,8341
1810,8341
6181,8341
1448,8343
4808,8345
549,8346
5608,8346
98,8347
5080,8349
3095,8352
4954,8353
5458,8354
6866,8355
2131,8356
4444,8357
8056,8357
3576,8358
243,8359
4551,8359
548,8360
2007,8360
2818,8362
8309,8362
943,8364
952,8368
2652,8369
0,8370
2312,8370
4343,8370
6580,8370
365,8371
5858,8371
8094,8371
1248,8372
6231,8374
7735,8374
1100,8375
4358,8375
5443,8375
334,8376
4559,8378
2934,8380
4848,8381
6218,8382
8033,8382
536,8383
1155,8384
367,8385
1920,8385
2909,8385
125,8387
6046,8387
1613,8388
3797,8391
6619,8391
274,8392
4049,8392
1880,8393
2878,8393
3713,8395
5791,8395
6102,8395
7594,8396
1682,8398
5718,8398
1438,8401
4423,8404
4448,8405
98,8409
3475,8409
4353,8409
2145,8411
28,8413
6497,8415
13,8416
2380,8416
150,8417
3173,8417
4363,8417
188,8420
157,8421
2161,8422
4700,8422
4517,8423
0,8430
5245,8430
23,8431
1515,8432
277,8433
2144,8433
4270,8433
5200,8433
2983,8434
2381,8435
1886,8436
4921,8437
237,8438
8251,8438
321,8439
94,8440
1662,8442
2058,8444
2048,8446
188,8448
2062,8449
319,8450
2971,8450
542,8451
467,8452
2802,8454
4810,8455
3045,8457
3582,8458
2950,8461
7795,8461
323,8463
4616,8463
5042,8463
1250,8464
3569,8464
5663,8465
8114,8466
294,8467
4137,8467
2515,8469
5100,8469
4684,8470
1552,8471
1930,8472
32,8474
28,8476
573,8478
878,8478
3756,8478
2770,8479
54,8481
687,8481
416,8483
5199,8483
106,8484
5,8485
165,8485
573,8486
1878,8486
8087,8486
0,8487
2568,8488
2106,8489
5413,8489
6764,8489
3237,8490
279,8491
7195,8491
0,8493
451,8495
488,8495
1311,8498
3116,8499
6384,8499
8433,8500
49,8502
299,8502
255,8503
772,8506
2017,8506
1693,8507
5939,8507
590,8509
3089,8509
0,8510
92,8510
3483,8510
0,8511
1893,8512
2387,8513
2445,8514
4605,8514
5043,8515
1884,8517
3420,8517
1250,8518
4601,8518
5500,8519
944,8520
3123,8520
3534,8520
845,8523
2,8527
6492,8527
4377,8529
200,8530
2096,8530
5452,8530
3102,8532
8359,8532
2139,8533
3475,8533
489,8534
2486,8534
5351,8534
453,8537
3590,8537
1444,8538
144,8539
295,8539
4054,8541
2811,8542
1400,8545
2013,8545
8000,8545
7937,8547
3111,8548
1320,8549
2995,8549
4081,8550
6731,8550
5731,8551
1777,8552
407,8553
3579,8553
8260,8553
3020,8555
3319,8557
2,8560
1322,8560
5720,8560
11,8561
1742,8561
120,8562
1880,8562
1767,8564
965,8565
772,8566
35,8568
447,8568
1981,8568
2041,8573
1427,8575
5467,8578
3691,8579
5251,8579
30,8581
4559,8581
93,8583
188,8583
2078,8584
7116,8585
3058,8586
1021,8587
8334,8588
8510,8589
7977,8590
1213,8593
663,8594
1457,8594
614,8598
2708,8598
2322,8599
4653,8599
584,8601
6504,8601
408,8602
4453,8603
814,8606
4945,8606
2145,8607
6764,8608
2374,8609
639,8610
369,8612
3870,8614
1555,8617
8440,8617
5857,8618
6523,8619
4432,8620
4872,8621
5324,8621
6208,8623
3014,8624
6811,8625
1405,8627
6538,8627
7977,8627
1225,8628
5413,8629
301,8630
2131,8632
5152,8637
267,8639
0,8640
447,8641
2185,8643
5293,8643
1958,8645
1038,8646
3333,8646
104,8647
139,8649
2181,8651
23,8652
1615,8652
512,8654
53,8655
3309,8655
608,8656
5237,8656
6838,8657
6446,8659
1221,8661
2145,8661
54,8662
1842,8662
3253,8663
205,8667
440,8669
158,8670
2884,8671
443,8672
262,8673
3304,8675
1153,8677
75,8678
536,8678
1213,8678
4542,8678
8115,8678
6498,8680
1469,8684
1772,8684
2078,8684
7987,8684
266,8687
11,8690
7548,8690
7292,8691
2,8693
3322,8696
5234,8696
8655,8697
98,8699
8230,8699
794,8700
1252,8700
3826,8700
1652,8701
83,8702
5886,8702
0,8703
6286,8704
691,8705
1155,8708
1742,8708
2796,8708
3429,8710
2185,8711
1457,8712
4372,8713
13,8714
279,8718
406,8718
1686,8718
3020,8718
3348,8718
32,8719
4188,8719
3602,8721
573,8722
1519,8723
0,8725
3178,8725
527,8726
193,8727
3422,8727
53,8728
695,8729
3524,8729
193,8730
2716,8732
28,8733
144,8733
4221,8733
5747,8733
6044,8733
7563,8733
416,8734
1229,8735
3836,8735
0,8737
3555,8737
5949,8737
2793,8739
6813,8739
49,8741
64,8741
2301,8745
5898,8745
5979,8745
4548,8746
2114,8747
7563,8748
2312,8749
3794,8749
130,8750
1686,8750
8165,8750
1980,8752
5467,8753
150,8755
86,8757
1542,8757
2957,8757
54,8759
109,8759
6288,8759
222,8761
250,8761
4729,8761
1379,8762
1487,8762
280,8765
6697,8766
6947,8766
7392,8766
16,8768
709,8772
1284,8772
155,8778
83,8779
3944,8779
2665,8781
130,8782
294,8782
6556,8782
4203,8783
5448,8783
1082,8784
8488,8784
2697,8786
4446,8786
595,8787
1046,8787
3907,8787
7556,8788
4709,8789
8678,8789
201,8790
6632,8791
6782,8791
53,8793
2340,8794
4385,8794
7863,8796
1427,8797
6,8798
269,8798
1459,8798
3,8799
7595,8799
7459,8800
299,8801
5993,8801
5395,8803
188,8804
8392,8804
7792,8806
582,8807
1207,8807
2145,8807
4316,8807
1863,8808
4366,8808
2636,8810
472,8811
295,8813
2486,8813
6047,8813
2665,8814
7352,8815
613,8816
227,8821
1855,8822
840,8824
2446,8824
3834,8824
4748,8824
699,8825
8169,8826
798,8827
6138,8827
1826,8828
7243,8829
5701,8831
6019,8832
1084,8833
474,8834
222,8835
3230,8835
3745,8835
1109,8837
5974,8837
8383,8839
596,8840
3139,8841
886,8843
1714,8843
917,8844
6035,8845
4050,8846
3318,8850
6538,8853
5706,8854
7761,8856
1017,8858
3486,8858
410,8862
5302,8863
523,8864
1243,8864
7641,8864
8599,8864
107,8867
724,8867
1034,8867
1895,8867
7380,8867
246,8868
3056,8871
301,8872
13,8873
3918,8873
3788,8875
6249,8875
280,8876
7148,8876
2557,8877
3252,8877
1757,8878
3290,8878
323,8879
1284,8879
1897,8879
1896,8880
5974,8880
590,8884
4358,8884
2451,8887
7766,8887
104,8888
107,8889
332,8889
6,8890
0,8892
1836,8893
109,8894
8652,8894
3616,8896
4079,8896
5294,8897
16,8901
813,8901
458,8903
7452,8904
3,8905
164,8907
2259,8907
7752,8907
7705,8908
317,8909
1155,8909
8560,8912
4916,8916
1425,8917
6808,8917
8846,8918
2353,8922
3089,8922
271,8924
2286,8924
7724,8924
6338,8925
6847,8925
545,8926
5977,8927
1161,8931
1080,8933
1111,8934
2634,8934
3326,8934
4659,8936
36,8937
1401,8938
1295,8939
1965,8940
7783,8941
743,8943
4180,8944
7809,8946
2395,8947
2170,8948
971,8949
1425,8949
2120,8949
2389,8950
4582,8950
817,8951
2531,8951
4418,8951
5,8953
1238,8953
1290,8954
2029,8955
7266,8955
54,8956
685,8956
1542,8958
4500,8960
5616,8960
347,8964
778,8964
4898,8964
778,8965
3257,8965
1046,8968
13,8970
7943,8971
6596,8973
371,8975
5272,8976
2,8981
3900,8982
8704,8983
3482,8985
0,8986
474,8986
527,8987
107,8989
3285,8989
6072,8989
4573,8990
447,8991
1424,8991
247,8992
3582,8993
6549,8994
1583,8995
3104,8995
191,8996
3847,8997
1109,8999
3745,8999
6332,9000
5616,9001
551,9003
6,9005
8180,9007
8288,9008
1582,9009
543,9011
5369,9014
8673,9015
915,9017
2086,9018
4295,9018
2176,9019
295,9020
953,9020
2353,9020
342,9023
5644,9026
4534,9027
8020,9028
512,9030
8060,9030
2223,9031
3188,9032
1968,9033
3799,9033
2005,9034
3048,9034
2501,9035
5901,9035
818,9039
1890,9039
7937,9040
28,9041
6101,9041
2754,9042
7676,9043
188,9044
890,9045
1168,9045
91,9046
5977,9049
183,9050
3068,9050
3445,9050
0,9052
4223,9052
86,9053
2568,9053
3409,9053
526,9054
6,9055
1121,9056
5960,9056
1972,9057
2881,9058
7775,9058
1109,9059
5628,9059
556,9061
294,9062
331,9062
2011,9062
5195,9063
3979,9064
5632,9065
5895,9065
4245,9066
5619,9067
3396,9069
2840,9071
1990,9072
7577,9074
2220,9075
4356,9075
6949,9076
36,9077
4753,9077
197,9078
1021,9080
495,9082
398,9084
43,9085
1121,9087
78,9088
1627,9091
5886,9091
7652,9092
2380,9093
5388,9093
6267,9093
3299,9094
125,9096
1100,9098
2298,9098
5035,9098
5256,9098
8383,9099
1380,9100
3597,9104
1126,9105
1829,9105
4670,9105
5380,9105
8405,9107
554,9108
4541,9108
5368,9108
542,9110
2,9113
1131,9115
4042,9116
6787,9116
2426,9120
639,9122
655,9122
6260,9123
1714,9124
2475,9124
7328,9124
7735,9124
3062,9125
712,9127
7881,9127
209,9129
367,9129
2847,9129
1,9131
687,9131
2004,9131
332,9132
1153,9133
1330,9133
5502,9137
43,9138
1473,9138
5268,9139
78,9142
3615,9142
7576,9142
237,9143
4951,9143
5304,9143
3735,9144
726,9145
8176,9145
2568,9146
4123,9149
188,9150
3569,9151
2486,9153
7129,9153
4062,9154
902,9155
3692,9156
4112,9156
5531,9156
9067,9156
6,9159
7493,9164
374,9167
2755,9167
6218,9170
7439,9172
673,9173
7352,9174
3382,9176
1757,9178
2978,9178
5763,9178
130,9180
6443,9181
1413,9184
2697,9184
226,9186
5558,9187
7994,9187
1626,9188
8337,9189
1306,9190
41,9194
2287,9194
3520,9194
5973,9194
0,9196
6178,9197
7761,9197
0,9198
2,9199
148,9200
250,9200
1068,9200
1988,9200
3687,9204
837,9205
3860,9205
4524,9206
5452,9206
2181,9207
7594,9207
4077,9208
5,9209
703,9209
1848,9209
4182,9210
8411,9212
5164,9216
79,9217
2575,9217
28,9218
1145,9219
3830,9219
890,9221
4092,9221
1238,9222
6488,9222
5215,9228
5302,9228
443,9229
1052,9230
3420,9230
227,9231
721,9231
7565,9233
1447,9235
273,9236
604,9239
36,9240
4721,9241
2855,9242
6128,9242
2023,9243
66,9244
2747,9244
2187,9245
5706,9245
163,9246
4874,9247
474,9253
4708,9254
5130,9256
2461,9258
3794,9258
7556,9258
642,9259
5537,9261
2286,9263
447,9264
3642,9268
3,9269
153,9270
623,9270
223,9271
431,9271
3000,9271
150,9272
517,9272
2039,9272
237,9273
814,9273
672,9274
2025,9275
1511,9276
6606,9276
54,9277
687,9277
1296,9277
1583,9277
7356,9278
735,9279
2092,9281
733,9282
6806,9282
294,9283
4974,9283
5026,9283
1492,9285
2,9289
2936,9291
4670,9291
331,9295
2205,9295
1100,9296
367,9299
6044,9299
1508,9300
2327,9300
8787,9300
16,9301
2138,9301
1861,9304
3239,9305
7279,9306
140,9307
347,9307
4593,9307
7432,9307
4381,9310
9245,9310
1444,9313
2760,9313
1428,9314
573,9316
4416,9319
4604,9319
1111,9320
1250,9320
7385,9320
594,9321
7432,9323
2768,9326
54,9327
3186,9327
5747,9328
6084,9328
6320,9329
1878,9331
5110,9331
323,9332
1052,9333
6044,9335
7059,9335
139,9337
3998,9337
5637,9337
13,9338
6195,9339
937,9341
2,9343
3641,9343
3446,9344
8141,9344
197,9346
2181,9347
4182,9347
4391,9347
4090,9349
1543,9350
3135,9351
4973,9351
6193,9351
7371,9352
4677,9353
79,9355
2564,9357
7646,9357
6107,9359
1130,9360
3642,9360
4856,9361
230,9362
4613,9362
13,9365
347,9365
150,9368
9067,9369
11,9370
131,9370
1205,9373
1734,9373
8169,9374
4401,9375
2,9377
1469,9377
54,9379
2137,9380
4726,9380
4911,9380
374,9381
4375,9384
1893,9385
5845,9387
6194,9387
3549,9388
0,9389
3424,9389
7243,9389
1254,9392
4547,9394
197,9395
211,9395
6497,9395
8234,9395
784,9396
5779,9396
6336,9396
1784,9397
2619,9398
4753,9398
8593,9399
723,9400
5173,9401
3000,9402
3381,9403
395,9404
548,9406
269,9407
4898,9408
479,9410
7623,9413
2196,9414
2074,9418
2568,9418
2733,9420
7720,9421
3526,9422
1392,9428
4543,9430
862,9431
41,9432
1565,9432
3597,9432
367,9433
687,9436
2,9437
6096,9437
698,9439
1447,9439
1021,9441
6825,9441
53,9444
7775,9444
851,9445
2127,9446
3441,9447
185,9448
512,9448
25,9449
4541,9450
4555,9450
791,9451
1009,9451
2140,9451
4441,9452
323,9453
237,9454
406,9454
639,9454
1113,9458
2450,9458
5836,9459
6913,9459
8598,9459
7554,9460
324,9463
644,9463
2728,9463
7136,9463
7451,9463
7846,9464
779,9465
1711,9465
2231,9467
371,9471
2272,9471
3062,9471
1772,9472
3322,9472
6,9473
125,9473
639,9473
3327,9473
885,9475
1558,9475
4738,9475
4720,9477
7506,9477
7035,9479
917,9481
648,9482
4036,9483
142,9484
7130,9485
6702,9486
2953,9487
5790,9487
75,9488
3721,9488
35,9489
5408,9491
8729,9493
2501,9494
3472,9494
6822,9495
9301,9497
566,9499
5263,9499
816,9500
6741,9500
1744,9501
9209,9501
1469,9504
8994,9506
3000,9507
1784,9508
252,9510
6696,9510
934,9511
2786,9511
8486,9512
2959,9513
1355,9514
7498,9514
3701,9516
7303,9516
381,9518
7296,9518
144,9519
130,9520
7613,9521
342,9524
3217,9525
1716,9526
579,9527
965,9527
2318,9528
8641,9529
5875,9530
8018,9530
9124,9530
2255,9533
252,9534
345,9535
1221,9537
4657,9537
4883,9537
2934,9538
2958,9539
1164,9540
2429,9540
6585,9540
3313,9541
3526,9541
7103,9542
98,9546
1149,9546
8207,9546
4805,9548
8362,9548
3974,9549
2682,9550
3807,9553
2954,9555
4567,9555
2220,9557
5567,9557
323,9560
3687,9560
5996,9560
287,9562
5287,9562
6844,9563
5409,9564
155,9565
232,9568
464,9568
628,9568
6947,9569
1320,9571
2387,9571
2599,9571
4761,9571
7969,9574
1878,9575
9472,9575
197,9576
386,9576
6233,9576
7098,9576
832,9577
988,9577
2220,9578
1782,9579
2460,9579
4133,9579
2389,9580
7930,9581
3045,9582
7073,9582
188,9583
4273,9583
101,9586
794,9586
3799,9586
467,9587
3390,9587
209,9588
1048,9588
5116,9588
344,9590
1547,9591
2701,9591
4931,9592
4988,9592
2,9596
154,9596
7556,9596
3955,9597
64,9598
4219,9598
2166,9599
2301,9599
0,9600
7919,9601
2486,9602
3155,9602
3625,9602
3869,9603
6902,9603
4372,9606
5541,9607
8230,9613
857,9614
7466,9614
6310,9616
545,9618
3135,9618
6159,9622
5838,9624
86,9626
3804,9626
166,9627
889,9629
2219,9629
2267,9629
6665,9630
512,9632
2429,9634
2,9636
100,9637
150,9639
8058,9639
1773,9640
4092,9641
154,9643
2802,9645
7870,9647
879,9648
1248,9648
1652,9648
1384,9652
2689,9652
1284,9653
6205,9653
1415,9654
2647,9654
4332,9654
579,9655
756,9655
865,9655
3356,9655
550,9656
5287,9659
6585,9659
3319,9660
6994,9660
3067,9661
6837,9661
0,9663
2,9663
294,9665
110,9666
1121,9666
2387,9667
6181,9667
4661,9669
664,9670
872,9670
1592,9670
4598,9670
6977,9670
551,9672
1533,9672
2666,9672
9055,9673
1139,9674
2285,9674
844,9675
7307,9675
2381,9676
735,9677
3897,9678
6072,9680
9246,9680
1909,9681
1312,9684
1441,9684
3219,9684
6113,9685
1319,9687
6213,9687
0,9688
500,9689
4001,9689
4051,9689
5269,9689
300,9690
498,9690
573,9690
2470,9691
6599,9691
1139,9692
5011,9693
294,9694
1146,9694
2364,9695
5114,9695
3569,9696
6070,9697
5,9698
7182,9698
227,9699
4405,9700
9244,9700
691,9704
5185,9704
5869,9704
28,9705
1127,9706
1424,9706
2747,9707
14,9708
4130,9708
351,9709
1168,9709
8782,9709
9473,9709
2312,9711
9173,9712
2446,9713
1857,9714
7976,9714
3309,9715
8387,9715
86,9716
840,9716
967,9720
30,9721
6099,9721
7680,9723
1457,9724
1774,9724
2831,9724
6044,9724
5437,9725
905,9727
5105,9728
3975,9729
3609,9731
4054,9731
6746,9731
2671,9733
3403,9733
3768,9733
7455,9733
222,9735
614,9735
1543,9735
81,9736
3318,9736
6587,9738
1233,9740
2208,9740
3094,9740
3182,9740
8527,9740
9487,9742
4233,9743
1444,9744
3351,9745
211,9746
1506,9747
3268,9748
104,9749
6796,9749
2872,9751
2920,9752
8304,9752
7359,9753
6339,9754
3533,9755
1553,9756
2749,9756
7500,9756
6984,9757
8178,9757
858,9761
8608,9761
150,9765
994,9765
5985,9766
2884,9767
2481,9768
8834,9770
9756,9771
8467,9774
3377,9775
1566,9776
3495,9776
8599,9777
5269,9778
6465,9778
5,9781
4413,9781
6233,9783
5264,9784
6966,9785
5394,9786
5555,9786
5591,9787
5541,9788
244,9789
749,9790
314,9793
3379,9793
5546,9795
7064,9795
5255,9796
9418,9796
6517,9798
0,9801
2774,9802
1930,9804
6794,9805
6,9806
327,9806
156,9807
3701,9809
3113,9811
6184,9813
5616,9814
9209,9814
2542,9815
7117,9816
8672,9816
219,9818
526,9821
6720,9822
2770,9823
5494,9824
188,9825
548,9826
8393,9829
4418,9830
451,9833
4670,9833
2278,9835
868,9836
691,9837
3858,9838
4239,9838
8537,9838
8121,9839
3905,9840
724,9842
156,9845
6870,9845
7488,9845
5773,9846
8001,9846
95,9849
4026,9849
6962,9850
4749,9852
0,9853
1191,9855
3159,9855
5667,9855
5026,9858
3712,9861
1406,9862
489,9864
753,9864
68,9865
5549,9865
840,9866
8612,9866
4860,9868
157,9869
416,9875
3554,9875
1541,9876
5555,9877
16,9879
3569,9879
1201,9881
9120,9882
3003,9884
3925,9884
344,9886
9663,9886
1662,9889
520,9891
9033,9891
1858,9892
2100,9892
398,9895
1335,9895
6585,9895
8750,9896
1506,9898
4177,9898
6730,9900
566,9902
577,9903
5690,9903
5836,9904
6845,9904
3820,9905
1353,9906
3482,9907
4318,9907
7491,9907
254,9909
5094,9909
3327,9910
8335,9911
280,9912
5848,9912
819,9913
4353,9913
307,9915
9272,9915
347,9916
2169,9917
1692,9918
8728,9919
543,9922
3520,9923
5241,9925
5594,9925
406,9926
1896,9927
3137,9928
6072,9928
267,9930
3313,9930
9907,9931
1867,9932
7246,9934
157,9935
367,9935
3918,9936
3855,9937
13,9939
837,9939
4199,9941
223,9943
1890,9943
7307,9943
6651,9944
56,9945
2115,9946
0,9947
852,9947
3036,9948
3694,9948
588,9949
9020,9950
9014,9952
7127,9954
431,9955
639,9955
142,9957
275,9957
8704,9957
451,9959
542,9960
5270,9962
8968,9962
1103,9966
1506,9966
8479,9967
1368,9969
3178,9969
1429,9970
9454,9970
1044,9971
8011,9973
80,9976
584,9976
14,9977
8234,9977
2340,9978
433,9980
3530,9980
7156,9980
454,9981
0,9982
7371,9982
424,9983
9001,9983
6039,9985
9855,9985
5542,9986
16,9989
3823,9989
440,9995
1475,9996
2239,9997
353,9998
3318,9998
3986,9999
