0,1
0,2
1,2
2,3
1,4
2,4
0,6
1,6
0,7
2,7
6,7
0,9
2,9
0,10
4,10
7,11
7,13
0,15
6,16
0,17
4,17
6,18
7,18
1,19
4,19
9,19
17,19
6,20
19,20
1,21
19,21
19,22
1,23
4,23
11,25
2,29
18,30
17,32
0,33
0,35
7,35
9,35
6,36
2,39
21,40
1,41
2,41
35,41
36,41
4,43
1,44
19,44
41,44
19,45
19,46
4,48
9,49
4,50
19,50
41,50
30,51
1,54
18,54
19,56
39,57
49,57
41,59
56,63
33,64
36,64
33,65
0,66
19,67
22,67
32,67
0,70
4,71
19,71
30,72
4,73
20,73
0,75
56,75
64,75
16,76
50,76
0,77
4,77
2,78
49,78
0,80
0,81
46,81
2,82
17,82
2,84
81,84
19,85
41,85
19,86
1,87
30,89
36,89
85,89
41,90
17,91
75,98
41,99
1,101
77,101
44,102
80,102
20,103
23,103
54,105
76,105
2,106
18,106
19,106
43,106
49,106
81,106
6,108
19,109
49,110
2,112
4,113
41,115
85,117
1,118
4,120
30,120
84,120
1,121
117,121
18,122
41,122
73,122
4,123
33,124
19,126
85,126
17,127
108,127
54,128
76,128
101,128
17,130
48,131
113,131
128,132
19,134
2,136
115,136
85,138
20,139
75,141
87,141
70,142
77,142
89,142
134,144
115,145
120,147
86,149
130,149
30,150
18,151
59,151
1,152
75,152
19,153
20,153
141,154
117,155
20,156
6,158
4,159
117,159
120,160
9,162
139,163
16,164
30,164
1,165
1,166
13,167
41,167
151,167
165,167
4,168
33,168
122,169
117,171
121,171
102,174
6,175
153,177
2,178
15,178
16,179
6,182
77,182
118,182
106,184
36,186
117,186
35,188
0,190
30,190
80,191
174,193
1,197
1,198
4,200
9,200
73,203
6,210
33,211
76,211
134,211
0,213
21,213
175,215
89,216
1,217
152,217
99,218
121,218
167,218
103,220
35,221
1,222
81,222
35,225
134,225
197,226
76,228
159,228
216,228
78,229
138,229
9,230
213,230
0,233
78,233
50,234
213,234
165,236
1,241
6,242
117,242
23,245
1,246
49,246
30,247
131,247
30,249
167,249
221,251
2,252
225,253
41,254
73,255
101,255
152,255
4,258
85,258
234,258
78,259
221,259
21,260
165,262
245,262
66,264
66,266
41,268
19,269
117,270
174,271
122,272
0,273
2,273
41,273
254,275
120,276
30,277
32,277
30,278
50,280
105,280
128,280
41,281
167,281
117,282
182,282
0,284
75,284
77,284
152,284
33,287
258,288
258,289
218,290
85,291
49,292
228,293
19,297
30,297
106,297
36,298
280,299
2,300
101,301
141,301
292,302
6,303
106,304
0,308
1,309
221,311
222,311
19,312
268,314
150,315
2,316
1,317
30,317
228,317
6,318
76,318
242,318
36,319
226,320
1,321
106,321
127,322
247,322
321,322
186,323
0,324
57,324
197,326
0,327
6,327
174,327
259,327
9,329
13,329
182,329
298,329
2,333
0,336
17,338
233,338
190,340
41,341
167,341
9,342
165,342
19,345
11,346
19,346
233,346
0,348
30,348
102,348
273,348
36,349
284,349
18,350
36,350
50,350
346,350
6,352
216,352
211,354
1,355
102,355
1,356
0,359
1,360
259,360
284,360
0,361
333,361
151,362
228,363
18,364
3,370
150,375
225,375
1,376
43,376
346,377
297,378
73,379
311,379
120,380
171,381
99,382
108,382
210,382
382,383
73,385
298,385
156,386
273,387
322,388
41,390
225,390
64,391
211,391
375,391
4,394
103,394
46,396
254,396
297,397
41,399
75,399
49,400
150,400
2,401
171,401
311,401
312,402
273,404
1,405
11,405
108,405
280,405
17,406
319,407
50,410
67,410
4,412
106,412
76,414
142,414
67,416
303,417
102,418
103,418
228,418
355,419
44,420
156,420
6,421
44,421
228,421
59,422
73,422
341,423
76,425
81,425
49,426
245,426
255,426
118,431
426,432
155,433
36,434
75,434
16,435
0,436
16,436
32,436
106,436
16,437
197,439
348,440
41,443
322,444
391,445
258,447
218,448
355,448
1,449
16,449
445,449
81,450
211,451
405,451
36,454
76,455
19,456
89,459
197,459
221,459
228,460
222,461
0,462
106,464
41,465
86,465
112,465
234,465
460,466
241,468
253,469
106,470
136,473
167,474
352,474
211,475
20,476
4,477
272,477
292,477
297,477
86,479
120,479
405,480
1,481
30,481
50,482
254,483
342,483
167,485
78,486
242,486
355,487
1,488
99,488
434,491
30,492
77,492
273,493
17,494
459,494
0,495
326,498
352,498
459,498
78,499
113,499
2,502
9,505
2,506
377,506
480,506
1,507
167,510
144,512
156,512
405,512
350,515
101,516
0,517
317,519
118,520
19,526
64,526
211,526
136,527
178,527
1,528
255,529
103,530
355,531
131,532
36,536
288,536
50,537
349,537
54,539
120,539
136,539
1,541
255,541
118,545
18,546
33,546
35,547
340,547
530,547
32,548
166,548
106,551
158,552
311,552
459,552
84,553
4,555
78,556
19,557
131,557
41,559
99,561
348,561
394,561
152,564
17,565
80,568
273,570
73,571
120,571
41,574
105,574
0,577
33,577
0,578
120,579
182,579
210,583
498,583
13,584
30,584
312,585
273,586
7,587
20,587
7,588
4,589
480,589
329,592
0,594
221,595
2,596
405,597
481,597
41,598
245,598
9,599
537,599
4,600
120,600
216,600
2,603
167,603
182,603
213,603
106,604
153,606
418,606
1,611
255,611
127,612
35,613
54,614
220,616
336,617
341,618
50,622
134,622
301,622
221,626
6,628
520,629
1,630
2,630
85,631
153,631
355,635
0,639
1,639
454,639
20,640
2,641
152,642
105,643
382,643
0,645
85,645
242,646
277,646
23,648
117,648
43,649
89,650
271,651
213,657
0,663
117,664
259,664
434,664
4,665
73,665
327,665
106,666
350,667
297,668
165,669
105,670
105,672
418,672
155,674
218,678
6,679
642,679
255,680
352,680
0,681
11,681
218,681
19,683
51,683
167,683
505,683
99,684
49,685
268,685
520,685
0,686
311,690
1,692
410,692
462,692
142,693
559,694
311,696
81,697
84,697
400,697
106,698
2,699
13,701
36,703
152,703
537,704
54,707
468,707
1,709
360,710
288,714
321,714
242,716
1,717
9,719
39,719
584,719
103,721
167,721
599,721
643,721
6,722
127,722
218,722
561,722
579,722
211,726
159,728
1,729
9,729
386,730
721,730
9,732
2,733
6,735
228,735
19,737
57,739
141,739
640,739
459,740
245,742
152,747
210,747
1,749
85,750
352,750
102,752
437,752
477,752
101,755
138,755
355,755
123,757
498,759
41,761
319,762
255,763
20,765
75,765
229,766
254,766
268,766
481,766
78,770
721,770
1,771
454,771
739,775
81,776
64,778
259,780
280,780
1,781
10,781
30,781
73,782
56,784
7,785
19,785
1,786
617,786
19,787
288,787
730,788
2,789
0,790
4,790
4,791
272,791
651,791
681,792
7,793
78,793
293,793
341,793
271,794
401,794
0,796
303,796
352,797
225,798
477,798
683,798
437,803
217,804
225,810
791,810
297,811
546,811
18,813
459,814
19,815
73,815
586,815
16,816
153,816
312,816
64,817
790,818
0,820
1,821
108,823
0,824
85,825
431,826
67,827
152,829
4,830
156,833
561,833
421,836
468,836
89,837
167,837
19,838
459,838
473,838
714,838
136,839
303,839
488,840
0,842
683,842
49,844
186,844
423,844
30,847
679,848
710,849
716,853
794,853
1,858
19,858
311,858
600,859
436,860
33,861
252,861
18,863
451,864
826,865
255,867
17,868
0,869
498,869
4,870
10,870
0,871
6,871
64,871
4,872
126,873
246,873
0,875
785,875
41,876
352,877
19,878
1,879
1,880
242,880
858,880
33,882
39,883
186,884
420,884
1,885
526,885
665,891
382,892
871,892
859,893
4,894
885,894
113,895
48,896
692,896
614,897
19,898
318,900
410,900
481,901
346,903
280,904
80,905
2,908
21,909
30,909
182,909
639,909
186,911
0,912
1,912
41,913
188,913
692,914
1,915
20,915
1,917
254,917
19,921
138,922
548,922
39,924
423,924
454,925
871,926
152,927
747,928
75,929
85,929
0,931
19,931
132,931
493,932
19,933
839,933
6,934
19,934
364,934
639,934
126,935
1,940
6,941
547,941
33,942
394,942
218,944
642,945
839,946
297,947
414,947
824,948
757,949
908,949
89,950
1,951
73,951
56,952
11,953
545,954
526,955
108,956
245,956
520,956
20,957
106,957
425,957
41,958
225,959
113,960
931,960
7,962
122,962
391,962
949,962
106,963
664,965
406,966
485,966
477,967
258,969
824,970
839,971
152,974
75,975
174,975
448,975
186,976
80,977
293,977
370,980
0,982
75,982
99,983
837,983
81,984
102,985
765,985
842,986
230,987
77,988
211,988
56,989
816,989
588,990
842,991
99,992
355,993
664,993
556,994
9,996
0,998
64,999
128,999
664,1000
1,1001
2,1001
459,1001
665,1001
561,1002
160,1003
126,1004
108,1005
400,1005
616,1005
49,1006
7,1007
41,1007
81,1007
0,1008
126,1009
757,1009
420,1010
600,1011
858,1015
861,1015
75,1016
87,1016
993,1016
350,1017
414,1019
152,1020
36,1022
167,1023
160,1024
19,1025
16,1027
716,1027
1,1028
721,1028
152,1029
25,1030
186,1031
757,1031
80,1032
39,1034
864,1034
926,1034
9,1036
152,1039
21,1040
122,1040
426,1040
2,1041
132,1041
179,1041
1001,1041
1,1044
85,1046
796,1048
41,1049
255,1051
326,1051
236,1054
341,1054
4,1055
50,1055
64,1055
156,1055
298,1055
949,1055
318,1056
815,1056
272,1057
665,1057
30,1058
894,1058
548,1059
959,1060
1,1061
520,1061
9,1062
139,1062
6,1063
418,1063
174,1064
891,1064
1031,1065
7,1066
459,1067
498,1067
459,1070
9,1071
136,1071
445,1072
50,1074
1058,1074
0,1075
293,1077
254,1078
908,1078
77,1079
242,1079
120,1084
126,1085
13,1088
228,1088
311,1088
159,1089
284,1089
628,1089
649,1089
50,1090
455,1090
186,1091
41,1092
81,1092
1056,1092
259,1093
1034,1093
293,1095
160,1096
254,1096
280,1097
721,1099
962,1101
200,1102
103,1103
210,1103
0,1104
85,1104
402,1104
461,1104
592,1104
823,1104
87,1106
211,1107
1041,1108
84,1109
9,1111
41,1112
0,1114
900,1114
804,1117
880,1118
115,1122
1092,1122
0,1123
4,1123
78,1123
341,1123
41,1125
17,1128
982,1128
1028,1128
234,1129
348,1129
36,1131
167,1131
292,1131
752,1131
425,1133
375,1135
254,1136
1007,1136
101,1137
422,1139
1,1141
67,1141
1055,1141
152,1142
449,1142
19,1143
112,1143
321,1144
1,1146
85,1147
425,1147
0,1149
18,1149
251,1150
131,1151
391,1152
1075,1152
0,1153
81,1153
134,1153
342,1153
763,1153
871,1153
877,1153
18,1156
924,1156
1,1158
722,1158
288,1159
672,1160
76,1164
797,1164
113,1165
75,1166
152,1168
530,1171
15,1172
19,1172
101,1173
539,1174
152,1175
221,1175
75,1176
436,1176
451,1176
211,1179
67,1180
771,1180
842,1180
20,1181
493,1181
1109,1181
103,1182
126,1183
349,1183
242,1184
76,1185
210,1185
304,1187
182,1189
678,1189
50,1191
1049,1191
66,1192
481,1192
216,1194
431,1194
826,1194
486,1195
4,1198
258,1198
565,1202
19,1203
50,1203
112,1203
33,1204
847,1204
757,1205
1112,1205
1040,1206
89,1207
341,1207
82,1208
714,1208
228,1209
0,1210
0,1211
48,1211
815,1211
992,1211
13,1212
780,1212
153,1213
30,1214
85,1215
797,1216
915,1218
64,1219
164,1220
935,1220
99,1223
151,1226
41,1229
117,1229
115,1230
218,1230
975,1230
84,1231
0,1234
213,1234
229,1236
326,1236
962,1236
120,1237
1152,1237
102,1240
152,1240
118,1241
1062,1242
1001,1243
182,1244
488,1245
577,1245
118,1246
492,1246
21,1247
4,1248
505,1248
1,1249
600,1249
112,1250
342,1250
1,1252
2,1254
0,1255
41,1255
1107,1256
459,1257
526,1257
0,1258
1,1258
108,1258
694,1258
127,1260
144,1263
908,1265
1109,1269
431,1270
934,1271
996,1271
1015,1272
933,1275
561,1279
433,1284
4,1285
118,1285
1248,1285
75,1286
1192,1287
461,1290
982,1294
6,1296
41,1296
9,1297
17,1302
1250,1303
426,1304
642,1306
49,1307
81,1309
539,1309
51,1310
355,1311
30,1312
112,1312
781,1312
251,1313
348,1313
479,1315
152,1319
16,1320
1007,1320
0,1321
929,1321
151,1322
153,1323
681,1323
684,1324
20,1325
41,1325
30,1326
106,1327
228,1327
350,1328
448,1329
692,1329
1258,1329
694,1331
1,1333
20,1333
120,1333
150,1333
246,1334
984,1334
32,1335
118,1335
152,1335
127,1337
1220,1337
30,1338
980,1338
1152,1339
9,1341
0,1342
174,1343
303,1344
396,1348
77,1349
565,1349
9,1351
89,1353
989,1353
321,1356
19,1358
56,1359
4,1360
349,1360
355,1361
1034,1361
1331,1361
2,1362
4,1362
57,1365
268,1365
823,1365
1220,1365
41,1366
579,1366
418,1368
127,1370
19,1374
498,1375
2,1377
35,1377
106,1378
1176,1378
810,1381
416,1383
86,1384
297,1384
1175,1385
159,1386
1212,1387
254,1388
1230,1391
1215,1392
541,1393
1287,1393
19,1394
67,1394
0,1395
179,1396
529,1397
1,1398
19,1398
940,1399
338,1400
498,1400
998,1400
75,1401
4,1403
86,1404
992,1404
30,1405
287,1405
908,1405
108,1407
73,1408
483,1409
86,1410
547,1410
640,1413
75,1419
454,1419
755,1419
49,1421
0,1422
993,1422
982,1424
1419,1425
226,1426
76,1427
1191,1430
213,1431
21,1432
81,1435
78,1436
222,1436
1207,1436
73,1437
1220,1437
49,1438
19,1441
49,1441
213,1444
1212,1446
7,1447
793,1447
1194,1448
826,1451
6,1452
50,1455
405,1455
101,1456
871,1457
1061,1457
128,1459
297,1459
445,1459
85,1461
461,1462
117,1463
6,1464
23,1464
1243,1464
99,1467
225,1469
461,1470
1198,1472
0,1474
112,1474
118,1474
999,1479
651,1482
1147,1482
105,1486
584,1487
752,1487
784,1487
1192,1487
465,1488
158,1491
817,1491
20,1493
564,1495
4,1496
418,1496
211,1497
41,1498
48,1498
1192,1498
11,1501
405,1504
545,1507
1333,1508
721,1510
103,1515
56,1516
20,1517
120,1517
1335,1518
75,1519
630,1519
131,1520
2,1521
697,1521
1360,1522
106,1523
197,1524
225,1525
436,1526
1207,1526
141,1527
217,1527
56,1530
103,1531
1361,1531
41,1534
90,1537
102,1537
151,1537
297,1537
1095,1537
1,1538
77,1539
908,1539
151,1543
1001,1543
210,1545
315,1546
1491,1546
934,1547
1063,1548
425,1549
1523,1549
375,1551
1365,1551
947,1552
120,1553
19,1555
153,1557
1333,1558
992,1560
459,1561
1210,1562
1312,1562
426,1564
1486,1566
539,1568
1294,1568
168,1569
297,1569
1099,1571
1297,1571
1328,1572
1462,1573
85,1574
664,1575
1537,1575
1430,1579
6,1580
9,1581
1007,1582
1388,1582
1192,1583
1153,1584
315,1585
1204,1587
1548,1587
228,1589
584,1589
1,1590
35,1590
589,1590
880,1593
574,1594
2,1596
0,1597
1049,1597
546,1600
716,1600
798,1600
552,1603
340,1604
492,1605
36,1606
1377,1606
19,1607
823,1607
664,1608
229,1609
926,1609
823,1610
315,1612
1381,1612
443,1614
839,1614
1063,1616
268,1617
885,1617
1426,1619
1285,1620
405,1621
838,1624
824,1625
1231,1626
122,1627
813,1628
838,1630
1040,1630
871,1632
164,1633
81,1635
1031,1636
30,1638
926,1638
182,1640
815,1641
790,1642
272,1643
340,1644
85,1646
6,1647
1192,1648
228,1649
670,1649
1,1650
273,1650
1092,1650
19,1652
561,1653
1,1654
138,1654
225,1654
836,1654
992,1654
1192,1655
152,1657
391,1659
643,1660
797,1660
326,1663
684,1663
732,1664
603,1666
479,1668
67,1670
281,1671
0,1673
7,1673
67,1673
1230,1674
182,1675
39,1678
126,1680
128,1680
6,1681
200,1681
492,1681
211,1686
1122,1686
431,1687
1039,1687
151,1688
933,1690
19,1695
218,1696
75,1698
1071,1699
1,1701
106,1701
136,1702
679,1702
101,1703
1,1704
1027,1704
139,1705
924,1705
962,1705
142,1706
247,1706
507,1707
1627,1707
1614,1708
327,1711
4,1712
233,1713
461,1715
1531,1715
35,1716
4,1717
85,1717
115,1718
117,1718
871,1719
19,1720
418,1720
19,1721
406,1723
1212,1726
1088,1727
1659,1727
167,1728
182,1731
16,1732
1214,1732
940,1734
603,1735
9,1736
1074,1738
340,1739
301,1740
363,1740
19,1743
81,1743
880,1743
1333,1744
1063,1745
6,1746
340,1748
258,1749
597,1749
934,1749
1180,1752
1297,1752
7,1755
228,1756
946,1756
152,1757
312,1757
258,1761
786,1761
461,1762
1229,1762
1323,1763
1616,1764
1384,1766
220,1769
352,1769
1614,1769
41,1771
163,1771
226,1771
588,1772
23,1773
1723,1775
340,1777
1147,1777
242,1780
0,1782
7,1782
1361,1783
174,1784
1740,1784
101,1785
245,1785
76,1786
233,1786
281,1786
565,1786
141,1788
815,1788
138,1791
35,1792
167,1792
318,1792
1250,1793
1671,1793
0,1795
670,1796
1296,1799
117,1800
1009,1802
1064,1803
20,1804
43,1804
326,1804
292,1805
1220,1806
258,1807
211,1808
498,1808
932,1808
1008,1808
213,1809
716,1810
1058,1810
880,1811
78,1812
321,1812
1807,1814
790,1815
1,1817
385,1817
80,1818
350,1818
165,1819
414,1819
474,1820
36,1822
349,1822
19,1825
33,1825
1,1827
127,1827
149,1827
175,1827
2,1829
21,1830
641,1832
19,1833
349,1833
848,1834
280,1835
672,1837
126,1839
421,1839
254,1841
860,1841
178,1846
1207,1846
1437,1846
49,1847
225,1848
1491,1848
1609,1849
1796,1849
103,1850
1808,1850
282,1853
1329,1853
6,1856
19,1857
322,1857
873,1857
9,1858
622,1858
950,1858
994,1859
460,1860
639,1860
999,1860
19,1861
89,1863
757,1863
873,1864
666,1866
315,1867
786,1869
228,1870
1827,1871
30,1873
81,1873
99,1873
1204,1873
268,1874
1258,1875
106,1876
1248,1877
56,1880
115,1880
1832,1880
6,1882
89,1883
657,1884
1526,1885
44,1888
1864,1890
21,1892
152,1893
19,1896
225,1896
512,1896
1392,1896
355,1897
1191,1899
385,1900
1553,1900
775,1902
10,1903
182,1903
1525,1904
459,1905
416,1906
957,1906
512,1907
251,1909
51,1910
259,1910
49,1911
75,1911
1807,1911
1365,1912
301,1913
414,1913
44,1914
271,1915
436,1916
7,1919
1,1921
681,1921
664,1922
1,1924
226,1924
388,1925
1757,1925
155,1929
7,1930
1,1931
1096,1931
1381,1931
0,1932
628,1932
1705,1932
613,1933
1617,1934
396,1938
19,1939
1921,1939
318,1942
547,1943
561,1943
264,1946
1242,1947
1459,1947
86,1949
1302,1949
30,1950
877,1950
1128,1950
1,1951
606,1951
1236,1952
340,1953
527,1953
1849,1953
106,1954
1122,1954
1285,1954
1607,1954
824,1957
6,1958
697,1959
1104,1959
36,1960
1152,1962
1356,1962
9,1963
301,1963
703,1963
1358,1963
1405,1963
21,1964
771,1966
1572,1967
692,1968
1383,1968
1064,1969
272,1970
400,1970
117,1975
1231,1976
798,1977
108,1979
0,1980
684,1980
10,1981
174,1982
1049,1982
115,1984
30,1986
333,1986
7,1987
7,1988
781,1988
1128,1988
41,1991
152,1991
1986,1991
628,1994
1522,1994
1464,1995
1812,1995
211,1996
1630,1996
375,1997
770,1997
1986,1997
56,1998
85,1998
0,2000
19,2000
871,2001
1796,2005
85,2008
113,2008
664,2009
507,2010
1092,2011
1647,2013
186,2015
1229,2015
336,2018
1001,2019
228,2021
282,2021
885,2021
1524,2022
126,2024
1285,2025
704,2026
0,2027
1743,2027
1784,2028
1218,2029
1663,2029
0,2030
211,2030
1181,2030
844,2033
1807,2033
4,2034
541,2034
182,2035
639,2039
908,2040
342,2043
301,2044
228,2046
844,2047
1109,2047
520,2048
329,2049
80,2050
954,2050
722,2051
30,2054
903,2054
355,2057
400,2057
1,2058
338,2059
1690,2060
302,2063
962,2064
657,2065
425,2068
1663,2071
298,2072
1359,2072
1,2073
871,2073
396,2074
401,2075
519,2076
1333,2078
30,2080
459,2080
1356,2080
1991,2081
1122,2082
507,2083
719,2083
905,2084
1263,2084
41,2085
999,2085
1,2086
1671,2088
1963,2088
17,2090
268,2090
600,2090
401,2092
1192,2097
228,2098
1234,2098
152,2100
459,2100
1092,2100
1482,2100
527,2102
825,2102
1185,2104
1706,2104
255,2105
315,2105
0,2106
1252,2106
1,2107
1028,2107
1638,2107
50,2108
2,2111
233,2112
20,2113
431,2113
2048,2115
272,2116
1464,2116
1764,2116
21,2117
1,2119
1914,2119
823,2120
108,2122
228,2124
82,2125
292,2125
545,2128
6,2130
583,2130
1,2131
117,2131
912,2132
1075,2132
1231,2133
1943,2133
459,2134
1092,2135
20,2136
362,2137
197,2139
225,2139
588,2139
2,2140
1493,2141
455,2142
1048,2142
1079,2142
258,2143
1214,2145
77,2148
1,2149
437,2150
1114,2150
1285,2150
1976,2152
138,2153
1721,2153
1537,2155
606,2157
1575,2157
50,2158
1198,2159
935,2160
1715,2160
139,2162
249,2164
1649,2164
0,2167
975,2168
0,2170
2128,2170
317,2171
25,2174
213,2175
1921,2176
84,2177
1580,2177
449,2178
1,2179
81,2180
9,2182
20,2182
506,2182
716,2182
376,2184
1873,2184
1,2185
2,2187
1659,2188
84,2189
222,2191
588,2191
49,2192
120,2192
796,2192
1727,2192
598,2193
1088,2194
934,2196
1581,2197
1991,2197
2119,2198
436,2200
848,2200
2139,2202
217,2203
254,2203
377,2204
158,2205
1552,2206
22,2207
30,2207
486,2207
776,2207
255,2209
908,2212
153,2213
1703,2214
1327,2216
401,2217
1176,2218
449,2220
505,2220
102,2223
692,2223
122,2224
2025,2224
0,2228
1071,2228
1403,2229
82,2230
103,2230
1333,2230
1808,2230
19,2231
1906,2231
298,2235
1056,2235
1827,2235
268,2236
386,2236
476,2236
1386,2239
81,2242
401,2242
952,2242
376,2243
770,2243
810,2243
1732,2243
6,2244
254,2244
837,2244
962,2244
1706,2244
1784,2244
36,2245
225,2245
1982,2245
99,2247
520,2248
2100,2249
19,2250
41,2250
2160,2250
59,2251
91,2251
73,2252
1516,2252
1180,2254
49,2255
287,2255
1585,2256
1207,2258
399,2261
1171,2261
254,2263
739,2263
1404,2264
1036,2265
19,2266
1,2267
0,2269
437,2269
379,2270
127,2271
792,2272
858,2274
71,2275
301,2275
1003,2277
101,2278
103,2278
547,2278
794,2278
1240,2279
826,2280
869,2280
1181,2280
2278,2282
1603,2284
36,2291
1638,2291
1777,2291
597,2293
225,2295
459,2296
1723,2297
106,2298
50,2299
2105,2299
541,2302
1482,2302
2054,2302
2265,2302
820,2303
4,2307
17,2308
355,2310
1236,2310
225,2313
127,2314
297,2314
1208,2314
101,2315
993,2316
681,2317
717,2317
1860,2318
1,2319
911,2320
1240,2323
1303,2325
30,2326
20,2327
21,2327
30,2327
600,2327
1624,2328
49,2330
101,2332
348,2333
933,2333
1358,2335
17,2336
355,2336
1549,2336
350,2337
817,2337
1785,2339
228,2340
293,2340
386,2340
1986,2340
48,2341
281,2341
448,2341
75,2342
584,2343
873,2344
1888,2345
586,2348
4,2351
164,2352
1793,2352
282,2353
865,2353
1001,2353
19,2354
36,2355
1,2357
1104,2358
30,2359
179,2359
127,2360
21,2361
99,2361
1919,2362
766,2363
597,2364
171,2366
228,2366
520,2366
488,2367
87,2372
66,2373
1612,2373
495,2374
2275,2374
18,2375
85,2375
132,2376
255,2376
1516,2376
683,2377
218,2378
1023,2378
49,2379
2320,2380
67,2381
13,2382
1095,2383
1562,2383
117,2384
891,2384
791,2385
1303,2385
19,2386
352,2386
19,2387
19,2388
19,2390
67,2390
1706,2394
122,2397
459,2397
2242,2397
780,2398
2380,2399
2303,2401
818,2402
630,2403
2021,2403
414,2404
739,2404
77,2405
909,2405
218,2408
292,2410
460,2410
13,2411
479,2411
1071,2411
152,2413
6,2415
1381,2415
1041,2416
11,2418
404,2420
396,2421
755,2421
459,2422
2220,2422
824,2423
1234,2423
1149,2425
1312,2425
2008,2425
2351,2425
30,2426
2383,2426
89,2432
225,2433
451,2433
1208,2433
1,2434
284,2435
993,2436
781,2439
2063,2440
394,2442
1546,2444
1654,2444
2299,2444
975,2447
2100,2447
1977,2448
75,2449
417,2450
884,2450
2255,2450
213,2453
2216,2454
643,2456
541,2460
142,2463
982,2463
1673,2464
2025,2464
1456,2465
41,2468
683,2469
2317,2469
182,2470
352,2470
1385,2470
1405,2470
2348,2470
2244,2471
1007,2473
152,2474
293,2474
1539,2475
1102,2476
842,2477
1250,2478
1207,2479
405,2481
20,2482
405,2483
113,2484
73,2486
1071,2486
1104,2488
1063,2489
234,2490
1616,2492
1071,2493
350,2495
786,2495
1327,2495
174,2497
692,2499
1229,2499
1285,2501
642,2503
2164,2503
1783,2505
2185,2507
228,2508
1323,2508
355,2510
36,2512
320,2512
628,2513
17,2514
165,2516
376,2516
2026,2516
824,2517
270,2519
1638,2519
4,2520
1249,2523
2449,2524
316,2525
776,2525
2011,2525
2337,2525
1479,2526
152,2527
425,2529
2119,2529
341,2532
1549,2532
815,2534
164,2540
174,2540
679,2540
1089,2540
1981,2540
448,2544
21,2545
1072,2545
1996,2545
2196,2546
639,2548
108,2551
1584,2551
1980,2551
11,2552
588,2552
1034,2555
2249,2559
108,2562
1209,2562
1015,2563
20,2564
1464,2568
9,2569
220,2571
1761,2571
1612,2572
352,2573
479,2573
1769,2573
1863,2573
1152,2574
117,2575
436,2575
871,2576
1104,2577
1425,2578
1,2579
382,2579
1516,2580
2546,2581
136,2582
0,2583
1307,2584
2577,2584
120,2593
1788,2593
1,2594
1191,2595
983,2596
1089,2597
117,2598
23,2600
1343,2603
1007,2605
355,2606
1873,2606
2000,2606
50,2607
312,2607
2481,2607
703,2610
492,2611
1537,2611
40,2613
1721,2613
7,2614
211,2616
4,2617
586,2617
1001,2617
9,2618
842,2619
6,2620
84,2621
7,2622
11,2623
153,2624
1260,2625
597,2626
933,2626
830,2629
2131,2630
346,2631
1230,2632
477,2635
1796,2635
290,2636
234,2637
1952,2639
7,2640
64,2640
348,2640
1785,2641
1954,2644
520,2648
826,2648
2605,2648
70,2650
2297,2650
1029,2651
1182,2651
1910,2651
46,2652
714,2653
1516,2653
1160,2655
2358,2656
1832,2657
106,2661
82,2662
794,2662
1,2665
909,2665
138,2666
87,2668
1486,2669
1604,2669
1041,2670
2377,2670
459,2672
394,2673
0,2675
1,2677
73,2677
454,2679
81,2683
1594,2684
258,2685
73,2686
314,2686
520,2686
298,2687
721,2687
309,2688
926,2688
1366,2688
82,2689
49,2690
1257,2691
186,2692
962,2693
1285,2693
520,2694
20,2695
6,2697
1181,2699
2507,2699
73,2700
1001,2700
9,2703
19,2703
552,2703
284,2704
2351,2704
1,2705
2142,2706
642,2707
1054,2707
85,2708
740,2708
873,2708
396,2709
375,2711
908,2712
106,2713
984,2717
19,2718
81,2718
697,2719
1220,2721
218,2723
2269,2723
530,2725
23,2727
82,2727
0,2729
1054,2732
2155,2733
64,2734
67,2734
122,2735
1769,2735
418,2737
1003,2737
1184,2737
0,2738
2088,2740
1207,2741
2360,2741
220,2742
871,2742
2,2744
115,2744
273,2744
1459,2744
1075,2745
152,2746
1096,2746
564,2747
228,2749
2611,2749
1740,2753
2083,2753
246,2754
1660,2754
9,2757
2302,2757
579,2758
152,2760
1630,2760
1857,2760
6,2761
41,2762
260,2762
693,2762
1064,2762
280,2763
838,2763
1568,2765
810,2766
226,2767
598,2767
36,2768
132,2768
1516,2768
102,2770
1335,2770
1752,2774
1207,2781
1203,2782
225,2783
9,2784
1607,2785
2744,2786
1,2787
2098,2789
106,2790
1383,2790
2050,2790
684,2792
242,2793
2263,2793
1213,2794
752,2796
288,2797
19,2798
81,2798
246,2799
2691,2800
1236,2804
152,2806
2463,2806
2027,2809
2707,2810
17,2811
434,2812
436,2812
2167,2812
418,2814
1740,2817
2398,2817
1,2820
18,2820
498,2820
1133,2820
127,2823
2,2825
41,2825
77,2826
416,2826
1698,2826
1930,2826
391,2829
849,2829
101,2831
128,2831
2242,2831
321,2832
2448,2833
2261,2835
86,2837
379,2837
1,2839
683,2839
934,2839
106,2840
552,2840
1726,2840
934,2842
1392,2842
2495,2842
73,2847
498,2848
1617,2848
1001,2850
1236,2850
64,2853
1796,2853
461,2855
2593,2855
1028,2856
649,2857
35,2858
1015,2860
254,2862
1425,2862
182,2863
600,2863
2106,2863
752,2866
41,2867
1104,2867
2250,2867
0,2868
6,2868
213,2868
159,2870
221,2870
103,2873
993,2874
84,2875
2293,2875
1220,2876
2030,2876
603,2877
994,2877
2640,2877
73,2880
76,2880
603,2880
1104,2880
350,2882
106,2883
2203,2884
717,2887
1323,2887
2656,2887
4,2890
7,2890
36,2890
186,2890
1074,2890
1152,2890
118,2891
459,2891
108,2893
838,2893
1378,2894
2582,2895
112,2896
90,2899
1752,2900
2450,2901
73,2902
376,2902
597,2903
0,2904
76,2904
1524,2905
2239,2905
1231,2906
1333,2906
2749,2906
36,2907
980,2908
290,2909
355,2909
1525,2910
1103,2912
2848,2912
810,2913
48,2914
1165,2919
1702,2919
131,2922
151,2923
233,2923
225,2924
355,2924
81,2925
410,2927
1548,2927
19,2928
130,2928
2870,2928
2596,2929
348,2930
2474,2930
4,2931
2085,2932
2337,2933
1131,2934
67,2935
1192,2935
1543,2935
49,2936
56,2938
174,2938
1171,2940
2746,2940
2204,2941
2741,2941
0,2942
1229,2943
2575,2945
19,2946
2230,2946
2677,2951
259,2952
1793,2952
2105,2952
814,2956
2890,2956
992,2957
1114,2957
891,2958
2115,2958
211,2960
1681,2961
2251,2961
1001,2962
1487,2962
668,2963
1874,2963
1,2964
0,2965
322,2966
1257,2966
2673,2966
565,2967
1384,2967
2375,2967
2721,2967
908,2969
1808,2970
2486,2970
103,2971
258,2971
2605,2972
425,2973
1365,2974
0,2975
2327,2975
350,2977
1392,2977
16,2979
416,2979
2204,2980
56,2981
329,2981
498,2983
51,2984
99,2985
102,2985
297,2985
1304,2985
1723,2985
152,2987
1715,2987
488,2989
0,2990
1,2990
1431,2991
1028,2995
2209,2995
255,2996
1614,2996
2837,2996
1368,2997
434,2998
1258,2998
112,2999
131,2999
0,3001
103,3004
15,3005
30,3005
225,3005
1250,3006
1361,3006
2677,3006
0,3007
118,3009
597,3009
1861,3009
1970,3009
245,3011
698,3011
50,3012
89,3012
815,3012
2248,3013
1150,3014
2050,3015
340,3016
1328,3019
2269,3020
302,3022
0,3023
1827,3025
597,3026
1808,3027
1254,3028
2278,3031
871,3032
2390,3032
9,3033
221,3034
491,3035
7,3037
20,3037
102,3037
255,3040
118,3042
1246,3043
1882,3046
3012,3046
1969,3047
1360,3049
2617,3049
2940,3050
2265,3051
2636,3051
2497,3052
117,3053
197,3054
1548,3054
3007,3054
2134,3055
1829,3060
57,3061
346,3061
2440,3061
2145,3062
41,3063
1304,3064
1977,3064
1451,3065
340,3066
348,3066
614,3066
823,3066
2366,3066
4,3069
1,3071
171,3071
1949,3071
2486,3074
303,3075
1356,3075
606,3077
1474,3077
2465,3077
18,3078
1835,3079
402,3084
1525,3085
2090,3086
2687,3086
410,3087
552,3087
259,3090
2595,3090
276,3091
309,3093
273,3094
1210,3097
1954,3099
2228,3099
167,3100
630,3101
1203,3101
796,3102
2444,3102
3047,3103
1327,3105
30,3106
152,3106
1,3107
30,3107
391,3107
2961,3107
1368,3109
598,3111
120,3112
1762,3114
2302,3114
1867,3115
2188,3115
33,3116
557,3116
4,3119
123,3119
1335,3119
89,3122
19,3123
19,3124
1419,3124
85,3126
81,3127
360,3127
2448,3132
2495,3132
178,3133
2148,3135
461,3136
1252,3136
1863,3137
130,3139
1457,3139
2957,3139
190,3141
2385,3141
17,3142
20,3142
1089,3142
89,3143
1,3144
1518,3146
342,3148
1424,3148
272,3149
994,3149
861,3150
2640,3150
19,3152
1335,3152
1,3153
211,3154
926,3155
18,3158
340,3158
891,3159
99,3160
1054,3161
33,3163
198,3163
640,3163
50,3164
668,3166
117,3168
1040,3170
933,3171
1107,3172
4,3174
2507,3175
2890,3175
1437,3176
225,3180
284,3180
0,3181
221,3182
2934,3182
9,3185
1236,3185
1258,3185
2975,3186
218,3187
1705,3187
541,3189
41,3190
696,3190
2251,3190
155,3191
1368,3191
1607,3191
1180,3192
1624,3193
350,3194
520,3196
1191,3199
2098,3199
17,3200
480,3200
684,3200
2236,3200
2687,3200
3132,3200
112,3201
3071,3202
210,3203
1674,3203
0,3204
1325,3204
3163,3204
1366,3205
2128,3205
108,3207
527,3208
946,3208
459,3209
1027,3213
2415,3214
2848,3214
7,3216
477,3216
1549,3216
494,3221
1236,3221
2741,3221
355,3222
1,3225
19,3225
375,3225
2689,3225
19,3226
4,3227
106,3227
152,3227
1136,3227
273,3228
4,3229
321,3230
421,3230
2203,3230
2358,3230
2887,3230
752,3232
735,3233
1168,3234
628,3235
84,3236
3031,3239
35,3240
277,3240
2047,3243
1562,3244
85,3245
102,3245
3042,3246
1537,3247
1914,3248
298,3252
386,3252
1338,3253
1829,3253
763,3254
1309,3254
1333,3254
1888,3255
2687,3256
2444,3260
1,3261
6,3261
2687,3263
2359,3264
76,3265
41,3267
2745,3267
2136,3268
2762,3270
2672,3271
102,3273
105,3273
2130,3274
842,3275
3201,3275
2299,3276
717,3277
2155,3277
3127,3282
519,3286
552,3286
3254,3286
341,3287
2025,3287
4,3288
1365,3288
3191,3289
41,3290
1327,3292
1482,3293
36,3294
48,3294
382,3295
1220,3297
200,3298
1922,3298
1285,3301
672,3302
816,3303
326,3305
651,3306
405,3307
2248,3307
3078,3309
0,3311
18,3311
64,3313
1195,3313
2080,3316
451,3317
962,3318
2910,3318
1752,3319
1931,3319
1,3320
128,3321
1248,3322
46,3323
1174,3323
1921,3323
2684,3323
1203,3325
64,3326
126,3326
924,3326
0,3327
451,3331
568,3333
2250,3333
2812,3335
41,3336
1680,3340
1654,3341
350,3342
1,3344
165,3344
1825,3345
823,3349
1333,3349
1553,3349
1873,3349
2119,3349
3033,3351
222,3352
298,3352
613,3352
1279,3352
1180,3353
2858,3353
400,3356
127,3357
466,3357
30,3358
1220,3358
3154,3358
2423,3360
3071,3361
1822,3362
182,3363
85,3364
445,3364
9,3366
1118,3367
1419,3367
1949,3367
4,3368
255,3368
2141,3368
2230,3368
3085,3368
17,3370
228,3370
630,3370
1552,3370
2351,3371
873,3374
131,3375
1464,3376
75,3377
81,3378
868,3378
2963,3378
123,3380
2729,3380
1303,3381
2239,3381
1557,3382
197,3384
352,3384
3349,3387
13,3388
2672,3389
229,3391
2774,3393
259,3394
1850,3394
141,3396
649,3396
2010,3396
363,3398
41,3399
198,3399
1806,3399
30,3400
136,3402
2113,3404
1,3405
341,3405
348,3405
473,3406
714,3407
1922,3407
685,3408
182,3409
1198,3409
2763,3409
1396,3410
67,3411
908,3412
913,3415
3313,3415
15,3417
228,3418
2964,3419
3,3420
815,3420
9,3423
498,3423
1055,3423
2348,3425
927,3426
2015,3426
2188,3426
684,3428
1396,3428
853,3429
101,3431
3061,3432
941,3434
3370,3435
423,3437
1040,3439
1361,3439
3273,3440
1761,3441
771,3442
1062,3442
1549,3442
3182,3442
3388,3445
2133,3446
2985,3447
599,3449
1375,3449
2689,3450
1,3452
19,3453
1027,3453
985,3454
1248,3455
844,3456
552,3459
3078,3459
2837,3463
552,3466
992,3466
314,3471
1164,3471
1194,3472
7,3475
871,3475
2063,3475
67,3476
78,3476
3176,3476
128,3477
541,3477
1091,3477
1996,3477
3119,3477
182,3479
462,3479
0,3480
19,3481
36,3482
277,3482
311,3482
776,3482
1353,3483
386,3484
106,3485
599,3485
3004,3485
842,3486
1952,3487
425,3488
2179,3489
892,3490
2100,3490
41,3491
728,3491
225,3495
3200,3495
1189,3496
649,3498
1858,3498
2768,3498
266,3499
3402,3500
1,3502
770,3502
1029,3502
268,3504
960,3504
2,3505
1107,3505
2050,3506
2952,3506
2217,3507
1056,3508
0,3510
864,3510
1804,3510
1285,3511
0,3514
1070,3516
547,3519
3007,3521
0,3523
3221,3523
1764,3526
16,3527
18,3527
781,3527
126,3528
0,3529
234,3529
729,3533
1459,3533
89,3535
1015,3535
2571,3535
126,3536
215,3536
520,3536
1571,3537
106,3538
2580,3538
246,3539
2767,3540
422,3544
1055,3545
109,3546
131,3546
270,3546
6,3547
4,3551
2463,3552
0,3553
1329,3553
681,3554
1180,3554
3286,3554
121,3556
2868,3556
3214,3556
113,3557
3252,3558
85,3560
292,3560
639,3560
2266,3560
1312,3563
2332,3563
311,3564
17,3566
3445,3566
7,3567
3367,3569
1103,3570
2929,3570
302,3572
3119,3572
2707,3573
18,3576
152,3576
297,3577
539,3578
667,3578
1356,3578
1604,3579
1873,3579
4,3580
43,3580
2573,3580
670,3581
763,3582
9,3584
127,3584
838,3588
1049,3588
1585,3595
138,3596
268,3596
4,3597
255,3597
1192,3600
30,3601
233,3602
459,3602
18,3603
1525,3603
3159,3604
823,3605
2464,3605
19,3606
3581,3607
350,3609
36,3610
382,3611
3519,3611
664,3612
76,3614
30,3615
1258,3615
312,3620
420,3620
1009,3621
0,3625
436,3625
281,3626
871,3628
1092,3629
3148,3632
1705,3633
680,3635
1231,3635
49,3636
781,3637
2204,3637
17,3640
598,3642
526,3644
1654,3644
1880,3646
120,3647
182,3647
288,3647
2703,3647
2228,3649
41,3650
1054,3650
30,3651
1654,3651
118,3652
1220,3653
2768,3654
657,3655
1900,3657
25,3659
598,3659
1153,3660
19,3661
770,3661
790,3661
891,3661
17,3662
1,3663
16,3663
228,3663
527,3663
1306,3663
2962,3663
340,3664
1652,3664
826,3665
825,3666
3480,3669
2760,3670
1075,3671
117,3672
121,3672
1777,3673
322,3674
3431,3675
763,3678
2893,3679
3252,3683
793,3686
1464,3688
410,3689
933,3689
36,3690
19,3691
1728,3691
2355,3692
131,3693
3114,3693
3203,3694
885,3697
752,3698
1455,3699
59,3700
804,3701
228,3703
2448,3708
87,3710
975,3710
1486,3712
3102,3712
1368,3713
1234,3715
2569,3715
0,3716
113,3716
43,3718
1327,3718
402,3719
84,3720
993,3720
11,3722
3495,3723
123,3725
983,3725
164,3727
4,3728
986,3728
3434,3728
355,3729
242,3730
6,3731
352,3731
75,3733
449,3733
1109,3733
7,3735
1011,3735
1310,3736
628,3737
242,3739
106,3741
386,3741
2102,3742
2837,3742
692,3743
2794,3744
3423,3744
3208,3746
3340,3748
106,3751
2415,3751
2768,3752
3741,3753
117,3754
765,3756
17,3758
4,3759
1652,3759
2158,3759
1455,3762
1810,3762
1846,3762
2266,3762
798,3763
2977,3763
1654,3764
4,3765
73,3767
1198,3767
3739,3767
1922,3770
2606,3770
0,3771
2765,3772
1497,3773
2723,3774
1171,3776
1246,3776
158,3777
1571,3777
3754,3777
3,3778
719,3778
2106,3778
1049,3780
1654,3781
126,3783
498,3783
577,3783
1,3784
1419,3784
477,3785
0,3786
159,3787
99,3788
2470,3788
81,3790
3298,3791
121,3793
1906,3794
1,3795
75,3795
2385,3796
3327,3797
1910,3798
362,3801
1015,3801
247,3802
1396,3802
71,3803
228,3803
2767,3803
3498,3804
1430,3805
1207,3807
134,3809
2958,3809
3189,3809
3480,3809
0,3810
1409,3810
3275,3810
2358,3814
2,3816
2767,3818
2177,3819
3620,3819
242,3820
390,3824
418,3824
539,3829
1192,3831
103,3832
190,3836
796,3836
16,3837
1562,3837
622,3838
1996,3838
49,3839
1982,3839
449,3840
423,3841
127,3843
3661,3845
443,3846
67,3847
30,3848
1976,3850
2228,3850
425,3851
539,3851
820,3851
216,3852
2158,3852
3647,3854
36,3856
565,3856
3119,3856
101,3858
2357,3859
30,3860
721,3860
2686,3860
2744,3862
717,3863
1749,3864
352,3866
1590,3866
1822,3866
2410,3866
510,3867
2868,3870
0,3872
6,3873
45,3873
1181,3873
2090,3873
2313,3874
2952,3875
766,3876
2826,3876
1654,3877
99,3879
697,3879
3351,3880
1142,3883
2333,3884
3109,3887
381,3890
908,3890
2998,3891
352,3894
2651,3894
871,3896
780,3897
1568,3897
1606,3897
338,3899
6,3900
16,3900
2188,3904
499,3905
1,3906
425,3906
797,3906
85,3907
3797,3908
1,3912
771,3913
2617,3915
117,3916
1137,3917
2387,3917
1089,3918
2179,3918
221,3919
115,3922
273,3922
451,3922
2952,3923
451,3925
547,3926
297,3927
787,3930
329,3933
1375,3934
3925,3936
1624,3937
3180,3937
77,3938
1103,3939
10,3940
1220,3940
1664,3940
3114,3941
3860,3943
126,3944
2403,3944
348,3946
477,3947
1903,3947
679,3950
915,3951
1017,3953
672,3957
1312,3958
1919,3958
228,3959
4,3960
303,3960
1028,3960
2244,3960
3572,3961
2444,3962
2,3963
190,3964
2912,3964
2862,3965
962,3967
3404,3967
455,3968
1786,3969
13,3973
1654,3973
0,3974
84,3974
182,3975
568,3976
138,3977
167,3979
3364,3979
242,3980
1457,3980
3139,3981
388,3982
982,3982
994,3982
268,3983
1782,3983
2516,3983
400,3986
418,3986
0,3987
159,3988
1152,3989
3323,3989
924,3991
255,3992
2,3993
2575,3993
422,3994
586,3994
1237,3995
1,3996
816,3997
492,3998
765,3999
3394,3999
268,4000
2738,4001
268,4003
1521,4003
2153,4004
3484,4004
1462,4012
1508,4013
401,4014
1943,4015
1,4017
599,4017
288,4018
2746,4018
1,4019
1967,4019
3377,4019
1181,4020
1752,4020
418,4021
1425,4024
322,4025
18,4028
3498,4028
81,4030
3636,4031
321,4032
1796,4032
2136,4032
2235,4032
213,4033
434,4033
3111,4034
20,4035
3316,4036
2665,4037
1104,4038
138,4039
19,4040
320,4040
36,4041
120,4041
1374,4042
1055,4043
1040,4045
1194,4046
6,4048
258,4048
1360,4048
1269,4049
3111,4050
1873,4051
3139,4052
539,4053
112,4054
664,4055
405,4058
1049,4059
690,4060
225,4061
2076,4062
1333,4064
1015,4065
2009,4065
258,4068
1171,4068
3785,4068
459,4069
2703,4069
681,4070
1001,4070
340,4071
117,4074
0,4075
11,4075
321,4075
898,4075
113,4076
1524,4076
1366,4077
2839,4077
2765,4078
1366,4081
492,4082
1321,4082
3958,4082
152,4083
498,4083
665,4084
729,4084
1649,4084
579,4085
3851,4087
288,4091
962,4091
1344,4092
2492,4093
4025,4098
2236,4100
2893,4102
41,4104
1249,4104
1059,4105
3326,4105
75,4106
1425,4106
3554,4107
1921,4108
2977,4109
3189,4109
908,4110
1109,4110
2995,4110
3119,4110
1325,4113
36,4114
220,4114
2,4116
242,4116
692,4116
840,4116
3570,4117
43,4118
1258,4118
304,4119
4020,4119
2689,4124
50,4125
1321,4126
1457,4126
48,4128
216,4128
894,4129
1220,4129
2478,4130
1832,4133
957,4134
3298,4137
2727,4139
1070,4141
2744,4141
448,4142
1896,4142
891,4144
36,4145
3119,4145
1947,4147
18,4150
2476,4151
2469,4153
75,4156
2375,4156
136,4157
1950,4161
3803,4161
6,4162
39,4167
579,4169
1254,4171
1924,4175
56,4178
477,4178
2076,4178
4035,4181
2975,4182
2385,4184
2235,4185
268,4186
459,4187
680,4188
4,4189
1285,4189
78,4190
273,4190
386,4190
1067,4190
2574,4190
3570,4193
1039,4195
1715,4195
599,4196
2337,4196
1407,4198
20,4199
113,4200
539,4200
2112,4200
2956,4201
2278,4202
1104,4206
49,4208
311,4209
877,4210
3743,4210
4151,4213
30,4215
1654,4215
4020,4217
297,4218
1403,4218
152,4220
1084,4220
1835,4220
2303,4221
186,4222
3485,4222
3504,4222
4,4223
664,4225
1321,4225
2907,4226
3214,4226
491,4230
211,4231
628,4232
1385,4232
321,4236
714,4239
891,4240
255,4241
1736,4241
211,4242
1792,4242
221,4245
1312,4245
714,4247
4068,4250
3171,4251
254,4252
3636,4253
2635,4255
3570,4256
211,4262
178,4263
64,4265
1171,4265
2703,4267
45,4269
670,4270
2244,4270
16,4271
338,4271
2420,4271
2912,4272
246,4273
498,4273
1250,4274
1229,4275
228,4276
81,4277
4189,4277
4196,4277
164,4282
255,4284
401,4284
3996,4284
1,4285
4150,4287
2108,4291
2890,4291
900,4292
459,4294
1384,4294
3600,4294
669,4298
1001,4298
1950,4299
2009,4300
4,4301
2105,4301
3852,4302
564,4303
272,4305
692,4305
3171,4306
341,4307
3867,4307
1547,4308
1954,4308
2,4310
41,4310
151,4310
218,4311
1773,4312
1071,4315
218,4317
3137,4317
2116,4318
2746,4318
77,4320
2196,4320
512,4321
89,4323
3277,4323
10,4324
1910,4324
2640,4325
0,4329
19,4330
220,4330
3479,4332
0,4333
302,4334
3944,4335
1152,4338
721,4339
520,4340
915,4340
1,4344
740,4344
2890,4344
3739,4344
152,4346
934,4346
1395,4346
73,4349
3253,4349
0,4350
4265,4351
132,4352
0,4355
4031,4355
4157,4355
2899,4356
561,4358
552,4359
950,4361
1321,4361
824,4362
871,4362
1744,4362
2076,4362
3944,4365
757,4366
2934,4368
2971,4368
585,4369
1028,4370
1616,4370
3860,4374
3657,4375
65,4376
3239,4376
3979,4377
363,4378
592,4378
685,4378
1884,4378
913,4382
2605,4383
3554,4384
2723,4386
672,4387
1701,4387
1749,4388
2794,4388
2887,4389
1171,4391
2806,4391
2934,4391
3490,4391
1307,4392
1547,4392
3047,4395
421,4396
1112,4396
44,4397
272,4397
1319,4397
1338,4397
3663,4400
228,4402
1942,4403
1171,4405
85,4408
1074,4408
1204,4408
1721,4408
1953,4408
3254,4408
103,4410
1180,4411
322,4412
551,4412
2015,4412
382,4413
949,4414
1236,4414
3168,4414
3345,4414
255,4416
1218,4416
2434,4417
2721,4417
255,4418
3896,4418
75,4419
714,4419
1394,4419
3042,4420
3960,4421
346,4422
613,4422
721,4422
2857,4422
4116,4422
2925,4424
99,4425
1,4426
1980,4427
757,4428
106,4429
1209,4430
3152,4430
3349,4430
1122,4432
1263,4432
541,4433
3762,4433
824,4434
3979,4434
1027,4435
19,4436
583,4438
823,4439
311,4440
422,4441
254,4442
2075,4445
2097,4445
259,4446
443,4446
717,4446
222,4447
2088,4447
587,4448
1569,4448
1551,4450
2383,4450
3485,4451
599,4453
1360,4453
50,4454
507,4455
35,4456
2106,4456
4055,4461
352,4463
2434,4465
488,4466
234,4467
3576,4467
4190,4469
4377,4470
221,4471
765,4471
1976,4471
112,4473
3547,4473
1829,4474
2617,4475
1,4476
102,4476
640,4478
167,4481
755,4481
1524,4481
1715,4481
665,4482
2967,4482
1568,4483
617,4484
3556,4484
7,4485
1361,4485
19,4486
3642,4487
740,4488
1220,4488
1880,4488
3661,4488
0,4490
420,4490
1063,4490
2047,4490
4032,4492
152,4493
681,4493
991,4494
164,4495
1896,4495
113,4497
123,4498
1910,4498
2009,4500
11,4501
804,4501
3035,4501
4495,4502
44,4504
2868,4506
2,4508
327,4509
3527,4509
390,4510
975,4510
2964,4511
4495,4516
2009,4517
1063,4518
2,4519
108,4519
2613,4519
20,4520
87,4521
2080,4521
120,4522
152,4522
488,4523
1652,4523
599,4524
1911,4525
350,4526
824,4527
1333,4527
665,4529
4116,4529
268,4530
4495,4530
1525,4531
3208,4531
1285,4533
2269,4533
883,4534
2672,4534
234,4535
732,4536
76,4537
3504,4537
4188,4538
2116,4539
139,4540
4,4545
120,4545
84,4546
649,4547
703,4547
1866,4547
4403,4548
2073,4551
4,4552
4262,4552
4035,4553
391,4554
1007,4554
1893,4555
6,4556
1176,4556
56,4558
507,4559
3485,4559
292,4560
386,4561
664,4562
229,4564
594,4564
2046,4564
19,4565
2228,4566
1590,4567
2005,4568
420,4571
19,4572
258,4575
1111,4575
44,4576
2291,4576
220,4577
757,4578
141,4579
252,4580
459,4580
2088,4581
1600,4582
3536,4582
2863,4583
4119,4583
164,4584
781,4587
672,4588
824,4588
30,4589
405,4590
667,4591
4,4593
1950,4595
136,4596
44,4597
459,4597
1444,4599
218,4603
690,4605
1326,4605
1654,4606
1680,4606
321,4607
1230,4607
946,4608
2380,4609
4475,4610
4031,4611
1361,4616
4606,4616
1900,4617
1680,4618
386,4619
2298,4619
665,4620
3399,4620
128,4621
2906,4621
348,4623
871,4624
2150,4624
120,4625
35,4627
127,4627
211,4627
1649,4628
1432,4629
3651,4629
186,4630
156,4631
2316,4631
2363,4631
3504,4631
311,4632
410,4635
1312,4635
3824,4635
1393,4636
318,4637
992,4637
85,4638
1977,4639
3061,4639
9,4640
672,4641
302,4642
1498,4642
282,4643
437,4643
3718,4643
3900,4643
842,4644
1104,4644
77,4645
152,4645
665,4645
164,4647
847,4648
2082,4648
663,4649
3912,4650
4024,4650
4629,4652
3423,4653
3674,4657
41,4659
46,4660
3290,4663
76,4665
2863,4666
4032,4669
221,4671
892,4671
3605,4671
664,4673
106,4676
3394,4677
1968,4678
1,4679
115,4680
564,4680
1066,4681
1058,4682
2906,4682
915,4683
1118,4685
3523,4686
2228,4687
242,4688
1705,4688
630,4689
755,4689
793,4690
952,4691
4669,4691
211,4692
716,4692
1775,4692
1630,4693
3979,4693
39,4694
66,4696
2572,4696
2516,4699
3884,4700
50,4701
221,4702
1071,4702
2048,4702
3547,4702
23,4703
41,4703
220,4703
4310,4704
1904,4705
1176,4706
216,4707
2971,4708
1569,4713
3836,4714
222,4722
1072,4722
678,4723
1624,4726
30,4727
242,4727
225,4728
1192,4730
4555,4733
4241,4734
4524,4735
271,4736
975,4737
2177,4737
498,4738
386,4740
2255,4740
2574,4740
823,4741
2672,4742
85,4743
2603,4745
1652,4746
1212,4747
131,4749
4425,4749
30,4754
934,4755
993,4756
41,4757
3964,4757
258,4758
282,4759
2707,4759
9,4760
477,4760
1896,4760
86,4762
48,4765
871,4765
190,4766
1075,4766
4523,4766
766,4767
820,4768
2310,4768
33,4769
297,4769
796,4769
477,4770
3540,4770
4125,4771
1180,4772
3994,4772
4501,4772
9,4773
349,4774
4116,4774
4226,4774
4299,4775
548,4776
19,4778
1995,4778
163,4779
156,4780
1839,4781
2,4782
225,4782
871,4782
120,4784
1832,4786
2762,4787
2688,4788
1203,4790
2899,4790
4426,4790
226,4791
885,4791
2117,4791
2966,4791
4556,4794
2047,4797
3863,4798
329,4801
2310,4801
228,4803
3661,4803
312,4804
322,4804
4560,4805
1702,4806
49,4807
3605,4808
391,4809
89,4810
547,4810
1,4811
1104,4812
1617,4813
1104,4816
15,4817
2120,4817
3651,4817
4078,4817
1,4818
505,4818
17,4819
41,4820
120,4822
141,4822
2677,4823
3650,4824
321,4825
1538,4825
2206,4825
277,4828
254,4829
1463,4829
4509,4829
225,4830
2415,4831
218,4832
516,4832
628,4832
2863,4832
86,4836
1976,4838
2271,4838
2358,4838
67,4839
394,4840
127,4843
255,4844
1237,4845
1388,4845
2870,4845
1366,4847
1783,4847
258,4848
33,4849
226,4849
346,4850
3261,4850
1230,4851
2790,4851
15,4852
268,4853
153,4856
1049,4856
3200,4856
4521,4856
80,4858
3190,4860
975,4861
276,4862
30,4863
3933,4864
0,4866
3060,4866
2479,4868
1430,4869
1548,4869
499,4870
101,4871
842,4872
547,4873
2005,4875
2575,4875
422,4876
1,4877
225,4880
20,4881
987,4881
44,4882
781,4882
1706,4882
4151,4882
975,4883
262,4884
16,4886
645,4886
4648,4889
49,4890
1848,4890
2998,4891
3848,4891
2540,4895
3340,4898
2,4899
1303,4901
2832,4901
4588,4901
798,4902
1548,4902
3009,4902
49,4905
3227,4905
3776,4905
301,4906
0,4907
106,4907
4310,4907
3615,4908
152,4910
19,4916
35,4916
4671,4916
126,4917
151,4918
396,4920
2727,4920
18,4921
1593,4922
1337,4924
4187,4924
559,4925
1988,4925
1486,4926
1716,4927
2310,4927
2754,4927
459,4930
2354,4930
1686,4931
980,4934
3657,4935
765,4936
3411,4937
1323,4940
1834,4940
2938,4941
3958,4943
2244,4944
2810,4944
1557,4946
4735,4946
3969,4947
4412,4947
315,4950
1049,4951
2703,4952
1793,4954
3859,4954
75,4955
640,4957
72,4958
437,4958
10,4960
1413,4961
3877,4961
49,4963
254,4966
1921,4966
2831,4967
0,4970
19,4971
213,4971
1659,4972
465,4974
481,4974
3345,4974
0,4975
4070,4975
19,4978
454,4978
3733,4979
128,4980
1853,4982
498,4983
1464,4985
2606,4985
76,4986
288,4986
2707,4987
298,4990
3810,4992
2966,4993
1248,4997
2157,4997
1921,4999
0,5000
327,5002
459,5003
4142,5008
41,5011
606,5013
1327,5013
4116,5013
422,5014
4167,5016
2785,5017
2906,5017
210,5018
19,5019
3191,5019
4567,5020
254,5022
790,5023
894,5024
2688,5025
1980,5026
1419,5027
3201,5027
4028,5027
258,5028
401,5028
1749,5028
153,5030
67,5031
89,5032
1358,5032
3109,5035
158,5037
1041,5038
213,5039
536,5039
9,5042
15,5042
298,5043
4820,5043
994,5045
541,5046
3863,5047
2157,5051
448,5052
282,5053
1486,5053
2217,5054
787,5055
122,5056
1088,5056
2343,5058
4643,5059
17,5062
3718,5064
603,5065
1114,5065
2204,5065
50,5066
2767,5067
41,5068
3570,5068
87,5069
1419,5072
1766,5075
664,5076
4552,5077
4927,5078
1702,5079
1890,5081
4580,5081
1007,5082
2551,5083
4818,5084
2015,5086
765,5087
4028,5088
1152,5091
1921,5091
3313,5091
966,5093
13,5094
960,5094
2,5095
67,5095
913,5097
1088,5097
1312,5098
2404,5098
1537,5104
1873,5104
4693,5104
254,5105
2177,5108
2734,5108
4133,5108
692,5111
2355,5112
3099,5112
3771,5112
258,5114
2265,5115
763,5116
3477,5117
128,5119
311,5119
81,5123
3715,5123
41,5124
352,5124
3900,5125
2732,5128
957,5130
461,5132
2192,5132
421,5135
4074,5136
1192,5137
1214,5138
59,5139
106,5142
776,5143
222,5144
13,5145
254,5145
210,5146
1202,5148
2741,5148
3261,5149
451,5150
1192,5151
949,5153
1104,5153
6,5156
3988,5156
823,5158
1104,5159
1,5161
3004,5161
120,5165
2584,5165
4702,5165
3208,5169
117,5171
1723,5171
73,5172
4082,5172
136,5173
211,5173
5083,5175
2176,5176
3523,5176
775,5177
4975,5177
152,5178
1230,5178
81,5179
2839,5180
2271,5183
1333,5184
3873,5185
3917,5185
4020,5185
254,5186
507,5186
81,5187
112,5187
0,5188
2130,5191
103,5193
113,5196
3005,5196
4453,5196
19,5197
41,5197
80,5197
4637,5198
164,5199
221,5199
1705,5199
75,5200
4427,5201
3254,5202
1808,5203
3995,5205
3230,5206
1211,5209
4427,5209
4823,5209
382,5210
4619,5210
1122,5211
663,5213
810,5213
2220,5213
49,5215
340,5215
1388,5217
254,5219
2603,5219
1575,5220
3720,5220
1384,5221
3075,5222
5200,5222
315,5224
1303,5225
3066,5225
4978,5225
4,5226
48,5229
3200,5232
934,5234
1361,5234
1525,5235
2425,5235
4,5237
1510,5238
1652,5239
222,5243
909,5244
4178,5244
1568,5245
1437,5246
268,5248
1771,5248
2829,5248
4832,5249
87,5250
1333,5251
664,5252
49,5253
797,5255
2693,5255
3453,5256
454,5257
48,5258
552,5260
1294,5260
1258,5261
13,5262
288,5262
1180,5263
2076,5263
2964,5263
4952,5263
280,5264
1652,5265
951,5266
4082,5270
842,5272
630,5273
2606,5273
2783,5273
23,5274
3570,5274
1327,5275
49,5277
151,5277
7,5278
1203,5278
2203,5278
3139,5278
1349,5280
30,5283
113,5283
228,5283
1884,5283
1366,5284
2929,5284
703,5285
1713,5286
19,5288
1334,5288
4899,5290
1258,5291
3715,5291
1071,5292
1004,5293
167,5294
3288,5294
2385,5295
3033,5295
3883,5297
1,5301
838,5301
1486,5301
2967,5303
3423,5303
1207,5304
1804,5304
5169,5305
1248,5309
1834,5309
3873,5309
1040,5312
3261,5312
1430,5313
556,5314
19,5315
4829,5315
4559,5318
0,5319
99,5319
241,5320
1365,5321
2545,5323
3216,5326
568,5331
1808,5333
33,5335
2415,5336
41,5340
3802,5341
2734,5342
5158,5342
4940,5343
3171,5345
7,5346
419,5347
665,5347
3896,5347
4108,5347
865,5348
1516,5349
1624,5349
2413,5349
4575,5350
2,5352
401,5352
459,5352
77,5353
141,5355
665,5357
1128,5358
2863,5359
5097,5359
84,5360
399,5361
1516,5362
121,5363
2703,5363
823,5364
253,5366
1617,5366
1949,5369
2990,5370
3875,5371
1625,5374
1925,5374
3245,5374
584,5375
2005,5375
5018,5375
4659,5377
3719,5378
4386,5378
82,5379
1007,5379
1549,5379
226,5381
258,5385
2700,5386
1728,5387
1603,5389
4,5390
210,5390
552,5390
5143,5390
4116,5392
152,5393
30,5394
1028,5396
3783,5397
1089,5398
5323,5398
211,5399
477,5399
1585,5399
4069,5399
980,5400
99,5402
20,5403
431,5404
437,5405
4277,5406
19,5407
218,5407
246,5407
1671,5409
1749,5409
4635,5409
9,5410
1635,5410
213,5411
2733,5411
2924,5412
2940,5412
152,5414
5375,5414
3968,5417
1762,5418
425,5420
3605,5420
152,5423
2906,5425
3848,5425
255,5426
1806,5426
877,5427
551,5432
3739,5433
4422,5433
1783,5435
3536,5435
3962,5436
106,5438
213,5438
1152,5438
4644,5440
1,5441
2626,5445
681,5446
1204,5449
30,5452
75,5454
555,5454
804,5455
1638,5455
1624,5456
1984,5457
2081,5457
5225,5457
2203,5458
254,5461
1785,5461
2025,5463
1055,5466
2689,5467
1195,5469
19,5470
342,5470
4335,5472
1459,5474
3804,5475
871,5476
3884,5476
640,5477
3253,5477
349,5478
1385,5478
5196,5478
2116,5479
5119,5479
1,5480
4307,5481
2131,5483
444,5484
1377,5484
2125,5484
1074,5487
1784,5489
2709,5490
1212,5492
5403,5493
85,5497
152,5499
683,5500
912,5500
33,5501
348,5501
2248,5501
3323,5501
4,5506
552,5506
959,5507
360,5508
1614,5508
2650,5508
4190,5509
1,5510
2230,5510
4,5512
298,5512
1029,5512
1328,5514
1739,5514
810,5516
1133,5516
1176,5518
1504,5520
1792,5520
1079,5521
5097,5521
4691,5522
853,5523
1046,5525
3809,5529
4985,5529
1001,5531
41,5532
3733,5532
262,5534
1501,5534
3647,5534
1091,5535
2905,5535
6,5536
3922,5536
1329,5537
1718,5537
158,5539
2907,5540
663,5542
599,5543
2,5545
793,5545
3968,5545
2925,5546
0,5548
3148,5548
144,5549
1209,5549
3420,5551
5097,5551
117,5555
492,5555
30,5558
4250,5558
2723,5559
1313,5561
2098,5561
4167,5561
5117,5562
5374,5562
3124,5563
2740,5564
4307,5564
1857,5565
4997,5566
13,5568
3690,5568
126,5570
4366,5570
459,5571
3001,5575
1384,5576
4307,5576
4509,5577
4773,5578
5409,5579
3778,5580
3481,5582
5409,5582
4282,5583
242,5586
36,5587
35,5588
4301,5589
152,5590
280,5590
106,5591
13,5592
2148,5592
4560,5592
1149,5593
1,5594
2817,5594
268,5595
716,5595
1793,5596
4325,5596
2448,5597
4076,5598
1007,5600
4567,5600
102,5601
1668,5602
2665,5605
683,5606
0,5607
949,5607
4768,5611
5479,5612
1092,5613
3376,5613
2,5614
2636,5616
1594,5618
1659,5618
3449,5618
5270,5618
3288,5619
5202,5619
15,5620
164,5620
492,5620
2354,5620
3607,5620
3302,5621
1017,5625
721,5626
5193,5627
629,5628
1625,5628
2840,5628
1333,5631
2796,5631
949,5632
2030,5633
5284,5633
5148,5635
2481,5637
3214,5640
3600,5642
5499,5643
947,5649
1396,5649
49,5650
1220,5650
2835,5650
11,5651
89,5651
3253,5652
2411,5653
1757,5654
3824,5654
4871,5655
390,5656
515,5656
218,5657
1568,5658
1029,5659
462,5660
2344,5661
622,5662
1663,5662
433,5663
3406,5663
56,5664
4554,5667
5143,5669
875,5670
5263,5670
2263,5671
1525,5672
934,5673
352,5676
1,5678
7,5680
3570,5680
0,5681
4276,5681
5035,5683
2337,5684
4559,5686
3320,5687
3345,5687
506,5690
2603,5691
5518,5691
2,5692
1107,5696
2626,5699
102,5700
4693,5701
871,5702
1728,5703
200,5704
298,5705
707,5705
1464,5705
3923,5706
1327,5708
4685,5709
2171,5710
23,5712
174,5714
1783,5714
4527,5715
2623,5716
811,5717
2,5719
120,5719
681,5720
3947,5721
1804,5722
7,5723
17,5723
2906,5727
3923,5727
1994,5728
1003,5729
4386,5729
4377,5730
234,5733
3302,5734
3298,5735
4559,5735
120,5737
3012,5737
171,5738
1950,5738
4178,5738
589,5739
2360,5739
830,5744
3191,5746
5537,5747
949,5748
2603,5748
2919,5748
16,5749
2249,5749
980,5750
258,5751
355,5753
526,5753
41,5758
3605,5758
1360,5760
1946,5760
3208,5760
4726,5760
120,5763
1584,5763
19,5764
3810,5765
459,5766
4,5767
3897,5767
4735,5768
1089,5769
4487,5769
4703,5769
3168,5770
2737,5771
287,5772
103,5775
492,5775
1698,5776
4,5777
102,5777
141,5777
730,5777
2220,5777
3252,5777
630,5778
2359,5778
2497,5779
2677,5779
4671,5780
30,5781
3570,5781
984,5782
1624,5782
5715,5782
1900,5783
1950,5783
1447,5784
3357,5788
300,5790
0,5792
628,5792
1036,5792
1392,5792
4386,5792
1007,5793
30,5797
1463,5798
19,5799
2450,5801
1516,5802
152,5803
2839,5803
10,5805
32,5807
2708,5807
5320,5808
82,5809
1180,5809
2789,5810
5083,5811
2131,5813
2009,5815
3688,5815
5153,5815
2,5816
101,5817
226,5817
1660,5817
598,5820
4978,5821
149,5822
179,5822
149,5823
488,5823
5780,5823
175,5824
693,5824
816,5824
5445,5824
592,5826
2605,5827
2672,5828
106,5831
5303,5831
2952,5832
4576,5833
1383,5834
5653,5834
838,5836
1360,5837
1361,5837
5349,5839
4470,5841
329,5842
873,5842
960,5844
4076,5844
3449,5845
5548,5846
1659,5847
106,5848
459,5850
3034,5850
486,5851
5735,5851
3252,5852
1029,5857
346,5861
459,5863
4306,5863
4405,5865
4,5869
141,5869
3570,5873
1370,5874
770,5878
3810,5879
498,5882
81,5884
3488,5885
5635,5885
3358,5886
4519,5886
3163,5887
680,5888
5151,5889
1166,5890
211,5891
346,5892
3302,5893
2106,5895
2651,5895
5153,5895
45,5897
4306,5897
186,5903
5386,5903
54,5904
2421,5904
1001,5905
311,5907
1343,5912
5039,5912
3320,5913
106,5914
3528,5918
3890,5918
348,5919
3163,5919
3115,5920
0,5921
3322,5922
4,5924
2774,5925
18,5927
908,5927
719,5928
926,5933
1209,5934
5714,5936
3423,5937
1771,5940
1212,5941
17,5942
1808,5944
932,5945
3890,5945
5277,5945
127,5946
1782,5946
19,5947
1328,5947
4535,5947
5758,5947
0,5951
1619,5951
3967,5952
311,5953
1191,5953
1209,5954
3331,5955
694,5956
999,5959
5213,5959
120,5962
1028,5962
1,5963
220,5963
246,5964
5390,5964
9,5965
3071,5965
2,5968
382,5968
1924,5968
993,5969
3222,5969
213,5970
871,5973
234,5974
3556,5974
4178,5976
21,5977
1666,5977
730,5980
871,5980
1381,5980
4317,5980
1048,5983
1385,5983
2005,5984
156,5985
3288,5985
86,5986
2989,5986
236,5987
425,5989
498,5989
1590,5989
2611,5989
1384,5991
628,5992
6,5993
3582,5994
151,5996
3335,5998
19,5999
1849,6000
57,6001
281,6001
657,6003
49,6004
4298,6004
2961,6005
3576,6008
4310,6008
2029,6010
1849,6011
106,6012
138,6013
999,6013
1071,6014
49,6015
4065,6015
5197,6015
5654,6015
1297,6017
1,6018
459,6018
41,6020
1871,6020
16,6022
2335,6022
546,6023
3864,6024
6,6025
505,6027
603,6028
5676,6029
4427,6031
666,6034
2009,6034
5594,6034
23,6039
19,6040
1705,6044
3213,6044
3614,6046
4151,6046
3103,6047
5986,6047
1192,6048
5283,6049
5184,6050
3533,6051
5558,6051
6,6052
823,6053
4116,6053
174,6054
3225,6054
1103,6056
85,6058
217,6059
2465,6059
3673,6059
234,6060
848,6060
993,6060
1237,6060
3132,6060
3866,6062
5987,6062
4,6063
268,6064
3336,6064
153,6065
117,6066
1034,6066
19,6068
1832,6068
5288,6069
974,6071
5823,6073
2303,6074
962,6075
1133,6078
4,6079
1943,6079
4639,6079
1147,6080
13,6081
218,6082
704,6085
2106,6088
2244,6089
48,6090
341,6090
120,6091
3569,6092
1004,6095
2011,6096
3349,6097
359,6098
2895,6098
1104,6099
692,6100
670,6105
885,6105
4769,6106
1323,6107
664,6108
3012,6108
3576,6108
85,6109
5172,6109
228,6110
3084,6110
3560,6112
3763,6113
3763,6115
1403,6116
1678,6116
391,6117
776,6118
2230,6118
182,6120
2251,6120
2390,6121
4377,6121
1943,6124
459,6126
2244,6128
5253,6130
11,6131
118,6131
54,6136
4040,6138
1610,6139
1059,6141
4346,6141
1950,6142
4040,6142
400,6144
4641,6144
3539,6147
3204,6148
1234,6149
3554,6151
1102,6152
1660,6153
102,6155
5378,6155
1384,6156
3214,6156
3159,6158
681,6161
5409,6161
2374,6164
696,6165
1510,6165
2895,6165
1410,6167
5375,6168
2,6169
3377,6170
5136,6173
113,6174
665,6175
1089,6175
1333,6175
493,6178
994,6178
4606,6178
56,6179
1089,6179
2291,6179
3944,6179
108,6180
121,6180
552,6180
739,6180
975,6180
917,6181
333,6186
72,6187
3788,6187
4524,6189
2928,6190
3661,6192
35,6193
1,6194
218,6194
6155,6195
3783,6196
2857,6197
355,6199
639,6199
1398,6199
5202,6199
1539,6200
281,6201
946,6201
67,6203
557,6203
1304,6203
1002,6204
2000,6205
5936,6206
1320,6207
1329,6207
1749,6207
3993,6208
5198,6211
50,6213
245,6213
245,6215
788,6215
19,6217
1180,6217
1,6219
704,6219
4511,6219
2107,6223
498,6225
1474,6225
2707,6225
3576,6225
6201,6226
1041,6227
648,6228
19,6232
679,6233
36,6234
1638,6234
3127,6236
3230,6238
33,6239
3009,6242
1220,6244
2931,6244
85,6248
740,6248
1104,6249
2887,6249
3918,6249
721,6251
992,6251
2525,6252
54,6254
940,6255
2995,6255
5824,6255
645,6257
4881,6257
1846,6261
1419,6263
9,6267
2008,6268
3495,6269
4284,6270
589,6271
4,6272
1093,6272
2826,6274
226,6276
4116,6277
1181,6278
81,6279
4450,6279
19,6280
5588,6284
5652,6284
85,6285
3066,6285
4196,6285
5735,6286
4704,6287
5390,6288
386,6289
762,6289
3011,6289
6,6290
3227,6293
4187,6293
3605,6294
288,6295
1888,6295
16,6298
19,6298
2353,6298
3180,6298
1160,6301
1783,6301
3556,6302
5178,6302
120,6304
873,6304
1333,6305
512,6306
2967,6306
4078,6307
19,6308
3883,6308
2261,6311
43,6312
1056,6312
80,6313
1194,6313
1931,6314
2060,6316
4274,6317
999,6322
1858,6322
1953,6325
418,6326
2376,6328
3032,6328
871,6331
1982,6332
1055,6333
1975,6333
1951,6335
4877,6335
980,6338
946,6339
4974,6340
301,6341
126,6343
1025,6343
350,6344
6079,6344
1769,6345
355,6346
2,6347
6268,6347
4307,6348
5016,6349
763,6351
7,6354
2998,6354
3154,6355
4493,6356
481,6357
4588,6357
2423,6358
2684,6358
4003,6358
2076,6361
0,6363
0,6364
67,6364
787,6364
1896,6366
2359,6366
3175,6366
4971,6366
218,6367
2794,6367
842,6369
1436,6371
2694,6371
1707,6372
4747,6374
2934,6375
1654,6377
5956,6379
153,6380
182,6382
651,6383
2934,6383
4794,6384
2757,6385
3103,6385
2302,6388
5043,6388
56,6389
5035,6389
1271,6391
249,6392
6015,6393
5799,6394
946,6397
4506,6397
87,6398
2097,6400
280,6401
1049,6403
221,6404
2573,6404
2100,6405
5983,6405
431,6408
4,6409
5225,6412
81,6414
2454,6415
1245,6416
871,6417
33,6419
909,6419
4294,6419
6,6420
5187,6420
755,6421
1366,6421
1447,6421
2734,6421
3735,6422
3434,6424
2995,6426
2799,6427
541,6430
3200,6431
3979,6432
1192,6435
1338,6435
3580,6438
2235,6439
4637,6442
5508,6443
5980,6443
1204,6445
1054,6446
1863,6447
6228,6447
6034,6448
757,6449
1809,6450
3584,6451
498,6452
870,6455
5813,6455
2423,6456
6110,6456
614,6457
1491,6458
3969,6459
1793,6462
4344,6462
200,6463
1174,6463
3019,6464
3345,6464
45,6465
2725,6465
3848,6465
1333,6466
4575,6466
1769,6467
6060,6468
1510,6469
4782,6469
988,6470
4629,6470
49,6471
2,6472
6392,6472
1000,6474
4189,6474
1,6475
11,6475
152,6476
437,6476
1054,6476
41,6477
280,6481
41,6483
5277,6483
84,6484
2940,6484
2378,6486
4251,6486
0,6487
1555,6488
6201,6493
50,6494
5735,6494
5671,6495
75,6498
1001,6498
35,6499
322,6499
1906,6499
3607,6500
704,6501
5512,6502
4427,6503
101,6505
1339,6505
5426,6506
4766,6507
2573,6508
2616,6511
2839,6511
6398,6511
190,6512
3610,6512
4510,6512
3261,6513
3477,6513
21,6514
292,6514
3253,6514
4782,6514
479,6516
763,6516
3607,6516
1727,6517
618,6518
2320,6519
2745,6520
382,6525
3323,6526
1775,6527
2243,6527
3896,6527
729,6528
1128,6528
4068,6528
4825,6529
5613,6529
1303,6530
6092,6530
67,6531
4871,6531
6147,6531
1,6532
151,6533
5813,6533
448,6534
3607,6534
1660,6535
2189,6535
2220,6538
4,6542
113,6542
0,6544
717,6546
3907,6547
3004,6549
4036,6550
30,6551
3268,6551
750,6552
1893,6552
2995,6552
5824,6556
6464,6557
2302,6558
488,6559
1112,6560
4004,6560
352,6561
1212,6561
6519,6561
4340,6562
1952,6563
4383,6564
2124,6565
5520,6565
1715,6566
2212,6566
794,6567
2302,6567
4442,6569
228,6570
4004,6570
302,6572
2320,6574
449,6576
685,6577
5912,6578
11,6582
536,6582
690,6582
1590,6583
4130,6584
41,6587
333,6587
1088,6587
1184,6587
1979,6587
434,6588
493,6588
3880,6588
1064,6589
3958,6590
1,6591
1089,6591
5348,6592
6358,6593
10,6595
46,6595
1,6597
1752,6597
3047,6598
3245,6598
20,6599
30,6599
1079,6599
847,6600
6180,6600
1871,6601
5758,6602
3374,6603
67,6605
241,6605
1150,6605
2358,6606
3604,6606
3980,6607
1041,6608
5501,6608
1,6609
690,6610
5836,6612
7,6613
151,6613
2278,6614
5171,6615
1254,6616
106,6618
667,6618
3476,6618
98,6620
6068,6622
3139,6623
5701,6625
64,6627
4494,6627
3477,6628
4396,6628
86,6630
5516,6631
19,6632
516,6632
113,6633
159,6633
280,6634
4999,6634
4019,6635
1236,6636
2204,6636
1041,6637
1361,6637
2837,6638
6443,6638
603,6639
858,6639
444,6640
2418,6641
465,6642
4114,6642
4109,6643
6138,6644
333,6645
480,6645
859,6645
492,6647
6606,6649
211,6650
2766,6651
386,6652
4032,6652
4422,6652
41,6653
288,6653
1327,6653
327,6655
5198,6655
491,6657
2525,6658
3054,6658
3580,6658
211,6662
113,6664
1229,6664
3850,6664
3377,6665
2009,6666
4091,6666
4430,6667
6301,6669
17,6672
85,6672
1771,6672
664,6673
2895,6675
414,6676
5506,6676
3941,6677
459,6678
528,6679
4901,6679
1365,6680
2142,6680
2812,6680
2236,6681
182,6683
956,6683
5904,6683
2236,6684
9,6686
6287,6686
4,6687
67,6689
298,6689
122,6690
1180,6690
2839,6690
3829,6690
4039,6690
5575,6690
319,6692
5246,6692
1994,6693
3595,6693
101,6694
115,6695
1884,6696
2648,6696
297,6697
3093,6699
838,6700
1650,6700
1680,6702
2150,6702
3119,6703
1,6705
548,6705
944,6705
1749,6706
75,6707
837,6707
77,6709
1,6710
312,6710
599,6710
6,6711
1128,6713
3897,6714
5895,6714
4850,6715
33,6717
2214,6718
1837,6721
4692,6721
3937,6723
122,6724
1061,6725
2050,6725
2688,6725
2799,6728
128,6729
4645,6731
6,6733
17,6734
17,6737
152,6737
941,6737
1056,6737
2855,6737
117,6739
19,6740
2085,6742
1,6743
1437,6743
4038,6745
246,6746
1516,6746
6408,6747
6678,6747
10,6748
3126,6748
664,6749
2340,6751
284,6753
1860,6753
3252,6753
465,6754
587,6754
81,6755
4082,6755
1654,6757
4298,6758
0,6759
317,6759
3926,6759
0,6760
2923,6761
1673,6762
3556,6765
796,6769
3989,6770
2931,6772
422,6773
714,6773
6,6779
1762,6779
1,6782
41,6783
3148,6785
11,6786
1312,6787
5038,6787
3352,6788
44,6790
5225,6790
19,6791
1216,6791
1361,6791
2418,6793
3477,6793
2299,6795
2738,6795
4726,6795
2890,6796
6753,6796
64,6797
385,6797
359,6798
2326,6798
2923,6798
1,6799
1242,6799
2826,6800
3320,6800
1921,6801
2394,6801
5696,6801
3578,6804
6,6805
3159,6806
2244,6807
4332,6807
4412,6807
3595,6808
6179,6808
586,6809
451,6810
4081,6810
1799,6811
418,6814
448,6814
1727,6818
1858,6821
10,6822
729,6822
820,6822
6683,6822
600,6824
1089,6824
3394,6825
1297,6826
5847,6827
33,6828
73,6828
3848,6828
2278,6829
21,6830
4482,6833
50,6834
975,6837
1338,6837
5578,6837
1793,6838
2244,6838
3556,6838
6225,6838
101,6839
303,6840
30,6841
3273,6841
281,6842
456,6842
1863,6842
15,6843
2867,6843
168,6844
1832,6844
3190,6846
2416,6849
152,6851
1482,6852
1,6853
355,6858
492,6859
312,6860
186,6862
7,6864
1558,6864
3442,6864
6705,6864
1,6867
6449,6868
6506,6870
122,6873
167,6873
2484,6873
6217,6875
1070,6877
2979,6879
1617,6880
3358,6880
76,6881
765,6882
5390,6883
824,6885
4282,6886
716,6888
1858,6888
5153,6888
4,6889
1548,6890
4851,6890
0,6891
859,6892
1553,6892
2569,6894
3423,6897
1518,6899
1850,6899
84,6900
3342,6900
4,6901
639,6901
123,6902
842,6902
2689,6905
1537,6909
4125,6909
934,6910
6534,6910
152,6912
3309,6915
4940,6915
433,6916
2651,6916
5681,6918
5278,6919
2302,6921
2415,6923
4650,6923
217,6924
4,6927
4699,6928
4310,6930
804,6931
1455,6931
1331,6932
4277,6935
41,6936
105,6936
1537,6936
1360,6937
763,6938
2887,6939
216,6944
1343,6945
2606,6946
3349,6947
2256,6948
1101,6949
81,6950
3584,6950
1569,6951
1822,6954
2244,6954
2575,6955
547,6957
4034,6957
6642,6957
2760,6959
101,6962
4069,6962
3581,6965
4277,6965
3135,6966
3307,6971
1549,6976
5215,6977
3906,6979
4199,6980
6947,6980
4824,6981
552,6982
512,6983
4629,6983
56,6984
322,6984
348,6985
4028,6985
30,6986
87,6986
320,6986
5278,6986
752,6987
6707,6987
526,6988
1727,6988
113,6990
213,6990
1501,6990
2239,6990
5187,6990
6946,6990
1617,6993
1526,6994
6588,6996
3735,7002
1792,7003
1788,7004
319,7007
459,7007
934,7007
815,7009
16,7010
1671,7010
793,7011
2842,7011
4559,7011
1111,7012
1609,7012
1008,7013
2228,7013
117,7015
5577,7015
3084,7016
242,7018
2112,7018
5171,7019
958,7021
1079,7022
5490,7022
628,7024
1654,7024
4422,7024
2139,7025
15,7026
397,7029
505,7030
4952,7030
44,7031
229,7032
1537,7032
213,7034
302,7034
301,7035
152,7040
3363,7040
5627,7040
81,7041
5945,7042
526,7044
1054,7044
3472,7045
5614,7045
405,7046
2924,7046
322,7047
2744,7049
5476,7050
64,7052
41,7055
7,7056
2278,7056
541,7057
159,7059
284,7059
4125,7060
3368,7061
2397,7062
105,7063
1463,7063
891,7064
317,7065
3399,7066
2015,7067
386,7069
3204,7069
234,7070
123,7071
698,7072
41,7075
81,7077
4442,7078
885,7080
6,7081
401,7081
3174,7081
1088,7082
288,7083
336,7083
1431,7085
1792,7085
5132,7087
1671,7088
117,7092
174,7095
4222,7095
1633,7096
6274,7096
3900,7097
1,7098
2677,7099
41,7101
2906,7101
17,7102
759,7103
4547,7104
87,7106
2250,7106
877,7107
2653,7108
4881,7109
4082,7110
6401,7113
2247,7114
2410,7114
221,7115
588,7115
796,7115
3742,7117
763,7122
1587,7124
6380,7124
4391,7125
755,7126
178,7127
982,7127
3848,7127
6,7128
282,7131
2015,7131
152,7132
672,7133
2153,7133
1207,7134
1419,7134
1617,7134
106,7135
1600,7135
1208,7139
2605,7139
6,7140
5700,7141
4078,7142
703,7143
50,7144
2108,7144
158,7146
322,7147
5237,7147
1,7148
498,7149
679,7149
251,7150
1361,7151
1727,7151
3809,7151
797,7152
2540,7154
5551,7154
3873,7158
665,7161
3912,7161
4151,7161
664,7164
2967,7165
3175,7165
763,7166
99,7167
268,7167
2903,7167
2160,7168
6595,7170
30,7173
391,7173
3527,7173
815,7174
41,7177
3547,7178
4866,7180
242,7182
1968,7182
113,7183
5676,7184
6274,7185
41,7187
1,7189
2299,7189
3404,7189
951,7191
4446,7191
6064,7194
80,7195
6894,7196
448,7198
2760,7199
2327,7200
6986,7200
3916,7201
2278,7202
6715,7202
6,7203
4184,7206
7077,7206
385,7208
704,7209
728,7210
6684,7210
3015,7211
3086,7211
6065,7211
561,7214
349,7215
2,7217
1015,7217
1792,7218
1202,7220
182,7221
1858,7221
3614,7222
2495,7224
842,7226
858,7226
872,7226
348,7227
440,7227
5285,7227
6516,7228
451,7230
3135,7230
352,7232
2425,7232
48,7233
3006,7234
2390,7235
6483,7235
1660,7237
2010,7237
6144,7237
839,7242
4220,7242
6804,7242
7189,7242
6015,7244
4824,7247
1607,7248
4927,7248
3570,7250
3434,7252
304,7253
321,7253
2513,7253
1,7254
2858,7254
2333,7255
2964,7255
752,7256
1998,7256
6754,7261
1793,7262
2545,7263
6664,7263
6244,7266
101,7267
385,7268
2272,7269
4975,7269
4986,7269
16,7270
1726,7270
1853,7270
5264,7270
1075,7272
1988,7272
5409,7273
692,7275
213,7276
5402,7276
10,7278
4301,7279
5813,7279
6574,7279
1812,7280
3406,7280
1,7283
4492,7283
22,7284
2423,7284
6017,7286
2303,7287
685,7288
4997,7288
5186,7288
144,7289
1903,7289
1897,7290
1455,7293
355,7294
342,7295
2130,7295
186,7296
6534,7298
150,7299
3203,7301
5095,7302
379,7303
402,7306
448,7306
1464,7308
4031,7308
19,7309
3554,7309
234,7310
4767,7310
2228,7312
89,7314
7025,7314
1064,7316
1092,7316
824,7317
356,7318
873,7319
6206,7319
4,7320
120,7321
220,7321
2352,7321
4392,7321
4,7323
579,7323
3322,7323
664,7324
5571,7324
18,7325
2097,7325
1027,7327
4282,7327
498,7328
1715,7328
3672,7328
73,7331
4125,7331
281,7332
790,7336
4187,7336
1361,7338
2797,7340
664,7341
6946,7341
5613,7342
272,7347
5592,7347
167,7348
1103,7348
5738,7348
10,7349
242,7350
5715,7350
10,7356
4818,7357
3275,7358
1793,7361
7310,7361
315,7362
994,7362
1953,7362
2863,7362
5597,7362
7167,7362
280,7364
425,7364
2497,7364
167,7365
3004,7366
5959,7367
1827,7368
6875,7369
4782,7370
2244,7372
927,7373
2763,7373
6049,7373
2677,7374
386,7375
454,7375
41,7377
1252,7377
3778,7379
6862,7380
23,7381
1849,7381
2754,7381
322,7386
2171,7386
89,7389
785,7392
2837,7392
3209,7392
43,7393
2425,7394
3662,7394
5112,7394
6116,7395
0,7397
1141,7397
3370,7397
5500,7397
0,7398
218,7398
1017,7399
1079,7400
1589,7400
1996,7400
3728,7400
905,7401
5132,7401
5826,7401
1304,7402
1064,7403
186,7404
23,7405
1386,7406
405,7407
598,7407
1977,7407
2606,7408
17,7409
1343,7409
0,7410
1092,7411
2832,7411
983,7413
1943,7413
5260,7413
1846,7415
4975,7415
144,7416
386,7416
2047,7416
1893,7418
6065,7418
5596,7420
4028,7421
4366,7421
5198,7422
1236,7423
396,7427
2734,7428
6343,7428
5078,7429
696,7430
120,7434
3625,7435
771,7436
5499,7436
5809,7436
6234,7436
168,7437
355,7438
2762,7438
6219,7439
4506,7440
6797,7440
2826,7441
1525,7442
2637,7442
3404,7443
6899,7443
810,7444
255,7445
684,7445
867,7445
2188,7445
6,7448
41,7448
2337,7449
3277,7450
1873,7452
3301,7452
3510,7452
5123,7452
6398,7452
5374,7456
952,7457
1180,7457
18,7458
1702,7458
2410,7458
6289,7458
7131,7458
3273,7460
175,7461
404,7461
5312,7461
4340,7462
5936,7462
516,7465
5278,7465
1074,7466
4471,7466
77,7467
216,7467
4519,7467
577,7468
2100,7468
5886,7470
6748,7470
716,7471
2340,7471
3099,7472
6,7473
15,7474
2520,7475
149,7477
226,7477
641,7477
2853,7479
721,7481
5844,7481
6483,7481
2415,7482
1,7483
7,7483
113,7483
120,7484
6751,7485
7081,7485
4291,7486
5777,7487
1791,7488
3770,7488
268,7489
823,7491
1034,7491
505,7492
2703,7492
4045,7492
4349,7492
2544,7493
665,7494
3063,7494
771,7495
5844,7495
3063,7496
329,7498
1212,7499
85,7505
7133,7505
1817,7506
7173,7509
5514,7511
6905,7511
2,7512
152,7512
3114,7513
1401,7514
2333,7516
350,7517
6658,7518
6564,7520
342,7521
6587,7521
492,7522
431,7523
1139,7523
211,7524
86,7525
692,7525
1333,7525
1702,7525
3190,7525
1531,7526
1,7529
2236,7530
6807,7530
3163,7531
4637,7531
908,7532
4511,7533
2806,7534
3611,7534
2450,7536
707,7537
242,7538
733,7538
48,7540
1827,7540
6279,7541
1547,7544
7072,7544
4702,7545
5607,7545
141,7546
3119,7546
5132,7547
7227,7547
1459,7549
6298,7550
49,7552
824,7552
1248,7552
599,7553
5345,7553
7347,7553
2573,7555
156,7556
1036,7558
19,7560
108,7560
122,7560
2749,7560
3114,7561
49,7562
1456,7563
211,7565
3819,7565
6392,7566
7081,7566
5400,7567
4501,7568
1096,7570
1551,7570
4974,7570
2964,7571
3405,7571
234,7572
2842,7574
4845,7577
1334,7578
7362,7579
4434,7581
2196,7582
1786,7584
665,7586
1257,7587
2076,7587
301,7588
451,7588
1718,7588
692,7589
6131,7589
3107,7590
2425,7591
4032,7592
776,7593
1906,7593
4882,7594
498,7595
1011,7596
5349,7596
1853,7600
3976,7601
6249,7601
420,7602
603,7602
1258,7602
1863,7603
3370,7603
4058,7603
128,7604
9,7605
348,7607
2497,7607
17,7611
5386,7611
4629,7612
7134,7612
115,7614
1900,7614
1975,7615
2863,7615
6302,7616
174,7617
10,7619
765,7621
3112,7624
3899,7624
4445,7625
926,7626
1065,7627
664,7628
3423,7628
401,7629
352,7632
498,7633
1040,7633
4898,7633
6644,7633
1951,7634
2416,7636
2734,7636
4890,7636
4446,7637
13,7638
2637,7639
1812,7640
399,7641
311,7643
3007,7645
4153,7645
891,7646
5390,7646
1405,7647
7202,7647
382,7648
317,7649
2940,7649
186,7650
3739,7654
4971,7654
793,7656
1,7658
2923,7658
5833,7659
7321,7659
73,7662
2100,7662
4151,7662
721,7663
2651,7663
297,7666
3086,7666
3989,7667
4,7668
2090,7668
2790,7668
1720,7669
3199,7669
7636,7671
2102,7674
2525,7674
6120,7674
4310,7675
6147,7675
105,7676
1788,7677
3240,7678
4,7679
4,7680
6244,7680
241,7681
3762,7683
7055,7683
3396,7686
5108,7686
51,7687
3208,7688
3035,7689
2503,7690
3649,7690
1704,7691
5592,7692
3572,7693
3317,7694
375,7696
1451,7696
1,7699
36,7699
2733,7699
1459,7700
2228,7700
1370,7701
103,7703
1427,7705
0,7708
4210,7709
1720,7710
2605,7711
319,7716
933,7716
1071,7716
1654,7716
603,7717
7139,7717
1310,7719
85,7720
1327,7720
3345,7720
19,7723
880,7723
1853,7723
2729,7723
315,7724
1783,7724
30,7727
984,7729
2495,7729
551,7730
1870,7730
5390,7733
6980,7735
73,7739
3743,7739
50,7740
56,7740
7189,7741
4084,7745
1146,7748
2167,7748
6099,7751
341,7752
2809,7755
106,7757
197,7757
864,7758
3510,7758
99,7759
2598,7761
2116,7762
2228,7763
2940,7764
7151,7766
3880,7770
6020,7772
1,7773
4,7773
3580,7773
346,7778
1607,7779
7460,7779
106,7781
5489,7782
0,7783
7041,7784
5171,7786
7587,7786
30,7787
174,7787
3442,7787
5506,7787
6923,7787
3307,7788
2102,7791
498,7793
7693,7793
465,7794
1668,7794
2902,7794
4020,7794
699,7796
2895,7796
1285,7797
1925,7797
2887,7797
128,7798
11,7800
197,7800
664,7800
2098,7800
41,7801
364,7801
1272,7801
5278,7801
962,7802
664,7803
6098,7804
2084,7805
225,7806
2011,7807
2734,7811
7612,7811
589,7812
4737,7815
871,7816
3712,7818
6761,7819
7452,7819
3507,7821
1850,7822
105,7823
7045,7823
7288,7823
3423,7824
2962,7831
3200,7831
6821,7831
4565,7832
4643,7832
6642,7832
2966,7835
255,7836
5065,7836
7196,7836
7254,7838
1943,7840
7254,7840
84,7841
3466,7841
4003,7841
1001,7843
67,7844
2381,7844
858,7846
1817,7846
56,7848
2320,7848
4523,7848
2320,7849
1568,7850
19,7851
5225,7851
824,7852
9,7853
5760,7853
1118,7857
85,7858
121,7858
211,7858
1875,7859
106,7861
951,7862
2150,7862
7021,7862
3554,7863
1802,7864
1123,7865
4843,7865
664,7867
3716,7869
7035,7869
1323,7870
318,7871
3539,7871
6144,7871
1258,7872
568,7873
1525,7874
1846,7876
3777,7877
692,7879
6012,7880
0,7881
456,7881
1049,7883
370,7884
5467,7885
7521,7889
3809,7890
622,7891
282,7894
3351,7894
4975,7894
41,7895
649,7898
5529,7898
3442,7899
830,7901
2559,7901
6994,7902
221,7903
414,7903
318,7905
759,7907
126,7908
13,7909
120,7909
385,7911
67,7912
4554,7912
4648,7912
138,7913
2,7916
3969,7916
3106,7917
1616,7918
45,7919
1715,7919
5262,7919
4631,7921
2177,7922
4978,7922
1,7924
6870,7925
360,7929
7462,7929
2785,7930
1208,7931
7492,7932
167,7934
4019,7934
7187,7934
1287,7935
2840,7935
3572,7936
57,7939
2,7940
2,7942
1462,7942
5295,7943
7477,7943
1915,7944
6902,7944
2637,7945
5918,7946
106,7947
6079,7948
105,7949
139,7949
7358,7950
349,7952
1220,7953
7547,7954
108,7956
3490,7956
4853,7956
5313,7956
7525,7957
891,7958
44,7960
2269,7962
3019,7962
6203,7963
19,7964
436,7964
19,7966
142,7967
599,7967
980,7967
5402,7969
2577,7973
681,7974
982,7974
1001,7977
182,7978
1786,7979
1720,7980
152,7982
1066,7982
1378,7982
488,7983
816,7983
4547,7984
18,7986
2159,7986
6577,7986
1147,7989
1525,7989
7392,7989
17,7992
1950,7993
3442,7993
4003,7995
1950,7996
502,7997
3336,7997
178,7998
880,7998
5548,7998
234,7999
3974,7999
127,8002
4082,8002
2856,8003
342,8004
3031,8004
35,8005
7690,8006
5438,8007
657,8010
2213,8010
1049,8012
304,8013
2119,8014
225,8015
3788,8015
683,8016
1802,8016
20,8017
4927,8019
8002,8019
19,8021
138,8021
1419,8021
6811,8021
43,8022
7659,8022
3788,8023
5375,8023
796,8024
5611,8024
6228,8024
211,8027
4043,8029
3980,8034
20,8035
30,8037
2559,8038
1749,8039
4530,8039
41,8042
5944,8042
4593,8044
891,8045
5706,8045
255,8046
681,8046
5944,8047
149,8049
221,8052
7423,8052
1977,8053
6494,8053
65,8054
324,8054
3628,8055
3965,8056
5132,8057
7070,8057
280,8058
5378,8058
941,8059
2082,8059
4824,8062
7717,8062
103,8064
3239,8064
49,8065
1817,8065
3302,8065
3526,8065
48,8066
1070,8068
797,8070
6980,8070
512,8071
3216,8073
3370,8073
613,8074
5104,8075
735,8079
6565,8079
477,8081
2046,8081
1176,8084
6631,8084
6486,8085
190,8086
1088,8086
7308,8086
6289,8087
70,8088
977,8089
6343,8089
282,8091
311,8091
3913,8093
3523,8094
960,8095
0,8096
400,8096
2,8099
3733,8103
7270,8103
7531,8103
82,8104
4161,8104
3642,8106
7474,8106
599,8107
4476,8107
628,8108
2605,8111
9,8112
1796,8112
4362,8113
19,8114
2323,8115
102,8117
2303,8117
2763,8117
1,8118
771,8118
6394,8119
4,8120
1616,8122
2359,8123
6578,8123
1517,8124
1723,8124
3700,8125
30,8126
941,8127
942,8127
1180,8127
1853,8131
3720,8133
19,8134
3227,8134
7189,8134
41,8135
3527,8136
394,8138
1731,8138
166,8139
1706,8140
926,8141
3884,8141
5561,8141
6343,8141
7831,8142
2125,8143
7764,8143
284,8144
670,8144
2116,8145
151,8146
19,8147
210,8148
7461,8148
3476,8150
3947,8150
3764,8151
694,8153
4068,8153
7077,8154
6905,8155
823,8156
1743,8157
1184,8164
1176,8166
5390,8166
5965,8166
4450,8167
50,8168
1092,8171
2754,8172
6740,8173
476,8177
4611,8178
5272,8178
101,8179
1207,8179
7871,8181
2316,8183
7418,8185
153,8187
3777,8187
3556,8188
1482,8189
3252,8192
3809,8192
57,8193
520,8194
5652,8196
2812,8197
5169,8198
5454,8199
2209,8200
350,8204
4196,8204
7070,8204
4189,8205
5250,8205
8112,8205
8024,8206
0,8209
117,8209
977,8209
1614,8209
3377,8209
6279,8211
106,8213
1549,8213
904,8214
5965,8218
2217,8219
1392,8221
468,8222
679,8222
22,8223
2962,8223
159,8224
1727,8225
2695,8225
5277,8226
1530,8228
4317,8229
462,8231
7052,8233
4484,8234
73,8237
85,8237
732,8238
1575,8239
7980,8240
526,8241
102,8242
1309,8243
2623,8244
2768,8244
3690,8246
117,8248
823,8250
1686,8250
3576,8250
1303,8252
1808,8252
2578,8253
3423,8253
3941,8253
4531,8254
3431,8255
1654,8256
4273,8256
228,8258
4804,8260
2568,8261
336,8262
2265,8262
108,8263
982,8263
1,8265
4040,8265
5396,8265
5399,8265
1152,8267
101,8268
6207,8268
32,8270
3154,8270
46,8271
6403,8272
4196,8273
4301,8274
6924,8277
665,8278
2703,8278
6533,8278
1338,8279
1832,8279
1425,8280
1114,8281
5028,8281
164,8282
494,8283
5576,8284
710,8287
4782,8287
3005,8288
3456,8290
7466,8290
5681,8291
7131,8291
7668,8292
5248,8295
5278,8297
6255,8298
8157,8300
823,8301
0,8302
405,8302
188,8303
3498,8303
877,8305
2967,8305
858,8307
3116,8307
2106,8308
826,8310
1229,8310
2336,8311
5363,8312
486,8313
873,8313
3829,8314
6064,8314
7806,8315
4703,8316
703,8317
3225,8322
837,8323
5561,8324
3205,8325
5035,8325
1681,8327
210,8329
6015,8329
7392,8330
1175,8331
23,8334
780,8334
3873,8334
8065,8335
1092,8338
127,8339
144,8339
39,8340
56,8340
2278,8340
3233,8341
2783,8342
2768,8343
8179,8346
683,8348
460,8349
2102,8350
2582,8351
2302,8352
67,8354
8035,8354
234,8355
1067,8355
1738,8355
904,8356
102,8358
4607,8359
5760,8362
5976,8363
3109,8365
5059,8365
683,8366
1,8367
1064,8367
401,8369
717,8369
1569,8369
77,8371
816,8371
4375,8371
1049,8373
1275,8375
4430,8375
3958,8376
56,8378
19,8379
350,8379
1303,8379
3584,8381
19,8382
1312,8382
5139,8382
2703,8384
164,8385
838,8385
19,8391
763,8391
4382,8391
6805,8391
4492,8394
1,8395
152,8395
404,8396
3009,8399
3319,8399
4609,8401
401,8403
707,8403
487,8404
1171,8406
2635,8407
875,8408
1,8409
318,8409
21,8413
959,8414
3657,8414
138,8415
254,8416
449,8416
1007,8417
6110,8419
2124,8426
5477,8429
73,8430
2762,8430
4245,8430
7461,8430
120,8431
8010,8431
7021,8432
934,8434
8013,8434
2353,8438
665,8439
4422,8443
1396,8444
6098,8444
526,8445
8157,8445
1617,8446
2113,8446
3506,8446
3785,8448
302,8449
1334,8450
159,8452
7474,8452
7565,8452
416,8454
820,8455
2320,8457
3336,8458
6676,8458
2568,8459
5514,8459
178,8461
81,8463
2786,8463
56,8465
599,8467
4004,8467
7151,8467
131,8471
131,8473
255,8473
1771,8473
13,8474
49,8474
132,8475
3190,8475
6421,8475
519,8476
6110,8476
7041,8476
1333,8477
86,8478
1782,8478
1880,8478
81,8480
962,8480
99,8485
2408,8485
926,8488
41,8489
1650,8489
49,8490
6249,8490
4637,8492
5687,8492
6234,8492
629,8493
1681,8493
1743,8494
2651,8495
2733,8495
3926,8495
6551,8495
3132,8497
3344,8497
4,8499
6849,8500
2119,8501
976,8502
1897,8502
5568,8503
225,8504
6031,8505
7525,8505
255,8506
3253,8506
664,8507
3139,8507
18,8509
5169,8509
3253,8510
4036,8510
479,8513
849,8513
3839,8513
7603,8513
3899,8514
665,8516
459,8521
946,8522
8141,8522
4069,8523
2706,8524
3071,8524
405,8525
19,8526
5705,8526
4362,8527
4957,8529
2575,8531
4070,8532
322,8533
5499,8533
2464,8534
2810,8535
2303,8536
844,8537
898,8537
4349,8537
5375,8540
7779,8541
3554,8542
1049,8545
1964,8545
3384,8545
5248,8545
73,8547
4485,8547
1381,8549
3472,8549
994,8551
25,8552
1766,8552
5490,8552
103,8553
1910,8553
6807,8553
386,8554
1194,8554
6398,8554
5777,8555
406,8557
1210,8557
1788,8557
613,8559
3660,8559
2540,8560
5438,8561
5510,8562
8091,8562
2029,8564
7,8565
8224,8567
1243,8569
3879,8569
7764,8569
234,8571
4519,8571
5026,8571
6421,8572
8024,8573
7458,8575
1749,8576
4999,8576
118,8577
1986,8577
2985,8578
7625,8580
0,8581
85,8583
2353,8585
21,8586
2767,8587
1,8589
1001,8589
4803,8589
17,8593
848,8595
1551,8595
4693,8596
793,8597
3536,8597
6017,8599
7881,8599
3989,8600
2573,8604
218,8608
4533,8608
4975,8609
1388,8610
2228,8610
3203,8611
102,8614
1386,8614
2890,8614
3809,8614
149,8617
7764,8618
3235,8619
4487,8620
164,8621
1125,8621
685,8623
4682,8623
771,8624
3005,8624
3540,8624
7857,8624
117,8625
7040,8626
7675,8627
9,8628
7587,8628
48,8629
443,8629
4032,8630
226,8631
1640,8633
1837,8633
2688,8633
297,8634
3809,8634
1931,8636
1619,8637
242,8641
7397,8641
126,8643
2426,8643
6582,8643
126,8647
842,8647
9,8649
7858,8651
1654,8653
1152,8655
1205,8658
4408,8658
4447,8658
19,8660
158,8660
2447,8660
1792,8662
5715,8662
1707,8663
667,8664
312,8667
6169,8667
722,8670
8647,8670
5402,8672
519,8674
1739,8674
2810,8674
2047,8677
8560,8677
5148,8678
7524,8678
3848,8681
394,8683
3137,8683
4629,8683
5602,8683
381,8684
1230,8684
20,8686
352,8687
1067,8687
17,8688
153,8689
1783,8689
6257,8690
1054,8691
844,8692
4875,8692
5670,8692
6459,8692
431,8695
459,8697
3507,8701
5292,8703
0,8704
20,8705
80,8705
7908,8708
3093,8709
1248,8710
1680,8710
6449,8711
3626,8712
9,8713
1040,8714
81,8715
1360,8717
3784,8719
4671,8719
103,8720
19,8722
574,8723
1356,8726
288,8727
2906,8727
6293,8727
739,8728
113,8729
787,8729
1360,8729
6549,8731
4519,8732
394,8733
4271,8733
6392,8733
2265,8734
477,8736
1931,8739
2025,8739
3557,8739
2230,8740
7393,8741
600,8742
1029,8743
4,8744
2895,8745
1820,8746
2422,8746
49,8747
4419,8748
5059,8748
6187,8748
858,8749
5336,8749
4109,8751
348,8754
6079,8754
1395,8755
3859,8755
1419,8756
3466,8756
5209,8756
109,8757
1979,8758
2423,8758
5681,8758
7045,8760
23,8761
3896,8762
1329,8765
2741,8766
3569,8768
5844,8771
297,8773
5026,8774
220,8775
934,8775
1859,8777
2332,8777
3960,8781
4125,8781
7629,8781
2545,8782
56,8783
4568,8783
5947,8784
150,8785
30,8787
589,8787
4178,8788
1089,8789
5404,8790
211,8792
329,8792
4908,8795
1392,8797
1903,8797
7139,8797
8124,8797
1323,8798
5478,8800
7167,8800
1,8801
1624,8801
2413,8801
2026,8802
456,8803
3820,8803
3240,8806
2269,8807
76,8808
3447,8809
3576,8810
1034,8812
159,8813
3352,8813
7253,8814
820,8815
8122,8815
1391,8820
5886,8820
182,8821
3803,8823
4774,8823
284,8825
106,8828
5516,8830
816,8833
1906,8833
6415,8834
340,8836
7536,8836
19,8837
8655,8837
1099,8839
1671,8839
7783,8839
787,8841
16,8843
1343,8844
437,8845
211,8846
6751,8846
75,8848
81,8848
228,8848
7686,8848
2820,8849
3323,8850
2961,8851
3323,8851
2967,8852
6238,8855
690,8856
4425,8856
3947,8857
7628,8857
8242,8857
266,8858
7441,8858
76,8860
1400,8860
6308,8860
7517,8861
3252,8862
3340,8863
1070,8864
5592,8865
3923,8866
115,8868
8488,8868
7422,8869
19,8870
5426,8870
6556,8870
664,8872
2343,8876
2021,8877
2961,8879
5501,8879
3940,8880
2255,8882
7217,8882
867,8883
1654,8885
1386,8887
3896,8890
892,8891
1333,8892
2688,8893
3316,8893
5016,8893
3788,8894
1215,8895
8055,8895
2687,8896
1749,8897
5977,8897
6821,8898
0,8899
149,8899
7280,8900
2310,8901
6470,8903
7862,8903
2768,8905
859,8906
254,8907
41,8911
7348,8912
4818,8913
5700,8913
913,8915
3879,8915
4703,8915
1024,8918
2890,8918
4669,8918
1028,8920
4124,8923
1808,8924
5920,8924
19,8927
6098,8927
113,8928
2890,8928
7602,8928
4208,8929
2171,8930
2269,8930
5619,8930
683,8932
2595,8932
3075,8932
174,8933
5809,8933
7628,8936
8070,8936
5020,8937
684,8938
44,8939
7560,8940
891,8941
8382,8941
975,8942
3171,8942
2734,8943
975,8944
3764,8945
101,8946
1963,8946
8587,8946
4832,8948
6761,8949
99,8950
5959,8950
5065,8951
118,8952
151,8953
302,8953
1835,8954
6175,8954
6374,8954
4571,8955
4292,8957
284,8958
1207,8958
4213,8958
949,8959
4082,8959
18,8961
106,8962
8524,8962
70,8963
2688,8963
6517,8963
1403,8964
4501,8964
11,8965
4860,8965
1419,8967
4567,8967
8687,8967
8946,8970
3733,8972
668,8973
5426,8973
3268,8977
4,8981
5802,8982
3508,8984
7350,8984
7624,8984
1848,8985
2606,8986
5123,8988
3959,8989
3180,8991
4190,8995
561,8996
21,8998
3708,9001
643,9002
1904,9002
684,9003
4830,9004
520,9005
6797,9005
1335,9006
2520,9006
282,9007
448,9007
6380,9008
4422,9009
4881,9009
8117,9011
1525,9012
5842,9012
6088,9012
7287,9012
7314,9012
4869,9014
242,9016
5248,9016
4624,9017
1230,9018
1396,9018
1040,9019
197,9021
292,9021
1921,9022
6091,9025
1237,9027
1153,9028
39,9029
2158,9030
1808,9032
1041,9035
6505,9035
3498,9037
3896,9038
102,9039
3644,9042
763,9043
4975,9043
5104,9045
19,9051
1323,9051
2848,9051
5171,9052
2100,9053
273,9055
1575,9055
4292,9055
757,9060
1884,9062
2603,9062
552,9063
1097,9063
6986,9063
8365,9063
4,9064
1474,9065
4657,9065
7646,9067
1,9068
386,9068
7851,9068
3864,9070
4547,9070
6380,9070
2651,9073
2179,9074
7122,9074
2088,9076
3650,9076
153,9078
8049,9078
311,9079
588,9079
2762,9080
1377,9082
6902,9082
8949,9084
770,9085
30,9086
85,9086
225,9086
4637,9089
2398,9090
4757,9091
2741,9092
5301,9097
106,9098
2327,9098
5720,9098
50,9099
4,9101
4116,9101
5824,9103
152,9104
8565,9104
1707,9105
3475,9107
4985,9115
6,9117
21,9117
797,9118
947,9118
4081,9119
2787,9120
6071,9120
326,9121
1209,9121
19,9122
3809,9122
242,9125
5542,9127
3771,9128
2653,9129
1519,9130
8467,9131
216,9132
318,9133
757,9134
2353,9135
3367,9135
4349,9136
7925,9137
796,9141
3482,9141
1089,9143
5592,9144
6116,9145
220,9148
4974,9149
85,9152
5738,9152
115,9153
6098,9154
6124,9156
2672,9158
5650,9158
6059,9158
488,9159
1612,9160
1464,9162
1214,9164
8002,9164
2359,9167
3053,9167
4645,9168
0,9169
766,9170
49,9174
167,9174
182,9175
76,9176
222,9178
8651,9178
515,9179
7552,9180
10,9181
6295,9182
1027,9184
6700,9186
3185,9187
113,9188
108,9189
2291,9189
4265,9189
5210,9189
386,9190
7131,9190
9,9191
941,9191
816,9192
4523,9192
592,9193
2617,9193
7439,9193
7458,9193
1361,9195
8589,9195
1705,9196
1783,9196
6618,9197
126,9198
8414,9198
480,9200
3700,9200
622,9202
1378,9202
7628,9202
1832,9204
7723,9205
1230,9206
7547,9206
498,9207
5823,9207
5925,9207
6822,9208
63,9209
13,9210
6242,9210
3047,9211
280,9213
2076,9213
3370,9214
112,9215
871,9215
1007,9215
1335,9215
2687,9216
25,9218
6981,9218
0,9220
101,9221
2244,9221
2278,9221
3047,9221
4530,9221
0,9222
81,9222
1349,9223
5907,9225
434,9227
461,9227
5202,9228
211,9229
3733,9231
1597,9232
2196,9233
4611,9233
4028,9234
5775,9234
1,9235
2000,9235
321,9236
448,9236
6234,9238
2397,9239
7601,9239
35,9241
3651,9241
7055,9241
2242,9242
254,9243
355,9243
1237,9243
5570,9245
2366,9246
315,9249
759,9249
4108,9249
1089,9252
1808,9252
4935,9253
2624,9254
234,9256
6392,9256
89,9258
3307,9259
32,9260
85,9261
4485,9262
4905,9263
4055,9264
20,9267
1279,9267
1873,9267
3191,9268
322,9269
9,9270
4388,9272
118,9274
1482,9276
7492,9276
477,9278
6031,9280
128,9281
8313,9281
182,9282
8446,9284
303,9287
1203,9288
1309,9288
3660,9290
3495,9291
7131,9291
941,9292
1070,9292
3751,9292
4310,9292
5532,9294
360,9296
5824,9297
6255,9298
160,9302
322,9302
4004,9302
4156,9302
4265,9304
6098,9304
5824,9305
3208,9310
4481,9312
999,9315
8225,9315
844,9316
3213,9317
4848,9317
3922,9320
0,9321
221,9322
6138,9322
333,9323
1067,9323
1424,9323
6563,9324
4427,9325
8774,9325
3611,9326
6798,9326
836,9327
1980,9327
41,9328
6,9330
85,9330
9215,9330
352,9333
6219,9334
6156,9336
1079,9337
8766,9337
1065,9338
1825,9339
1,9340
2497,9340
7445,9341
1349,9342
1573,9342
2890,9343
41,9344
665,9344
853,9344
20,9346
150,9346
8265,9348
376,9349
459,9350
4465,9350
101,9351
1263,9351
7423,9351
8746,9351
2323,9352
448,9354
2188,9354
7600,9354
3208,9355
18,9356
975,9357
3326,9358
3434,9358
1783,9361
719,9362
2839,9362
3572,9363
3829,9363
6108,9364
293,9365
1890,9365
7134,9365
8727,9366
6335,9367
1007,9369
1932,9371
3230,9376
7421,9376
6,9377
1151,9377
4522,9377
3202,9379
8775,9379
113,9380
1784,9380
483,9381
5016,9384
5628,9384
6012,9384
2303,9385
7811,9385
1104,9386
1025,9387
4092,9387
50,9390
1153,9390
1243,9391
5946,9391
2413,9393
2545,9394
9267,9394
2753,9395
2130,9396
7012,9396
2575,9397
1527,9398
1616,9400
321,9401
1063,9405
5832,9405
1425,9407
714,9408
1671,9408
1848,9408
5065,9409
2072,9410
811,9411
6868,9413
8458,9413
2605,9416
3563,9417
9380,9418
9097,9423
1334,9424
3103,9424
8287,9426
1673,9429
2867,9429
2906,9429
3112,9429
8782,9430
30,9433
1034,9433
3647,9433
35,9436
629,9436
6091,9436
2205,9438
2220,9438
4521,9438
49,9439
321,9440
5753,9440
9391,9441
1017,9442
2839,9442
5145,9442
160,9443
2209,9443
2,9444
376,9447
2906,9450
1099,9451
3867,9454
7184,9454
30,9455
765,9456
1060,9456
721,9457
1788,9457
1796,9458
81,9459
254,9460
2214,9460
2905,9460
9330,9461
4,9463
639,9463
891,9464
3352,9464
740,9465
5161,9466
946,9467
4769,9467
242,9468
4769,9471
1569,9473
1863,9473
56,9475
6679,9475
4232,9477
17,9478
318,9478
1231,9479
6828,9479
7254,9481
0,9483
216,9483
41,9484
4433,9486
6251,9486
2839,9487
13,9489
6844,9489
8649,9493
2124,9494
218,9495
1663,9496
5435,9496
2839,9497
41,9500
44,9500
6734,9500
1498,9502
1546,9503
1612,9503
4588,9504
276,9505
1016,9506
1176,9506
121,9508
1009,9508
6686,9508
628,9509
2025,9509
75,9510
1596,9510
3880,9511
4445,9512
349,9514
4974,9514
1641,9516
13,9517
861,9517
8744,9517
9234,9519
733,9521
350,9522
4851,9522
6516,9526
7517,9531
8088,9532
577,9533
2894,9533
4944,9533
5045,9533
5132,9533
1624,9535
6351,9535
0,9536
1436,9537
3154,9538
670,9541
537,9542
980,9543
0,9544
76,9545
3326,9549
85,9550
4767,9553
7413,9553
8526,9553
2516,9555
7625,9555
7514,9557
742,9558
5965,9558
6700,9558
8122,9558
4169,9559
211,9560
103,9561
117,9563
20,9565
81,9565
3253,9566
1422,9567
4282,9567
5059,9568
5501,9568
1191,9569
1333,9569
8754,9569
614,9573
138,9575
2958,9575
926,9576
152,9579
816,9580
1046,9580
1202,9583
2379,9583
9317,9583
7787,9584
3523,9585
4070,9585
4190,9586
3107,9587
3635,9587
1,9588
944,9588
7214,9588
6512,9589
3340,9590
6065,9594
7248,9594
70,9595
5769,9595
611,9596
5420,9596
7696,9596
3508,9597
7395,9598
8719,9598
5248,9599
75,9601
5425,9602
5763,9603
5714,9604
1331,9605
7143,9605
8549,9605
949,9606
3989,9606
5730,9606
220,9607
2380,9607
9394,9607
350,9608
2254,9609
3774,9610
6455,9612
1546,9613
7831,9614
6,9615
6392,9616
1,9617
2191,9617
5651,9617
319,9618
796,9618
6652,9618
9606,9618
9463,9619
103,9620
1,9622
864,9622
1968,9623
156,9624
8762,9624
459,9627
8024,9627
8857,9629
1,9631
1498,9631
714,9632
80,9633
1381,9633
4707,9635
431,9637
4075,9639
1,9640
5842,9641
6401,9641
1589,9642
2415,9642
2962,9642
962,9643
5132,9644
946,9646
3662,9646
234,9647
2009,9647
1099,9648
245,9649
1727,9649
2857,9650
7796,9650
8924,9650
1074,9651
1888,9651
1405,9652
2263,9653
5891,9653
8577,9655
459,9656
703,9656
9390,9656
99,9657
6475,9657
3375,9658
139,9659
0,9660
2150,9660
3688,9660
4807,9660
8747,9660
1092,9661
1786,9661
5051,9662
7253,9663
1910,9664
1654,9665
225,9666
391,9666
9196,9667
7040,9668
1,9669
1378,9669
386,9670
6,9671
1319,9671
4567,9671
3993,9672
4957,9672
479,9673
65,9676
4545,9676
8064,9678
228,9679
531,9680
3009,9680
7874,9680
1739,9681
225,9683
667,9683
7806,9683
1804,9687
4488,9687
7462,9687
460,9689
36,9690
1705,9690
1925,9690
7783,9690
3235,9692
9661,9692
2298,9696
200,9698
3742,9698
5720,9698
915,9699
2434,9700
6307,9700
1984,9701
1236,9704
2022,9704
3739,9706
20,9707
102,9709
3445,9712
2946,9713
76,9714
221,9714
246,9715
1391,9715
5263,9715
5301,9716
8660,9717
7173,9721
4241,9722
6710,9725
7662,9725
8727,9727
258,9728
2239,9728
6005,9730
7211,9732
3999,9733
6787,9733
2624,9735
1702,9736
1875,9736
5904,9736
2607,9737
7690,9738
9433,9738
4064,9739
8647,9739
8911,9739
8268,9740
20,9741
1285,9741
3736,9742
2,9743
3318,9743
3371,9743
6065,9743
18,9746
8058,9748
186,9750
2320,9750
8263,9750
7397,9752
50,9753
101,9753
4534,9754
1817,9756
933,9758
2540,9759
4020,9759
2880,9760
410,9761
106,9767
5618,9770
3345,9771
30,9772
159,9772
254,9773
9164,9773
127,9774
3556,9774
2625,9778
1553,9780
218,9781
3318,9782
786,9783
1807,9784
6551,9784
112,9786
588,9786
8446,9786
681,9788
6804,9788
168,9790
89,9791
3499,9791
5149,9791
2723,9793
186,9794
3152,9794
9,9795
4801,9797
1419,9798
4593,9798
6899,9798
5882,9799
336,9802
957,9802
8833,9802
444,9803
1451,9803
2478,9803
7040,9803
1743,9806
7935,9809
138,9810
3890,9810
6837,9810
221,9811
1104,9811
2749,9811
505,9812
1058,9812
1835,9812
2688,9814
721,9815
1731,9815
2383,9816
3521,9816
67,9817
17,9818
2465,9818
1151,9819
1220,9819
112,9821
1614,9821
1900,9821
568,9822
342,9824
1464,9824
115,9825
5111,9825
321,9828
1976,9828
4190,9828
106,9830
5833,9831
2741,9832
9035,9832
101,9834
2397,9834
6938,9834
7964,9834
1950,9836
3794,9839
4683,9839
73,9840
85,9840
3192,9841
6542,9843
186,9844
1144,9847
2009,9847
492,9849
6542,9849
7128,9849
282,9851
9849,9853
322,9855
721,9858
1007,9859
1705,9860
1775,9860
6,9861
842,9861
7275,9861
8002,9861
258,9862
5248,9863
935,9864
1419,9864
1612,9864
3700,9864
7253,9864
5295,9867
8290,9867
3475,9868
1557,9870
1846,9870
136,9873
3288,9874
2125,9875
311,9876
2735,9878
2853,9878
167,9880
4402,9881
2265,9882
1986,9884
6082,9885
4447,9888
1796,9889
1,9890
167,9892
6692,9893
2650,9894
0,9895
0,9896
272,9897
322,9897
7491,9898
1464,9899
9873,9899
766,9901
2320,9901
2906,9901
245,9903
2958,9903
3292,9904
5809,9904
7180,9904
6628,9907
2157,9910
4595,9913
459,9914
6059,9915
459,9916
1617,9918
2727,9918
174,9920
6572,9921
1663,9922
46,9926
1040,9926
729,9928
7929,9928
1600,9930
218,9931
7373,9932
2744,9933
7350,9933
7763,9934
138,9939
2478,9939
6834,9939
8241,9940
9007,9940
197,9941
9429,9941
341,9942
1451,9942
3580,9943
721,9944
579,9945
8399,9945
9661,9947
492,9948
3333,9950
4534,9950
934,9951
2054,9953
4495,9953
505,9956
2545,9957
3417,9957
927,9958
6551,9958
3490,9960
3376,9961
824,9963
8446,9963
346,9965
8204,9965
3060,9966
992,9968
110,9969
1028,9970
225,9972
9798,9973
56,9974
5670,9974
6116,9977
117,9978
640,9978
292,9980
9728,9982
5769,9983
6885,9983
3570,9984
2924,9985
6421,9985
49,9986
2826,9986
611,9987
6225,9989
167,9990
4866,9990
6195,9991
7099,9992
1568,9993
112,9995
2453,9995
6474,9997
909,9999
1001,9999
8617,9999
