0,1
1,2
2,3
3,4
0,6
0,9
3,11
0,14
11,14
14,15
0,17
0,19
0,20
11,20
15,22
0,23
11,23
14,23
23,24
14,25
2,26
0,28
0,29
24,30
14,31
15,31
23,31
11,32
11,33
24,33
31,34
0,35
0,36
9,37
23,38
11,39
24,40
14,42
23,42
23,45
15,46
42,46
0,47
14,48
30,48
32,48
11,50
42,50
9,52
24,52
14,53
1,54
11,55
50,55
23,58
1,59
23,59
42,60
23,61
3,63
59,64
40,67
9,69
42,69
14,72
20,72
50,72
9,73
14,73
24,75
11,76
31,76
0,77
50,77
14,78
60,78
4,80
46,80
11,82
11,85
23,85
80,85
23,87
61,88
15,89
23,90
3,91
82,91
52,92
31,94
80,94
50,96
72,96
23,97
52,97
1,101
32,103
80,104
14,106
69,106
14,107
89,107
26,110
91,110
0,111
14,112
77,112
0,115
76,115
11,118
1,119
50,119
80,119
82,120
9,121
60,125
78,125
125,126
58,127
1,130
115,130
14,131
23,131
119,133
6,134
1,136
45,136
136,138
31,139
15,140
23,140
23,144
40,145
14,147
24,149
115,149
125,149
11,150
37,152
150,154
101,155
150,155
31,156
52,156
26,157
14,163
89,165
97,165
155,167
115,168
23,169
42,170
72,170
23,172
115,174
157,174
80,175
145,175
28,176
14,177
32,178
3,179
24,179
60,179
34,180
150,181
50,182
82,182
60,183
23,184
80,186
157,188
2,190
145,190
165,191
42,192
119,193
139,193
115,194
32,195
14,197
14,198
120,198
4,199
14,199
119,199
23,200
14,201
150,202
50,203
14,204
119,204
175,204
9,205
115,205
120,206
55,209
80,209
89,209
25,210
9,213
0,215
37,215
203,215
28,216
0,217
92,217
2,218
28,222
89,222
14,223
29,223
152,224
48,225
177,225
179,225
55,226
209,226
119,228
42,230
48,230
14,235
42,240
58,242
203,242
101,244
213,244
14,245
9,249
31,250
209,250
9,251
80,251
125,251
1,252
115,252
80,253
26,254
22,255
4,256
23,258
28,259
120,260
53,263
50,265
78,265
175,267
14,269
177,269
32,271
89,273
2,275
14,276
50,277
37,278
194,278
40,280
80,280
11,281
14,284
26,284
138,287
126,288
130,290
11,291
77,292
14,295
25,299
50,302
23,303
202,304
193,305
194,307
136,308
235,308
287,308
110,309
14,310
32,310
55,312
145,314
203,314
14,315
80,315
15,316
133,316
115,317
14,318
9,321
11,322
32,322
50,322
58,322
52,323
280,323
45,328
2,330
42,331
125,331
23,332
14,333
110,335
263,335
284,335
323,336
11,337
32,338
202,340
215,341
50,342
14,346
42,346
91,346
23,351
184,351
193,351
0,352
42,354
88,354
61,357
26,358
150,358
34,361
80,361
336,362
0,363
3,364
133,365
251,365
104,366
121,366
1,367
11,367
59,367
172,368
78,369
150,369
180,372
15,373
0,375
340,375
1,376
75,376
133,377
1,379
15,380
23,381
23,383
0,384
58,385
80,386
181,387
92,388
119,388
183,388
14,389
48,389
375,389
42,390
322,390
22,391
367,392
126,393
228,393
120,394
1,395
308,395
92,397
119,397
14,398
50,399
106,399
26,400
381,401
1,404
23,405
85,406
80,408
228,408
55,411
0,412
58,412
72,412
144,412
147,413
85,414
346,414
0,417
411,418
14,419
23,419
96,419
155,419
177,419
377,420
31,421
147,424
154,427
37,430
276,430
131,432
203,432
92,434
424,434
209,435
235,435
342,436
1,438
175,439
14,440
404,440
42,442
53,442
421,442
60,443
131,445
209,447
31,449
23,450
190,450
140,451
0,452
202,452
284,455
97,456
14,457
442,457
31,458
338,459
37,460
31,463
175,464
387,465
52,466
72,466
157,466
14,467
309,467
314,467
418,469
23,470
369,470
172,471
295,473
157,476
179,476
58,477
284,477
390,477
465,477
473,477
110,480
228,481
354,484
400,485
354,486
477,487
32,490
111,490
11,491
242,492
131,493
281,493
0,494
9,495
199,495
202,495
149,496
1,497
78,498
80,498
110,498
193,498
15,499
97,499
226,500
78,501
386,501
497,501
23,503
33,505
265,505
23,506
52,509
58,509
177,512
0,514
9,515
104,516
316,516
14,518
15,518
55,521
14,525
14,527
11,528
32,536
52,537
4,538
459,538
0,539
77,539
188,539
130,543
537,543
174,544
97,545
155,545
318,548
2,551
121,556
176,556
449,556
538,556
199,558
50,560
367,560
252,562
31,563
2,564
32,564
136,564
14,566
147,567
23,569
487,569
284,571
256,574
34,575
174,575
490,575
226,576
85,577
206,577
2,580
155,581
366,581
0,582
545,582
80,583
149,583
145,584
119,585
2,587
1,588
358,588
4,589
15,594
466,594
509,594
337,596
14,597
284,599
25,600
77,603
177,605
358,605
37,606
245,606
323,606
48,608
182,608
399,611
149,612
136,613
563,613
366,614
204,615
26,616
477,617
24,618
85,618
251,618
23,620
404,620
169,621
192,621
413,621
107,622
55,623
545,623
85,624
412,624
597,624
0,625
179,625
259,626
149,629
15,630
72,631
375,632
14,633
40,633
574,633
194,634
470,634
442,635
1,637
245,637
321,637
40,640
277,641
52,642
556,643
466,645
496,646
312,647
32,649
183,649
242,649
288,650
48,653
167,654
390,654
436,655
473,656
14,657
133,657
599,657
177,658
338,659
3,660
120,661
654,661
24,663
412,663
501,663
631,665
175,666
307,666
26,667
451,667
0,670
209,671
215,671
0,673
120,673
367,674
430,674
459,674
104,675
58,676
228,677
42,678
72,683
156,683
119,685
28,688
209,688
85,689
133,690
666,692
361,694
369,694
537,694
330,695
543,696
157,699
157,700
574,702
564,705
64,707
284,707
23,709
144,709
316,709
175,710
176,710
23,711
501,711
52,712
154,712
88,713
256,714
40,715
209,715
37,716
389,716
392,718
460,718
23,719
470,720
97,721
223,721
414,721
337,724
309,725
330,725
456,725
594,725
23,726
26,727
172,727
15,730
50,731
199,733
14,734
31,735
72,735
369,735
400,735
29,736
560,738
473,739
497,739
78,740
50,742
165,747
381,747
40,748
15,749
372,749
625,749
34,750
119,750
683,756
14,757
499,758
37,761
421,761
556,761
32,765
82,765
250,768
305,768
155,769
25,771
125,771
139,772
0,774
772,774
194,775
4,777
302,780
405,780
31,781
492,781
92,782
381,782
518,782
661,784
3,786
23,786
412,786
597,786
52,789
321,789
11,790
215,790
228,790
358,790
537,790
367,791
110,792
615,792
726,794
476,795
484,795
14,796
312,796
112,797
739,799
11,802
583,806
632,806
404,810
774,811
322,812
365,813
487,814
583,815
140,816
15,817
193,821
381,821
709,821
55,826
797,826
149,828
450,828
23,829
477,830
463,833
702,833
24,834
367,834
419,834
689,835
36,838
115,840
9,842
94,842
230,842
456,842
545,842
23,843
647,847
11,848
11,849
322,849
154,850
112,852
204,852
509,852
75,853
465,853
656,854
130,855
1,856
38,858
89,858
452,858
9,859
89,859
278,859
110,864
321,864
394,865
707,865
14,867
528,868
456,870
23,873
38,873
394,873
367,874
615,875
167,877
597,877
53,878
184,880
205,882
574,884
24,885
583,886
287,889
11,890
103,890
228,890
789,891
495,892
9,896
31,896
650,896
284,897
291,898
323,898
226,900
316,900
435,900
0,901
471,901
11,902
466,904
152,906
150,907
414,908
656,908
78,909
278,910
340,910
676,910
757,912
470,915
15,916
621,916
877,916
11,917
59,917
157,919
850,920
91,922
890,922
245,923
0,924
323,924
15,926
97,927
338,927
33,928
40,928
15,929
596,929
24,930
32,930
111,930
242,930
367,930
556,930
14,931
901,935
309,938
14,939
195,941
133,942
868,945
85,946
28,947
852,948
176,949
362,949
890,949
28,950
198,950
252,950
774,950
23,952
780,952
665,954
322,956
739,956
50,957
75,957
842,957
537,958
80,960
278,961
58,962
144,962
792,962
32,963
193,964
563,965
42,966
615,966
251,967
295,967
80,968
585,968
42,970
23,971
80,971
792,971
882,971
361,972
735,972
14,973
761,973
774,973
357,975
37,976
198,977
1,978
470,978
718,978
48,979
666,981
882,982
14,984
174,984
228,984
3,985
14,988
821,989
456,990
975,990
50,991
80,991
505,991
14,992
203,993
675,993
11,996
121,996
702,996
31,997
155,998
910,998
29,999
367,999
852,999
23,1000
840,1001
947,1001
451,1002
14,1003
78,1004
322,1005
80,1007
115,1009
896,1009
984,1009
89,1010
179,1010
0,1012
80,1016
641,1017
998,1017
215,1019
1001,1019
323,1020
632,1022
749,1022
174,1023
383,1023
104,1024
432,1024
498,1024
678,1024
727,1025
927,1027
50,1028
120,1031
621,1032
642,1032
85,1033
735,1033
182,1036
168,1037
136,1038
15,1039
641,1040
23,1041
389,1042
545,1043
873,1043
150,1044
11,1045
167,1047
543,1047
544,1048
696,1048
720,1049
215,1051
1033,1051
625,1052
78,1053
715,1053
901,1054
119,1056
176,1056
31,1059
367,1059
414,1062
0,1064
381,1064
11,1067
896,1067
330,1068
467,1068
14,1069
1048,1071
184,1072
649,1072
295,1075
1020,1075
228,1076
2,1077
28,1077
193,1078
318,1079
896,1079
950,1079
299,1080
23,1082
14,1083
14,1084
28,1085
950,1085
361,1086
23,1090
11,1092
38,1092
72,1093
537,1093
2,1094
449,1095
782,1098
331,1099
72,1101
476,1101
709,1102
165,1103
28,1104
354,1104
31,1105
346,1105
2,1106
180,1106
1043,1106
436,1107
23,1108
958,1110
1001,1112
179,1113
11,1115
37,1115
321,1115
909,1116
0,1117
9,1118
386,1118
882,1118
3,1120
168,1120
391,1120
621,1120
375,1121
645,1124
594,1127
898,1127
80,1128
484,1128
1120,1128
52,1129
72,1129
80,1129
316,1130
318,1130
406,1131
451,1131
165,1133
414,1133
518,1133
625,1133
252,1134
942,1135
1020,1137
735,1138
799,1138
898,1139
52,1140
24,1141
1044,1141
14,1142
14,1146
673,1146
33,1148
927,1148
769,1151
14,1152
154,1152
77,1154
670,1154
77,1155
499,1155
624,1155
315,1156
58,1159
495,1160
838,1160
1067,1161
490,1162
9,1163
278,1164
588,1164
631,1165
37,1167
24,1168
477,1168
52,1169
1129,1169
963,1170
849,1171
14,1173
40,1173
119,1173
1001,1174
28,1176
0,1177
175,1177
265,1177
1000,1179
634,1180
335,1181
1009,1181
131,1185
618,1185
484,1186
24,1187
400,1188
884,1189
14,1192
369,1192
505,1193
55,1194
228,1194
357,1194
564,1196
72,1197
973,1197
1,1198
32,1198
740,1199
168,1201
115,1202
217,1202
634,1202
882,1205
388,1207
120,1208
310,1208
890,1208
432,1209
369,1210
1009,1211
901,1213
32,1215
85,1215
197,1215
72,1217
127,1219
917,1219
26,1220
2,1222
1093,1222
931,1224
596,1226
23,1227
281,1229
1162,1229
412,1230
909,1232
322,1233
694,1233
14,1236
917,1237
97,1238
168,1238
884,1241
950,1245
467,1246
950,1246
965,1247
1025,1249
157,1250
853,1250
1177,1250
14,1251
31,1252
397,1253
855,1253
323,1254
15,1255
653,1255
1017,1257
156,1258
624,1258
126,1260
126,1263
14,1264
792,1264
205,1266
55,1267
615,1267
978,1268
38,1269
140,1272
1139,1273
23,1276
52,1278
491,1280
1106,1280
361,1282
1071,1282
178,1283
968,1287
896,1288
747,1289
466,1291
3,1294
1,1295
256,1295
564,1295
209,1297
917,1299
761,1300
190,1302
603,1303
310,1305
735,1307
979,1307
424,1308
1124,1308
150,1309
393,1309
411,1309
620,1310
2,1312
14,1313
32,1313
78,1315
213,1315
133,1318
11,1319
322,1319
439,1319
198,1321
242,1322
119,1323
61,1326
694,1326
556,1328
1198,1330
1250,1333
33,1334
896,1334
89,1335
175,1335
1017,1337
14,1338
1202,1338
119,1339
203,1339
972,1340
37,1341
50,1341
456,1341
724,1341
782,1341
23,1342
130,1342
89,1343
23,1344
712,1344
916,1344
1106,1344
750,1346
878,1348
991,1348
203,1350
224,1350
393,1350
574,1350
119,1355
182,1355
1350,1356
42,1357
615,1357
180,1359
1315,1359
0,1361
713,1363
225,1364
37,1365
412,1365
1068,1367
9,1368
11,1368
621,1368
338,1369
941,1369
14,1370
724,1370
388,1371
815,1372
1133,1372
1341,1372
950,1373
414,1375
661,1375
50,1376
202,1377
916,1378
92,1382
115,1382
115,1384
0,1388
288,1388
560,1389
139,1391
50,1392
136,1393
175,1395
1267,1395
400,1396
842,1397
284,1399
395,1400
1047,1400
361,1402
724,1402
421,1403
663,1404
1041,1405
338,1406
1375,1407
15,1410
199,1410
251,1414
1090,1415
192,1416
657,1416
916,1416
465,1417
1024,1418
11,1419
202,1419
118,1423
976,1426
307,1429
792,1429
949,1429
106,1430
361,1430
689,1431
1365,1433
1002,1435
198,1436
625,1439
909,1439
38,1441
157,1441
996,1441
40,1445
821,1445
1000,1448
490,1449
2,1450
642,1454
11,1456
1268,1457
1222,1458
23,1461
72,1461
15,1462
80,1465
0,1466
1099,1466
896,1467
1024,1467
1048,1467
48,1468
927,1468
949,1469
1315,1470
1,1472
14,1473
840,1473
203,1474
215,1474
556,1475
817,1476
949,1477
657,1478
694,1479
1266,1479
42,1480
193,1482
771,1484
131,1485
1024,1485
23,1486
180,1486
369,1486
53,1488
97,1489
597,1489
14,1492
118,1492
0,1493
891,1493
1135,1495
351,1496
389,1496
395,1496
414,1498
1162,1498
85,1499
996,1500
1365,1503
0,1505
1372,1505
900,1506
1083,1506
499,1507
898,1507
172,1509
400,1510
625,1510
23,1511
193,1511
46,1512
749,1512
749,1513
916,1513
460,1518
789,1519
287,1520
1053,1521
1068,1522
50,1523
89,1523
192,1523
1478,1523
40,1524
110,1525
110,1526
23,1527
1179,1527
414,1530
917,1535
48,1536
1052,1537
40,1538
1295,1538
996,1539
1072,1539
367,1540
910,1541
716,1542
209,1543
80,1544
240,1545
1133,1545
149,1546
1129,1546
72,1547
1048,1547
667,1549
799,1551
1227,1551
1110,1553
954,1554
253,1555
404,1555
9,1557
527,1558
0,1559
36,1560
73,1560
473,1561
198,1562
14,1563
917,1563
948,1563
585,1564
24,1565
97,1567
358,1567
1000,1568
1176,1568
28,1570
620,1571
1439,1572
284,1573
399,1573
499,1573
149,1575
1146,1577
9,1578
736,1578
556,1579
1294,1579
40,1580
1430,1580
640,1588
1048,1591
42,1592
538,1592
149,1593
381,1593
223,1594
1068,1597
1429,1597
50,1600
366,1600
3,1601
193,1601
516,1601
194,1604
14,1605
1254,1605
11,1606
946,1606
52,1608
618,1608
33,1609
80,1610
112,1612
321,1612
949,1613
1405,1613
1458,1613
15,1620
55,1623
80,1623
688,1624
1573,1624
203,1625
1461,1627
1613,1627
11,1629
666,1629
52,1630
564,1630
1395,1630
9,1631
89,1631
858,1631
38,1632
205,1632
949,1633
790,1638
14,1639
393,1639
398,1639
193,1641
620,1641
199,1643
695,1645
11,1646
949,1647
1164,1647
367,1648
929,1648
115,1652
451,1654
856,1657
1547,1658
149,1660
1543,1660
136,1661
149,1661
947,1665
633,1666
97,1667
976,1668
398,1669
621,1670
131,1672
419,1673
960,1673
149,1676
1009,1676
226,1677
184,1680
2,1682
1546,1683
0,1684
308,1684
842,1686
405,1688
477,1688
828,1688
245,1689
842,1689
1308,1689
28,1690
278,1690
183,1691
218,1691
725,1692
154,1693
125,1694
179,1694
494,1694
1372,1694
721,1695
110,1696
1542,1696
964,1697
14,1698
1393,1700
556,1701
1116,1701
432,1703
209,1704
1258,1706
14,1707
466,1707
518,1707
133,1709
217,1709
23,1711
379,1712
774,1712
1405,1712
1573,1713
182,1717
721,1717
23,1720
842,1720
890,1720
919,1722
406,1723
1657,1725
23,1726
346,1726
1079,1728
224,1731
1389,1731
317,1732
946,1732
1359,1732
735,1733
972,1733
721,1734
9,1735
258,1735
369,1736
1553,1736
618,1739
1540,1739
50,1742
654,1742
52,1744
1156,1744
42,1745
1694,1745
957,1749
318,1750
654,1751
901,1751
1129,1751
414,1752
1012,1753
620,1754
1430,1754
1075,1757
1402,1758
890,1760
1160,1761
1341,1763
850,1766
112,1767
245,1769
749,1770
31,1771
50,1772
120,1772
608,1772
1249,1772
1633,1774
340,1778
1371,1780
799,1781
784,1782
985,1783
412,1784
1544,1784
193,1785
816,1785
1,1786
204,1786
663,1786
182,1788
0,1789
3,1789
581,1789
654,1791
643,1792
890,1792
1707,1792
761,1793
72,1795
46,1796
278,1796
1549,1796
121,1797
721,1797
1629,1799
1499,1800
726,1801
288,1802
14,1803
42,1803
130,1804
36,1805
694,1807
941,1808
1717,1808
0,1809
276,1811
597,1811
999,1811
366,1812
873,1812
1146,1816
193,1820
38,1822
802,1822
1782,1823
1253,1824
1478,1824
1707,1824
55,1825
204,1825
842,1825
1326,1827
80,1828
149,1828
465,1830
0,1831
1048,1831
358,1833
490,1833
1017,1835
177,1836
470,1836
367,1838
400,1839
978,1839
338,1842
1355,1843
1375,1843
466,1845
979,1846
165,1849
1717,1849
1268,1850
204,1851
795,1851
390,1853
904,1853
1457,1853
1392,1854
1140,1855
127,1856
676,1857
58,1860
127,1860
199,1860
358,1860
842,1862
1162,1863
357,1864
106,1867
494,1867
133,1869
949,1870
31,1871
900,1871
316,1872
1457,1872
674,1873
782,1873
32,1875
1476,1877
901,1883
11,1885
470,1886
996,1886
52,1888
321,1888
850,1889
9,1890
726,1892
1041,1893
92,1894
383,1896
11,1899
14,1899
505,1899
612,1899
1701,1899
1698,1901
1850,1901
1612,1902
120,1906
0,1908
663,1910
218,1913
694,1913
1129,1913
11,1914
1,1915
9,1915
59,1915
421,1916
813,1919
1749,1920
351,1924
850,1924
1633,1924
3,1926
1344,1926
184,1927
1364,1927
1901,1927
32,1928
277,1929
322,1929
278,1932
580,1933
1601,1933
1458,1937
223,1940
543,1942
1707,1942
467,1944
715,1944
28,1946
1112,1946
194,1947
338,1947
14,1949
112,1949
340,1951
183,1954
1146,1954
1257,1954
1862,1954
528,1955
26,1957
150,1957
1416,1959
1789,1960
245,1961
790,1961
949,1962
1604,1963
1720,1963
304,1964
1853,1965
1245,1968
487,1971
965,1971
1042,1971
1457,1971
545,1972
976,1972
277,1975
398,1976
791,1976
2,1977
94,1978
927,1978
1565,1978
1573,1978
28,1979
38,1979
650,1980
1478,1980
1110,1983
125,1986
621,1986
982,1986
618,1987
1555,1988
1701,1989
367,1994
299,1995
949,1997
199,1999
1641,1999
1799,2000
1638,2001
110,2002
242,2002
1247,2003
623,2004
726,2006
31,2007
790,2008
1538,2009
389,2010
418,2011
930,2011
1523,2011
1540,2012
1645,2012
340,2013
1129,2013
4,2014
209,2014
711,2016
0,2017
209,2018
336,2020
1489,2020
1910,2020
1700,2021
121,2022
896,2022
954,2022
1328,2025
1888,2025
32,2026
724,2026
1230,2026
1838,2027
2012,2027
192,2028
418,2028
456,2029
884,2030
38,2031
40,2033
361,2033
1722,2033
373,2034
1546,2035
317,2040
1862,2041
1605,2042
26,2043
72,2045
949,2045
1007,2046
198,2048
466,2048
14,2049
37,2049
1591,2051
305,2052
917,2052
145,2055
826,2055
338,2057
581,2058
284,2059
1227,2059
167,2060
456,2060
31,2061
858,2061
1457,2062
2029,2062
1461,2063
85,2065
700,2066
1568,2066
346,2067
518,2067
673,2067
390,2068
1012,2070
1165,2070
1915,2070
4,2071
106,2071
245,2072
588,2072
1828,2074
11,2075
1946,2075
419,2076
1403,2077
1782,2077
120,2078
199,2079
1169,2081
1795,2081
724,2082
412,2087
816,2088
833,2088
1739,2088
556,2091
198,2092
1315,2093
1823,2096
1037,2097
1094,2098
23,2100
459,2100
1630,2100
715,2103
1177,2103
1623,2106
2011,2106
228,2107
72,2111
1165,2111
494,2113
2033,2116
709,2117
1024,2117
1592,2117
1720,2118
50,2120
896,2122
323,2124
157,2125
1997,2125
89,2129
372,2129
560,2129
130,2130
395,2130
646,2130
1130,2130
494,2131
1193,2131
358,2132
1949,2132
859,2133
1168,2134
833,2136
78,2140
476,2141
721,2141
1128,2141
597,2142
38,2143
560,2143
42,2145
465,2146
404,2147
1867,2147
796,2148
815,2148
183,2149
331,2150
168,2151
9,2152
715,2152
165,2154
1612,2156
288,2157
1742,2158
1342,2159
2129,2159
850,2161
1538,2162
884,2163
284,2166
1267,2166
1193,2168
50,2169
72,2169
665,2169
930,2170
962,2171
202,2172
337,2176
1207,2176
395,2177
790,2179
183,2180
2028,2182
1017,2183
901,2184
782,2186
2062,2186
115,2187
683,2187
15,2188
213,2189
842,2189
337,2190
1120,2190
127,2191
949,2191
1121,2191
1303,2192
48,2194
1315,2194
726,2196
145,2197
358,2197
442,2197
901,2199
2000,2200
1549,2201
1853,2202
34,2203
228,2205
1629,2205
432,2206
97,2208
476,2208
1701,2208
321,2210
404,2210
1825,2210
40,2211
545,2217
842,2221
1053,2221
1646,2221
1429,2223
199,2224
981,2224
2186,2224
131,2225
870,2225
782,2228
340,2230
470,2230
205,2232
661,2233
1457,2233
80,2234
172,2234
110,2235
1853,2235
32,2236
545,2236
1698,2236
1530,2237
252,2238
385,2238
2157,2238
14,2239
32,2239
750,2239
11,2241
276,2242
931,2242
1908,2243
817,2244
1676,2245
42,2246
28,2250
700,2250
1785,2250
1105,2252
1601,2253
52,2254
1507,2254
1797,2254
620,2257
957,2257
1334,2257
956,2258
696,2259
23,2261
494,2261
1657,2261
505,2262
761,2263
2194,2263
1068,2266
1129,2266
1720,2266
131,2267
31,2268
711,2268
949,2270
850,2272
923,2272
2163,2273
25,2275
121,2275
1094,2275
308,2276
42,2278
85,2278
1071,2279
55,2280
351,2281
52,2285
2188,2286
269,2290
175,2291
421,2292
50,2293
1940,2293
1430,2294
215,2296
1220,2297
1071,2300
46,2301
215,2301
48,2304
45,2305
657,2305
1555,2309
106,2310
42,2311
1641,2311
1258,2314
1001,2315
316,2316
338,2316
31,2317
715,2318
14,2319
167,2319
150,2320
1947,2320
1429,2321
618,2322
23,2324
1033,2324
131,2325
28,2327
828,2327
2267,2328
28,2329
1138,2329
642,2331
194,2332
1093,2332
393,2333
673,2333
749,2333
77,2334
23,2337
101,2337
2311,2337
131,2338
750,2338
1036,2338
865,2340
1527,2341
518,2343
2052,2345
2075,2345
2129,2347
588,2350
14,2351
2180,2351
322,2352
1457,2352
810,2353
1139,2354
1215,2354
2025,2355
52,2357
1313,2357
2191,2357
721,2358
1372,2358
1131,2359
28,2361
566,2362
666,2362
842,2362
957,2362
1,2363
782,2363
978,2365
2235,2365
367,2368
421,2368
80,2369
1873,2370
833,2372
620,2377
815,2380
1843,2380
1484,2381
1971,2381
0,2382
694,2382
24,2383
792,2383
1220,2383
1555,2383
1573,2383
1372,2384
115,2387
538,2390
89,2391
1785,2391
996,2393
972,2394
55,2395
228,2396
1115,2396
1484,2396
340,2397
0,2398
2316,2398
209,2401
414,2401
1579,2403
190,2405
412,2405
1009,2405
23,2408
1160,2408
2116,2410
412,2411
174,2412
1788,2412
14,2416
950,2416
576,2417
810,2417
603,2418
6,2419
28,2419
1551,2419
361,2420
864,2421
2149,2421
193,2424
203,2424
351,2424
1506,2427
890,2428
38,2432
314,2434
1339,2434
2176,2435
1772,2436
147,2437
149,2437
854,2437
1247,2437
2390,2437
665,2439
412,2440
9,2442
1751,2443
119,2444
376,2445
438,2447
873,2447
177,2448
688,2448
975,2448
1372,2448
1633,2449
1965,2450
556,2451
2329,2451
2077,2452
203,2453
421,2453
80,2456
28,2457
80,2458
287,2460
1726,2463
432,2464
2259,2465
1824,2470
1465,2471
145,2473
901,2473
1704,2474
501,2475
769,2475
15,2476
314,2476
854,2476
1365,2476
31,2477
1112,2478
1968,2478
278,2479
715,2479
199,2481
406,2481
922,2481
346,2482
709,2483
1090,2483
421,2487
138,2489
946,2489
50,2490
78,2490
174,2491
941,2491
1001,2491
1915,2491
1341,2492
1224,2493
1957,2493
58,2494
2324,2494
1198,2497
1405,2497
2092,2497
284,2501
2072,2501
790,2502
1067,2503
2072,2503
14,2504
338,2504
621,2504
1980,2507
1,2508
14,2511
1828,2511
15,2513
80,2513
676,2514
15,2516
750,2518
2243,2518
946,2521
1033,2521
1068,2521
1538,2521
1940,2524
0,2525
1906,2526
0,2527
2290,2528
36,2529
37,2530
218,2530
1828,2530
1997,2531
864,2534
52,2535
310,2538
15,2541
962,2541
992,2541
1133,2541
147,2543
1751,2543
712,2544
957,2545
985,2545
2458,2545
2026,2547
340,2549
1241,2549
1901,2549
351,2551
2541,2552
149,2554
251,2554
1977,2554
199,2557
430,2557
917,2557
1698,2558
2028,2559
0,2560
1121,2560
1639,2562
26,2563
782,2563
946,2564
1592,2564
1643,2564
466,2565
373,2566
1185,2567
499,2568
1059,2570
452,2571
2118,2571
826,2573
865,2577
2257,2577
1660,2579
15,2580
1523,2580
335,2581
1160,2581
1068,2582
1094,2582
184,2583
252,2583
967,2585
26,2588
1141,2589
1,2592
381,2593
1492,2594
323,2596
418,2597
2118,2598
2440,2598
0,2600
179,2600
2352,2601
2129,2602
48,2603
464,2604
1555,2614
919,2615
2242,2615
215,2616
661,2616
1372,2616
1676,2616
104,2617
476,2617
505,2617
1141,2618
155,2619
2162,2619
80,2621
119,2622
432,2622
647,2625
1001,2625
1435,2625
1666,2625
1260,2626
1067,2627
2615,2627
199,2630
72,2631
50,2632
23,2633
284,2635
2235,2635
80,2637
97,2637
401,2638
1139,2639
2051,2639
80,2641
465,2643
1461,2643
2238,2643
2564,2644
23,2646
1344,2646
1707,2646
2208,2646
193,2649
1676,2649
2025,2649
322,2650
177,2652
338,2652
1554,2653
916,2655
9,2656
1717,2657
2092,2657
713,2658
853,2658
2188,2659
24,2660
77,2663
1389,2663
884,2665
354,2666
930,2666
939,2669
563,2670
228,2671
890,2671
1853,2672
26,2674
372,2674
386,2674
140,2675
476,2675
720,2676
1341,2676
9,2677
0,2678
316,2679
1554,2679
473,2681
2,2683
375,2685
1019,2687
24,2688
136,2688
2663,2688
156,2689
606,2689
1554,2690
2451,2690
1435,2692
406,2693
505,2695
735,2695
1033,2697
2524,2697
14,2698
923,2698
1537,2698
1,2700
1726,2701
661,2703
1624,2703
2143,2704
48,2706
0,2707
1803,2707
323,2708
1129,2709
395,2710
395,2713
1763,2713
1571,2714
1862,2714
1807,2715
242,2716
1683,2716
400,2717
85,2718
204,2718
569,2718
2012,2720
1507,2721
1093,2726
106,2728
713,2729
1077,2730
878,2731
518,2734
2658,2735
957,2736
1384,2736
3,2739
2324,2740
949,2741
1563,2741
72,2742
205,2746
456,2747
1568,2747
72,2754
59,2756
1033,2758
1313,2759
646,2761
718,2762
1340,2762
1972,2762
1197,2765
2491,2765
2616,2765
2190,2767
771,2768
1980,2769
1027,2770
1591,2770
2391,2770
136,2772
2598,2773
14,2777
28,2779
2507,2779
1017,2780
1179,2781
1701,2784
2518,2784
949,2785
1717,2785
2060,2785
395,2786
1605,2787
64,2792
735,2792
545,2793
1222,2794
1161,2795
1955,2796
64,2797
1198,2797
179,2798
896,2798
1,2799
373,2799
1348,2799
470,2801
2600,2801
1106,2803
813,2804
85,2806
2338,2806
184,2810
2011,2810
121,2811
1976,2812
545,2814
1797,2815
2317,2815
2625,2815
14,2818
110,2818
424,2818
1129,2820
1341,2821
23,2822
154,2822
2250,2822
585,2824
1942,2825
1554,2827
2188,2827
23,2829
1053,2829
1932,2829
1230,2830
58,2834
157,2836
2797,2836
709,2840
2358,2840
88,2841
1000,2842
110,2845
209,2845
929,2846
2450,2848
2254,2849
2393,2849
1016,2850
2410,2850
287,2851
312,2851
2688,2852
1169,2853
281,2854
1059,2857
1797,2858
2815,2861
451,2862
42,2864
929,2864
2594,2864
354,2866
0,2867
774,2867
2747,2868
1457,2870
2476,2870
1980,2871
1976,2873
80,2874
920,2874
357,2875
1796,2875
42,2876
699,2876
15,2878
898,2878
177,2879
949,2879
1507,2879
1940,2879
354,2880
852,2880
315,2882
632,2883
780,2883
874,2883
2275,2883
139,2884
369,2886
1971,2886
2857,2886
167,2888
796,2888
1915,2890
106,2892
711,2893
1800,2893
1839,2894
338,2896
358,2896
1469,2896
1350,2897
909,2899
72,2901
2278,2902
50,2905
2187,2905
1760,2906
1198,2907
42,2908
2697,2908
55,2909
556,2909
603,2909
0,2910
338,2910
912,2912
466,2914
361,2919
52,2920
873,2920
452,2922
1613,2923
361,2924
596,2924
316,2925
2716,2925
165,2927
774,2928
996,2928
2001,2928
711,2930
1551,2930
665,2931
460,2933
1090,2934
2075,2936
2067,2937
1695,2940
23,2941
3,2942
351,2943
2524,2947
69,2950
1294,2950
1484,2950
2806,2950
477,2951
715,2951
72,2954
1632,2954
2238,2955
59,2957
188,2960
9,2962
1994,2965
1883,2966
15,2969
22,2969
1017,2973
1854,2975
32,2976
1139,2976
1423,2977
155,2979
935,2979
31,2980
1048,2980
2879,2982
26,2983
2317,2983
2851,2984
574,2985
896,2985
1246,2985
2627,2986
1563,2987
11,2989
1371,2989
92,2990
322,2990
917,2990
1689,2991
24,2996
815,2996
1341,2998
1652,2998
1965,2999
2598,2999
2867,3000
144,3001
209,3001
721,3001
250,3002
1077,3003
176,3004
82,3005
949,3005
89,3006
735,3006
1249,3006
991,3008
979,3010
2857,3010
2129,3011
2266,3011
0,3012
2383,3012
120,3013
2007,3013
2617,3013
278,3014
499,3014
1160,3015
1253,3016
201,3017
193,3021
536,3024
48,3026
1342,3028
3014,3031
500,3033
1334,3033
2011,3033
1106,3034
25,3035
73,3035
1220,3035
1139,3036
1523,3037
828,3039
149,3040
564,3040
1226,3040
560,3044
2616,3044
1667,3045
588,3046
1202,3046
182,3047
2062,3047
620,3050
694,3051
2026,3053
287,3055
94,3060
121,3060
689,3060
1416,3060
1573,3061
125,3063
1213,3063
1908,3064
2131,3064
1770,3066
2301,3066
177,3067
1789,3068
3,3070
351,3070
155,3071
2236,3072
46,3073
2129,3073
2419,3073
11,3076
354,3076
2481,3076
2951,3077
50,3078
53,3079
26,3080
1639,3080
2321,3081
1707,3083
199,3085
195,3087
1690,3088
318,3089
209,3090
1062,3090
782,3091
2217,3094
2625,3094
621,3096
11,3098
104,3098
390,3098
1133,3098
2829,3098
477,3100
920,3100
85,3101
14,3103
277,3103
110,3104
749,3104
31,3105
1085,3105
2489,3107
2184,3110
1369,3111
82,3112
15,3113
1001,3113
2990,3113
330,3115
537,3121
2573,3121
9,3124
26,3124
419,3124
120,3125
663,3126
167,3127
375,3128
2162,3129
2707,3129
72,3130
2616,3130
23,3133
492,3133
882,3134
984,3134
369,3137
1933,3137
2028,3138
3124,3139
1629,3140
2149,3141
28,3142
978,3142
973,3143
284,3144
705,3144
930,3144
2063,3144
85,3145
2473,3145
1660,3146
23,3147
381,3147
1209,3147
0,3148
1828,3148
1901,3148
23,3150
284,3151
15,3152
537,3153
1695,3153
2081,3155
713,3156
1155,3156
1871,3157
2266,3160
2333,3163
3100,3163
346,3164
492,3167
978,3167
2134,3168
250,3169
131,3172
1393,3172
284,3173
1208,3175
2924,3179
414,3181
60,3182
665,3182
418,3183
385,3184
981,3185
205,3187
663,3187
771,3187
842,3190
22,3193
191,3193
1019,3193
2443,3194
58,3195
494,3195
202,3196
583,3196
1289,3196
1507,3196
2111,3197
1538,3202
1608,3202
990,3203
1536,3203
1942,3204
253,3206
50,3207
676,3207
1842,3207
341,3208
740,3208
1253,3209
858,3211
154,3212
245,3212
3103,3212
52,3213
2007,3213
42,3214
155,3217
175,3217
389,3217
1229,3219
2969,3219
1701,3222
1128,3225
42,3226
45,3226
58,3227
2481,3228
466,3230
1901,3232
14,3233
419,3233
3060,3233
401,3234
136,3235
390,3236
386,3238
2822,3238
1141,3240
2976,3240
973,3243
676,3246
2420,3246
36,3248
1807,3248
1396,3249
125,3253
375,3253
14,3254
1853,3256
42,3258
1836,3259
1915,3259
9,3260
1067,3260
564,3262
2046,3262
2793,3262
815,3263
956,3263
157,3264
3147,3264
929,3266
978,3266
1792,3267
26,3268
494,3269
1554,3270
709,3271
452,3272
1498,3272
1431,3275
2111,3275
59,3276
64,3276
1739,3276
2726,3276
1726,3278
1901,3278
204,3279
1027,3279
115,3283
1258,3283
2845,3284
91,3285
269,3286
2633,3286
94,3288
657,3290
991,3290
2798,3291
323,3292
2476,3293
1068,3294
2320,3295
1375,3297
688,3300
115,3301
473,3301
1429,3301
2006,3301
3098,3301
2196,3302
2147,3303
0,3304
2151,3304
3001,3304
1530,3307
2057,3310
404,3313
156,3314
1797,3314
3006,3315
2338,3316
916,3317
28,3322
3044,3322
434,3324
1691,3324
2033,3327
1059,3329
2030,3329
15,3330
150,3330
31,3331
795,3331
2934,3331
1001,3336
712,3338
984,3338
2201,3338
2698,3339
663,3340
338,3341
2984,3341
2190,3342
3104,3343
432,3345
194,3347
997,3347
633,3348
1371,3348
2075,3348
432,3349
618,3349
663,3350
947,3351
731,3353
165,3354
2762,3354
749,3355
842,3356
1630,3357
1376,3358
119,3359
2294,3359
3126,3361
665,3364
2614,3364
115,3366
240,3366
1339,3366
1439,3367
1735,3367
42,3368
939,3368
2048,3368
1113,3369
2066,3369
2225,3370
873,3372
3046,3375
842,3376
1373,3376
3163,3378
2432,3379
676,3380
1250,3380
1120,3381
2196,3381
2,3384
971,3384
1197,3386
3182,3386
37,3387
1039,3387
2659,3389
1986,3391
2718,3395
175,3396
3124,3396
97,3398
176,3398
404,3398
588,3398
2690,3398
3,3399
2171,3400
3124,3400
1792,3401
80,3403
432,3403
890,3404
82,3405
0,3406
3348,3406
302,3407
2267,3407
2914,3408
1752,3410
2815,3411
0,3412
73,3412
38,3413
131,3414
204,3414
392,3414
1019,3415
179,3416
727,3417
15,3418
358,3419
608,3419
2616,3419
1521,3420
201,3421
2683,3422
78,3423
23,3426
982,3427
978,3428
2254,3428
28,3431
31,3431
245,3431
877,3432
400,3436
1017,3436
1101,3437
80,3439
813,3440
3304,3441
451,3442
702,3443
209,3446
250,3447
2979,3447
1407,3449
14,3450
3240,3450
32,3451
518,3451
2048,3451
957,3452
1695,3454
33,3456
2950,3456
1129,3457
106,3458
1068,3459
11,3461
539,3461
2437,3462
15,3465
338,3465
1976,3465
183,3467
369,3470
32,3471
815,3472
916,3472
1407,3472
756,3476
2507,3476
3006,3477
121,3478
341,3479
23,3480
1376,3482
385,3483
2521,3484
2806,3484
949,3485
1638,3485
1954,3486
1457,3487
3301,3488
790,3489
917,3489
3416,3489
404,3490
858,3490
2928,3491
938,3492
1977,3493
0,3495
1133,3495
111,3496
683,3497
125,3500
1192,3502
1796,3502
165,3503
498,3503
797,3505
695,3507
962,3507
395,3511
1954,3511
1960,3511
1,3512
11,3512
119,3512
1473,3513
32,3515
1207,3515
597,3520
3187,3520
199,3521
2734,3521
1405,3522
2815,3526
1796,3527
924,3528
2225,3528
392,3529
1568,3530
1707,3530
3157,3531
3222,3533
14,3534
89,3535
155,3535
1092,3537
316,3538
2368,3540
1344,3541
1457,3542
1384,3543
1633,3544
90,3546
194,3546
1592,3550
1666,3550
1684,3550
367,3551
316,3552
518,3552
1319,3553
623,3554
3450,3557
32,3558
2671,3558
3012,3559
14,3560
1131,3561
1733,3561
2290,3562
2754,3563
1130,3564
1785,3564
735,3565
2675,3565
14,3566
1577,3566
2850,3567
209,3568
3182,3568
2062,3569
597,3573
414,3574
1071,3575
0,3581
198,3581
1733,3582
3458,3582
60,3583
1485,3584
1825,3584
2573,3584
3368,3585
1160,3587
3520,3588
59,3589
406,3590
0,3592
48,3593
192,3594
340,3594
2317,3594
193,3597
309,3597
1665,3597
957,3599
597,3601
2518,3601
1720,3602
780,3603
2909,3605
518,3606
858,3606
2616,3606
3368,3607
58,3610
563,3612
797,3613
868,3613
2951,3613
829,3615
2052,3616
2453,3616
1579,3618
67,3620
649,3620
467,3621
1954,3621
1560,3622
3302,3622
1094,3623
1735,3623
278,3624
998,3624
3593,3624
215,3626
1624,3626
149,3629
112,3630
976,3630
2070,3630
45,3632
621,3632
2224,3633
821,3635
2893,3635
813,3639
1600,3639
1466,3645
1542,3646
1323,3647
646,3650
2234,3650
412,3652
138,3655
180,3655
3002,3656
1643,3657
1690,3657
1717,3659
2143,3659
3533,3659
55,3660
97,3660
242,3661
509,3662
26,3665
361,3665
2761,3665
1630,3666
476,3667
165,3668
999,3668
3064,3668
470,3671
1202,3671
1017,3672
149,3674
484,3676
2841,3678
3413,3678
45,3679
112,3679
1043,3679
1842,3679
2777,3679
597,3680
80,3681
176,3681
1869,3681
72,3683
470,3684
621,3684
2275,3685
1457,3688
675,3689
1853,3689
1209,3692
1709,3693
338,3694
250,3695
3167,3695
982,3696
377,3697
890,3697
2713,3699
32,3700
1294,3700
2191,3700
621,3701
1734,3703
115,3704
661,3704
624,3705
1498,3709
2564,3709
574,3710
1579,3711
1024,3712
9,3714
139,3714
202,3714
633,3715
917,3715
50,3718
877,3718
1139,3718
484,3722
3148,3722
545,3724
1684,3724
1736,3724
3563,3725
1315,3726
2836,3726
3594,3727
3001,3729
480,3730
2756,3730
2792,3730
338,3731
15,3732
1466,3732
3450,3732
199,3734
2161,3734
3004,3734
80,3735
180,3735
1467,3735
3701,3735
157,3736
646,3736
1476,3736
3295,3736
418,3737
960,3738
228,3739
1397,3739
1780,3739
1188,3740
9,3741
78,3742
792,3745
157,3746
155,3747
1059,3748
205,3750
2078,3752
0,3753
23,3753
31,3753
2276,3753
176,3754
209,3755
1523,3756
2006,3756
3004,3759
3734,3759
1942,3760
2304,3761
575,3763
1609,3763
312,3764
890,3764
4,3765
1106,3766
1688,3766
3013,3767
406,3770
1800,3770
3736,3772
799,3774
228,3775
1545,3775
3253,3775
184,3776
393,3777
1535,3777
291,3778
625,3779
1230,3779
3439,3779
3632,3779
50,3780
242,3781
2930,3781
1540,3784
2490,3784
106,3785
613,3788
1121,3788
1439,3789
144,3794
2421,3794
284,3796
1267,3796
174,3797
316,3798
790,3798
1555,3801
2234,3801
2276,3801
3366,3803
460,3804
1751,3804
1344,3805
375,3806
3381,3806
11,3807
321,3807
50,3808
594,3808
886,3812
2643,3814
817,3815
3414,3815
1004,3816
11,3821
1545,3821
1554,3821
199,3823
28,3826
2785,3828
209,3829
715,3829
735,3829
2773,3829
3304,3830
1024,3831
2980,3831
1736,3835
1299,3838
3233,3840
281,3843
2357,3844
277,3845
316,3845
3486,3845
813,3846
217,3848
40,3849
1761,3850
1165,3851
1507,3852
1947,3853
490,3854
2180,3854
150,3856
625,3856
50,3860
1461,3860
2925,3860
1600,3861
2062,3866
209,3868
2615,3868
3233,3869
2398,3870
498,3871
589,3871
125,3874
1461,3875
896,3877
414,3878
42,3879
1287,3879
1518,3880
2448,3880
2643,3881
2199,3883
80,3885
996,3886
94,3887
852,3887
623,3889
3196,3890
2333,3894
28,3895
1527,3895
2698,3896
3440,3896
3559,3898
110,3899
342,3899
1371,3899
3759,3899
946,3900
3461,3902
1689,3903
60,3904
1339,3906
1258,3908
6,3909
476,3909
2678,3909
174,3914
2815,3915
1538,3916
292,3917
2765,3917
14,3922
582,3922
2797,3922
2567,3923
2,3925
1315,3925
1901,3927
3633,3927
28,3929
459,3930
14,3932
1193,3932
14,3933
202,3934
907,3934
852,3935
790,3936
2278,3936
106,3939
302,3939
877,3939
1039,3939
2062,3940
2068,3940
2850,3941
215,3942
449,3944
2162,3946
575,3947
1302,3947
1560,3948
3111,3948
2332,3949
896,3952
1689,3954
852,3955
1156,3956
2577,3956
32,3957
395,3957
3450,3957
920,3961
3212,3961
484,3964
976,3968
198,3970
2278,3972
3543,3974
104,3975
2878,3975
3597,3975
3550,3978
3567,3978
33,3979
31,3980
2250,3980
2320,3981
2643,3981
1024,3982
3668,3983
48,3985
1024,3985
175,3986
0,3987
3458,3989
97,3992
406,3995
1069,3995
2210,3995
337,3998
3264,3998
131,4000
209,4001
1701,4001
2754,4001
1926,4002
1053,4003
1568,4003
115,4005
1785,4005
1267,4007
2100,4007
2419,4007
1047,4008
1180,4008
2784,4009
316,4010
1105,4011
2909,4015
1478,4018
1492,4019
1839,4019
48,4021
560,4024
14,4026
204,4027
11,4029
790,4031
2541,4031
646,4033
2453,4033
2072,4035
756,4036
799,4038
924,4038
2476,4039
1106,4040
1220,4040
55,4041
15,4042
14,4043
470,4044
497,4044
1709,4045
14,4046
184,4047
2639,4047
1120,4048
1703,4050
813,4051
55,4052
618,4052
2320,4054
3718,4055
46,4058
280,4059
399,4063
2754,4065
3738,4065
2924,4066
201,4067
968,4068
463,4069
1893,4072
3569,4072
435,4073
908,4073
3566,4074
3666,4074
1375,4075
1038,4076
3278,4076
23,4077
898,4078
2511,4078
316,4079
89,4080
245,4080
795,4080
674,4081
1,4082
32,4082
215,4082
700,4082
1709,4082
3290,4083
1842,4084
174,4087
1461,4088
1862,4088
104,4089
799,4090
747,4093
912,4093
1371,4094
184,4095
400,4095
119,4096
1541,4097
430,4098
1862,4098
323,4099
3113,4100
14,4102
24,4105
0,4106
2187,4107
537,4108
1883,4108
3956,4108
322,4114
379,4115
2570,4115
3485,4117
204,4120
2025,4120
386,4121
316,4122
797,4124
50,4125
172,4127
157,4128
149,4129
32,4130
1062,4130
4047,4130
192,4132
1957,4132
1940,4137
31,4138
125,4140
1978,4140
3428,4140
32,4142
97,4142
1365,4142
889,4144
675,4145
3147,4146
38,4147
3956,4147
1032,4150
242,4151
1784,4151
620,4152
9,4153
563,4153
792,4154
467,4156
2250,4157
406,4158
3297,4158
23,4159
1629,4159
3100,4159
11,4161
1120,4162
125,4165
689,4165
24,4166
42,4167
2801,4168
2943,4170
1439,4172
1555,4172
2960,4172
14,4174
3550,4174
322,4175
828,4175
3927,4176
527,4177
999,4177
790,4182
1567,4184
3100,4184
3006,4185
2,4186
4,4187
539,4188
78,4190
796,4190
32,4191
518,4191
127,4197
4001,4197
1300,4198
2507,4198
588,4200
23,4201
796,4202
3564,4202
104,4203
1430,4203
2338,4204
80,4205
342,4205
816,4206
2551,4206
2773,4206
395,4207
1106,4207
1957,4208
2190,4209
556,4210
245,4211
89,4215
225,4215
3566,4215
2,4217
1001,4217
1310,4217
2408,4217
3437,4217
136,4218
155,4219
287,4219
23,4220
9,4221
50,4221
1496,4221
104,4222
2242,4222
331,4223
1760,4224
3461,4224
466,4226
3293,4226
4159,4228
3851,4229
2285,4230
2333,4230
38,4234
215,4238
750,4240
1546,4240
784,4241
889,4241
4100,4241
2134,4246
2200,4246
2656,4249
4067,4249
1152,4250
898,4251
15,4254
4065,4255
259,4256
2275,4256
2125,4258
1129,4259
1372,4260
2728,4262
204,4264
1546,4264
3964,4266
112,4268
957,4268
2990,4268
1165,4272
1684,4272
4132,4272
3520,4275
733,4276
834,4276
2508,4276
23,4277
157,4278
14,4281
3797,4281
110,4282
982,4282
209,4283
1458,4283
23,4284
130,4284
3936,4284
2317,4285
4088,4288
199,4289
172,4291
2730,4292
179,4293
1986,4293
3941,4293
130,4294
3491,4294
1563,4297
1632,4297
2250,4297
2270,4297
3,4301
2874,4302
75,4304
1797,4304
78,4305
0,4306
452,4306
3302,4306
3688,4306
3899,4306
1466,4307
1972,4307
4217,4309
3730,4310
369,4311
456,4312
1633,4313
3869,4313
127,4316
957,4318
3538,4318
799,4321
674,4322
1728,4322
1893,4322
85,4323
842,4323
2521,4325
3212,4328
661,4329
1951,4329
621,4332
3465,4332
660,4333
29,4337
1416,4338
996,4340
2133,4340
3899,4341
361,4342
3400,4345
125,4346
556,4346
140,4347
4310,4347
694,4349
1850,4349
3736,4349
34,4351
104,4351
1215,4351
2481,4351
155,4353
78,4355
1695,4355
1733,4356
80,4358
536,4362
133,4363
2281,4363
712,4364
1372,4364
11,4365
1289,4369
1846,4369
80,4370
1310,4371
3986,4371
2,4372
369,4372
849,4373
1466,4375
36,4377
473,4379
2983,4379
1372,4381
4027,4381
150,4383
1604,4387
404,4388
2588,4388
1691,4390
984,4393
4351,4393
1129,4394
1735,4395
3597,4396
184,4397
40,4398
2103,4399
1563,4400
3031,4400
2267,4401
1208,4402
3439,4403
847,4405
1507,4407
917,4409
1024,4409
1037,4410
1994,4410
1038,4413
4400,4413
564,4417
618,4420
972,4423
1188,4423
367,4425
1591,4425
3279,4425
666,4426
3164,4426
1161,4428
2742,4428
870,4429
37,4430
2652,4430
2873,4430
1131,4431
2012,4431
2798,4431
719,4432
998,4432
2253,4432
4011,4432
815,4433
1339,4433
1540,4433
927,4435
4432,4435
19,4436
1164,4436
2882,4437
577,4438
1839,4438
205,4439
957,4440
1901,4441
1954,4441
2190,4441
1108,4442
834,4443
2708,4443
2176,4444
3725,4444
3922,4444
323,4445
1839,4445
784,4450
1365,4451
3163,4451
240,4453
1836,4453
2689,4453
101,4454
393,4454
3147,4454
194,4455
1230,4457
3288,4458
11,4459
408,4459
1193,4459
2338,4459
490,4460
711,4460
1044,4462
2458,4463
3190,4464
2250,4466
2,4467
32,4467
3021,4468
2625,4470
287,4473
3613,4474
2457,4475
316,4477
2933,4477
110,4478
328,4478
1543,4481
46,4482
908,4484
2311,4485
3384,4488
152,4490
2157,4490
1739,4492
0,4493
32,4493
865,4493
3697,4493
40,4495
172,4495
168,4496
1202,4497
321,4498
518,4498
1731,4498
1871,4498
1227,4499
312,4500
962,4501
3126,4501
3347,4503
245,4504
484,4505
50,4506
1198,4506
2270,4506
115,4507
1568,4511
50,4512
1804,4512
3489,4512
335,4513
473,4513
2370,4515
2598,4516
1736,4517
2730,4517
361,4518
902,4518
1540,4518
150,4520
618,4522
1915,4522
55,4523
2990,4524
80,4527
2106,4527
2762,4528
1161,4529
2525,4531
0,4532
715,4532
52,4533
96,4533
1802,4533
253,4534
2380,4534
497,4535
692,4536
1785,4536
1476,4537
52,4538
2416,4538
2867,4538
1739,4539
1509,4540
202,4545
1846,4545
771,4550
2451,4550
2543,4550
712,4552
309,4553
2447,4555
2581,4555
3021,4556
3894,4557
3275,4558
192,4559
23,4561
42,4561
1129,4563
52,4564
1478,4567
3222,4567
1461,4568
1567,4568
3089,4568
322,4570
1341,4570
2148,4570
322,4571
11,4573
1979,4574
14,4575
157,4575
23,4576
361,4576
4184,4577
1128,4578
14,4579
2320,4581
1527,4583
284,4584
780,4587
1004,4587
1507,4589
414,4590
537,4590
647,4591
209,4593
477,4595
2909,4595
917,4596
4488,4596
646,4598
1192,4598
1591,4598
4033,4598
3368,4599
1839,4600
2693,4600
1344,4602
430,4604
813,4604
2067,4604
563,4607
60,4608
92,4608
354,4608
3212,4608
3372,4610
15,4611
201,4614
917,4615
1264,4615
2799,4616
4561,4616
1554,4617
1684,4618
3956,4621
649,4622
125,4623
790,4623
1924,4623
4425,4623
28,4624
251,4625
2338,4625
1024,4626
1435,4627
0,4628
4561,4631
191,4633
176,4634
2909,4634
174,4636
1836,4638
4000,4638
666,4639
58,4640
89,4640
91,4641
1423,4641
1797,4642
3413,4643
1899,4644
4,4648
48,4653
80,4655
802,4656
1645,4657
596,4659
782,4659
852,4661
0,4662
205,4664
1951,4667
412,4668
492,4669
4455,4670
24,4671
358,4671
2004,4671
2688,4671
32,4672
4442,4672
2,4673
331,4674
2338,4675
618,4676
11,4678
393,4678
1722,4678
205,4680
1797,4680
3942,4680
583,4683
340,4684
3714,4684
0,4685
2205,4685
358,4686
110,4688
865,4688
2224,4688
3,4689
318,4689
111,4690
874,4690
1,4692
649,4692
797,4693
1915,4694
4217,4694
199,4696
3714,4697
505,4700
826,4700
3418,4701
180,4702
1246,4702
2004,4703
322,4704
2183,4704
1110,4705
3725,4705
1106,4707
389,4709
791,4709
2061,4709
1032,4710
184,4712
625,4713
85,4716
1864,4716
284,4717
1838,4717
392,4718
3484,4718
50,4720
2910,4720
4457,4720
2936,4721
1915,4723
842,4725
1573,4726
2029,4726
2924,4726
295,4729
1693,4729
369,4731
665,4732
892,4733
1310,4733
581,4735
740,4736
3421,4736
32,4737
46,4737
539,4737
2049,4738
1414,4739
621,4743
4436,4743
1,4744
917,4744
1378,4745
2950,4747
3711,4747
450,4749
6,4751
1177,4753
412,4754
1032,4754
666,4757
1613,4757
110,4760
1059,4760
2278,4760
2210,4761
1044,4762
23,4763
432,4763
55,4764
1129,4764
1554,4767
4495,4767
2846,4768
175,4769
2798,4769
3001,4769
1778,4771
3597,4777
3432,4778
1492,4779
157,4781
317,4781
205,4782
367,4782
419,4782
2254,4782
1213,4786
2320,4786
2957,4787
4671,4787
1246,4788
101,4790
721,4791
3396,4791
898,4792
1670,4792
225,4795
1567,4795
4623,4795
89,4798
121,4799
790,4802
949,4803
3256,4805
340,4806
1963,4806
11,4807
1795,4810
518,4813
3975,4815
184,4816
4128,4816
618,4817
284,4818
4459,4819
0,4820
2434,4820
665,4821
1926,4821
2353,4821
1537,4822
23,4823
3981,4824
3496,4828
984,4830
1,4831
2355,4831
48,4834
1129,4834
1198,4838
60,4839
625,4839
2180,4839
2273,4840
1563,4843
2,4845
256,4847
3443,4847
440,4849
2671,4849
1077,4850
1342,4850
1168,4852
111,4853
1733,4854
55,4855
32,4856
369,4856
473,4858
1094,4858
1222,4858
11,4859
3507,4859
4858,4860
14,4862
1567,4862
284,4863
724,4863
176,4864
1842,4864
2679,4864
795,4865
201,4866
3160,4867
23,4868
917,4869
1633,4870
2902,4870
193,4871
194,4873
3128,4873
460,4874
1059,4874
4561,4874
3182,4876
1338,4877
2393,4877
3982,4877
1673,4878
3235,4879
210,4881
2243,4881
1064,4883
48,4885
154,4889
1101,4889
23,4890
2362,4893
4625,4894
1807,4895
157,4896
972,4899
1062,4899
278,4901
2894,4905
1,4907
174,4908
1121,4908
3384,4909
309,4910
2617,4911
94,4912
14,4913
361,4913
58,4914
2072,4916
3187,4916
206,4917
89,4918
1257,4919
0,4920
2697,4922
85,4923
3995,4923
1115,4928
720,4929
38,4932
2718,4932
3487,4932
32,4934
505,4935
938,4940
0,4941
2710,4941
1375,4943
2206,4943
2250,4943
1141,4945
31,4946
1024,4948
1720,4948
1908,4948
3477,4948
581,4949
50,4950
3978,4951
156,4952
2899,4956
3051,4957
4659,4957
4011,4960
4718,4960
1484,4963
23,4965
4001,4966
3714,4967
1000,4968
1860,4969
694,4970
14,4972
1128,4972
3546,4973
198,4974
1523,4974
52,4975
1853,4975
1889,4976
711,4977
14,4978
2199,4979
492,4980
2541,4981
3347,4981
3870,4981
2224,4983
0,4984
898,4984
302,4985
1592,4985
2235,4988
1838,4990
3465,4991
9,4992
4864,4992
2761,4993
2870,4993
3112,4993
3621,4993
623,4994
4159,4994
566,4995
4094,4995
14,4997
1538,4998
3283,4998
1054,4999
4495,4999
198,5000
0,5002
1831,5003
451,5005
3660,5005
4388,5005
4575,5007
498,5009
2987,5009
2554,5011
915,5013
1167,5014
1229,5014
121,5016
2067,5016
2238,5017
3620,5018
4522,5019
1839,5020
4005,5020
4463,5020
4545,5020
727,5023
1377,5023
3024,5023
537,5024
634,5024
985,5024
675,5028
1161,5028
165,5030
1202,5030
14,5031
3233,5031
3621,5033
1072,5034
203,5035
3671,5035
2116,5036
4501,5036
97,5038
949,5038
2754,5041
2516,5042
2754,5045
4625,5045
55,5046
1849,5049
150,5051
3535,5052
3942,5052
1037,5055
4191,5055
4310,5056
735,5057
1894,5057
4175,5057
2779,5058
4866,5058
654,5060
4318,5060
4678,5061
80,5062
390,5063
496,5065
3217,5066
946,5067
4726,5068
1344,5069
4561,5071
2987,5072
3222,5072
930,5074
780,5077
1051,5078
9,5079
92,5084
3465,5087
688,5088
1356,5091
2579,5094
4130,5094
1397,5096
1839,5097
1573,5098
323,5103
718,5104
2401,5104
0,5105
1068,5106
3778,5107
458,5108
2625,5110
667,5111
0,5112
3338,5112
3657,5112
966,5113
1033,5113
38,5114
115,5117
14,5118
3292,5119
1059,5121
140,5122
786,5125
1129,5125
1736,5126
3697,5127
4595,5128
4899,5128
390,5130
1093,5130
80,5131
4272,5132
4737,5132
4167,5134
38,5136
4346,5136
144,5139
3398,5139
909,5140
28,5141
23,5143
175,5143
1457,5143
72,5144
1986,5146
54,5147
1564,5147
1696,5147
901,5149
471,5152
1,5153
3098,5155
75,5156
3485,5158
190,5159
4190,5160
2600,5161
4065,5161
4615,5162
149,5163
842,5163
2448,5164
1004,5165
3851,5165
36,5166
1828,5166
14,5169
709,5171
949,5172
466,5173
1341,5174
404,5176
2060,5183
902,5184
3546,5186
390,5187
1062,5188
50,5189
492,5190
3679,5190
89,5191
890,5191
1997,5192
47,5193
928,5194
929,5194
2897,5194
32,5195
1116,5195
4282,5195
1121,5197
323,5198
408,5199
1020,5199
505,5202
1800,5203
952,5204
456,5208
817,5208
1009,5209
2976,5209
4272,5209
55,5211
1010,5211
4668,5211
480,5212
4467,5212
1795,5213
3051,5213
381,5214
4394,5215
9,5216
119,5217
946,5218
419,5221
2827,5221
15,5222
2695,5224
4473,5225
449,5227
1039,5228
452,5229
2,5232
922,5232
367,5233
826,5233
2292,5235
115,5236
1423,5236
2742,5236
4683,5237
646,5240
890,5240
2683,5240
3871,5240
1461,5241
1509,5241
4934,5242
1871,5243
3,5245
40,5245
1106,5245
2000,5246
4205,5247
2061,5248
3275,5248
3520,5248
1176,5251
25,5253
2882,5253
2448,5254
138,5255
192,5257
2797,5257
1129,5258
4172,5258
665,5259
1116,5259
3562,5261
896,5263
676,5265
1510,5266
14,5267
1393,5268
1282,5269
1339,5269
3011,5269
473,5271
1696,5272
556,5275
1854,5275
190,5277
1092,5280
3126,5280
949,5284
545,5285
1129,5285
1551,5286
59,5290
97,5291
2987,5293
3153,5294
4671,5294
1000,5295
1226,5295
2000,5295
23,5299
4460,5300
452,5301
1181,5303
2601,5303
3091,5305
3304,5305
1839,5306
1373,5308
2001,5308
725,5309
34,5311
633,5311
372,5312
1295,5313
26,5315
4952,5316
14,5317
2048,5319
175,5320
3735,5321
204,5322
898,5323
3375,5323
2261,5324
690,5326
174,5327
466,5327
3760,5327
37,5328
4575,5328
249,5329
930,5329
3520,5329
782,5331
621,5332
1786,5332
1146,5334
847,5337
4720,5338
3709,5339
735,5340
3331,5340
287,5344
2149,5344
2762,5347
4913,5347
11,5348
36,5350
1972,5350
1129,5351
4575,5352
80,5353
361,5355
2129,5355
896,5359
1047,5359
4697,5360
2883,5361
4442,5361
3689,5362
3103,5363
4584,5365
80,5368
1972,5368
2465,5368
5005,5368
1106,5369
2190,5369
834,5370
0,5371
2149,5371
799,5372
1375,5372
201,5374
1467,5377
4531,5377
518,5378
5024,5378
11,5380
52,5383
406,5387
1824,5389
576,5390
2447,5393
4332,5393
358,5394
1498,5394
4379,5394
354,5395
2577,5396
1071,5397
3671,5398
1053,5399
2180,5401
1020,5402
23,5403
456,5403
217,5404
0,5405
1315,5406
245,5407
1047,5407
3835,5408
2060,5411
3831,5414
5255,5414
4538,5415
731,5417
5406,5420
395,5421
3697,5421
4340,5421
119,5422
2688,5424
259,5427
322,5428
4798,5429
1090,5431
1972,5431
4454,5431
5269,5431
890,5433
4142,5433
4425,5434
497,5435
821,5438
3724,5441
849,5444
3031,5444
4316,5446
2263,5447
89,5448
2162,5448
2933,5448
5240,5449
3599,5450
650,5452
4870,5452
5396,5452
5159,5453
1836,5454
3801,5455
2258,5456
4868,5456
946,5457
4435,5457
278,5460
676,5460
625,5461
620,5462
2317,5463
4595,5463
1116,5464
1245,5464
1255,5464
278,5467
1461,5467
3909,5469
5236,5470
5403,5470
615,5471
3400,5471
4379,5471
821,5472
1555,5473
395,5475
2834,5477
2909,5478
2048,5479
2301,5482
3486,5482
3593,5483
3500,5484
890,5485
1842,5485
1968,5486
11,5487
4202,5487
3260,5488
4932,5488
5057,5488
750,5489
2559,5489
1378,5491
3845,5492
78,5493
149,5493
3330,5493
399,5494
852,5494
4005,5494
1207,5496
1545,5498
42,5503
358,5503
3,5505
1309,5505
1700,5505
4130,5505
369,5506
1282,5506
4760,5506
509,5507
675,5507
1031,5507
3851,5507
674,5508
4636,5508
2159,5509
930,5510
4442,5511
4671,5511
1295,5512
1842,5512
3129,5513
193,5515
2474,5516
3147,5516
119,5517
400,5517
2061,5517
1146,5519
3338,5519
5159,5520
2352,5521
3975,5522
727,5523
2652,5524
2864,5525
202,5527
826,5527
3613,5528
3925,5529
80,5530
5321,5532
890,5535
5193,5535
3700,5537
198,5538
4972,5538
485,5539
77,5541
5348,5541
33,5542
556,5542
89,5544
14,5545
59,5545
198,5546
4409,5546
2161,5547
3465,5547
2242,5550
3896,5551
1823,5552
456,5554
258,5555
999,5555
421,5556
927,5556
2880,5558
674,5559
3129,5562
368,5563
1343,5565
3574,5567
4145,5568
556,5569
2841,5569
14,5570
957,5571
177,5572
215,5572
2503,5572
115,5573
3528,5573
842,5574
1592,5574
460,5575
192,5576
1341,5576
1457,5576
2541,5577
797,5578
1173,5579
3482,5579
3566,5579
4685,5579
901,5580
2665,5580
1024,5581
24,5582
1592,5583
24,5584
1016,5584
1215,5585
2976,5585
3278,5588
0,5590
2909,5590
3163,5590
5508,5590
1492,5591
15,5592
388,5592
4538,5593
107,5594
218,5594
567,5595
24,5597
52,5599
1770,5599
230,5600
538,5600
3725,5603
1673,5604
4157,5604
115,5605
23,5606
50,5606
67,5606
3725,5606
5096,5606
564,5607
2030,5607
52,5608
438,5609
284,5610
3113,5611
5215,5611
316,5613
501,5614
5431,5614
4174,5615
2957,5616
80,5617
927,5618
32,5619
2045,5619
2909,5620
388,5623
492,5624
3467,5624
1067,5626
3212,5628
1901,5629
0,5630
2000,5630
3465,5630
323,5631
1339,5634
1031,5635
3431,5636
1795,5638
2777,5638
3091,5638
52,5640
556,5640
976,5640
545,5642
3322,5645
597,5647
1426,5647
466,5648
1563,5648
4207,5648
112,5650
1341,5651
9,5653
1971,5653
110,5657
31,5658
157,5659
32,5660
1300,5660
2658,5660
3563,5663
898,5665
3148,5666
176,5667
890,5667
110,5669
2582,5671
23,5672
4696,5675
674,5676
3233,5677
3796,5677
799,5678
9,5679
473,5679
0,5681
978,5681
14,5682
599,5682
2564,5683
3085,5684
11,5687
2600,5687
179,5688
346,5689
3276,5689
1954,5690
4008,5690
2476,5691
1207,5692
3678,5694
11,5696
1062,5698
5161,5698
50,5699
972,5699
1,5700
316,5700
3011,5700
2641,5701
3715,5701
97,5702
2858,5702
3815,5703
4432,5706
2508,5709
3593,5710
2169,5711
4923,5711
1010,5713
2129,5714
28,5715
252,5715
2504,5715
4,5716
765,5716
1597,5716
4096,5716
4405,5717
978,5718
4313,5718
0,5720
92,5720
1024,5720
5275,5720
3037,5721
3515,5722
101,5723
209,5723
556,5723
1192,5723
1017,5724
4787,5724
3458,5725
5065,5726
5421,5726
2238,5727
5494,5728
1341,5729
316,5730
2583,5730
38,5731
949,5737
978,5737
5628,5738
38,5742
1751,5742
14,5743
23,5744
3279,5746
797,5747
971,5747
50,5748
2759,5749
564,5751
1160,5751
130,5752
2773,5752
3372,5753
11,5755
1048,5755
4005,5755
1295,5756
2564,5756
1971,5757
342,5758
4661,5758
256,5759
890,5759
3734,5759
5190,5760
192,5762
277,5762
14,5764
929,5764
1824,5764
110,5765
59,5766
858,5766
1871,5769
72,5771
157,5771
726,5771
1623,5771
2864,5773
203,5774
1056,5774
11,5775
240,5776
149,5777
492,5779
228,5780
5275,5780
55,5782
1733,5782
155,5784
217,5784
5756,5785
1017,5787
2357,5787
341,5789
1623,5789
1785,5789
4877,5790
4516,5791
31,5792
966,5792
1024,5792
4251,5792
213,5793
4372,5793
1855,5794
2278,5795
2390,5795
139,5796
784,5796
2897,5798
4206,5799
5648,5799
77,5800
467,5801
950,5802
40,5803
412,5803
715,5803
3914,5806
23,5807
322,5808
2368,5808
4206,5808
5765,5809
24,5810
80,5811
3601,5811
4866,5814
369,5815
949,5815
1942,5815
3006,5817
177,5818
813,5819
1407,5819
1665,5819
4505,5819
3597,5821
2040,5822
5132,5823
412,5824
2697,5825
813,5826
5614,5826
2829,5827
877,5828
3193,5828
5328,5828
3419,5829
23,5830
1792,5830
177,5832
2518,5832
3368,5832
4916,5832
15,5834
0,5838
1141,5838
1334,5839
3384,5842
618,5843
971,5843
1684,5843
1803,5843
48,5844
404,5844
588,5846
1600,5846
4599,5846
1033,5847
1555,5847
24,5848
80,5850
4027,5850
1624,5851
1786,5851
0,5852
0,5855
28,5855
537,5855
80,5856
563,5856
4065,5857
399,5858
3222,5860
2275,5861
5339,5862
242,5864
816,5866
3207,5867
4636,5867
3895,5868
4568,5868
960,5869
4863,5869
404,5870
3400,5870
3724,5870
4329,5870
4983,5870
119,5872
369,5872
3696,5872
199,5873
1554,5873
997,5877
2401,5877
957,5878
154,5880
337,5880
790,5883
2191,5885
790,5886
984,5887
14,5888
4830,5888
3831,5889
5606,5889
3172,5890
505,5892
2370,5892
55,5893
3955,5893
32,5894
154,5894
2477,5894
38,5897
4031,5897
4121,5897
896,5899
1692,5899
362,5901
709,5903
5724,5903
40,5904
5259,5905
2152,5907
2237,5908
14,5909
1797,5909
1025,5912
118,5914
2338,5914
69,5915
853,5915
890,5915
1110,5915
1364,5915
1540,5915
1546,5915
50,5917
1116,5917
2296,5922
4459,5923
3011,5924
3172,5924
3512,5924
183,5926
675,5926
24,5927
3398,5927
3676,5927
477,5928
917,5929
2886,5932
964,5933
200,5934
284,5934
1761,5934
23,5935
4563,5936
2980,5937
2232,5938
278,5939
295,5941
528,5942
2879,5942
973,5944
400,5946
2077,5947
4877,5947
5261,5947
4130,5948
466,5950
505,5950
245,5951
1467,5952
2051,5952
2649,5952
4255,5952
2328,5956
1680,5959
2554,5960
145,5963
2862,5964
5698,5964
1707,5965
694,5971
4932,5973
999,5974
4297,5974
4436,5974
308,5975
907,5975
4899,5975
42,5976
1054,5977
2841,5979
1,5980
4482,5980
1441,5983
3196,5984
736,5985
42,5986
501,5987
850,5987
2273,5987
556,5988
328,5990
4984,5990
622,5991
3098,5993
4121,5993
89,5994
3597,5997
2221,5999
199,6000
1222,6000
150,6002
725,6004
574,6005
890,6006
73,6008
1,6009
1563,6011
5893,6011
2659,6012
2806,6014
23,6015
4426,6016
367,6017
1554,6017
3486,6020
5756,6021
715,6022
203,6024
2071,6025
52,6026
3775,6026
1001,6027
1957,6027
1828,6029
1160,6032
1623,6033
3601,6036
3077,6037
4445,6038
1179,6039
643,6042
55,6043
1486,6043
3599,6043
1836,6046
1631,6047
4,6048
209,6048
2116,6048
4276,6048
29,6049
2234,6049
3276,6050
3406,6050
5832,6051
414,6053
4720,6053
4351,6054
1860,6057
1439,6058
1523,6059
4005,6061
399,6062
284,6063
9,6065
3145,6069
1660,6071
3695,6071
5974,6071
1997,6072
4694,6072
3566,6075
2317,6076
209,6077
203,6080
242,6080
4342,6081
618,6082
175,6085
5809,6085
2857,6087
621,6089
1842,6089
23,6091
50,6093
174,6093
5630,6093
6085,6093
3004,6095
721,6096
1717,6097
104,6098
1473,6099
4008,6099
3416,6100
3826,6103
5427,6104
544,6105
3336,6105
5718,6107
4815,6108
2,6109
1689,6109
1033,6110
774,6113
31,6114
5915,6115
245,6116
711,6117
204,6118
216,6118
2615,6118
3349,6118
4177,6118
256,6119
0,6120
338,6120
421,6120
3829,6120
797,6121
1893,6122
2210,6122
4442,6122
199,6123
3546,6125
139,6126
149,6126
1185,6126
1763,6126
4153,6128
1960,6131
620,6132
2518,6132
2799,6132
1694,6134
4498,6134
2773,6136
14,6137
40,6138
4396,6141
1162,6142
251,6143
574,6143
816,6143
1510,6143
1867,6143
509,6144
0,6145
1466,6147
3126,6148
145,6150
5507,6150
155,6151
916,6152
494,6153
2125,6155
4615,6155
5545,6157
205,6159
1378,6160
4760,6160
209,6161
4726,6161
574,6163
1527,6163
2762,6163
5134,6163
597,6166
782,6166
3144,6166
5817,6167
1690,6168
172,6169
3985,6170
6049,6170
884,6172
1688,6173
3624,6173
2191,6174
23,6176
209,6176
4364,6178
53,6180
322,6180
2188,6181
0,6182
1161,6182
2476,6182
23,6184
4690,6186
4984,6187
3034,6188
3674,6188
5347,6188
97,6189
1466,6190
2909,6190
4815,6190
3964,6191
501,6193
990,6193
218,6195
2983,6195
72,6196
4946,6196
4675,6197
2297,6198
190,6199
2731,6199
3750,6199
2475,6200
281,6201
3432,6202
23,6203
5266,6203
1462,6205
3243,6205
647,6206
3302,6209
4470,6209
4716,6209
133,6211
2688,6211
5855,6214
330,6215
6143,6219
490,6220
4203,6222
1872,6223
2116,6223
312,6224
1527,6228
6114,6232
5487,6233
1129,6234
2768,6234
5585,6235
1372,6236
3709,6238
155,6240
2521,6240
1915,6241
2765,6242
2841,6244
3126,6245
412,6246
495,6246
1016,6246
2210,6246
150,6248
245,6251
3006,6251
77,6252
1811,6252
3650,6252
28,6254
67,6255
1054,6255
4353,6255
3941,6257
451,6258
716,6258
915,6258
919,6259
2132,6261
2928,6262
6122,6262
674,6263
2190,6263
4743,6268
40,6269
1955,6269
2132,6270
5765,6272
6182,6272
64,6273
1593,6273
2372,6273
389,6278
608,6278
3290,6278
336,6279
949,6280
1505,6280
786,6281
6089,6281
6122,6281
390,6282
2739,6283
5321,6284
45,6285
4184,6286
3934,6287
5818,6287
3852,6288
5525,6288
1237,6289
1299,6289
147,6290
2132,6292
3558,6292
2075,6293
5793,6293
1368,6296
6058,6296
419,6297
917,6297
139,6298
1001,6298
3520,6299
5280,6299
5808,6301
1641,6304
3164,6304
5195,6305
1151,6306
119,6307
780,6307
3164,6307
205,6308
3678,6308
369,6311
1680,6312
910,6314
518,6315
414,6316
174,6317
3495,6317
30,6320
4967,6321
4425,6322
5936,6322
1736,6324
2530,6324
618,6326
4555,6326
917,6327
3279,6327
2984,6328
1643,6330
155,6333
3956,6333
5506,6333
1473,6334
790,6335
4202,6335
89,6338
2879,6338
3753,6338
4005,6339
3543,6340
209,6341
4054,6341
1763,6342
1809,6342
4066,6343
309,6344
215,6346
4671,6349
3126,6350
225,6351
312,6351
2210,6354
2894,6355
5114,6355
2616,6357
5052,6357
14,6359
1104,6359
82,6360
1264,6360
3495,6360
14,6364
1441,6364
3222,6365
3954,6366
2228,6367
1573,6368
2490,6369
157,6371
3607,6371
295,6372
855,6373
11,6375
367,6375
3877,6375
391,6376
789,6376
3697,6376
23,6377
50,6377
886,6377
1048,6377
115,6378
631,6379
2025,6379
30,6380
33,6380
1093,6383
5183,6383
518,6385
3327,6385
5720,6386
840,6388
2638,6390
919,6393
2557,6393
6206,6393
2568,6394
3222,6394
3263,6395
2451,6397
23,6398
191,6402
2324,6402
5488,6403
2908,6405
1113,6406
5711,6406
14,6407
2806,6407
2998,6408
1854,6409
611,6411
581,6412
3279,6412
689,6413
5792,6414
2332,6415
1,6418
509,6418
1477,6418
2077,6418
5642,6423
14,6424
4322,6425
518,6428
3,6429
2048,6430
5941,6430
183,6431
3164,6431
385,6432
946,6432
3672,6433
3004,6435
1219,6436
2564,6437
14,6439
9,6440
971,6440
5096,6441
597,6442
1484,6443
1099,6445
2896,6445
5016,6445
4250,6446
1210,6447
1133,6449
5795,6449
316,6452
858,6452
3253,6453
6222,6454
9,6455
6123,6455
3573,6456
4538,6456
1365,6457
1838,6457
2010,6457
115,6458
3295,6458
1359,6459
3880,6460
179,6461
186,6463
984,6463
1005,6464
1660,6466
1000,6467
2810,6468
15,6469
2253,6471
42,6472
622,6476
950,6477
1593,6477
1597,6477
950,6480
4847,6480
1017,6481
367,6484
269,6485
3479,6486
2208,6487
456,6488
543,6490
277,6491
645,6493
130,6494
438,6494
1,6495
873,6498
4709,6499
2238,6500
3978,6500
3759,6502
4781,6502
336,6503
1064,6503
101,6504
1,6505
957,6505
4671,6505
1266,6508
6004,6508
6284,6508
2077,6509
3754,6510
1208,6511
910,6512
874,6515
774,6516
156,6517
3129,6517
1032,6520
198,6521
0,6522
4206,6523
786,6524
5937,6528
1542,6529
3157,6531
401,6533
4967,6533
1129,6536
1942,6536
5258,6536
661,6538
4033,6538
77,6539
2616,6539
284,6540
5060,6540
48,6541
4561,6541
316,6542
4460,6543
23,6544
2581,6545
2513,6547
5505,6548
3932,6549
1093,6550
3512,6550
2243,6552
2762,6552
75,6554
1630,6554
2799,6555
3073,6555
6120,6556
432,6557
115,6558
391,6559
5147,6559
0,6560
176,6561
4420,6561
896,6563
3,6564
633,6564
4294,6564
77,6565
449,6566
3094,6566
42,6569
3098,6569
5862,6570
4268,6572
4859,6573
3472,6574
2188,6575
6252,6575
622,6576
1095,6576
1661,6576
3292,6577
5855,6577
332,6579
5821,6580
3375,6581
4621,6582
177,6583
218,6583
948,6583
26,6584
3147,6584
1371,6587
1601,6587
901,6590
1198,6590
341,6591
1972,6591
3521,6591
4753,6591
1698,6592
3798,6594
381,6596
709,6596
3550,6597
420,6598
6016,6598
1319,6599
2541,6600
138,6601
111,6602
750,6603
2785,6603
1567,6605
1638,6605
1368,6606
4142,6607
4,6609
72,6611
5014,6612
330,6613
1542,6613
718,6614
3550,6614
2286,6615
6134,6615
138,6617
399,6619
72,6620
3672,6621
4121,6621
5218,6621
23,6623
110,6623
3416,6624
72,6626
5471,6626
509,6627
3089,6627
5546,6630
1116,6631
1698,6631
1942,6631
1527,6632
6142,6632
361,6634
797,6634
4893,6634
14,6635
470,6635
978,6635
3718,6636
3550,6637
5683,6637
1053,6638
1407,6638
23,6640
4355,6640
490,6642
3037,6642
1849,6643
377,6647
769,6647
1202,6647
2769,6648
245,6650
786,6650
4158,6651
842,6652
2358,6652
4869,6653
618,6654
4595,6654
9,6655
1825,6657
3302,6658
302,6659
4467,6659
2009,6660
6161,6660
463,6661
206,6662
978,6662
2048,6665
199,6666
874,6666
5606,6666
2161,6667
2653,6667
6311,6667
112,6668
5944,6670
957,6671
476,6673
509,6674
3925,6675
77,6678
5947,6678
4762,6680
88,6681
4010,6682
1170,6683
6520,6683
1361,6684
1854,6684
2577,6684
32,6686
33,6686
2976,6686
3558,6686
1129,6687
6049,6687
1554,6689
436,6690
3932,6690
1307,6691
2554,6691
24,6692
64,6692
451,6697
3851,6697
1545,6698
5246,6700
4075,6701
442,6703
6025,6703
4355,6705
209,6707
4015,6707
5892,6708
1044,6709
5344,6709
5544,6709
198,6711
2649,6712
24,6713
1365,6713
2762,6716
4716,6716
199,6719
797,6719
436,6720
3535,6720
0,6724
14,6725
991,6725
1068,6725
1629,6725
499,6726
2931,6726
0,6727
155,6728
110,6730
491,6730
316,6731
358,6732
2166,6732
5556,6732
659,6733
2217,6737
4,6740
1639,6740
2092,6741
2487,6741
218,6742
3195,6744
816,6748
1843,6751
5799,6753
80,6754
3340,6755
1322,6756
3098,6756
2437,6758
774,6759
1937,6761
4202,6761
4807,6762
1037,6763
1009,6765
2658,6765
1709,6766
6326,6766
3753,6768
1555,6772
3372,6773
0,6775
201,6775
120,6776
330,6777
421,6777
1761,6779
1842,6779
3630,6781
5738,6781
972,6782
4246,6783
55,6784
1068,6784
5883,6784
1601,6787
23,6788
1129,6788
1947,6788
4230,6789
3121,6790
1781,6791
147,6792
299,6793
5711,6797
1341,6798
5691,6800
175,6802
2159,6803
1090,6804
674,6805
3217,6805
250,6806
890,6810
930,6810
5751,6810
890,6811
1418,6811
6163,6811
4731,6812
119,6816
6269,6817
23,6818
678,6819
859,6819
37,6820
505,6820
564,6821
14,6823
3815,6824
1062,6825
721,6826
4503,6826
126,6827
369,6828
492,6828
4700,6828
796,6830
94,6831
667,6831
337,6833
4217,6837
2062,6839
2278,6839
3753,6839
434,6840
32,6841
37,6842
3621,6842
2152,6844
2836,6845
3465,6845
6077,6846
3006,6847
5193,6847
149,6849
1631,6849
4736,6849
24,6850
38,6851
1255,6851
4065,6851
80,6852
156,6853
3626,6853
251,6854
3147,6855
4623,6855
4513,6859
11,6860
3304,6860
1004,6861
6670,6861
226,6863
5457,6863
1792,6865
1564,6867
4454,6869
5904,6869
1862,6870
563,6871
4485,6872
11,6874
14,6874
5312,6874
218,6876
1554,6877
1689,6877
1947,6878
14,6879
3172,6879
784,6880
1116,6881
1177,6881
15,6882
5851,6882
110,6884
675,6884
581,6885
3288,6885
4277,6886
6128,6886
0,6887
3,6887
594,6890
689,6891
1521,6892
3096,6893
3398,6893
4342,6893
624,6894
799,6896
1078,6896
1478,6896
3624,6896
11,6897
2718,6898
5491,6900
505,6904
735,6905
1272,6905
582,6906
106,6907
1405,6907
23,6908
3829,6909
179,6910
6784,6910
1733,6911
1633,6912
2448,6914
4207,6914
2027,6916
2698,6916
2754,6917
6533,6917
3253,6919
1067,6920
6051,6925
3567,6926
1807,6927
466,6930
432,6932
11,6934
4432,6934
758,6935
1077,6936
92,6937
414,6938
834,6938
1828,6942
2622,6943
1908,6944
3330,6944
6205,6944
564,6945
3157,6945
4948,6945
556,6949
774,6951
55,6952
133,6954
1957,6956
5327,6957
5964,6959
9,6960
60,6960
2541,6960
37,6961
2928,6961
31,6962
3423,6964
2476,6965
1525,6966
125,6968
1828,6969
5355,6970
15,6973
6050,6973
0,6974
3013,6974
251,6975
312,6975
2707,6976
6851,6978
1541,6981
6205,6981
14,6982
32,6984
2476,6984
2002,6985
6911,6985
414,6986
2754,6986
6846,6986
947,6988
5926,6988
338,6991
574,6991
6810,6992
302,6995
623,6995
1613,6995
2033,6997
2281,6997
5642,7001
6026,7001
5730,7005
52,7006
85,7006
2151,7006
6050,7006
144,7007
631,7007
1146,7007
1078,7008
1545,7008
2516,7009
675,7011
5759,7011
2310,7014
6228,7014
3496,7015
4305,7016
5446,7016
2873,7019
790,7020
29,7021
4451,7022
0,7023
3930,7024
2896,7025
1307,7027
2383,7030
80,7032
505,7032
654,7034
3148,7034
119,7036
606,7036
556,7037
3927,7038
4984,7038
5420,7038
406,7041
4729,7042
5883,7042
369,7043
1188,7043
556,7044
1142,7044
4153,7045
6659,7045
291,7046
89,7048
5556,7048
6289,7049
626,7050
2644,7051
9,7052
494,7052
1940,7053
5452,7053
72,7054
6385,7054
1839,7055
2199,7055
4234,7055
6690,7055
0,7056
288,7056
1017,7057
1843,7059
2487,7059
61,7061
3450,7061
4065,7064
11,7065
120,7067
1193,7069
792,7070
1079,7073
792,7074
1024,7074
2643,7074
414,7076
0,7077
215,7077
789,7077
1870,7079
4792,7079
0,7080
721,7081
15,7082
898,7082
2857,7082
3543,7082
199,7084
3939,7084
5702,7084
138,7085
11,7087
6288,7089
48,7090
4659,7094
890,7095
1078,7095
5759,7095
3939,7096
6182,7096
358,7097
5711,7097
11,7098
5169,7098
97,7099
1673,7099
2677,7099
2822,7099
3632,7099
4121,7099
1772,7100
1161,7102
42,7103
5525,7104
0,7105
184,7110
5146,7111
6528,7112
263,7113
5011,7113
5147,7115
6122,7115
817,7117
1227,7117
1676,7117
2235,7117
78,7118
414,7118
3860,7118
48,7120
7113,7122
14,7123
4074,7124
37,7125
646,7125
23,7126
31,7126
1608,7126
2161,7128
3917,7128
5471,7128
192,7129
842,7130
810,7131
1853,7131
3656,7131
406,7132
440,7132
3053,7132
3209,7133
4278,7135
1253,7137
3133,7138
3854,7139
1554,7140
2643,7140
3104,7142
4203,7143
3849,7144
466,7145
1392,7145
817,7146
2211,7147
518,7148
2148,7148
6877,7150
1797,7153
94,7154
80,7155
3182,7155
78,7156
3471,7156
1072,7157
2048,7157
5208,7157
6071,7158
130,7159
411,7161
2731,7162
1,7166
3253,7166
4095,7168
5460,7168
389,7171
3138,7171
6620,7171
0,7172
2100,7172
6660,7172
692,7173
316,7174
174,7176
739,7177
840,7178
451,7179
186,7180
1592,7181
75,7183
973,7183
209,7184
6015,7184
23,7185
3557,7185
4166,7185
6308,7185
3358,7189
358,7190
1017,7191
4393,7191
4477,7194
564,7195
1202,7196
1430,7198
1772,7198
1540,7199
6920,7199
588,7201
466,7203
3657,7203
20,7204
1051,7205
2062,7205
4203,7205
1792,7206
1370,7207
2029,7213
3552,7214
80,7218
354,7219
812,7219
3182,7220
765,7221
6975,7221
1954,7223
4184,7225
1202,7226
2453,7226
38,7228
32,7229
1141,7230
6740,7230
7126,7230
245,7231
1544,7232
2007,7232
0,7234
251,7236
1862,7237
194,7238
1836,7238
321,7240
1249,7241
358,7243
949,7243
361,7244
69,7245
2450,7245
5248,7245
322,7246
2087,7246
3294,7249
2232,7250
131,7251
499,7252
5987,7253
3222,7254
5883,7254
4246,7256
656,7257
3838,7258
136,7260
4790,7260
1461,7262
1538,7263
1280,7266
1222,7268
1757,7268
6338,7268
6051,7271
6576,7271
5271,7272
3471,7274
2106,7275
3983,7276
2671,7277
5554,7278
169,7279
6062,7279
1521,7280
6257,7280
14,7283
5594,7283
1954,7284
1227,7285
138,7286
3724,7286
4863,7286
713,7288
1365,7288
251,7289
1365,7289
2979,7291
1975,7293
390,7295
184,7296
720,7296
5606,7296
4249,7297
1639,7298
1822,7298
1237,7299
337,7301
1690,7302
906,7305
2211,7305
5801,7306
37,7308
4952,7308
354,7310
946,7310
5390,7310
131,7311
1555,7311
5194,7313
2507,7314
2987,7314
3671,7314
4847,7314
2543,7315
6623,7315
4498,7316
996,7319
6457,7319
5107,7320
404,7321
615,7322
6457,7322
28,7323
7319,7323
1250,7324
6545,7324
58,7325
7293,7326
213,7327
1853,7327
2113,7329
6559,7329
6732,7331
5024,7332
80,7334
1507,7336
136,7337
1213,7337
6493,7338
719,7339
7006,7339
72,7340
1004,7341
1994,7341
5055,7344
3194,7346
3879,7346
654,7347
45,7348
6114,7348
6611,7348
5759,7351
7110,7351
258,7353
5285,7353
11,7354
7159,7355
2706,7356
3105,7356
1406,7357
2358,7357
436,7361
1757,7361
538,7363
877,7363
1025,7363
23,7370
218,7370
5362,7371
1696,7372
1165,7373
380,7374
140,7375
2525,7375
1161,7376
6605,7376
1739,7377
157,7378
2491,7378
2670,7378
1853,7379
486,7382
2521,7382
406,7383
5855,7384
52,7385
165,7385
191,7385
2811,7385
0,7388
3110,7390
6403,7390
6600,7390
419,7393
2337,7393
5394,7393
340,7395
556,7397
795,7398
2293,7401
3031,7401
3358,7401
5640,7401
5606,7405
962,7406
1505,7407
1800,7407
2697,7407
3520,7410
1797,7411
984,7414
5321,7415
3145,7416
4928,7416
5856,7416
6143,7416
32,7417
455,7417
3,7419
2361,7421
3398,7421
3413,7421
230,7422
569,7425
2451,7425
144,7426
432,7426
6386,7426
711,7428
3100,7428
3528,7429
3902,7429
2420,7432
194,7433
6623,7440
3011,7442
1811,7443
6180,7444
528,7445
786,7446
6409,7446
215,7447
3094,7449
518,7451
6508,7451
40,7452
721,7452
3939,7452
984,7453
749,7454
6050,7455
1067,7458
6080,7458
4166,7459
1094,7460
1099,7460
465,7461
2278,7462
769,7463
4877,7463
199,7464
1106,7464
2338,7464
2931,7466
4000,7469
4561,7469
2401,7472
0,7474
7218,7474
815,7478
2518,7478
1828,7479
42,7480
1547,7481
556,7483
40,7484
1538,7485
477,7486
1162,7486
156,7487
3567,7488
2,7490
419,7490
7099,7493
55,7495
64,7495
2770,7495
316,7497
2504,7497
2113,7501
414,7502
2234,7503
4454,7506
5232,7506
467,7507
621,7507
163,7508
563,7509
1977,7513
2695,7513
85,7516
826,7516
26,7517
358,7517
790,7517
2683,7517
4819,7518
52,7520
3620,7520
5162,7522
6258,7524
0,7526
5329,7526
1754,7527
5055,7527
5096,7527
1580,7533
2002,7533
1115,7534
156,7535
625,7536
2325,7536
3831,7539
2116,7540
7238,7540
1977,7542
245,7543
1105,7543
3121,7543
3899,7544
1690,7545
3447,7545
32,7546
316,7546
1828,7546
1676,7547
5060,7547
1551,7548
7411,7549
1067,7550
5759,7550
38,7552
979,7552
874,7553
3724,7553
3421,7554
6046,7554
6308,7554
3620,7557
4268,7557
792,7558
1232,7558
322,7559
3645,7559
4889,7559
2762,7563
4762,7563
6684,7564
130,7565
621,7565
7077,7566
150,7567
1430,7567
5471,7568
4657,7569
2183,7570
119,7571
719,7572
4492,7572
1033,7577
3196,7579
6711,7579
6228,7581
52,7582
1850,7583
2316,7588
1784,7589
2564,7589
3964,7589
7059,7591
392,7592
6281,7592
467,7594
2087,7594
50,7595
53,7595
369,7596
516,7599
3293,7600
1372,7601
3053,7601
1435,7602
1701,7602
1068,7603
194,7605
419,7605
490,7605
949,7605
2184,7605
2656,7606
3331,7606
1365,7608
85,7609
165,7610
175,7610
949,7610
2033,7610
23,7611
6637,7611
291,7613
332,7613
7506,7614
1120,7617
1645,7617
1308,7618
505,7619
916,7620
32,7621
3736,7621
3955,7621
890,7623
928,7623
4593,7624
3472,7626
4000,7626
1733,7627
674,7631
176,7633
373,7633
560,7634
206,7636
782,7636
901,7636
1194,7637
1796,7637
4174,7637
3546,7638
3934,7639
2639,7640
332,7642
2657,7646
1605,7648
111,7650
6152,7650
782,7651
3829,7651
174,7654
3796,7654
4302,7654
14,7656
385,7657
1095,7657
140,7659
543,7659
3031,7659
2418,7660
2075,7662
1792,7663
2048,7663
252,7665
563,7665
1062,7665
4890,7668
5321,7669
194,7670
381,7671
674,7671
4044,7671
80,7672
515,7672
1547,7673
31,7674
917,7675
414,7676
6642,7676
2765,7677
1,7678
11,7678
4671,7679
168,7683
4310,7683
3487,7684
7610,7684
9,7687
4733,7687
490,7689
149,7690
7478,7691
1954,7693
337,7695
1630,7695
2453,7695
4059,7695
7258,7696
4863,7699
1001,7700
3980,7700
575,7701
850,7701
896,7702
799,7704
72,7705
5263,7707
6576,7707
594,7708
5914,7708
4803,7709
7036,7709
5715,7710
14,7711
665,7711
1843,7711
3006,7716
5005,7716
5614,7716
6830,7716
253,7717
3821,7717
6311,7717
2676,7718
2955,7718
4088,7718
5749,7719
3459,7720
5638,7722
5461,7723
23,7725
1226,7726
63,7727
484,7727
252,7729
276,7730
916,7731
7583,7731
169,7732
11,7734
509,7734
3736,7735
6732,7736
419,7740
6219,7742
193,7743
442,7744
2068,7745
323,7746
5340,7747
2208,7749
2033,7750
6962,7750
1630,7752
3404,7753
4671,7753
5815,7753
251,7757
712,7757
5687,7757
452,7758
2549,7758
5927,7758
632,7759
5119,7759
0,7760
2267,7760
3502,7760
4130,7760
813,7762
1733,7762
24,7764
858,7764
48,7770
877,7770
543,7774
2643,7774
1148,7776
1340,7778
456,7779
4130,7779
5166,7779
1181,7781
3222,7781
625,7783
323,7786
1319,7786
1129,7789
756,7790
6166,7791
26,7793
4694,7793
1457,7796
2180,7796
2294,7796
1831,7797
896,7798
1068,7798
215,7801
4067,7803
4655,7804
1,7806
14,7806
1555,7806
707,7807
1170,7807
5606,7807
3017,7808
2225,7809
2924,7810
1405,7813
7117,7813
11,7814
1230,7815
5749,7815
1,7816
5035,7820
1222,7822
3684,7822
5716,7824
165,7825
6824,7825
228,7826
786,7826
1208,7826
3217,7826
4428,7826
4534,7826
4716,7826
5362,7827
5527,7829
4005,7830
2983,7831
5675,7831
973,7833
4674,7833
2061,7835
3145,7835
1690,7840
1624,7844
245,7845
2943,7845
1340,7846
3279,7846
6022,7846
4238,7851
7824,7852
1115,7853
3735,7853
23,7854
245,7854
2656,7854
962,7856
6014,7856
50,7857
711,7857
6773,7857
2074,7858
380,7859
175,7860
3957,7860
6917,7861
1334,7863
2325,7864
1377,7865
2762,7865
3222,7865
5507,7866
1,7867
85,7869
442,7869
2278,7872
5556,7874
7077,7874
1051,7875
6100,7876
1,7877
5855,7877
1804,7878
376,7879
1606,7884
6324,7886
50,7887
5838,7889
4870,7890
193,7891
2954,7892
0,7893
2511,7893
3138,7894
11,7895
1141,7895
9,7896
331,7896
6273,7896
400,7897
457,7897
1138,7897
4175,7897
6378,7897
385,7898
3167,7899
177,7901
2332,7903
7874,7903
901,7904
4869,7904
6089,7905
7158,7905
4935,7906
4948,7906
1588,7909
2129,7909
6308,7910
6657,7910
2354,7912
6986,7912
23,7913
3423,7913
4077,7914
2301,7915
2730,7917
2879,7917
32,7918
4599,7918
1423,7919
5819,7921
501,7923
5394,7927
284,7928
5295,7928
204,7929
768,7929
1001,7929
4441,7930
5905,7930
7245,7930
4066,7931
42,7932
1625,7932
5291,7934
3085,7935
144,7936
2368,7936
3266,7936
6288,7937
53,7938
3014,7938
3515,7938
52,7940
1735,7940
2408,7940
6543,7943
6033,7944
1457,7947
625,7948
1027,7949
38,7951
6016,7952
2253,7954
7606,7954
735,7957
1568,7961
1910,7965
1720,7966
3292,7966
405,7969
1690,7970
2224,7970
4795,7972
7716,7973
3801,7974
7463,7977
2159,7978
537,7979
11,7980
6737,7981
284,7982
962,7982
1630,7984
2643,7985
1676,7986
251,7988
235,7989
3615,7989
130,7992
477,7992
2631,7994
6089,7996
694,7997
340,7999
14,8001
3143,8001
78,8003
5143,8003
3906,8004
949,8005
50,8006
912,8007
5606,8007
1330,8010
2931,8011
2641,8012
5505,8013
6246,8013
499,8014
119,8015
412,8016
6436,8016
3605,8018
7899,8018
3679,8019
23,8021
419,8021
1071,8021
5604,8022
1280,8023
5078,8024
50,8026
6279,8026
833,8027
7262,8027
6880,8028
50,8029
7905,8029
1733,8032
4599,8034
5463,8035
6128,8035
4736,8036
2162,8037
2910,8039
4147,8039
6026,8039
2718,8040
5855,8040
1051,8041
9,8042
5830,8042
1078,8047
1580,8047
3886,8047
0,8048
1513,8048
853,8049
5782,8050
842,8052
1161,8053
1688,8053
5194,8055
5327,8055
1141,8056
3340,8057
4834,8059
1094,8060
3605,8062
281,8063
3613,8064
3752,8064
6788,8067
1720,8068
4782,8068
338,8069
4590,8069
201,8072
564,8075
842,8075
3129,8075
5870,8077
97,8080
251,8080
710,8080
1701,8084
4043,8084
6986,8085
204,8086
946,8089
2278,8089
193,8090
847,8090
6011,8090
4928,8091
0,8092
4527,8094
949,8095
31,8096
7168,8097
4847,8102
4283,8103
222,8104
4372,8106
1146,8107
2908,8108
7156,8108
5711,8109
414,8110
3190,8110
3747,8110
477,8113
2383,8113
4442,8113
361,8114
4815,8114
191,8116
4893,8117
797,8119
4353,8119
3779,8121
4251,8122
5808,8123
180,8126
204,8126
2033,8126
564,8128
5491,8129
181,8130
2225,8130
6375,8130
666,8131
1047,8131
1,8134
199,8134
1068,8134
140,8135
1523,8139
318,8142
5829,8142
165,8143
2683,8143
5927,8144
1084,8145
2798,8145
198,8146
673,8146
2521,8146
78,8147
165,8147
6048,8148
817,8149
4867,8149
5828,8156
11,8159
5677,8160
978,8161
1467,8161
962,8162
1686,8162
5078,8162
4634,8163
5000,8164
480,8165
560,8165
1500,8165
6306,8165
1197,8166
761,8168
2338,8169
2708,8170
14,8171
1299,8171
4697,8171
492,8172
930,8172
1954,8174
850,8175
2393,8179
145,8180
201,8180
406,8180
978,8180
4540,8180
5556,8182
228,8183
5988,8183
3829,8184
4301,8185
150,8186
1573,8188
2129,8188
1555,8192
3024,8192
5572,8192
4595,8193
5063,8193
338,8196
2383,8197
2879,8197
1842,8199
739,8200
2688,8204
404,8205
91,8206
1205,8207
5803,8207
7915,8207
1707,8209
968,8210
3450,8210
94,8212
3563,8212
3955,8212
4397,8212
2060,8213
14,8215
188,8215
3456,8215
1071,8217
5828,8217
1129,8218
209,8219
7443,8220
7746,8220
24,8223
5726,8225
7166,8225
4550,8226
2275,8227
1181,8228
1697,8228
119,8230
1960,8232
7857,8232
8180,8232
31,8233
3447,8233
14,8234
421,8235
7082,8235
2716,8236
5784,8236
52,8237
4459,8237
295,8238
4463,8238
1623,8240
1198,8241
287,8242
2257,8243
6909,8243
358,8244
8142,8246
2440,8249
8246,8249
735,8250
4175,8250
14,8252
351,8252
3142,8255
3899,8255
69,8257
674,8257
4190,8257
1000,8259
537,8260
5479,8262
186,8266
1639,8266
165,8267
674,8267
1131,8267
3157,8267
2481,8268
1197,8269
5700,8271
278,8273
765,8273
1962,8273
5301,8276
7567,8276
6123,8277
7678,8278
2514,8281
615,8282
2614,8283
694,8284
7191,8284
2451,8286
3777,8286
4001,8287
202,8288
2541,8288
537,8289
1372,8289
4659,8289
215,8290
7673,8290
0,8291
2261,8291
7253,8291
346,8294
1133,8294
3126,8294
3616,8294
205,8300
5872,8300
1025,8303
1731,8303
4206,8303
0,8304
3420,8306
3615,8307
103,8309
2770,8309
456,8312
569,8312
1129,8312
1633,8312
3629,8312
52,8315
4190,8315
177,8316
337,8316
1507,8316
2698,8316
3829,8316
340,8317
978,8317
1071,8317
617,8319
5267,8319
494,8320
2756,8322
4705,8323
1059,8324
2068,8324
5742,8324
8042,8324
2990,8326
6118,8326
322,8330
5671,8331
85,8332
452,8332
2163,8332
4868,8333
322,8336
4249,8336
150,8338
67,8339
242,8339
1563,8339
1807,8343
31,8344
3906,8344
4381,8344
80,8346
204,8347
351,8347
957,8347
2368,8347
5187,8348
1493,8350
3416,8350
2,8351
4430,8351
657,8352
4250,8352
73,8354
7860,8356
52,8357
3006,8358
6049,8358
6289,8359
3227,8360
8289,8360
1287,8362
3461,8364
4453,8365
7166,8367
316,8368
1299,8368
3,8370
6861,8371
14,8372
299,8376
1697,8376
2278,8376
1139,8377
3368,8377
3,8378
1592,8378
4965,8378
7036,8379
1000,8380
2493,8380
5214,8380
3253,8381
735,8382
6209,8382
2,8383
1315,8383
2314,8384
2062,8386
2261,8387
8149,8387
487,8389
4640,8389
3,8390
1335,8390
4707,8390
5579,8390
865,8391
3606,8391
412,8392
4459,8394
7520,8394
1407,8395
5780,8395
7098,8395
111,8396
251,8396
6559,8396
712,8397
1001,8397
625,8398
6995,8400
7038,8401
8380,8404
6108,8405
7626,8407
660,8409
4431,8410
4,8411
26,8413
42,8416
6635,8416
3753,8418
2358,8419
954,8421
6744,8421
873,8422
4156,8422
889,8423
3,8424
1156,8424
2919,8424
4258,8424
6134,8425
6590,8428
2329,8429
14,8430
1416,8431
78,8432
2984,8436
4132,8442
11,8443
5838,8447
7569,8447
77,8452
1796,8452
4272,8452
1568,8453
5855,8453
395,8454
412,8455
797,8455
14,8456
60,8456
2331,8456
3107,8456
505,8458
2799,8459
545,8460
2951,8460
1042,8462
6846,8462
125,8463
3021,8463
3520,8463
69,8464
3070,8464
165,8465
284,8465
821,8466
923,8468
564,8472
3871,8474
1530,8475
5259,8475
6142,8476
191,8478
2475,8478
1892,8480
3471,8480
213,8483
6754,8483
82,8484
8114,8487
1368,8489
3739,8489
750,8490
4190,8491
545,8492
1949,8492
780,8493
3458,8493
3880,8494
14,8495
957,8496
5360,8497
5870,8497
667,8501
6805,8501
494,8503
3083,8504
4854,8504
7199,8504
2600,8505
2676,8505
7507,8505
2827,8511
6025,8511
7919,8511
7082,8514
5843,8517
4621,8518
6851,8519
1,8520
5947,8521
1538,8522
1170,8523
3125,8523
3,8525
308,8527
625,8527
2261,8527
281,8528
163,8529
4704,8529
1906,8530
2368,8530
2437,8530
3437,8530
7140,8530
7158,8530
657,8531
209,8532
7001,8533
5169,8535
1538,8537
4495,8537
795,8538
1005,8539
621,8541
228,8542
3275,8542
20,8543
2490,8543
4432,8544
8303,8544
2203,8545
5456,8545
8351,8545
23,8549
7520,8549
8092,8549
112,8550
6285,8551
110,8552
490,8552
85,8553
8048,8557
14,8558
5694,8558
2954,8559
451,8560
2358,8560
5609,8561
3447,8562
60,8564
2384,8566
4260,8567
912,8568
1645,8569
8306,8569
720,8570
3431,8570
442,8572
312,8573
8561,8573
782,8574
58,8575
1554,8576
3443,8576
4078,8577
6681,8577
7717,8577
5215,8578
1745,8579
4174,8579
4615,8579
6613,8579
833,8580
7168,8583
7718,8583
2316,8584
8273,8584
782,8587
1162,8587
4432,8587
1148,8588
5365,8588
133,8589
957,8589
1645,8590
6839,8590
6642,8591
2448,8592
7025,8592
666,8593
890,8593
3412,8593
6033,8594
8108,8595
50,8596
1344,8598
2353,8598
8505,8598
316,8600
2730,8600
299,8601
1334,8601
3724,8602
3031,8603
4684,8603
177,8604
5321,8604
4288,8607
5942,8607
460,8608
1209,8609
6120,8610
7230,8612
802,8615
3593,8615
111,8616
5417,8616
5482,8616
115,8617
130,8617
6011,8617
0,8618
9,8619
3726,8620
1836,8622
6781,8625
11,8627
1423,8627
942,8628
8384,8628
1,8632
6429,8632
75,8633
55,8634
3895,8636
106,8638
5005,8638
7168,8638
1901,8639
942,8640
7621,8642
3100,8643
5028,8643
3354,8644
3386,8645
4640,8645
6026,8647
2067,8649
6846,8649
1470,8650
8037,8650
3366,8651
2194,8654
688,8655
23,8657
401,8657
654,8657
3338,8657
3530,8657
1090,8659
618,8660
52,8661
121,8661
661,8661
8428,8661
2408,8662
5303,8662
949,8664
14,8665
2998,8668
3730,8669
1342,8670
5541,8670
6020,8673
1423,8674
4655,8674
1361,8676
2030,8676
3061,8678
2217,8679
878,8681
2616,8681
4442,8682
4697,8682
119,8683
7558,8683
2357,8686
6545,8686
7314,8687
85,8690
1538,8692
2149,8692
4420,8692
5355,8692
308,8693
1249,8694
284,8695
1127,8695
5614,8697
2338,8698
649,8699
1048,8699
3104,8699
4495,8699
7061,8699
8590,8699
215,8700
3,8701
797,8701
1230,8701
6143,8701
6354,8701
1197,8703
7185,8703
1601,8705
2278,8705
3679,8705
251,8706
1344,8706
3979,8707
4764,8707
560,8708
155,8711
562,8711
1975,8711
280,8712
3184,8712
3679,8712
3401,8713
768,8714
1079,8715
632,8716
3780,8717
5011,8717
7892,8719
1908,8720
4545,8720
4355,8721
4453,8721
6122,8723
4460,8724
1407,8725
3197,8725
203,8726
172,8727
2210,8727
976,8728
2983,8728
4120,8728
6730,8728
3398,8729
661,8731
242,8733
4831,8733
6273,8733
1268,8736
5821,8737
0,8738
4598,8738
110,8740
2815,8740
545,8742
1139,8742
7547,8742
2658,8744
6692,8744
5751,8746
1713,8747
527,8748
5872,8748
4575,8749
4781,8749
3978,8750
2301,8751
625,8752
6956,8752
2747,8755
904,8756
1554,8756
3076,8756
2897,8757
1024,8758
4684,8759
6732,8761
7221,8761
8389,8761
4441,8762
1977,8764
3044,8766
817,8767
1972,8768
2643,8768
4981,8769
14,8770
8531,8773
1521,8775
6675,8776
215,8780
830,8780
898,8780
901,8780
4810,8784
2183,8786
3111,8786
3983,8787
7185,8787
842,8788
1222,8788
705,8789
4567,8793
3781,8794
191,8796
537,8796
1782,8797
1461,8798
351,8800
251,8801
5870,8802
465,8803
3512,8803
4518,8804
2129,8805
784,8806
1563,8806
892,8808
4249,8810
1695,8811
7524,8811
3258,8812
581,8813
1288,8813
1850,8814
1883,8814
7558,8814
168,8815
169,8815
494,8817
1245,8819
6591,8819
32,8820
4590,8820
0,8822
473,8822
2333,8822
391,8823
1564,8828
2453,8829
369,8831
574,8831
1507,8831
5245,8831
6199,8833
1308,8836
7331,8836
786,8837
3899,8837
2785,8838
8249,8839
7543,8840
155,8841
3366,8842
1289,8843
1717,8843
5519,8844
884,8845
1853,8845
338,8846
797,8847
4967,8847
14,8849
92,8849
2511,8849
1207,8850
82,8851
666,8851
3759,8851
0,8854
367,8854
924,8854
4190,8856
6184,8856
7285,8856
4251,8859
8351,8861
1541,8862
7385,8862
1546,8863
4069,8864
6093,8864
873,8866
5369,8866
8483,8866
8845,8867
7517,8869
3232,8873
3942,8873
0,8876
3750,8876
5782,8878
795,8879
278,8880
7155,8881
2,8882
15,8882
1052,8882
3940,8884
4075,8884
1392,8885
1828,8885
6919,8886
8595,8886
2,8890
2111,8890
177,8892
11,8893
1010,8893
30,8896
2082,8896
245,8897
2557,8897
145,8898
1688,8898
1871,8899
5927,8900
1910,8901
459,8903
8701,8903
8819,8904
451,8905
5321,8908
5493,8908
180,8909
209,8909
588,8909
6024,8909
7221,8909
7815,8910
6223,8911
917,8913
5327,8914
7117,8915
8879,8915
3780,8916
676,8918
2693,8919
2290,8920
7324,8920
92,8922
2211,8922
322,8925
4306,8925
6093,8925
8206,8926
3,8927
4074,8927
395,8928
3652,8928
11,8931
28,8931
174,8932
978,8932
3546,8932
5028,8933
4737,8935
4923,8935
4467,8936
5162,8936
8108,8936
11,8937
884,8938
3026,8939
14,8940
2518,8940
8882,8941
5935,8942
6137,8942
8424,8943
434,8944
3471,8944
4626,8945
8063,8946
5251,8947
5269,8947
7984,8947
904,8948
978,8948
7852,8948
1694,8950
749,8954
6344,8954
1267,8956
165,8958
303,8959
8312,8960
8215,8961
7606,8962
0,8963
5789,8964
1906,8965
2041,8966
3115,8966
7891,8966
1068,8968
3147,8968
4994,8968
3110,8969
4744,8970
369,8971
2489,8971
3461,8971
191,8974
515,8974
2062,8975
5756,8975
2257,8976
6846,8976
28,8977
4153,8977
7930,8978
2635,8980
395,8981
621,8981
1580,8981
1115,8983
3734,8983
2931,8985
3381,8985
4153,8986
6377,8987
215,8988
8856,8989
2883,8996
4396,8996
7407,8996
950,8997
8927,8999
624,9000
2357,9000
7867,9003
0,9004
1368,9004
1075,9005
60,9006
1555,9006
432,9009
4313,9010
3288,9011
2716,9012
4908,9012
910,9014
7056,9015
647,9016
5229,9016
5614,9018
3431,9019
7938,9019
1877,9021
1496,9022
209,9023
998,9024
1005,9024
3500,9025
6517,9025
406,9026
2022,9026
6000,9026
399,9027
2060,9027
5163,9027
4689,9030
72,9032
6163,9032
7617,9032
154,9034
317,9035
2873,9036
556,9037
2491,9037
8916,9037
2270,9038
80,9039
711,9039
7375,9041
5393,9042
358,9043
491,9043
882,9044
2867,9044
4329,9044
7490,9044
104,9045
4822,9045
1645,9046
2457,9047
131,9048
4659,9050
2983,9053
5143,9053
4484,9054
23,9056
209,9056
904,9056
3376,9056
947,9058
1484,9058
2573,9058
5290,9058
1165,9061
1090,9063
2088,9063
2416,9063
0,9067
3073,9067
7245,9067
5535,9068
2201,9069
5606,9071
1106,9072
3567,9072
3745,9072
165,9073
1249,9076
5421,9076
6258,9076
509,9078
3196,9078
5588,9079
5880,9079
5851,9081
6500,9082
8169,9082
50,9083
4600,9084
817,9085
7077,9085
3471,9087
7332,9087
3705,9088
7271,9089
1300,9091
2279,9091
179,9092
2201,9092
4198,9093
5590,9093
7001,9093
179,9094
5838,9094
2390,9096
0,9101
23,9102
381,9103
885,9103
2042,9103
1954,9105
4318,9106
8300,9107
1,9108
15,9110
2983,9113
490,9114
8728,9114
4767,9115
6142,9115
23,9118
1402,9118
9088,9118
4372,9120
2199,9121
3624,9124
284,9125
1473,9127
192,9128
1972,9128
408,9129
2987,9131
6,9132
2873,9132
0,9133
8447,9135
0,9136
2028,9136
5161,9137
1009,9139
965,9141
288,9142
4570,9142
8001,9144
1466,9146
821,9148
1842,9148
2338,9148
2870,9149
5245,9149
144,9150
1690,9150
340,9152
3366,9152
624,9153
6678,9153
1215,9155
853,9156
8062,9157
950,9158
1344,9158
3805,9158
8501,9158
5121,9159
2773,9160
4425,9161
6650,9162
916,9163
7166,9163
1037,9164
1560,9165
2890,9165
4349,9165
8560,9165
6741,9167
6975,9167
26,9169
316,9169
492,9170
383,9171
50,9172
316,9172
8223,9173
55,9174
4221,9175
620,9177
864,9178
1090,9178
1083,9179
3207,9179
1954,9184
3678,9186
5886,9187
581,9190
1736,9190
978,9195
1554,9195
55,9196
9120,9198
985,9199
750,9200
3113,9200
2626,9203
1567,9205
5974,9206
4175,9208
2649,9209
1910,9210
5024,9210
202,9212
8707,9215
6143,9216
9155,9216
14,9218
2,9220
505,9224
1318,9225
6965,9225
8496,9226
26,9227
136,9228
3006,9228
8670,9228
5606,9229
8220,9231
82,9232
2357,9232
2184,9234
4294,9235
1294,9236
2320,9238
2421,9239
5592,9239
50,9241
5688,9242
1568,9243
2875,9244
4097,9244
4952,9244
843,9246
1853,9246
5482,9248
9093,9248
1484,9249
130,9251
5751,9251
23,9253
145,9255
1299,9255
150,9256
1836,9256
2022,9256
7897,9256
3400,9258
77,9259
916,9261
2172,9262
6287,9265
539,9267
3100,9267
263,9268
291,9268
735,9268
2134,9268
50,9269
2281,9269
0,9270
75,9270
4828,9271
4862,9272
2325,9273
878,9274
8193,9274
8273,9274
0,9276
3238,9276
646,9277
3620,9277
7589,9277
1660,9284
5711,9284
6559,9286
450,9289
6304,9291
509,9292
5214,9294
8309,9294
6167,9295
1426,9296
183,9297
1115,9297
80,9299
6538,9300
978,9301
1000,9304
3479,9304
545,9305
1479,9306
2516,9306
3423,9308
6503,9308
1971,9310
527,9312
321,9316
731,9316
2762,9319
7382,9319
556,9322
36,9326
288,9326
962,9326
8503,9327
85,9328
8543,9329
14,9332
7286,9332
678,9334
813,9336
28,9337
130,9337
1906,9337
6306,9337
23,9338
1402,9340
1689,9340
40,9343
408,9343
2261,9344
3486,9344
5711,9345
0,9346
9308,9346
3535,9347
7909,9347
3722,9348
94,9349
367,9349
1547,9350
1213,9351
23,9353
50,9355
5374,9356
3458,9357
0,9358
2239,9358
6402,9358
32,9359
574,9359
1838,9360
67,9361
342,9362
4685,9362
6991,9362
14,9364
5838,9366
48,9367
2199,9368
518,9369
3193,9370
5023,9371
518,9373
749,9373
8409,9376
8533,9376
394,9378
2437,9378
32,9380
5648,9381
663,9383
1580,9385
6025,9386
322,9387
637,9387
1177,9388
3613,9389
6775,9390
8175,9390
6668,9391
910,9392
1555,9392
2324,9393
3004,9395
2538,9396
4125,9397
477,9398
4893,9398
6612,9398
466,9399
3331,9401
1085,9407
5574,9407
26,9408
560,9409
556,9411
358,9413
900,9413
2028,9414
4604,9415
6025,9416
96,9417
1778,9417
749,9419
2048,9419
4736,9419
97,9420
1106,9420
4928,9420
133,9422
505,9422
140,9423
5971,9423
7722,9423
38,9424
14,9425
2598,9425
0,9426
3639,9426
1541,9427
1555,9429
597,9430
96,9431
3031,9432
6394,9434
5072,9436
14,9439
4608,9439
790,9442
1554,9445
3487,9445
3964,9445
9270,9445
389,9450
393,9450
7488,9450
9253,9452
3033,9454
7816,9455
3013,9456
58,9457
2157,9457
1573,9459
7545,9459
2,9461
119,9462
1824,9462
8276,9462
4781,9464
7621,9464
854,9465
6503,9469
104,9470
14,9472
449,9472
1961,9472
2554,9472
1268,9473
250,9474
11,9475
24,9477
5702,9478
338,9479
896,9480
466,9482
8397,9482
2188,9485
4932,9485
3236,9486
3366,9486
647,9487
5194,9488
790,9489
1555,9490
4604,9492
4830,9492
5023,9492
1796,9493
14,9495
5628,9495
3724,9497
7327,9497
898,9498
742,9499
792,9499
50,9503
2311,9503
2630,9504
5855,9504
996,9506
968,9508
2125,9509
6304,9510
6457,9510
8885,9510
40,9511
4854,9511
816,9512
4351,9512
14,9515
15,9515
795,9515
5789,9515
833,9516
3147,9516
624,9519
259,9520
3148,9520
9,9522
251,9522
735,9522
1482,9523
1068,9524
2338,9524
769,9525
6016,9525
1466,9526
878,9527
1809,9531
8679,9532
5928,9533
0,9534
1997,9534
7718,9535
42,9536
8757,9537
2529,9540
1094,9541
3804,9541
6565,9541
8259,9546
1461,9547
6190,9548
1308,9550
4283,9550
7673,9550
877,9551
2211,9552
7059,9552
7683,9555
878,9556
1854,9558
5809,9558
5537,9559
205,9560
8497,9560
144,9561
316,9561
37,9562
284,9563
3630,9563
3098,9564
4638,9564
31,9566
215,9566
3606,9566
924,9570
3605,9570
5838,9570
23,9571
432,9571
3932,9572
23,9574
979,9576
3796,9576
6844,9576
2273,9577
50,9578
8453,9581
2152,9582
3400,9582
4623,9585
2924,9586
466,9587
1090,9587
215,9590
3185,9591
2187,9593
9056,9593
5327,9594
727,9598
1208,9600
23,9605
2042,9607
4351,9607
9585,9607
361,9608
4306,9609
190,9611
3486,9611
3806,9611
5489,9612
8389,9613
4375,9614
467,9615
204,9616
295,9617
2338,9617
6981,9617
361,9618
5530,9619
6209,9619
9392,9619
32,9624
175,9625
193,9626
38,9627
930,9627
956,9627
4436,9628
250,9633
692,9633
323,9635
6844,9635
2729,9637
3330,9638
188,9640
3001,9640
6063,9640
1496,9641
4294,9641
31,9642
835,9642
3593,9643
9004,9643
1068,9645
922,9646
3044,9646
3934,9646
4215,9646
8572,9649
284,9650
8876,9650
769,9653
14,9654
1068,9654
1627,9654
1146,9655
615,9659
2022,9659
2717,9659
2148,9660
5832,9660
3010,9661
6681,9661
7673,9661
1141,9662
2405,9663
9572,9663
6803,9664
3182,9665
460,9666
7463,9666
1639,9667
5683,9669
4868,9670
4197,9671
7982,9671
8067,9671
42,9672
281,9672
322,9674
3197,9674
8453,9674
9470,9674
5923,9675
9392,9678
23,9679
1133,9679
167,9681
172,9682
5055,9682
2476,9685
8312,9685
1133,9686
3076,9686
140,9687
50,9688
133,9688
1828,9688
5097,9688
6545,9690
130,9691
7601,9691
26,9692
3419,9692
588,9693
2545,9694
950,9696
2258,9696
7140,9696
4963,9697
7486,9697
9271,9697
6393,9698
179,9700
2141,9700
6093,9700
3709,9701
3167,9703
3764,9704
1139,9705
8588,9705
4008,9706
367,9707
498,9708
949,9708
89,9709
608,9714
7156,9716
653,9717
15,9719
198,9719
0,9720
2390,9720
7219,9720
3496,9721
1467,9723
2311,9723
747,9725
203,9726
23,9728
1462,9728
156,9732
7701,9734
942,9738
127,9739
2006,9740
9423,9740
144,9741
8424,9741
52,9742
1901,9743
2111,9746
497,9747
125,9748
1197,9750
2093,9750
1546,9751
3964,9753
323,9754
7807,9754
97,9756
5407,9756
7054,9756
6170,9757
9635,9757
1017,9758
3796,9758
157,9759
4839,9760
581,9761
1414,9761
6096,9762
735,9763
6342,9763
782,9764
1,9766
2236,9766
965,9767
2933,9767
1068,9769
4082,9769
5401,9769
7740,9770
97,9771
7936,9772
8122,9772
1986,9773
3709,9773
6004,9775
23,9776
674,9777
3213,9777
23,9779
215,9780
544,9781
930,9782
792,9784
890,9784
676,9785
3147,9786
97,9787
3275,9788
1024,9789
1645,9790
1785,9790
735,9791
8703,9791
4375,9792
1328,9793
3001,9793
4077,9793
896,9794
2504,9794
5353,9794
4186,9800
1194,9804
9492,9804
847,9805
1823,9807
3405,9807
406,9808
5855,9809
6576,9810
2048,9812
7458,9814
1072,9816
1573,9816
5971,9817
588,9818
7363,9818
645,9819
1238,9819
1701,9821
9150,9821
5112,9823
2822,9824
909,9825
2305,9831
419,9833
853,9835
381,9837
2068,9837
174,9838
9129,9838
6418,9842
8800,9846
1106,9848
8424,9848
842,9849
6725,9849
1842,9850
1090,9852
1824,9852
377,9853
4176,9854
4726,9855
6151,9855
9277,9856
1839,9857
2560,9857
2822,9863
3621,9864
1001,9865
36,9867
198,9871
226,9872
2122,9872
6709,9873
749,9874
8309,9874
1457,9875
7059,9876
8225,9876
0,9878
4972,9879
5448,9880
9012,9881
15,9884
1315,9885
3927,9885
1246,9887
7214,9888
2,9889
1344,9890
1036,9891
2983,9891
4863,9892
5060,9892
5935,9893
0,9894
2508,9894
5682,9895
5286,9897
487,9899
4628,9899
930,9900
5355,9900
1115,9902
873,9903
0,9904
144,9904
4689,9905
4624,9906
5301,9906
1929,9907
209,9908
631,9908
6561,9908
518,9909
1141,9909
694,9910
3443,9910
389,9911
4498,9911
265,9913
694,9913
1197,9913
5749,9914
4943,9915
581,9916
8530,9917
8483,9918
1639,9919
1886,9919
9232,9919
6383,9920
1507,9921
5792,9923
1094,9924
6005,9926
190,9930
957,9933
0,9934
308,9935
3253,9935
7726,9936
9012,9937
9058,9937
2896,9938
1300,9939
2983,9939
5394,9939
5801,9940
5594,9941
3714,9943
8531,9943
121,9946
1575,9948
2453,9948
14,9949
432,9950
1392,9950
361,9952
1138,9953
2829,9955
198,9957
1344,9957
1484,9958
316,9959
625,9959
1955,9959
2541,9960
538,9961
1170,9963
165,9964
7663,9964
2706,9965
7936,9965
1788,9968
52,9969
7297,9969
183,9971
302,9971
496,9971
8324,9971
3232,9972
3400,9972
735,9973
6930,9973
1078,9974
917,9975
8392,9976
31,9977
4467,9977
3288,9978
50,9979
4221,9980
9355,9980
7348,9982
1690,9984
23,9985
388,9985
2490,9989
1017,9990
9821,9992
2372,9994
7786,9995
312,9996
8454,9996
9024,9999
