0,1
1,2
2,3
3,4
0,5
1,5
5,6
2,7
1,8
2,8
3,8
2,10
2,11
8,11
7,12
2,17
1,18
8,18
8,19
0,20
1,21
2,21
4,21
1,22
8,22
12,23
0,24
3,24
2,25
5,25
22,25
19,28
1,29
8,29
21,29
2,31
19,31
20,31
0,34
5,36
12,36
3,37
5,37
22,37
2,38
2,41
11,41
7,43
2,44
21,45
11,47
8,49
0,50
19,50
49,52
3,53
5,53
29,54
4,55
11,55
24,56
29,56
29,57
21,58
31,60
1,62
2,64
11,64
50,65
2,70
53,74
64,74
8,76
36,76
29,77
31,77
11,78
11,80
5,83
20,83
53,84
8,86
19,87
12,88
65,90
1,91
11,91
2,93
31,93
0,95
50,95
8,97
5,98
8,98
28,98
55,98
11,99
0,101
37,101
53,101
99,102
23,104
91,104
3,107
2,108
8,108
5,110
11,110
8,111
21,112
0,113
20,117
0,118
77,119
44,120
11,121
23,121
22,122
7,124
1,126
4,126
49,126
124,129
21,131
2,132
1,134
29,135
43,135
98,135
1,136
101,136
122,136
102,137
64,138
4,139
132,139
58,140
91,140
1,142
101,145
104,146
5,148
8,148
24,148
58,151
2,154
37,154
8,155
29,155
1,156
5,156
55,156
2,157
140,160
19,161
43,162
21,164
64,165
0,166
29,167
137,167
1,169
2,169
8,169
2,170
11,170
108,170
1,171
3,171
8,172
20,172
1,174
19,174
8,176
53,176
8,177
0,178
136,178
122,179
136,181
21,182
174,182
25,183
29,183
77,183
8,184
22,184
124,184
137,184
74,186
129,186
1,187
55,188
1,189
2,189
11,189
55,189
90,190
111,190
5,191
21,191
135,192
156,192
21,193
142,193
155,193
136,194
165,194
5,195
19,196
29,196
2,197
2,198
8,198
34,198
31,199
2,200
2,201
8,201
101,201
2,203
8,203
77,204
137,205
137,206
74,207
136,210
2,212
189,212
8,213
119,213
136,214
2,216
108,217
122,217
0,218
1,219
108,222
3,223
191,224
148,226
97,229
2,230
8,231
191,231
21,232
172,232
65,233
196,233
229,233
167,235
29,236
108,237
140,238
174,238
7,240
37,241
0,242
138,242
1,244
31,244
142,244
31,245
187,245
21,246
56,246
8,247
7,248
56,248
182,250
1,252
5,252
212,252
245,252
2,253
0,256
29,256
21,257
8,258
4,259
25,259
137,259
240,259
191,266
17,268
31,268
74,270
246,270
29,271
64,272
2,273
3,273
169,274
2,275
3,276
1,277
53,279
1,280
5,280
3,281
98,281
8,282
176,282
84,283
245,283
29,284
87,284
43,285
19,286
29,286
137,286
36,287
108,287
5,288
199,288
19,290
119,290
78,291
31,292
29,293
113,296
8,297
22,298
41,298
111,298
172,298
176,299
8,300
64,301
162,303
148,304
187,306
199,306
5,307
6,308
186,309
11,310
64,310
113,310
6,313
74,314
184,314
3,315
22,315
90,317
304,318
2,321
108,321
138,322
176,323
259,323
11,324
8,325
36,325
53,325
0,328
2,328
29,328
126,330
136,330
120,331
179,337
203,338
306,338
8,339
2,340
122,341
124,341
0,342
20,342
307,344
31,346
60,348
43,349
93,350
11,351
19,351
37,351
21,353
29,353
11,354
12,354
29,354
65,355
193,356
298,356
21,360
184,362
4,363
7,363
174,364
288,364
325,364
298,365
38,366
74,366
58,370
151,371
366,371
60,372
111,373
6,374
136,374
29,375
60,377
28,378
29,378
21,379
77,379
189,379
98,380
50,381
5,382
166,382
184,382
2,383
273,384
53,387
29,390
31,390
341,390
317,391
1,392
1,393
313,393
1,394
113,394
4,395
169,397
22,400
192,400
111,405
45,406
371,406
2,410
157,411
5,414
370,414
184,415
351,416
252,417
31,419
231,419
21,420
44,420
247,420
322,421
419,421
53,423
60,423
198,424
351,424
11,426
74,426
203,426
241,426
298,426
414,426
1,432
4,432
213,434
395,434
0,435
161,435
331,436
29,438
37,438
80,440
136,440
241,442
188,443
31,444
24,445
126,447
21,449
140,450
23,451
229,451
21,454
60,454
191,456
3,459
298,459
47,460
31,461
24,464
224,464
155,465
351,466
37,467
8,468
393,469
287,470
21,471
21,472
23,472
58,472
19,473
23,473
233,475
8,476
1,477
288,478
298,478
21,479
393,479
8,482
31,483
110,483
236,484
2,485
338,485
146,486
8,487
64,487
170,489
238,489
313,489
377,489
414,489
29,490
136,490
279,490
223,491
268,491
56,492
21,493
276,493
19,494
314,494
298,496
137,497
246,497
101,498
279,498
189,500
56,501
140,501
420,502
191,504
136,508
268,509
450,509
4,510
11,512
110,512
216,512
107,513
414,516
419,516
8,517
54,518
2,519
37,520
420,522
410,525
485,525
252,526
29,528
498,528
1,530
416,531
29,532
172,533
232,533
241,533
405,533
56,534
65,534
99,534
189,535
1,537
270,538
74,539
268,540
170,541
346,541
378,541
19,543
290,543
461,545
204,548
258,548
19,549
2,550
8,550
31,550
283,550
285,551
19,553
281,553
179,554
288,554
492,554
179,556
8,558
182,558
286,559
134,560
151,560
375,560
21,561
8,563
189,565
21,566
290,568
8,569
531,570
493,571
99,572
136,572
60,573
419,576
31,579
169,579
472,580
2,583
8,583
87,584
98,585
119,585
11,586
19,593
184,593
74,596
233,596
451,598
274,599
573,599
1,600
498,600
287,601
54,602
246,602
489,603
186,604
286,605
501,605
2,606
330,606
124,610
0,612
11,612
55,614
151,615
184,615
596,616
393,618
346,619
256,621
494,625
36,627
387,627
410,629
414,629
525,629
113,630
543,630
570,631
20,632
177,632
56,633
489,633
8,634
120,634
135,636
242,636
138,637
245,637
485,639
138,640
370,640
451,640
12,641
104,641
321,642
151,643
1,645
0,647
360,647
31,648
193,649
288,650
619,651
155,652
259,656
199,658
11,659
101,660
199,660
395,660
8,661
440,661
64,663
420,663
156,666
12,667
101,667
169,668
494,670
241,671
31,673
573,673
416,675
47,676
87,677
167,680
108,681
245,681
274,683
19,687
298,688
2,689
93,689
29,691
310,695
390,695
189,696
29,697
31,698
266,699
538,699
314,700
101,701
328,701
411,704
162,705
20,706
2,709
21,709
189,709
328,709
5,711
167,711
666,711
321,712
43,714
213,714
29,715
2,716
166,716
184,717
634,717
21,718
191,719
29,723
120,725
169,727
510,727
203,728
580,728
640,728
274,729
47,731
60,731
701,731
464,733
195,734
426,734
689,735
482,736
140,737
583,737
29,738
414,738
637,738
43,740
135,741
420,742
2,744
12,745
198,746
8,748
288,749
167,751
2,752
104,752
195,752
736,752
658,754
2,755
19,756
8,757
245,757
596,757
21,758
56,761
233,763
283,764
179,769
699,769
31,770
184,770
244,771
76,775
634,775
325,777
1,778
8,779
64,779
554,779
49,780
276,780
12,783
19,785
245,790
268,790
166,794
2,795
21,795
55,798
0,799
12,799
111,800
60,803
216,803
395,803
184,806
3,807
2,808
138,808
307,808
315,808
60,809
0,810
206,811
279,813
447,813
8,814
93,817
2,819
8,821
108,821
498,821
176,823
189,823
268,823
8,824
184,824
11,825
298,826
328,826
689,827
8,828
12,828
21,828
238,828
136,829
1,831
53,831
74,831
382,831
119,832
636,833
20,835
790,835
146,837
235,842
31,843
65,846
229,846
283,846
22,847
629,847
4,850
191,850
43,851
473,852
513,852
517,853
538,853
736,853
191,854
395,854
712,855
99,859
184,859
98,860
601,860
0,861
605,864
8,865
64,866
436,866
204,867
1,868
186,869
508,870
34,871
0,872
288,875
283,880
808,880
633,881
866,881
193,882
5,883
199,883
231,883
36,890
49,892
216,892
420,892
3,893
711,894
860,894
414,895
77,897
353,897
7,899
414,900
29,901
22,902
213,903
273,903
47,904
328,904
282,905
634,905
55,906
541,906
184,907
627,908
19,909
31,914
893,914
807,915
306,917
155,918
391,919
8,920
645,920
379,923
2,925
229,925
727,925
543,926
110,927
2,928
64,928
11,929
487,930
554,930
4,931
406,933
704,933
779,933
29,934
314,934
414,934
846,934
19,935
22,936
187,936
528,937
449,938
2,939
914,939
371,941
231,942
298,942
29,943
298,944
60,945
11,946
108,946
136,947
348,948
725,948
337,949
616,949
323,950
392,951
676,953
8,955
2,956
87,957
915,957
393,958
252,960
325,962
111,964
853,964
29,965
203,965
865,965
55,966
11,967
353,968
76,969
0,970
37,970
110,970
138,970
156,970
0,971
98,972
755,972
8,973
124,973
534,973
313,974
382,975
619,975
970,975
596,976
213,977
373,977
0,980
19,981
391,983
680,983
64,984
445,984
122,985
155,985
813,985
0,986
135,987
8,988
64,988
120,989
353,989
985,989
29,990
989,990
800,991
466,992
469,995
419,997
4,998
167,999
11,1000
53,1000
288,1001
489,1001
184,1007
349,1007
440,1007
508,1008
948,1008
689,1009
12,1010
162,1011
813,1011
155,1012
541,1012
621,1012
307,1013
64,1014
258,1014
390,1015
8,1016
236,1017
178,1020
87,1021
210,1022
550,1022
854,1022
101,1023
29,1024
99,1024
420,1024
627,1024
2,1025
7,1025
288,1025
420,1025
55,1027
640,1027
119,1028
287,1028
148,1031
193,1033
107,1034
467,1034
346,1039
11,1040
19,1044
148,1044
290,1044
616,1045
108,1047
1014,1047
76,1048
1,1049
31,1049
36,1051
119,1051
971,1052
854,1054
174,1055
616,1056
126,1057
632,1057
752,1057
351,1058
189,1060
1014,1060
248,1061
19,1063
139,1063
53,1064
47,1065
148,1065
219,1065
854,1065
268,1067
104,1068
134,1068
120,1069
191,1069
354,1069
601,1073
1060,1073
118,1074
137,1076
244,1079
420,1079
866,1079
658,1080
498,1081
550,1085
971,1085
11,1086
946,1088
467,1091
854,1091
1001,1091
548,1092
541,1093
0,1096
375,1100
508,1100
390,1104
868,1105
3,1107
212,1107
191,1109
652,1111
419,1112
383,1114
813,1114
630,1115
531,1119
0,1120
11,1120
56,1120
748,1122
7,1123
29,1124
76,1125
746,1125
1063,1125
64,1126
616,1126
8,1127
364,1127
50,1132
711,1132
2,1133
87,1133
21,1134
337,1134
464,1137
186,1138
282,1138
619,1138
303,1139
420,1139
799,1139
213,1140
375,1140
179,1141
328,1142
920,1142
119,1143
330,1143
1049,1144
1079,1144
28,1145
520,1146
814,1147
744,1148
971,1148
60,1149
53,1151
186,1151
53,1153
807,1153
31,1154
11,1155
799,1155
282,1156
183,1158
187,1161
290,1161
599,1161
1047,1162
99,1163
31,1165
56,1165
189,1166
379,1167
619,1167
846,1167
764,1168
1166,1168
29,1169
99,1169
21,1170
136,1171
198,1171
36,1172
77,1173
120,1174
21,1177
853,1177
1168,1177
108,1178
775,1178
1125,1178
755,1180
943,1180
489,1183
22,1184
37,1184
349,1185
651,1186
727,1186
21,1187
191,1188
313,1188
629,1191
991,1192
512,1194
321,1195
64,1196
951,1196
306,1198
984,1199
492,1201
65,1202
715,1202
11,1203
119,1207
1060,1208
498,1210
7,1211
245,1213
2,1214
60,1215
203,1215
0,1216
854,1217
276,1220
583,1221
134,1222
3,1223
8,1223
663,1223
101,1224
31,1226
230,1227
1,1228
949,1229
19,1231
155,1231
64,1232
1126,1233
104,1236
632,1239
416,1240
629,1240
29,1242
233,1242
344,1242
881,1242
90,1244
95,1245
11,1247
292,1248
440,1248
881,1251
37,1252
434,1252
1240,1252
8,1253
184,1253
558,1253
167,1254
292,1254
571,1254
415,1257
197,1259
285,1260
560,1261
1172,1262
489,1263
615,1265
1,1267
541,1268
18,1269
137,1269
2,1270
177,1270
341,1270
807,1270
184,1274
0,1276
612,1277
704,1277
101,1279
231,1279
709,1279
826,1279
22,1280
751,1281
93,1283
298,1283
2,1284
392,1284
36,1287
157,1287
541,1287
28,1288
478,1290
543,1291
77,1292
21,1293
356,1296
634,1296
280,1297
985,1297
1,1299
821,1299
86,1300
151,1300
451,1300
440,1303
958,1305
872,1306
2,1310
1132,1310
29,1312
1305,1314
8,1316
148,1316
20,1318
310,1318
56,1322
314,1322
1196,1324
2,1325
29,1326
31,1326
353,1326
1093,1326
538,1328
1166,1328
198,1329
410,1331
794,1331
854,1332
663,1333
283,1335
1270,1335
5,1337
583,1338
113,1339
111,1340
717,1340
831,1340
148,1341
1326,1341
1,1343
43,1344
559,1345
3,1347
711,1349
101,1350
1216,1350
541,1351
554,1351
31,1354
854,1354
41,1355
342,1356
382,1356
155,1358
3,1359
1052,1359
1091,1359
1270,1359
2,1360
5,1361
12,1361
1057,1361
7,1363
485,1364
800,1364
18,1365
397,1366
420,1366
11,1368
5,1369
108,1369
338,1369
472,1369
11,1370
184,1370
0,1371
199,1371
740,1371
828,1371
11,1372
498,1372
11,1373
498,1375
182,1378
240,1381
990,1382
36,1383
274,1383
1332,1384
213,1385
950,1385
8,1386
253,1386
895,1387
25,1393
136,1393
11,1395
237,1395
634,1397
828,1400
5,1401
828,1403
1253,1404
1014,1405
550,1407
550,1408
1023,1410
29,1411
21,1412
1148,1412
313,1414
451,1414
8,1415
550,1417
286,1418
230,1419
666,1419
126,1422
354,1422
698,1422
1034,1422
21,1423
41,1423
854,1424
869,1424
148,1425
328,1425
675,1425
1425,1426
90,1428
382,1429
0,1430
98,1430
892,1431
349,1432
136,1435
630,1436
300,1437
98,1438
288,1438
1203,1438
29,1439
170,1439
245,1440
868,1445
1024,1445
31,1449
298,1449
191,1450
197,1451
667,1451
37,1452
3,1453
252,1453
55,1454
468,1455
689,1455
21,1456
49,1456
355,1458
923,1458
1024,1459
268,1460
29,1461
1270,1463
596,1466
755,1467
948,1467
1223,1467
550,1468
596,1468
56,1469
632,1469
65,1470
757,1470
44,1471
56,1471
1270,1471
1371,1471
98,1474
259,1474
394,1476
975,1476
3,1477
1025,1477
933,1479
22,1480
1133,1480
1231,1480
135,1482
632,1482
5,1484
4,1485
20,1485
213,1487
1124,1487
259,1488
375,1488
120,1489
632,1489
310,1490
946,1491
191,1492
189,1494
485,1495
490,1496
827,1497
21,1499
90,1499
247,1500
576,1501
901,1502
681,1504
11,1505
384,1505
489,1505
288,1506
1439,1506
393,1507
1496,1508
101,1509
290,1509
64,1510
629,1510
1378,1511
484,1516
1063,1516
525,1518
126,1519
244,1520
706,1520
711,1524
1057,1524
213,1525
1247,1527
553,1528
393,1530
826,1530
138,1532
156,1533
179,1535
1287,1535
508,1536
621,1536
288,1538
270,1539
1524,1539
485,1541
64,1543
11,1545
169,1545
189,1545
627,1545
2,1546
8,1546
1252,1547
1203,1548
19,1551
65,1551
1326,1552
3,1553
176,1553
29,1554
306,1555
341,1555
421,1556
1299,1556
286,1557
894,1557
246,1558
1395,1559
1456,1559
493,1560
2,1561
304,1561
11,1563
819,1564
8,1565
881,1565
956,1566
2,1567
21,1567
572,1569
56,1571
189,1571
1069,1571
259,1572
135,1573
170,1574
76,1578
259,1578
280,1579
47,1581
189,1582
1364,1582
790,1583
2,1584
1,1585
1329,1585
1024,1586
717,1587
1270,1587
5,1588
4,1589
704,1589
1211,1590
1482,1590
0,1592
1251,1592
714,1594
140,1595
237,1595
893,1597
101,1598
184,1598
602,1599
930,1599
4,1600
20,1600
25,1601
1527,1602
119,1606
1027,1607
1034,1608
1599,1608
31,1610
139,1612
632,1613
1279,1613
779,1614
145,1615
137,1616
1312,1616
134,1617
1527,1618
500,1620
906,1620
485,1622
933,1622
3,1624
29,1624
6,1626
174,1626
303,1626
633,1626
1151,1628
21,1629
1199,1630
1425,1632
1535,1632
1449,1634
1,1637
487,1637
741,1637
65,1638
122,1638
44,1639
187,1639
1356,1640
90,1641
183,1641
2,1642
298,1642
328,1642
660,1644
1597,1646
1227,1647
1291,1648
11,1649
2,1650
11,1650
1545,1650
90,1651
709,1652
288,1653
1161,1653
298,1654
1322,1654
1639,1654
1,1655
288,1655
313,1656
942,1656
0,1658
381,1660
583,1660
135,1661
950,1661
2,1664
160,1664
1497,1667
290,1668
322,1669
697,1669
274,1670
573,1670
854,1671
1637,1671
1337,1673
36,1674
101,1674
640,1674
3,1677
65,1678
946,1678
37,1681
1470,1681
583,1683
87,1685
1543,1687
21,1688
281,1688
1660,1688
660,1689
735,1689
1370,1689
1025,1690
137,1691
270,1696
328,1696
126,1697
640,1697
236,1698
29,1699
663,1699
5,1700
3,1701
752,1703
1439,1704
2,1705
184,1708
124,1710
850,1710
1364,1710
98,1712
1068,1712
124,1714
1368,1714
286,1716
98,1717
872,1719
245,1720
850,1720
101,1721
683,1721
950,1726
1463,1726
351,1731
392,1732
3,1736
21,1739
236,1739
31,1740
186,1740
118,1742
1270,1743
420,1745
1300,1745
126,1746
576,1746
315,1747
1096,1749
21,1750
201,1752
201,1753
406,1753
1262,1754
65,1755
1371,1755
111,1756
1022,1756
11,1757
558,1757
98,1758
1284,1758
313,1760
443,1761
649,1761
182,1762
414,1762
199,1763
381,1763
476,1763
34,1766
540,1766
633,1766
727,1766
1395,1767
298,1768
744,1769
1761,1769
50,1770
351,1770
1589,1774
12,1776
558,1777
980,1777
1155,1777
866,1779
1119,1779
1,1781
293,1781
570,1781
621,1781
53,1784
276,1784
177,1786
21,1789
0,1790
1,1790
489,1790
640,1790
1638,1790
970,1791
432,1792
41,1794
60,1794
1047,1795
304,1796
491,1796
928,1796
1162,1796
1060,1799
304,1801
3,1802
104,1804
207,1804
293,1804
1217,1804
1700,1804
989,1807
440,1808
572,1808
177,1809
438,1810
60,1812
1393,1816
179,1817
1790,1817
1269,1821
980,1823
8,1824
136,1824
936,1824
1,1825
283,1825
928,1826
1505,1826
10,1827
835,1827
1364,1830
1,1831
174,1831
31,1832
129,1832
370,1832
122,1833
155,1833
973,1833
1685,1835
736,1836
11,1837
20,1837
393,1838
366,1839
1297,1839
98,1842
538,1842
120,1843
298,1845
619,1845
1316,1846
110,1847
286,1847
1064,1848
6,1849
596,1849
2,1850
298,1852
1210,1852
1717,1852
1169,1853
847,1856
970,1856
11,1858
1133,1860
31,1861
639,1861
660,1863
1674,1863
19,1866
1639,1866
266,1867
1133,1867
1652,1867
346,1868
451,1868
188,1869
19,1872
520,1872
691,1873
1781,1874
1656,1876
87,1879
5,1881
328,1881
717,1881
1139,1881
134,1882
1721,1882
1299,1883
2,1884
716,1885
74,1886
259,1886
1333,1886
136,1887
970,1888
1757,1889
391,1890
881,1890
1299,1890
673,1891
757,1891
1371,1892
1,1894
8,1894
341,1894
1436,1894
1506,1894
1845,1894
585,1896
283,1898
1147,1900
113,1901
217,1901
846,1901
1554,1901
139,1902
189,1902
616,1902
8,1903
0,1904
1151,1904
554,1906
709,1909
737,1910
868,1911
593,1912
1,1914
824,1915
19,1916
934,1917
615,1919
757,1919
1024,1920
245,1924
596,1925
0,1926
77,1926
420,1926
393,1927
119,1928
176,1928
984,1928
1068,1928
1169,1929
1618,1931
179,1932
283,1932
1500,1932
198,1933
287,1933
1142,1933
2,1935
157,1936
666,1937
727,1937
337,1938
614,1938
627,1940
975,1940
1242,1942
166,1943
464,1943
1,1944
60,1944
139,1944
852,1944
1571,1944
36,1946
807,1946
576,1948
98,1949
1079,1950
1161,1950
5,1953
934,1954
1100,1954
1790,1954
2,1958
104,1959
528,1959
1162,1959
2,1960
553,1961
241,1962
341,1962
487,1962
632,1964
1263,1966
5,1967
1640,1969
21,1970
1714,1971
461,1972
1642,1972
112,1973
268,1974
2,1975
22,1975
854,1975
237,1976
466,1976
21,1977
1207,1977
19,1978
379,1978
619,1978
259,1979
466,1979
1497,1981
456,1982
1169,1982
2,1984
1660,1986
84,1989
342,1989
1882,1991
219,1992
122,1993
325,1993
964,1993
107,1997
1564,1997
161,2000
714,2000
1299,2002
21,2004
50,2005
155,2007
1431,2007
1174,2008
53,2009
1592,2009
186,2010
199,2012
1456,2012
124,2014
501,2014
498,2016
1174,2016
1057,2017
712,2018
288,2019
709,2019
146,2020
1810,2020
758,2021
493,2022
1127,2022
1480,2023
53,2024
652,2024
166,2025
229,2026
236,2026
288,2026
826,2026
136,2028
98,2029
866,2029
1530,2029
140,2030
716,2030
1,2031
31,2031
1784,2031
137,2032
854,2033
5,2034
11,2034
53,2037
440,2037
548,2040
29,2045
169,2046
246,2046
165,2047
313,2047
550,2048
1926,2048
985,2049
7,2050
137,2051
3,2052
244,2052
172,2053
365,2053
1497,2053
23,2055
1306,2055
276,2056
1331,2058
194,2059
189,2060
231,2060
1051,2062
8,2063
1975,2063
2046,2063
140,2064
1647,2067
210,2068
5,2069
1436,2070
1656,2070
1024,2072
283,2073
1736,2081
1849,2081
8,2082
34,2082
875,2082
126,2084
865,2084
756,2085
37,2087
64,2088
171,2093
541,2098
1065,2098
41,2103
666,2103
615,2104
393,2107
1697,2108
56,2109
213,2110
824,2110
349,2113
1485,2113
58,2114
640,2114
37,2115
1057,2116
23,2118
1739,2118
771,2120
107,2122
1279,2123
126,2124
1000,2125
1297,2126
1632,2126
4,2127
233,2127
3,2128
192,2128
2029,2128
232,2130
1370,2130
191,2132
1681,2132
64,2136
110,2137
1063,2138
29,2141
1229,2143
122,2144
543,2144
1450,2145
2,2146
1685,2146
1364,2148
60,2149
1599,2150
247,2151
484,2151
926,2151
19,2152
2026,2152
50,2153
259,2155
1025,2155
31,2156
236,2158
1426,2159
1,2160
11,2160
98,2160
714,2160
2026,2164
478,2165
572,2166
1057,2166
1569,2168
2128,2169
640,2171
19,2173
137,2173
1139,2173
1370,2173
1079,2174
98,2176
314,2176
1460,2177
8,2178
424,2179
1316,2179
1091,2181
108,2183
1231,2183
2024,2183
395,2185
86,2186
213,2186
217,2186
846,2186
1403,2186
600,2188
1354,2188
2173,2189
414,2192
1231,2192
235,2195
989,2195
1533,2195
1,2197
107,2197
827,2197
2,2199
136,2199
1602,2199
287,2200
490,2200
683,2203
2,2204
2024,2205
5,2207
596,2207
342,2208
2,2209
184,2209
1142,2212
136,2215
2029,2215
501,2216
298,2217
1223,2217
136,2220
1306,2220
11,2221
21,2221
21,2222
203,2222
943,2222
1674,2224
1196,2225
827,2226
1328,2226
687,2227
673,2228
1012,2228
1993,2229
87,2230
393,2231
737,2232
1145,2233
1966,2233
390,2234
508,2234
1120,2235
98,2237
866,2237
807,2238
854,2238
1262,2239
1287,2242
2026,2242
98,2244
1162,2245
1480,2245
276,2246
184,2247
1533,2247
382,2248
1807,2248
1827,2248
540,2250
1602,2250
286,2253
942,2253
1799,2254
920,2255
1047,2255
11,2257
113,2260
814,2261
1688,2262
934,2263
19,2264
1962,2264
246,2265
400,2265
970,2265
186,2266
60,2267
139,2267
187,2267
1477,2267
21,2268
98,2268
28,2269
165,2269
315,2273
43,2274
246,2274
384,2275
528,2275
136,2277
1292,2280
541,2281
615,2281
1520,2281
1216,2283
8,2284
136,2284
485,2284
1024,2284
1997,2284
184,2285
337,2286
2025,2287
313,2291
513,2291
1025,2292
18,2295
3,2296
64,2296
2250,2296
615,2300
2228,2300
155,2302
364,2302
99,2303
689,2303
1598,2303
60,2304
2185,2304
307,2305
420,2305
136,2308
1507,2308
928,2309
1226,2310
1697,2312
1180,2313
2179,2313
1920,2314
55,2315
486,2315
1546,2317
246,2318
1166,2318
451,2320
98,2322
21,2323
400,2323
1188,2325
1799,2326
25,2327
2031,2327
1620,2329
23,2331
56,2331
214,2331
20,2332
1670,2332
0,2333
748,2333
5,2335
189,2335
21,2336
8,2337
2238,2337
1974,2338
2084,2338
29,2339
99,2339
1453,2340
19,2342
1993,2342
1074,2343
1383,2344
872,2348
8,2349
174,2351
1451,2351
1497,2351
2244,2351
599,2352
1746,2352
629,2355
1184,2356
712,2358
11,2360
671,2360
1551,2360
1902,2363
2199,2363
36,2365
101,2365
0,2366
752,2368
1463,2370
715,2373
680,2374
2302,2374
37,2375
919,2377
230,2378
1767,2379
2379,2380
241,2381
1361,2381
23,2382
1100,2382
55,2383
469,2383
1548,2383
400,2385
1168,2385
19,2387
139,2387
137,2388
136,2389
236,2390
923,2390
1202,2392
2,2395
293,2395
1866,2395
2,2397
2018,2397
2059,2398
31,2400
2351,2400
20,2402
303,2402
2250,2404
378,2407
29,2408
124,2408
87,2409
1231,2410
1602,2410
1920,2410
1847,2411
206,2412
1599,2412
2281,2412
64,2413
1045,2415
84,2417
1033,2419
2284,2419
1928,2421
419,2422
1194,2422
1849,2423
1125,2424
23,2425
136,2425
585,2427
1008,2428
1872,2428
1,2430
19,2431
859,2431
179,2434
1326,2434
1,2435
8,2436
498,2436
8,2437
572,2437
1876,2437
5,2438
559,2439
137,2446
583,2446
800,2446
1582,2448
11,2449
1326,2451
377,2452
19,2453
2098,2454
892,2455
351,2457
20,2459
498,2459
1927,2463
353,2466
824,2467
2025,2467
2020,2468
2031,2468
31,2469
151,2469
920,2470
957,2471
2,2472
137,2474
666,2474
111,2475
2360,2475
256,2477
711,2477
1587,2477
1326,2480
76,2481
520,2481
25,2482
1202,2482
281,2483
928,2483
151,2484
283,2486
8,2487
29,2487
2215,2487
1114,2488
1231,2488
1652,2488
1925,2489
639,2491
1024,2491
1125,2492
510,2493
283,2494
715,2494
450,2495
2286,2499
1497,2500
491,2504
1361,2504
29,2506
596,2506
1468,2506
1571,2508
980,2509
1201,2510
219,2511
1578,2512
53,2513
1326,2513
1642,2517
1977,2518
5,2519
2389,2519
2286,2520
169,2522
615,2522
136,2527
850,2527
2495,2527
1561,2528
2265,2528
1648,2529
615,2531
1423,2533
21,2534
2268,2534
1655,2537
2186,2537
29,2539
966,2539
155,2540
1449,2540
442,2541
199,2543
4,2544
1297,2544
49,2545
827,2546
98,2547
1978,2547
1371,2551
1400,2552
1817,2552
2045,2552
2284,2553
101,2554
1488,2559
1287,2560
2221,2561
1100,2564
629,2568
1419,2569
1467,2569
80,2574
286,2576
1456,2577
98,2578
1325,2579
1482,2581
2388,2582
11,2585
2116,2585
846,2586
974,2586
2483,2587
235,2588
1253,2588
4,2590
22,2591
469,2592
11,2593
2561,2593
298,2594
111,2596
183,2596
1717,2596
2110,2596
691,2597
1403,2597
541,2598
550,2598
2586,2600
189,2601
355,2601
414,2601
615,2601
397,2604
1058,2604
1579,2604
1959,2604
2302,2605
715,2608
8,2614
934,2614
2222,2614
178,2616
8,2617
285,2617
854,2618
1559,2618
2055,2618
124,2621
667,2621
717,2621
1509,2622
1914,2622
1629,2623
2109,2623
419,2626
1647,2628
189,2634
390,2637
895,2637
55,2639
466,2640
291,2642
393,2642
1056,2642
485,2643
140,2644
489,2644
120,2646
1978,2648
19,2650
1355,2651
80,2652
191,2652
699,2652
606,2653
8,2654
614,2655
31,2657
74,2658
1168,2659
2217,2659
583,2660
948,2660
0,2661
315,2661
2024,2662
2410,2662
426,2665
1328,2665
99,2666
1644,2666
64,2667
1165,2668
1326,2668
2068,2668
1578,2669
7,2672
394,2672
660,2672
310,2673
1045,2673
1898,2674
2495,2674
837,2676
5,2678
920,2679
76,2680
119,2680
1,2681
1253,2681
397,2682
1455,2682
156,2684
1458,2687
997,2688
1901,2690
1,2691
20,2692
1188,2693
735,2694
365,2695
2109,2695
2644,2695
191,2696
279,2697
543,2698
77,2699
1177,2699
2,2702
2370,2703
1269,2704
337,2705
675,2705
8,2708
1076,2715
414,2716
4,2718
281,2718
283,2718
2018,2718
1216,2719
8,2721
138,2722
353,2722
119,2723
176,2723
1506,2724
1757,2725
1435,2727
948,2729
2723,2729
1344,2730
29,2732
259,2732
378,2732
190,2733
2215,2734
1720,2735
2652,2737
93,2739
11,2740
176,2741
1422,2741
53,2742
2676,2742
1978,2743
2594,2743
821,2744
1,2745
2358,2747
145,2751
621,2751
298,2755
619,2758
1180,2760
400,2762
2661,2763
2171,2764
7,2767
456,2768
493,2768
99,2770
755,2771
148,2776
1231,2777
1404,2777
235,2778
23,2781
866,2781
1231,2781
2695,2781
2705,2781
137,2782
734,2783
2400,2785
21,2786
423,2786
872,2786
50,2787
541,2787
831,2790
313,2791
1777,2791
8,2792
1326,2792
1335,2792
8,2793
7,2794
2082,2796
2654,2797
660,2799
351,2800
2741,2801
440,2803
867,2803
1940,2803
2430,2803
137,2804
176,2804
2115,2804
1827,2805
2,2806
31,2808
156,2808
716,2808
2724,2808
391,2809
1456,2813
43,2815
349,2815
426,2815
541,2815
74,2816
2,2818
1809,2821
2454,2822
98,2824
472,2825
2781,2827
186,2828
341,2828
60,2829
77,2829
328,2829
11,2831
104,2831
1162,2831
0,2832
11,2832
283,2832
351,2832
11,2833
1093,2833
634,2835
2790,2835
176,2837
2304,2838
2484,2838
2833,2838
1202,2839
1178,2840
1172,2843
80,2846
112,2849
881,2849
1660,2851
193,2852
865,2854
1052,2854
1536,2854
640,2856
2541,2856
325,2858
1007,2859
1489,2859
1579,2860
136,2862
466,2862
625,2863
846,2863
2614,2864
196,2865
293,2865
11,2866
1578,2866
397,2867
405,2867
1553,2867
2577,2868
2188,2869
1992,2871
1653,2873
2744,2875
101,2876
1810,2876
440,2878
691,2878
2859,2878
231,2879
184,2881
1074,2881
1217,2881
2302,2881
1602,2883
29,2885
50,2885
200,2886
612,2886
187,2887
1328,2888
22,2890
155,2890
1508,2890
104,2891
960,2891
1015,2891
1047,2891
2791,2891
1,2893
119,2893
491,2893
1920,2894
375,2895
541,2896
1516,2896
1141,2898
824,2899
1203,2900
872,2902
2397,2902
2639,2902
920,2904
8,2905
198,2905
1629,2905
2902,2905
314,2907
920,2907
580,2908
126,2909
1332,2909
2854,2909
241,2910
2302,2910
1370,2914
2082,2914
2849,2914
472,2915
2537,2915
2781,2915
957,2916
2072,2918
189,2922
1142,2922
101,2924
903,2925
2007,2925
259,2926
1551,2927
1654,2928
176,2929
355,2929
2151,2929
11,2931
151,2932
98,2935
184,2935
8,2937
632,2937
176,2939
1369,2941
1791,2941
2025,2943
2207,2943
1452,2944
614,2945
1411,2946
975,2954
2303,2954
990,2957
1139,2957
170,2958
808,2958
29,2959
107,2960
663,2960
171,2968
423,2968
1265,2971
1661,2971
379,2972
411,2972
2,2973
2815,2975
1014,2978
1671,2978
2644,2978
487,2979
671,2979
189,2981
31,2982
183,2983
2,2984
1901,2984
1091,2985
1518,2987
2469,2988
0,2990
169,2991
950,2992
122,2994
853,2994
1231,2994
136,2995
186,2995
890,2996
2866,2997
2931,2997
1962,2998
8,2999
283,2999
134,3000
548,3000
419,3001
19,3003
715,3004
1326,3008
1821,3008
1012,3011
8,3012
1024,3014
833,3016
286,3017
55,3018
136,3020
8,3021
2373,3021
558,3022
207,3025
712,3025
2878,3026
1763,3028
21,3029
1183,3029
2230,3030
2267,3030
859,3031
1060,3031
136,3032
1,3034
1704,3035
29,3037
349,3038
2,3039
182,3039
191,3039
137,3040
2267,3040
170,3042
21,3044
256,3045
819,3047
1587,3047
60,3048
190,3050
1045,3052
2,3055
420,3055
424,3055
50,3057
314,3057
548,3057
2,3059
2046,3061
213,3062
777,3063
1000,3063
1470,3064
1,3066
2972,3066
1024,3068
1863,3068
2110,3068
22,3070
1253,3070
384,3071
377,3072
2315,3072
238,3073
140,3083
572,3085
1341,3086
191,3088
3,3089
108,3093
286,3094
256,3095
1435,3095
1451,3095
2854,3095
171,3096
2029,3096
906,3097
2018,3097
1093,3098
811,3100
140,3101
2519,3101
1966,3103
583,3104
934,3104
3097,3105
8,3106
2992,3106
11,3109
176,3110
1565,3110
1919,3110
3040,3111
1,3112
53,3113
2267,3113
196,3114
21,3115
1853,3115
2103,3115
199,3116
2267,3116
393,3117
928,3117
1500,3117
1648,3117
101,3118
2751,3118
7,3119
213,3119
1997,3120
169,3122
391,3122
869,3123
2284,3124
1967,3126
411,3127
777,3127
236,3128
328,3129
660,3129
1368,3130
1886,3131
2586,3131
12,3132
197,3134
2528,3137
1639,3138
2437,3138
36,3139
77,3139
1134,3140
286,3141
1505,3141
1940,3141
166,3143
2304,3143
213,3145
198,3149
80,3150
630,3150
1962,3150
351,3151
1,3153
136,3154
189,3154
283,3154
1068,3154
11,3155
985,3155
179,3156
817,3156
77,3157
3021,3157
283,3158
146,3160
351,3160
3055,3162
835,3163
1926,3165
2454,3165
2207,3166
378,3168
1539,3168
3126,3169
341,3170
11,3171
2868,3172
500,3173
751,3173
494,3175
29,3176
47,3176
1440,3176
283,3177
3104,3177
101,3178
5,3179
2034,3179
11,3180
288,3180
1403,3180
942,3183
1227,3183
303,3186
381,3186
176,3187
0,3188
1220,3188
1489,3188
37,3189
129,3189
8,3191
86,3191
1639,3191
2,3192
283,3192
1335,3193
1739,3194
29,3197
2320,3197
2695,3198
124,3199
1051,3199
2356,3199
1231,3203
2,3205
949,3205
2,3206
928,3206
667,3207
661,3209
975,3209
1535,3209
2250,3209
136,3210
1607,3210
3123,3211
1516,3212
489,3213
905,3214
485,3220
19,3221
872,3221
136,3222
3129,3222
551,3223
1025,3223
2215,3223
2179,3224
60,3226
2691,3226
60,3227
1202,3229
77,3231
1335,3231
101,3232
4,3233
541,3233
18,3236
975,3237
909,3238
1403,3238
1639,3238
534,3240
2192,3240
179,3242
1776,3242
596,3244
1,3245
2186,3245
2617,3245
113,3248
8,3249
450,3249
903,3249
2454,3249
298,3250
393,3251
11,3252
134,3252
744,3252
1639,3252
550,3253
1155,3256
238,3258
1969,3258
2528,3260
1950,3262
2063,3262
826,3263
2534,3263
189,3264
828,3264
1068,3264
281,3265
2791,3265
1466,3266
1781,3266
2622,3266
98,3268
1025,3269
2813,3271
509,3274
1410,3275
543,3276
119,3278
3154,3278
212,3279
256,3279
426,3280
990,3280
3073,3281
372,3283
728,3283
2151,3283
233,3286
2411,3287
905,3288
138,3290
237,3290
1165,3292
869,3293
2477,3293
970,3294
1386,3295
1649,3295
2085,3295
723,3297
3083,3299
87,3300
894,3301
2412,3301
41,3304
1223,3305
619,3306
1925,3306
283,3307
2691,3307
416,3308
1685,3308
392,3309
854,3309
947,3310
19,3312
420,3312
3275,3313
31,3314
1451,3314
677,3315
19,3317
1599,3318
21,3320
1589,3321
190,3323
258,3323
2618,3323
29,3328
113,3330
179,3330
2,3331
1969,3332
1168,3333
1687,3333
3004,3333
3250,3334
835,3336
379,3337
1363,3337
136,3338
1726,3338
65,3340
464,3340
615,3340
1527,3340
1253,3342
1894,3342
31,3343
98,3344
2178,3344
3308,3344
989,3346
322,3347
1385,3348
298,3349
1199,3349
1784,3349
1954,3349
11,3350
2176,3351
3223,3351
167,3353
1469,3354
2412,3355
3183,3355
0,3358
43,3358
2335,3359
77,3361
755,3363
50,3364
1496,3364
1656,3365
2985,3365
1139,3366
1842,3366
3275,3366
3336,3368
288,3369
1356,3369
23,3370
19,3371
129,3372
2608,3372
1799,3373
3231,3373
259,3374
370,3374
3364,3376
1122,3377
98,3378
2587,3378
167,3381
1299,3387
627,3389
60,3391
2137,3391
286,3392
881,3392
2719,3393
196,3394
752,3395
95,3398
2898,3398
52,3401
213,3401
2678,3403
3028,3405
93,3406
576,3406
60,3407
426,3407
258,3408
621,3408
1188,3409
2803,3409
120,3412
1069,3415
2474,3416
2665,3416
498,3418
2370,3419
946,3421
949,3421
508,3422
55,3423
1318,3427
11,3431
170,3432
2813,3432
2481,3433
1328,3437
2493,3439
212,3440
248,3441
2244,3441
3238,3441
98,3443
853,3443
65,3444
1022,3446
350,3447
3188,3447
0,3449
2365,3449
2518,3449
314,3451
558,3451
5,3453
37,3453
466,3453
3205,3453
187,3454
405,3455
5,3456
135,3456
1799,3456
65,3458
155,3458
8,3460
199,3465
2063,3465
831,3466
2018,3466
2064,3466
464,3467
2176,3467
426,3468
472,3469
790,3469
1732,3469
186,3470
245,3470
182,3471
1328,3471
107,3472
124,3472
419,3472
3353,3473
3432,3473
1124,3474
315,3475
2492,3475
1510,3477
24,3479
658,3479
1,3480
184,3481
11,3483
1842,3484
31,3486
2618,3486
2454,3488
2,3491
1499,3491
11,3492
2412,3493
21,3494
198,3496
3229,3497
236,3498
494,3498
2,3499
1661,3500
136,3501
717,3501
3017,3501
3,3502
1074,3503
2284,3503
2614,3503
203,3504
2392,3505
681,3506
1639,3507
56,3508
1215,3508
2849,3509
2048,3510
1979,3513
213,3514
8,3515
1188,3515
984,3516
186,3517
489,3519
3129,3519
184,3520
355,3521
122,3522
616,3523
725,3523
2988,3523
231,3524
3229,3524
3039,3526
107,3527
740,3529
31,3530
854,3532
3523,3533
420,3536
1927,3536
2705,3537
391,3538
393,3538
1685,3538
1133,3539
1541,3539
2601,3539
2954,3539
3047,3541
140,3542
869,3542
21,3543
65,3545
1276,3547
1419,3547
794,3548
761,3549
2250,3549
2268,3549
2722,3549
268,3551
2604,3551
325,3552
3045,3553
491,3554
2533,3556
1626,3557
3035,3557
0,3558
725,3558
121,3560
872,3561
502,3562
1207,3563
1242,3563
2945,3565
490,3566
2286,3566
627,3567
2227,3568
3129,3568
134,3569
203,3569
728,3569
167,3570
169,3572
519,3572
18,3573
108,3575
1024,3576
140,3577
1937,3583
237,3585
2284,3585
19,3589
135,3589
675,3589
137,3590
393,3590
137,3591
2658,3593
997,3596
191,3597
1670,3598
2808,3598
29,3600
283,3601
287,3601
2568,3602
3220,3603
77,3604
60,3605
379,3605
155,3606
440,3608
2016,3608
950,3609
3245,3609
677,3610
751,3611
29,3613
2601,3619
799,3620
65,3621
508,3621
155,3622
1712,3622
1183,3625
868,3626
395,3628
2771,3628
2,3629
1469,3629
3479,3629
1247,3630
19,3632
5,3633
29,3634
176,3635
3573,3635
137,3636
136,3637
1335,3637
1506,3637
0,3641
543,3641
554,3641
5,3642
813,3642
423,3643
2705,3643
1173,3644
1667,3644
304,3646
3591,3646
2031,3647
29,3649
928,3649
1582,3649
1989,3650
632,3654
1287,3654
3221,3655
573,3656
8,3658
1790,3658
1469,3659
1052,3660
1057,3660
2,3663
614,3664
920,3665
0,3666
303,3667
2024,3667
281,3668
98,3671
166,3671
2668,3672
29,3673
1177,3674
1527,3674
3552,3674
21,3675
24,3675
397,3676
1824,3676
1279,3677
3636,3679
585,3680
1885,3681
1134,3683
1,3684
8,3684
341,3684
0,3685
1975,3685
1790,3686
3096,3686
2103,3687
108,3689
138,3689
1714,3690
21,3691
3503,3691
162,3694
1371,3695
2392,3701
189,3702
3,3703
893,3703
3515,3703
77,3704
1240,3704
246,3709
7,3713
77,3714
935,3714
2395,3716
883,3717
3529,3717
280,3721
0,3722
676,3724
2594,3724
757,3730
184,3732
12,3734
984,3734
2694,3734
2,3736
3499,3738
1147,3739
2049,3739
2254,3741
393,3742
984,3742
1162,3745
1817,3746
11,3747
950,3748
142,3749
31,3750
1553,3750
31,3751
1254,3752
943,3753
1449,3753
3129,3753
3,3756
99,3756
2385,3757
2185,3758
3240,3758
1656,3759
3340,3761
138,3762
2409,3762
972,3763
138,3766
1560,3766
139,3768
3294,3768
19,3769
1468,3769
2179,3770
1602,3771
1779,3771
2520,3771
440,3772
1,3773
8,3773
3766,3773
1667,3774
3103,3774
11,3776
2437,3777
850,3778
2,3780
236,3780
3381,3780
167,3781
3519,3781
661,3782
1919,3782
11,3784
2025,3785
1178,3786
1753,3786
2692,3786
3433,3786
528,3787
785,3787
1506,3787
1510,3787
246,3789
1781,3789
1453,3790
119,3792
1335,3793
1802,3793
11,3798
2699,3798
1755,3804
498,3806
1001,3806
1578,3807
120,3808
1792,3808
1460,3810
1732,3810
1919,3810
3301,3810
2957,3812
2768,3816
3171,3816
3238,3817
3468,3817
847,3819
3063,3819
1091,3822
2268,3823
0,3824
3409,3824
777,3825
1970,3825
3500,3825
3039,3828
3057,3828
1057,3829
3312,3829
440,3831
881,3831
11,3834
846,3834
2046,3835
1,3837
2,3837
808,3837
12,3838
3209,3838
183,3841
356,3841
1656,3841
962,3842
1943,3842
1178,3846
20,3847
3398,3848
1145,3851
1056,3852
1885,3852
1699,3853
411,3854
120,3856
232,3856
435,3857
0,3860
383,3860
101,3861
2735,3862
397,3863
3471,3863
1,3865
166,3865
1480,3866
136,3867
65,3868
3629,3870
1242,3871
3474,3871
193,3873
3605,3873
21,3875
110,3875
2303,3875
880,3877
19,3878
2363,3878
3630,3878
949,3879
107,3880
1796,3881
3264,3881
176,3882
189,3882
1161,3883
213,3884
915,3884
1779,3885
2781,3888
318,3889
298,3890
3008,3891
20,3892
98,3892
3888,3893
930,3894
1370,3894
390,3897
98,3898
426,3898
1644,3898
2815,3898
20,3901
1326,3901
98,3903
2867,3903
1,3904
101,3905
137,3906
2144,3906
355,3909
419,3910
3394,3912
632,3913
108,3914
2,3915
3394,3915
29,3917
3249,3917
2305,3919
864,3920
2446,3920
494,3921
241,3923
2511,3923
198,3924
420,3925
614,3927
1207,3927
5,3930
831,3930
426,3933
29,3934
235,3934
893,3934
1453,3934
1571,3934
2148,3935
1753,3939
55,3942
134,3942
1,3943
314,3945
1757,3948
197,3950
198,3950
1,3954
629,3954
892,3954
823,3955
101,3957
2849,3957
186,3959
826,3960
851,3961
60,3963
88,3966
800,3968
2960,3968
3768,3969
167,3970
1565,3971
908,3972
1681,3973
3469,3974
237,3975
630,3975
489,3976
598,3976
926,3976
20,3978
3398,3979
570,3980
7,3981
405,3982
612,3983
980,3984
3829,3984
176,3986
1326,3987
689,3988
5,3989
393,3989
534,3991
2428,3992
3817,3992
287,3993
21,3994
138,3995
186,3995
1162,3996
1602,3996
2344,3996
20,3998
2109,3998
2,4000
1572,4002
872,4003
3321,4004
1055,4006
1000,4007
640,4010
1064,4010
3022,4010
3431,4010
371,4011
1202,4011
2,4012
355,4012
508,4014
1756,4014
1047,4015
191,4016
2737,4016
3503,4016
719,4017
860,4017
2302,4017
11,4018
1432,4018
53,4019
60,4019
139,4019
450,4020
155,4021
1,4022
2360,4023
3286,4023
3523,4024
77,4025
199,4026
3118,4026
2799,4027
353,4028
917,4028
1247,4028
2531,4028
1,4029
553,4030
698,4032
632,4033
126,4036
246,4036
482,4036
850,4036
1592,4036
321,4038
1688,4038
353,4039
8,4040
122,4040
1460,4040
3984,4040
2695,4043
22,4045
1602,4046
1836,4046
2594,4046
169,4048
189,4049
470,4052
49,4053
580,4053
1962,4054
2156,4054
8,4055
2268,4055
3608,4055
828,4056
1756,4056
420,4057
471,4058
346,4063
1007,4063
3852,4064
3889,4064
184,4065
1247,4065
2103,4066
65,4067
2827,4067
2768,4068
3523,4069
2025,4070
1863,4071
3842,4071
2518,4072
748,4073
186,4076
528,4077
1371,4077
11,4078
3847,4079
259,4083
273,4084
434,4085
1270,4085
917,4086
36,4087
3338,4088
3573,4088
1229,4089
119,4090
1756,4090
11,4093
2116,4094
397,4095
1297,4095
64,4097
124,4098
2284,4098
3,4099
11,4103
1943,4103
1779,4104
3954,4104
148,4106
738,4106
1093,4106
1518,4106
3089,4106
3260,4106
517,4109
1024,4109
1088,4110
1403,4111
2866,4114
2982,4114
2049,4115
3901,4115
93,4117
99,4117
212,4118
3768,4118
1439,4120
1565,4122
29,4123
31,4123
140,4123
420,4126
3671,4126
3852,4127
934,4129
167,4130
190,4131
22,4132
508,4132
1068,4133
757,4136
3,4139
132,4140
139,4140
4109,4142
0,4143
2130,4143
1287,4144
1784,4145
3314,4145
2488,4149
853,4151
3150,4152
1284,4153
468,4156
1450,4156
1882,4162
139,4163
670,4165
3732,4165
3742,4167
3569,4168
29,4169
101,4170
2247,4171
414,4172
2215,4172
985,4173
241,4175
2422,4177
2695,4177
3129,4180
652,4183
1014,4184
77,4185
2063,4185
279,4186
1530,4187
1613,4187
984,4191
1932,4191
3684,4192
2705,4193
3186,4193
7,4194
1231,4194
304,4196
101,4197
3716,4197
2029,4200
3301,4200
826,4201
576,4203
29,4204
2428,4205
2469,4206
113,4208
479,4208
1052,4208
1804,4211
826,4212
2046,4213
3008,4213
1651,4214
2984,4215
1429,4217
414,4218
11,4220
1393,4220
1091,4222
2173,4223
752,4224
170,4226
346,4227
36,4228
508,4228
268,4229
155,4230
11,4232
1,4233
1554,4236
2,4238
246,4238
718,4238
189,4240
3020,4240
1011,4242
599,4243
3611,4243
179,4245
424,4246
231,4247
1122,4249
3724,4254
136,4255
1268,4255
3671,4255
292,4256
2640,4256
2268,4257
2483,4258
4226,4258
1425,4263
177,4264
7,4266
101,4267
2791,4267
120,4270
1034,4272
827,4273
859,4273
928,4273
1791,4273
1184,4274
1343,4275
3825,4278
1161,4279
2063,4280
1187,4281
2782,4281
2269,4283
2470,4284
3349,4284
98,4285
1283,4285
2831,4285
1784,4286
3892,4286
2,4287
1784,4288
1583,4289
137,4291
440,4291
2533,4291
3573,4291
957,4292
842,4293
1710,4294
2672,4295
472,4297
3287,4298
1165,4299
2971,4299
1833,4300
1876,4300
3646,4302
1057,4303
111,4304
2585,4306
1954,4307
485,4308
2053,4308
310,4309
381,4309
632,4311
4099,4311
1344,4312
1831,4313
420,4314
286,4315
4126,4315
279,4316
1641,4316
1794,4317
1969,4317
2596,4317
11,4318
1592,4318
2248,4318
3,4319
161,4319
1196,4319
0,4322
1474,4323
2586,4323
0,4324
64,4324
162,4325
2344,4328
558,4331
2402,4332
11,4333
2063,4333
313,4334
419,4335
4220,4336
313,4337
790,4338
1361,4338
0,4340
4,4341
3117,4342
246,4344
29,4345
201,4346
213,4346
104,4347
64,4348
21,4350
3863,4350
2363,4351
4233,4352
167,4353
2051,4353
256,4354
4086,4356
199,4358
1681,4358
850,4359
1047,4359
846,4361
2815,4361
17,4362
21,4362
2051,4362
1849,4363
93,4364
241,4364
1975,4364
2084,4364
4200,4367
4255,4368
2821,4372
232,4373
287,4374
177,4375
634,4375
1571,4375
1938,4376
1852,4377
4295,4380
232,4382
2,4383
1827,4383
3358,4383
135,4384
1639,4384
189,4385
2697,4385
494,4386
31,4387
949,4388
1054,4389
365,4391
865,4391
498,4392
77,4393
252,4393
1470,4393
2374,4393
281,4398
119,4400
203,4400
2114,4400
3493,4403
236,4404
241,4404
4314,4405
894,4406
3306,4406
3747,4406
2598,4409
233,4410
2618,4410
19,4411
93,4411
186,4411
313,4411
1972,4411
1927,4414
3004,4415
4406,4415
25,4417
50,4417
489,4417
2222,4417
3042,4417
4226,4417
1248,4419
118,4420
755,4420
661,4422
826,4422
4165,4422
256,4423
21,4424
2315,4424
2878,4424
3650,4424
3955,4426
755,4428
510,4429
650,4432
949,4432
3825,4433
98,4434
126,4434
1496,4435
224,4436
1458,4437
8,4438
19,4438
23,4438
183,4440
3233,4441
136,4442
274,4442
91,4444
244,4446
1869,4446
101,4447
510,4449
1371,4449
1325,4450
1720,4450
1474,4451
1710,4453
3401,4453
4016,4453
102,4455
899,4455
2216,4455
3004,4455
315,4456
554,4457
1418,4457
21,4458
3350,4459
86,4461
268,4461
4220,4462
1548,4463
538,4464
677,4465
3806,4465
11,4467
120,4468
140,4468
2047,4469
2179,4470
2,4473
2395,4473
2,4474
985,4474
3073,4475
1,4476
2454,4477
2658,4477
5,4479
558,4479
3094,4479
245,4480
584,4480
3825,4482
704,4483
790,4483
4245,4486
2,4487
259,4489
445,4491
949,4491
3473,4493
1925,4494
134,4496
1810,4496
459,4497
400,4499
1739,4499
101,4501
2680,4501
4455,4502
4,4503
8,4503
95,4504
1014,4504
1756,4505
4025,4505
37,4506
174,4508
189,4508
19,4510
948,4512
137,4513
2216,4514
55,4515
138,4515
525,4515
4255,4515
2186,4516
2199,4516
936,4519
1403,4521
4465,4521
4014,4522
2351,4526
8,4528
1211,4528
2351,4531
973,4532
2474,4533
817,4534
1065,4534
2998,4534
3301,4534
1270,4537
1107,4538
4099,4538
4211,4538
98,4539
1063,4539
24,4540
1326,4541
64,4542
1419,4544
895,4546
1548,4546
777,4548
2614,4548
3527,4548
29,4549
4088,4549
1,4551
4515,4552
600,4554
629,4554
3129,4554
2228,4555
36,4556
814,4556
860,4556
491,4557
2132,4557
3153,4557
1943,4561
2093,4562
99,4564
31,4565
718,4568
1959,4572
1296,4573
3894,4576
660,4577
1001,4579
1620,4579
190,4582
189,4583
31,4584
2186,4584
3472,4584
716,4585
1527,4587
3637,4589
1267,4591
3913,4592
691,4596
2378,4596
3020,4596
621,4597
2305,4599
5,4600
2475,4601
1366,4603
2264,4603
3366,4603
2,4605
970,4612
2034,4613
64,4614
99,4615
943,4615
155,4616
414,4616
3,4618
283,4620
1708,4622
200,4623
534,4623
2049,4624
97,4625
21,4626
224,4626
3421,4628
1,4630
155,4630
4089,4630
598,4631
704,4635
1100,4635
1618,4635
3637,4637
3867,4638
2,4640
216,4640
2173,4640
558,4642
854,4643
1456,4643
2007,4644
87,4646
3131,4646
4519,4646
286,4647
1539,4647
3552,4649
381,4651
3694,4652
8,4653
110,4653
280,4655
4442,4655
167,4659
716,4659
2160,4659
3129,4659
182,4661
3573,4662
1642,4663
2852,4664
3523,4665
53,4668
583,4668
247,4671
145,4673
3703,4673
3089,4675
2751,4676
3569,4676
1231,4677
108,4678
3039,4679
1597,4680
3856,4681
20,4684
1065,4684
1403,4684
1969,4684
2640,4684
3703,4684
1423,4687
24,4688
1843,4689
2902,4689
397,4690
1361,4690
966,4693
1977,4693
4109,4693
3000,4694
4048,4694
3470,4695
155,4696
903,4696
283,4698
2601,4698
870,4700
2768,4700
1885,4701
95,4702
8,4703
229,4705
716,4706
420,4707
2449,4709
4363,4711
2,4713
22,4713
378,4713
2910,4713
4422,4713
19,4715
136,4715
274,4715
137,4716
1418,4716
3898,4716
169,4717
808,4718
56,4719
293,4720
3028,4720
2318,4721
2010,4726
712,4728
962,4728
751,4730
3573,4730
4218,4731
1656,4735
199,4736
3866,4736
2158,4738
3209,4738
3732,4738
169,4739
4131,4740
420,4741
1450,4743
2650,4743
3552,4743
800,4744
962,4746
1651,4748
3111,4748
903,4749
1166,4749
2031,4749
176,4750
393,4750
1051,4750
2146,4750
53,4751
855,4751
29,4753
2059,4753
3088,4756
1886,4758
3,4759
8,4760
2383,4760
2483,4761
4362,4761
541,4764
252,4765
777,4766
1527,4766
3369,4768
4450,4768
2469,4769
817,4771
2995,4773
4694,4774
2815,4775
4728,4775
2,4777
2483,4777
8,4779
186,4779
2284,4779
1356,4780
287,4783
8,4784
962,4785
8,4786
472,4786
2519,4789
660,4790
671,4790
184,4791
1740,4793
1539,4794
2143,4794
3453,4797
213,4798
1371,4798
1057,4800
2123,4800
469,4801
256,4805
778,4806
1610,4807
554,4809
616,4809
3004,4810
3,4814
4218,4814
869,4815
1656,4815
21,4816
508,4816
813,4816
393,4818
122,4819
11,4820
270,4820
328,4825
629,4825
1076,4825
1125,4825
1161,4826
2255,4828
1318,4829
3337,4834
550,4835
2586,4835
0,4837
600,4838
8,4839
286,4840
4549,4844
634,4845
1916,4845
727,4846
2110,4846
2110,4848
854,4849
943,4849
259,4852
489,4857
11,4858
1867,4858
2477,4861
4684,4864
1057,4868
132,4870
435,4870
2786,4870
233,4871
21,4872
4311,4872
186,4873
53,4875
8,4876
317,4876
139,4877
1057,4878
60,4879
129,4879
424,4881
1894,4881
440,4885
226,4886
1214,4886
3460,4886
3498,4886
975,4887
2527,4887
985,4890
3905,4890
4644,4890
4838,4890
126,4892
3976,4893
3505,4894
4706,4894
3,4896
1236,4896
3372,4896
4393,4897
920,4898
808,4900
224,4903
1296,4906
11,4908
12,4910
615,4910
2702,4910
1802,4913
2862,4916
3920,4916
140,4917
1158,4917
187,4921
2968,4921
3981,4921
1795,4923
3117,4923
3418,4923
3573,4923
2867,4925
74,4927
274,4927
189,4928
4906,4928
1587,4929
2337,4929
4693,4929
136,4932
612,4932
1331,4932
3264,4933
558,4934
137,4936
764,4937
1410,4937
4538,4938
4751,4938
3110,4940
293,4941
1976,4941
37,4942
3856,4942
579,4943
970,4943
1305,4943
4800,4944
541,4947
3770,4947
4011,4947
47,4948
151,4948
3494,4949
379,4950
4719,4951
854,4952
923,4956
3763,4956
1385,4957
4140,4959
5,4960
270,4960
4384,4961
2622,4963
18,4964
2088,4965
1284,4969
1080,4973
945,4974
3222,4975
4620,4975
717,4977
241,4979
2451,4979
126,4980
189,4980
23,4983
3401,4984
2397,4985
3566,4985
2,4987
8,4987
189,4988
134,4989
1242,4989
3548,4989
2428,4990
3,4992
4562,4992
252,4993
1025,4994
1065,4995
1508,4997
2,4998
1231,4998
652,5000
4227,5000
4417,5001
56,5002
2854,5004
4548,5004
2988,5005
4197,5005
560,5006
501,5007
640,5007
355,5009
3524,5010
344,5011
1831,5011
8,5012
19,5012
4775,5012
1185,5015
273,5016
1597,5016
4284,5017
2705,5019
715,5021
740,5022
170,5023
397,5023
2751,5024
279,5025
1419,5025
4653,5025
482,5026
325,5027
615,5028
2439,5028
151,5030
379,5032
280,5033
1138,5033
293,5034
2829,5034
2437,5035
630,5036
90,5037
136,5037
3372,5037
56,5039
451,5039
4470,5039
210,5041
821,5041
2007,5041
881,5044
1188,5044
3786,5044
3232,5047
4323,5048
2622,5049
77,5050
1231,5050
4613,5050
37,5053
2808,5054
928,5055
212,5056
1752,5056
20,5057
36,5057
558,5057
1756,5058
5,5059
8,5059
3249,5059
283,5060
298,5060
2237,5061
3822,5061
1007,5063
2937,5063
538,5064
3890,5069
4820,5069
1047,5070
1950,5070
4979,5070
1578,5071
3349,5072
2363,5073
137,5075
4337,5075
854,5076
3608,5076
964,5077
1872,5077
426,5079
2831,5079
2397,5080
933,5083
1966,5083
3863,5084
3554,5086
4503,5086
1496,5088
4,5090
101,5090
169,5090
1328,5091
4014,5091
11,5094
2665,5094
1588,5095
4069,5096
2151,5098
2402,5098
4929,5100
0,5101
498,5101
4840,5102
3468,5104
283,5105
424,5105
4705,5106
1644,5108
1761,5108
4857,5109
184,5110
2144,5110
2363,5113
1025,5114
1553,5114
3433,5115
4840,5115
155,5116
741,5117
2569,5117
64,5118
112,5121
4554,5124
1057,5126
2608,5128
4640,5130
558,5132
4272,5132
3806,5133
1,5135
382,5137
985,5137
3331,5137
20,5139
1876,5140
2411,5140
847,5142
616,5143
3141,5143
3176,5144
1111,5145
599,5146
36,5149
1982,5151
238,5152
1123,5152
1997,5152
122,5155
1736,5156
177,5157
298,5157
2291,5159
508,5160
1714,5160
49,5161
4892,5161
3,5163
1127,5165
4468,5166
1975,5168
3122,5168
4750,5168
41,5170
189,5170
615,5170
2454,5170
4554,5170
12,5172
1033,5173
2902,5173
2064,5174
4603,5175
3761,5177
598,5178
1471,5178
1553,5179
3123,5179
7,5180
90,5180
1001,5181
64,5182
572,5188
20,5189
126,5190
1134,5190
2470,5190
854,5192
4615,5193
4983,5194
41,5195
1318,5195
4546,5196
4624,5196
3674,5197
4311,5197
186,5198
1142,5199
137,5200
1253,5200
4393,5200
296,5202
382,5202
4018,5202
5069,5206
1477,5207
231,5208
553,5208
3249,5208
4346,5210
4655,5210
4,5211
423,5212
1618,5214
4820,5214
1326,5215
1714,5215
3898,5217
2622,5219
7,5221
31,5221
1000,5223
126,5224
977,5226
1326,5226
286,5229
606,5229
541,5231
148,5232
1133,5233
1477,5234
1025,5235
191,5236
510,5236
1079,5236
64,5237
2958,5237
93,5239
2682,5239
2540,5240
290,5242
161,5244
179,5244
8,5246
2786,5249
3972,5249
641,5250
2084,5250
2395,5251
1277,5253
1120,5256
328,5257
1804,5257
1565,5258
136,5259
8,5261
382,5261
476,5261
47,5262
3172,5262
1620,5263
3238,5264
460,5266
583,5266
2179,5266
2644,5266
231,5269
2593,5269
1866,5272
752,5275
2646,5275
184,5276
2423,5276
382,5277
1058,5279
2652,5279
1565,5280
2268,5280
4995,5280
3072,5282
3649,5282
351,5283
640,5283
10,5284
2146,5284
3596,5284
1926,5286
188,5287
1114,5289
1784,5289
213,5291
171,5292
184,5292
21,5293
3210,5293
3585,5295
4825,5295
102,5298
5044,5298
3,5299
8,5299
3998,5299
5096,5299
3852,5300
189,5301
1370,5301
3353,5301
22,5302
2533,5302
850,5305
752,5306
2032,5306
2390,5307
2508,5308
3608,5308
95,5309
2680,5309
146,5310
21,5312
136,5313
4508,5313
543,5315
4556,5315
414,5316
3040,5317
4626,5317
414,5319
2018,5320
29,5321
268,5321
122,5322
1025,5322
894,5323
3986,5323
5190,5323
752,5324
997,5324
883,5325
3606,5326
354,5327
1920,5327
19,5329
619,5329
4016,5329
971,5330
2337,5330
4644,5330
391,5332
558,5333
571,5334
3040,5334
3337,5334
1,5335
3882,5338
2385,5339
3403,5339
423,5340
5000,5340
440,5341
1423,5343
1932,5345
21,5346
11,5347
835,5348
3516,5349
179,5351
2512,5351
3573,5351
288,5352
3207,5352
288,5354
5261,5354
2695,5355
3984,5356
2179,5358
1587,5359
3637,5359
98,5361
3959,5362
283,5363
894,5365
854,5366
2902,5366
4948,5366
715,5370
1642,5371
65,5374
420,5374
31,5375
1247,5375
1639,5376
4143,5377
3209,5378
1592,5379
1546,5381
2267,5381
5016,5381
633,5383
23,5384
2049,5385
4114,5385
599,5386
197,5388
763,5388
3276,5388
60,5389
3113,5389
4322,5390
1410,5391
2604,5391
3253,5392
417,5394
77,5395
183,5395
313,5395
1470,5395
1167,5396
3000,5398
176,5402
1962,5402
5259,5402
5126,5403
230,5404
854,5404
2828,5404
3561,5405
19,5406
8,5407
1642,5407
1804,5408
3981,5408
64,5411
190,5411
1047,5411
2103,5414
3206,5415
424,5416
1474,5417
2864,5417
985,5418
1977,5418
1826,5420
1966,5420
379,5421
1068,5421
2033,5421
65,5422
36,5423
2735,5423
4730,5424
238,5425
2116,5427
2411,5427
341,5428
1008,5428
2715,5428
10,5429
2084,5429
5090,5429
5292,5431
1025,5432
2984,5433
7,5434
1133,5434
1466,5434
2192,5437
4706,5437
286,5438
2471,5438
47,5439
737,5440
939,5442
4299,5442
245,5443
967,5444
846,5445
1943,5445
132,5447
2110,5447
2025,5449
2878,5451
3286,5451
1096,5452
155,5453
615,5454
1143,5454
3984,5454
1445,5456
4677,5456
1211,5457
420,5458
3689,5458
4728,5458
810,5459
1120,5462
0,5463
395,5463
3515,5465
3008,5466
1422,5467
4270,5467
2673,5468
3664,5468
1943,5469
2199,5470
1553,5471
4406,5473
2284,5474
2604,5474
2722,5477
1,5479
20,5481
1322,5482
3369,5483
101,5484
3358,5484
4304,5484
5110,5487
245,5488
393,5492
60,5497
554,5497
3878,5497
447,5498
508,5498
1114,5498
933,5500
1259,5500
1626,5500
3205,5500
1259,5502
21,5503
2637,5503
2678,5503
2274,5504
2173,5505
7,5509
2790,5509
5170,5509
5458,5509
5484,5509
212,5510
636,5510
1355,5510
1318,5514
1435,5517
2467,5517
1456,5518
541,5519
224,5520
1306,5521
3104,5521
5374,5521
854,5523
4266,5523
414,5524
1761,5524
905,5525
3141,5525
3649,5525
2,5526
1863,5529
440,5530
892,5530
151,5531
827,5531
1024,5531
2423,5531
1839,5532
5083,5532
5113,5532
342,5533
2221,5534
4309,5538
2745,5540
4640,5540
139,5542
169,5542
349,5542
1950,5542
5170,5543
2228,5544
5027,5546
1419,5548
1466,5548
1139,5549
3807,5550
1533,5551
20,5552
328,5552
3468,5552
31,5553
794,5553
1714,5553
1901,5553
485,5554
814,5554
4368,5554
5206,5554
8,5555
31,5558
553,5559
3266,5559
328,5560
426,5560
174,5563
854,5563
3996,5563
1804,5564
4449,5565
902,5567
12,5569
394,5570
292,5574
1056,5575
1602,5575
570,5577
4311,5578
498,5580
661,5580
2412,5580
1419,5581
1553,5582
4713,5583
1279,5584
270,5586
1736,5586
113,5588
84,5589
98,5589
1565,5589
1932,5591
1012,5592
107,5595
616,5595
4591,5595
315,5596
387,5596
2128,5596
3271,5596
1386,5598
2454,5598
717,5599
4450,5599
3978,5602
5276,5603
25,5604
7,5606
2411,5610
156,5611
5057,5611
313,5614
2068,5614
2233,5614
1791,5615
3793,5616
5615,5616
8,5619
2491,5619
5251,5619
279,5621
17,5622
37,5623
241,5626
395,5626
2176,5626
2929,5627
731,5628
1338,5628
135,5629
19,5630
4335,5630
5498,5631
2541,5632
1578,5633
2093,5636
3551,5636
2519,5638
4306,5640
615,5641
1211,5642
2235,5642
3057,5643
4208,5644
5090,5644
11,5647
2160,5647
256,5650
4144,5650
176,5651
1962,5651
538,5652
1426,5653
2893,5653
881,5654
31,5656
298,5657
2303,5657
723,5658
4921,5659
292,5660
1022,5660
1166,5661
5030,5662
1000,5663
630,5664
997,5667
2284,5667
4054,5667
833,5668
1057,5668
3659,5668
520,5669
1340,5671
3245,5671
4450,5671
614,5672
3498,5672
298,5675
1560,5676
4054,5679
113,5681
98,5682
658,5683
4444,5683
98,5688
186,5688
37,5691
854,5691
4456,5692
176,5693
3040,5694
4985,5695
1439,5696
8,5698
905,5699
2644,5699
748,5700
4016,5702
4169,5703
5140,5704
5580,5704
8,5705
2487,5705
3819,5705
4749,5705
25,5706
29,5706
60,5706
2004,5706
5521,5706
1057,5708
2208,5708
3072,5708
948,5710
138,5711
2,5712
5531,5713
2186,5715
2378,5715
3466,5717
176,5718
5146,5718
5080,5719
2379,5720
2668,5721
5429,5721
1935,5726
135,5727
5208,5728
4677,5733
4513,5734
1251,5735
259,5736
2365,5736
752,5737
640,5738
49,5739
1900,5740
5375,5742
21,5743
2179,5743
2195,5743
160,5744
286,5745
5165,5747
0,5748
621,5748
2084,5748
764,5751
4442,5751
4,5752
247,5752
828,5752
4014,5754
1826,5755
1065,5757
5647,5758
1469,5759
198,5761
11,5762
1606,5762
5001,5762
28,5764
2831,5764
241,5768
4272,5769
3392,5770
1584,5771
3677,5772
1015,5773
1482,5774
1839,5774
191,5775
4186,5775
346,5776
47,5778
1242,5779
151,5781
1656,5782
3975,5783
3563,5785
3569,5785
905,5786
2552,5786
2984,5786
948,5787
2654,5788
1894,5790
4016,5790
5261,5790
735,5792
1011,5792
1085,5792
4546,5792
0,5793
1265,5794
2608,5794
1139,5796
4521,5797
189,5798
475,5799
1347,5799
2179,5799
4906,5799
3521,5800
4646,5801
216,5802
629,5802
893,5803
1012,5803
1920,5803
5315,5804
4584,5807
1,5809
525,5809
854,5810
134,5811
3432,5811
346,5812
2419,5812
3334,5814
4417,5815
11,5816
800,5819
5317,5819
0,5820
2379,5820
1732,5821
5488,5821
3927,5822
2637,5823
189,5824
2031,5825
2866,5825
2207,5826
2217,5826
2891,5827
975,5829
1165,5830
2019,5830
3493,5831
5802,5831
5,5832
268,5832
1224,5832
5146,5833
5190,5833
1612,5834
4705,5835
2018,5838
853,5839
3468,5839
4361,5839
4275,5842
156,5844
182,5844
1479,5845
1011,5847
1582,5847
513,5848
3266,5848
4630,5848
3096,5849
8,5850
4014,5850
136,5852
224,5852
583,5852
183,5854
3674,5854
50,5855
973,5855
1371,5855
640,5856
727,5858
2499,5860
618,5861
1506,5864
2451,5864
137,5867
827,5867
5109,5869
101,5871
533,5872
2474,5872
4800,5875
2658,5876
1456,5878
3856,5878
1300,5879
3690,5879
1670,5881
2156,5881
19,5882
5117,5882
1560,5883
3842,5884
355,5886
3213,5886
2073,5887
169,5888
1169,5889
151,5892
576,5892
3984,5892
1639,5893
1293,5894
0,5896
77,5898
134,5898
2914,5900
3469,5900
4243,5900
3782,5902
53,5904
909,5904
640,5906
2900,5906
450,5907
2617,5908
951,5909
2,5912
5202,5912
563,5913
1044,5915
29,5917
3954,5917
60,5918
21,5919
3521,5919
560,5920
1,5921
2160,5921
2592,5922
354,5924
3061,5924
308,5925
1480,5929
2998,5929
4960,5930
2,5931
1466,5931
3469,5932
4628,5932
1010,5933
1516,5933
3143,5933
5,5937
3232,5938
4696,5938
701,5939
1520,5939
19,5942
717,5943
4220,5943
1270,5944
2302,5944
2900,5944
1008,5945
1480,5945
5531,5947
5563,5947
1410,5951
3389,5951
111,5952
5,5953
4668,5954
5302,5954
31,5956
2552,5958
1430,5959
1242,5960
3310,5961
298,5962
614,5962
2676,5962
5,5963
4659,5966
233,5967
1670,5967
2423,5968
1639,5969
199,5971
8,5972
298,5975
3825,5975
1047,5976
189,5977
2026,5979
5497,5979
5208,5981
432,5988
1485,5988
716,5991
4646,5995
2764,5996
98,6001
11,6002
1590,6002
55,6005
1326,6005
984,6006
3186,6006
8,6008
4217,6008
5622,6010
3014,6011
3957,6012
54,6014
883,6014
1500,6014
107,6017
1378,6019
5233,6019
2397,6020
4503,6020
126,6022
5407,6022
1927,6024
2023,6025
4072,6025
276,6026
2179,6026
110,6027
1254,6028
2604,6028
1839,6030
2604,6031
3509,6031
614,6035
2052,6038
4304,6038
4655,6038
4016,6039
4224,6039
2781,6040
392,6042
3675,6042
2,6043
199,6043
232,6043
2051,6045
1914,6046
1510,6047
29,6049
290,6052
8,6053
751,6053
5251,6053
3563,6056
3920,6056
2305,6057
382,6060
3011,6062
5526,6062
5595,6062
124,6063
5770,6064
971,6067
2894,6067
5834,6070
155,6071
8,6073
4048,6073
901,6074
4548,6075
21,6076
1371,6076
1378,6076
1720,6076
4197,6077
21,6084
872,6085
1114,6087
1670,6087
126,6089
2,6091
6049,6092
37,6094
4424,6094
566,6095
0,6096
191,6096
947,6097
850,6099
4892,6099
2063,6100
6030,6101
350,6102
2267,6107
3070,6107
3838,6108
933,6110
1253,6110
198,6111
283,6112
2985,6112
25,6113
550,6115
5900,6116
1297,6117
4438,6117
1052,6118
4359,6118
4562,6118
170,6121
866,6121
166,6122
246,6123
233,6124
4432,6125
1254,6129
259,6130
2574,6130
933,6131
1501,6132
3129,6132
119,6135
5484,6135
21,6136
47,6136
53,6137
3492,6137
12,6139
3606,6139
4292,6141
3398,6143
837,6144
1466,6144
6118,6144
846,6146
451,6147
2342,6147
58,6149
6100,6149
1826,6150
136,6152
5080,6152
5,6156
854,6156
1925,6156
4696,6156
1069,6158
2637,6158
242,6159
850,6159
5497,6159
1253,6160
420,6162
854,6162
3373,6162
5352,6164
3073,6165
3163,6165
3373,6165
5083,6165
1025,6166
4267,6166
8,6167
98,6168
5212,6168
245,6169
5739,6169
5,6171
52,6172
177,6172
3993,6175
420,6178
292,6180
1882,6181
241,6182
541,6183
2281,6184
3314,6184
273,6186
3642,6187
11,6191
4424,6191
411,6192
3342,6193
2110,6196
4067,6198
4719,6200
5143,6200
108,6201
126,6202
1305,6202
3266,6203
3650,6204
19,6205
169,6206
3308,6206
238,6207
420,6207
1057,6207
4738,6208
1047,6212
77,6215
420,6215
4270,6217
37,6219
3842,6219
969,6220
19,6221
60,6221
4333,6221
2,6224
236,6225
4017,6227
539,6228
1731,6229
1932,6230
854,6231
2,6232
1252,6232
2166,6232
2902,6232
3852,6233
5173,6234
1644,6235
5192,6235
184,6236
1886,6236
5012,6236
55,6237
279,6237
378,6237
393,6237
5233,6238
2540,6241
5322,6241
4640,6242
5226,6243
76,6244
3573,6244
5931,6244
6130,6245
881,6247
3825,6247
3359,6248
2397,6249
2296,6250
5428,6252
5425,6253
2302,6254
126,6255
775,6256
1831,6257
87,6262
292,6262
2305,6262
155,6263
56,6264
984,6264
1614,6264
5211,6264
1736,6265
2026,6265
3,6268
1824,6271
4391,6271
5762,6272
1790,6273
5375,6273
391,6274
5381,6277
256,6278
1639,6279
241,6280
11,6281
2149,6281
4049,6282
3242,6284
4551,6284
647,6287
835,6289
3104,6290
4197,6292
3096,6294
1,6295
328,6295
6117,6295
1824,6296
77,6297
3073,6297
1045,6298
20,6300
3975,6300
854,6301
4352,6301
31,6302
1326,6307
99,6310
2151,6310
3515,6310
77,6311
4338,6311
417,6315
136,6316
827,6316
2337,6316
2491,6316
200,6317
4417,6317
2144,6318
5647,6318
110,6320
325,6320
464,6320
4143,6320
3903,6321
4249,6321
5786,6322
3004,6323
4046,6324
1139,6326
2126,6327
0,6328
1347,6330
4640,6330
986,6331
2528,6331
58,6332
353,6332
761,6333
5833,6335
496,6336
4655,6338
328,6341
2985,6342
4132,6342
4258,6343
1111,6345
3310,6346
4928,6347
1318,6348
1422,6348
4217,6348
3441,6350
60,6351
2519,6351
946,6352
1610,6352
2,6353
513,6353
960,6353
140,6356
2959,6357
5743,6357
1227,6359
2652,6360
4852,6362
3672,6363
5647,6366
1578,6367
2378,6367
1254,6368
2905,6368
2174,6369
5925,6369
8,6370
1950,6370
117,6372
137,6372
420,6372
5699,6374
313,6375
382,6375
41,6378
0,6379
5664,6379
4098,6380
3232,6384
1470,6385
186,6388
472,6390
1247,6390
1546,6390
2737,6391
241,6394
4538,6394
65,6397
846,6399
4144,6401
1361,6402
3179,6402
37,6405
160,6406
2245,6406
6172,6406
53,6407
1067,6407
1403,6409
704,6411
5683,6412
5291,6413
1831,6414
98,6415
1925,6415
2046,6415
4534,6415
199,6419
1201,6421
3934,6421
2,6428
60,6431
1068,6431
184,6433
3073,6435
174,6437
737,6437
479,6438
928,6439
3954,6440
538,6441
902,6441
22,6442
733,6442
3,6445
551,6445
1639,6445
3151,6445
5420,6445
1637,6446
1371,6447
3088,6447
5748,6449
2799,6450
1,6451
60,6451
4266,6451
222,6452
905,6453
3984,6453
3268,6454
3505,6454
614,6455
3138,6455
4655,6456
5604,6457
2867,6459
5101,6461
23,6462
0,6463
746,6463
4717,6463
266,6464
543,6464
21,6466
4039,6466
154,6467
4585,6467
1681,6468
4175,6470
3773,6473
4696,6473
1,6474
131,6476
2644,6477
23,6478
4049,6478
282,6479
4948,6480
6135,6480
95,6483
1784,6484
0,6485
2228,6486
199,6487
936,6487
58,6489
1254,6489
2010,6489
31,6491
800,6493
6042,6493
991,6494
717,6496
2815,6496
2178,6498
3683,6498
193,6500
5249,6501
1371,6502
31,6504
310,6504
344,6504
5388,6505
1247,6510
1326,6510
1,6511
187,6513
124,6514
136,6514
6191,6515
2305,6516
136,6517
3503,6517
4825,6517
1836,6519
737,6521
2320,6521
55,6522
752,6524
1277,6524
4145,6526
2151,6527
1328,6528
3466,6533
1784,6535
6137,6535
651,6537
5428,6542
137,6543
2320,6543
5944,6544
1293,6545
3901,6545
814,6546
11,6547
1681,6548
625,6549
636,6549
1966,6549
4779,6549
349,6550
5144,6550
540,6551
808,6553
176,6554
328,6555
1616,6555
835,6556
2760,6556
1251,6557
1620,6558
1480,6559
2109,6561
161,6562
397,6562
1340,6562
296,6564
541,6564
985,6565
1667,6566
3162,6566
1474,6567
3134,6567
5706,6567
2148,6569
755,6570
2849,6572
5316,6572
293,6575
64,6576
478,6576
2030,6576
2551,6580
4876,6580
420,6581
1366,6581
2053,6584
5552,6585
2116,6586
6402,6586
5596,6588
949,6589
6245,6589
4,6590
440,6590
3104,6590
3552,6591
881,6595
4346,6595
3315,6596
17,6597
629,6599
1642,6600
4309,6600
1024,6601
1297,6601
36,6605
3469,6605
723,6607
2729,6607
3315,6607
1025,6608
1120,6610
2269,6611
6415,6611
2568,6613
4223,6613
5621,6613
3473,6615
2734,6616
5,6619
1299,6619
353,6621
824,6622
2654,6622
1358,6623
2156,6623
4208,6624
2454,6625
640,6626
1322,6627
1919,6627
3372,6627
616,6631
2815,6632
1056,6634
2715,6634
572,6635
985,6635
1318,6637
3786,6638
5560,6639
233,6641
3787,6641
2046,6642
1310,6643
3455,6646
4684,6648
1847,6649
640,6650
1606,6650
3834,6650
2,6652
136,6654
5451,6658
572,6660
2148,6660
3606,6660
1496,6661
2268,6661
2770,6661
2804,6663
1147,6664
1752,6664
313,6665
1545,6666
5036,6666
5604,6666
2068,6668
4800,6668
4750,6669
18,6673
1049,6673
1471,6673
5179,6675
21,6676
341,6676
1216,6676
6089,6676
970,6677
3494,6678
1776,6679
2185,6679
2,6682
54,6682
1226,6682
1,6683
87,6683
330,6685
1489,6688
5848,6688
6463,6688
640,6690
1229,6690
2652,6690
5022,6691
8,6693
2658,6694
29,6695
98,6695
3238,6695
1639,6696
1590,6698
1937,6699
2787,6700
2699,6701
3660,6701
1,6702
660,6703
853,6703
1217,6703
5017,6704
4784,6705
1506,6706
213,6708
1559,6708
1412,6709
3984,6710
4820,6710
1887,6712
382,6713
5842,6713
854,6714
31,6716
310,6716
1061,6716
6230,6716
1471,6718
949,6719
4208,6719
1602,6721
2265,6721
21,6724
5563,6724
231,6725
2838,6725
3514,6726
286,6727
1920,6727
1370,6728
1510,6728
2729,6728
6215,6728
5168,6731
6156,6734
6522,6734
4386,6735
126,6736
489,6736
1187,6737
4208,6738
337,6739
5953,6739
19,6740
8,6741
673,6741
869,6742
4432,6743
2056,6744
3454,6744
632,6745
414,6747
2661,6749
1274,6752
528,6753
3630,6754
45,6755
233,6755
148,6756
1647,6757
612,6758
2561,6758
98,6760
11,6762
715,6763
1926,6763
2972,6763
3369,6763
1879,6764
2437,6766
3909,6766
827,6767
4354,6768
37,6770
281,6770
1,6771
224,6774
5416,6774
571,6775
918,6775
6774,6775
1024,6776
4433,6776
853,6778
2945,6779
630,6780
761,6781
1395,6781
3704,6781
5834,6781
1422,6782
3493,6782
4258,6784
6262,6784
5739,6785
2661,6786
6562,6786
258,6788
2741,6790
5717,6791
949,6792
161,6793
2925,6794
440,6795
905,6796
3798,6798
4944,6799
341,6800
5329,6800
6008,6800
3240,6803
74,6804
494,6805
19,6808
680,6809
570,6810
3810,6810
1885,6813
4684,6813
351,6814
2115,6814
241,6815
2481,6817
5157,6817
87,6818
3702,6819
5421,6820
21,6822
287,6826
5,6827
1866,6827
8,6828
29,6829
5785,6829
1618,6830
2527,6830
6511,6830
4613,6831
5,6832
580,6832
4848,6834
826,6835
2622,6839
184,6840
478,6840
576,6840
5214,6841
5643,6841
3072,6842
11,6845
5058,6845
4,6846
2915,6846
5921,6846
5898,6847
2423,6849
6575,6850
1198,6852
1296,6852
4561,6854
126,6857
2574,6858
174,6859
1025,6859
1191,6859
584,6860
4026,6860
5388,6860
414,6861
19,6864
711,6864
740,6864
5438,6864
1138,6866
2605,6867
5563,6867
4348,6868
1790,6869
3176,6870
5614,6870
2451,6871
2486,6872
915,6873
3746,6873
5727,6873
1057,6875
6301,6877
2312,6878
4,6883
288,6883
548,6884
752,6885
813,6885
3909,6885
751,6886
1639,6887
11,6888
155,6888
1060,6888
6147,6888
3089,6889
12,6892
1861,6892
4659,6892
1561,6894
853,6896
155,6901
2915,6901
6043,6901
8,6904
191,6904
36,6905
2016,6905
19,6906
2397,6906
2618,6907
2363,6908
1553,6909
5091,6911
245,6913
615,6915
2410,6915
136,6917
2199,6919
2423,6919
1247,6920
5907,6920
379,6922
2605,6922
2415,6923
4814,6923
2132,6924
283,6930
0,6931
2702,6931
2695,6932
5,6933
37,6933
5781,6933
1133,6935
701,6936
4432,6936
3242,6937
2185,6938
634,6939
5553,6939
943,6940
980,6940
5,6941
298,6942
6101,6942
6233,6943
148,6945
558,6945
5307,6945
2109,6947
4323,6948
1926,6949
2103,6949
1615,6950
2381,6950
74,6951
984,6952
288,6953
6035,6954
6550,6956
3342,6957
1739,6958
2786,6959
0,6960
8,6961
1648,6962
1689,6964
1732,6964
737,6965
121,6966
1652,6966
6590,6966
8,6967
151,6967
2302,6967
4450,6968
2179,6969
1967,6970
2,6973
252,6974
435,6975
64,6976
1753,6977
119,6978
87,6979
6526,6979
21,6980
1024,6980
3275,6980
76,6982
245,6982
1027,6983
3868,6983
2902,6984
136,6986
3894,6986
36,6991
2,6992
21,6992
1739,6995
155,6996
1341,6996
1471,6996
715,6999
5168,6999
4067,7000
558,7001
5025,7001
1126,7002
3351,7004
50,7005
258,7005
479,7005
1527,7005
2691,7005
2250,7006
203,7008
3563,7009
6463,7010
1508,7013
1689,7013
6699,7013
5346,7014
349,7015
1211,7015
6242,7015
2,7016
2574,7017
3600,7018
5001,7019
298,7021
1736,7021
4528,7023
5279,7025
2110,7026
5069,7026
1418,7028
1639,7028
6311,7028
174,7029
2605,7035
4872,7035
948,7038
184,7039
3373,7041
6117,7041
2487,7043
3724,7043
4126,7043
872,7044
279,7046
31,7047
737,7047
6431,7048
627,7049
139,7050
5705,7050
119,7051
442,7051
4649,7052
20,7053
1422,7054
2854,7055
148,7057
1340,7057
6156,7059
895,7060
1599,7060
31,7065
4220,7065
2045,7068
4748,7071
122,7074
2519,7078
203,7079
1127,7080
140,7081
893,7081
5736,7081
11,7082
60,7082
4291,7083
5909,7084
34,7085
424,7086
835,7086
274,7087
1060,7087
19,7089
2702,7090
2914,7090
2125,7091
1096,7092
2,7093
3480,7093
5643,7094
1624,7096
2228,7096
5847,7096
2451,7097
6709,7097
6923,7097
354,7098
5170,7098
3191,7100
1,7101
1578,7101
2614,7101
3275,7101
282,7104
3022,7104
1563,7105
3842,7106
416,7107
1786,7107
1801,7107
351,7108
1418,7108
1641,7112
213,7114
2158,7114
8,7115
5542,7117
1253,7118
1977,7118
420,7119
5454,7119
6030,7122
985,7123
3336,7123
4109,7123
2329,7124
5313,7124
162,7125
414,7125
1802,7125
0,7128
176,7128
513,7128
8,7129
6257,7130
2397,7133
5389,7133
119,7134
3123,7135
3242,7135
660,7140
1,7141
186,7141
6613,7141
2957,7142
1065,7143
1894,7144
3513,7144
2,7145
1726,7150
614,7152
11,7154
716,7155
1325,7155
268,7158
1395,7158
4358,7158
5505,7158
3233,7159
155,7160
6767,7160
245,7162
1226,7162
6362,7163
2528,7164
5975,7164
2719,7166
860,7167
74,7169
813,7170
4053,7170
21,7171
6888,7171
5064,7174
3920,7175
6572,7175
283,7176
1134,7176
2608,7180
4070,7180
1933,7181
3672,7183
4433,7183
184,7184
727,7184
2031,7184
837,7185
60,7186
1338,7186
23,7187
5681,7187
6922,7187
1207,7189
6498,7191
98,7194
487,7194
6521,7198
87,7199
111,7200
1757,7200
3630,7200
1429,7201
5352,7201
3244,7202
20,7203
2179,7205
928,7206
854,7209
1656,7213
2248,7213
397,7215
1111,7215
2838,7216
2169,7217
21,7218
64,7218
5704,7219
5759,7219
3996,7220
1810,7222
2068,7223
4191,7223
705,7224
6641,7224
241,7225
2895,7226
5803,7227
4067,7229
2528,7230
4304,7230
2116,7231
98,7232
4694,7232
286,7233
378,7233
2937,7234
3,7235
47,7236
432,7237
31,7238
393,7238
1,7239
1202,7242
4534,7242
813,7244
2151,7244
6887,7244
177,7246
104,7247
869,7247
1466,7247
3149,7247
3186,7248
328,7249
1,7251
934,7252
2,7254
7242,7254
826,7255
2338,7256
6370,7257
4232,7259
44,7264
585,7264
4285,7266
98,7267
2454,7267
6986,7271
2070,7272
2355,7272
423,7273
3609,7273
1031,7274
3154,7274
1325,7275
136,7276
3250,7276
1153,7277
3020,7277
155,7279
1125,7280
285,7281
4561,7281
742,7282
1906,7282
2831,7282
4585,7283
136,7286
1639,7287
8,7288
4532,7288
213,7293
2483,7293
5524,7295
1404,7297
5234,7300
3852,7301
4281,7301
4659,7302
1140,7303
5072,7305
1836,7306
3306,7306
1626,7307
821,7308
1340,7308
1366,7308
136,7311
989,7311
2215,7311
5580,7312
554,7315
4561,7315
1368,7316
2005,7316
5,7317
1161,7317
1338,7317
6965,7317
217,7319
2409,7319
420,7322
56,7325
2665,7325
139,7326
3221,7326
6341,7327
6063,7328
2918,7330
3637,7330
55,7331
176,7331
7288,7334
0,7335
4896,7335
6755,7336
36,7337
677,7337
2313,7337
29,7338
1242,7338
2315,7339
3138,7339
4852,7339
5211,7339
1325,7340
3798,7340
4213,7341
4496,7341
3132,7344
1705,7345
3231,7345
5855,7348
189,7350
432,7350
1761,7350
5580,7351
534,7353
7176,7353
23,7354
169,7354
1022,7354
3294,7355
1866,7356
727,7357
53,7358
6030,7358
126,7359
29,7361
466,7362
661,7364
1344,7366
6095,7366
3359,7368
1960,7370
12,7372
3867,7373
288,7378
869,7380
1418,7382
4010,7382
7,7383
4213,7384
31,7385
349,7385
1299,7386
6073,7386
7008,7387
4311,7388
1651,7390
5454,7391
210,7392
276,7392
5023,7392
98,7393
1126,7394
393,7399
426,7399
755,7400
1269,7401
122,7404
2786,7405
4675,7405
1,7406
1010,7408
229,7409
558,7409
2343,7410
1114,7411
2365,7411
1618,7412
5802,7412
3,7413
1966,7414
3684,7414
7248,7414
2303,7415
1114,7417
322,7418
4761,7418
2801,7419
2829,7419
1919,7420
5892,7420
7035,7422
55,7427
6791,7427
2189,7429
5706,7429
0,7431
5604,7431
1065,7432
3198,7435
6073,7435
477,7436
868,7436
7005,7436
2323,7438
5023,7442
1061,7447
5322,7447
6311,7448
1794,7450
4053,7450
5079,7450
237,7451
2068,7451
854,7453
5023,7453
970,7454
1167,7454
5388,7454
991,7455
213,7456
341,7456
4213,7456
7169,7457
1000,7458
3666,7460
4088,7462
4759,7462
5531,7462
2,7463
5467,7464
1020,7466
2017,7466
2081,7466
4123,7470
6137,7472
875,7473
1900,7473
2868,7473
4356,7473
314,7475
6695,7475
4127,7479
3191,7482
6933,7482
108,7483
498,7483
4213,7483
4270,7483
4422,7484
5517,7484
199,7485
860,7487
5500,7487
7470,7487
118,7488
6110,7491
4073,7492
5261,7492
2053,7493
1287,7495
2815,7495
50,7496
1338,7497
5614,7498
2481,7499
2618,7499
53,7502
1340,7502
5772,7503
1371,7504
1928,7504
1863,7505
3649,7505
203,7508
346,7508
868,7508
1340,7509
3630,7510
5543,7510
8,7511
77,7511
716,7511
6543,7512
2265,7513
6528,7513
472,7514
2902,7515
195,7516
1997,7516
134,7521
2576,7522
2958,7522
349,7524
1632,7525
4254,7525
6323,7527
1477,7528
4338,7528
1,7531
146,7533
198,7533
945,7534
3838,7535
11,7538
2495,7539
2622,7539
1125,7540
2000,7541
74,7543
2540,7543
4422,7544
29,7547
1497,7547
1277,7548
5420,7548
346,7549
1516,7549
975,7551
2,7553
1343,7553
4433,7553
7319,7555
3865,7556
1431,7557
2494,7561
11,7562
6122,7562
1620,7563
2248,7564
196,7565
1100,7565
4709,7565
420,7568
3205,7568
6966,7570
2,7572
188,7573
4424,7573
5619,7573
5602,7575
7186,7576
1404,7577
1142,7578
2222,7579
3480,7579
1168,7580
1297,7580
2152,7580
426,7582
331,7583
414,7583
881,7585
6442,7585
6247,7587
1545,7589
1812,7589
330,7591
4185,7591
605,7592
8,7593
129,7594
2107,7598
5262,7598
210,7600
1970,7600
4014,7602
247,7604
1207,7604
4979,7604
2614,7605
65,7607
1716,7607
378,7608
3021,7609
1203,7610
140,7611
2608,7612
5,7613
3983,7613
2878,7615
36,7616
2,7620
5577,7620
4622,7622
6576,7622
516,7623
7511,7623
629,7624
5378,7625
7353,7625
6323,7628
1449,7629
6049,7629
303,7631
1187,7632
1655,7632
4218,7632
6399,7635
576,7636
4180,7636
126,7637
108,7639
7216,7639
101,7640
7325,7640
835,7642
2320,7643
4424,7644
1670,7645
186,7646
865,7647
1792,7647
6585,7648
2,7650
468,7652
432,7654
2064,7659
6673,7659
5906,7660
2768,7661
2991,7663
47,7664
4546,7667
7328,7667
351,7669
1216,7670
4170,7670
3798,7671
138,7672
169,7672
3888,7672
4496,7674
6850,7674
2644,7675
111,7676
53,7678
1890,7679
771,7680
4076,7681
2608,7682
1226,7684
5626,7684
1876,7685
1982,7685
7059,7685
3057,7686
4153,7689
7427,7691
213,7692
1120,7692
3771,7694
420,7695
2691,7695
7495,7695
1671,7696
6454,7697
1950,7698
4496,7698
98,7699
689,7701
2123,7703
4097,7704
1681,7705
4977,7706
5975,7706
2893,7708
4420,7708
6939,7708
172,7710
705,7710
4840,7710
1812,7711
126,7712
1553,7714
11,7715
259,7715
3,7718
2477,7718
1848,7719
4172,7719
3863,7720
7620,7720
2026,7721
717,7722
3365,7722
1670,7725
1545,7726
7561,7726
872,7727
3220,7728
651,7729
2320,7730
4255,7731
8,7732
5317,7732
6923,7733
415,7735
5257,7735
420,7743
1265,7743
241,7744
2878,7744
1280,7745
4053,7745
5471,7747
5847,7747
2653,7749
901,7750
1804,7750
1203,7751
1903,7753
957,7755
1063,7755
2217,7755
7087,7755
983,7756
25,7758
41,7758
21,7759
22,7759
137,7759
2382,7759
2,7760
842,7761
2005,7761
3480,7761
11,7762
189,7762
3258,7762
78,7763
498,7764
6794,7764
101,7766
288,7766
811,7766
5152,7766
709,7767
615,7769
1355,7770
6321,7771
5366,7772
748,7773
854,7773
2684,7774
3713,7774
1769,7775
3838,7776
4948,7776
5090,7776
5064,7777
2366,7778
5202,7778
5299,7778
5390,7779
7083,7780
8,7782
4325,7782
29,7783
7219,7784
489,7785
4820,7785
5025,7785
2116,7786
4591,7786
3998,7788
3837,7789
0,7791
4644,7792
2739,7794
3398,7794
2552,7796
1881,7797
4985,7799
4070,7800
1592,7801
2972,7804
140,7807
6375,7807
298,7810
4404,7811
6937,7812
466,7813
1602,7814
4893,7817
903,7818
1188,7818
1629,7822
585,7824
129,7825
7087,7825
658,7829
709,7829
1203,7829
1328,7832
764,7834
2174,7835
6693,7835
188,7836
1371,7836
2,7837
634,7837
1977,7837
137,7838
3057,7838
276,7839
923,7839
3441,7839
485,7840
3837,7841
108,7842
5807,7842
2018,7844
191,7846
1207,7846
2103,7848
1328,7851
2155,7851
5,7853
101,7854
3050,7854
3238,7857
1496,7861
2926,7863
1578,7864
6415,7865
5,7866
4217,7867
313,7868
973,7868
1553,7869
7364,7870
3514,7871
3275,7875
2103,7876
87,7877
6859,7878
583,7881
2179,7881
416,7882
6693,7882
3508,7883
4461,7883
5425,7884
19,7885
29,7885
6815,7886
3,7890
5429,7890
660,7891
1712,7891
56,7892
4584,7893
390,7894
2718,7895
7325,7895
6203,7896
1065,7898
87,7902
865,7902
5979,7902
5363,7903
6370,7903
3,7905
1393,7912
928,7913
1231,7914
4554,7914
943,7917
2107,7917
2430,7917
2781,7917
4099,7918
1578,7919
5420,7920
126,7921
3986,7921
21,7923
3942,7923
2392,7924
2152,7925
3020,7929
2676,7930
1670,7931
2010,7933
5633,7935
2179,7936
554,7937
920,7938
1639,7938
5168,7938
949,7940
5589,7940
426,7942
5954,7942
548,7944
7625,7944
2608,7945
101,7946
60,7947
303,7948
1147,7948
21,7949
7435,7950
21,7951
1674,7951
3456,7953
3927,7953
1520,7954
2018,7954
2,7955
1456,7955
2491,7956
5595,7956
7533,7956
3180,7957
148,7958
3763,7958
1667,7959
6661,7959
948,7960
19,7962
6850,7962
233,7964
670,7964
734,7964
238,7969
31,7971
283,7971
1490,7971
7450,7971
989,7973
779,7978
1422,7978
148,7980
7026,7981
60,7982
186,7982
6341,7982
7242,7983
3808,7984
8,7985
2449,7987
7785,7987
21,7988
517,7988
6107,7989
172,7992
1403,7993
4876,7998
1602,8000
752,8001
1412,8001
1300,8002
60,8004
104,8004
989,8004
7948,8004
161,8005
1590,8005
156,8006
951,8006
6576,8008
124,8009
394,8009
1812,8009
7980,8009
3138,8011
136,8014
137,8016
7141,8016
366,8017
4076,8017
3984,8019
3363,8021
1755,8023
1967,8023
246,8026
4424,8026
4491,8026
6402,8026
21,8028
872,8028
827,8029
2487,8030
3481,8032
6102,8032
279,8035
7249,8037
44,8039
193,8039
1804,8039
5025,8039
5275,8039
110,8040
4,8041
2411,8041
1650,8042
56,8044
233,8044
583,8044
1435,8045
0,8049
2002,8049
1460,8051
29,8053
826,8053
7141,8054
619,8055
872,8055
5531,8055
426,8059
6135,8061
489,8062
943,8062
7980,8062
1468,8063
21,8064
3095,8064
2421,8066
7357,8066
3502,8068
310,8069
5351,8069
1210,8070
6567,8070
139,8071
5428,8071
7661,8072
1527,8074
779,8077
325,8080
6768,8080
393,8081
4775,8082
138,8083
866,8083
4675,8083
583,8084
199,8085
1781,8085
475,8086
854,8090
5641,8093
6968,8094
382,8096
675,8096
558,8097
3207,8097
8009,8097
949,8098
2,8099
4885,8099
7163,8099
245,8100
1270,8100
6521,8101
7039,8101
6369,8104
4,8105
3104,8105
1202,8107
5055,8107
5146,8108
2,8109
1846,8110
827,8111
8021,8112
5831,8113
6822,8115
8099,8115
566,8116
1794,8116
2026,8118
5705,8119
2,8120
985,8120
7955,8120
7463,8122
23,8123
179,8124
1831,8124
11,8125
487,8125
2327,8125
629,8126
5192,8126
1277,8127
2678,8128
2782,8128
21,8129
489,8130
7316,8132
242,8133
4428,8133
3221,8134
118,8135
77,8136
476,8136
616,8138
8,8140
5,8142
494,8144
52,8145
6370,8146
7124,8146
3501,8147
4088,8147
1553,8149
21,8152
709,8152
90,8153
5069,8158
3667,8159
640,8160
188,8161
420,8162
104,8166
5669,8167
64,8168
7238,8169
6721,8171
706,8173
1506,8173
440,8174
4959,8175
6623,8175
4014,8179
1887,8180
390,8181
3524,8183
7339,8184
2,8188
508,8189
6693,8189
7162,8192
189,8193
498,8193
151,8194
2397,8194
7410,8195
8149,8195
219,8197
2060,8197
98,8199
1471,8199
6822,8199
6664,8200
1926,8201
865,8202
2186,8202
5128,8205
136,8206
1423,8206
5931,8206
6112,8206
1777,8207
7358,8207
2737,8208
5621,8209
292,8210
3232,8210
442,8211
419,8212
2904,8212
1598,8213
3,8214
752,8216
1371,8218
29,8219
2729,8219
489,8222
3336,8223
2770,8228
596,8229
19,8230
2891,8231
5979,8234
1541,8235
3781,8235
5792,8235
464,8236
1060,8236
313,8237
827,8241
6673,8241
2481,8245
450,8247
854,8251
108,8252
5251,8252
1,8255
117,8255
7727,8256
1628,8257
2828,8257
1720,8258
6206,8258
8,8259
3600,8259
1,8260
757,8260
1506,8262
29,8263
7930,8264
53,8266
854,8266
1242,8267
3250,8267
378,8268
1031,8268
4023,8268
381,8269
390,8271
2436,8271
6087,8272
341,8273
174,8276
245,8276
246,8277
4258,8278
1699,8279
31,8280
4533,8280
6415,8280
513,8282
3127,8282
6690,8283
482,8284
65,8285
420,8285
37,8288
126,8289
2527,8289
6060,8290
7141,8291
5024,8293
1516,8294
2128,8294
382,8295
1685,8295
353,8296
3547,8297
484,8299
213,8300
3857,8301
1674,8303
1325,8304
4057,8304
813,8305
1015,8305
3793,8305
6112,8305
6831,8307
4417,8308
5651,8308
2,8309
7971,8310
108,8312
5,8313
77,8314
1456,8315
1496,8317
8039,8317
1,8319
5329,8320
5298,8321
3852,8323
7591,8323
135,8324
881,8325
5202,8325
37,8326
1144,8326
3959,8326
2662,8327
238,8328
29,8330
985,8331
1142,8331
1642,8332
1779,8333
2997,8333
3996,8333
6683,8334
37,8336
84,8337
5,8338
1920,8346
4346,8349
189,8351
381,8353
572,8353
4643,8356
34,8357
322,8357
43,8362
1142,8362
8,8363
420,8363
4415,8366
5374,8367
3793,8369
8085,8369
8272,8369
3139,8370
1477,8371
2302,8371
6370,8371
381,8373
286,8374
2281,8374
3047,8374
7183,8374
2,8375
36,8375
155,8376
634,8376
984,8376
1343,8378
1422,8379
8005,8380
1168,8382
1418,8383
4462,8384
7891,8384
3722,8385
5809,8387
1,8389
1184,8390
6433,8390
4036,8391
321,8392
3209,8397
5651,8397
558,8398
5279,8399
3123,8400
634,8402
4731,8403
21,8406
6101,8406
397,8407
6168,8408
5661,8409
172,8411
414,8412
2588,8414
8375,8414
697,8417
4304,8417
31,8418
241,8418
1025,8418
7505,8420
3123,8422
4800,8422
5329,8422
1125,8423
138,8424
4372,8425
120,8431
501,8431
247,8432
4694,8432
6923,8435
2337,8436
1063,8438
2944,8438
230,8442
47,8445
748,8447
2417,8447
4019,8447
6496,8450
8402,8450
5152,8451
489,8452
973,8452
4731,8452
29,8454
5411,8455
2365,8458
5616,8458
5146,8459
2195,8461
1630,8463
60,8467
484,8467
755,8468
6020,8469
7305,8469
5232,8471
7920,8471
155,8472
4989,8472
3810,8473
2186,8477
2787,8477
169,8478
1861,8478
3232,8478
6550,8478
8323,8478
711,8479
824,8480
1779,8480
850,8481
5875,8481
107,8482
6113,8483
2049,8484
4258,8484
4340,8485
6311,8485
7801,8486
970,8487
1419,8488
5852,8488
7035,8490
285,8491
572,8492
7163,8493
1007,8494
2652,8494
416,8495
5144,8495
8305,8496
2751,8499
256,8502
712,8502
2786,8502
6087,8502
6561,8502
56,8503
718,8504
943,8505
5538,8505
3573,8507
5022,8507
5298,8507
74,8508
8,8510
6326,8510
37,8511
176,8511
1937,8511
4756,8512
541,8513
1034,8513
8002,8513
43,8514
790,8514
1671,8515
538,8517
5459,8517
301,8518
4534,8518
11,8519
2116,8520
7951,8523
6567,8524
725,8525
1023,8525
1463,8526
5790,8527
2303,8529
2821,8529
533,8530
3468,8531
4417,8532
8241,8532
3104,8533
420,8534
7745,8534
1292,8535
1184,8536
1196,8537
3875,8538
8115,8538
4506,8539
373,8540
4203,8540
3467,8541
118,8542
432,8542
1049,8542
3819,8543
7553,8543
4679,8544
101,8545
1510,8545
4106,8545
1,8546
3153,8546
1340,8547
1169,8548
2470,8550
7080,8550
484,8551
1265,8551
5101,8551
31,8552
315,8552
7685,8554
414,8555
1354,8556
7598,8556
4307,8557
4385,8557
3475,8558
7983,8558
715,8561
3473,8561
640,8562
1371,8562
108,8564
558,8564
8125,8565
155,8566
3549,8566
919,8569
1620,8569
246,8570
1254,8570
2676,8570
2867,8572
4565,8572
440,8573
627,8573
6230,8573
7725,8578
1919,8580
2672,8580
3266,8580
1014,8583
6995,8585
3151,8586
3340,8586
4630,8587
6201,8588
60,8589
217,8589
1,8590
925,8591
8045,8591
2217,8592
991,8593
5312,8594
2,8595
3852,8595
104,8596
1920,8598
6688,8599
5631,8600
3523,8601
5764,8603
1149,8604
6095,8604
4628,8606
4649,8606
5057,8606
7577,8606
991,8607
1079,8608
8054,8608
7,8609
1254,8609
93,8612
738,8614
1477,8614
5931,8616
2594,8618
6952,8618
8,8620
18,8620
247,8620
880,8621
4380,8622
2195,8624
60,8625
140,8628
6526,8628
4731,8629
2267,8630
31,8631
256,8635
140,8636
7745,8637
2531,8638
190,8640
5711,8642
186,8643
761,8643
1168,8643
95,8644
3527,8644
5693,8644
8606,8647
2,8650
4424,8651
3806,8652
3882,8653
4977,8653
156,8654
1712,8654
411,8656
6316,8656
2735,8657
846,8661
1064,8662
1207,8663
241,8667
1356,8667
7080,8667
341,8668
5782,8668
4143,8669
612,8670
6596,8670
8614,8671
6716,8673
2046,8675
52,8676
1025,8676
3738,8676
11,8677
37,8677
2618,8678
5542,8679
8004,8679
2569,8680
4049,8680
711,8681
5640,8681
6763,8681
7167,8682
259,8683
98,8684
7350,8684
3608,8685
134,8688
1024,8688
1165,8688
0,8689
118,8689
3173,8690
704,8691
2413,8691
8431,8693
0,8695
241,8696
532,8696
60,8697
136,8698
468,8698
1247,8698
1656,8699
8402,8701
4217,8702
1251,8703
7646,8703
21,8704
4213,8704
8252,8704
1151,8706
256,8708
2032,8708
3129,8708
7604,8708
1869,8709
8147,8709
5109,8711
6877,8711
8656,8712
283,8714
634,8714
2665,8714
826,8716
1207,8718
8369,8718
56,8719
65,8719
3825,8719
2160,8720
7516,8720
698,8725
4564,8725
1340,8726
1,8728
2,8729
355,8730
8711,8730
184,8731
8,8732
7302,8732
3606,8733
6156,8733
1111,8734
4191,8736
5844,8738
1766,8739
3176,8739
957,8741
3703,8742
2724,8746
7301,8746
8260,8747
55,8748
3250,8749
8523,8750
6112,8752
5595,8753
1178,8754
1626,8754
246,8755
777,8755
5939,8755
1148,8756
4659,8756
6156,8757
191,8760
5178,8760
2470,8761
4067,8761
5524,8761
598,8762
8478,8762
245,8764
484,8764
1057,8764
8458,8766
8100,8767
304,8768
5041,8768
7162,8768
1524,8771
2291,8771
7623,8771
571,8773
7060,8773
98,8775
3568,8775
4,8778
1885,8780
90,8782
6616,8783
8370,8784
629,8785
634,8785
420,8786
6171,8786
8330,8787
8773,8788
2063,8791
6433,8793
1,8794
7759,8797
19,8798
1429,8798
2130,8798
5452,8798
25,8800
1203,8800
1589,8801
2984,8801
3910,8801
3558,8802
406,8803
6770,8803
6943,8803
1341,8804
3533,8804
1354,8805
119,8808
894,8808
3502,8810
5,8811
1340,8813
242,8815
184,8816
8,8817
124,8817
219,8819
6125,8819
2699,8820
640,8821
189,8824
3467,8824
1,8825
5834,8825
2928,8827
3394,8827
942,8831
1810,8831
4591,8831
288,8832
946,8834
985,8835
6203,8835
8305,8835
8620,8835
8804,8835
126,8836
60,8837
2831,8838
8604,8838
419,8839
6215,8839
4422,8840
36,8841
2617,8842
183,8844
426,8844
850,8844
53,8847
3521,8847
56,8848
1474,8848
3337,8850
4073,8850
2616,8852
2898,8852
6535,8853
811,8854
4208,8854
5878,8854
5398,8855
6390,8855
420,8857
5484,8858
2331,8859
2,8862
3597,8864
4099,8864
414,8867
1506,8867
7591,8867
6,8868
5669,8868
1435,8871
8268,8873
12,8874
7447,8874
7885,8875
288,8876
4411,8876
5963,8877
6375,8877
340,8880
3606,8880
7382,8880
8149,8880
949,8881
8624,8884
151,8885
382,8885
5459,8887
7573,8887
2143,8888
554,8892
4258,8894
2622,8895
2158,8896
4351,8896
55,8899
1935,8899
6704,8899
1667,8900
1975,8900
6096,8900
20,8901
645,8901
2474,8901
2060,8902
576,8903
3155,8903
3521,8903
4834,8903
5604,8903
1429,8904
3149,8904
7112,8904
4852,8905
65,8907
137,8907
4033,8907
283,8908
5879,8910
1972,8913
2,8916
1242,8917
7354,8917
161,8918
1280,8918
7017,8918
1940,8921
2267,8922
270,8923
1403,8924
3444,8924
3601,8925
8463,8926
5402,8927
2250,8928
8771,8928
8045,8929
1165,8931
313,8932
3194,8932
414,8934
847,8935
4456,8935
8420,8935
245,8936
3782,8936
119,8937
2829,8937
7158,8938
8208,8939
6298,8940
22,8941
1641,8941
78,8942
4534,8944
2588,8945
6616,8945
5059,8946
374,8948
999,8948
4798,8950
752,8952
2,8954
1280,8954
1293,8956
8096,8956
242,8957
8447,8957
3622,8960
337,8963
3398,8964
2735,8965
7636,8965
3703,8967
216,8968
1369,8968
2186,8972
7350,8972
3959,8973
4977,8973
4828,8975
293,8976
2337,8977
554,8978
1872,8978
288,8979
725,8979
3331,8980
3738,8980
6091,8980
4348,8981
5855,8981
2705,8982
5764,8982
8598,8982
2520,8983
6087,8983
2,8984
2014,8985
5589,8986
1297,8988
8550,8988
1354,8991
3047,8991
236,8992
1439,8992
1790,8992
126,8993
2423,8997
5005,8997
3676,8999
4756,8999
709,9003
2295,9003
4816,9004
1047,9005
1804,9006
6196,9006
7585,9007
7169,9008
1254,9009
3514,9012
7123,9014
872,9015
313,9017
4046,9017
199,9018
4106,9018
7373,9018
21,9019
5453,9020
7925,9020
2971,9022
5023,9023
853,9025
5094,9027
195,9029
414,9029
482,9029
1500,9030
4998,9030
5933,9030
8,9031
2343,9031
934,9032
697,9033
5231,9033
1024,9034
6867,9034
8228,9034
615,9036
2482,9036
9034,9036
1,9038
5339,9038
1456,9039
2448,9039
7435,9043
3358,9044
80,9045
351,9045
387,9045
1111,9045
8369,9045
420,9046
2255,9049
2419,9049
7470,9050
1539,9051
1781,9051
3591,9051
136,9054
3596,9055
8039,9055
2018,9058
4815,9058
172,9059
4564,9061
850,9065
224,9066
4055,9067
12,9068
7885,9068
3351,9069
6073,9070
283,9073
6666,9075
814,9077
1126,9077
353,9078
3630,9078
1025,9079
1976,9079
4489,9081
2474,9086
2680,9086
1516,9087
610,9091
341,9092
256,9093
1942,9093
2915,9093
6526,9094
3186,9095
4049,9095
957,9097
3515,9097
136,9099
4417,9099
256,9100
485,9100
4,9102
2010,9102
5879,9102
752,9104
98,9107
1326,9107
1867,9108
3165,9108
3771,9110
1180,9111
630,9112
8152,9113
8606,9113
800,9115
80,9117
556,9118
2622,9122
9055,9122
2428,9123
12,9124
151,9124
1530,9124
164,9125
1451,9126
3863,9127
1530,9129
5404,9129
6757,9129
4039,9130
1201,9131
5437,9132
490,9133
2302,9133
5339,9134
424,9137
1826,9137
8,9138
4393,9139
4272,9140
4975,9141
7432,9141
7611,9142
420,9144
8452,9146
660,9147
5001,9147
29,9148
2212,9148
0,9149
1975,9149
5023,9149
283,9150
2195,9150
826,9153
3344,9155
4103,9155
5995,9155
7170,9155
1786,9157
4477,9157
541,9158
4948,9158
8616,9158
21,9159
1293,9159
2207,9161
60,9162
7956,9162
534,9164
7128,9164
2586,9165
472,9166
6250,9168
5284,9170
11,9171
1253,9171
104,9173
3034,9173
3898,9173
18,9174
5919,9174
3240,9175
7330,9175
1423,9176
90,9179
5091,9179
2250,9180
5237,9180
8550,9181
548,9182
4331,9182
5073,9182
580,9186
1151,9187
1674,9187
3842,9187
1496,9188
2868,9188
5991,9188
9036,9189
1361,9190
1328,9191
1886,9192
2375,9194
4122,9195
4707,9195
602,9197
1912,9197
3596,9199
1171,9200
3455,9201
315,9203
419,9203
3094,9203
5864,9204
288,9207
640,9207
1541,9208
2189,9208
76,9211
2014,9211
241,9212
2390,9213
9003,9214
2477,9215
7311,9215
9036,9216
5334,9217
8850,9217
154,9218
1195,9218
6888,9218
566,9219
596,9220
7322,9221
3117,9222
2866,9223
4010,9223
989,9226
3,9227
98,9227
155,9227
4677,9229
8719,9229
1,9231
4508,9231
310,9232
2149,9233
8021,9233
245,9236
1148,9236
8502,9237
1247,9239
3199,9240
960,9243
2,9244
1546,9244
1919,9245
4215,9246
2302,9247
1904,9248
273,9249
1553,9249
3321,9251
7942,9252
19,9253
3306,9253
111,9254
148,9255
8478,9255
7689,9256
6716,9257
2179,9258
8418,9258
583,9260
1440,9261
101,9262
1624,9262
424,9263
3994,9265
11,9270
1268,9270
1554,9270
7081,9273
6749,9274
1739,9276
7647,9279
957,9281
6896,9281
7483,9281
8328,9282
179,9284
6178,9284
807,9288
1064,9288
189,9289
1944,9289
3097,9289
8305,9289
8399,9290
1325,9291
2378,9293
3817,9293
57,9295
3245,9296
605,9297
905,9297
1056,9297
187,9298
155,9299
3523,9300
157,9301
2402,9303
709,9304
1025,9304
3037,9304
11,9306
6798,9310
8021,9310
90,9311
2604,9313
2173,9314
2786,9317
3861,9317
4040,9318
5918,9318
6611,9318
3209,9319
3165,9320
45,9322
6556,9322
1322,9323
6419,9324
5510,9325
3444,9329
6791,9330
6562,9331
98,9332
420,9332
5708,9335
6658,9335
851,9336
7,9337
64,9338
420,9338
4424,9338
167,9341
3358,9342
2849,9344
5,9345
321,9345
855,9345
1781,9345
8478,9345
176,9346
3106,9350
3418,9351
9070,9352
3863,9353
245,9354
9217,9354
2,9356
7276,9356
7885,9356
6623,9357
3149,9359
1422,9361
5861,9361
2452,9363
5207,9363
8673,9364
640,9366
2483,9366
1553,9369
4382,9372
5105,9373
1689,9374
8146,9374
31,9375
8478,9377
8,9383
1900,9383
7427,9383
393,9384
1644,9384
9293,9384
119,9385
1640,9385
3888,9386
1524,9387
3117,9389
5317,9389
1138,9390
366,9391
1120,9391
2995,9392
6158,9392
464,9393
948,9393
280,9397
49,9398
190,9398
8488,9400
8,9405
217,9408
1122,9409
4115,9410
5414,9413
712,9414
5075,9414
8719,9415
98,9416
0,9417
2110,9418
6331,9418
1,9421
8210,9421
5,9422
7528,9423
41,9428
7485,9428
7766,9430
2188,9433
1543,9434
5145,9436
64,9437
585,9437
1799,9438
19,9439
3894,9439
19,9440
98,9440
177,9440
20,9442
342,9442
1578,9442
3286,9444
5484,9444
2777,9446
60,9448
50,9449
1885,9450
7,9452
6676,9452
9322,9453
8628,9455
1188,9456
3636,9456
807,9457
1096,9457
37,9459
5643,9459
8858,9459
3810,9460
3585,9461
946,9463
1926,9463
5417,9463
36,9464
414,9464
2914,9464
3480,9464
3691,9465
4422,9465
3598,9467
752,9468
3950,9468
9297,9468
1533,9469
354,9470
2305,9470
4554,9470
29,9471
142,9471
2385,9473
5664,9473
43,9474
77,9475
2020,9475
6564,9475
5575,9477
1065,9479
4753,9480
6500,9480
8389,9480
8,9484
1901,9484
1962,9485
6215,9485
4601,9487
1242,9490
2586,9490
1366,9492
4358,9492
4974,9494
854,9495
4515,9495
7259,9498
800,9499
6937,9499
2216,9500
129,9501
1227,9501
4336,9501
4917,9503
854,9505
5699,9505
186,9506
584,9506
7543,9507
292,9508
4386,9508
3502,9511
7107,9511
2544,9512
140,9513
216,9513
2481,9513
203,9514
1279,9514
928,9516
1351,9517
410,9518
6462,9519
6892,9520
1361,9521
90,9522
1452,9522
1277,9523
3,9524
1650,9525
3469,9525
7427,9529
6224,9531
331,9534
5883,9534
2255,9537
4936,9537
8523,9537
2552,9538
23,9540
4668,9540
8101,9542
199,9544
2222,9547
1139,9548
3307,9548
4223,9548
1383,9549
2703,9549
4385,9550
3972,9551
746,9552
2792,9553
6943,9553
282,9556
3717,9556
6886,9556
1688,9557
4393,9557
2,9560
2397,9562
7733,9563
29,9564
7334,9564
3747,9565
2985,9567
5101,9567
41,9568
3365,9570
341,9571
2385,9573
314,9575
7170,9575
4775,9576
3398,9577
2010,9578
1069,9579
3045,9580
2829,9581
268,9584
6864,9584
8001,9584
9213,9584
583,9585
3,9586
2867,9586
6757,9587
25,9588
756,9588
1207,9589
872,9593
1014,9596
6673,9598
283,9601
4212,9601
9473,9601
342,9603
2722,9603
7496,9603
618,9604
811,9604
1578,9604
8,9605
4304,9605
2702,9608
1,9610
1935,9612
2012,9612
1079,9615
4758,9615
5202,9615
8730,9615
2737,9618
7659,9618
8899,9618
7589,9619
37,9620
6500,9621
661,9624
2594,9624
5577,9625
7487,9625
7645,9626
8948,9627
4350,9632
6958,9633
9029,9633
4172,9634
5069,9634
6196,9635
1076,9636
4424,9637
58,9638
4208,9639
238,9643
9293,9645
3366,9647
5526,9648
285,9651
246,9652
541,9652
9525,9653
9227,9656
3503,9657
5059,9660
6650,9660
124,9662
4673,9662
346,9664
3819,9664
6665,9666
2,9670
2856,9670
7339,9670
5595,9672
1743,9673
3810,9673
0,9674
906,9676
7882,9676
525,9678
892,9679
136,9681
2212,9683
7733,9683
328,9684
5604,9686
283,9687
3094,9687
3154,9688
7917,9690
2160,9691
7973,9691
8793,9691
2491,9694
8643,9694
5898,9695
8235,9695
9132,9696
535,9698
2245,9698
60,9699
2030,9699
379,9700
1425,9700
8374,9700
8,9702
627,9702
8,9703
1079,9704
3763,9705
2026,9707
3573,9707
4085,9707
973,9708
717,9710
602,9711
2545,9712
4043,9712
7388,9712
8551,9712
2402,9713
2946,9713
6716,9714
5500,9716
6995,9716
6817,9719
1642,9720
2604,9723
293,9724
245,9725
12,9726
1781,9726
756,9727
161,9729
5,9730
107,9730
440,9731
585,9731
1578,9731
1024,9733
151,9737
4184,9739
1545,9740
8762,9742
288,9743
1091,9743
2173,9745
1344,9746
3516,9746
4385,9747
7078,9747
9270,9748
2365,9749
3307,9749
3337,9750
176,9751
2239,9751
4424,9753
550,9754
5069,9756
616,9757
3986,9757
2739,9758
4114,9759
3600,9760
2063,9762
5108,9762
8838,9762
174,9764
5453,9764
6888,9766
8762,9767
3096,9768
174,9769
2063,9771
393,9772
1,9773
2891,9773
426,9774
6588,9774
479,9776
970,9776
6682,9776
8026,9779
2517,9781
1993,9782
2302,9782
4687,9782
31,9783
4459,9783
3548,9784
7692,9784
4497,9785
6642,9785
273,9786
31,9787
8877,9787
1626,9788
6950,9788
7761,9788
4254,9789
120,9790
5947,9790
1134,9792
6301,9792
8173,9793
1010,9794
2264,9794
6300,9794
6164,9796
4016,9797
6675,9797
5469,9800
2315,9801
2195,9802
5381,9802
8136,9803
184,9804
287,9804
98,9805
827,9806
1932,9806
2215,9807
6132,9807
1328,9809
4218,9809
9556,9811
2,9814
3030,9814
5660,9816
440,9817
1794,9818
2959,9818
4185,9819
18,9821
711,9821
155,9823
1065,9823
23,9824
1685,9824
256,9826
2358,9826
3363,9826
450,9827
2411,9827
476,9828
4049,9829
0,9830
5001,9830
6817,9830
8864,9833
136,9834
3972,9834
4156,9834
1743,9835
949,9836
259,9837
5810,9837
5438,9840
8835,9840
1670,9841
87,9842
6399,9845
8208,9846
9787,9846
7573,9847
9783,9847
2582,9848
3,9851
5981,9851
9373,9852
8,9854
6196,9856
1126,9857
5351,9859
23,9860
8181,9860
1975,9861
177,9863
198,9867
725,9867
489,9868
1196,9868
5661,9870
9332,9871
4033,9872
5329,9872
4018,9873
9694,9873
9806,9875
191,9876
1213,9876
5803,9876
9223,9877
2053,9878
7435,9878
3469,9879
157,9880
6960,9881
558,9883
1612,9883
298,9884
1449,9884
794,9885
1685,9885
8478,9885
4208,9887
4549,9887
1,9889
148,9889
1889,9890
49,9891
184,9891
3539,9891
634,9892
0,9894
583,9894
8935,9894
502,9895
2908,9895
245,9897
315,9897
566,9897
3823,9898
494,9899
8278,9899
7174,9900
8978,9900
1920,9905
650,9907
1247,9907
4980,9908
6415,9909
6937,9909
1270,9910
2665,9911
4419,9911
7502,9911
1148,9912
11,9914
50,9915
6624,9915
493,9917
9217,9918
2984,9919
7311,9920
9389,9920
4054,9922
99,9923
2941,9926
7840,9926
943,9927
1007,9927
283,9928
2,9929
734,9929
2454,9930
650,9931
6888,9932
2792,9934
3153,9934
4596,9936
1422,9937
2552,9937
21,9938
1279,9940
5321,9940
8071,9940
9461,9940
65,9941
23,9942
3975,9942
5034,9942
6677,9942
4468,9943
8564,9943
138,9944
1583,9944
8968,9944
2574,9945
9182,9945
2985,9946
1027,9947
1971,9948
11,9950
229,9950
1608,9950
1710,9950
2959,9950
4623,9951
6535,9952
354,9954
1184,9955
6737,9955
715,9956
440,9958
126,9959
6698,9959
156,9962
800,9963
3231,9963
3777,9963
4132,9964
6549,9964
1,9966
593,9968
4938,9968
1361,9969
4404,9969
8519,9969
2199,9970
2697,9973
252,9975
605,9976
2,9977
4506,9977
6320,9977
666,9979
3073,9979
3083,9979
1326,9980
9325,9980
120,9981
4122,9981
5269,9982
279,9983
328,9983
8594,9984
2098,9985
5944,9986
1494,9987
268,9989
186,9990
1326,9990
3371,9990
7200,9990
9253,9990
1418,9997
3984,9998
723,9999
5402,9999
