0,1
0,2
0,3
0,4
1,5
0,7
4,7
7,8
2,9
0,11
4,11
7,11
7,14
2,15
15,16
1,17
1,19
0,20
4,20
7,21
11,22
1,23
20,23
22,24
7,25
7,26
7,27
22,27
0,29
1,29
24,30
7,31
22,31
7,33
29,33
22,35
8,36
15,36
30,37
33,37
4,38
9,39
7,41
19,41
0,42
3,43
38,43
20,44
33,45
43,47
3,48
4,49
11,52
15,54
4,56
0,58
4,60
19,60
30,62
26,65
30,65
4,66
11,68
41,69
66,69
23,70
41,70
20,71
7,72
11,72
3,73
11,78
58,79
69,79
1,81
31,82
15,86
30,86
3,87
7,88
1,89
7,89
36,90
31,93
65,93
3,94
4,94
27,95
43,95
5,97
3,98
11,98
41,98
33,99
58,99
33,100
89,100
35,101
95,104
20,105
88,106
7,107
30,107
41,109
0,110
37,110
38,110
41,110
20,111
72,111
0,112
69,112
24,115
9,116
0,117
30,118
52,119
22,120
4,121
36,121
100,122
3,123
7,124
41,125
36,127
99,127
30,128
0,129
37,129
3,131
35,133
7,134
15,134
7,135
69,135
133,136
5,137
135,137
136,138
94,139
7,143
35,143
37,144
20,145
86,146
138,146
89,149
22,150
1,151
112,151
43,152
152,154
3,155
137,156
139,156
99,157
139,157
66,159
98,159
134,160
5,161
7,162
4,163
15,163
21,163
15,165
70,166
152,167
23,171
149,172
9,173
87,174
45,179
43,182
36,183
100,184
112,184
41,185
22,187
99,191
156,191
8,193
87,195
98,196
138,196
4,197
156,199
121,200
11,201
87,201
8,203
41,203
87,203
135,205
41,206
110,206
43,207
201,207
7,208
48,208
110,208
7,210
133,210
115,212
88,213
7,215
165,215
3,216
7,216
17,216
54,217
201,218
7,220
37,220
191,220
65,223
216,223
7,224
166,224
94,227
139,227
184,227
200,227
45,228
95,231
20,233
73,235
98,236
224,237
7,238
48,240
48,241
0,242
210,243
98,244
107,244
196,244
94,245
7,247
35,247
86,247
15,248
22,248
36,248
94,249
19,250
27,251
7,252
7,253
119,256
136,256
98,257
2,258
0,259
79,259
201,259
215,259
3,260
7,260
31,260
35,260
7,261
87,262
137,262
139,262
11,265
31,265
151,265
129,266
184,266
185,267
19,268
210,268
111,269
11,270
41,273
138,276
78,284
256,284
134,285
256,285
89,286
22,287
31,287
123,287
208,287
200,288
136,289
172,289
7,291
72,291
0,293
143,294
87,295
4,296
7,296
295,296
7,297
20,297
210,297
284,297
22,298
172,298
298,299
193,300
217,301
87,302
163,302
300,302
33,303
136,304
72,305
163,308
298,309
31,311
31,312
79,312
128,314
35,315
268,316
41,319
86,321
30,322
4,323
11,323
29,323
227,324
185,327
1,328
2,328
30,329
220,333
235,334
35,337
136,337
139,338
236,339
329,340
42,342
4,343
11,343
48,343
135,344
15,347
22,347
39,347
216,348
0,350
302,351
7,353
22,354
187,354
136,355
163,355
129,357
287,357
311,362
4,363
41,363
324,368
0,370
4,370
128,370
65,372
89,373
4,374
7,375
268,375
268,376
288,376
151,377
223,377
11,379
69,380
116,381
129,381
151,382
2,384
252,385
220,386
69,387
139,387
139,388
262,388
1,389
385,389
7,390
86,391
288,391
370,392
90,393
4,394
134,395
152,395
224,395
376,395
210,396
137,397
291,397
7,402
156,404
15,405
99,407
342,411
284,413
69,414
31,415
41,416
215,416
37,417
210,417
3,418
24,423
227,425
139,426
36,427
111,428
1,429
36,429
213,429
7,431
138,431
191,431
370,432
33,433
259,433
39,435
71,435
135,435
216,435
104,438
7,439
35,439
136,439
9,442
151,443
208,443
128,444
389,444
370,445
79,446
2,449
100,449
256,449
110,450
98,454
220,454
196,455
342,457
208,459
397,459
0,460
31,461
136,461
149,461
26,462
41,462
3,464
33,465
296,466
139,467
216,467
253,468
348,469
260,471
30,473
262,474
287,475
7,476
26,476
69,477
139,479
276,479
30,481
156,481
454,482
26,485
266,486
157,487
347,487
3,488
69,488
210,488
94,489
407,489
395,490
136,491
227,493
137,494
284,494
1,495
196,495
210,495
231,495
22,496
136,497
7,498
208,500
377,501
216,502
110,504
372,506
268,508
432,510
213,511
7,512
82,513
69,514
4,515
0,516
15,516
370,516
256,518
311,518
15,519
89,520
0,521
4,521
149,521
305,521
22,523
201,523
143,525
235,525
511,525
134,526
1,527
20,528
33,528
3,529
58,529
442,529
7,530
4,532
370,532
41,533
110,533
0,534
19,535
149,537
521,538
24,539
139,539
299,539
296,543
476,544
37,545
135,548
7,550
11,550
137,551
511,552
35,553
95,553
252,553
535,553
476,554
15,556
389,557
22,558
43,559
37,560
416,561
35,562
185,563
11,564
285,565
136,566
193,566
338,566
171,567
191,567
89,570
129,570
26,571
33,571
508,571
363,572
116,573
525,573
87,574
299,576
31,577
78,578
136,578
149,579
201,579
207,579
68,580
135,580
171,580
89,581
216,582
135,583
416,583
201,585
397,585
494,587
89,588
21,589
21,590
374,591
523,591
4,592
86,592
110,592
565,592
329,594
287,596
20,597
156,598
329,598
223,599
41,602
145,602
268,602
347,602
465,606
4,607
579,607
133,608
162,609
518,609
528,614
4,617
284,617
607,617
135,619
139,619
0,620
350,620
439,620
236,621
22,622
293,622
515,623
299,624
2,627
253,627
328,627
614,629
36,630
163,630
247,631
285,631
554,632
163,633
250,633
262,633
449,634
619,637
565,638
262,639
69,641
415,642
31,644
22,645
146,645
256,646
216,651
0,652
72,652
112,656
506,656
41,658
446,659
476,659
573,659
22,660
256,662
459,664
476,666
4,667
24,667
342,670
218,671
7,672
139,672
630,672
155,674
208,674
328,675
285,676
15,677
27,677
66,678
167,678
2,680
78,680
136,680
287,680
65,682
69,683
87,683
112,684
185,685
285,686
486,686
539,687
606,687
69,688
223,688
395,688
442,689
395,690
0,691
250,691
415,691
262,692
614,692
117,693
81,694
461,695
27,696
7,697
139,697
152,698
133,699
518,700
435,701
518,701
48,704
206,704
701,706
98,707
629,707
449,708
31,710
72,711
631,711
672,711
86,712
44,715
20,716
0,718
98,718
533,718
11,719
135,719
162,720
718,720
31,721
89,726
342,727
511,729
15,730
4,736
37,736
116,737
26,738
1,739
238,739
342,739
152,740
268,740
664,740
233,741
163,746
33,749
42,749
381,749
592,750
443,752
606,752
268,753
327,753
328,753
159,754
442,754
7,757
467,757
260,758
7,760
446,760
589,761
94,762
87,763
129,763
539,763
645,765
174,766
187,768
9,769
36,769
62,770
535,770
566,772
111,773
388,774
112,775
22,776
487,776
2,777
529,778
19,781
501,782
388,783
645,783
136,784
207,784
38,785
200,785
446,785
532,786
20,787
266,788
374,788
446,788
7,790
270,790
521,791
133,793
216,793
89,795
606,795
44,796
258,796
692,798
8,799
58,799
220,799
381,799
527,799
552,799
750,800
614,803
718,806
248,807
7,808
135,809
86,810
624,810
1,811
22,811
185,813
87,814
110,817
27,819
139,819
137,821
538,822
680,822
143,823
2,825
110,826
459,826
466,826
303,829
86,830
155,830
125,831
138,833
7,834
135,835
220,835
300,838
309,838
247,841
296,841
444,844
3,845
100,846
185,848
223,849
614,849
758,856
4,857
135,857
156,857
529,857
245,858
71,860
247,860
404,860
554,860
41,861
0,863
137,867
704,868
357,869
790,869
135,871
89,873
260,873
397,873
69,875
7,877
184,878
579,878
753,878
111,879
69,880
473,880
620,880
20,881
243,881
7,884
432,884
368,886
442,888
39,889
512,889
152,890
757,890
21,891
459,892
538,892
41,894
677,898
778,898
35,899
41,900
30,901
38,901
121,901
70,902
136,902
384,902
184,903
135,904
11,906
285,908
830,908
2,911
210,911
357,912
701,912
554,913
35,914
749,914
490,915
719,915
262,917
431,917
136,918
41,919
4,920
30,921
285,921
768,921
223,924
9,928
432,928
873,929
41,932
100,932
296,932
682,932
658,933
65,934
238,935
765,935
4,937
14,937
357,937
69,940
231,940
739,941
488,944
489,944
342,945
892,946
934,948
30,950
72,952
143,952
11,954
486,954
276,955
87,958
633,958
659,958
243,961
3,962
337,962
41,964
136,965
163,965
253,965
384,967
550,967
112,969
343,970
38,973
672,973
88,974
213,974
262,974
664,974
687,974
191,975
343,975
266,978
565,979
739,980
21,983
123,986
216,986
0,987
138,988
285,989
163,994
244,995
298,999
454,1000
9,1001
565,1001
4,1002
30,1002
376,1004
465,1004
617,1004
0,1005
4,1005
902,1006
0,1010
385,1010
0,1011
143,1011
216,1011
606,1011
135,1012
301,1014
416,1014
156,1016
489,1018
639,1018
3,1019
288,1019
680,1019
656,1020
704,1020
384,1021
110,1023
248,1023
357,1023
1005,1023
532,1024
7,1026
99,1029
135,1029
678,1029
110,1032
137,1032
651,1032
898,1032
506,1033
592,1034
7,1037
606,1037
664,1038
0,1040
516,1040
676,1040
973,1040
185,1045
776,1046
22,1047
285,1047
353,1047
1,1049
7,1049
633,1049
185,1050
691,1050
1011,1050
516,1051
869,1051
183,1052
502,1052
95,1055
11,1057
43,1058
163,1058
915,1058
435,1060
631,1060
867,1060
268,1061
465,1061
583,1061
1040,1062
7,1063
33,1067
435,1067
500,1067
974,1067
785,1068
210,1069
3,1071
134,1072
163,1072
606,1072
554,1074
941,1074
41,1075
871,1078
592,1079
288,1080
892,1080
98,1082
781,1082
822,1083
974,1083
4,1087
135,1087
1067,1088
680,1089
210,1090
235,1090
4,1092
24,1092
136,1093
838,1094
473,1096
20,1098
138,1100
305,1101
11,1102
127,1102
243,1104
3,1105
172,1108
598,1108
489,1113
68,1114
296,1114
999,1114
521,1115
41,1117
308,1117
863,1117
469,1118
545,1119
912,1120
1033,1122
7,1123
9,1123
652,1124
288,1125
511,1127
388,1128
72,1130
0,1133
329,1133
1000,1133
238,1134
0,1137
363,1138
252,1139
459,1139
516,1139
0,1140
11,1141
384,1143
1037,1144
87,1145
134,1145
89,1146
428,1146
179,1147
216,1147
449,1148
446,1150
489,1151
227,1154
220,1156
285,1158
20,1159
21,1159
69,1161
231,1161
527,1161
89,1162
908,1162
152,1165
179,1168
33,1169
810,1170
261,1171
1088,1175
110,1176
115,1176
285,1177
11,1178
136,1178
757,1179
750,1182
33,1183
89,1183
138,1183
1034,1186
48,1187
98,1187
112,1187
227,1187
256,1187
24,1189
760,1190
924,1190
36,1191
642,1192
7,1193
137,1193
869,1193
908,1193
231,1194
592,1198
151,1199
167,1199
136,1200
532,1200
890,1200
1161,1200
260,1202
941,1203
11,1204
70,1206
652,1206
104,1207
236,1208
686,1208
11,1209
135,1212
298,1213
135,1214
309,1216
397,1216
1175,1216
166,1217
262,1217
3,1218
1069,1221
296,1223
652,1223
699,1223
288,1225
435,1225
553,1227
589,1227
7,1228
72,1228
397,1228
838,1228
1060,1229
110,1230
111,1231
165,1232
379,1232
22,1235
98,1236
521,1240
23,1242
288,1242
296,1243
5,1244
22,1244
223,1244
1011,1244
22,1246
488,1248
201,1249
763,1249
428,1252
217,1253
598,1253
1002,1255
1012,1258
658,1261
112,1263
20,1265
550,1265
1026,1265
314,1267
112,1268
135,1269
591,1270
776,1270
687,1272
220,1273
965,1273
314,1274
592,1274
1037,1274
1060,1276
475,1278
760,1279
785,1280
9,1282
165,1282
583,1282
772,1282
1240,1283
201,1284
288,1284
66,1286
1134,1286
667,1287
749,1287
932,1287
1092,1287
7,1288
58,1288
43,1289
110,1289
213,1289
2,1290
136,1290
41,1291
388,1292
785,1292
231,1295
501,1297
285,1298
395,1299
1200,1299
196,1300
432,1305
974,1305
285,1306
94,1308
193,1309
395,1310
69,1311
1108,1312
1161,1314
442,1317
619,1318
591,1319
841,1319
1284,1319
15,1320
135,1320
617,1321
433,1322
1223,1322
99,1324
72,1325
494,1327
619,1327
532,1330
156,1334
260,1335
494,1336
697,1336
159,1337
41,1340
1,1341
22,1341
911,1344
89,1345
904,1345
206,1346
135,1347
3,1349
444,1350
1101,1350
1011,1351
974,1352
95,1353
442,1353
911,1353
33,1356
95,1356
769,1358
22,1362
300,1362
47,1363
736,1363
621,1364
529,1366
583,1366
135,1367
261,1368
296,1368
337,1368
609,1368
98,1369
41,1370
350,1372
296,1373
30,1374
617,1374
7,1377
231,1377
268,1377
0,1381
602,1381
52,1382
538,1382
7,1383
571,1383
589,1385
680,1385
619,1386
749,1386
293,1388
298,1388
570,1388
934,1389
1177,1389
1382,1389
523,1391
20,1392
416,1392
20,1393
207,1393
314,1394
806,1395
89,1396
0,1398
785,1398
157,1400
260,1400
9,1403
136,1403
86,1404
788,1406
1078,1407
619,1408
656,1408
1161,1408
429,1409
770,1409
838,1409
31,1410
121,1410
784,1410
1334,1410
22,1412
354,1412
1011,1413
216,1416
124,1418
136,1418
145,1419
339,1420
3,1423
573,1423
287,1425
1382,1425
98,1426
22,1428
133,1428
986,1428
1049,1428
770,1429
30,1432
236,1432
776,1434
777,1435
1082,1436
216,1437
2,1438
11,1438
1388,1439
2,1440
71,1440
163,1440
974,1441
201,1442
110,1443
1190,1443
1,1444
459,1444
1228,1444
706,1446
1248,1446
1190,1448
4,1449
86,1449
136,1450
296,1450
110,1454
243,1454
1012,1454
935,1455
994,1455
115,1456
1177,1457
1183,1457
1069,1458
1395,1458
707,1459
974,1460
664,1462
740,1462
1346,1462
22,1466
136,1469
642,1469
1270,1471
33,1473
69,1474
22,1476
117,1476
386,1476
533,1476
7,1477
11,1477
667,1477
48,1478
101,1478
116,1478
196,1479
43,1480
233,1482
35,1484
191,1485
7,1487
39,1490
185,1491
247,1491
381,1492
1189,1493
0,1495
1305,1497
35,1498
196,1498
1080,1499
1457,1499
162,1501
388,1501
1049,1501
3,1502
213,1502
0,1505
37,1505
518,1505
15,1506
139,1506
72,1507
719,1507
1487,1507
89,1508
1229,1508
0,1514
561,1514
95,1515
357,1515
7,1516
1395,1517
136,1518
1079,1518
43,1520
1,1521
134,1521
659,1521
69,1522
3,1523
583,1523
1170,1523
446,1524
7,1525
41,1525
136,1525
1060,1525
0,1526
556,1526
1113,1530
287,1532
937,1532
1193,1532
1506,1533
41,1534
268,1534
4,1535
465,1535
65,1536
7,1537
1198,1537
1032,1541
814,1542
799,1543
69,1546
238,1546
1207,1546
704,1548
860,1548
23,1550
137,1550
680,1550
201,1551
0,1552
901,1552
578,1553
867,1555
1550,1555
31,1557
1265,1558
1487,1558
680,1560
592,1563
1289,1563
7,1564
99,1564
754,1564
69,1566
139,1566
368,1566
89,1567
814,1569
1566,1569
89,1571
196,1572
15,1573
1232,1573
1074,1574
1569,1577
11,1578
1092,1578
206,1579
288,1579
1330,1579
201,1581
368,1581
435,1584
1037,1584
449,1585
433,1586
179,1587
519,1587
1005,1588
8,1589
964,1590
1208,1593
9,1594
201,1594
98,1595
376,1597
22,1598
184,1598
682,1598
38,1599
1362,1601
1413,1601
139,1602
495,1605
139,1606
1279,1606
152,1608
1395,1608
404,1609
284,1610
89,1613
111,1613
285,1615
15,1618
1143,1618
435,1622
1450,1622
386,1623
891,1623
388,1624
31,1627
210,1627
500,1627
1523,1629
110,1632
94,1633
270,1635
22,1637
112,1638
1377,1638
880,1639
2,1640
129,1640
152,1640
974,1640
72,1641
1356,1641
490,1646
1578,1647
256,1649
285,1649
22,1650
116,1652
15,1654
216,1656
20,1660
686,1660
31,1662
213,1664
1200,1664
1526,1664
1632,1666
196,1667
208,1668
0,1670
72,1671
1011,1673
562,1674
1108,1675
152,1677
1117,1677
127,1678
772,1679
99,1681
1581,1681
136,1682
4,1683
1282,1683
133,1686
136,1687
1388,1687
1679,1687
1523,1688
145,1689
37,1690
975,1690
1119,1690
22,1692
675,1692
185,1693
620,1693
41,1694
578,1694
33,1695
935,1695
1083,1696
533,1698
1055,1698
139,1699
814,1699
825,1700
9,1701
1532,1701
439,1702
48,1703
260,1703
500,1703
900,1703
354,1704
1404,1704
589,1705
592,1705
223,1707
519,1707
1457,1708
1581,1708
156,1710
227,1710
580,1710
298,1711
262,1712
753,1712
1080,1713
243,1714
135,1716
134,1717
276,1719
1162,1720
245,1721
7,1723
135,1723
328,1725
2,1726
809,1732
87,1734
701,1734
1398,1734
33,1736
567,1739
95,1741
387,1741
1462,1741
1694,1743
20,1744
404,1745
1578,1748
295,1749
1460,1749
571,1752
15,1753
27,1754
8,1756
11,1756
2,1758
372,1758
15,1759
1439,1759
1032,1760
4,1762
137,1762
1088,1762
553,1763
516,1764
783,1765
928,1765
1187,1765
19,1766
162,1766
620,1766
4,1768
81,1768
565,1770
21,1773
652,1774
201,1775
247,1775
591,1776
978,1776
1550,1776
454,1777
848,1778
1459,1779
19,1780
1398,1780
404,1782
78,1783
376,1784
106,1785
138,1785
1759,1785
174,1787
918,1791
196,1792
30,1793
710,1794
20,1796
1011,1796
11,1797
2,1798
835,1799
955,1800
1377,1802
30,1803
1139,1806
69,1807
119,1807
269,1809
110,1811
687,1811
1686,1813
22,1814
631,1814
381,1816
3,1817
596,1817
1037,1817
47,1818
974,1818
1435,1818
1668,1818
861,1819
7,1821
238,1821
1550,1821
571,1822
945,1822
1656,1822
22,1823
1479,1823
39,1824
163,1824
521,1824
33,1826
388,1826
1823,1826
0,1827
250,1828
1448,1828
285,1829
469,1832
0,1833
20,1833
539,1833
485,1836
151,1837
880,1838
184,1842
686,1842
65,1844
89,1844
145,1845
527,1845
220,1847
1501,1847
620,1848
99,1851
112,1851
1280,1852
179,1853
256,1853
241,1854
22,1855
1351,1856
298,1857
753,1857
1040,1858
2,1860
445,1864
185,1865
0,1867
112,1867
187,1867
675,1870
680,1872
377,1873
266,1874
1115,1874
1693,1876
1252,1877
216,1878
200,1879
516,1879
9,1882
580,1882
718,1886
268,1887
1563,1887
1574,1887
1011,1888
571,1889
1230,1890
1692,1890
1389,1891
210,1893
174,1896
86,1897
964,1897
512,1899
7,1900
82,1903
22,1904
1228,1904
594,1907
1124,1909
127,1910
1010,1911
41,1912
1202,1916
4,1917
138,1917
94,1919
561,1919
266,1922
432,1922
1255,1924
377,1925
1115,1925
1817,1927
0,1928
416,1928
22,1929
7,1931
432,1931
42,1932
183,1932
287,1936
2,1938
136,1938
311,1938
37,1942
1288,1942
620,1945
89,1946
1258,1947
65,1949
1288,1953
1190,1955
442,1956
921,1956
934,1956
89,1957
191,1957
1593,1958
15,1959
721,1959
1060,1960
1707,1960
316,1961
432,1962
1,1964
580,1964
516,1965
533,1965
372,1966
1002,1966
1067,1970
566,1971
873,1971
606,1973
1966,1973
149,1975
620,1975
912,1975
1523,1975
117,1976
822,1976
1438,1976
98,1979
3,1982
1798,1984
389,1985
429,1986
672,1987
370,1988
22,1990
287,1991
20,1992
183,1992
1067,1992
799,1993
208,1994
385,1994
680,1994
250,1995
721,1995
129,1998
573,1999
1469,1999
143,2000
1187,2000
69,2001
578,2001
21,2002
70,2004
24,2005
110,2005
241,2005
339,2005
259,2006
0,2007
38,2007
1067,2010
1228,2010
150,2011
704,2012
581,2013
1687,2013
445,2014
386,2016
388,2018
4,2019
435,2019
135,2020
72,2021
37,2022
634,2023
539,2024
880,2024
1318,2024
388,2026
0,2027
692,2027
62,2028
1057,2028
1069,2029
1567,2029
30,2030
354,2030
445,2031
343,2032
799,2032
432,2033
476,2033
878,2034
932,2034
1389,2034
285,2036
128,2037
166,2040
760,2041
220,2043
1741,2044
370,2046
785,2047
1725,2047
1270,2049
390,2050
1579,2051
15,2053
295,2053
1435,2053
1686,2053
1587,2056
213,2058
1183,2058
134,2060
1001,2060
1198,2063
110,2065
156,2065
581,2065
15,2066
41,2066
442,2066
466,2068
89,2069
309,2069
20,2070
1517,2070
0,2071
1844,2071
135,2073
1847,2073
2,2074
4,2079
1440,2079
573,2081
184,2083
1708,2084
89,2086
1288,2087
151,2088
783,2088
1123,2089
342,2091
4,2093
156,2093
1407,2093
591,2096
639,2096
534,2097
784,2097
1114,2097
533,2098
20,2100
262,2101
886,2102
1690,2102
1897,2102
38,2103
19,2106
311,2106
136,2107
200,2107
236,2107
284,2107
36,2108
2,2109
293,2109
1536,2109
485,2111
1268,2111
1438,2112
22,2113
1976,2113
551,2114
1346,2115
1127,2116
1749,2117
550,2118
664,2120
5,2122
1525,2122
375,2125
78,2126
216,2126
489,2126
589,2126
20,2127
7,2129
9,2129
1574,2129
208,2132
156,2133
395,2133
1049,2133
2037,2135
99,2137
527,2138
556,2138
1721,2138
1548,2141
261,2142
86,2143
11,2145
2125,2148
138,2149
822,2151
1221,2152
720,2153
1373,2154
235,2156
208,2160
1187,2160
139,2161
41,2162
633,2163
167,2164
1508,2164
3,2165
974,2165
1288,2165
1346,2167
66,2168
2127,2170
1114,2171
152,2172
347,2173
348,2173
381,2173
729,2173
2070,2173
110,2174
137,2175
1823,2176
504,2177
1284,2177
388,2179
389,2180
948,2180
676,2184
1176,2186
1439,2189
389,2191
22,2192
701,2192
944,2192
1255,2193
449,2194
701,2194
23,2195
911,2195
7,2196
339,2196
266,2197
924,2197
1392,2200
99,2203
564,2203
1492,2204
112,2205
20,2206
1344,2206
22,2207
1350,2207
20,2208
314,2209
630,2209
739,2209
223,2210
1199,2210
357,2211
565,2211
404,2212
617,2212
127,2213
139,2213
337,2213
716,2213
1624,2214
3,2215
54,2215
1800,2215
879,2216
994,2216
69,2218
1011,2218
2173,2218
598,2219
1049,2220
688,2223
1255,2225
33,2226
1344,2226
790,2232
631,2234
858,2234
901,2235
1200,2236
1382,2238
247,2239
2213,2239
565,2240
565,2242
2063,2242
95,2243
467,2243
1683,2244
784,2245
1608,2245
66,2246
1117,2246
107,2250
287,2250
1139,2251
238,2254
435,2254
1975,2254
1092,2255
716,2257
1069,2259
1919,2259
296,2260
715,2260
5,2263
342,2263
1988,2264
2175,2266
106,2267
442,2267
539,2268
632,2269
1960,2269
135,2272
858,2273
1297,2274
1555,2274
900,2275
184,2276
208,2276
220,2276
3,2280
579,2281
2071,2282
1366,2283
395,2284
1526,2284
1929,2285
2028,2286
602,2288
769,2288
1146,2288
7,2289
11,2289
291,2289
415,2289
1190,2289
620,2290
1677,2291
1023,2292
139,2293
162,2295
869,2296
220,2297
30,2298
1501,2298
1200,2300
1938,2300
2120,2300
1985,2301
151,2302
935,2305
1947,2306
65,2307
2216,2307
69,2309
1032,2309
285,2310
800,2310
1581,2310
592,2311
156,2312
69,2313
216,2313
1598,2313
446,2314
17,2315
41,2315
262,2315
98,2316
1409,2317
0,2319
149,2319
760,2319
7,2321
773,2321
873,2321
24,2324
1037,2324
0,2325
7,2327
1525,2329
2096,2329
1506,2330
1764,2330
19,2331
772,2331
435,2332
334,2335
7,2336
462,2336
1459,2336
2276,2336
136,2338
1124,2338
1159,2340
2173,2340
216,2341
41,2343
565,2343
9,2344
298,2345
785,2345
1564,2345
1,2346
1382,2346
2332,2346
2344,2348
370,2349
162,2351
1203,2352
100,2354
2022,2354
116,2355
123,2355
267,2355
337,2355
36,2356
1006,2356
416,2357
620,2357
1957,2357
1252,2359
462,2360
1204,2360
33,2361
1776,2363
11,2364
680,2365
41,2366
207,2366
1773,2366
2109,2367
658,2368
1123,2368
1394,2368
1443,2369
298,2371
134,2373
488,2373
857,2373
1410,2374
1011,2376
89,2377
1340,2377
4,2378
390,2379
19,2381
1061,2382
1395,2382
2097,2382
2234,2383
2355,2384
156,2385
442,2386
462,2386
241,2388
129,2389
688,2390
1139,2391
1704,2391
4,2393
395,2393
634,2393
1440,2393
712,2399
0,2401
994,2401
223,2402
19,2403
20,2403
15,2404
243,2407
1455,2407
701,2408
223,2410
622,2410
2001,2410
1705,2411
416,2414
340,2415
557,2415
1752,2415
22,2416
72,2416
152,2417
763,2417
489,2421
2193,2421
1104,2422
43,2423
1368,2424
350,2426
15,2427
902,2428
115,2429
1011,2429
1506,2430
2069,2430
2174,2431
1037,2433
69,2434
220,2434
473,2437
902,2437
134,2438
227,2439
388,2440
918,2440
1694,2440
639,2441
1120,2441
7,2443
250,2443
252,2444
138,2447
630,2451
1032,2451
1178,2455
1353,2455
312,2456
614,2456
1225,2456
946,2457
1579,2458
228,2459
911,2463
1585,2463
41,2466
1217,2466
1477,2466
266,2469
560,2470
823,2470
30,2471
1011,2473
1288,2473
1764,2473
78,2474
565,2474
0,2475
525,2475
1797,2475
1170,2477
156,2478
357,2478
686,2480
776,2480
1249,2480
578,2481
1023,2482
1347,2482
1563,2482
11,2483
1092,2484
435,2487
2215,2487
138,2489
2338,2491
257,2492
1457,2493
494,2495
662,2495
659,2496
645,2498
388,2500
15,2501
2032,2501
247,2504
11,2506
368,2506
974,2506
1454,2506
1499,2506
22,2509
256,2509
1092,2510
152,2512
162,2512
2496,2512
342,2513
1159,2513
1278,2513
716,2514
2160,2515
0,2516
565,2516
900,2518
1119,2519
592,2520
2173,2520
2,2521
78,2521
1306,2521
1038,2523
692,2524
1108,2525
236,2527
656,2528
2310,2529
119,2530
1457,2531
208,2534
500,2534
163,2535
89,2536
858,2537
266,2538
43,2541
7,2542
1480,2542
166,2546
288,2546
2173,2546
24,2548
27,2548
2496,2549
7,2550
94,2550
2126,2550
56,2551
135,2553
2047,2554
11,2556
1175,2557
390,2558
773,2559
935,2559
1698,2559
1253,2560
550,2563
633,2563
7,2565
328,2565
2097,2565
638,2567
941,2568
2028,2568
1244,2569
1710,2569
687,2570
1927,2573
1867,2574
1061,2578
2208,2578
1032,2579
1932,2579
1917,2581
87,2582
1248,2583
553,2584
210,2585
1563,2586
2021,2586
1395,2588
99,2589
1480,2593
664,2600
31,2601
268,2602
741,2603
3,2606
848,2606
388,2612
1108,2612
368,2613
1791,2613
1200,2614
432,2615
511,2615
2022,2615
100,2619
529,2620
81,2621
72,2624
1506,2626
2071,2627
2563,2627
1087,2628
136,2630
1560,2630
620,2631
1756,2631
1104,2632
0,2635
770,2635
20,2636
1227,2636
4,2637
89,2637
974,2642
139,2643
2619,2644
65,2645
1033,2645
1936,2645
1372,2646
2569,2647
1288,2648
0,2649
276,2654
7,2655
391,2655
1608,2655
100,2658
22,2659
1072,2659
1193,2659
4,2661
1457,2663
1601,2665
172,2666
1284,2666
652,2667
296,2668
112,2670
2210,2670
149,2672
672,2672
200,2673
589,2673
664,2674
944,2674
1454,2677
328,2678
753,2679
1635,2680
2478,2680
299,2681
2001,2681
438,2682
208,2683
1223,2683
0,2684
1011,2685
1,2687
1593,2687
357,2688
33,2689
790,2689
1093,2689
945,2690
203,2691
2626,2691
22,2692
139,2692
2240,2692
402,2693
1244,2694
2069,2694
2235,2694
691,2695
1230,2695
2089,2696
139,2698
95,2700
1244,2700
1366,2700
1917,2701
210,2702
370,2704
583,2705
136,2707
1061,2709
1585,2709
1288,2710
15,2712
2063,2712
799,2713
70,2714
137,2715
921,2715
667,2716
112,2717
1469,2717
2521,2719
174,2720
223,2720
250,2720
4,2721
835,2721
2243,2721
1101,2722
2216,2722
152,2723
2631,2724
664,2726
2689,2726
1698,2728
822,2729
1113,2733
2107,2733
2589,2733
652,2735
1018,2735
119,2736
30,2738
329,2738
1377,2738
1505,2738
7,2739
62,2739
156,2739
1693,2739
38,2740
1409,2740
48,2744
784,2745
288,2748
2133,2749
152,2752
89,2753
1346,2753
87,2755
1175,2755
752,2757
1061,2757
1515,2757
1459,2758
416,2765
2521,2768
2314,2769
11,2770
2390,2770
305,2772
1156,2773
1543,2773
2606,2774
518,2776
974,2780
1586,2781
1438,2782
22,2783
2569,2783
2769,2786
200,2787
220,2787
253,2789
1992,2790
683,2792
1992,2792
98,2794
2336,2794
2336,2795
157,2800
2475,2800
2005,2801
328,2803
1300,2805
2,2808
788,2809
1833,2809
35,2810
814,2810
2213,2811
22,2812
1394,2814
1640,2814
932,2816
621,2818
3,2819
157,2819
248,2819
135,2820
753,2820
578,2821
35,2823
0,2827
135,2827
561,2827
1118,2827
2559,2828
443,2829
1118,2833
1584,2833
5,2835
597,2836
474,2837
139,2838
638,2838
1725,2839
606,2841
4,2843
2103,2844
9,2845
1782,2845
1092,2847
446,2850
2213,2850
1717,2852
262,2853
1377,2854
138,2855
149,2855
111,2856
1255,2858
1487,2858
2225,2860
432,2861
1563,2863
1768,2864
135,2865
344,2866
2010,2868
607,2869
1574,2870
2739,2870
27,2872
303,2872
231,2874
58,2876
128,2877
1221,2878
1555,2879
1366,2883
2037,2883
143,2887
672,2887
1346,2888
2097,2889
788,2892
1432,2892
1698,2892
136,2893
1891,2894
20,2896
135,2896
617,2896
799,2896
1123,2896
287,2897
208,2900
377,2901
446,2901
633,2901
1432,2901
2210,2901
1010,2903
1334,2903
248,2907
2845,2907
1324,2908
2430,2909
94,2911
1159,2912
26,2914
11,2917
1190,2917
2173,2918
298,2920
2213,2920
554,2921
1409,2921
2911,2923
559,2925
171,2926
446,2926
185,2927
892,2927
146,2928
488,2928
511,2929
2659,2929
1693,2932
20,2933
135,2933
2883,2933
42,2934
539,2934
1942,2935
2255,2935
216,2936
1852,2936
4,2937
347,2938
2589,2939
439,2940
578,2940
1682,2940
15,2941
15,2942
1931,2942
363,2943
1158,2943
1227,2945
1945,2945
1092,2946
210,2947
20,2948
1190,2948
880,2950
2023,2950
135,2951
287,2951
1787,2951
342,2953
516,2953
911,2954
1018,2954
19,2955
7,2956
259,2956
2606,2956
31,2957
388,2957
488,2957
1550,2959
2477,2960
1187,2961
327,2962
1067,2962
1179,2964
1227,2964
2211,2964
118,2966
7,2968
1108,2969
354,2971
534,2971
42,2972
68,2974
163,2976
7,2977
7,2978
1263,2980
1845,2981
69,2982
319,2984
912,2985
711,2986
41,2987
393,2988
1578,2988
343,2989
38,2994
849,2995
2513,2997
2920,2997
15,2998
795,2998
2175,2998
559,2999
2300,3000
494,3001
87,3003
619,3003
1457,3003
65,3004
1459,3004
2329,3004
65,3005
265,3007
357,3007
620,3007
1888,3008
461,3011
30,3013
819,3013
1525,3013
566,3016
41,3018
1867,3019
2391,3022
228,3026
697,3026
799,3026
1032,3026
1723,3026
921,3027
973,3031
7,3036
2300,3036
133,3039
760,3039
11,3040
429,3040
754,3043
5,3046
65,3047
68,3047
645,3048
858,3048
22,3050
1936,3050
1959,3050
880,3051
2274,3053
7,3057
1887,3060
19,3063
2,3064
2429,3064
223,3065
577,3065
2715,3065
2567,3066
79,3067
785,3068
2589,3070
726,3073
19,3074
69,3075
7,3077
485,3077
1443,3077
2079,3077
110,3078
538,3078
592,3078
550,3082
2666,3082
100,3083
1526,3084
2307,3085
3026,3085
41,3086
262,3088
469,3088
784,3088
602,3089
1253,3090
216,3095
1822,3095
298,3096
1011,3096
22,3098
162,3098
72,3101
2171,3101
1046,3104
0,3105
580,3105
877,3105
4,3106
553,3106
37,3107
718,3109
729,3109
1692,3109
945,3111
31,3112
216,3112
4,3114
89,3115
2589,3117
1146,3118
1999,3118
58,3119
796,3119
3031,3119
1476,3120
362,3121
1147,3122
617,3128
31,3129
523,3129
800,3129
2173,3130
3031,3132
2288,3136
0,3138
428,3138
2888,3139
1416,3140
2032,3141
268,3142
381,3142
622,3142
1874,3144
162,3145
687,3146
110,3148
1462,3148
41,3149
500,3149
1409,3149
1363,3150
41,3151
208,3152
450,3152
2429,3153
580,3154
2619,3156
980,3157
2063,3159
342,3161
1535,3161
1577,3161
2029,3161
1597,3162
31,3163
2355,3163
1409,3164
220,3166
33,3167
351,3167
1369,3168
718,3169
935,3173
1045,3176
303,3177
2687,3177
1140,3180
166,3182
243,3182
1191,3182
3115,3184
247,3185
964,3185
1492,3185
2005,3185
7,3188
250,3188
443,3190
2506,3190
261,3191
404,3191
473,3192
2953,3193
1563,3194
2674,3196
834,3197
1178,3197
3188,3197
297,3198
416,3198
1292,3198
2685,3199
680,3200
112,3201
551,3201
1398,3201
1190,3202
285,3204
435,3205
1855,3205
20,3207
514,3207
1443,3207
1553,3211
27,3214
217,3214
1274,3214
769,3215
2173,3215
397,3216
506,3216
1594,3217
645,3218
784,3219
1012,3219
296,3221
1975,3221
2243,3221
617,3223
1550,3223
2111,3223
116,3225
799,3226
2193,3226
72,3227
1230,3227
1033,3228
1444,3228
54,3229
2010,3230
523,3231
2316,3233
1228,3234
1279,3234
1353,3234
1677,3234
291,3235
754,3235
1,3237
268,3237
381,3237
384,3237
20,3240
363,3240
435,3246
262,3247
1318,3247
1228,3249
1563,3249
753,3250
1058,3251
30,3252
372,3252
3185,3252
7,3254
2097,3254
236,3258
1444,3258
184,3259
2739,3259
31,3260
1366,3262
1255,3264
1501,3264
287,3266
439,3266
2259,3266
238,3267
22,3268
98,3269
2138,3269
2681,3270
583,3271
1300,3271
136,3274
3200,3278
250,3279
1794,3280
1298,3281
2309,3281
129,3283
1864,3284
43,3286
266,3287
137,3288
770,3289
36,3290
196,3290
145,3291
1373,3291
363,3292
2619,3292
1640,3294
790,3296
1120,3296
370,3298
1002,3299
1439,3299
30,3302
2715,3304
1712,3306
688,3307
1189,3308
784,3309
15,3310
368,3311
415,3311
233,3314
2246,3316
2950,3316
2235,3319
2894,3319
388,3320
886,3320
3,3321
227,3321
1526,3321
1701,3321
2193,3322
30,3323
443,3323
2951,3323
3089,3325
303,3327
1299,3327
89,3331
1734,3331
1550,3337
8,3338
1117,3338
2690,3338
389,3340
753,3341
136,3342
174,3342
1221,3342
2081,3342
533,3343
1288,3344
0,3348
185,3349
1018,3349
1208,3349
2225,3350
822,3351
2243,3352
2523,3352
72,3354
138,3354
740,3356
587,3357
293,3359
2620,3359
3121,3360
183,3361
266,3361
446,3361
1320,3361
1004,3362
2216,3363
937,3364
1289,3367
21,3368
1398,3369
0,3371
15,3371
602,3372
3,3373
19,3373
1622,3373
65,3374
0,3376
446,3376
1818,3377
22,3378
258,3379
89,3381
1548,3381
592,3382
1217,3383
1637,3383
1705,3384
1938,3386
163,3387
442,3388
1314,3388
1440,3388
765,3389
2484,3389
30,3391
2776,3396
380,3399
699,3399
525,3400
1999,3404
3065,3404
7,3405
1766,3406
944,3407
1175,3407
3048,3408
112,3409
163,3410
1966,3410
110,3411
329,3412
446,3412
116,3415
2226,3416
1749,3418
4,3419
474,3419
2016,3419
3289,3419
82,3421
2290,3421
1622,3423
296,3424
757,3428
900,3428
2250,3429
2870,3430
2410,3431
288,3433
370,3434
1886,3434
208,3435
0,3436
1641,3437
614,3439
3036,3440
688,3441
5,3442
43,3444
1072,3444
2433,3444
573,3446
606,3446
15,3447
31,3447
15,3448
1011,3450
2232,3451
185,3452
397,3452
497,3453
357,3454
1143,3455
784,3456
523,3458
1263,3458
2117,3459
476,3461
2768,3462
1708,3463
1773,3466
3386,3466
343,3468
553,3468
2700,3468
583,3470
191,3473
2443,3474
753,3476
2626,3476
1780,3477
2037,3477
33,3478
777,3478
2720,3480
3372,3480
404,3481
206,3482
682,3484
1049,3485
1855,3486
2559,3487
3221,3487
110,3489
66,3492
858,3492
974,3493
99,3494
1208,3494
2366,3496
298,3497
1040,3497
1824,3497
1938,3497
2195,3497
2521,3498
250,3500
518,3500
86,3501
196,3501
227,3502
1462,3502
2551,3502
99,3503
617,3503
2646,3503
2578,3504
298,3505
1552,3505
1456,3507
4,3508
268,3508
1450,3508
7,3510
3145,3511
41,3512
553,3513
0,3514
99,3514
429,3514
2296,3514
716,3515
136,3522
253,3522
38,3526
152,3527
2063,3527
2196,3527
2440,3528
2959,3528
1886,3529
22,3530
2079,3531
3383,3531
1061,3532
3,3534
620,3535
8,3536
1516,3536
3433,3536
2559,3537
1061,3538
2388,3538
112,3539
223,3539
268,3539
2345,3539
87,3540
227,3540
261,3540
826,3544
256,3545
260,3547
250,3549
72,3551
2111,3551
110,3552
39,3553
41,3553
2267,3553
24,3554
1404,3554
2173,3554
35,3555
515,3556
2422,3556
2892,3556
201,3557
342,3557
98,3558
0,3559
1641,3559
112,3560
2769,3561
2133,3565
395,3566
948,3569
1012,3570
1833,3570
136,3572
1227,3573
687,3574
2026,3574
2066,3576
200,3577
314,3580
1581,3580
156,3582
491,3582
1001,3584
3,3585
86,3585
3531,3586
72,3587
3,3588
658,3588
975,3588
2309,3590
372,3591
1460,3596
23,3597
2060,3597
1075,3599
1288,3599
129,3601
3296,3601
66,3603
115,3605
3039,3605
112,3606
770,3606
297,3608
1615,3608
2498,3608
3323,3612
220,3613
912,3613
2655,3613
3461,3613
22,3614
368,3614
1159,3614
1368,3614
2548,3614
250,3616
337,3616
1177,3616
3154,3619
986,3620
31,3622
918,3622
288,3625
880,3627
247,3630
118,3631
535,3631
1147,3632
848,3637
1010,3637
1395,3639
1602,3639
7,3640
3,3641
4,3641
137,3641
1584,3641
404,3642
37,3644
631,3646
784,3646
2440,3646
2600,3646
30,3649
245,3650
390,3651
1526,3651
2180,3651
3216,3651
22,3655
1608,3657
2673,3657
35,3658
111,3658
2173,3658
446,3659
3290,3661
772,3663
3559,3663
22,3666
216,3667
2089,3667
389,3669
1398,3669
1516,3669
1973,3669
1811,3670
937,3671
2521,3671
196,3672
1456,3672
2487,3675
446,3677
2079,3677
3114,3677
1161,3680
3667,3680
312,3682
1050,3684
2896,3684
1768,3686
136,3687
563,3687
1811,3687
1581,3688
129,3689
1369,3690
397,3694
1777,3694
22,3696
31,3697
106,3697
7,3698
1072,3698
286,3699
550,3699
1567,3699
2780,3699
2174,3700
136,3702
908,3703
1857,3703
2357,3703
1,3704
112,3704
3005,3704
2847,3706
2872,3706
494,3707
298,3709
146,3710
2498,3711
3536,3711
145,3712
579,3713
69,3714
296,3714
2267,3714
2393,3714
2416,3720
377,3721
1703,3722
1314,3724
110,3726
2473,3726
1385,3727
350,3728
783,3728
3214,3728
3026,3729
2319,3731
3502,3732
1525,3733
136,3734
270,3734
994,3736
2984,3738
1249,3739
48,3740
617,3740
2259,3740
258,3742
672,3742
1900,3742
354,3743
739,3744
247,3745
2070,3746
1821,3748
2133,3748
70,3749
354,3752
841,3752
69,3753
111,3753
1353,3753
1377,3753
2920,3753
0,3754
2327,3757
2738,3757
1627,3758
3497,3760
894,3761
783,3763
1345,3763
98,3765
578,3766
1692,3767
2050,3768
1942,3769
2666,3770
911,3771
1624,3773
136,3775
1524,3776
3406,3776
1020,3778
1627,3779
2156,3779
256,3780
646,3780
3150,3780
2032,3783
2695,3783
3163,3784
19,3787
2213,3787
71,3788
2024,3788
1506,3789
798,3790
1546,3790
48,3792
438,3792
276,3794
841,3794
1493,3795
435,3796
149,3797
380,3797
414,3797
1584,3798
2692,3799
920,3800
1543,3801
1563,3801
191,3802
770,3802
71,3805
2028,3806
1061,3808
2149,3808
309,3809
87,3810
934,3810
9,3811
550,3811
30,3813
429,3814
2180,3815
2129,3816
35,3818
127,3820
21,3821
87,3821
128,3821
3271,3824
1200,3825
2336,3825
617,3827
676,3827
1710,3827
3556,3828
558,3829
1023,3829
143,3830
184,3830
1734,3830
2416,3830
776,3831
4,3834
268,3836
2050,3836
381,3837
2047,3840
776,3841
384,3842
500,3842
3670,3842
7,3845
100,3845
20,3846
1564,3846
2357,3846
1000,3850
1492,3850
3780,3850
41,3851
641,3851
1270,3852
112,3854
592,3854
2050,3854
342,3855
3291,3856
435,3857
1272,3860
146,3861
22,3863
1193,3863
2132,3863
3361,3863
2204,3867
288,3868
1563,3869
350,3870
822,3870
2371,3871
139,3873
2833,3873
858,3876
3712,3876
1308,3880
3159,3880
3829,3880
2,3881
0,3883
7,3883
911,3885
1660,3886
3379,3887
20,3888
24,3888
932,3888
43,3889
377,3889
677,3889
1023,3889
340,3890
1622,3890
1793,3890
3442,3890
329,3892
521,3892
3296,3892
482,3893
2243,3896
3063,3897
256,3901
627,3901
220,3902
3252,3902
24,3906
207,3906
2414,3906
145,3907
553,3907
3783,3907
100,3908
2451,3908
5,3909
2109,3910
2404,3910
1454,3911
1383,3912
370,3913
2218,3914
5,3916
590,3916
104,3917
2444,3917
3763,3918
3797,3918
1842,3919
2329,3921
974,3923
1067,3923
3286,3923
1058,3924
1061,3924
3266,3924
433,3925
741,3927
609,3928
504,3929
941,3929
2047,3929
2416,3929
89,3932
31,3933
129,3933
3699,3933
880,3934
20,3935
2355,3935
30,3936
210,3936
3505,3938
2695,3940
220,3941
3473,3943
3101,3945
3558,3946
0,3947
1,3947
196,3947
1123,3948
2338,3948
3350,3948
912,3950
3711,3950
296,3952
856,3953
425,3954
652,3955
1563,3955
247,3956
1368,3956
1409,3956
15,3957
3554,3957
523,3960
1443,3961
343,3962
1579,3964
2719,3966
3311,3966
902,3968
89,3969
1410,3969
580,3971
609,3971
146,3973
3796,3973
2892,3975
2925,3975
87,3977
1410,3977
7,3978
2987,3979
1288,3982
2733,3983
149,3984
952,3985
3112,3986
559,3987
1692,3991
1263,3992
1487,3992
2685,3992
975,3994
1541,3994
1061,3996
2794,3996
908,3997
22,3998
571,3999
2069,4004
565,4005
2173,4005
3906,4005
1890,4007
135,4008
183,4008
596,4008
435,4010
443,4011
3271,4011
3406,4013
2753,4014
41,4015
137,4015
1838,4015
149,4016
431,4018
631,4018
1640,4018
571,4019
1966,4019
2007,4020
2096,4020
3699,4021
538,4022
1469,4022
191,4023
667,4024
3474,4024
2673,4025
2695,4027
89,4028
2666,4028
31,4029
2288,4030
1362,4032
2,4033
258,4033
3890,4034
2870,4037
0,4041
1002,4041
1756,4041
1602,4042
2723,4042
3776,4042
686,4043
112,4044
138,4044
2934,4044
207,4046
3950,4047
511,4049
609,4049
3046,4051
89,4052
391,4052
3728,4052
2,4054
485,4054
798,4054
2122,4054
2563,4055
3271,4055
2193,4056
183,4061
1656,4061
1627,4062
2645,4062
1248,4063
1876,4063
43,4064
1200,4064
873,4066
1938,4066
2096,4066
2355,4067
1274,4068
2195,4069
2005,4070
233,4071
1677,4071
223,4072
1178,4072
3493,4072
266,4073
581,4073
98,4074
614,4074
670,4074
2962,4075
1117,4076
2416,4076
1004,4077
4061,4077
0,4081
2263,4081
2195,4082
3975,4083
128,4084
238,4085
2920,4085
2070,4088
2478,4089
3765,4090
228,4092
1000,4092
4008,4092
44,4095
572,4095
1394,4095
30,4096
1061,4096
3690,4096
935,4097
858,4098
245,4099
2892,4099
3321,4100
2551,4102
4090,4103
1440,4104
1687,4104
135,4105
3992,4107
4042,4109
506,4110
2368,4110
303,4111
582,4111
1288,4111
3327,4111
43,4112
3387,4112
110,4113
1347,4113
1274,4114
68,4116
1123,4116
2070,4116
2827,4116
4066,4117
287,4120
962,4120
2225,4121
3233,4121
3551,4122
445,4124
296,4125
4076,4125
2174,4126
416,4129
1004,4129
3553,4129
260,4130
974,4130
2565,4131
1249,4133
3153,4134
2726,4135
268,4136
446,4137
1290,4138
3492,4138
3554,4138
33,4140
754,4140
2548,4141
374,4142
1410,4143
642,4144
3461,4144
30,4146
3704,4146
1187,4147
247,4149
396,4150
2263,4150
900,4151
1581,4151
1931,4151
417,4152
22,4153
70,4153
446,4153
4116,4154
973,4155
466,4156
438,4157
1506,4157
659,4159
730,4159
3667,4159
2726,4160
196,4161
2036,4163
2473,4163
432,4164
35,4166
179,4166
104,4167
1476,4169
4160,4169
1200,4170
2939,4170
620,4171
908,4171
1573,4171
538,4172
718,4173
2984,4173
94,4174
23,4175
268,4175
861,4175
1392,4176
342,4177
1721,4177
1203,4178
1640,4179
2282,4179
2477,4180
784,4182
2193,4182
329,4184
2593,4184
912,4185
2415,4185
81,4186
3544,4186
2551,4188
2109,4189
11,4190
179,4190
3431,4192
561,4193
979,4195
2213,4195
765,4196
2382,4198
4055,4198
1409,4199
185,4200
539,4200
20,4201
2726,4201
3947,4201
298,4202
257,4203
675,4205
66,4206
1147,4206
2138,4206
2589,4206
357,4210
432,4211
3352,4211
1284,4212
652,4214
329,4216
210,4217
2037,4219
233,4221
1897,4221
3342,4221
187,4222
1134,4223
8,4224
15,4224
69,4224
1536,4224
1506,4226
446,4227
1377,4227
179,4228
152,4229
89,4235
119,4236
397,4236
1501,4237
1714,4237
4054,4237
24,4240
3494,4241
3863,4242
597,4244
1525,4245
3114,4245
1108,4247
465,4248
129,4249
89,4251
3406,4251
617,4253
3783,4253
3,4255
3597,4255
4245,4255
7,4256
43,4256
72,4256
1178,4256
3998,4256
87,4257
415,4257
1336,4258
1372,4258
309,4259
500,4259
1374,4259
1601,4259
309,4260
3757,4260
163,4261
1346,4261
154,4262
65,4263
1075,4263
3574,4266
1200,4268
592,4269
721,4269
2907,4269
4090,4272
2896,4275
4021,4275
1516,4276
912,4277
515,4279
443,4280
150,4282
27,4283
964,4285
1368,4285
297,4286
423,4286
1994,4286
2451,4286
2677,4286
3226,4286
2422,4289
3271,4289
4,4290
30,4290
133,4290
1543,4290
1502,4292
2491,4293
4190,4294
15,4295
1505,4295
791,4296
589,4297
765,4297
213,4299
3721,4299
718,4301
912,4304
1161,4304
1072,4306
1919,4306
1290,4308
1581,4310
2097,4310
41,4311
838,4311
3290,4311
2173,4312
163,4313
1023,4313
1637,4314
381,4315
1199,4315
2896,4315
3601,4316
119,4317
155,4317
2096,4317
3132,4317
631,4319
975,4319
1347,4319
7,4321
2685,4324
3434,4325
357,4326
558,4328
664,4328
3530,4328
20,4329
1567,4329
3830,4329
166,4332
727,4336
1627,4336
4138,4336
2451,4338
2246,4339
3382,4339
686,4341
1287,4342
70,4343
22,4345
3434,4346
2988,4348
285,4349
749,4349
41,4350
3694,4351
397,4353
1032,4353
4256,4354
3544,4356
4,4358
4120,4358
822,4359
115,4360
20,4362
3527,4362
220,4363
512,4363
1317,4363
869,4365
4,4366
27,4366
354,4366
11,4367
777,4367
978,4367
112,4368
1336,4368
133,4370
127,4371
514,4371
287,4372
2546,4372
3828,4374
4147,4374
2173,4377
4051,4377
3185,4378
506,4380
1932,4381
2463,4381
3724,4381
2357,4383
285,4384
479,4384
39,4385
1092,4386
856,4387
139,4388
3712,4388
405,4389
3379,4389
3399,4389
404,4391
819,4392
3266,4393
488,4394
494,4394
1061,4394
4104,4394
143,4401
579,4401
506,4402
3824,4402
1957,4404
2964,4404
2022,4405
98,4408
22,4409
3207,4409
2546,4410
3758,4411
3267,4413
2165,4415
2346,4415
2385,4415
799,4428
1300,4428
1917,4429
22,4430
1255,4431
941,4433
1178,4433
490,4435
31,4436
157,4436
240,4436
558,4436
1270,4436
3316,4437
468,4439
208,4440
578,4440
3536,4441
21,4443
1638,4443
518,4444
390,4448
65,4451
128,4452
208,4453
95,4454
110,4455
3434,4455
48,4456
183,4457
377,4457
667,4457
3013,4458
1178,4459
1523,4459
1011,4461
1161,4462
1550,4463
3585,4463
2288,4464
3360,4466
1973,4468
133,4469
2456,4469
21,4473
1476,4474
4325,4474
878,4478
1336,4479
7,4480
716,4480
500,4481
863,4481
2138,4481
677,4483
1485,4483
2998,4483
0,4484
250,4484
1018,4484
1505,4484
15,4485
633,4488
4163,4488
2525,4489
4263,4490
620,4491
20,4492
3702,4492
71,4496
3266,4496
3814,4496
672,4497
449,4498
2079,4498
287,4499
384,4501
2096,4502
86,4504
3415,4506
3433,4506
3430,4510
15,4511
3421,4511
826,4512
4033,4512
22,4514
0,4516
532,4516
1966,4517
581,4519
3095,4519
3582,4519
385,4520
856,4520
223,4521
236,4521
1227,4523
2024,4523
2,4524
143,4525
1398,4526
4221,4526
342,4529
539,4529
961,4530
1047,4536
43,4537
592,4537
2721,4539
287,4541
3373,4544
41,4545
3893,4548
22,4549
754,4549
2780,4551
2646,4552
2691,4552
639,4553
2291,4557
52,4559
200,4559
220,4565
3,4567
2942,4568
4436,4568
167,4570
501,4572
3191,4573
4042,4574
3101,4575
145,4576
3936,4576
3364,4577
95,4578
701,4578
1088,4578
1200,4579
1336,4580
4480,4580
30,4581
163,4581
3437,4583
305,4584
110,4585
715,4585
1305,4585
1609,4585
1439,4589
1762,4589
3462,4590
22,4593
1780,4596
4,4597
1199,4597
56,4601
1159,4601
443,4602
707,4603
2037,4604
3502,4605
4455,4605
4206,4606
208,4607
933,4607
1090,4607
0,4608
564,4608
2036,4608
3050,4609
2209,4610
4286,4610
7,4611
135,4611
4539,4612
2,4613
262,4613
2626,4614
1455,4615
4315,4615
256,4616
2466,4616
99,4619
446,4619
429,4621
4186,4621
291,4622
2218,4624
449,4625
1480,4626
395,4628
117,4629
3801,4629
7,4630
19,4631
777,4631
1440,4632
1454,4633
135,4637
2156,4637
2615,4639
4437,4639
43,4640
7,4641
2259,4641
1369,4642
4602,4642
1159,4645
3050,4645
4436,4649
490,4650
380,4651
210,4653
216,4653
2966,4653
2987,4654
715,4655
2964,4658
288,4659
37,4661
778,4662
1525,4662
652,4663
2066,4663
201,4664
1221,4664
790,4665
719,4666
760,4666
388,4667
449,4667
2997,4668
533,4670
2267,4670
41,4672
737,4674
948,4675
389,4676
4258,4676
256,4678
1032,4678
1442,4678
3870,4679
4565,4682
127,4685
298,4685
3889,4685
2470,4687
35,4688
1274,4691
1501,4691
1034,4693
1363,4694
1,4695
974,4695
2286,4695
223,4696
1147,4696
296,4699
571,4702
22,4703
1423,4703
1550,4705
2920,4705
216,4708
2434,4709
2173,4710
2971,4710
3968,4710
4404,4710
2655,4712
7,4714
2382,4716
3399,4716
530,4717
1114,4717
213,4719
869,4720
2901,4720
2964,4721
676,4722
3805,4722
3231,4724
4004,4724
98,4726
163,4726
2626,4726
680,4727
1,4732
880,4732
1158,4733
2921,4733
5,4734
488,4735
2738,4736
31,4737
1010,4737
3515,4737
4028,4740
1502,4741
1176,4743
2692,4744
31,4746
397,4750
323,4753
462,4753
572,4753
1566,4753
73,4754
100,4755
1432,4757
1814,4759
7,4760
1200,4761
98,4762
2133,4762
2437,4763
2060,4764
2243,4764
2819,4764
1764,4765
3840,4765
461,4766
2173,4767
2738,4767
1123,4768
2172,4769
2716,4773
388,4775
3649,4776
4345,4777
1439,4778
2858,4779
4201,4779
3154,4780
550,4781
770,4781
1050,4782
3605,4782
173,4785
1707,4790
99,4791
3164,4793
2584,4795
21,4798
1410,4798
3556,4800
87,4803
201,4804
1366,4805
1006,4806
1,4808
778,4809
1279,4810
2470,4810
4023,4810
810,4811
1650,4811
2026,4811
4735,4811
210,4812
485,4812
3505,4812
2079,4814
3883,4814
1011,4816
86,4817
3287,4817
2765,4818
370,4819
4185,4819
65,4821
245,4821
22,4822
37,4822
835,4822
1192,4822
4539,4822
532,4823
1377,4824
532,4825
1033,4826
247,4827
1965,4829
3407,4830
4286,4830
911,4831
397,4834
2753,4834
4348,4834
185,4836
913,4838
4067,4838
127,4840
945,4840
2934,4840
1227,4842
135,4844
1230,4847
1814,4847
22,4850
3536,4850
634,4851
944,4852
4041,4852
980,4853
2780,4854
1139,4855
1288,4855
2309,4858
2133,4860
3677,4862
337,4863
439,4863
31,4864
2096,4864
41,4866
78,4867
609,4872
1178,4874
3247,4874
1938,4875
3925,4879
544,4881
3138,4881
11,4884
933,4884
1773,4884
3582,4885
3825,4885
2331,4886
2416,4886
838,4887
71,4888
1092,4888
2854,4888
4705,4888
35,4890
2216,4891
2087,4893
2691,4894
381,4895
3228,4895
2,4897
1011,4898
2033,4899
1382,4902
2487,4902
4782,4902
1253,4903
35,4904
41,4904
4384,4905
5,4906
822,4906
253,4909
1327,4909
7,4910
119,4911
617,4914
757,4914
955,4914
444,4917
1525,4917
213,4918
1587,4918
3,4919
2546,4919
112,4921
1230,4921
112,4922
143,4922
2129,4922
715,4923
4263,4923
1282,4924
433,4925
4256,4925
799,4926
2171,4926
973,4927
1713,4928
446,4929
3667,4929
4459,4931
581,4933
228,4934
1217,4934
4317,4934
1147,4935
184,4936
858,4937
260,4938
932,4938
1396,4940
3292,4940
906,4941
2431,4942
7,4943
223,4943
2739,4944
485,4946
1975,4948
2687,4948
37,4950
1826,4954
9,4955
1717,4957
268,4958
1853,4959
135,4961
516,4963
3508,4964
4075,4966
166,4967
185,4968
817,4969
1161,4969
4111,4969
4,4970
145,4970
1032,4970
1356,4970
4,4974
157,4974
822,4974
3106,4974
37,4975
138,4976
891,4976
4022,4978
163,4979
2174,4979
3574,4979
157,4980
1585,4980
196,4982
438,4985
945,4985
929,4988
4371,4989
22,4990
521,4990
3815,4990
4776,4991
112,4993
690,4993
1891,4997
4124,4998
260,4999
26,5001
2474,5001
2314,5005
539,5006
589,5008
296,5009
1037,5010
479,5012
2687,5012
347,5013
89,5014
416,5014
1186,5014
137,5015
266,5016
35,5017
1334,5017
4469,5017
2466,5018
287,5020
1334,5020
937,5021
1842,5021
511,5022
3251,5023
185,5024
200,5024
4433,5024
21,5025
250,5029
867,5030
196,5033
1143,5033
2773,5033
1190,5034
462,5035
155,5039
3966,5039
201,5040
384,5040
2209,5041
687,5042
210,5046
911,5046
220,5047
423,5047
485,5048
784,5048
3359,5048
1,5049
1409,5049
1200,5050
1454,5051
4473,5051
134,5054
442,5054
2510,5054
206,5055
312,5055
20,5059
4092,5060
11,5061
2951,5061
525,5063
969,5064
4049,5064
831,5066
163,5067
682,5069
268,5070
3854,5070
4384,5070
1700,5073
7,5074
296,5074
1847,5074
22,5075
3559,5075
216,5076
372,5078
15,5079
119,5081
4172,5081
921,5082
1498,5084
4469,5085
1900,5086
511,5087
915,5088
1272,5088
3549,5088
431,5090
620,5091
429,5094
2133,5095
1011,5096
15,5097
2219,5097
642,5101
3536,5103
932,5105
2153,5105
1703,5106
2892,5106
2921,5106
3682,5106
2968,5108
4670,5108
1536,5110
210,5111
11,5112
1363,5112
31,5114
699,5115
2296,5116
353,5117
4404,5117
1026,5118
3364,5118
3966,5119
4360,5119
2,5123
670,5125
5087,5126
2456,5127
4236,5127
15,5128
98,5128
216,5128
4437,5128
516,5131
1443,5131
2647,5131
4737,5131
88,5132
11,5133
2500,5134
937,5137
380,5138
2712,5138
3810,5141
5070,5141
7,5142
589,5142
974,5143
4014,5144
4169,5144
4261,5144
1101,5147
268,5148
3527,5148
123,5149
2917,5149
268,5151
4662,5152
902,5155
4351,5156
3,5157
89,5157
98,5158
974,5158
3549,5158
94,5159
3292,5160
3924,5160
119,5161
4458,5161
1912,5162
558,5164
2709,5164
3161,5165
3291,5166
117,5167
174,5167
1917,5167
4107,5167
2133,5168
21,5169
602,5169
48,5170
2563,5170
4520,5170
680,5171
1248,5171
2291,5172
30,5174
2037,5174
3163,5175
974,5176
1037,5176
303,5177
3960,5177
41,5178
3065,5178
3510,5179
2473,5180
293,5182
1127,5182
8,5183
1137,5183
3298,5183
8,5184
380,5192
2424,5192
1001,5193
2005,5193
488,5194
2315,5194
1265,5195
1476,5197
1462,5198
1434,5200
2521,5200
2559,5200
8,5201
1406,5201
3149,5201
3798,5202
342,5203
31,5204
861,5204
3196,5207
22,5208
256,5208
924,5208
1176,5208
1156,5209
2903,5210
138,5212
3286,5212
208,5214
691,5214
3381,5214
3161,5216
223,5219
87,5223
1526,5224
2393,5224
2408,5226
2901,5230
3842,5230
1874,5231
2694,5231
5144,5231
475,5232
3508,5232
5198,5232
250,5233
3415,5233
2012,5236
4726,5236
4687,5237
432,5242
1,5244
763,5244
2794,5244
4008,5244
3960,5246
579,5247
3146,5248
201,5249
718,5249
2606,5250
3223,5250
3667,5250
1369,5252
890,5253
1734,5253
1137,5254
1305,5254
1546,5254
4,5255
4170,5255
2715,5256
1506,5257
2172,5258
151,5260
213,5261
515,5262
1178,5264
819,5265
2156,5265
1183,5266
4100,5266
1975,5268
3359,5269
4604,5269
7,5271
2132,5273
39,5274
2819,5274
2896,5274
48,5275
2780,5276
890,5277
1377,5278
250,5279
1177,5279
1193,5280
1498,5280
2343,5280
753,5282
115,5284
2138,5284
2196,5284
784,5285
3757,5285
3658,5286
1413,5288
2127,5288
65,5290
7,5292
4111,5292
1409,5293
266,5295
417,5295
1242,5295
36,5298
4847,5298
4496,5302
1581,5304
5063,5304
1459,5305
29,5306
136,5308
523,5310
482,5311
1537,5311
145,5314
4186,5314
11,5315
3585,5315
196,5316
2695,5316
3553,5318
20,5321
1392,5322
1667,5322
4405,5323
1774,5325
1033,5328
622,5329
3296,5330
835,5332
4693,5334
385,5335
4249,5335
5200,5336
5070,5337
127,5338
3501,5338
5,5340
2389,5341
1,5342
41,5343
89,5343
514,5343
1252,5344
2492,5344
2962,5348
701,5349
2635,5349
2,5351
30,5351
2921,5351
297,5352
1246,5352
1525,5352
3381,5353
2569,5355
155,5357
1104,5357
1200,5357
0,5361
1882,5361
4,5362
571,5362
253,5365
1976,5365
4567,5365
291,5366
380,5366
5117,5366
1012,5368
1023,5368
268,5370
1297,5370
1890,5370
2097,5372
2794,5372
1139,5378
2988,5378
370,5379
466,5379
1874,5379
260,5380
1200,5380
4084,5380
4240,5380
3482,5381
2613,5382
136,5383
1079,5383
2240,5383
2549,5383
675,5384
2474,5385
2700,5385
4,5388
329,5388
602,5388
1482,5389
36,5390
41,5390
4819,5390
2382,5392
3311,5392
41,5393
2355,5393
682,5394
1640,5395
4113,5395
138,5399
965,5399
2133,5399
2345,5401
36,5404
69,5404
311,5404
2739,5405
3699,5406
1776,5407
110,5408
240,5409
2263,5409
1141,5410
1502,5411
4391,5412
4020,5413
1931,5414
235,5415
750,5415
2133,5415
772,5416
94,5417
0,5421
1560,5423
1712,5423
3039,5423
19,5426
438,5426
240,5429
288,5429
1114,5429
2005,5429
2482,5429
4005,5429
5078,5429
2548,5431
19,5435
31,5435
3699,5436
4496,5436
5383,5436
3588,5437
3916,5437
4624,5438
127,5439
3201,5439
0,5441
1088,5441
1407,5443
1999,5443
5429,5443
1959,5445
2336,5445
3292,5448
488,5449
4097,5449
4498,5449
4304,5451
902,5452
19,5455
184,5455
1506,5456
639,5463
2431,5464
4457,5465
519,5466
1351,5470
3026,5470
162,5472
5055,5472
2790,5473
465,5474
858,5475
918,5476
1681,5476
2286,5476
4937,5476
129,5479
1177,5479
4030,5479
0,5481
355,5481
413,5482
3163,5483
7,5484
119,5484
2945,5487
3704,5487
94,5488
145,5488
4822,5490
3221,5491
983,5493
3554,5494
1677,5495
328,5496
4367,5498
2074,5499
22,5500
136,5500
1525,5500
3040,5500
5075,5500
2267,5501
3266,5501
1177,5504
327,5505
5370,5505
2739,5506
4822,5507
620,5508
3831,5509
262,5510
799,5510
1161,5511
4224,5513
2855,5514
1082,5515
1435,5515
5315,5515
0,5516
4295,5516
1,5517
106,5517
807,5517
135,5519
3008,5519
1551,5522
4099,5523
1793,5524
2310,5525
3582,5525
592,5526
3710,5527
1457,5531
1552,5531
819,5532
3050,5532
935,5535
4625,5535
7,5536
78,5537
135,5538
1255,5538
1350,5538
3,5539
238,5539
7,5540
1058,5540
511,5542
4173,5542
363,5543
2161,5543
467,5544
3492,5544
4245,5544
1200,5546
11,5547
1248,5548
22,5552
389,5553
45,5554
4386,5554
2209,5556
2300,5556
3454,5557
754,5558
581,5559
22,5560
538,5561
784,5561
5436,5561
479,5562
2040,5564
35,5567
5407,5567
5192,5568
1000,5569
1305,5569
220,5571
328,5571
446,5573
2172,5575
2096,5576
3637,5576
3745,5576
5499,5576
9,5577
339,5578
1269,5578
104,5579
195,5580
3063,5582
4289,5582
1976,5583
1170,5585
1564,5586
3090,5588
216,5591
1410,5592
2156,5593
3597,5595
2164,5597
3176,5600
3269,5601
2795,5603
44,5604
1838,5604
4567,5604
5556,5604
1033,5605
2431,5605
3050,5605
3039,5606
641,5609
4394,5609
1550,5612
296,5613
1253,5613
2593,5614
3642,5614
2378,5617
2620,5620
52,5621
395,5621
2210,5621
423,5623
3382,5623
796,5625
1216,5626
1844,5628
2053,5629
2819,5629
571,5630
1471,5630
580,5631
2063,5631
240,5632
133,5635
285,5635
3286,5635
201,5637
445,5637
196,5643
5088,5643
462,5644
416,5645
4946,5647
0,5649
886,5649
3927,5649
4150,5651
4173,5651
1382,5652
299,5653
965,5653
340,5654
1267,5655
428,5656
139,5657
22,5658
0,5659
3,5661
3599,5661
3597,5662
20,5665
3811,5665
2620,5667
2968,5668
5253,5671
4054,5672
7,5673
20,5674
573,5674
1627,5674
4716,5675
1707,5676
5033,5677
2391,5678
3616,5678
1749,5679
15,5682
1395,5682
1851,5682
98,5683
1187,5683
5247,5683
1037,5684
3373,5685
21,5686
1476,5688
784,5690
552,5693
87,5694
1297,5694
2637,5696
4014,5698
1069,5699
2284,5699
216,5701
1469,5701
4066,5701
7,5702
166,5703
303,5703
4054,5703
0,5704
488,5704
1975,5704
4822,5705
1324,5707
5308,5707
3106,5708
220,5709
3260,5709
3641,5710
43,5713
1170,5713
3834,5714
4206,5714
3537,5715
1306,5717
2883,5717
3933,5717
4557,5718
139,5720
1033,5722
3191,5722
404,5723
1962,5724
337,5725
2645,5725
2907,5725
5293,5726
1410,5733
4727,5733
1217,5734
0,5735
138,5735
152,5735
682,5735
2559,5735
3658,5736
128,5738
2498,5738
2680,5738
2689,5738
3960,5739
1555,5741
2195,5741
2344,5741
7,5742
5470,5742
99,5743
4022,5743
5472,5743
2568,5744
3090,5745
21,5746
3,5747
502,5747
550,5747
4175,5747
1033,5748
2752,5748
965,5749
185,5751
58,5752
2637,5752
342,5753
3381,5753
4317,5757
0,5758
4042,5758
244,5760
381,5760
2282,5760
22,5762
3,5766
5703,5767
489,5768
3697,5769
284,5770
449,5770
3901,5770
784,5771
3921,5771
2953,5772
2156,5773
136,5774
1803,5775
94,5776
213,5777
1928,5779
3230,5780
3614,5780
1555,5781
339,5782
1083,5783
2986,5784
1507,5785
2474,5785
749,5786
136,5787
2314,5787
4655,5787
2332,5788
5321,5789
138,5790
1912,5791
1432,5792
3048,5793
3089,5793
259,5794
4764,5795
4979,5799
69,5800
2484,5801
873,5802
2410,5803
4312,5804
5366,5806
1037,5808
0,5809
2920,5809
210,5810
2955,5810
1879,5816
1541,5817
210,5818
1000,5821
1833,5821
1564,5823
4143,5823
550,5824
104,5825
1382,5826
65,5827
296,5827
4974,5828
2288,5829
404,5831
1242,5831
5649,5831
9,5833
70,5833
2520,5834
183,5835
7,5840
136,5841
561,5841
1178,5843
1649,5843
2050,5844
2193,5844
69,5845
527,5845
645,5845
863,5846
3,5847
127,5847
994,5847
2191,5847
518,5848
592,5848
2659,5849
21,5851
4917,5851
1712,5852
1897,5852
4443,5852
33,5856
3462,5858
629,5859
4,5860
210,5860
1092,5860
135,5861
1011,5863
3005,5863
1960,5864
37,5865
375,5865
2079,5865
579,5866
4649,5867
912,5870
449,5874
1806,5874
3050,5875
216,5876
1485,5878
4285,5879
5847,5879
3363,5880
3642,5880
688,5881
1297,5881
68,5883
3311,5884
512,5887
1297,5887
347,5888
4308,5888
2267,5889
680,5892
49,5893
2769,5894
24,5895
3,5897
2901,5897
4071,5898
449,5899
99,5900
1555,5900
3400,5900
3453,5900
3237,5901
110,5903
3462,5904
303,5910
1253,5914
1536,5915
98,5916
404,5916
4174,5917
4343,5917
5088,5917
193,5918
3267,5920
155,5923
2089,5923
7,5924
1092,5924
1460,5924
4028,5925
462,5927
825,5927
5694,5927
617,5928
41,5929
753,5930
8,5932
31,5932
231,5932
482,5932
19,5933
72,5933
4362,5933
3,5934
210,5934
631,5937
1161,5938
2709,5938
135,5940
5111,5940
163,5941
3704,5941
4762,5941
3361,5942
758,5943
208,5944
1179,5944
498,5945
1080,5945
42,5946
1485,5946
1818,5946
72,5947
510,5947
31,5948
3514,5948
2482,5949
5741,5951
2783,5952
2164,5953
5643,5953
1922,5954
4329,5954
5024,5954
328,5957
2896,5957
3919,5957
22,5959
1780,5960
754,5961
937,5961
4124,5962
98,5965
1975,5965
5214,5965
5738,5966
94,5967
5558,5968
2579,5969
3480,5969
3,5970
224,5970
4202,5972
920,5974
2501,5978
2738,5978
4914,5978
473,5979
606,5979
3854,5980
438,5981
2117,5981
4764,5981
687,5982
974,5984
3360,5984
4221,5984
4236,5984
30,5986
163,5986
680,5987
580,5988
1931,5988
4903,5988
4637,5989
30,5990
5515,5990
512,5993
1487,5993
1536,5993
1833,5995
3714,5995
69,5997
248,5997
3616,5997
295,5999
3778,5999
2133,6000
999,6001
4685,6001
5791,6001
3632,6002
4324,6002
5843,6006
1854,6008
1308,6010
4066,6010
89,6011
233,6013
1640,6016
4895,6016
475,6017
1526,6018
0,6021
4,6022
4716,6022
69,6023
381,6023
3536,6030
2309,6031
253,6034
2165,6034
2585,6034
4107,6036
21,6037
4483,6037
2298,6039
374,6040
5178,6041
5744,6041
4840,6043
7,6044
11,6048
4304,6048
822,6049
3831,6052
287,6053
3863,6054
1818,6055
2829,6056
5702,6056
1320,6057
4084,6057
529,6058
5735,6059
0,6060
373,6060
1444,6060
4276,6060
1040,6061
2213,6061
841,6062
37,6064
2529,6066
1011,6068
3031,6068
227,6069
3677,6069
1346,6071
116,6073
495,6073
1345,6074
2680,6076
78,6078
5704,6079
312,6082
2254,6083
3841,6083
0,6084
139,6084
958,6085
3933,6086
216,6087
565,6087
196,6088
2149,6088
2716,6089
1019,6090
139,6091
3863,6091
2165,6092
4136,6093
1564,6095
14,6096
29,6096
5288,6096
276,6097
1687,6100
5141,6101
22,6102
3916,6102
4888,6102
4167,6103
5010,6103
1523,6104
694,6105
790,6105
1001,6107
2429,6107
4765,6107
1824,6108
3095,6108
135,6109
2782,6109
5609,6109
5449,6110
368,6111
664,6112
5875,6112
892,6113
912,6114
1279,6114
3096,6114
721,6116
1764,6116
1690,6118
262,6119
5787,6120
357,6121
809,6122
5576,6122
1776,6123
2,6126
79,6126
3658,6127
4384,6127
162,6130
2524,6130
163,6133
1627,6133
116,6134
4970,6134
210,6135
1444,6136
3269,6136
3767,6138
4182,6139
2482,6140
135,6141
3281,6141
261,6143
4955,6143
404,6145
465,6145
494,6145
471,6147
1377,6147
42,6149
3074,6149
652,6150
1456,6150
2288,6150
4214,6151
5968,6152
163,6153
683,6154
527,6158
244,6161
35,6162
4879,6162
5649,6162
337,6163
2920,6163
184,6164
2251,6167
1928,6168
3641,6168
5941,6171
432,6172
196,6173
397,6177
223,6180
443,6180
701,6180
1476,6180
2773,6180
78,6181
1564,6181
1537,6183
3984,6183
1899,6184
1,6185
677,6185
1455,6186
69,6187
3423,6187
3086,6189
5791,6190
2717,6192
5722,6193
5847,6193
137,6195
343,6195
675,6195
1797,6196
2861,6196
3182,6197
2739,6198
72,6199
1798,6199
4557,6200
6143,6201
637,6202
4940,6205
2088,6209
2243,6209
3508,6209
902,6211
296,6212
149,6213
2296,6213
4631,6215
35,6217
0,6218
3554,6218
342,6219
537,6219
4024,6219
4258,6220
5698,6220
227,6221
268,6221
1248,6222
3513,6223
718,6224
1350,6224
4497,6225
137,6227
924,6227
2096,6228
210,6229
716,6229
521,6231
1082,6235
5889,6237
414,6239
1818,6239
5050,6240
6049,6240
1118,6243
7,6244
260,6244
6143,6244
6183,6245
9,6246
30,6246
1487,6247
4890,6247
152,6248
339,6248
15,6249
31,6251
37,6251
1955,6254
2668,6254
1785,6257
790,6258
2491,6258
881,6259
1637,6262
287,6263
768,6263
3063,6264
4105,6265
1,6266
288,6266
3798,6267
319,6270
2310,6270
822,6271
2023,6271
2938,6271
1104,6273
718,6274
5552,6274
1308,6277
539,6278
2717,6278
2860,6279
35,6285
223,6285
1439,6287
1454,6288
2371,6288
328,6289
3936,6290
5055,6290
5126,6290
974,6292
95,6293
3493,6293
4611,6293
2827,6294
133,6295
397,6296
1200,6296
4664,6297
2456,6298
2691,6298
35,6302
1114,6302
3068,6304
156,6306
898,6307
3714,6309
7,6310
69,6312
100,6312
259,6314
1218,6314
5635,6315
21,6316
2586,6317
1734,6318
35,6319
617,6319
1994,6319
2689,6321
298,6322
1768,6322
0,6325
7,6326
22,6326
5743,6326
3907,6327
351,6329
1851,6329
1552,6332
2855,6335
658,6336
3161,6338
2212,6339
3372,6339
112,6340
1231,6341
1227,6342
5138,6343
5357,6343
3128,6344
3883,6344
1161,6346
688,6347
4511,6347
4104,6350
4810,6351
2694,6352
19,6353
291,6354
1018,6354
1310,6354
1947,6356
5714,6356
550,6361
1255,6362
3447,6363
19,6364
1854,6369
5500,6369
6068,6369
701,6370
4066,6371
187,6372
5284,6373
739,6374
138,6375
4811,6375
146,6376
99,6378
4151,6378
133,6380
1005,6380
3434,6380
250,6381
3591,6382
641,6383
138,6384
223,6384
550,6384
1080,6384
518,6386
5894,6387
2687,6391
2050,6393
5394,6393
395,6394
459,6394
1147,6396
3452,6396
1113,6398
5532,6400
4565,6404
2410,6405
4693,6406
5147,6407
19,6409
5033,6410
498,6412
994,6412
4365,6412
139,6414
4678,6414
2096,6417
79,6429
5182,6429
94,6432
268,6434
1327,6434
2180,6434
888,6435
686,6437
527,6439
1306,6439
3343,6439
4136,6440
329,6442
31,6444
4651,6446
3013,6449
136,6450
2357,6450
5429,6451
3713,6452
4,6453
3889,6453
880,6454
4469,6454
6152,6454
2934,6455
4028,6455
5725,6458
1231,6459
22,6462
5665,6462
4,6463
154,6463
6145,6463
494,6469
5316,6471
216,6472
1550,6472
3188,6473
4821,6473
87,6474
22,6475
216,6475
4042,6477
5678,6477
6100,6477
2670,6479
216,6481
1395,6481
41,6482
2410,6482
2739,6482
3382,6483
4415,6484
2049,6485
857,6486
1476,6487
1700,6492
5208,6492
465,6493
5128,6493
5544,6493
0,6494
4437,6494
268,6495
69,6499
551,6499
162,6501
24,6503
26,6505
763,6505
1852,6508
1521,6509
1557,6509
1060,6510
1992,6510
27,6511
2079,6513
2212,6513
4049,6514
3714,6515
2621,6516
2336,6517
760,6520
4023,6520
941,6523
3018,6527
15,6528
3240,6528
4097,6528
6037,6528
3508,6529
3,6531
581,6531
30,6533
2212,6534
6393,6534
1476,6536
0,6538
300,6542
687,6542
974,6542
4206,6547
276,6550
342,6550
6364,6552
582,6553
658,6553
3752,6555
129,6556
1608,6558
935,6564
2132,6564
3233,6564
6163,6565
3720,6566
2659,6567
3876,6569
2346,6570
3800,6571
4363,6573
2066,6575
163,6576
979,6576
4974,6576
370,6577
2293,6577
374,6578
3,6579
5088,6580
2960,6581
3476,6581
4241,6581
4506,6581
908,6582
1638,6582
159,6585
394,6586
919,6587
2030,6588
2369,6588
4195,6588
5067,6589
5204,6589
1228,6590
2948,6591
4506,6591
135,6592
4523,6594
2567,6595
4401,6596
355,6600
397,6603
1701,6603
1193,6604
1695,6604
4,6607
1796,6607
2365,6607
1698,6608
2093,6608
1011,6609
4020,6610
4315,6611
5683,6615
442,6616
1283,6616
2659,6616
1444,6617
6195,6617
347,6618
2568,6619
6136,6620
449,6621
2482,6621
1493,6624
1640,6624
5106,6628
583,6629
3512,6629
1490,6631
581,6632
838,6633
5934,6637
6322,6640
2148,6641
1824,6642
642,6643
2722,6644
3554,6644
4405,6647
716,6648
268,6651
6209,6651
4577,6652
1159,6653
7,6654
1457,6654
2521,6654
3246,6655
99,6658
1487,6658
5951,6658
149,6659
1462,6659
7,6661
110,6661
442,6661
1018,6662
1712,6662
1147,6663
1957,6663
4779,6663
6076,6663
196,6667
1079,6667
372,6668
4431,6668
2887,6669
2997,6670
7,6673
911,6675
2428,6675
2794,6675
2889,6675
9,6676
4111,6678
6084,6678
1255,6679
620,6680
4678,6680
1087,6682
4,6683
443,6684
1925,6684
259,6688
3776,6688
4004,6688
5571,6688
4602,6689
9,6690
11,6692
31,6692
4766,6692
6495,6693
261,6695
6289,6696
1555,6697
16,6698
104,6698
4436,6698
1207,6700
1423,6700
0,6701
236,6701
262,6701
5429,6701
139,6703
4732,6703
5643,6703
220,6706
7,6713
30,6713
1455,6713
1501,6713
4389,6713
268,6715
216,6716
513,6716
2307,6716
4436,6716
3876,6717
4781,6717
3007,6718
2016,6719
2029,6719
501,6720
2346,6720
1,6723
1766,6723
5723,6723
6150,6723
5414,6728
7,6729
1566,6732
6322,6732
3274,6734
1474,6736
1957,6739
5538,6740
719,6741
1082,6741
1114,6741
2695,6741
87,6742
2309,6742
446,6743
3860,6743
166,6744
1408,6744
112,6745
1525,6745
5110,6746
5974,6746
5586,6747
652,6748
1139,6749
662,6751
821,6751
1838,6753
238,6754
1032,6757
5365,6757
27,6758
1193,6760
5200,6761
5439,6763
196,6764
416,6764
6607,6764
5979,6765
4131,6766
4224,6767
1458,6769
3565,6769
538,6770
4970,6770
2107,6772
4512,6774
6244,6774
3599,6777
6180,6777
803,6779
1966,6780
2211,6783
5017,6785
5012,6789
4724,6790
2111,6791
948,6792
1011,6792
296,6794
2050,6794
2717,6796
296,6798
397,6798
1200,6798
565,6799
553,6801
672,6801
2352,6802
4023,6802
958,6806
2680,6806
3344,6806
6663,6806
245,6807
244,6808
6667,6810
6718,6811
106,6813
958,6813
944,6814
1462,6816
2589,6816
3,6817
4054,6818
4585,6818
3901,6819
753,6820
6183,6820
2603,6821
2637,6822
22,6824
5236,6824
2860,6825
112,6826
5409,6828
770,6829
3697,6832
4109,6832
880,6833
4095,6833
1536,6836
3960,6838
570,6839
4954,6840
5500,6840
285,6841
3901,6844
5879,6846
3497,6849
1656,6850
101,6851
5694,6851
285,6852
1692,6854
3201,6856
3601,6856
6493,6856
134,6857
502,6859
1477,6860
2332,6861
2692,6861
4433,6861
929,6862
4066,6866
5808,6867
3657,6868
6852,6869
920,6871
2870,6872
4256,6872
15,6873
2921,6874
4969,6876
5020,6877
3026,6878
3031,6879
216,6881
529,6881
2368,6881
4297,6882
5119,6882
5498,6885
5536,6887
634,6888
5388,6888
5544,6888
2336,6891
3310,6891
5999,6891
1227,6892
4095,6892
4227,6892
790,6894
22,6895
502,6895
112,6896
880,6899
6617,6903
1346,6905
2514,6906
6274,6907
3026,6908
529,6909
609,6909
1942,6910
688,6915
785,6915
1457,6916
4655,6916
716,6917
754,6917
867,6917
2034,6918
2942,6919
1190,6920
1563,6920
2437,6922
5466,6923
637,6924
3889,6924
1229,6926
1776,6927
4484,6927
433,6928
135,6930
2133,6930
65,6931
6715,6934
5652,6935
1346,6936
4457,6936
5256,6937
303,6941
1298,6946
986,6947
2519,6947
1598,6948
1955,6948
3361,6949
2808,6950
4811,6952
1443,6954
2133,6955
1010,6959
637,6960
5941,6960
135,6961
3217,6961
3114,6963
5366,6964
0,6966
7,6966
519,6967
265,6968
296,6968
770,6968
6325,6968
5690,6969
1854,6970
4512,6971
3901,6972
1147,6974
69,6975
5927,6975
4256,6976
6888,6976
1061,6978
30,6979
1787,6979
1867,6979
3482,6979
129,6980
3699,6980
2289,6981
4365,6981
110,6982
0,6984
1228,6985
1147,6986
3377,6986
4443,6986
7,6987
110,6987
2356,6989
3468,6990
328,6991
3890,6993
1817,6994
4881,6994
2850,6995
2945,6995
551,6996
1161,6996
1780,6997
6140,6998
1623,6999
3537,6999
97,7000
2126,7000
3240,7000
6187,7000
260,7002
3641,7002
3311,7005
3983,7006
4386,7006
5079,7006
0,7007
4388,7007
6195,7009
6384,7010
4481,7012
459,7013
3254,7013
43,7019
376,7020
791,7020
3196,7021
2107,7023
4182,7023
2381,7024
1147,7025
4694,7025
4151,7026
1356,7028
6604,7028
15,7030
174,7030
4138,7030
1161,7031
614,7032
138,7034
937,7034
152,7035
1455,7036
3585,7037
6062,7037
5,7038
404,7038
602,7038
2736,7038
3271,7038
5171,7038
7,7039
37,7039
48,7041
2066,7042
2068,7042
2106,7043
4966,7053
814,7054
5734,7054
1175,7056
287,7057
1,7059
1,7061
6376,7062
1917,7064
4286,7065
2903,7066
449,7067
3867,7067
3396,7068
1350,7071
6995,7072
1383,7073
1807,7074
4042,7075
592,7076
2063,7077
5604,7078
26,7081
5609,7082
2295,7084
3114,7084
5040,7084
179,7085
3216,7085
1290,7086
1959,7086
1369,7088
857,7089
3101,7090
6813,7090
1223,7091
235,7093
1183,7093
30,7094
672,7094
819,7098
370,7099
5887,7099
675,7100
2920,7101
753,7102
3642,7102
3912,7102
670,7103
1876,7103
22,7104
1,7105
5809,7105
1629,7107
799,7108
6985,7108
296,7109
1413,7110
1957,7110
667,7111
490,7112
6068,7113
1230,7118
4,7120
30,7120
516,7120
163,7121
3966,7123
7102,7123
3281,7125
300,7126
3545,7127
469,7128
9,7129
1435,7130
31,7132
2417,7133
37,7134
573,7134
2870,7134
163,7136
3154,7136
179,7137
1507,7139
1574,7139
2345,7139
266,7141
6683,7141
236,7143
2378,7143
1973,7145
3960,7146
4052,7147
4266,7147
152,7148
1090,7150
614,7151
5588,7151
2484,7152
5284,7153
462,7156
6511,7157
1337,7158
33,7159
1910,7159
3455,7160
1443,7161
1832,7162
873,7164
6829,7164
250,7166
687,7168
3699,7172
4650,7172
78,7173
3340,7173
6145,7176
172,7177
2088,7177
112,7179
5887,7180
22,7181
1403,7181
1413,7181
357,7182
3327,7186
6783,7186
511,7187
241,7188
1096,7190
6892,7190
4391,7191
2336,7192
2500,7192
3549,7192
3431,7193
4764,7194
4005,7198
139,7199
36,7200
43,7200
799,7200
6322,7200
2765,7201
4838,7203
4851,7203
525,7205
1253,7205
1601,7207
2180,7210
2687,7210
243,7211
3130,7211
6339,7211
3047,7212
1161,7213
1507,7213
0,7215
41,7215
3406,7215
442,7217
739,7219
1721,7220
799,7221
7190,7221
1128,7223
696,7224
3613,7224
163,7226
110,7227
3,7229
469,7229
1283,7231
5,7233
184,7233
567,7233
36,7235
70,7235
110,7235
1477,7236
1040,7237
78,7238
5953,7238
429,7240
2523,7241
2850,7242
572,7245
1409,7245
6037,7245
4919,7246
129,7247
268,7247
3699,7247
1993,7248
22,7249
328,7251
1190,7252
1439,7252
0,7253
116,7255
790,7255
370,7256
622,7256
5266,7256
1392,7257
0,7258
617,7259
152,7261
1139,7261
68,7263
416,7263
772,7267
416,7268
1218,7269
288,7270
1594,7270
1392,7271
4242,7272
1429,7273
7059,7273
5500,7274
2668,7275
1218,7276
327,7278
296,7279
1947,7279
3896,7279
1765,7280
3677,7280
1,7281
2289,7281
43,7283
22,7285
857,7287
3742,7288
296,7290
3279,7290
1298,7292
4221,7292
5571,7292
135,7293
4259,7294
6887,7294
0,7295
3586,7297
5901,7298
1434,7299
1228,7300
2968,7304
736,7305
4781,7305
1187,7307
116,7309
769,7311
327,7312
974,7312
2043,7312
135,7313
565,7313
6244,7314
3217,7316
397,7318
740,7319
1517,7319
3342,7319
4167,7319
87,7320
4862,7323
183,7324
184,7324
6296,7324
454,7328
3527,7332
135,7333
99,7334
6347,7339
1818,7341
157,7342
231,7342
1221,7342
0,7343
3423,7343
3221,7348
3577,7350
94,7351
4,7352
5078,7352
139,7353
4780,7353
4886,7353
5742,7353
21,7354
3132,7354
11,7356
4964,7356
7150,7359
1023,7361
1745,7361
203,7362
26,7363
2100,7363
11,7364
652,7365
1532,7366
3551,7366
5532,7368
6651,7370
184,7374
1229,7375
2,7376
262,7377
2500,7380
7093,7380
461,7381
5269,7381
6123,7382
3544,7384
127,7385
3742,7385
6517,7385
5298,7387
1199,7390
6271,7391
2282,7395
3237,7397
4200,7399
19,7400
5875,7403
697,7404
1072,7404
89,7405
207,7405
3711,7405
4641,7405
7186,7405
314,7407
1640,7407
3156,7407
79,7409
4311,7409
184,7410
6869,7410
1700,7412
100,7413
1823,7413
3971,7413
5192,7415
3642,7417
1454,7418
1033,7419
515,7421
2674,7421
6477,7421
765,7422
3,7424
7,7424
248,7425
490,7425
758,7425
2792,7425
3842,7427
2999,7429
70,7430
652,7431
523,7432
44,7433
4498,7433
7221,7435
196,7437
1487,7440
2266,7441
5384,7442
94,7444
929,7444
2069,7444
6181,7444
138,7445
5435,7445
137,7447
762,7447
1366,7447
3901,7447
5509,7447
620,7448
4015,7448
919,7449
27,7450
1381,7450
1541,7450
6452,7450
2033,7451
1682,7452
1710,7452
4294,7452
606,7454
2801,7454
5927,7454
95,7456
3419,7456
3802,7458
3796,7459
136,7460
256,7461
6689,7464
4851,7466
2368,7468
4838,7469
7,7470
932,7471
4024,7471
4791,7472
7,7475
2192,7475
4061,7476
5505,7476
1407,7477
7469,7477
174,7479
1162,7480
6221,7481
6644,7482
656,7483
6713,7484
201,7485
5280,7486
384,7489
578,7489
5123,7489
1499,7490
2282,7490
6244,7490
2416,7491
0,7492
2371,7493
5,7497
5070,7497
250,7498
4455,7498
511,7499
1075,7499
2133,7499
4850,7499
1477,7501
6828,7501
4206,7503
2259,7504
4676,7504
5578,7504
682,7505
305,7506
347,7506
5178,7508
6832,7508
157,7510
4,7511
3846,7512
21,7516
7274,7516
6322,7518
3888,7519
5808,7519
2385,7521
4810,7521
187,7524
1228,7524
2666,7524
7120,7524
2050,7525
532,7526
3536,7526
1555,7527
259,7528
1037,7528
6056,7530
4405,7532
405,7535
2028,7535
1230,7539
3582,7539
1228,7541
2133,7541
3068,7544
5138,7544
2443,7545
3384,7546
4979,7547
701,7548
1162,7550
395,7552
5357,7552
6954,7554
2366,7555
3384,7558
1945,7560
135,7562
2988,7562
606,7565
216,7566
2783,7566
3237,7566
473,7567
6592,7568
6062,7570
6720,7571
1492,7572
5,7573
416,7573
1177,7573
2790,7574
6356,7574
20,7575
201,7575
515,7575
791,7575
898,7575
4740,7575
5875,7576
7544,7577
3360,7578
5118,7579
0,7582
4481,7582
5042,7582
7425,7584
6069,7586
1844,7587
183,7590
185,7592
5753,7592
6592,7592
1,7595
30,7595
213,7596
6219,7596
3537,7598
6654,7598
561,7600
2126,7600
2506,7600
1792,7601
1563,7606
6244,7606
288,7607
3798,7607
261,7609
2097,7612
7,7617
1310,7617
128,7618
312,7618
7575,7619
550,7622
149,7626
487,7626
5927,7626
146,7627
4163,7628
4159,7630
7151,7631
1270,7635
4116,7637
5423,7637
5735,7637
49,7640
559,7641
652,7641
4315,7641
7177,7642
22,7646
69,7646
259,7646
0,7647
1190,7649
4943,7650
5945,7650
2029,7653
7499,7653
3910,7654
656,7655
3356,7655
6947,7655
342,7656
3996,7656
6225,7658
1104,7659
7339,7659
100,7660
2527,7660
138,7662
3163,7662
5597,7663
1049,7668
4310,7668
136,7669
1011,7670
869,7672
6640,7674
152,7676
416,7676
2695,7677
4830,7678
4589,7681
58,7683
163,7683
538,7684
1775,7684
4714,7684
2680,7685
1138,7686
3798,7686
8,7687
1598,7691
35,7692
2820,7692
4336,7692
442,7693
532,7693
1409,7695
578,7699
256,7700
3231,7703
149,7706
822,7708
3961,7708
5123,7708
5916,7709
21,7710
2161,7710
163,7711
4573,7711
133,7713
136,7713
146,7713
900,7713
1851,7713
4850,7713
5543,7713
2172,7714
4966,7714
699,7716
23,7718
624,7718
2345,7719
6732,7719
6185,7721
0,7722
79,7722
227,7725
578,7725
1363,7725
4466,7726
247,7727
262,7727
2516,7727
3372,7728
328,7729
2037,7729
1674,7732
201,7733
1899,7733
4389,7733
2501,7736
6764,7736
1392,7737
4171,7737
4349,7737
4384,7738
1228,7739
2720,7739
6354,7739
7405,7739
1117,7742
578,7743
1047,7743
69,7745
2466,7746
216,7749
5609,7751
343,7752
848,7754
2402,7754
388,7755
1710,7756
1158,7762
285,7765
7105,7766
251,7767
135,7770
329,7770
6732,7771
1550,7772
1499,7773
3164,7773
3651,7773
5284,7776
6946,7776
7211,7776
342,7778
3433,7778
602,7779
3854,7779
1037,7780
2086,7782
260,7783
5357,7783
1811,7785
4169,7786
2,7787
4275,7787
1,7790
1803,7790
539,7791
2987,7792
149,7793
397,7793
4072,7797
641,7798
299,7799
1550,7799
3106,7799
529,7802
429,7804
2315,7805
2343,7805
1353,7807
2127,7807
948,7808
1187,7808
36,7810
285,7810
2620,7810
4315,7810
5138,7810
72,7811
7019,7812
2255,7813
7504,7813
1524,7814
3161,7814
1462,7815
3384,7815
21,7816
1723,7816
5892,7817
5897,7817
6869,7817
2393,7818
4051,7820
3,7821
266,7822
1910,7822
3498,7822
8,7823
799,7823
2149,7823
4473,7823
33,7825
974,7825
4143,7825
7452,7825
112,7828
6092,7828
6273,7828
289,7830
2693,7830
3702,7830
94,7832
1434,7832
1216,7834
2033,7834
146,7836
2305,7836
7607,7836
4173,7837
1995,7838
2355,7839
7,7840
1308,7840
1847,7842
22,7844
4523,7844
4615,7845
6758,7846
7,7847
2753,7848
428,7849
7,7850
99,7858
592,7858
1150,7858
2332,7858
3109,7858
7042,7858
511,7859
2787,7860
157,7861
1749,7861
266,7862
1752,7863
3105,7864
518,7865
7173,7865
3036,7867
5106,7867
597,7870
7,7871
3270,7871
1040,7872
2156,7873
5979,7873
287,7874
343,7874
2833,7874
911,7875
7,7876
7113,7878
656,7879
5984,7879
2324,7880
112,7882
297,7883
1075,7884
1288,7884
98,7885
100,7885
2455,7886
3996,7887
467,7888
1363,7889
6452,7892
337,7895
646,7895
2043,7896
1202,7897
3466,7897
404,7898
5060,7898
7062,7899
3527,7902
3779,7903
112,7905
4282,7905
72,7906
2106,7906
296,7907
252,7908
2296,7908
6661,7910
538,7912
3221,7912
1844,7914
6378,7916
3234,7920
658,7921
1288,7921
5968,7921
3011,7922
884,7924
3319,7924
1557,7925
1004,7926
4463,7926
1622,7928
201,7929
1353,7929
4629,7931
6770,7935
6947,7935
196,7936
4842,7936
2410,7939
110,7940
139,7940
73,7942
3588,7943
6553,7943
5946,7946
276,7947
6948,7949
2456,7950
22,7951
442,7953
2386,7955
4131,7955
285,7957
116,7958
3,7959
374,7959
573,7959
235,7960
6715,7960
4601,7961
3758,7962
4664,7963
5523,7963
71,7964
3908,7964
72,7965
5088,7967
2968,7969
2631,7970
389,7972
4893,7972
11,7973
4015,7973
252,7974
5519,7974
0,7976
99,7976
389,7976
3271,7976
4778,7978
1145,7979
1305,7979
339,7980
1692,7980
856,7981
7275,7981
289,7983
2694,7985
3036,7987
3423,7988
3527,7990
571,7992
5405,7992
112,7995
145,7995
697,7995
3794,7996
206,7997
1227,7998
1703,7999
256,8000
4693,8001
7776,8002
416,8003
3697,8003
3950,8003
5167,8003
1581,8005
1692,8005
800,8010
1225,8010
1947,8010
7177,8011
7263,8012
3863,8013
4954,8013
353,8017
36,8018
149,8018
247,8019
4469,8020
11,8021
5509,8021
6265,8021
112,8023
4166,8023
4687,8023
7963,8023
167,8024
5760,8025
5653,8027
129,8029
210,8030
2321,8030
1670,8032
4241,8032
69,8034
3377,8034
7035,8037
2149,8038
958,8039
5116,8039
7,8041
4969,8042
550,8043
71,8045
41,8046
4625,8046
6492,8048
1710,8051
259,8052
1287,8052
4112,8058
6181,8059
3613,8061
2329,8062
3794,8063
112,8064
1957,8064
2053,8065
5927,8065
7,8066
3381,8066
135,8071
473,8072
5557,8077
5436,8078
156,8079
1408,8081
2174,8081
785,8083
2107,8083
5352,8083
2218,8084
867,8085
7,8086
185,8086
2345,8086
7038,8087
4185,8088
4409,8090
6607,8091
687,8092
3109,8095
1938,8096
415,8097
4726,8099
784,8100
877,8100
4676,8101
89,8102
2736,8102
7,8103
350,8103
1487,8103
4565,8103
6690,8103
6293,8104
6747,8104
1408,8106
6287,8107
2428,8108
1383,8109
2434,8110
1484,8111
559,8112
591,8112
3458,8113
1049,8115
288,8116
446,8120
5203,8120
1739,8121
2161,8121
136,8122
4018,8122
2474,8124
2821,8125
656,8129
3577,8131
848,8132
303,8136
184,8139
7099,8140
7727,8142
216,8144
22,8145
4324,8147
6566,8148
449,8149
1942,8149
305,8151
1221,8151
1439,8151
1792,8151
2300,8151
135,8152
3214,8153
5144,8153
1029,8154
4457,8154
5981,8154
2550,8156
494,8157
303,8158
4315,8160
6109,8160
973,8161
20,8162
5535,8162
6223,8163
2371,8165
5500,8165
3367,8167
1,8168
502,8168
2219,8168
7814,8168
2648,8169
6998,8172
4810,8173
390,8175
1678,8176
4884,8177
3916,8178
5355,8180
6195,8180
4,8182
33,8183
1,8184
1139,8184
2953,8184
8,8187
2773,8187
5395,8187
43,8189
6219,8189
1170,8190
527,8197
6882,8198
1001,8199
7575,8201
6603,8202
2565,8203
2695,8204
2352,8205
0,8206
305,8206
9,8207
466,8207
112,8211
446,8211
1140,8211
2415,8212
944,8213
1032,8214
1273,8215
4975,8215
196,8216
1566,8216
5385,8219
48,8220
475,8220
4934,8222
357,8223
443,8224
94,8227
3063,8227
4946,8228
136,8230
1444,8230
4433,8230
2070,8232
1288,8233
5580,8233
3534,8236
343,8237
1476,8237
2470,8238
4253,8239
2619,8240
3672,8240
154,8241
3114,8241
276,8242
2739,8243
1398,8244
1823,8244
5269,8245
6700,8246
7247,8246
70,8250
0,8252
1462,8252
3902,8255
4015,8256
7,8257
217,8257
4629,8257
1550,8258
253,8259
2255,8259
2673,8259
5250,8259
5378,8260
6092,8261
7575,8261
5200,8262
1618,8263
0,8264
1638,8264
3373,8264
3342,8265
68,8271
3,8273
5274,8273
5064,8274
4111,8275
94,8276
4368,8276
3608,8277
4496,8277
3474,8278
4221,8278
4466,8278
111,8279
2266,8280
6120,8280
1366,8281
69,8282
8030,8283
911,8285
580,8286
2478,8286
88,8290
2319,8290
1216,8291
4169,8293
835,8294
1853,8294
3207,8294
3436,8294
7192,8295
1995,8296
2627,8296
3979,8297
0,8298
682,8299
404,8300
1177,8300
2037,8300
15,8301
137,8302
183,8303
749,8303
798,8303
3221,8303
6881,8303
1435,8304
266,8306
5505,8307
7752,8307
94,8308
4374,8309
2167,8310
4,8312
3003,8315
2620,8316
41,8318
6970,8318
3085,8319
2810,8320
3039,8320
4310,8321
311,8322
1482,8322
2,8324
3601,8325
4911,8326
592,8327
8258,8327
1248,8328
4911,8331
8265,8331
3616,8334
2344,8335
4073,8336
4096,8337
4285,8337
1159,8339
5370,8339
754,8340
8274,8340
4405,8341
4512,8341
1712,8343
429,8344
2097,8344
6873,8344
6617,8345
363,8346
944,8346
72,8347
1574,8349
2356,8349
940,8352
3514,8355
1824,8356
5579,8357
135,8360
78,8361
438,8361
682,8361
7535,8362
5362,8364
3724,8367
1346,8369
2164,8369
7000,8369
6060,8370
99,8371
252,8372
5365,8376
5817,8377
2600,8378
2964,8380
5064,8381
462,8385
8230,8386
1502,8388
784,8390
1045,8390
2263,8391
2500,8392
2296,8393
1462,8394
2307,8394
66,8395
145,8395
262,8397
36,8398
6140,8400
305,8401
8206,8401
311,8402
314,8402
1440,8402
347,8403
3046,8406
4368,8407
3868,8408
1159,8409
3251,8411
4020,8411
6791,8413
532,8414
7173,8414
8,8415
1692,8415
5265,8415
228,8416
3374,8416
5500,8417
6382,8417
135,8418
262,8418
721,8419
2690,8420
8250,8420
2088,8421
1346,8422
3112,8422
146,8423
8153,8427
2456,8428
2716,8428
129,8432
4054,8432
4,8433
1288,8433
3783,8433
1598,8435
1566,8437
6653,8437
784,8438
1165,8439
617,8440
2211,8441
7143,8441
69,8442
7773,8442
11,8443
191,8447
932,8454
3613,8454
22,8456
1176,8456
2036,8456
3444,8456
143,8457
638,8457
1469,8457
404,8459
757,8461
3659,8462
1523,8464
2872,8464
1995,8465
817,8466
1014,8466
1627,8466
4111,8466
78,8467
7,8468
5012,8468
11,8469
5184,8469
43,8471
1080,8475
3088,8475
3544,8475
1602,8476
1675,8477
1973,8477
4516,8477
718,8478
1690,8478
15,8479
573,8479
790,8479
5736,8482
3873,8484
4206,8485
4819,8485
380,8486
1389,8486
1356,8488
4779,8490
1037,8491
125,8492
716,8492
3225,8492
4021,8496
23,8497
940,8499
0,8500
4216,8500
2534,8501
7716,8501
3342,8502
3434,8502
7996,8502
1389,8503
1248,8506
494,8507
314,8508
1936,8509
5249,8511
3559,8514
8344,8514
20,8515
4090,8515
7159,8515
2726,8517
4967,8519
6744,8519
3249,8520
4392,8520
768,8522
3271,8522
2079,8526
3933,8527
4929,8533
151,8534
1598,8534
1409,8535
488,8536
7318,8536
7251,8537
49,8538
3555,8538
3642,8539
4864,8539
0,8540
941,8541
6180,8543
6248,8543
2273,8546
6040,8549
1,8552
2693,8554
5649,8554
4216,8555
475,8557
3619,8559
1879,8560
8125,8560
287,8561
1117,8565
1230,8565
5165,8565
597,8566
2792,8567
790,8568
6298,8568
163,8569
6168,8569
3870,8570
19,8571
2310,8573
1594,8581
4392,8581
1200,8583
184,8584
634,8584
7752,8584
342,8585
7226,8585
1137,8586
72,8587
305,8589
7437,8589
8539,8589
1092,8592
1763,8592
5979,8592
8223,8592
8263,8593
397,8595
2088,8596
4240,8598
4766,8600
7191,8602
134,8606
6680,8606
7992,8606
1458,8607
5543,8607
6335,8608
7425,8610
389,8612
7031,8612
2733,8614
1929,8616
7304,8617
3896,8619
2593,8620
3327,8620
7413,8620
2238,8621
4822,8621
4085,8622
913,8623
3109,8623
768,8624
6163,8625
701,8630
904,8631
676,8632
5322,8633
1408,8634
1231,8635
6615,8635
4154,8637
5351,8638
8034,8640
1945,8641
1584,8643
3753,8643
5437,8643
1476,8645
8263,8645
2689,8646
2956,8646
583,8647
583,8649
133,8650
770,8651
1501,8651
101,8652
1350,8652
6808,8653
6839,8653
580,8656
216,8657
1741,8658
15,8663
208,8663
1087,8663
157,8664
1443,8664
3352,8665
1161,8666
3493,8667
288,8669
8003,8669
8484,8669
4887,8671
5900,8674
7,8675
550,8675
5429,8675
7134,8677
247,8680
6829,8680
3105,8681
4741,8681
2102,8682
4436,8682
0,8684
592,8684
8103,8684
7237,8685
1011,8686
7797,8687
110,8688
2495,8688
5370,8689
6271,8689
22,8690
784,8691
2687,8691
7600,8693
5649,8694
2936,8695
3658,8699
1440,8700
918,8701
1242,8701
1675,8702
4766,8704
129,8705
7035,8705
163,8707
2892,8709
7421,8709
8497,8711
1288,8712
4923,8713
3227,8714
7363,8714
770,8715
6713,8717
8638,8717
754,8719
4565,8722
5592,8724
704,8726
7582,8727
4290,8728
5623,8728
3590,8729
3763,8729
4601,8730
8719,8738
44,8739
1366,8739
4619,8739
5524,8739
4940,8740
163,8741
606,8741
1764,8743
2455,8746
210,8748
6373,8748
7425,8748
2379,8751
423,8752
1879,8752
5456,8752
754,8753
2876,8753
5200,8753
95,8754
5506,8755
4608,8758
4780,8759
435,8760
994,8760
4628,8760
3881,8761
8152,8761
1012,8762
841,8764
7,8765
4201,8765
7793,8766
21,8767
7034,8767
7452,8768
4066,8772
0,8773
2695,8774
918,8775
2863,8775
7,8776
3901,8776
1273,8777
4240,8777
298,8778
4842,8779
5370,8779
5108,8780
3758,8782
2079,8785
2096,8786
4389,8787
15,8788
187,8788
2536,8788
95,8789
1377,8789
4310,8789
4585,8791
5,8795
82,8797
2819,8797
7112,8797
15,8798
2945,8799
381,8800
3484,8801
1964,8802
8341,8802
974,8803
1851,8803
2600,8804
3156,8804
2274,8806
3639,8807
0,8809
39,8810
680,8811
15,8812
2056,8816
620,8818
4506,8818
1369,8824
196,8825
0,8826
311,8826
1178,8826
1012,8827
2012,8827
2429,8827
314,8829
974,8830
449,8832
704,8832
1336,8832
7896,8833
670,8837
212,8840
24,8846
5074,8846
3933,8848
8466,8850
11,8851
3912,8852
86,8853
87,8853
5131,8853
302,8854
2338,8854
3423,8854
4685,8854
5322,8855
41,8856
1297,8857
7535,8857
1836,8858
561,8859
1876,8859
4504,8860
2160,8861
1717,8867
7762,8867
5667,8868
87,8870
6271,8870
5997,8871
5544,8872
31,8873
87,8873
1038,8873
1525,8875
443,8876
822,8876
929,8876
5438,8876
1400,8879
898,8880
22,8881
471,8881
838,8881
6528,8881
8765,8881
6062,8883
167,8884
7,8885
285,8885
5343,8885
3690,8886
1252,8887
3114,8887
3545,8888
4363,8889
6244,8889
1752,8890
404,8891
7980,8891
1456,8892
1638,8892
196,8895
71,8896
250,8898
238,8899
1310,8901
136,8904
1314,8907
2783,8907
432,8909
5988,8909
4022,8910
8175,8910
6592,8911
6927,8914
3667,8915
268,8918
1548,8919
1395,8923
2243,8923
247,8924
4,8926
2516,8926
6060,8928
6400,8929
36,8930
6816,8930
8023,8930
592,8932
3377,8932
7,8933
4159,8933
3031,8934
4506,8934
4666,8934
134,8935
136,8935
213,8935
1063,8935
8349,8935
4389,8937
384,8938
1398,8938
2739,8939
5274,8939
494,8943
4054,8943
145,8945
3672,8946
3672,8947
2165,8950
3221,8950
284,8951
43,8953
1734,8953
6312,8953
719,8956
2920,8956
6954,8957
1032,8958
994,8959
2012,8960
2173,8961
3508,8963
37,8964
94,8969
6163,8971
8223,8973
299,8975
1058,8975
3880,8975
1221,8976
1550,8977
2220,8977
0,8978
497,8978
2658,8979
3384,8979
1244,8981
4163,8983
1063,8984
4639,8984
6048,8984
1178,8985
7211,8987
1749,8989
5968,8989
567,8990
890,8992
1306,8992
21,8993
579,8993
7504,8993
1141,8995
7134,8996
8257,8996
768,8998
2719,8998
136,8999
3632,8999
539,9000
1791,9001
639,9002
579,9003
3,9004
253,9004
2366,9004
6607,9006
216,9007
6978,9007
48,9008
3360,9009
2451,9010
1058,9012
3742,9012
0,9014
98,9014
680,9015
2173,9017
2551,9018
3022,9018
1119,9020
1400,9021
494,9022
3151,9022
8555,9023
248,9024
6700,9025
8265,9025
5357,9026
3050,9029
619,9031
7678,9031
1394,9033
1945,9035
6653,9035
416,9036
4,9037
3649,9038
3724,9038
973,9040
1394,9042
26,9043
1564,9043
78,9044
327,9044
462,9044
3887,9044
588,9047
2210,9047
195,9048
446,9050
1501,9051
4430,9053
36,9054
152,9055
184,9056
253,9056
319,9057
223,9058
7152,9058
4269,9060
5734,9060
6640,9060
3601,9062
2086,9064
8938,9064
3416,9065
3150,9066
152,9067
8873,9067
22,9071
1854,9074
298,9076
302,9076
2901,9076
3950,9076
4653,9076
138,9078
7997,9079
30,9081
7471,9081
6197,9082
22,9083
2377,9083
2951,9084
3215,9084
268,9088
519,9088
5725,9089
5735,9089
2740,9090
7207,9091
1120,9092
11,9093
98,9093
785,9093
2546,9093
5787,9094
135,9097
4767,9097
838,9098
4781,9100
5274,9100
6641,9100
1141,9104
2173,9104
5535,9106
1487,9109
5979,9109
1640,9113
1917,9114
2053,9114
3040,9116
268,9117
3890,9118
117,9119
1856,9122
2028,9122
3077,9122
5500,9123
2769,9126
4411,9126
4826,9129
296,9130
89,9131
2429,9131
716,9132
4377,9132
1012,9134
4811,9134
945,9135
5208,9137
185,9142
4224,9142
5123,9145
1141,9148
8034,9148
4378,9150
467,9152
81,9153
1018,9157
1543,9157
1708,9157
416,9158
2971,9158
11,9160
3221,9160
1441,9161
8995,9162
259,9165
3216,9165
2193,9168
3013,9168
445,9169
1964,9169
5724,9170
6891,9172
6966,9172
24,9173
1187,9173
166,9175
2282,9175
3373,9175
6016,9175
1102,9177
8357,9177
3046,9180
1879,9181
6369,9181
776,9182
817,9183
4822,9183
8699,9183
8992,9183
299,9184
2382,9184
5605,9184
1710,9185
4008,9185
6621,9186
5710,9188
591,9191
799,9192
200,9193
285,9193
1230,9196
3637,9197
6689,9197
3825,9198
21,9200
146,9200
1190,9200
20,9202
1298,9203
5863,9205
238,9211
1165,9217
5463,9218
86,9219
3364,9219
3377,9219
3434,9219
6073,9219
220,9221
3757,9221
6688,9222
902,9223
3281,9223
3860,9223
1,9225
7,9225
296,9225
4084,9225
7,9226
1766,9227
3225,9227
3916,9227
1223,9228
1897,9228
7094,9229
19,9230
45,9230
1398,9230
2109,9230
4358,9230
5768,9230
4539,9232
1675,9233
8023,9237
191,9239
183,9242
347,9242
7002,9242
129,9243
1406,9243
2470,9243
2551,9244
3252,9247
8643,9247
7,9248
247,9254
567,9254
5714,9254
6017,9254
4583,9257
528,9259
2021,9259
3201,9259
6405,9259
5078,9260
7722,9260
4732,9262
4834,9262
7353,9262
1353,9263
1550,9263
7521,9264
7351,9265
3941,9267
1200,9268
3901,9270
6163,9270
238,9271
7437,9272
7584,9273
208,9277
3433,9277
3869,9277
139,9278
1199,9281
3057,9282
308,9283
162,9285
243,9286
5078,9286
8335,9286
1524,9287
8854,9288
388,9290
4245,9290
415,9292
261,9294
624,9295
7,9296
3011,9296
143,9297
6487,9297
2259,9298
3537,9298
6306,9299
2709,9300
1457,9301
7573,9301
1291,9302
3085,9302
5197,9302
945,9303
163,9305
389,9306
2216,9306
305,9308
978,9308
8950,9308
819,9309
8341,9309
5455,9311
1083,9312
7452,9313
6293,9315
11,9317
2315,9317
6400,9317
3,9318
921,9320
1269,9321
1960,9321
6566,9321
5735,9324
5874,9324
8855,9326
7595,9327
9302,9329
3889,9330
911,9331
7646,9335
260,9336
111,9337
4822,9337
3386,9339
637,9342
2366,9342
8509,9342
404,9343
1522,9343
2403,9343
1124,9348
5961,9348
7793,9348
7797,9348
892,9352
2390,9352
3870,9352
8914,9352
8442,9355
715,9356
4499,9360
2368,9361
15,9362
7992,9363
898,9364
4773,9364
86,9366
880,9366
0,9368
81,9368
559,9368
2355,9371
397,9373
656,9376
1741,9376
1346,9378
3672,9378
3710,9381
1712,9383
4975,9383
2689,9386
3724,9386
5656,9386
191,9387
3026,9387
127,9389
428,9391
454,9393
1546,9393
1395,9395
3570,9396
3201,9398
9393,9398
37,9399
826,9399
3234,9399
4847,9399
0,9401
5986,9402
4062,9403
7038,9405
1432,9406
9035,9407
416,9408
716,9408
87,9409
4929,9409
1101,9412
3788,9414
1764,9416
2942,9417
1034,9418
99,9419
6698,9419
11,9420
1072,9421
1550,9422
216,9423
1,9424
1865,9424
1391,9426
3537,9427
5897,9427
488,9428
1563,9428
1193,9429
2935,9430
4348,9430
81,9431
5745,9431
2371,9434
4658,9434
3105,9436
5128,9436
778,9437
9184,9437
3497,9438
41,9440
299,9440
770,9442
1555,9442
4404,9442
350,9443
6147,9443
1945,9444
3881,9445
5968,9447
6690,9447
784,9448
416,9449
5652,9450
6744,9450
4670,9452
6555,9452
1874,9453
7374,9453
2959,9455
296,9457
7010,9458
30,9460
550,9460
1945,9460
2872,9464
5255,9464
8885,9465
1675,9467
1498,9468
565,9469
7120,9471
1537,9472
3323,9472
4693,9473
7940,9474
1459,9477
1711,9477
9449,9477
911,9480
3599,9480
656,9481
2752,9481
573,9482
1209,9482
3556,9482
539,9484
3323,9484
8402,9485
528,9486
1773,9486
2998,9486
4024,9486
937,9490
2752,9490
8344,9490
1845,9492
5379,9493
15,9495
3296,9495
1395,9496
429,9497
446,9497
3631,9497
2071,9498
6915,9498
8608,9498
1192,9503
2854,9503
4886,9503
3,9504
1811,9504
3740,9504
1104,9505
1368,9506
1492,9507
3450,9507
3947,9508
6292,9509
6380,9509
1191,9510
2120,9511
2548,9513
7102,9514
7370,9514
7575,9514
1964,9515
3065,9515
3551,9515
134,9518
210,9518
7483,9518
8255,9519
2259,9521
377,9523
6097,9523
311,9524
459,9526
2659,9527
1457,9528
2300,9531
1692,9532
24,9534
1187,9535
99,9536
682,9536
8347,9536
136,9538
220,9538
5999,9538
881,9539
6734,9541
6439,9542
337,9543
8125,9544
384,9546
1524,9546
2032,9546
3582,9546
5643,9547
2345,9550
99,9552
1363,9553
4219,9553
4,9558
5678,9558
8992,9559
4084,9560
7882,9560
830,9561
5366,9562
6833,9563
8663,9564
31,9566
145,9566
2627,9567
2053,9568
1350,9570
2133,9570
9286,9570
3077,9571
3096,9573
6743,9573
11,9574
5734,9574
7177,9574
958,9575
2654,9578
128,9579
266,9579
564,9579
7,9580
3734,9580
4066,9584
8265,9584
2263,9585
3271,9587
9243,9587
87,9589
2430,9591
1242,9594
210,9596
228,9596
342,9597
22,9598
3493,9598
7081,9598
753,9599
3992,9599
1026,9600
236,9601
1432,9601
4519,9601
2723,9603
5254,9603
1506,9604
7081,9604
860,9605
2738,9605
8992,9605
2719,9606
5776,9607
4,9608
633,9608
5024,9609
1641,9610
3379,9610
19,9611
4062,9613
567,9614
22,9615
4658,9615
268,9617
72,9619
327,9623
1418,9624
3016,9626
3642,9626
1410,9627
2263,9627
6769,9627
4492,9629
163,9630
890,9630
196,9632
4437,9632
1682,9633
3527,9633
1203,9634
8939,9634
3936,9637
5429,9638
145,9639
4384,9639
6338,9641
31,9642
3941,9645
4308,9645
684,9650
5501,9650
6034,9654
262,9657
704,9657
3130,9657
2783,9659
1265,9660
8873,9660
4651,9661
3601,9662
8593,9662
7924,9663
3031,9664
879,9669
1217,9669
1821,9669
4066,9670
1690,9672
4484,9672
4637,9675
7235,9675
4605,9676
22,9677
5559,9680
135,9681
6143,9681
213,9682
5630,9683
672,9684
7073,9684
7404,9687
3478,9688
250,9692
1423,9692
3031,9692
2709,9693
6317,9694
500,9697
2060,9697
532,9699
1227,9699
7700,9699
107,9700
1023,9703
5070,9703
2739,9704
5174,9706
918,9707
107,9709
7466,9710
7572,9710
9044,9711
5789,9712
1717,9716
4926,9717
2466,9718
1139,9719
1579,9719
4948,9720
900,9722
4979,9723
592,9725
799,9725
110,9726
8907,9727
381,9728
1508,9730
6143,9730
7085,9731
99,9732
1822,9732
8853,9733
129,9734
268,9735
4235,9736
7575,9738
9363,9741
627,9742
975,9743
3486,9743
3642,9743
1284,9744
6292,9745
285,9746
7300,9746
1507,9748
2001,9748
1766,9749
5724,9749
642,9750
9584,9751
3559,9753
4696,9753
8876,9756
1,9760
863,9760
516,9765
3311,9766
4021,9767
89,9769
8261,9769
7,9770
187,9771
770,9771
482,9772
8048,9774
296,9776
11,9777
8355,9777
1487,9779
5682,9779
902,9781
1797,9782
7,9783
880,9783
1114,9783
1217,9785
4464,9785
7752,9785
1061,9789
5352,9791
6184,9791
2133,9792
6536,9794
2921,9795
20,9798
196,9798
30,9799
1584,9800
1976,9800
2116,9800
4353,9800
7,9801
1,9802
35,9802
136,9802
227,9802
5141,9802
2957,9804
5917,9805
1268,9806
89,9807
5171,9808
5629,9808
6073,9810
4175,9811
2404,9815
4154,9815
7574,9815
489,9818
112,9820
1072,9823
465,9825
1440,9825
2997,9825
7223,9828
4256,9830
973,9832
5540,9832
1075,9833
656,9834
1244,9834
5831,9835
8086,9835
87,9836
4310,9836
3808,9840
5123,9840
1899,9842
6471,9845
5429,9846
7983,9847
1228,9849
624,9851
1416,9852
6995,9853
1992,9855
454,9857
7281,9859
9416,9859
4216,9860
27,9862
2416,9862
6610,9863
627,9864
7,9866
208,9868
1517,9868
1585,9869
1363,9873
2722,9873
7,9875
5544,9876
7896,9876
9198,9876
479,9877
8318,9878
397,9879
1794,9879
3742,9880
2659,9882
822,9884
1550,9884
4346,9884
2935,9885
873,9886
4054,9886
1524,9887
6740,9887
754,9888
95,9890
878,9892
9632,9892
1773,9895
2959,9895
9371,9895
156,9896
873,9896
2687,9897
5106,9899
3379,9900
7006,9900
7186,9901
6701,9902
15,9903
1344,9906
19,9907
6293,9907
7946,9907
139,9908
139,9909
259,9911
2273,9911
7276,9911
7469,9911
8675,9913
44,9914
135,9914
22,9915
247,9916
1282,9916
3423,9917
146,9918
4325,9918
4875,9918
9406,9918
3727,9921
3227,9926
4121,9927
2,9929
529,9929
606,9931
2870,9931
4329,9933
5776,9934
4466,9935
3485,9936
1156,9937
2925,9937
6960,9939
58,9941
8566,9942
9368,9943
155,9945
208,9945
3770,9945
223,9946
1061,9946
6439,9947
5119,9949
4,9950
5621,9950
432,9954
2273,9954
201,9961
8881,9961
2456,9963
1270,9965
6952,9966
7619,9967
788,9968
2361,9970
8785,9970
667,9971
9021,9974
2352,9975
2026,9976
565,9977
4840,9977
7960,9977
4944,9978
5088,9978
5651,9979
4268,9981
2921,9982
296,9983
431,9983
129,9984
7305,9984
518,9987
5539,9987
100,9989
3114,9989
30,9990
210,9990
305,9990
1092,9990
2716,9991
2956,9992
5118,9992
6553,9994
2,9995
7363,9995
135,9996
527,9996
1117,9996
1931,9996
1973,9997
2173,9997
21,9998
191,9998
9434,9998
