0,1
0,2
0,3
0,4
3,6
0,7
2,7
3,7
4,7
4,9
2,10
4,11
7,11
1,12
1,14
1,16
3,17
0,18
12,19
11,20
2,23
11,23
0,24
11,24
7,26
6,27
7,27
0,28
24,28
4,29
11,30
0,31
2,31
10,32
6,33
2,34
7,34
3,35
0,38
23,40
32,40
7,41
0,42
7,43
3,44
31,44
1,47
11,49
9,52
10,53
11,53
3,55
32,55
55,56
0,57
11,57
11,58
4,59
3,62
11,63
1,64
3,64
11,64
2,66
23,69
53,69
7,70
23,70
33,71
11,73
44,75
0,77
49,77
10,78
57,79
78,80
7,81
11,81
33,83
69,86
71,86
11,89
57,89
70,89
24,91
4,92
40,92
47,94
0,96
44,96
23,99
57,99
0,101
83,101
11,103
11,107
59,107
1,109
11,109
9,110
7,111
3,112
69,113
1,114
24,114
0,115
3,115
7,115
24,115
40,115
3,116
6,117
0,118
11,119
73,119
2,120
7,120
7,121
2,122
23,122
55,122
1,123
3,123
42,123
63,125
3,127
120,127
77,129
23,130
99,130
120,130
42,131
53,132
23,133
3,136
7,136
70,136
123,137
0,139
57,140
70,140
127,141
24,144
136,144
7,145
91,145
120,145
28,148
136,149
3,151
24,151
78,151
130,151
11,152
7,154
3,156
154,156
4,157
115,157
3,159
3,160
80,160
96,161
127,161
127,164
149,164
157,164
23,165
0,166
140,166
7,167
145,168
11,169
77,170
7,171
91,171
136,171
0,173
136,173
3,174
174,177
132,178
7,179
69,180
132,180
149,181
115,183
40,184
149,184
3,186
7,186
11,186
107,186
1,187
73,191
149,193
186,193
3,194
107,194
64,195
120,196
77,197
107,197
11,198
78,198
2,199
1,200
23,200
166,200
2,203
3,203
10,207
136,207
180,207
0,209
33,209
207,209
123,211
55,212
136,215
7,216
57,218
70,218
69,225
11,226
117,226
186,226
113,227
170,227
10,228
11,231
186,233
136,234
103,235
123,235
24,236
107,239
12,240
107,240
32,241
132,243
160,243
136,245
11,246
171,246
207,247
43,248
243,248
151,249
243,252
144,253
248,253
4,254
57,254
136,256
200,256
32,257
122,257
3,258
34,258
257,259
149,260
186,260
211,260
258,261
19,262
11,264
69,264
160,264
207,265
43,266
154,268
3,269
107,274
35,276
243,277
7,278
4,279
44,281
57,281
144,283
3,285
254,285
3,286
103,286
127,288
7,289
132,289
151,290
32,291
166,291
160,293
1,294
57,294
23,296
258,296
7,297
226,298
129,299
2,300
123,302
165,305
23,307
285,307
103,309
264,311
11,312
107,313
240,314
11,315
89,315
122,315
296,316
3,319
69,319
32,320
0,321
3,323
23,323
127,325
276,327
6,328
140,328
7,331
94,331
0,332
236,332
258,333
132,334
7,336
1,337
1,338
58,339
47,340
132,340
7,341
256,342
180,343
62,344
170,344
7,346
94,347
315,347
334,353
1,354
3,355
10,356
132,356
171,356
0,357
44,357
4,359
7,360
11,361
92,361
0,362
227,362
33,363
154,364
64,365
2,366
3,367
186,368
289,370
33,376
149,376
140,378
47,379
57,379
123,382
243,382
320,382
160,385
353,385
170,386
186,386
194,386
103,389
107,389
207,390
279,390
33,391
3,392
178,392
7,393
40,394
235,394
2,395
145,395
78,397
11,398
123,398
149,398
285,399
122,400
170,401
24,404
7,406
136,406
174,406
35,408
395,408
240,409
2,410
186,411
32,412
313,412
78,413
2,414
412,415
123,416
159,416
258,418
321,420
323,420
14,421
393,421
9,423
23,423
357,423
166,424
410,424
1,427
200,428
194,429
44,430
171,430
191,433
395,434
7,435
212,435
77,437
226,437
4,438
145,438
2,439
120,440
343,440
120,441
0,442
248,442
144,443
160,445
23,447
149,447
0,448
194,449
248,449
24,450
40,450
347,451
89,452
1,455
27,455
258,455
200,457
0,459
145,459
243,459
343,459
11,460
207,460
226,460
107,462
35,463
44,463
47,463
23,465
356,465
4,467
254,468
186,469
200,470
236,470
11,471
0,472
256,472
258,473
0,474
77,474
132,474
44,475
101,476
7,477
40,477
171,478
285,479
7,481
19,482
49,482
319,482
55,483
23,485
57,486
412,487
3,488
367,488
23,489
70,489
140,489
398,489
160,490
11,491
254,491
438,491
7,492
40,494
194,494
55,496
77,497
254,498
319,498
412,499
132,500
197,500
92,502
99,502
4,504
207,504
473,504
243,506
353,506
35,507
276,508
498,508
24,509
264,509
338,509
3,510
186,510
115,511
450,511
64,512
107,512
3,514
0,517
7,517
186,520
367,520
509,520
227,523
398,524
468,524
293,525
83,526
509,527
299,528
42,532
91,534
385,534
7,535
27,536
450,537
2,538
24,539
337,541
245,545
541,546
115,547
490,547
315,549
291,550
279,552
363,553
173,556
3,557
226,557
413,558
154,559
332,559
411,560
499,560
27,561
359,561
123,562
10,564
24,564
4,566
6,566
274,566
439,566
445,566
337,570
553,570
504,571
33,572
492,573
7,574
2,575
2,576
49,579
467,579
211,581
0,584
2,586
6,587
145,588
463,589
31,590
196,591
323,591
423,594
506,596
327,597
507,597
264,598
145,599
123,600
428,600
69,601
307,601
262,603
140,604
520,605
376,606
239,608
474,608
171,610
166,611
506,611
3,612
171,614
258,615
120,619
302,619
77,620
564,620
7,622
338,622
115,624
549,624
140,625
259,626
608,628
2,629
32,629
149,631
428,631
123,636
166,636
11,639
70,640
604,640
144,641
7,643
319,643
235,644
2,645
114,646
248,649
265,650
240,651
0,652
7,653
144,654
165,655
1,656
78,656
243,656
7,657
459,658
386,659
17,660
562,660
370,661
470,661
203,665
86,666
10,668
136,668
110,669
42,670
492,670
136,671
197,671
23,673
94,674
260,677
7,679
473,680
631,680
1,681
7,681
467,682
120,683
235,685
333,686
23,688
145,688
113,690
144,693
337,694
24,696
77,696
4,700
114,700
70,701
115,703
218,705
512,705
115,706
59,707
166,709
264,709
7,711
127,712
0,713
149,713
83,714
3,715
123,715
1,716
430,716
0,717
14,719
207,719
709,719
24,720
236,720
40,722
459,723
123,724
197,724
320,724
399,724
0,725
80,725
3,726
7,726
42,726
107,726
7,727
186,728
1,729
73,730
319,731
120,732
296,734
10,736
7,737
40,737
309,737
686,739
28,740
463,746
534,747
334,748
120,750
631,750
9,751
136,751
504,751
724,751
170,752
11,754
705,755
186,756
520,756
77,757
268,759
321,760
110,763
502,763
610,763
0,764
101,764
498,764
7,766
465,766
236,767
756,767
120,768
73,770
670,770
81,771
170,771
509,771
504,772
767,773
49,776
24,777
181,778
376,778
479,779
507,779
107,780
661,780
459,781
10,782
123,784
291,784
7,785
10,785
463,785
584,785
1,786
115,789
115,790
651,790
713,791
11,793
507,794
11,795
260,795
107,796
145,796
315,796
357,796
656,796
1,797
136,797
406,797
123,799
186,800
470,800
44,801
506,801
660,802
193,803
686,804
759,804
154,805
305,805
669,807
622,808
289,809
397,809
107,810
321,811
463,812
152,813
320,813
40,817
685,817
11,818
115,818
170,819
338,820
625,821
1,825
643,826
392,827
38,828
69,828
120,829
415,830
520,831
819,832
218,835
123,838
646,838
181,841
94,842
132,843
700,843
197,845
700,846
573,847
0,848
4,848
291,848
24,849
681,849
69,850
302,850
17,851
258,851
437,851
482,854
809,855
541,856
395,857
57,858
0,859
713,861
670,862
0,866
226,867
11,868
78,868
149,868
767,868
848,868
23,869
154,869
423,872
34,874
166,874
157,875
785,875
81,876
24,877
207,877
766,877
180,878
239,879
423,879
468,879
4,880
0,881
91,881
212,881
716,881
603,884
800,885
604,886
11,888
499,888
262,889
23,893
258,893
509,894
713,895
7,898
120,898
333,901
184,902
386,902
10,904
28,905
166,905
506,905
509,905
857,905
851,906
507,907
614,908
225,909
149,910
264,913
174,914
151,915
3,917
117,917
509,917
910,918
737,919
23,920
9,923
120,923
127,925
549,928
24,929
1,931
561,932
696,933
750,934
78,937
485,937
107,938
144,938
804,941
661,942
264,944
713,944
11,945
115,945
136,945
601,945
121,946
938,947
49,948
123,949
166,949
395,949
487,949
258,950
225,952
79,953
286,953
243,954
115,955
354,955
433,955
19,957
296,958
35,959
107,959
805,960
120,961
226,961
64,963
808,963
347,964
4,967
511,967
499,968
171,969
868,969
561,970
832,970
122,971
194,972
64,973
225,973
679,975
905,979
459,981
207,982
340,982
7,984
291,984
624,984
353,985
26,990
120,991
812,991
488,992
771,992
549,993
715,993
796,993
11,994
857,994
1,995
954,995
696,996
949,996
0,997
659,997
809,997
258,998
666,998
868,998
780,1002
49,1003
0,1005
655,1005
265,1007
2,1008
509,1008
0,1010
379,1010
149,1011
166,1011
526,1011
4,1013
312,1013
33,1015
525,1015
81,1017
469,1017
123,1018
107,1019
291,1020
120,1023
174,1024
203,1024
18,1028
43,1028
0,1030
928,1030
525,1031
731,1033
42,1035
945,1036
997,1038
597,1039
180,1040
225,1042
406,1042
1,1043
168,1043
557,1044
654,1044
819,1044
77,1045
291,1046
78,1047
264,1047
338,1048
584,1048
149,1052
562,1052
302,1053
423,1053
790,1054
62,1057
357,1058
7,1059
376,1059
715,1060
982,1060
86,1061
239,1061
923,1064
186,1066
660,1068
726,1068
731,1068
770,1069
243,1072
573,1072
907,1072
499,1073
611,1073
3,1074
10,1074
197,1074
160,1077
869,1077
3,1081
49,1081
1030,1081
487,1082
40,1084
1074,1085
0,1087
1068,1087
81,1088
107,1089
819,1090
323,1091
802,1091
509,1092
59,1093
166,1093
197,1093
333,1093
120,1097
127,1097
11,1098
167,1098
276,1098
660,1098
969,1098
488,1102
395,1103
107,1104
123,1104
11,1107
11,1108
209,1108
796,1108
932,1108
107,1112
7,1115
186,1115
299,1116
982,1116
123,1119
973,1120
478,1121
941,1121
44,1122
81,1122
512,1122
894,1123
805,1124
985,1124
194,1125
423,1127
819,1127
877,1127
3,1129
337,1129
115,1132
19,1133
248,1133
264,1133
149,1137
256,1138
258,1139
557,1140
961,1140
127,1142
970,1143
243,1144
62,1146
94,1146
842,1146
506,1150
0,1151
239,1151
487,1151
785,1151
1098,1152
119,1153
906,1155
955,1155
18,1156
1,1158
123,1158
132,1160
207,1160
549,1160
1043,1161
3,1162
165,1162
1108,1168
40,1169
40,1170
23,1174
24,1174
528,1175
1057,1175
1068,1175
49,1179
7,1183
11,1185
40,1185
165,1185
123,1186
151,1188
9,1189
120,1190
130,1190
24,1191
1150,1192
64,1194
7,1196
1170,1196
571,1197
313,1198
608,1198
615,1199
115,1200
10,1201
33,1201
112,1201
524,1202
70,1203
200,1204
33,1205
0,1206
274,1206
7,1208
218,1209
337,1209
337,1210
447,1210
650,1210
103,1211
69,1214
243,1214
370,1214
653,1214
123,1217
64,1219
144,1220
110,1223
498,1224
231,1226
353,1226
0,1227
1151,1227
291,1229
997,1229
1214,1231
498,1232
149,1234
1068,1234
470,1236
517,1238
955,1238
35,1239
40,1239
200,1239
729,1240
337,1241
258,1243
321,1244
520,1244
1039,1244
797,1245
136,1246
725,1246
737,1246
132,1247
629,1247
53,1248
239,1251
1122,1251
1196,1251
103,1252
557,1252
566,1252
508,1253
1150,1253
7,1254
861,1256
1188,1258
115,1260
750,1261
1098,1261
279,1262
2,1264
4,1264
160,1264
19,1265
1124,1265
63,1266
333,1266
411,1268
566,1269
7,1270
1200,1270
470,1271
447,1272
376,1273
1115,1273
562,1274
170,1276
140,1277
113,1278
276,1279
546,1279
771,1280
1274,1280
103,1281
620,1283
197,1284
112,1285
579,1286
11,1288
858,1288
572,1289
44,1290
875,1291
737,1292
23,1293
1188,1293
1239,1294
336,1296
245,1297
1011,1297
20,1298
562,1298
28,1299
961,1300
291,1301
931,1302
145,1303
120,1304
246,1304
309,1305
9,1306
151,1306
0,1308
122,1309
479,1309
120,1311
562,1312
7,1313
279,1313
506,1313
1185,1313
389,1315
2,1317
547,1317
1217,1317
225,1318
12,1319
173,1319
719,1319
851,1319
990,1320
498,1321
894,1322
499,1323
1042,1323
58,1324
929,1324
7,1325
243,1325
954,1325
1122,1325
1323,1325
433,1326
260,1331
1174,1332
258,1333
706,1333
64,1334
328,1334
812,1337
564,1339
804,1339
7,1340
0,1342
171,1342
481,1343
313,1344
492,1344
679,1344
24,1345
123,1345
804,1345
819,1345
1121,1345
477,1346
44,1347
122,1348
1121,1349
145,1350
430,1350
10,1351
123,1351
29,1352
869,1352
0,1353
235,1353
928,1354
389,1356
629,1356
328,1357
700,1357
1210,1357
236,1363
1345,1363
6,1366
19,1366
178,1367
701,1368
688,1370
1251,1370
1,1371
136,1372
12,1374
719,1376
818,1379
7,1381
236,1381
203,1382
357,1382
398,1382
3,1384
360,1385
459,1385
703,1385
1,1386
819,1387
338,1390
23,1391
70,1391
32,1394
1244,1394
94,1396
274,1396
247,1397
1256,1397
6,1399
1353,1399
235,1401
397,1401
1234,1401
207,1402
502,1402
800,1402
470,1403
3,1405
0,1406
7,1406
737,1406
1097,1406
91,1407
827,1408
344,1409
447,1409
730,1409
149,1411
194,1412
112,1413
398,1414
57,1416
274,1417
1093,1419
1337,1419
34,1422
19,1423
127,1423
1302,1423
1124,1424
1390,1424
0,1428
1205,1428
132,1432
132,1433
145,1433
342,1437
4,1438
674,1438
416,1440
479,1441
869,1441
57,1442
1305,1442
423,1443
132,1445
107,1446
1210,1446
136,1447
472,1447
0,1448
713,1448
731,1448
107,1449
474,1451
693,1451
338,1453
113,1454
159,1454
428,1460
339,1461
379,1461
465,1461
413,1463
362,1464
291,1465
207,1466
78,1467
44,1470
4,1473
28,1475
94,1475
55,1477
91,1477
337,1477
1344,1477
149,1479
62,1480
319,1480
547,1481
1,1482
406,1483
337,1484
207,1486
1406,1487
1074,1488
11,1492
152,1493
463,1493
1313,1493
661,1494
700,1495
713,1495
1300,1498
450,1499
800,1499
281,1501
982,1503
1210,1503
800,1504
35,1505
53,1507
297,1509
622,1509
77,1513
107,1516
355,1516
1407,1517
1417,1517
2,1519
127,1519
165,1519
279,1519
1,1521
414,1521
166,1524
187,1524
506,1524
785,1524
1112,1525
785,1526
1005,1526
69,1527
0,1529
874,1529
435,1530
40,1531
715,1532
1030,1533
1197,1534
785,1536
625,1538
1524,1538
479,1540
717,1540
107,1543
357,1544
805,1545
960,1545
266,1546
534,1547
859,1548
31,1553
1234,1553
1445,1555
1108,1558
24,1565
993,1566
1363,1567
970,1568
11,1571
286,1571
1112,1571
353,1572
1112,1573
9,1574
197,1574
340,1575
44,1576
211,1576
333,1579
235,1581
756,1581
127,1582
660,1583
1038,1583
0,1585
3,1585
165,1585
459,1586
400,1587
415,1592
181,1593
507,1593
714,1593
1074,1594
11,1596
538,1596
212,1597
830,1597
414,1598
391,1600
706,1601
53,1604
180,1605
257,1605
1575,1605
376,1606
763,1606
1098,1606
1440,1606
69,1609
819,1609
825,1609
494,1611
57,1612
309,1612
1553,1614
2,1615
320,1616
1234,1616
6,1617
226,1618
416,1620
625,1621
120,1623
136,1623
315,1623
186,1626
296,1626
1196,1627
2,1628
29,1628
256,1628
450,1629
132,1630
218,1631
694,1632
713,1633
1529,1633
970,1634
1385,1634
42,1635
69,1635
482,1635
1447,1635
7,1636
144,1636
400,1636
28,1637
260,1637
173,1641
945,1641
961,1641
337,1642
258,1644
700,1644
353,1645
35,1646
877,1646
127,1648
785,1648
94,1651
337,1652
395,1652
549,1652
557,1654
459,1657
299,1660
640,1660
7,1662
1406,1663
64,1665
459,1666
254,1670
1300,1670
327,1672
313,1673
4,1675
57,1676
504,1676
353,1678
693,1679
1390,1680
1068,1681
611,1682
7,1683
296,1683
468,1683
1068,1683
6,1684
11,1691
751,1691
0,1692
1,1695
132,1695
857,1695
0,1697
86,1697
1509,1697
200,1702
957,1703
1140,1703
1545,1703
77,1705
115,1705
790,1705
1505,1705
517,1708
225,1709
264,1709
307,1710
107,1713
130,1713
508,1714
1093,1714
200,1716
11,1718
127,1718
346,1718
3,1722
197,1722
337,1724
1258,1724
194,1725
315,1726
23,1727
24,1728
23,1729
459,1732
750,1733
481,1734
2,1735
1048,1736
1,1737
6,1737
119,1737
1332,1739
825,1744
0,1746
700,1748
3,1750
701,1750
360,1752
120,1754
759,1755
1300,1756
1367,1756
323,1757
1627,1757
136,1758
660,1758
449,1759
1597,1760
246,1761
785,1761
7,1762
545,1762
838,1764
140,1765
243,1767
91,1770
636,1771
728,1771
57,1774
226,1775
1143,1776
94,1777
750,1778
1366,1778
1407,1778
49,1779
132,1780
225,1780
750,1780
209,1781
211,1781
838,1782
905,1782
296,1783
447,1783
846,1783
1451,1784
1536,1784
1672,1786
55,1787
573,1788
123,1789
70,1790
1028,1791
121,1793
23,1796
44,1796
677,1796
120,1797
4,1799
7,1799
1402,1800
7,1801
27,1801
297,1802
1778,1804
412,1805
23,1807
1413,1809
136,1810
11,1811
166,1811
905,1811
171,1812
701,1813
1382,1813
6,1814
173,1814
1236,1815
437,1817
1023,1819
258,1820
319,1820
457,1820
1440,1822
1791,1822
42,1823
1196,1823
1382,1824
6,1825
1778,1826
144,1827
1325,1827
467,1828
144,1830
997,1830
7,1831
732,1834
786,1834
953,1834
4,1835
2,1838
24,1841
53,1841
881,1841
1197,1842
1064,1843
1188,1844
248,1846
11,1847
1787,1847
1098,1848
77,1849
59,1851
200,1854
680,1854
337,1857
1666,1857
120,1858
1484,1859
7,1861
438,1862
186,1863
1764,1864
1545,1866
86,1869
73,1870
307,1870
785,1871
69,1874
1379,1874
463,1876
1227,1876
144,1879
62,1880
906,1881
1416,1882
123,1884
7,1886
236,1886
9,1888
509,1888
1825,1888
997,1889
1746,1889
488,1890
1648,1890
875,1892
115,1894
1598,1894
601,1895
917,1896
1648,1897
115,1899
356,1901
463,1901
656,1901
1036,1902
825,1903
356,1906
127,1907
1,1908
262,1910
1008,1910
174,1911
44,1915
92,1915
173,1915
412,1915
785,1915
3,1916
4,1916
231,1916
325,1916
400,1918
1786,1919
7,1921
24,1922
406,1922
1517,1923
268,1924
447,1924
905,1924
888,1925
24,1926
1921,1929
470,1930
55,1932
1401,1933
1081,1934
1648,1934
11,1935
7,1936
1093,1937
0,1938
1416,1938
64,1941
1313,1941
1366,1941
1451,1941
1273,1942
653,1944
3,1946
29,1947
69,1947
465,1947
1274,1950
112,1952
715,1952
1313,1952
1151,1953
1,1955
24,1955
10,1956
23,1957
679,1957
1308,1958
624,1959
7,1960
1683,1960
955,1961
236,1962
1112,1962
1345,1963
739,1964
838,1964
235,1966
1244,1967
7,1968
0,1969
502,1969
755,1969
650,1970
1505,1970
1553,1971
459,1972
1251,1972
715,1973
9,1974
173,1974
361,1974
997,1974
23,1975
254,1975
1098,1977
207,1978
332,1978
854,1978
193,1979
1764,1980
3,1981
1214,1981
1313,1981
344,1982
784,1985
564,1986
1002,1986
573,1991
651,1991
1981,1993
1942,1996
498,1998
1269,1999
211,2000
438,2000
724,2002
1734,2002
47,2003
123,2003
1516,2003
359,2004
1293,2004
57,2010
171,2010
1138,2011
876,2012
79,2013
804,2013
1616,2013
712,2015
1312,2017
1406,2019
1726,2019
101,2020
157,2020
23,2021
154,2021
917,2021
115,2022
451,2022
878,2022
1634,2022
59,2023
437,2024
0,2025
1401,2025
1682,2025
0,2026
482,2030
1205,2031
1239,2031
140,2033
1413,2033
160,2034
1448,2034
848,2035
1775,2036
28,2039
7,2040
268,2040
136,2044
24,2045
24,2046
2013,2049
1214,2050
1799,2050
319,2052
23,2055
115,2055
1030,2055
3,2057
802,2057
1466,2060
459,2062
562,2063
603,2063
1779,2064
114,2065
246,2066
132,2067
279,2067
471,2067
1963,2067
11,2068
179,2068
28,2072
1811,2072
91,2073
16,2075
319,2075
859,2075
1186,2075
406,2076
115,2079
156,2079
57,2080
169,2083
1594,2083
122,2085
35,2087
107,2088
1274,2089
737,2090
812,2091
1074,2093
1210,2094
145,2095
919,2096
23,2098
69,2098
1124,2098
1725,2098
1863,2098
868,2100
932,2100
1777,2100
2035,2101
94,2103
671,2103
932,2103
1524,2103
20,2104
136,2105
1279,2105
0,2109
89,2113
957,2118
2013,2118
437,2119
624,2120
226,2122
817,2122
796,2125
802,2125
2,2126
1038,2126
19,2127
89,2127
186,2127
145,2128
1097,2128
281,2129
848,2129
315,2130
1454,2130
395,2131
1155,2131
1293,2131
1870,2132
1916,2132
827,2134
1634,2134
703,2135
120,2136
1266,2136
1681,2139
640,2140
1385,2140
1454,2140
171,2141
0,2142
198,2142
997,2143
1409,2144
597,2145
1413,2147
808,2148
338,2149
1353,2149
2067,2149
1074,2150
1322,2150
506,2152
858,2153
12,2155
1019,2155
1381,2155
611,2156
59,2157
1775,2157
1,2158
107,2158
2,2160
1936,2160
785,2161
265,2162
2158,2164
1918,2165
35,2166
2013,2170
1596,2171
451,2172
780,2172
1783,2174
2083,2174
96,2175
200,2175
942,2175
1682,2177
2157,2177
3,2178
302,2178
1003,2178
28,2179
1138,2179
11,2182
127,2182
53,2184
502,2184
683,2184
1384,2184
677,2185
23,2186
726,2187
2,2188
145,2188
681,2190
114,2192
1524,2194
1313,2196
337,2197
240,2198
23,2200
2172,2200
1273,2201
34,2205
77,2206
132,2206
881,2206
7,2207
412,2207
323,2208
1333,2208
86,2209
1813,2209
2166,2210
1002,2211
440,2212
123,2213
457,2214
1961,2214
4,2215
399,2215
404,2215
341,2219
471,2220
564,2225
1828,2225
56,2228
151,2228
203,2228
499,2228
365,2229
1944,2229
11,2230
739,2230
1357,2230
156,2232
225,2233
395,2235
932,2235
819,2237
2055,2241
817,2242
1924,2242
115,2243
1585,2243
207,2245
629,2245
254,2246
1074,2246
2129,2247
1787,2248
1809,2248
957,2250
1188,2250
212,2251
7,2252
1864,2252
1312,2253
668,2254
1645,2254
3,2255
96,2255
1155,2257
622,2258
320,2259
877,2261
1219,2262
320,2264
59,2265
1,2266
86,2266
117,2266
1442,2266
1155,2268
19,2269
1758,2269
796,2270
520,2271
1461,2271
1112,2272
1634,2273
243,2274
1047,2274
70,2275
624,2275
472,2277
564,2278
0,2279
2255,2279
357,2280
2088,2280
2157,2280
0,2284
278,2288
1039,2288
2155,2288
1447,2289
830,2292
57,2294
315,2299
438,2300
750,2300
144,2303
984,2303
1,2304
1254,2304
1571,2304
186,2306
468,2306
112,2307
107,2308
145,2309
963,2312
809,2314
1815,2315
523,2316
171,2317
27,2318
130,2318
1293,2323
1143,2324
397,2325
451,2326
1618,2326
83,2328
576,2328
1038,2328
4,2329
291,2329
1764,2329
2196,2329
615,2331
819,2332
123,2334
248,2334
485,2334
1691,2334
10,2335
58,2336
11,2337
398,2338
780,2341
121,2342
24,2343
2,2345
43,2345
1254,2345
715,2347
57,2348
457,2349
1815,2349
1823,2349
1451,2350
11,2351
1320,2353
24,2354
291,2354
1097,2355
10,2356
1068,2356
379,2357
800,2357
881,2359
24,2360
1799,2360
103,2361
1386,2361
1978,2362
608,2363
423,2364
1211,2364
1283,2364
1423,2365
1519,2365
33,2366
645,2366
57,2367
316,2367
414,2368
254,2370
1536,2370
313,2371
573,2371
1442,2371
49,2375
57,2375
159,2375
156,2377
196,2377
750,2378
57,2379
123,2379
1045,2379
89,2380
7,2381
122,2383
127,2383
1305,2385
1138,2386
2370,2386
576,2388
656,2392
734,2392
1379,2392
2370,2392
315,2394
1266,2394
11,2395
279,2395
482,2395
832,2395
1300,2395
1780,2396
258,2399
0,2400
842,2400
1236,2400
161,2401
236,2401
385,2401
435,2401
1695,2401
170,2404
1683,2404
1710,2406
1039,2409
1651,2409
509,2410
2040,2412
40,2413
467,2413
0,2414
149,2414
1675,2414
2208,2414
120,2415
296,2415
379,2415
1416,2415
0,2416
94,2417
650,2418
1799,2419
123,2420
1120,2420
103,2421
226,2421
626,2421
629,2421
877,2422
1313,2422
2246,2422
829,2423
218,2429
1902,2430
984,2431
857,2432
991,2432
656,2434
1778,2436
1030,2437
1387,2440
33,2442
1227,2443
145,2444
319,2444
1974,2444
337,2445
1386,2445
1545,2445
123,2447
771,2447
1313,2448
1978,2449
302,2450
885,2450
2088,2450
2415,2450
62,2451
236,2451
560,2453
1246,2453
235,2454
319,2454
1695,2454
132,2457
2375,2459
1479,2461
1521,2462
376,2464
557,2464
1152,2464
123,2465
363,2465
1776,2465
1771,2466
1916,2466
2345,2469
1366,2471
11,2473
7,2474
1013,2474
784,2475
2392,2475
917,2476
2370,2476
429,2477
1576,2479
2266,2479
579,2480
2252,2482
379,2483
879,2483
321,2485
1057,2486
70,2491
79,2491
591,2492
268,2493
1112,2493
23,2494
1955,2494
2025,2494
1133,2502
1729,2503
546,2505
1764,2505
7,2507
11,2507
1596,2507
1265,2508
344,2510
549,2510
7,2512
654,2512
2040,2512
737,2515
1074,2517
1217,2517
463,2518
558,2518
24,2519
0,2520
479,2520
390,2521
77,2522
1313,2523
1811,2524
121,2526
1309,2526
866,2528
2,2529
197,2529
1264,2531
1401,2531
2383,2531
258,2532
264,2532
28,2533
842,2533
2526,2533
1725,2536
23,2537
1423,2537
423,2539
509,2539
0,2542
1298,2542
1553,2544
194,2545
1138,2550
1796,2550
970,2551
31,2552
1947,2552
103,2553
107,2553
148,2553
1524,2553
53,2554
430,2555
1962,2555
7,2558
14,2558
24,2558
328,2559
1,2560
778,2560
498,2561
764,2561
2326,2562
11,2563
43,2564
86,2565
1579,2565
2507,2567
728,2568
1729,2568
122,2569
975,2571
194,2572
2237,2572
10,2574
1185,2575
1003,2576
1231,2576
3,2577
851,2577
1409,2578
468,2579
724,2579
954,2579
2040,2581
236,2582
1417,2583
1440,2583
1799,2583
265,2585
651,2585
1074,2586
1203,2586
127,2587
194,2589
614,2590
597,2592
260,2593
23,2595
1019,2595
24,2596
929,2596
107,2597
558,2597
2140,2597
1,2599
1641,2600
2436,2605
561,2606
2421,2606
2592,2606
70,2607
2583,2607
3,2608
197,2612
817,2613
1451,2613
490,2614
2507,2614
0,2615
121,2615
712,2615
2149,2615
1397,2617
4,2618
1155,2618
323,2621
55,2622
1684,2624
1783,2625
0,2626
28,2626
1916,2626
2568,2626
739,2627
830,2629
1305,2629
1874,2629
130,2631
92,2633
737,2634
1091,2635
2300,2635
506,2636
115,2639
1191,2640
1413,2640
1916,2640
726,2641
2031,2641
1583,2642
47,2643
442,2645
44,2648
869,2648
825,2650
151,2652
2349,2652
4,2653
2615,2653
614,2654
1162,2654
121,2655
1815,2655
123,2656
291,2656
2046,2657
0,2658
243,2658
2648,2658
998,2659
2,2661
167,2662
1825,2662
0,2663
236,2663
1982,2664
281,2668
998,2672
3,2673
737,2674
2155,2674
2206,2676
166,2677
2517,2677
717,2678
509,2680
1916,2680
1298,2681
2063,2681
10,2683
1124,2684
2046,2685
2211,2686
1385,2687
7,2688
1174,2688
547,2690
1162,2690
140,2693
525,2693
1039,2694
1675,2694
1585,2696
127,2697
549,2697
99,2698
86,2699
509,2699
800,2703
715,2704
1480,2704
23,2705
498,2705
2392,2705
2245,2708
2450,2708
1440,2710
144,2712
57,2715
1442,2717
1440,2718
472,2719
53,2720
2083,2722
1876,2723
7,2729
2280,2730
2332,2730
547,2732
35,2733
200,2735
339,2736
395,2736
0,2739
2345,2739
151,2740
289,2741
26,2742
937,2742
1,2744
490,2744
194,2745
123,2746
547,2746
723,2746
1950,2752
174,2753
0,2754
389,2754
659,2755
1345,2755
2476,2755
218,2758
723,2758
7,2759
122,2759
1886,2759
1416,2762
2326,2762
1283,2764
136,2765
668,2765
2140,2765
1108,2766
313,2767
509,2767
525,2768
1309,2768
931,2769
905,2770
2266,2770
1008,2773
1451,2774
7,2776
257,2777
123,2778
766,2778
2615,2779
29,2780
64,2782
291,2782
338,2783
1244,2784
1353,2786
1841,2786
337,2787
120,2789
2270,2790
107,2793
755,2794
797,2794
2184,2795
89,2796
1424,2796
452,2797
23,2798
53,2799
2280,2800
7,2801
319,2801
133,2803
502,2803
2149,2804
260,2805
7,2807
2422,2808
517,2810
57,2812
19,2813
562,2813
69,2814
734,2814
915,2816
661,2817
1394,2818
2022,2819
35,2820
120,2820
1385,2820
337,2821
463,2824
28,2827
69,2827
439,2829
829,2831
1385,2831
77,2832
243,2832
1124,2832
257,2833
24,2835
470,2837
1714,2837
2585,2837
399,2838
356,2839
963,2839
2803,2839
1266,2842
40,2843
406,2844
2801,2845
1204,2846
331,2849
547,2850
173,2853
340,2858
2088,2858
877,2859
2744,2859
69,2863
998,2863
1036,2863
1604,2863
1480,2864
194,2866
1575,2866
23,2867
2755,2869
257,2870
465,2870
1419,2870
1764,2870
504,2872
2615,2873
1264,2874
1637,2876
332,2879
2241,2881
319,2882
1524,2882
2839,2882
247,2883
657,2883
6,2885
7,2885
110,2886
70,2893
9,2895
11,2895
69,2895
473,2898
2179,2899
2125,2900
2125,2901
724,2902
2698,2902
504,2903
4,2904
506,2905
1143,2907
2476,2907
1188,2908
49,2909
726,2910
917,2910
140,2913
338,2914
412,2914
59,2916
2450,2916
11,2917
4,2918
6,2919
2401,2921
2149,2922
631,2923
1571,2923
136,2924
771,2924
2522,2924
2175,2928
819,2929
2583,2933
1733,2934
1725,2938
337,2940
340,2941
564,2941
2300,2941
2550,2947
1601,2948
2109,2948
123,2949
1264,2950
7,2951
1,2953
6,2954
2278,2954
770,2957
1234,2959
327,2960
115,2962
69,2963
7,2965
378,2966
747,2966
264,2967
520,2967
990,2967
64,2970
433,2970
276,2971
2910,2973
2368,2974
9,2975
1024,2975
207,2977
2507,2978
573,2981
2273,2981
315,2983
3,2989
2144,2991
2371,2993
11,2994
23,2994
117,2995
328,2997
905,2997
0,2998
47,3003
1683,3003
1947,3003
660,3008
1644,3008
123,3009
171,3010
7,3012
810,3012
2207,3012
447,3013
2432,3015
981,3019
1280,3019
1413,3020
1801,3022
1616,3023
2437,3024
3010,3024
7,3026
4,3027
1579,3027
226,3029
944,3031
1793,3031
107,3034
83,3035
2837,3035
132,3036
236,3036
268,3036
77,3038
506,3038
24,3041
156,3042
1158,3043
757,3047
2710,3047
850,3048
1993,3048
504,3050
1124,3050
485,3051
186,3052
995,3052
53,3056
243,3057
1581,3057
1844,3057
2219,3058
2615,3060
3,3061
2729,3061
379,3063
160,3064
759,3064
1122,3064
1466,3064
509,3067
2613,3067
81,3068
881,3068
2705,3068
2606,3071
587,3072
982,3072
573,3073
122,3074
198,3076
200,3076
901,3076
19,3077
437,3077
3027,3077
3010,3078
2493,3079
337,3081
1244,3081
2225,3082
2345,3082
2371,3082
2819,3084
127,3086
1574,3087
254,3088
1059,3088
47,3089
573,3091
737,3092
846,3092
1579,3094
197,3096
256,3099
1916,3099
376,3100
226,3101
2368,3101
200,3102
122,3104
130,3104
9,3105
669,3105
894,3106
1093,3106
33,3107
1273,3108
2758,3108
286,3109
406,3109
1036,3109
1188,3110
2813,3110
57,3111
1672,3111
1725,3111
2303,3111
2466,3111
494,3112
2654,3114
997,3116
1626,3117
1756,3121
0,3123
3,3123
7,3124
89,3124
338,3127
34,3134
1754,3135
661,3136
797,3136
1127,3136
511,3138
1841,3138
309,3139
472,3139
756,3139
877,3140
136,3141
666,3141
726,3142
905,3143
683,3144
734,3144
113,3145
398,3145
1764,3145
1205,3146
2615,3146
2914,3147
2013,3148
2025,3149
2782,3149
35,3150
504,3151
700,3151
7,3152
2,3154
35,3154
166,3155
2349,3157
123,3158
1319,3158
226,3159
875,3159
1261,3159
218,3161
307,3163
2962,3163
28,3166
149,3166
11,3167
3139,3168
1796,3169
929,3171
23,3172
925,3172
1251,3172
443,3174
2131,3174
107,3176
579,3176
1762,3176
0,3177
780,3178
851,3178
276,3182
2,3183
305,3183
53,3184
177,3184
186,3185
1244,3185
1524,3186
1636,3186
2596,3186
2863,3186
1017,3187
315,3188
959,3189
2266,3189
463,3190
893,3190
10,3192
77,3192
24,3193
1088,3193
2318,3193
2778,3193
2149,3194
293,3197
107,3199
136,3200
1189,3204
1844,3204
1583,3208
2863,3209
79,3210
107,3210
877,3210
1401,3210
2175,3213
433,3214
750,3214
958,3214
1876,3218
2474,3222
3189,3222
3008,3225
2323,3229
611,3231
1683,3232
7,3235
3,3238
3068,3239
2415,3241
1191,3242
319,3243
463,3243
1635,3243
319,3248
1363,3250
32,3251
2368,3251
2882,3252
57,3254
196,3257
320,3257
1251,3258
131,3259
809,3261
127,3263
23,3264
2563,3264
319,3266
649,3266
23,3267
1416,3267
2409,3267
819,3268
778,3270
1133,3270
2083,3270
564,3272
1628,3272
7,3273
262,3273
4,3274
91,3274
2816,3275
2839,3277
1974,3278
2951,3280
0,3282
1440,3283
625,3287
11,3288
2469,3288
29,3289
1186,3289
248,3291
3161,3291
379,3295
541,3297
211,3298
955,3298
737,3299
1480,3303
44,3304
7,3305
1573,3305
2019,3306
225,3308
2357,3309
2404,3311
29,3313
1969,3313
103,3314
236,3315
236,3316
506,3316
70,3321
132,3322
1876,3322
41,3323
44,3323
3056,3323
6,3327
1345,3329
1125,3330
2409,3330
2640,3331
440,3332
1774,3333
174,3335
1251,3335
1783,3338
264,3339
55,3342
395,3342
2839,3343
0,3344
481,3345
140,3346
169,3347
767,3348
3313,3348
198,3350
2662,3350
549,3352
779,3353
771,3355
1098,3355
1261,3356
1274,3356
615,3359
1210,3359
3183,3359
94,3360
107,3360
2079,3360
2881,3360
2288,3363
107,3368
353,3368
171,3371
3,3373
132,3373
6,3374
23,3374
145,3376
1293,3376
2228,3377
3050,3377
504,3380
1781,3380
1553,3381
686,3382
1385,3382
2252,3382
160,3383
985,3383
2219,3383
463,3384
1266,3384
1488,3384
472,3386
1876,3387
2418,3387
705,3390
12,3392
31,3394
2492,3394
2765,3394
47,3395
258,3398
1952,3398
2583,3398
0,3402
3,3402
3,3404
1011,3404
1692,3404
737,3405
1,3406
274,3408
524,3408
478,3409
669,3409
1616,3411
0,3412
34,3412
1417,3412
307,3413
410,3414
211,3416
1143,3417
1068,3418
31,3421
3189,3422
1333,3423
1519,3423
1857,3423
711,3424
127,3425
10,3427
120,3427
1138,3427
784,3428
268,3430
949,3432
2013,3433
69,3434
69,3435
160,3436
2579,3436
35,3437
1211,3438
2693,3438
4,3439
1461,3439
1946,3439
423,3440
218,3441
361,3441
1966,3443
1776,3444
139,3446
309,3446
671,3446
970,3447
1811,3447
1970,3447
2401,3448
490,3449
2705,3449
2,3452
2978,3452
136,3453
2595,3453
2341,3454
140,3456
1036,3456
1807,3456
1579,3457
57,3459
3412,3459
258,3462
186,3464
3210,3466
1908,3467
2323,3467
33,3468
557,3468
2954,3468
7,3469
59,3469
1670,3470
1409,3471
2568,3472
581,3473
3038,3473
477,3475
3154,3478
0,3479
286,3479
668,3480
3435,3480
1765,3481
855,3482
2266,3482
671,3483
120,3484
274,3484
2366,3484
35,3486
1217,3486
1416,3486
7,3487
1445,3488
2914,3489
315,3491
359,3492
264,3495
1783,3495
7,3497
581,3497
1480,3497
2626,3497
7,3499
1691,3501
2280,3501
3150,3501
181,3502
416,3503
1261,3503
2754,3503
2,3505
1124,3505
1015,3506
3,3507
1509,3507
2219,3507
154,3508
197,3508
2184,3509
2022,3510
488,3511
3232,3512
1333,3514
1466,3515
1545,3516
23,3517
33,3520
80,3520
120,3520
737,3522
151,3523
1779,3524
243,3525
365,3527
148,3529
4,3531
1125,3532
1169,3533
2612,3534
3433,3534
661,3537
805,3538
428,3539
1767,3540
3091,3541
24,3542
2166,3543
2962,3543
73,3544
504,3544
1068,3546
3368,3546
120,3548
339,3549
1724,3550
2993,3551
938,3553
1575,3553
1841,3554
3064,3554
2579,3556
4,3557
750,3557
1353,3557
1274,3559
534,3560
1124,3560
291,3563
656,3563
1956,3563
2131,3563
120,3564
474,3565
3,3566
125,3567
3435,3567
165,3568
35,3569
307,3569
3482,3572
2022,3573
149,3575
851,3575
1811,3575
3146,3575
2445,3577
785,3578
3015,3579
339,3580
1417,3581
2586,3583
243,3584
3481,3584
771,3585
1727,3585
428,3586
1265,3586
2170,3587
509,3588
1386,3589
363,3590
941,3590
1256,3590
452,3591
778,3591
1834,3592
0,3593
433,3593
197,3595
392,3595
3589,3597
120,3598
825,3599
3072,3600
1325,3604
1937,3604
123,3605
136,3606
6,3607
1297,3608
2149,3609
35,3610
438,3610
1045,3610
136,3611
3405,3611
2035,3612
560,3613
459,3614
612,3614
1428,3614
2762,3614
7,3615
3104,3615
800,3616
1799,3616
49,3618
779,3618
894,3621
23,3624
57,3624
1199,3624
2765,3624
2010,3625
669,3628
1346,3630
2396,3632
2599,3633
3342,3633
1188,3634
2464,3634
77,3635
970,3635
3541,3637
829,3638
2722,3640
477,3641
379,3644
1876,3644
3435,3644
474,3647
24,3651
724,3654
3566,3654
2251,3655
23,3656
732,3656
3161,3656
3444,3656
7,3657
112,3657
1,3658
509,3660
615,3660
931,3663
2228,3663
509,3664
3384,3664
256,3665
236,3668
2303,3670
107,3671
1946,3671
29,3674
3427,3675
11,3677
94,3678
2767,3678
225,3679
239,3680
1143,3681
3264,3681
1039,3686
1150,3686
3185,3688
3563,3690
361,3691
2699,3691
700,3692
186,3693
1020,3694
2098,3694
34,3695
656,3695
809,3696
1516,3696
209,3697
313,3698
869,3700
148,3701
991,3703
564,3705
2211,3707
136,3708
2941,3709
81,3711
379,3712
9,3713
239,3713
803,3713
3101,3713
9,3714
19,3714
801,3715
1,3716
1545,3716
2842,3716
123,3718
1609,3719
785,3720
960,3722
166,3723
3159,3723
1501,3724
107,3725
1093,3725
196,3727
194,3728
2228,3729
1337,3732
2469,3732
0,3733
1268,3733
2158,3734
18,3735
338,3735
509,3736
7,3739
2839,3740
724,3741
3186,3741
2,3742
488,3742
2694,3742
651,3743
3533,3743
2537,3744
20,3747
319,3748
1876,3748
894,3749
2758,3749
1529,3751
107,3752
450,3753
2125,3753
254,3754
1573,3754
3117,3754
750,3755
1778,3755
18,3756
1203,3757
2846,3757
132,3759
268,3759
2024,3760
1,3761
307,3762
2634,3762
281,3764
299,3765
1901,3765
2522,3766
58,3767
57,3768
597,3768
3566,3769
2796,3771
132,3773
133,3773
917,3773
319,3775
3723,3775
132,3777
504,3777
3677,3777
379,3778
173,3780
2648,3780
558,3781
867,3782
1776,3783
10,3784
4,3786
3483,3786
576,3787
1956,3787
800,3788
1916,3789
3076,3789
0,3791
353,3791
96,3792
0,3794
83,3794
101,3794
1120,3794
3,3796
1616,3796
211,3798
397,3799
264,3800
2034,3800
2209,3800
398,3801
3368,3801
1947,3803
2150,3803
7,3805
42,3805
1280,3805
2494,3805
78,3806
1930,3806
2,3808
207,3808
2194,3808
562,3809
1869,3809
3787,3810
1332,3811
2371,3811
2934,3811
603,3813
1915,3814
1068,3815
1780,3815
2280,3815
869,3817
2842,3817
260,3820
764,3820
225,3821
562,3821
127,3822
526,3822
7,3823
0,3828
53,3828
3015,3829
459,3830
1801,3832
24,3836
438,3838
3539,3838
2228,3839
1120,3844
42,3845
302,3845
2681,3845
165,3847
395,3847
4,3848
9,3848
450,3848
1385,3848
3192,3849
258,3850
239,3851
639,3851
905,3851
1140,3851
1870,3851
2653,3851
1916,3852
3506,3854
520,3855
2879,3855
541,3856
868,3856
2615,3856
83,3858
2401,3860
2434,3860
209,3861
1366,3862
2550,3862
392,3863
2715,3864
463,3865
4,3866
3136,3866
136,3870
1565,3870
3235,3871
3412,3871
173,3872
1382,3872
424,3874
3482,3874
96,3876
2723,3877
2554,3878
3590,3879
0,3880
94,3880
1516,3880
905,3881
2962,3883
1451,3885
7,3887
1545,3887
3350,3887
23,3888
2475,3888
18,3889
1015,3893
193,3894
810,3894
2394,3894
107,3895
2634,3898
347,3899
1,3900
2445,3900
1402,3901
2974,3901
170,3903
1279,3903
1957,3903
313,3904
392,3904
2550,3904
668,3905
3268,3905
2962,3906
3503,3906
7,3907
455,3907
2464,3907
7,3908
597,3908
1993,3910
57,3911
123,3911
2375,3912
2,3914
207,3914
11,3915
3554,3917
207,3918
1402,3918
157,3920
258,3920
2064,3921
1810,3922
3641,3925
127,3929
566,3929
693,3929
629,3931
3376,3931
342,3932
1461,3932
136,3933
679,3933
309,3936
3270,3937
1240,3939
3402,3939
121,3940
3888,3940
107,3942
562,3943
1538,3943
132,3944
2995,3944
186,3945
1683,3945
101,3946
197,3946
3243,3947
2379,3948
1011,3949
24,3951
28,3951
0,3952
43,3953
1357,3954
281,3956
982,3957
1574,3957
597,3958
3350,3958
2634,3959
1930,3961
2415,3962
1830,3963
0,3964
2794,3966
524,3967
151,3968
218,3968
1204,3970
954,3971
1675,3971
645,3973
2449,3974
1783,3980
115,3981
945,3982
1297,3982
558,3983
2831,3983
1516,3984
3022,3984
2795,3985
2269,3987
1828,3990
433,3992
2242,3992
299,3993
504,3994
547,3994
2410,3995
78,3996
151,3997
3155,3998
3693,3998
7,4000
562,4000
709,4002
1,4005
855,4007
587,4009
363,4011
2338,4011
1967,4012
167,4013
1503,4013
451,4021
23,4022
2172,4022
713,4025
0,4026
7,4026
766,4028
7,4030
1652,4034
2653,4034
3338,4039
338,4042
1847,4042
23,4043
2658,4043
719,4048
2705,4049
1413,4050
2392,4052
2127,4053
819,4054
2561,4054
3517,4054
442,4056
2977,4059
3775,4059
1841,4060
1774,4061
562,4062
2730,4064
2,4065
1073,4066
1755,4069
2409,4069
1999,4071
3592,4072
64,4073
165,4074
1098,4074
197,4076
587,4077
3686,4077
0,4080
33,4081
347,4081
10,4083
2412,4083
1423,4084
23,4085
24,4088
416,4089
479,4090
3554,4090
1503,4091
945,4094
281,4096
2318,4096
1627,4097
1935,4097
3309,4097
395,4099
734,4099
412,4103
559,4103
1098,4104
3845,4104
991,4106
2242,4106
0,4108
875,4108
1047,4110
364,4114
4042,4114
717,4117
3768,4117
24,4119
439,4120
3789,4120
3773,4121
1651,4124
186,4127
1724,4127
2,4128
825,4128
573,4129
649,4129
86,4130
58,4132
385,4132
2492,4132
83,4133
1672,4135
397,4137
504,4137
1155,4139
2329,4139
1463,4144
1791,4146
669,4148
2,4149
3331,4149
478,4150
3444,4150
1039,4153
3,4154
2801,4155
11,4156
1857,4157
1938,4157
1922,4158
1446,4160
279,4162
55,4163
94,4163
724,4163
507,4164
3091,4164
225,4166
1302,4167
1774,4167
2850,4167
136,4168
1244,4169
1571,4169
2919,4171
655,4172
1234,4172
437,4174
364,4175
149,4177
700,4177
2318,4178
3185,4181
69,4182
2595,4182
502,4183
11,4184
3412,4186
2011,4188
2723,4191
2951,4194
3829,4194
103,4195
57,4197
731,4197
2404,4199
970,4201
1864,4201
640,4202
1274,4204
2846,4205
848,4209
1092,4209
1397,4209
385,4211
3163,4211
1030,4212
3880,4213
2341,4214
2491,4214
1060,4217
2315,4217
591,4219
247,4220
1206,4222
132,4224
2767,4224
386,4226
3946,4226
57,4227
265,4229
1326,4231
3068,4231
2,4232
225,4232
1509,4232
32,4233
801,4233
3767,4234
207,4235
857,4235
3593,4236
3154,4237
1347,4240
2334,4240
680,4241
254,4245
122,4246
499,4246
612,4247
770,4248
11,4249
23,4251
3139,4253
394,4254
99,4255
302,4255
3852,4256
1725,4257
1264,4259
785,4260
35,4261
0,4262
2332,4262
2088,4263
1,4265
1670,4265
614,4267
96,4269
59,4270
2454,4271
3384,4272
2975,4273
2243,4274
3232,4275
509,4276
843,4276
1015,4276
1010,4281
517,4282
564,4284
2324,4284
11,4286
94,4287
958,4289
1793,4289
132,4290
7,4293
305,4295
1028,4295
1684,4295
2448,4295
3009,4296
24,4298
779,4298
2409,4298
132,4299
1186,4300
1764,4300
666,4305
4002,4305
809,4306
2677,4306
509,4307
2422,4308
180,4313
1544,4313
57,4316
3742,4316
7,4317
57,4317
785,4317
340,4319
1198,4319
35,4321
1273,4321
1019,4324
3968,4327
9,4329
3532,4329
3665,4329
1634,4331
3151,4332
236,4333
1791,4333
215,4336
307,4336
2103,4338
470,4340
938,4340
392,4341
1499,4341
929,4343
1196,4343
2242,4343
2983,4344
339,4345
140,4350
66,4351
1198,4351
1186,4352
1440,4354
784,4355
670,4356
1125,4357
253,4358
1406,4358
2962,4358
197,4360
747,4360
4247,4360
3664,4363
1108,4364
1924,4365
1509,4366
1714,4366
1384,4368
1385,4368
3523,4368
394,4370
197,4372
750,4372
31,4373
40,4375
681,4375
1786,4376
467,4377
1641,4378
2457,4379
2139,4380
184,4381
1401,4381
2703,4381
1813,4382
2245,4382
1440,4385
756,4386
1203,4386
591,4387
103,4388
132,4389
952,4395
4274,4396
716,4397
1160,4402
3297,4402
7,4404
3590,4404
136,4408
1533,4408
32,4409
1902,4410
2583,4412
2786,4413
200,4414
1447,4414
1305,4416
438,4417
1915,4418
281,4420
107,4422
3801,4425
2087,4426
2279,4427
3297,4427
499,4428
2075,4428
3091,4429
59,4430
174,4430
1477,4430
566,4431
35,4433
1477,4436
81,4437
257,4437
1428,4438
2025,4440
2225,4440
2220,4441
3949,4441
211,4442
3836,4443
2065,4444
2371,4444
970,4445
1596,4445
2,4447
2767,4447
1196,4448
1505,4448
2334,4448
3034,4449
562,4452
611,4452
110,4453
1270,4453
447,4459
3,4460
671,4461
362,4463
566,4463
785,4463
2022,4463
3855,4463
2127,4464
1258,4466
3263,4466
1169,4468
2379,4468
3368,4469
2663,4471
2762,4471
2359,4474
0,4475
94,4476
3901,4477
1120,4478
57,4479
1152,4479
492,4480
2241,4480
0,4481
467,4481
502,4482
671,4484
3482,4484
994,4485
47,4488
336,4488
4074,4489
4329,4490
2561,4491
2,4492
660,4493
4270,4493
1645,4494
2804,4494
406,4496
3605,4496
1390,4498
4412,4500
35,4501
1963,4501
3330,4501
62,4502
1447,4503
64,4505
7,4506
715,4507
4408,4507
2677,4508
643,4511
1198,4511
23,4513
3242,4517
468,4518
11,4519
1571,4519
2909,4520
1205,4521
851,4523
2676,4524
4518,4526
1970,4527
19,4528
450,4528
3050,4529
197,4530
1774,4530
64,4531
70,4531
1957,4532
520,4534
3742,4535
3805,4535
669,4540
2883,4540
194,4541
3549,4541
4506,4541
2576,4542
3088,4542
247,4544
1346,4544
506,4545
130,4548
1834,4548
1683,4553
151,4557
2882,4557
4338,4557
2209,4559
1814,4560
11,4562
1545,4562
1573,4562
4412,4562
3185,4563
117,4566
1186,4566
248,4570
343,4570
28,4571
825,4571
3,4572
1152,4572
66,4574
132,4574
331,4574
4232,4574
3472,4575
4021,4575
1448,4577
32,4578
195,4581
931,4581
620,4583
800,4583
1247,4583
2989,4584
439,4585
771,4587
218,4588
236,4588
2739,4588
3557,4588
1319,4590
3880,4590
2583,4591
3495,4593
4305,4593
120,4594
260,4594
1305,4595
467,4597
3836,4601
83,4602
1968,4603
3323,4604
4054,4604
276,4605
2615,4606
235,4607
2347,4607
848,4609
136,4613
3139,4613
132,4614
296,4614
307,4614
3809,4614
750,4615
1047,4615
1038,4621
107,4622
390,4622
243,4624
3940,4625
3387,4627
276,4629
2025,4629
796,4630
4295,4630
216,4631
785,4632
455,4634
1620,4635
1957,4636
7,4638
120,4638
1592,4647
1778,4647
2215,4647
47,4648
438,4648
807,4648
1363,4650
508,4651
2449,4652
3359,4653
6,4654
107,4655
1261,4655
1419,4656
3759,4656
1363,4657
64,4660
4305,4661
43,4663
94,4666
2532,4666
3082,4669
3092,4669
1074,4671
4460,4671
257,4672
258,4672
3298,4673
3432,4673
3,4677
2612,4677
3872,4678
1814,4679
509,4680
4583,4680
557,4681
2464,4681
1974,4682
120,4683
57,4684
2303,4684
961,4685
3944,4685
7,4686
847,4687
2347,4687
1,4688
2533,4688
4157,4690
4197,4690
1244,4691
4211,4691
23,4692
479,4693
785,4696
819,4696
24,4698
285,4698
291,4699
1203,4699
101,4701
319,4701
379,4701
3214,4705
817,4707
55,4710
69,4710
165,4710
356,4710
0,4711
3952,4712
11,4713
236,4713
1811,4713
1309,4717
2967,4717
4209,4717
1834,4718
1915,4718
1125,4720
339,4721
1234,4721
3696,4721
2304,4723
173,4724
1284,4724
3912,4724
1446,4725
23,4728
624,4728
2657,4729
356,4730
2997,4730
2699,4731
40,4733
1402,4736
726,4737
3411,4738
75,4740
990,4744
2068,4744
3610,4745
3,4746
3272,4746
3480,4747
3,4749
4085,4749
144,4750
2683,4750
3851,4750
246,4751
770,4751
3172,4751
307,4752
218,4753
1725,4755
132,4756
23,4757
1188,4760
316,4761
413,4761
2395,4761
3183,4761
1301,4763
1345,4763
1683,4763
526,4765
4317,4766
70,4767
1098,4767
3,4769
4363,4769
4698,4770
115,4771
2505,4771
4163,4771
1710,4772
2103,4772
2778,4772
59,4775
3709,4776
778,4777
784,4780
3615,4780
2230,4782
881,4783
123,4785
984,4786
2288,4786
7,4788
123,4788
4590,4789
337,4792
830,4792
4336,4793
86,4794
2680,4795
4049,4795
132,4797
2574,4797
1,4798
724,4798
1127,4798
197,4800
1251,4801
1807,4803
3749,4804
1438,4805
705,4807
382,4808
3769,4808
55,4809
120,4810
1093,4812
997,4816
177,4818
3794,4821
631,4822
3671,4822
622,4823
770,4823
1039,4823
3186,4824
53,4825
1440,4826
700,4828
3566,4828
805,4832
149,4833
2104,4835
160,4836
207,4836
248,4836
473,4836
0,4837
7,4838
442,4838
949,4840
2645,4840
2975,4842
1876,4843
2083,4843
1265,4845
1952,4845
276,4846
1440,4846
560,4847
945,4847
2278,4847
981,4848
2401,4848
4508,4849
184,4850
1519,4851
3166,4851
4755,4851
49,4852
1529,4854
622,4855
4381,4856
4629,4858
506,4859
1815,4859
4195,4859
886,4861
4480,4862
283,4864
1956,4864
3805,4864
2832,4866
1849,4867
4226,4868
92,4871
347,4872
918,4872
127,4873
227,4874
4833,4874
86,4875
490,4876
767,4876
3888,4876
316,4877
785,4877
877,4877
1,4878
357,4878
1251,4880
1966,4880
4825,4881
1210,4883
2464,4883
3939,4884
4603,4885
1127,4886
9,4887
1807,4887
2466,4887
4030,4887
1791,4890
200,4892
3076,4892
3948,4892
3142,4893
6,4895
3088,4895
3172,4898
64,4899
309,4903
801,4903
750,4906
463,4907
2681,4907
614,4908
470,4909
2304,4910
132,4915
336,4915
1657,4915
3862,4916
62,4917
509,4919
1926,4919
467,4921
1876,4922
1143,4923
1188,4923
119,4924
156,4924
4541,4925
23,4928
1966,4928
186,4929
3557,4933
11,4935
1517,4935
2307,4935
3805,4935
4333,4936
701,4939
3193,4939
3993,4939
2465,4943
2615,4943
3348,4943
2907,4945
24,4946
829,4946
993,4947
4090,4951
1451,4953
1841,4953
7,4955
460,4955
472,4955
2142,4955
2087,4956
3765,4958
4520,4958
4767,4959
2381,4962
574,4966
724,4966
44,4969
498,4969
1122,4970
2134,4971
321,4973
3446,4973
4505,4973
1188,4974
535,4975
615,4976
3531,4976
0,4977
3084,4978
1155,4979
2035,4979
509,4980
3948,4980
1127,4982
1545,4982
0,4985
363,4985
3615,4985
4508,4986
2412,4987
905,4989
4448,4989
81,4990
1192,4990
620,4992
3149,4992
4387,4993
1020,4996
1519,4996
4319,4997
3540,4999
700,5002
253,5003
750,5003
2577,5004
3918,5006
2744,5007
1409,5008
2401,5008
1036,5009
3697,5009
3838,5011
56,5012
226,5013
4701,5013
2326,5015
1499,5017
2782,5017
898,5018
1116,5019
3836,5020
766,5022
319,5023
331,5023
1967,5023
3957,5024
2,5026
121,5030
1499,5030
929,5032
1188,5032
136,5034
3792,5034
209,5036
3820,5036
688,5037
779,5038
819,5038
3775,5038
11,5039
0,5041
1675,5042
2914,5043
3047,5043
2208,5045
1098,5046
3176,5047
264,5049
1728,5050
23,5051
4232,5051
1440,5053
1133,5054
300,5055
3866,5055
132,5056
3139,5057
923,5058
152,5061
2526,5061
177,5063
3759,5065
139,5068
1857,5068
4,5069
186,5069
557,5069
739,5069
24,5071
2796,5073
4313,5076
11,5078
132,5079
1252,5080
429,5082
323,5083
328,5084
506,5084
2,5085
5084,5085
1413,5087
11,5089
4548,5089
1319,5090
10,5092
196,5093
4651,5093
1108,5094
2,5096
291,5096
1718,5096
354,5097
28,5099
3342,5099
4531,5099
2255,5100
23,5102
1274,5102
1285,5104
3108,5104
5024,5105
3592,5106
4251,5106
23,5107
3748,5107
107,5108
724,5108
2125,5109
4712,5109
107,5110
218,5110
4422,5111
7,5115
2563,5115
467,5118
3638,5118
4,5119
1191,5122
1370,5123
785,5124
1008,5125
3838,5126
646,5127
1251,5127
954,5128
1217,5130
4182,5130
4751,5130
33,5132
547,5132
2385,5132
1158,5136
465,5137
307,5140
1011,5141
3847,5141
1011,5142
194,5144
1084,5144
3387,5144
1345,5148
3452,5148
3723,5148
3964,5148
1115,5150
1978,5151
2394,5151
2780,5151
1300,5152
3872,5152
186,5153
7,5154
256,5154
4892,5154
2585,5157
3412,5157
1499,5158
7,5161
1545,5167
3,5169
829,5169
1516,5169
709,5170
572,5173
2175,5173
3543,5173
842,5175
23,5178
2494,5179
3210,5179
1227,5180
3151,5181
2332,5184
154,5185
1416,5188
198,5189
137,5190
1048,5191
2031,5192
579,5194
4698,5194
620,5195
857,5196
4795,5196
3,5200
307,5200
3291,5202
211,5203
1206,5203
1419,5203
120,5205
1073,5205
323,5207
258,5208
661,5210
3384,5211
2318,5212
164,5214
5180,5214
125,5215
771,5215
1158,5215
1979,5215
113,5216
10,5220
2273,5220
4009,5220
2550,5221
1015,5223
4711,5223
438,5225
3305,5225
3481,5227
3151,5228
3446,5230
7,5231
2362,5232
4387,5232
340,5233
118,5234
2521,5234
4893,5234
2699,5238
3665,5239
3315,5244
1811,5245
123,5246
874,5246
1188,5246
3937,5246
1,5247
4477,5249
756,5255
3092,5256
640,5257
11,5259
437,5259
990,5260
3449,5261
5154,5262
3243,5267
2629,5269
679,5270
3,5271
1092,5272
3855,5272
2839,5273
2075,5274
2174,5274
5184,5274
4992,5275
438,5276
2025,5276
249,5279
3159,5280
449,5284
1713,5284
579,5285
120,5287
524,5287
1972,5287
5041,5287
5225,5289
1190,5290
1633,5290
1313,5292
1312,5294
3736,5295
4356,5297
423,5298
3427,5299
4484,5300
5051,5300
3,5301
2595,5301
1309,5302
2158,5303
661,5305
2233,5305
2447,5308
2091,5309
354,5310
957,5312
132,5313
4849,5313
5148,5313
2881,5314
258,5315
445,5315
905,5316
1020,5317
2010,5318
1764,5319
3076,5320
1403,5321
4413,5322
23,5323
1030,5323
507,5324
3356,5324
1162,5327
1447,5329
435,5330
2375,5331
2645,5331
3436,5331
4594,5332
2228,5333
917,5335
0,5338
1057,5338
186,5342
0,5343
3077,5343
3768,5344
3982,5344
140,5346
2284,5347
1428,5350
3850,5350
1493,5351
3348,5351
1097,5352
3589,5353
4769,5353
337,5354
3482,5357
2641,5358
2524,5359
4548,5359
3063,5360
4943,5360
1087,5361
2,5363
3178,5363
3382,5363
2,5364
1093,5365
2,5366
1473,5366
123,5370
804,5373
34,5376
307,5376
5261,5376
110,5377
258,5379
2395,5379
3584,5379
4711,5379
3,5381
5205,5381
1732,5383
283,5385
416,5385
786,5387
5363,5387
107,5388
1334,5388
4680,5389
24,5390
470,5390
2379,5390
319,5391
1038,5391
1323,5391
1583,5391
967,5392
1765,5392
1961,5392
3742,5393
309,5394
3914,5395
1266,5396
70,5397
86,5400
938,5400
985,5400
1710,5401
1841,5401
4437,5401
40,5402
2780,5402
4594,5403
562,5404
4730,5405
256,5406
5151,5406
2558,5407
3501,5407
264,5409
2345,5410
1403,5411
156,5412
764,5412
640,5415
4235,5416
3815,5417
2331,5422
4042,5422
1623,5423
2483,5423
671,5425
1820,5425
258,5426
1155,5428
2155,5429
70,5431
450,5433
597,5433
3172,5433
4772,5434
777,5435
2837,5435
3387,5435
1,5436
11,5438
2418,5438
827,5439
499,5440
4441,5440
800,5441
3209,5441
120,5442
1003,5442
1236,5442
77,5444
207,5444
248,5446
254,5447
944,5447
3048,5449
4614,5450
361,5451
395,5452
1956,5452
160,5453
299,5453
2698,5453
225,5454
2648,5454
264,5455
771,5456
2067,5459
3430,5459
1186,5461
395,5463
850,5463
115,5466
1416,5466
4316,5466
171,5468
2613,5471
5381,5472
449,5474
416,5478
1636,5478
4444,5478
805,5479
1787,5479
1258,5480
4475,5480
4096,5481
4477,5481
3813,5482
785,5483
1363,5483
5157,5484
4528,5485
764,5486
4007,5486
4519,5487
2614,5488
802,5489
1198,5490
4319,5490
2303,5491
2396,5492
2613,5493
4877,5493
423,5494
4477,5497
1175,5499
4295,5500
379,5501
3768,5501
323,5503
2328,5503
236,5504
1265,5504
145,5505
4557,5506
610,5513
55,5515
412,5516
843,5516
4885,5517
4209,5518
557,5519
5220,5519
3409,5520
2025,5522
1780,5524
2307,5524
1124,5525
1479,5525
2184,5525
2039,5526
177,5527
1196,5529
1256,5529
3404,5530
1970,5531
1123,5532
5393,5532
2634,5534
2067,5535
96,5536
418,5537
1813,5537
1762,5539
4892,5539
339,5540
438,5540
3749,5540
473,5541
1293,5541
9,5542
998,5543
2599,5544
3858,5545
2583,5547
759,5548
1695,5549
165,5551
291,5551
9,5554
5020,5554
1,5557
248,5557
1138,5557
1324,5557
1629,5557
2652,5557
5385,5557
509,5558
96,5559
734,5559
1428,5560
4372,5560
3297,5561
1781,5562
1008,5563
953,5566
3003,5566
5024,5566
2132,5569
526,5570
2529,5570
3641,5571
876,5572
1828,5573
941,5574
2415,5574
69,5577
19,5578
1151,5578
4823,5578
40,5579
70,5580
91,5580
2100,5580
42,5581
459,5581
254,5582
3,5584
53,5584
123,5584
5069,5584
2924,5585
2098,5586
1499,5587
4826,5589
724,5591
812,5592
2655,5592
3270,5592
319,5593
2132,5594
3633,5594
1524,5595
4859,5595
2561,5596
3482,5596
1028,5597
2139,5598
2379,5599
2243,5600
3052,5601
3495,5602
3716,5602
1596,5603
2251,5604
3563,5605
5407,5608
1023,5610
668,5611
395,5614
1915,5614
236,5615
4655,5615
4740,5616
289,5617
1045,5618
1495,5619
4282,5619
755,5620
107,5622
2469,5622
5489,5622
579,5625
19,5626
3235,5627
509,5628
225,5629
1697,5633
1641,5634
3515,5634
136,5635
885,5636
4327,5637
4792,5637
0,5638
541,5638
340,5639
170,5640
2332,5640
2422,5640
614,5645
2967,5645
3713,5645
5047,5645
291,5647
3994,5647
4124,5647
5115,5647
3794,5649
4750,5650
7,5651
1791,5652
4890,5652
611,5653
1317,5654
2412,5654
4150,5654
1035,5656
2839,5656
4590,5656
1028,5661
2813,5661
1916,5663
499,5665
737,5665
683,5667
5227,5668
319,5669
5633,5669
57,5670
3,5671
132,5671
1038,5671
2317,5673
993,5674
1194,5676
2098,5677
151,5678
1323,5678
1499,5678
4227,5679
1,5682
57,5682
4274,5683
239,5684
998,5684
1072,5684
1964,5684
4859,5686
53,5687
1451,5687
2334,5687
3,5688
57,5688
4655,5688
5308,5689
973,5690
1810,5690
227,5691
1477,5692
257,5694
353,5694
5519,5695
5318,5700
11,5701
360,5701
688,5701
2422,5701
123,5705
3994,5707
40,5708
526,5708
2522,5709
2599,5710
3641,5711
5287,5711
874,5712
1804,5712
0,5713
608,5715
4859,5715
77,5716
2279,5717
2767,5717
5051,5717
1196,5720
2377,5720
3,5722
258,5722
696,5723
1636,5724
808,5726
488,5728
0,5732
506,5734
5441,5736
3554,5737
4750,5738
759,5742
2300,5742
136,5743
1121,5747
2767,5749
3801,5749
557,5750
1691,5750
4256,5750
120,5754
3929,5754
4711,5755
23,5757
1811,5757
1047,5758
1575,5758
3866,5758
4698,5758
1317,5761
3386,5762
4414,5762
1764,5764
2122,5766
3139,5767
3522,5767
2328,5768
1534,5769
5701,5770
5684,5771
1,5773
23,5773
1783,5773
557,5774
693,5775
3363,5775
1391,5777
750,5778
4849,5778
5313,5778
24,5780
107,5781
4386,5782
42,5783
1596,5786
194,5787
5167,5787
3,5788
796,5788
243,5790
1884,5790
47,5791
1978,5791
5407,5791
117,5795
1098,5797
4557,5797
5054,5800
2814,5802
1714,5804
3012,5804
28,5805
6,5806
918,5806
2179,5806
243,5807
1,5809
3348,5809
851,5810
254,5811
2063,5811
1581,5812
1313,5813
4507,5813
498,5814
296,5815
4666,5815
2654,5817
1675,5818
23,5819
474,5819
2409,5819
299,5820
2839,5820
3585,5820
186,5821
2539,5821
9,5822
70,5823
2693,5825
203,5826
2421,5826
2533,5826
258,5832
524,5833
3297,5833
4828,5835
11,5838
1628,5838
1799,5840
4849,5842
5604,5842
1902,5846
132,5847
120,5849
1008,5849
1097,5849
3222,5849
151,5853
5024,5853
1133,5854
1272,5855
5544,5855
5684,5856
4856,5857
875,5858
1002,5858
1351,5858
5481,5859
2869,5861
434,5862
997,5862
110,5866
107,5867
1036,5867
1010,5872
378,5873
1526,5876
3185,5876
1406,5877
5853,5877
953,5880
1143,5880
1300,5880
2050,5880
4501,5882
1532,5883
3716,5883
1774,5884
488,5885
1767,5889
1272,5891
2219,5891
2533,5891
2563,5892
145,5893
3387,5893
5056,5893
5006,5894
4494,5898
625,5899
2113,5900
1334,5901
1864,5901
2464,5901
5551,5901
3067,5902
127,5903
2083,5903
151,5905
2,5907
469,5908
173,5909
498,5909
4440,5910
278,5911
5483,5911
4366,5912
5687,5912
1724,5913
2655,5913
2289,5915
820,5916
1955,5917
1573,5918
2916,5918
3308,5918
291,5919
357,5921
492,5921
1814,5921
564,5922
3922,5922
3724,5924
66,5927
0,5929
4594,5929
3060,5930
4916,5930
81,5931
779,5931
549,5932
5049,5932
49,5934
2693,5934
5617,5936
4381,5937
4770,5939
1441,5940
3174,5940
3309,5941
3511,5941
156,5942
508,5943
1319,5943
2563,5944
1454,5945
625,5946
1210,5946
3914,5946
677,5947
574,5949
1112,5950
1227,5952
611,5953
4289,5953
4199,5954
75,5957
1628,5958
1675,5958
364,5959
260,5960
127,5961
2532,5962
4,5963
4751,5963
3277,5965
243,5966
2178,5966
5694,5966
3063,5967
4749,5968
2379,5969
3590,5971
4638,5972
4804,5972
194,5973
5188,5973
1251,5974
3656,5974
302,5975
3921,5976
1441,5977
3048,5977
510,5978
5647,5981
2978,5982
3449,5985
4090,5985
4217,5985
5220,5986
4909,5989
851,5993
3957,5993
4414,5994
541,5996
2773,5996
716,5997
656,6001
11,6003
3174,6003
5309,6003
557,6005
24,6006
24,6008
619,6009
1623,6009
573,6010
1033,6011
1345,6012
2363,6012
2401,6013
615,6014
62,6015
848,6015
23,6016
440,6018
570,6018
1357,6018
6,6019
35,6021
2349,6022
1137,6025
123,6026
826,6026
1011,6028
653,6029
3038,6029
69,6030
2755,6030
120,6031
5318,6031
23,6032
1553,6035
4313,6035
83,6037
3754,6037
171,6038
601,6038
2379,6040
7,6041
5111,6045
3557,6050
3,6052
562,6054
1191,6054
1709,6055
5109,6055
1830,6056
2555,6056
1072,6057
917,6058
1098,6060
4816,6061
353,6063
1750,6064
3794,6064
5007,6064
2627,6065
2,6066
1820,6068
127,6070
1930,6070
5255,6070
5997,6071
4274,6072
4979,6073
5272,6073
1344,6076
58,6078
70,6078
1493,6079
6061,6079
2318,6080
28,6081
905,6082
3845,6082
4691,6082
5071,6082
5376,6087
4237,6088
1460,6089
3557,6089
3874,6091
1384,6092
92,6094
265,6094
4209,6094
3315,6096
5873,6096
3980,6097
1553,6098
3516,6098
5557,6101
5622,6101
991,6103
4656,6103
4985,6105
433,6106
481,6107
572,6107
0,6109
440,6109
3641,6109
218,6110
970,6111
1122,6111
4577,6111
207,6112
947,6113
2219,6113
3136,6113
5055,6114
4613,6116
86,6118
1641,6118
3575,6118
2583,6119
75,6120
5684,6123
23,6127
1,6130
3733,6130
1969,6131
611,6135
7,6136
777,6137
337,6139
2950,6139
4798,6141
615,6142
2493,6142
4316,6142
5024,6145
170,6146
4048,6146
3405,6150
3151,6151
1925,6153
3657,6153
2050,6155
2552,6155
0,6156
300,6156
28,6158
1981,6158
248,6160
2332,6161
631,6162
2150,6162
3724,6162
1124,6163
3050,6163
1298,6166
3694,6167
1030,6168
5819,6170
7,6172
243,6173
89,6176
337,6176
779,6176
1413,6176
3183,6176
428,6178
1553,6178
5030,6178
5148,6178
1908,6179
1039,6182
1185,6182
591,6183
2004,6183
4684,6185
99,6186
931,6186
5483,6190
2409,6193
327,6194
5701,6194
2219,6195
3914,6196
4627,6198
1280,6199
10,6202
2755,6205
4,6209
94,6209
3437,6210
2975,6212
4043,6212
2157,6213
4895,6213
3805,6214
3922,6214
3691,6215
10,6217
2653,6218
11,6219
603,6222
5148,6223
2415,6224
5099,6224
878,6226
4605,6226
24,6229
614,6229
2882,6230
3624,6230
450,6233
4975,6234
2989,6235
3538,6235
392,6236
3411,6236
2449,6239
498,6240
1124,6240
4771,6241
4828,6242
92,6243
53,6244
131,6245
1438,6245
9,6246
83,6248
406,6248
485,6251
1673,6251
5324,6251
6151,6251
4746,6252
5909,6252
159,6253
474,6254
4816,6255
5615,6255
0,6256
805,6258
489,6261
1672,6263
107,6264
194,6264
2299,6265
363,6266
1841,6267
1,6268
331,6268
549,6269
112,6270
3277,6270
5580,6270
2742,6273
3193,6274
1074,6275
1133,6275
485,6276
1214,6277
136,6278
843,6278
2545,6278
4295,6279
5891,6279
28,6280
1479,6280
1309,6283
4780,6283
120,6284
218,6285
428,6287
342,6289
596,6289
0,6292
91,6292
3,6294
4305,6294
1201,6295
3980,6296
268,6297
1124,6298
1498,6300
2951,6300
1266,6301
3452,6303
581,6304
756,6304
705,6305
5422,6307
1718,6308
5975,6310
470,6311
560,6312
1451,6312
1626,6313
3104,6315
115,6317
5584,6319
2542,6320
3178,6320
1419,6321
4381,6321
2600,6323
459,6324
597,6325
5917,6326
1447,6327
24,6332
1961,6332
211,6333
1981,6333
11,6334
297,6335
4150,6336
1783,6339
34,6341
5259,6341
2454,6342
562,6343
1884,6349
149,6351
120,6352
779,6352
855,6352
141,6353
526,6353
1572,6353
5490,6353
5969,6354
435,6355
236,6356
5716,6356
5953,6358
2641,6359
1812,6361
5169,6363
5557,6363
1538,6364
1,6366
130,6366
1385,6368
3123,6368
791,6370
5056,6370
1981,6371
5708,6371
416,6373
810,6373
910,6375
3914,6375
829,6376
3423,6379
412,6382
2650,6382
875,6384
2066,6385
671,6386
167,6387
70,6388
5945,6389
801,6394
6379,6394
2144,6396
811,6397
894,6397
2599,6397
767,6398
6236,6400
970,6401
2401,6401
557,6402
4571,6402
145,6403
1319,6403
818,6408
127,6409
636,6412
395,6414
2254,6415
1461,6416
696,6419
650,6420
818,6421
5403,6421
3531,6422
5441,6426
3024,6428
1957,6432
2348,6432
40,6433
24,6434
4836,6434
1692,6435
4835,6435
6089,6435
479,6438
362,6439
487,6439
103,6440
2739,6441
2,6442
7,6442
320,6442
4227,6442
309,6443
1133,6443
136,6445
2303,6448
127,6449
2150,6449
2436,6449
3789,6450
471,6452
5441,6452
5905,6453
506,6454
5592,6454
2,6455
3754,6455
3914,6455
197,6456
1397,6457
931,6460
3338,6460
3610,6466
874,6468
1636,6470
2837,6471
1672,6472
3590,6472
4256,6473
2020,6474
4054,6476
156,6477
3081,6477
1047,6478
2251,6478
4647,6478
2762,6479
1710,6480
0,6482
5891,6482
4448,6483
47,6484
1754,6484
260,6486
218,6487
120,6488
151,6488
114,6489
2326,6489
4789,6489
1922,6490
132,6492
3184,6492
3624,6493
5301,6493
1593,6496
5313,6496
997,6497
3199,6497
302,6498
2778,6501
1517,6502
5943,6503
191,6505
2186,6505
4724,6505
207,6506
1313,6508
2533,6508
313,6509
3788,6510
790,6511
123,6513
2758,6513
11,6514
6196,6516
24,6517
5859,6517
2,6518
47,6518
4614,6519
156,6520
2551,6520
4603,6520
5909,6521
4226,6522
264,6523
5474,6524
5203,6525
5272,6525
545,6526
81,6527
395,6528
6428,6530
3139,6531
7,6532
160,6532
2,6534
3851,6535
160,6536
766,6536
1463,6537
5601,6538
6336,6539
5061,6540
3,6542
44,6543
81,6543
2465,6545
996,6546
1777,6549
802,6550
2663,6553
2997,6553
447,6556
3,6557
5220,6557
467,6560
5592,6562
875,6563
132,6564
2326,6565
5532,6565
347,6566
5343,6568
327,6569
562,6569
804,6569
3813,6569
414,6570
2746,6570
4903,6570
488,6571
0,6572
507,6573
4150,6575
1576,6576
0,6578
785,6578
5365,6578
1815,6579
1011,6580
96,6581
4410,6581
685,6586
2325,6589
2493,6590
4099,6590
1634,6592
3350,6593
3356,6593
3862,6593
3,6594
342,6594
107,6596
1313,6597
2040,6598
187,6602
857,6602
3084,6602
2993,6603
6414,6603
160,6605
1185,6605
406,6606
1946,6606
6580,6607
6523,6608
423,6609
207,6610
1783,6611
1416,6612
1451,6614
5396,6614
7,6617
23,6617
819,6617
3322,6617
2360,6618
1293,6623
2279,6623
236,6624
2615,6624
4638,6624
820,6629
107,6630
1346,6630
2698,6632
5972,6633
970,6634
4271,6637
4848,6640
463,6641
1978,6641
2271,6641
1461,6642
7,6643
1028,6643
459,6644
5313,6645
159,6646
136,6649
2615,6650
207,6651
1419,6652
28,6653
2377,6654
132,6656
599,6656
640,6656
211,6658
6061,6658
340,6659
1902,6659
4099,6661
1313,6663
265,6666
3517,6667
6018,6668
7,6669
132,6672
397,6672
2200,6673
225,6675
534,6678
763,6679
243,6686
5909,6687
1938,6688
2370,6689
315,6690
450,6690
6079,6691
1849,6692
3800,6693
5256,6693
121,6694
194,6694
3139,6696
785,6697
995,6697
19,6701
123,6701
1319,6702
1244,6703
211,6704
562,6705
681,6709
49,6710
73,6711
361,6711
4475,6711
1155,6712
6112,6712
6240,6712
472,6715
2832,6715
123,6717
1093,6719
1708,6719
2149,6719
3585,6719
367,6721
160,6722
1175,6722
5394,6722
2583,6723
294,6724
243,6725
2963,6726
5379,6726
1962,6728
4321,6728
5284,6728
5290,6728
363,6729
4747,6729
127,6730
145,6730
11,6731
5579,6731
19,6732
3633,6736
1946,6737
0,6738
356,6738
2233,6738
6037,6739
6489,6739
3270,6743
58,6744
3182,6744
4360,6745
196,6747
2493,6747
313,6749
231,6750
53,6751
2401,6751
7,6752
331,6754
4711,6754
566,6757
7,6759
5654,6761
7,6762
1532,6762
6489,6762
3383,6763
127,6768
3243,6770
1156,6772
1188,6772
2021,6774
1097,6775
1461,6778
1892,6781
7,6783
4160,6786
778,6788
3101,6788
705,6789
1645,6789
3152,6789
4191,6789
1044,6790
357,6793
4828,6793
19,6796
875,6797
2088,6797
243,6798
751,6798
640,6799
1499,6799
243,6802
5554,6802
2870,6804
1179,6807
3515,6808
5771,6814
4669,6815
1313,6816
132,6817
4614,6817
998,6819
136,6820
509,6820
3405,6820
3866,6820
4828,6820
6796,6820
2,6821
2125,6822
7,6823
3154,6824
1342,6825
1732,6825
107,6826
6270,6827
3,6830
2392,6831
2421,6832
2404,6833
24,6835
0,6837
3108,6838
3548,6838
2729,6840
5057,6841
6131,6842
2370,6843
3159,6843
1889,6847
3964,6847
3360,6848
5791,6849
2368,6850
291,6851
2898,6851
3287,6851
1,6852
3647,6852
127,6853
474,6853
763,6854
1219,6855
918,6857
279,6858
337,6858
11,6860
258,6860
1151,6860
6694,6860
123,6861
528,6861
2371,6861
4710,6861
4413,6862
110,6863
6176,6863
6229,6863
4157,6866
3052,6867
57,6868
107,6868
23,6869
293,6869
5976,6869
24,6870
4209,6874
812,6876
2626,6877
3251,6878
4526,6878
982,6880
1732,6880
502,6882
120,6883
274,6883
1796,6884
2149,6884
3905,6884
2765,6886
253,6887
258,6889
1210,6890
3742,6890
107,6891
1,6895
365,6896
6508,6896
520,6897
6709,6897
120,6898
1657,6898
3799,6899
958,6902
24,6904
4615,6904
2020,6906
6473,6907
3567,6908
5203,6909
5873,6909
211,6910
264,6910
2,6911
7,6913
2448,6915
2072,6917
3591,6917
937,6919
3554,6921
941,6924
557,6925
731,6925
5944,6925
9,6927
4305,6928
2832,6929
654,6930
1028,6931
7,6932
5308,6933
463,6934
1999,6934
2345,6934
4661,6934
11,6935
1924,6938
1857,6939
127,6940
3775,6940
5317,6941
47,6944
1937,6944
127,6946
526,6946
3874,6947
4254,6949
851,6951
4747,6951
5071,6951
6275,6951
10,6953
807,6955
7,6960
4671,6960
5006,6960
601,6961
5823,6962
1823,6965
83,6966
7,6967
1406,6967
1382,6968
2158,6969
506,6971
1186,6971
2,6975
7,6975
77,6975
0,6979
107,6979
3511,6979
433,6981
4043,6982
4635,6983
1266,6984
2381,6985
4544,6985
716,6986
589,6987
2300,6987
537,6989
3922,6989
291,6990
5880,6990
700,6992
281,6993
3,6996
1947,6996
476,6997
1,6998
1505,6999
1596,6999
3402,6999
1922,7000
110,7002
1505,7005
2837,7005
120,7010
5519,7010
2331,7011
906,7012
3907,7013
1293,7014
2022,7016
397,7017
6142,7017
3435,7018
3743,7019
4939,7020
6724,7020
11,7024
2386,7024
7,7026
77,7027
5580,7027
819,7029
3174,7029
1495,7031
1547,7031
2881,7033
5811,7033
755,7035
94,7036
5694,7037
437,7038
4172,7038
572,7040
5749,7040
3082,7042
1210,7043
2583,7044
151,7047
1710,7047
289,7049
3495,7052
5673,7052
166,7053
727,7053
2025,7053
7,7054
724,7056
291,7060
209,7061
2209,7062
1382,7064
64,7065
24,7069
5530,7069
268,7070
3435,7070
1807,7071
6454,7072
2013,7077
0,7079
677,7079
1684,7081
2635,7081
5439,7081
6715,7081
640,7082
2334,7083
428,7084
24,7085
856,7085
492,7086
764,7086
5140,7086
6565,7086
6235,7087
1697,7088
5952,7088
79,7091
3940,7091
122,7092
69,7093
4181,7094
10,7096
3940,7097
96,7098
5273,7099
1334,7100
5617,7101
170,7102
2661,7102
1513,7103
2994,7103
5472,7103
3188,7104
3503,7106
1981,7107
2631,7107
3497,7107
808,7108
3204,7108
1969,7110
3553,7111
164,7112
910,7112
959,7112
5900,7112
144,7113
2184,7113
5313,7116
379,7117
4657,7117
6018,7117
1986,7118
2362,7119
1609,7120
3108,7121
7026,7122
3515,7123
498,7124
715,7124
64,7128
70,7128
2710,7128
4276,7130
1527,7131
5901,7131
2568,7132
3847,7134
2655,7136
3204,7136
449,7137
2606,7138
4562,7139
796,7141
4614,7141
9,7142
1247,7142
81,7143
564,7143
64,7145
69,7146
2179,7146
4137,7146
3068,7148
325,7149
4847,7149
982,7151
186,7152
149,7153
566,7153
2020,7153
3708,7156
416,7158
1634,7158
2758,7158
766,7161
9,7163
3538,7163
459,7167
472,7168
2209,7170
1064,7171
2994,7171
6183,7172
4956,7174
1929,7175
4511,7175
395,7176
4876,7178
932,7179
1319,7179
3012,7179
3881,7179
1776,7182
136,7185
726,7185
1930,7185
3,7186
1196,7186
2377,7187
32,7188
107,7188
5873,7188
231,7189
3432,7190
1447,7191
4460,7191
3733,7192
4542,7192
1244,7194
797,7195
888,7195
524,7197
1217,7198
3,7199
23,7199
2379,7202
3543,7203
5231,7207
2171,7209
843,7210
160,7211
1266,7211
2368,7211
3101,7211
1,7213
477,7215
790,7215
1488,7216
7,7217
5594,7217
0,7218
1571,7218
3754,7218
5791,7220
2723,7221
1636,7222
1918,7223
3193,7223
6009,7224
197,7229
132,7230
3446,7231
4850,7231
1993,7233
2175,7233
7146,7236
274,7238
476,7238
218,7239
670,7241
2126,7241
6484,7241
44,7244
161,7245
1160,7245
1783,7246
166,7248
2266,7249
319,7252
4096,7252
5885,7252
727,7253
1204,7253
2613,7253
1778,7254
5713,7254
1966,7256
6496,7256
395,7257
7209,7258
3860,7259
5478,7261
69,7262
4084,7262
905,7265
3940,7266
4951,7266
7027,7266
5857,7267
1274,7268
804,7269
1947,7269
4076,7271
572,7273
1097,7273
1132,7274
17,7277
3427,7277
19,7279
961,7280
5501,7282
1,7283
6194,7285
7145,7285
44,7286
24,7287
107,7289
5474,7289
2568,7290
937,7291
1174,7291
156,7292
801,7293
5909,7293
35,7294
937,7295
4103,7295
35,7296
333,7296
2304,7296
1499,7301
1057,7302
107,7303
160,7304
490,7304
510,7304
938,7304
107,7305
197,7305
2379,7305
49,7306
445,7307
115,7308
5124,7308
875,7310
1869,7310
4042,7311
5394,7312
3,7314
1036,7314
6511,7316
509,7317
7296,7317
851,7318
3368,7318
7174,7320
1068,7321
705,7322
4343,7322
5180,7322
127,7323
3992,7323
5180,7324
170,7325
622,7325
3914,7325
86,7327
2,7328
433,7328
1448,7328
3214,7328
1791,7329
6435,7330
268,7331
2385,7331
3402,7331
6789,7331
120,7332
3940,7332
103,7333
610,7334
3068,7334
547,7335
167,7336
755,7336
2690,7336
3412,7338
6602,7338
173,7339
353,7339
2172,7340
186,7341
4713,7343
0,7344
33,7344
752,7346
6493,7348
207,7349
218,7353
500,7353
5405,7356
246,7357
1319,7357
1657,7362
4850,7362
6513,7362
2278,7363
3395,7364
6531,7364
1499,7366
2079,7366
5178,7367
6868,7367
2139,7368
23,7369
391,7370
3610,7371
3199,7374
6235,7374
127,7375
276,7377
4493,7378
4182,7381
4929,7381
2853,7382
319,7383
3505,7383
6421,7383
24,7384
57,7384
3067,7384
2040,7385
805,7386
7018,7387
1644,7390
6212,7390
357,7391
6172,7391
3585,7393
1509,7396
6222,7396
127,7397
2040,7398
2640,7398
467,7399
75,7400
7060,7400
2022,7401
2206,7403
2705,7403
4276,7403
1936,7404
2035,7405
467,7407
6245,7407
186,7410
1174,7410
2125,7411
340,7412
771,7412
2288,7414
2450,7414
6385,7414
6581,7415
795,7416
3026,7417
6142,7417
6931,7417
457,7419
34,7420
6420,7420
6275,7423
171,7424
1227,7424
1849,7426
412,7428
5370,7428
258,7429
6501,7431
140,7432
258,7432
438,7432
1254,7432
149,7434
1073,7436
28,7438
94,7438
4164,7438
6861,7438
136,7440
2130,7441
5154,7441
3012,7442
5272,7443
2271,7446
5853,7447
91,7448
1234,7448
1270,7448
1732,7448
398,7450
6434,7451
123,7458
979,7458
2266,7458
2993,7458
1265,7459
2767,7459
4428,7459
11,7465
7377,7465
0,7466
1123,7467
4542,7467
23,7468
136,7469
2949,7469
3441,7470
2088,7471
3331,7472
801,7473
3243,7473
236,7474
4907,7474
1203,7475
6,7476
117,7477
4548,7478
2414,7479
1155,7480
6035,7483
1010,7485
1579,7486
2624,7486
3387,7486
5151,7486
5400,7486
5078,7487
1206,7489
2550,7489
3135,7489
5132,7490
395,7491
492,7491
4083,7491
504,7493
24,7494
1493,7494
59,7500
1635,7500
2362,7502
2568,7502
1952,7503
3548,7503
800,7504
5506,7504
5876,7506
5259,7507
2328,7508
3082,7508
7,7510
5192,7510
6284,7511
7186,7511
1151,7512
3043,7512
3352,7512
6724,7514
10,7515
3193,7517
145,7522
5220,7525
3742,7527
1219,7528
3295,7528
3189,7529
3805,7531
6701,7531
6788,7533
249,7534
1151,7534
2786,7534
6452,7534
248,7538
819,7540
140,7541
7167,7541
784,7542
4531,7542
3805,7543
576,7544
1788,7545
2464,7545
1609,7546
7195,7547
1387,7550
2413,7551
6243,7551
3847,7552
5097,7553
7,7554
817,7557
2583,7558
3193,7558
525,7559
671,7559
2379,7559
332,7561
2418,7561
1684,7563
1724,7564
3742,7565
4343,7567
2,7569
7,7571
2307,7571
344,7573
905,7573
6820,7574
2839,7575
7356,7576
875,7577
1112,7581
2994,7582
4,7583
7,7583
491,7584
3213,7585
1305,7587
123,7589
200,7589
2464,7589
239,7590
5394,7590
7117,7591
145,7593
2,7594
566,7594
1,7595
165,7595
3384,7595
4317,7595
33,7596
2,7598
297,7598
0,7600
459,7600
3414,7603
4,7607
6,7607
3082,7607
7,7609
6194,7611
156,7613
323,7613
492,7616
181,7618
463,7619
2916,7619
438,7621
113,7622
157,7623
2814,7625
6693,7626
3580,7627
474,7628
3074,7628
3759,7628
151,7630
1091,7630
264,7634
2577,7634
328,7635
7,7636
804,7637
44,7638
719,7638
1125,7639
1390,7639
1545,7639
1140,7640
123,7644
703,7644
5411,7645
5483,7647
3903,7649
5554,7649
5708,7649
4,7650
576,7650
2533,7650
3174,7650
476,7651
1028,7651
6703,7652
6889,7652
2688,7653
3009,7653
4209,7653
354,7654
755,7654
2789,7654
876,7655
3297,7655
1516,7660
5708,7660
3,7666
4480,7668
2326,7669
5122,7669
132,7670
756,7672
2011,7673
395,7676
4317,7676
6869,7676
7,7680
7339,7680
819,7681
3116,7681
2418,7683
1119,7685
3257,7685
1143,7686
7603,7689
2693,7690
3805,7691
4448,7692
1642,7694
932,7695
491,7696
260,7698
11,7699
963,7699
7091,7699
6866,7700
2409,7701
313,7702
19,7703
3553,7703
1046,7704
3808,7704
6176,7706
4655,7707
2245,7709
4557,7709
1074,7712
957,7713
57,7714
3072,7715
472,7716
1442,7718
6248,7718
1921,7719
5891,7719
3794,7720
2385,7721
4518,7724
5786,7726
728,7727
132,7729
898,7729
5412,7729
1532,7730
4907,7731
70,7732
415,7732
4150,7732
321,7733
2615,7733
5381,7733
1020,7734
603,7735
3962,7735
7385,7735
3409,7739
452,7740
991,7740
3862,7740
112,7742
818,7742
6847,7742
23,7743
7644,7743
3475,7745
6789,7745
7,7747
474,7747
7583,7749
3690,7750
2454,7751
1483,7752
5972,7752
107,7754
7531,7754
3263,7755
2034,7757
364,7758
77,7759
148,7759
1269,7760
1787,7761
2755,7763
1246,7764
121,7765
4583,7765
6096,7765
4710,7766
4,7767
398,7767
3123,7767
5301,7768
0,7769
2,7770
127,7773
1068,7775
260,7777
3257,7777
6618,7778
6275,7779
526,7780
700,7780
560,7781
7458,7781
3082,7782
4864,7784
1298,7786
57,7787
1227,7787
49,7788
433,7789
5738,7789
6037,7789
5927,7790
6236,7790
1841,7791
705,7794
3760,7794
6602,7795
819,7796
1676,7796
7755,7796
771,7797
784,7798
3169,7798
7238,7798
2755,7800
291,7806
1675,7806
2562,7806
35,7807
3166,7807
4807,7809
5891,7810
1279,7811
3922,7811
420,7812
236,7813
412,7813
1783,7813
2494,7813
509,7814
209,7815
423,7817
4526,7817
5407,7817
367,7820
42,7823
960,7824
4466,7824
7138,7824
4518,7825
1008,7826
1752,7826
2464,7826
3505,7826
2449,7827
2261,7829
3061,7830
1092,7837
4929,7837
438,7838
64,7843
498,7844
3167,7844
1509,7845
4583,7845
7310,7846
2469,7847
7807,7847
7,7848
3820,7848
2022,7853
2,7855
1428,7857
1593,7857
2179,7857
5180,7858
57,7859
937,7864
4157,7864
136,7865
4851,7865
6153,7865
7111,7865
6294,7866
5720,7868
18,7869
506,7869
2328,7869
7316,7870
4542,7872
2634,7873
4274,7873
5734,7873
3700,7875
7331,7875
34,7877
243,7877
5849,7878
5750,7880
3003,7882
4511,7882
337,7883
3257,7883
2622,7884
5647,7884
1194,7886
1801,7886
5446,7886
2040,7887
2400,7888
1060,7889
264,7891
7322,7892
77,7895
86,7895
1,7898
1122,7899
1440,7899
1764,7899
332,7900
4466,7900
4980,7900
423,7901
809,7901
2845,7903
6018,7904
149,7909
7651,7910
71,7911
1053,7914
107,7916
645,7918
1938,7918
3754,7920
7500,7920
2690,7921
7308,7921
415,7923
2367,7924
620,7925
1028,7925
2448,7926
6041,7926
7571,7926
7,7927
961,7927
3064,7929
997,7930
526,7932
5582,7935
133,7937
4544,7937
2454,7940
3777,7940
2270,7941
4416,7941
2401,7942
64,7944
3940,7944
5324,7948
3,7953
23,7953
386,7953
450,7953
811,7954
1073,7954
1190,7954
4120,7955
6457,7955
6356,7956
412,7957
4532,7958
2395,7962
7940,7963
265,7964
3716,7964
4195,7964
395,7966
4687,7966
4052,7967
0,7968
2583,7971
3534,7972
4260,7974
2962,7975
514,7976
615,7977
4463,7978
1,7979
7817,7979
23,7981
94,7982
3701,7982
825,7983
949,7984
1236,7984
2140,7985
829,7987
3769,7987
4711,7988
7,7989
1641,7989
5501,7991
2464,7993
5749,7997
549,7998
254,8003
5880,8003
3984,8004
2919,8005
4511,8005
4772,8005
6487,8006
236,8008
4104,8008
4204,8008
1401,8009
1480,8009
1477,8010
6484,8011
5898,8013
492,8014
5638,8016
4460,8023
5966,8023
1597,8024
23,8026
4150,8028
3254,8029
450,8031
1120,8031
520,8032
1036,8033
1924,8033
957,8034
1645,8034
7107,8036
1419,8038
5720,8038
5580,8039
5750,8039
6549,8039
59,8040
2476,8040
3222,8042
2275,8043
6532,8043
7400,8043
1313,8044
7027,8045
6606,8046
440,8047
361,8048
2396,8048
5669,8049
120,8050
1030,8051
2474,8051
5683,8052
520,8053
4594,8053
10,8054
1039,8054
4066,8055
4562,8055
240,8056
6557,8056
115,8057
235,8058
7316,8059
5148,8060
7327,8061
1581,8063
5446,8063
243,8064
3402,8064
614,8065
953,8066
803,8068
186,8069
7027,8071
7926,8071
4603,8072
5747,8073
258,8074
9,8080
3159,8082
4146,8082
1160,8083
140,8084
171,8084
302,8088
6946,8090
69,8095
4729,8095
154,8097
173,8097
121,8098
2371,8101
450,8104
705,8104
7823,8104
1513,8105
6274,8108
4172,8110
510,8111
766,8112
3908,8113
64,8114
319,8114
1461,8115
416,8116
1406,8116
23,8117
1986,8119
4124,8119
77,8120
197,8120
321,8121
1754,8121
2615,8121
3948,8121
579,8124
3838,8128
6790,8129
197,8131
1138,8132
225,8133
2266,8134
6060,8134
477,8135
1596,8136
0,8137
3020,8139
5365,8139
3275,8140
24,8141
5720,8141
77,8142
1124,8145
8008,8145
1583,8147
399,8149
785,8149
149,8153
993,8154
6508,8154
151,8157
6013,8157
677,8160
4388,8161
4506,8161
759,8163
1313,8166
7185,8166
2355,8169
5481,8169
7800,8171
1,8173
2586,8175
268,8176
0,8177
391,8177
970,8177
10,8179
1863,8179
6352,8181
344,8184
5700,8184
7432,8184
1227,8186
2057,8186
101,8187
724,8187
0,8188
7303,8188
4490,8191
1545,8196
3034,8197
572,8198
2381,8198
1692,8199
6874,8199
1714,8201
248,8204
657,8204
5941,8204
1345,8206
3563,8206
32,8208
1623,8208
502,8210
2156,8211
10,8212
984,8212
2013,8213
2776,8213
7589,8213
115,8214
1963,8214
2654,8216
1268,8217
4603,8219
6842,8219
0,8220
1417,8221
573,8222
4461,8223
3,8224
690,8225
3907,8225
6890,8226
0,8228
3184,8228
3880,8228
504,8229
1390,8229
2575,8229
7877,8230
904,8231
624,8232
970,8232
1908,8232
7987,8232
668,8233
3563,8235
438,8236
459,8237
1247,8238
2332,8238
5581,8238
101,8239
564,8239
737,8239
53,8240
236,8243
2175,8243
7349,8243
590,8244
5038,8247
1098,8248
120,8249
2703,8249
3481,8249
160,8250
712,8251
101,8252
390,8252
115,8253
2882,8254
1217,8256
1509,8256
2299,8256
3184,8257
2149,8259
2394,8261
7428,8261
472,8262
5132,8262
44,8263
361,8263
418,8264
509,8266
5485,8266
6107,8266
1,8267
1002,8267
778,8269
629,8273
2507,8274
4484,8275
6899,8275
4000,8276
1068,8277
4431,8277
6694,8278
215,8280
535,8281
655,8281
113,8282
394,8282
1482,8282
6063,8282
3199,8284
4488,8284
57,8286
671,8286
6667,8287
5690,8288
8082,8289
2,8290
412,8292
5493,8292
785,8293
1227,8293
23,8294
6521,8294
395,8295
5486,8295
3543,8296
34,8299
3736,8300
470,8304
2266,8305
1419,8306
6736,8306
917,8307
6351,8308
0,8310
7385,8312
6640,8313
23,8316
196,8316
3185,8317
2454,8318
3313,8318
8232,8318
6889,8319
825,8321
1345,8324
4966,8325
1124,8326
5818,8327
932,8328
4182,8328
1922,8330
1002,8331
3432,8331
149,8334
365,8335
81,8336
2241,8336
4276,8337
6623,8337
6857,8339
7,8341
77,8341
3733,8343
3777,8343
347,8344
81,8345
254,8345
6869,8349
259,8351
6336,8351
1,8352
809,8353
8097,8353
225,8354
2104,8354
6863,8354
447,8355
1098,8355
2414,8355
677,8356
10,8361
502,8362
281,8363
1579,8363
759,8365
148,8368
6947,8368
937,8369
24,8374
671,8375
1097,8377
7,8379
81,8381
11,8382
7385,8382
3866,8383
6089,8383
122,8386
243,8386
4557,8386
7611,8388
23,8389
2615,8389
11,8391
19,8392
809,8393
1519,8395
5687,8395
132,8397
7702,8397
674,8400
4235,8400
2103,8402
5767,8402
8382,8402
24,8405
235,8405
1630,8405
3767,8405
173,8406
1957,8408
1748,8409
3569,8411
7621,8411
7984,8412
298,8415
3024,8415
0,8416
35,8416
714,8416
3452,8418
3064,8419
4103,8419
5654,8419
457,8420
7767,8420
2447,8421
4624,8421
296,8422
5272,8422
151,8423
291,8423
1841,8424
77,8425
2575,8425
1206,8426
6709,8426
3604,8427
4765,8428
4,8430
1151,8430
7651,8432
7,8433
6697,8434
78,8436
248,8436
196,8437
5892,8440
103,8441
302,8441
1724,8444
2715,8445
3342,8445
239,8449
2582,8449
4021,8450
477,8452
8121,8452
107,8454
313,8454
120,8455
5148,8455
94,8457
149,8457
34,8460
957,8460
1273,8463
171,8464
7,8465
6301,8465
1169,8466
8101,8469
3492,8471
5287,8475
437,8476
296,8477
2000,8477
5587,8479
5701,8479
3,8480
4757,8480
103,8481
298,8481
2225,8481
2577,8482
575,8483
6460,8483
7172,8483
298,8485
4928,8485
472,8486
4333,8487
1385,8488
394,8489
7099,8489
8469,8490
2595,8491
2597,8491
416,8494
508,8494
800,8494
2978,8494
0,8496
1775,8496
4121,8498
5941,8498
6913,8498
200,8501
3308,8501
7163,8503
2228,8504
58,8505
2839,8505
5461,8505
136,8507
4892,8508
6460,8509
2157,8510
7713,8511
1194,8517
132,8518
558,8518
4838,8518
6015,8518
130,8519
8235,8523
731,8528
0,8529
894,8534
3560,8535
5032,8535
169,8536
2334,8536
4625,8537
4798,8538
173,8541
3430,8542
3783,8543
1505,8544
8114,8544
49,8546
6820,8547
1924,8548
2022,8548
1938,8549
2175,8550
5577,8553
4130,8554
4887,8554
4583,8555
19,8556
2755,8557
4404,8557
6823,8557
8441,8557
2537,8559
6652,8564
2,8565
3767,8567
5592,8567
320,8570
622,8574
5873,8575
2196,8580
3459,8581
313,8582
1682,8582
6513,8587
29,8588
2371,8589
1214,8590
2839,8590
1764,8592
2025,8592
4594,8594
1473,8595
337,8597
546,8597
7391,8597
359,8598
1441,8599
4396,8600
2129,8601
3013,8601
6789,8601
683,8602
2326,8603
7195,8603
4629,8604
1301,8605
1484,8607
2858,8607
6852,8607
11,8608
1509,8608
509,8609
3068,8610
2088,8611
2040,8613
3964,8614
1952,8617
5200,8617
6624,8617
1423,8618
3543,8618
114,8619
481,8620
3425,8620
107,8622
24,8623
3263,8623
339,8624
932,8624
998,8625
2230,8626
7590,8626
615,8627
1974,8627
7312,8629
2396,8632
5577,8632
1198,8634
2652,8634
3740,8634
130,8635
6009,8635
4343,8637
2778,8638
7979,8638
982,8639
3363,8639
6508,8639
430,8640
2693,8640
1406,8641
590,8646
759,8647
1402,8648
3439,8649
492,8655
136,8656
3139,8657
5627,8658
2,8660
2558,8660
8637,8662
5767,8664
77,8665
572,8665
1,8669
4241,8670
1484,8673
5788,8673
1011,8674
1579,8674
1499,8675
1966,8675
847,8678
1333,8678
34,8679
629,8680
963,8680
7268,8680
784,8684
808,8684
4201,8684
6594,8684
173,8685
186,8685
492,8686
406,8687
6863,8687
276,8688
972,8688
4262,8689
1387,8691
8455,8691
6531,8692
961,8694
2910,8694
473,8696
2265,8696
1752,8698
2870,8698
879,8701
4344,8704
78,8706
498,8706
3187,8707
58,8709
1125,8711
1386,8712
2020,8712
132,8713
2950,8713
6,8714
817,8714
4966,8717
509,8718
564,8719
1782,8719
7603,8719
64,8720
6884,8720
3967,8722
2469,8724
2677,8725
3511,8725
459,8726
4257,8728
438,8729
1394,8729
94,8732
6229,8732
1783,8733
474,8734
3446,8737
1830,8738
4217,8739
6560,8739
389,8740
136,8742
1028,8743
1924,8743
4989,8743
1480,8744
1081,8746
23,8748
1938,8748
1908,8749
6506,8749
5873,8750
8491,8751
564,8754
7027,8754
107,8755
5151,8756
7211,8756
57,8757
2140,8757
14,8759
7053,8759
465,8760
651,8760
1354,8760
24,8761
44,8761
581,8761
8597,8762
4241,8763
3480,8764
7798,8764
4319,8765
389,8766
69,8768
2145,8769
4688,8769
2261,8771
7,8772
173,8773
2642,8773
4298,8773
99,8774
1509,8775
506,8777
1596,8777
4120,8778
1908,8780
970,8781
2299,8782
3163,8783
1155,8784
2782,8784
3151,8784
5423,8784
2765,8785
657,8786
3497,8786
11,8787
3787,8790
6455,8790
8039,8791
7,8792
8176,8792
1641,8793
3088,8793
2962,8794
4859,8794
6248,8794
2370,8796
5579,8796
1447,8800
5596,8802
3515,8803
7628,8804
34,8806
4614,8806
6897,8807
4333,8808
6248,8808
1160,8810
5501,8810
2615,8811
3618,8811
534,8812
2156,8814
1123,8816
1234,8816
1915,8816
498,8817
650,8818
756,8818
1199,8820
4,8822
5574,8825
3012,8827
7747,8829
8269,8829
5840,8830
2,8831
7343,8832
1043,8833
7327,8833
6,8835
11,8835
5308,8835
298,8836
804,8837
2457,8837
3395,8841
5175,8841
2715,8842
4305,8842
1547,8843
0,8844
429,8845
3136,8845
3783,8847
194,8848
5519,8850
6166,8851
3487,8852
2158,8854
2186,8854
818,8855
1938,8855
933,8856
3210,8856
7192,8857
1903,8858
1185,8859
3441,8860
3885,8860
591,8862
7054,8863
1251,8865
2,8866
315,8866
8481,8870
166,8871
946,8871
8678,8871
998,8872
2075,8873
5111,8874
23,8876
759,8877
94,8878
4691,8878
4751,8878
7143,8878
527,8879
7752,8879
6118,8880
160,8884
23,8885
94,8886
2248,8887
6146,8888
7,8889
1385,8889
2870,8890
339,8891
737,8891
677,8893
1367,8893
4164,8893
8452,8893
7304,8894
6650,8895
6167,8896
2493,8897
3931,8897
3966,8897
171,8899
1609,8903
7403,8903
1441,8904
4229,8907
875,8908
4253,8908
258,8909
1957,8911
3183,8912
6869,8912
145,8913
1728,8913
2917,8914
40,8916
389,8916
2545,8917
7128,8917
669,8920
2981,8921
3076,8921
6820,8921
421,8922
2131,8922
2245,8922
7824,8923
997,8924
1188,8924
1934,8926
211,8927
629,8928
31,8929
2083,8929
5466,8931
315,8932
1778,8933
8040,8934
7,8935
1774,8936
3139,8937
243,8940
560,8941
4562,8942
4849,8943
4275,8945
6089,8945
6877,8947
2870,8948
5775,8948
885,8949
347,8952
2723,8952
1239,8955
8264,8956
7,8957
337,8957
236,8958
274,8958
1188,8958
1477,8958
8757,8961
804,8962
376,8963
1480,8963
4625,8963
94,8964
1902,8965
1236,8966
4985,8967
5580,8967
5436,8971
963,8972
993,8973
362,8976
3088,8977
6198,8977
11,8979
3944,8979
1714,8981
4711,8982
7731,8983
7416,8984
1077,8985
1326,8985
11,8986
4396,8986
10,8988
7,8989
3412,8990
7552,8992
511,8994
3713,8997
3906,8998
69,8999
23,9002
120,9002
11,9003
123,9003
868,9005
28,9006
3925,9008
327,9009
315,9010
750,9010
2219,9010
3914,9010
240,9011
955,9011
2627,9011
8884,9011
3633,9012
6731,9012
2599,9014
4129,9014
5927,9014
3387,9015
6649,9015
7,9017
3172,9018
151,9019
24,9020
625,9020
7,9021
716,9022
53,9023
132,9023
1023,9023
406,9026
6649,9026
579,9027
3780,9028
8389,9029
49,9030
771,9031
151,9032
4002,9034
3481,9035
7742,9036
766,9038
115,9039
5901,9039
200,9040
1019,9043
1122,9043
1807,9043
2379,9044
1407,9046
5941,9046
8985,9046
0,9047
2831,9048
7277,9051
1683,9052
7742,9052
615,9054
1641,9054
4011,9054
7134,9054
140,9056
4992,9056
196,9057
2312,9057
8050,9057
6071,9058
1774,9059
416,9063
4445,9063
1,9064
7362,9064
132,9065
2329,9067
509,9068
3836,9068
3993,9070
527,9072
235,9074
1993,9074
3174,9075
3268,9075
3145,9076
8175,9077
597,9079
953,9080
360,9081
7703,9082
66,9085
254,9086
2118,9086
2366,9088
5394,9090
5674,9090
3775,9091
6842,9091
154,9092
7027,9092
696,9095
6145,9096
5196,9098
9011,9098
805,9099
2870,9101
4647,9101
6617,9101
7027,9104
1248,9106
5519,9106
4624,9108
622,9109
7331,9109
5127,9110
8031,9110
8163,9110
1501,9112
7574,9114
5952,9116
144,9118
113,9120
3907,9120
166,9122
941,9122
2801,9124
4236,9124
0,9126
23,9128
594,9128
1692,9128
481,9130
8212,9131
1206,9132
57,9134
6833,9136
2507,9137
4793,9137
6312,9140
7304,9140
3193,9141
2465,9142
5761,9142
452,9143
341,9144
7122,9145
571,9146
140,9147
157,9148
1363,9148
696,9149
302,9152
6435,9152
1112,9156
7486,9156
715,9158
11,9159
1,9162
520,9163
868,9163
1441,9165
5379,9166
615,9167
5647,9167
3836,9169
5228,9169
1319,9172
6176,9173
953,9174
8479,9174
8773,9174
470,9175
4449,9176
3618,9177
154,9180
2136,9181
6606,9181
103,9182
3453,9183
3581,9183
5047,9183
367,9185
397,9186
3881,9190
7957,9191
3495,9192
5466,9192
4217,9194
4935,9194
6489,9194
2228,9195
4614,9195
42,9196
541,9196
4502,9197
1268,9199
2465,9199
2316,9200
3344,9200
3471,9202
2536,9203
1132,9204
5633,9207
1962,9208
8259,9208
132,9210
727,9210
11,9211
1908,9214
26,9215
7573,9215
4771,9216
5762,9217
6679,9217
207,9220
57,9221
35,9222
55,9222
750,9224
8071,9225
7489,9226
207,9230
4321,9231
481,9232
4493,9232
7158,9232
6297,9233
1447,9234
331,9235
646,9237
1807,9238
2466,9239
2615,9240
560,9241
7230,9241
69,9244
5600,9245
69,9247
7650,9248
338,9249
1191,9250
4953,9250
5061,9250
7221,9250
2466,9251
4532,9251
42,9252
1386,9253
3964,9254
7121,9254
3762,9255
2993,9256
1809,9257
1946,9257
5915,9258
132,9259
389,9259
2655,9259
1124,9261
2,9262
5056,9262
145,9263
120,9264
123,9267
2454,9267
6031,9267
127,9272
463,9272
8759,9272
6594,9273
7,9275
110,9275
7362,9276
4012,9277
4535,9277
5346,9277
309,9281
7489,9282
1301,9285
2754,9285
1174,9286
4043,9286
5317,9286
766,9288
7644,9288
347,9289
8684,9290
509,9291
1303,9291
2230,9291
296,9293
2450,9295
2993,9295
2421,9297
4416,9297
1974,9299
4026,9299
622,9300
7286,9300
248,9301
8480,9301
55,9302
9052,9303
11,9305
24,9306
2357,9306
3,9307
1047,9307
1499,9307
4583,9307
2412,9308
3068,9308
7954,9310
4262,9311
1930,9313
8825,9313
1297,9316
11,9318
1108,9318
619,9319
32,9320
654,9320
4895,9320
123,9322
180,9322
463,9322
8444,9322
120,9323
1509,9324
6614,9324
8220,9326
8361,9326
337,9327
1572,9328
321,9329
566,9329
3342,9329
8691,9332
9307,9332
2658,9334
929,9335
1635,9335
77,9337
1290,9338
1442,9339
6270,9339
132,9340
7551,9341
239,9342
929,9342
3266,9344
941,9345
2334,9345
5316,9345
86,9346
802,9346
1144,9346
1623,9346
7695,9346
3861,9348
4007,9348
905,9349
4307,9349
5256,9349
3,9350
4083,9354
119,9356
4298,9356
6793,9356
931,9359
4379,9359
6240,9359
9059,9361
24,9362
7448,9362
339,9365
2658,9365
3990,9365
3412,9367
4614,9367
6070,9369
413,9370
173,9371
5545,9371
1093,9373
1098,9375
5466,9375
771,9376
1219,9377
1876,9377
3693,9377
437,9379
6268,9379
6570,9380
0,9383
7,9383
451,9384
767,9384
3724,9385
6130,9385
7873,9386
4022,9387
8034,9387
1416,9389
3154,9389
115,9392
173,9392
9145,9392
3,9395
7,9395
949,9395
2414,9398
3548,9398
796,9399
1391,9400
4846,9401
361,9403
4103,9404
9149,9404
517,9405
534,9406
564,9406
6854,9406
0,9407
307,9407
1424,9407
5880,9407
1098,9409
2140,9409
7883,9409
1545,9410
7375,9411
2977,9412
7780,9413
4475,9414
7628,9414
909,9416
541,9417
1151,9417
5820,9418
6096,9418
64,9420
3610,9420
8632,9422
7767,9423
7,9426
1778,9426
6902,9427
1405,9428
2613,9428
110,9429
2230,9429
170,9430
2551,9431
4666,9431
4939,9433
115,9434
315,9434
819,9434
1052,9434
1545,9435
5968,9435
7500,9435
4241,9436
258,9440
69,9442
5622,9442
1379,9445
6781,9445
8711,9445
236,9446
6717,9446
2371,9448
7207,9448
9196,9448
720,9449
2978,9449
7845,9451
1061,9452
196,9453
1074,9455
11,9456
468,9456
120,9458
1196,9458
1726,9459
1443,9463
4577,9464
1811,9465
805,9467
6030,9467
94,9468
1841,9468
3064,9468
3808,9468
562,9470
2539,9472
3974,9475
7503,9478
1387,9479
2614,9479
481,9481
6484,9484
319,9485
3813,9486
5080,9486
69,9487
925,9489
1202,9489
2379,9490
2242,9491
278,9492
498,9492
6236,9493
86,9494
3088,9494
4838,9495
8833,9497
3404,9498
6438,9498
1270,9502
9101,9502
7036,9504
7013,9505
8039,9506
149,9507
700,9507
3437,9507
557,9509
4237,9512
553,9515
23,9520
2171,9520
3398,9520
5435,9522
1946,9526
3903,9526
7,9528
5600,9531
7743,9531
294,9532
415,9532
6971,9532
3534,9534
4711,9537
2020,9539
376,9540
0,9542
7964,9545
611,9547
5651,9547
6,9548
1428,9555
2730,9555
3736,9555
5390,9555
5167,9556
144,9557
6268,9557
3257,9558
81,9559
982,9559
8547,9561
1024,9562
2948,9563
1363,9564
225,9565
2118,9566
3134,9566
2149,9569
2,9570
2246,9570
2773,9570
4548,9571
5379,9571
2050,9572
5106,9574
6728,9575
412,9577
1618,9577
420,9578
8810,9578
121,9581
156,9583
1461,9583
2067,9585
3383,9586
9,9587
941,9587
2409,9589
6146,9590
1280,9591
4333,9591
4924,9591
690,9592
917,9592
4761,9592
127,9593
3380,9593
1787,9594
8324,9594
700,9596
2155,9598
2814,9600
463,9602
6,9603
614,9603
1214,9603
5056,9604
7473,9605
7434,9606
809,9608
9116,9609
3583,9610
3157,9611
655,9615
884,9616
2349,9616
164,9617
547,9617
3197,9617
4823,9617
6925,9617
2448,9619
6235,9620
5009,9621
7188,9621
7378,9621
2576,9622
3015,9622
9555,9623
435,9624
2105,9626
476,9627
3027,9627
2332,9628
6442,9630
802,9634
3838,9634
3948,9636
33,9637
1524,9637
264,9640
395,9640
1467,9640
5038,9641
888,9643
1778,9643
474,9645
7,9646
2658,9646
9210,9647
9545,9648
3712,9649
103,9651
472,9652
2586,9653
1683,9654
7141,9654
2229,9657
140,9659
750,9660
819,9660
3,9661
2599,9661
6193,9663
3595,9666
6415,9666
8306,9666
11,9667
3855,9670
4711,9670
5407,9671
7997,9671
1201,9673
133,9674
1947,9674
2850,9674
825,9675
1477,9675
1057,9677
5531,9679
7,9681
7171,9684
572,9686
1635,9686
3957,9686
5909,9686
8755,9686
207,9688
1046,9689
3395,9692
804,9693
2,9694
291,9697
690,9697
7914,9698
5849,9699
40,9700
1765,9700
1477,9702
1783,9702
2362,9702
274,9704
6256,9705
1010,9706
8759,9707
4997,9708
7086,9709
55,9711
1266,9711
7809,9714
7,9717
2392,9718
9688,9719
315,9720
140,9723
239,9724
81,9728
1413,9730
7770,9730
8188,9730
3183,9731
4448,9732
8157,9732
367,9733
5308,9733
510,9734
4821,9735
9210,9735
2629,9736
6985,9736
715,9737
6397,9737
9018,9737
2323,9738
2810,9738
2782,9739
2476,9742
2615,9744
4054,9744
3163,9745
8238,9745
1841,9746
6798,9747
4049,9749
8712,9749
809,9750
7310,9752
7190,9755
6617,9756
7953,9757
3335,9758
8368,9759
33,9760
3412,9766
198,9769
2,9770
3251,9771
498,9773
4295,9778
4340,9781
2480,9782
171,9783
2859,9783
1675,9785
1854,9785
2158,9786
11,9787
4647,9787
6520,9787
0,9788
7,9789
4385,9790
151,9791
7709,9792
33,9793
5231,9793
5981,9793
0,9794
357,9796
1517,9796
4397,9796
4475,9796
3,9797
2533,9798
297,9801
1188,9801
7293,9801
1002,9806
2371,9806
307,9809
2233,9809
3487,9810
509,9811
3150,9811
4274,9811
4687,9811
4816,9812
2962,9813
2997,9814
421,9817
1971,9817
9410,9817
1169,9819
6021,9820
9620,9822
2658,9824
4840,9824
4946,9825
8698,9826
145,9827
2,9828
1778,9828
7,9829
4992,9829
1120,9830
2186,9830
0,9833
313,9833
1305,9838
9791,9839
471,9840
5295,9840
5106,9844
6589,9844
171,9845
4164,9845
3860,9848
0,9849
1293,9851
268,9852
706,9853
9210,9853
1405,9854
42,9856
690,9856
2902,9856
4966,9857
2778,9858
560,9859
690,9860
9626,9860
4859,9863
248,9865
1854,9866
3209,9866
4468,9867
3199,9868
3829,9868
717,9869
1188,9869
9714,9869
166,9871
3914,9871
5417,9871
991,9873
3787,9873
5602,9874
160,9878
767,9878
2870,9880
3251,9882
5454,9885
961,9886
5954,9886
264,9887
5544,9889
6789,9889
7584,9890
5423,9892
750,9893
4859,9893
6743,9894
8842,9896
7344,9898
4763,9899
7,9900
1313,9900
1470,9901
1236,9902
1978,9903
3473,9904
4065,9904
268,9906
7483,9906
1787,9907
9878,9907
1301,9909
1038,9910
1718,9911
712,9912
3139,9913
218,9914
1073,9914
7845,9919
8757,9919
8903,9920
5244,9921
6847,9924
1036,9926
7190,9927
975,9928
1057,9928
340,9930
123,9932
875,9932
3,9933
2977,9933
7,9934
5295,9934
1162,9937
3716,9937
2967,9939
3107,9940
6061,9940
469,9942
3944,9942
9389,9942
145,9943
107,9944
1424,9946
2639,9946
8014,9946
3820,9947
78,9948
149,9948
6488,9948
24,9950
376,9950
6934,9950
7459,9950
6701,9953
9,9954
6861,9955
1325,9956
449,9957
1097,9957
1579,9958
3700,9961
9339,9961
468,9962
1124,9962
5228,9962
2599,9963
7459,9966
1244,9967
6623,9968
502,9971
3801,9971
2279,9972
5006,9972
796,9974
6111,9975
342,9977
997,9977
203,9978
11,9979
982,9979
1030,9980
1545,9982
57,9984
107,9984
194,9984
1406,9985
2025,9987
6269,9987
1309,9989
2136,9989
680,9990
1047,9990
1385,9990
123,9991
117,9993
2368,9996
9258,9996
2250,9997
260,9999
923,9999
2196,9999
5610,9999
5919,9999
