0,1
1,2
2,3
3,4
0,5
2,5
0,6
1,6
0,8
1,8
4,11
1,12
6,13
0,14
2,14
1,15
1,16
1,17
2,17
3,17
17,18
1,19
17,19
14,20
19,20
20,22
11,24
20,24
2,25
17,25
1,26
5,30
16,32
14,33
17,34
1,35
8,36
17,36
1,37
15,39
1,40
30,40
32,41
1,42
6,42
2,44
1,46
20,46
1,51
2,51
1,52
14,53
1,54
51,54
1,57
14,58
0,59
22,59
42,59
5,60
8,60
32,60
1,61
57,61
1,62
26,62
17,63
5,64
1,66
1,67
26,67
62,67
2,69
0,70
6,71
1,72
3,72
15,72
46,72
62,72
0,74
1,74
24,74
1,75
24,75
36,75
60,76
17,77
30,77
32,77
77,78
0,79
51,81
52,82
75,82
44,85
32,87
0,88
26,88
6,89
2,90
17,90
1,91
2,91
78,91
14,92
1,96
30,96
72,98
64,100
2,101
35,103
6,104
78,104
5,105
1,107
20,109
30,109
5,110
62,110
90,112
100,113
71,114
17,115
41,115
26,116
66,116
72,116
81,116
17,117
1,118
2,118
90,118
17,119
32,119
17,120
5,121
41,122
1,126
115,128
2,130
4,130
0,131
17,132
13,133
71,133
0,134
2,135
71,135
75,135
6,136
1,137
8,137
8,138
17,139
71,139
25,140
1,143
17,143
63,145
5,146
8,146
25,146
1,147
2,147
25,147
77,150
1,152
24,152
60,152
116,152
1,155
119,155
82,156
1,157
156,157
19,158
78,160
20,162
17,164
17,165
120,165
146,165
5,166
137,166
30,168
46,168
2,170
1,171
6,171
104,174
51,177
85,177
13,178
14,178
41,179
51,179
30,180
178,180
2,183
30,183
118,183
2,185
17,186
30,186
96,186
30,187
115,187
186,187
2,188
71,189
25,190
171,190
1,191
17,192
24,193
17,194
75,194
75,200
152,200
2,201
26,201
30,201
89,202
16,203
6,204
35,205
110,206
6,210
16,211
17,212
1,213
15,216
58,216
190,216
36,218
103,218
206,218
37,220
139,220
155,221
17,222
200,223
20,225
1,226
193,226
52,227
171,227
1,232
131,232
41,235
61,235
0,236
6,237
42,237
100,239
131,239
133,239
30,241
112,241
1,242
89,243
42,244
16,245
1,246
78,246
5,247
133,247
25,248
51,248
0,250
3,250
4,252
227,252
71,254
170,254
179,254
5,255
226,255
42,259
36,260
200,260
46,261
30,263
205,263
1,264
75,265
1,266
2,266
226,266
4,267
1,268
60,269
128,269
152,271
135,273
130,274
0,275
16,276
51,276
14,277
1,278
1,281
146,281
1,282
115,282
58,284
130,284
118,285
166,286
177,286
5,289
76,290
1,291
75,293
2,294
22,294
177,294
285,295
2,296
30,296
16,297
82,297
285,297
16,298
281,298
1,300
46,301
100,303
25,304
5,305
130,307
2,310
62,310
72,312
1,313
241,313
2,317
0,318
1,318
35,318
72,318
254,319
1,321
17,322
36,323
24,324
60,325
2,327
0,328
0,329
51,330
1,331
5,332
22,332
30,332
75,332
0,333
322,334
2,335
180,336
275,337
275,338
1,342
75,342
241,342
6,344
36,344
62,344
60,346
298,348
180,350
1,352
24,352
0,353
200,354
222,354
64,355
152,355
5,356
2,358
62,358
30,359
75,359
119,359
242,359
1,360
36,360
187,360
100,362
118,362
237,363
62,364
91,365
2,367
115,367
82,368
155,370
286,370
46,371
332,371
281,372
90,375
255,375
24,377
24,378
192,379
17,381
77,381
14,382
110,383
325,383
30,384
160,386
353,388
269,389
71,391
216,391
30,392
297,393
60,394
2,395
72,395
155,396
332,396
3,402
24,402
383,402
17,404
297,404
359,406
8,407
146,408
190,408
62,411
139,411
5,412
210,415
75,416
171,416
352,416
371,416
372,420
266,422
416,422
344,425
51,426
116,427
281,427
46,429
180,430
263,431
41,433
26,434
266,434
64,435
170,436
362,436
1,437
39,438
342,440
2,441
17,443
22,443
171,444
227,444
133,446
275,447
216,448
285,448
0,449
6,449
118,449
448,449
5,450
30,451
32,452
393,452
416,452
332,453
35,454
75,454
243,454
318,454
46,455
135,455
352,455
1,456
2,457
17,457
74,460
109,460
60,461
4,462
452,462
57,463
255,466
42,468
109,468
305,468
305,469
4,471
185,471
352,472
58,473
205,473
8,474
120,476
135,476
96,478
183,478
352,483
362,484
58,486
64,487
46,488
242,488
26,490
260,492
1,493
2,494
165,495
330,495
487,495
155,496
237,496
377,496
15,497
107,502
276,502
44,504
255,504
297,505
261,508
1,509
460,509
6,510
269,510
452,510
3,511
434,512
377,514
58,515
51,517
276,517
462,517
237,518
245,519
14,520
180,520
18,521
170,521
247,522
0,523
226,523
12,524
30,525
1,527
15,528
17,528
158,528
444,529
24,532
46,534
116,534
332,536
375,543
8,546
460,546
24,550
454,550
264,551
371,551
404,551
377,552
382,552
24,554
13,555
100,555
20,556
216,556
521,556
30,557
100,557
304,557
41,560
75,560
115,561
534,561
560,562
137,564
58,565
152,565
187,565
69,566
247,566
74,568
406,568
260,571
335,571
237,572
91,573
416,573
168,574
16,577
291,577
352,578
362,578
185,579
555,579
255,581
333,582
26,583
247,583
416,583
1,584
483,585
566,585
110,586
1,587
185,589
5,591
72,591
342,591
20,592
8,593
216,593
404,593
297,594
354,594
247,597
362,598
496,598
26,599
232,599
381,599
460,599
20,602
318,602
383,602
1,603
476,604
82,605
37,607
146,607
6,608
30,608
505,608
359,610
0,611
75,612
248,612
577,612
2,613
155,614
78,615
297,615
206,619
116,620
406,620
495,620
5,623
495,623
1,624
22,624
593,625
1,627
91,627
116,627
476,627
284,628
577,628
248,629
330,630
74,631
497,631
1,632
36,633
324,633
46,635
555,638
78,639
452,639
282,640
342,640
17,641
35,642
635,643
11,645
469,645
333,646
281,648
378,652
35,653
177,653
2,654
383,654
171,655
599,655
37,657
60,660
72,661
227,663
586,663
1,664
436,664
359,666
1,668
282,668
1,670
6,670
449,670
17,671
186,671
41,673
186,673
17,675
1,677
91,678
36,679
166,679
329,680
556,680
402,681
6,684
11,684
30,687
325,687
6,688
25,688
155,689
1,690
2,690
528,690
155,692
495,693
96,695
383,695
241,696
332,696
91,698
623,699
17,702
427,704
96,707
628,708
104,709
183,709
30,710
90,710
284,710
579,711
556,712
139,713
60,714
115,714
284,714
673,714
1,715
689,716
276,718
462,718
269,719
191,720
375,721
433,721
434,721
266,723
294,723
115,724
520,724
402,725
426,725
25,726
155,726
495,727
180,728
463,730
100,731
119,734
285,735
478,735
1,736
191,736
13,737
32,738
358,738
115,740
599,740
412,741
105,742
430,742
6,743
41,743
14,744
523,744
508,746
30,752
427,752
734,755
78,756
0,757
41,757
188,757
41,758
260,758
1,760
714,762
35,763
1,764
226,765
430,767
51,768
330,768
72,770
11,771
22,773
241,773
0,775
42,775
223,775
566,776
15,777
1,778
152,778
577,778
0,779
317,779
755,779
190,780
147,781
462,781
131,782
190,782
599,782
88,783
98,785
510,785
132,786
14,790
100,790
285,790
689,791
6,792
152,794
556,794
46,796
362,796
269,797
453,799
1,800
327,800
185,803
799,803
260,804
370,805
725,809
557,811
577,812
14,813
59,814
363,814
211,815
675,818
2,819
646,820
726,821
91,822
645,822
620,823
42,825
171,825
577,825
227,826
1,828
96,829
780,830
495,831
17,835
14,836
16,836
416,837
119,838
375,839
460,839
456,840
35,841
332,842
25,843
402,844
627,844
165,845
450,846
20,847
46,847
735,849
75,850
1,851
560,853
1,854
556,854
116,855
260,860
382,861
1,864
87,865
157,867
342,867
818,867
155,870
453,871
133,872
818,872
583,873
602,873
4,874
241,874
803,874
830,874
44,876
377,876
436,876
627,876
14,877
155,877
266,878
78,880
627,881
13,882
555,883
3,884
5,886
180,888
599,888
139,889
412,890
13,892
177,892
263,894
435,895
790,895
723,896
61,898
585,898
100,900
241,902
353,902
456,903
599,903
593,906
200,907
666,907
6,908
760,908
2,909
130,909
0,910
22,910
17,913
89,913
599,913
1,914
755,914
26,917
910,917
186,918
524,920
203,921
746,923
552,924
1,926
41,927
332,929
289,930
241,935
30,936
75,936
165,936
41,937
75,937
918,938
232,939
325,939
114,940
435,940
440,940
673,940
2,941
32,941
37,942
377,944
444,944
2,945
657,945
0,946
30,946
680,947
829,947
1,948
30,950
171,950
60,951
1,952
81,953
0,954
75,954
615,958
552,960
100,961
908,968
715,970
804,970
8,971
818,971
370,972
8,974
670,976
867,976
32,977
143,978
519,978
37,979
504,979
429,981
168,982
116,984
135,985
300,985
24,988
82,988
381,988
130,989
62,991
180,992
200,993
988,994
940,995
602,996
17,997
627,997
32,998
997,998
46,999
391,1002
20,1003
555,1003
5,1005
77,1006
0,1008
14,1009
460,1009
744,1010
17,1011
690,1012
178,1013
532,1013
75,1014
521,1016
1,1017
41,1019
331,1019
8,1020
30,1022
116,1022
591,1024
41,1026
325,1026
1,1029
15,1029
42,1029
60,1029
510,1030
883,1030
185,1033
51,1035
51,1037
41,1038
809,1041
486,1042
655,1043
560,1045
615,1045
333,1046
836,1047
992,1048
104,1049
898,1051
17,1052
502,1052
82,1054
77,1055
377,1058
75,1059
157,1059
668,1060
137,1063
128,1066
205,1068
648,1070
977,1072
109,1073
118,1073
180,1073
332,1076
812,1076
629,1077
318,1078
26,1079
520,1082
383,1083
62,1084
30,1085
46,1085
62,1085
152,1085
201,1085
30,1087
41,1088
898,1090
190,1093
2,1095
17,1096
75,1096
247,1096
206,1097
509,1098
1,1099
456,1100
216,1103
294,1103
568,1105
1,1106
844,1106
635,1107
536,1109
20,1110
192,1110
757,1110
350,1113
591,1113
4,1114
940,1114
997,1115
688,1116
333,1118
736,1119
227,1120
452,1121
456,1121
773,1121
1,1122
62,1124
5,1125
449,1126
599,1128
645,1128
947,1128
402,1129
818,1129
25,1130
284,1130
241,1132
171,1133
476,1135
478,1135
551,1137
599,1137
874,1139
560,1140
30,1141
5,1142
178,1151
0,1154
15,1155
680,1156
664,1158
420,1159
855,1159
447,1161
712,1161
355,1166
383,1167
30,1169
104,1169
171,1169
1,1170
46,1170
177,1170
296,1173
720,1173
599,1174
680,1176
180,1177
178,1180
186,1183
25,1185
2,1186
991,1187
241,1188
593,1189
200,1190
1020,1191
75,1192
451,1192
1137,1192
242,1195
560,1196
20,1198
755,1200
997,1202
8,1203
968,1203
1130,1204
171,1205
255,1205
779,1206
14,1207
17,1207
790,1208
389,1209
454,1209
562,1209
779,1209
1024,1209
8,1210
312,1213
41,1216
359,1216
381,1216
41,1218
1121,1218
20,1219
440,1221
395,1222
552,1222
778,1223
1,1225
723,1225
1,1228
1073,1232
15,1234
874,1235
275,1236
1,1241
1,1245
514,1245
714,1245
1,1246
91,1246
1,1247
15,1247
670,1247
266,1248
615,1248
96,1249
889,1249
599,1250
913,1250
359,1251
1177,1253
269,1255
460,1256
720,1256
137,1258
367,1258
359,1259
362,1259
602,1263
1209,1263
132,1264
867,1264
171,1265
603,1265
1013,1265
79,1266
551,1267
2,1269
72,1269
0,1270
2,1270
395,1272
452,1272
87,1273
120,1273
874,1274
260,1275
329,1275
2,1277
436,1277
157,1278
333,1278
972,1279
126,1280
305,1281
1114,1283
22,1284
425,1284
435,1284
1,1286
318,1286
755,1289
8,1290
201,1290
487,1290
298,1293
352,1294
472,1295
2,1296
5,1298
383,1298
646,1299
15,1300
75,1300
89,1300
435,1300
735,1301
87,1302
92,1304
352,1304
889,1304
206,1306
14,1308
130,1308
325,1308
14,1309
155,1309
218,1309
939,1309
137,1310
444,1310
360,1312
951,1312
377,1314
829,1315
371,1316
805,1317
44,1319
412,1319
105,1322
354,1323
35,1324
452,1325
577,1325
2,1331
599,1332
504,1333
510,1334
627,1335
78,1336
61,1337
269,1338
1020,1339
130,1340
51,1342
1161,1345
6,1348
655,1349
1286,1349
75,1353
186,1353
718,1354
945,1355
0,1358
560,1359
8,1361
476,1361
15,1362
33,1364
608,1364
294,1365
1,1367
51,1368
227,1368
1,1369
241,1369
62,1370
799,1371
78,1372
40,1373
62,1373
139,1373
157,1373
1259,1373
1,1374
226,1375
517,1375
520,1377
936,1380
936,1385
51,1386
17,1387
41,1388
746,1388
186,1389
263,1389
183,1390
359,1391
486,1391
1,1392
337,1392
615,1393
1,1394
383,1394
1358,1395
61,1396
826,1396
178,1397
242,1397
25,1398
668,1398
191,1399
679,1402
171,1404
455,1404
1,1405
1353,1407
88,1408
1248,1408
1,1409
1170,1409
1098,1412
1,1413
245,1413
702,1413
456,1414
194,1416
1,1417
0,1419
2,1419
2,1421
39,1421
32,1422
1083,1422
96,1423
79,1424
935,1424
32,1425
687,1425
723,1425
52,1426
269,1427
680,1427
360,1428
35,1430
812,1433
1,1435
3,1436
1060,1438
51,1441
1107,1441
936,1442
128,1443
332,1444
78,1445
255,1445
46,1447
890,1447
1130,1448
119,1449
75,1450
92,1450
571,1450
1170,1450
171,1452
394,1452
116,1453
1,1455
433,1459
1121,1459
1300,1459
78,1460
11,1462
495,1463
6,1465
91,1465
918,1465
495,1466
641,1466
654,1466
17,1468
24,1469
132,1470
1342,1470
599,1472
30,1473
1133,1474
36,1475
61,1475
375,1475
82,1479
22,1480
556,1480
183,1481
44,1483
59,1483
370,1484
476,1484
577,1485
25,1487
427,1488
979,1488
130,1489
1389,1492
1470,1492
1030,1495
1137,1496
1259,1496
41,1498
152,1498
1077,1498
1097,1500
60,1502
96,1503
945,1503
612,1504
1222,1505
1331,1506
1043,1507
88,1508
77,1510
402,1511
1189,1511
296,1512
560,1515
5,1517
157,1517
375,1517
940,1517
118,1518
338,1518
602,1519
128,1520
1121,1520
2,1521
226,1521
5,1522
75,1523
867,1523
0,1528
41,1530
193,1530
296,1530
1087,1531
20,1532
239,1532
1375,1532
155,1533
355,1533
183,1534
1070,1534
591,1535
20,1536
1223,1536
62,1538
1087,1538
1,1539
1,1540
574,1544
612,1545
15,1546
448,1546
118,1547
460,1550
551,1551
44,1552
597,1552
107,1554
520,1554
1449,1554
393,1557
1504,1558
62,1560
190,1560
918,1562
46,1563
3,1564
15,1566
902,1567
355,1569
1304,1569
266,1570
100,1571
32,1574
388,1574
1364,1574
15,1575
998,1575
593,1576
130,1577
455,1577
6,1578
668,1578
91,1579
496,1579
1,1580
776,1580
115,1581
640,1581
62,1582
880,1584
359,1585
371,1586
76,1587
554,1587
17,1588
185,1588
528,1589
244,1591
15,1592
155,1592
252,1594
552,1594
276,1595
671,1596
1370,1598
1,1599
1241,1599
456,1601
60,1604
1436,1609
6,1611
1060,1611
41,1613
1496,1618
370,1619
655,1621
40,1622
128,1623
597,1623
71,1626
269,1626
565,1626
1289,1627
684,1629
449,1631
1408,1631
8,1632
381,1632
35,1633
778,1633
402,1634
1373,1639
26,1640
583,1646
110,1647
371,1647
4,1651
180,1651
96,1652
623,1652
1413,1652
354,1653
1284,1653
78,1655
178,1660
406,1661
294,1662
96,1664
1591,1664
131,1665
1,1666
597,1666
1278,1667
61,1669
664,1670
116,1671
183,1672
282,1673
15,1675
218,1675
30,1676
441,1676
953,1678
425,1679
285,1680
14,1686
115,1686
1669,1689
79,1690
1068,1690
742,1693
1246,1693
39,1694
77,1694
32,1695
831,1695
139,1696
529,1697
1546,1698
495,1702
1210,1702
552,1704
37,1707
61,1707
77,1707
944,1708
1096,1709
2,1710
2,1712
17,1712
17,1713
135,1714
58,1715
402,1715
977,1715
1693,1715
0,1716
260,1717
62,1718
510,1718
22,1720
271,1720
60,1721
152,1721
1192,1721
237,1722
612,1723
746,1723
16,1724
6,1725
1373,1725
2,1726
6,1726
791,1726
1189,1727
51,1729
297,1732
1409,1732
945,1733
1391,1733
0,1735
71,1735
528,1735
562,1735
1270,1735
119,1736
940,1738
1665,1738
907,1739
1483,1739
1,1740
395,1740
17,1742
79,1743
81,1744
1459,1745
25,1747
416,1747
1380,1747
1419,1747
715,1749
260,1750
684,1750
8,1751
42,1751
35,1752
1189,1752
1747,1753
455,1755
1130,1757
1137,1757
60,1758
476,1760
165,1761
174,1761
78,1762
517,1763
16,1766
1126,1766
777,1768
8,1769
1569,1770
78,1775
1487,1775
1026,1778
8,1782
30,1783
450,1785
557,1786
2,1788
115,1788
416,1788
940,1788
1286,1790
1652,1790
6,1794
8,1796
312,1798
36,1799
1,1800
1433,1800
2,1801
519,1803
543,1803
874,1804
1029,1804
1455,1804
1536,1805
1459,1807
375,1808
573,1808
440,1809
952,1810
1599,1810
1203,1812
1747,1812
155,1814
1447,1814
41,1815
440,1815
728,1815
851,1815
946,1815
17,1817
342,1817
1459,1817
1489,1817
1060,1819
763,1820
1713,1820
471,1821
1585,1821
57,1822
520,1822
1822,1823
1,1824
16,1825
1564,1825
711,1826
201,1827
91,1831
186,1831
168,1834
171,1834
1470,1835
318,1836
90,1837
1054,1838
1587,1838
57,1839
979,1839
865,1840
1024,1840
216,1841
684,1844
1512,1845
1076,1846
236,1847
216,1849
344,1851
1428,1852
35,1855
239,1855
285,1855
1,1859
1,1862
62,1863
226,1863
1364,1863
476,1864
449,1866
44,1867
100,1867
718,1867
690,1868
560,1869
602,1869
1391,1869
41,1870
1128,1870
1060,1871
1250,1874
1808,1874
1653,1875
1013,1877
995,1880
556,1882
30,1884
1278,1885
565,1888
1639,1890
1669,1895
78,1896
89,1896
22,1897
354,1898
1675,1898
8,1900
248,1900
1717,1901
44,1905
30,1907
24,1908
137,1908
332,1908
1241,1910
51,1911
1647,1911
35,1914
180,1914
1331,1914
1096,1917
1369,1919
1300,1920
370,1921
371,1921
1867,1921
331,1923
1087,1923
646,1926
1368,1926
402,1928
455,1928
371,1929
20,1930
408,1931
30,1935
98,1935
782,1935
627,1937
800,1941
1349,1941
2,1944
157,1944
976,1944
266,1946
1926,1947
1249,1948
520,1949
72,1950
119,1951
237,1951
449,1951
342,1952
434,1952
1578,1952
137,1953
591,1953
17,1954
597,1955
929,1957
1670,1957
17,1958
468,1960
690,1960
35,1962
297,1962
1210,1963
17,1964
165,1965
0,1967
1278,1969
5,1970
452,1971
427,1974
1580,1974
297,1975
1137,1975
6,1976
241,1977
593,1978
4,1979
1546,1979
690,1980
4,1981
226,1983
460,1984
1782,1984
237,1985
924,1989
1368,1989
591,1990
1364,1992
1130,1993
995,1994
565,1996
114,1999
945,1999
3,2000
5,2001
430,2001
715,2001
1530,2001
77,2004
4,2005
17,2007
171,2007
180,2008
942,2010
133,2011
284,2011
1003,2011
46,2012
62,2012
337,2012
35,2014
58,2014
1459,2014
180,2016
1581,2016
178,2018
998,2018
1877,2018
1960,2018
1944,2019
1060,2021
193,2022
281,2022
460,2023
5,2024
90,2024
1840,2025
342,2026
40,2032
226,2032
6,2033
1926,2033
72,2036
266,2038
352,2038
873,2041
67,2044
88,2047
1747,2047
91,2049
241,2049
495,2052
22,2053
46,2053
436,2053
1095,2054
77,2055
8,2056
271,2056
1390,2057
586,2059
36,2060
216,2060
615,2060
460,2061
1374,2061
1651,2065
2,2067
1926,2067
444,2069
1596,2069
1166,2073
82,2074
2,2075
194,2079
607,2079
404,2080
1580,2080
297,2082
1563,2083
803,2085
70,2086
223,2086
1,2088
427,2088
52,2094
1221,2094
268,2095
294,2098
1,2099
17,2099
133,2099
1445,2099
165,2101
873,2101
155,2102
1399,2102
247,2103
1,2104
2,2104
78,2104
462,2106
568,2106
0,2108
712,2110
1198,2110
1419,2112
46,2113
1076,2113
1574,2113
478,2114
997,2116
26,2118
128,2119
192,2119
75,2120
1717,2120
1867,2120
100,2122
406,2122
2108,2123
452,2124
78,2125
2,2126
22,2126
1824,2126
1348,2127
3,2129
17,2129
1393,2129
1423,2129
1817,2130
75,2132
32,2133
577,2133
16,2136
2053,2137
1,2138
628,2138
1588,2138
344,2141
1097,2144
74,2145
1208,2146
3,2147
831,2147
1870,2147
395,2149
1077,2150
1024,2152
1598,2153
940,2155
1953,2155
139,2156
736,2163
435,2164
1078,2167
116,2168
478,2168
1652,2168
2024,2168
100,2169
180,2169
402,2170
46,2171
51,2172
534,2174
1029,2175
1947,2175
1994,2176
593,2177
468,2179
947,2181
1536,2181
205,2182
565,2183
977,2183
1983,2183
462,2184
350,2185
1488,2185
36,2186
551,2186
118,2187
1838,2187
260,2189
1017,2190
205,2191
1,2193
1621,2193
185,2194
593,2194
30,2195
1097,2195
227,2198
1896,2198
17,2199
628,2200
1867,2201
269,2202
1949,2202
205,2204
680,2204
814,2204
342,2206
1470,2206
1504,2206
1277,2208
1820,2208
945,2209
1359,2210
598,2213
770,2213
1463,2217
1,2218
434,2218
1634,2219
0,2220
41,2220
638,2220
1721,2220
1077,2222
1460,2222
1835,2223
599,2228
227,2229
20,2232
32,2233
1222,2233
1277,2234
1304,2236
70,2239
716,2239
1331,2240
1974,2240
178,2241
534,2243
1799,2243
44,2244
188,2244
528,2244
1090,2244
1314,2245
1241,2246
1450,2246
286,2252
394,2252
668,2252
1574,2254
75,2256
180,2259
30,2260
332,2260
908,2262
33,2263
737,2264
1,2268
327,2269
1264,2269
1849,2269
478,2270
1554,2270
3,2271
1595,2271
718,2274
15,2275
1002,2278
216,2279
615,2281
382,2282
4,2283
946,2285
1908,2286
26,2287
75,2287
646,2287
52,2288
487,2291
495,2292
623,2293
17,2294
1450,2295
260,2297
8,2299
289,2299
1013,2299
17,2300
67,2300
1265,2300
1960,2300
79,2301
1852,2301
155,2302
37,2306
139,2306
1460,2306
62,2309
1340,2309
1951,2314
75,2315
615,2316
648,2316
1173,2316
1,2319
908,2319
6,2321
1,2322
714,2322
1575,2322
4,2323
110,2324
90,2325
164,2325
2175,2325
337,2327
1404,2327
30,2328
260,2328
804,2331
509,2332
876,2333
902,2335
1971,2335
1286,2336
2155,2336
599,2337
1218,2337
438,2339
2234,2339
447,2348
81,2349
60,2350
738,2353
2132,2353
6,2355
263,2355
953,2356
460,2357
1294,2359
2082,2359
331,2360
271,2361
764,2363
1786,2364
0,2365
472,2366
755,2369
187,2370
1093,2370
416,2371
556,2371
1295,2371
1517,2371
2124,2371
2119,2372
1859,2373
995,2375
8,2376
2060,2378
882,2382
1812,2382
1803,2387
58,2388
62,2388
263,2389
1715,2389
260,2390
638,2390
328,2391
2060,2391
1006,2392
2123,2392
60,2393
378,2395
1449,2395
17,2396
1462,2397
368,2398
436,2398
128,2400
2222,2403
8,2406
58,2406
1349,2407
1,2408
1569,2408
371,2411
730,2411
1847,2412
77,2414
504,2414
1364,2415
512,2416
1599,2418
430,2420
1647,2420
36,2422
3,2423
873,2423
367,2426
2132,2426
1207,2427
52,2428
2,2429
1110,2429
1718,2429
92,2430
472,2430
6,2432
36,2432
241,2433
282,2433
615,2434
186,2439
1371,2439
1627,2439
118,2440
460,2441
1567,2441
17,2442
6,2446
1339,2446
2088,2446
394,2447
17,2449
1424,2450
1445,2451
1804,2452
157,2453
5,2456
185,2457
2060,2457
1,2458
954,2458
1534,2458
2047,2458
666,2459
1576,2459
689,2461
1192,2462
730,2463
72,2464
1189,2464
46,2466
888,2466
2024,2467
797,2469
913,2469
1284,2469
263,2470
370,2470
646,2471
1838,2471
668,2472
304,2475
2014,2475
2088,2475
44,2477
1353,2477
1661,2479
1775,2481
1825,2481
2024,2481
1,2482
5,2482
764,2483
1930,2485
15,2486
1798,2486
1,2490
131,2491
1077,2491
1671,2491
0,2492
452,2493
1042,2493
1,2494
740,2495
2120,2496
2219,2499
375,2500
2471,2500
186,2501
941,2501
8,2504
15,2505
594,2508
1264,2508
494,2509
954,2510
2118,2510
78,2513
440,2513
62,2514
404,2515
1156,2517
1245,2517
1073,2518
478,2519
1156,2519
2206,2519
1550,2520
226,2521
1888,2521
3,2522
598,2522
602,2522
646,2522
359,2523
1592,2523
268,2525
427,2525
1264,2527
671,2528
630,2530
836,2530
1,2532
1470,2535
1907,2535
130,2536
64,2540
578,2542
51,2546
1368,2546
20,2547
1838,2547
344,2550
743,2551
41,2553
1775,2553
96,2557
416,2557
332,2558
332,2559
1247,2559
1866,2560
889,2561
2147,2561
8,2562
16,2562
478,2562
32,2564
381,2565
804,2565
1,2566
119,2566
1598,2566
1085,2568
266,2569
627,2569
2505,2569
3,2571
478,2571
396,2573
216,2574
406,2575
494,2576
597,2577
186,2579
804,2579
1,2580
1984,2580
1517,2583
54,2584
1804,2585
556,2586
243,2588
630,2589
1735,2590
237,2591
1319,2591
25,2594
1126,2595
32,2597
679,2597
2,2598
406,2599
568,2600
1,2601
416,2601
723,2601
1460,2601
1504,2603
120,2604
375,2604
1480,2604
26,2605
14,2606
0,2608
2359,2608
1566,2609
2183,2609
1317,2611
2521,2612
1,2613
1339,2614
1951,2614
577,2615
474,2616
446,2617
646,2618
654,2618
187,2619
1087,2619
2099,2619
0,2620
2008,2621
655,2622
940,2622
797,2625
2198,2625
30,2626
1804,2626
797,2628
20,2630
62,2630
812,2630
2176,2631
1582,2633
2060,2635
979,2636
2408,2638
2462,2638
96,2639
976,2641
344,2643
556,2646
6,2647
1803,2649
462,2650
377,2651
1087,2653
5,2654
75,2654
894,2655
1,2656
1419,2656
1845,2657
2495,2657
1459,2658
599,2659
1373,2659
2560,2659
826,2665
1900,2665
404,2667
1707,2667
5,2668
36,2668
594,2668
954,2669
2288,2669
26,2670
800,2670
2464,2670
1723,2671
372,2672
64,2674
1977,2674
90,2675
2569,2676
8,2677
639,2679
1052,2680
332,2682
2418,2682
17,2683
721,2683
449,2687
17,2689
37,2692
1870,2697
2630,2697
134,2698
119,2699
854,2699
118,2701
1,2702
352,2702
14,2704
193,2704
22,2706
486,2707
205,2708
223,2710
1399,2710
1419,2710
2202,2711
1588,2712
684,2713
744,2713
1120,2713
275,2714
25,2716
137,2716
2181,2717
126,2719
2169,2719
1133,2720
24,2721
335,2721
1574,2722
742,2723
790,2726
119,2728
164,2731
586,2732
1689,2732
1957,2732
1338,2735
1455,2735
30,2736
8,2737
332,2739
452,2739
710,2739
1427,2739
602,2742
1275,2744
2155,2745
2,2746
740,2747
2025,2748
599,2749
1563,2750
19,2754
2530,2754
1,2756
355,2756
1396,2756
1013,2757
1920,2757
2716,2758
2,2759
5,2760
6,2761
2069,2762
2528,2763
454,2764
641,2764
30,2766
226,2766
17,2767
1077,2768
381,2769
1348,2769
1445,2770
1732,2771
2,2773
2193,2775
1732,2776
608,2777
2601,2780
2,2782
2168,2782
139,2783
2306,2783
183,2784
1852,2784
1951,2784
206,2786
1073,2786
5,2788
612,2788
0,2789
206,2789
1530,2791
352,2792
36,2794
1139,2794
1978,2794
2398,2794
555,2795
5,2798
936,2798
1804,2798
26,2799
972,2799
2136,2801
91,2802
2654,2802
560,2803
2080,2803
8,2804
8,2807
64,2809
1955,2809
2024,2809
6,2810
25,2810
294,2811
26,2812
2106,2812
2452,2812
266,2813
1698,2815
1,2818
449,2818
1302,2819
556,2820
1815,2820
381,2822
1952,2822
714,2823
723,2823
74,2824
232,2824
873,2825
1377,2825
371,2826
2815,2826
1070,2828
75,2829
746,2829
1097,2829
342,2831
602,2831
711,2831
36,2832
126,2832
276,2832
615,2834
2739,2834
128,2836
804,2837
2319,2838
17,2844
313,2844
447,2844
2475,2844
128,2846
2535,2846
2,2847
1626,2847
577,2850
872,2850
2613,2850
402,2853
1732,2854
96,2855
782,2855
15,2857
1014,2857
155,2858
20,2860
804,2860
1,2861
354,2861
444,2863
1333,2863
1409,2863
46,2864
715,2864
433,2865
82,2866
735,2866
40,2867
160,2867
183,2867
737,2867
1577,2868
2758,2868
171,2869
381,2871
2441,2871
2809,2872
1300,2873
2867,2874
2335,2875
2426,2875
5,2876
342,2876
30,2877
305,2877
497,2878
2300,2878
1733,2881
510,2882
2523,2882
5,2883
1097,2883
30,2884
815,2885
39,2886
92,2886
15,2887
205,2888
490,2890
1013,2892
107,2894
425,2895
2004,2895
15,2897
17,2898
325,2898
517,2900
1222,2900
1,2901
2876,2901
135,2902
82,2903
1368,2904
243,2908
452,2908
623,2908
1,2909
395,2910
2306,2911
1747,2912
2414,2915
75,2916
371,2917
2784,2917
594,2919
1121,2920
1951,2921
2193,2922
1935,2923
689,2925
970,2925
1219,2926
2119,2927
180,2929
591,2931
104,2932
1576,2932
375,2933
1322,2935
1567,2935
17,2936
1223,2936
2124,2936
2079,2939
2152,2939
2536,2939
185,2941
1523,2942
1121,2943
2167,2943
2522,2945
360,2946
599,2949
2132,2949
1096,2950
1110,2951
1923,2953
5,2955
14,2955
1,2956
2094,2957
865,2958
62,2959
96,2961
2863,2961
16,2963
2809,2963
0,2964
15,2965
1130,2965
1534,2965
1221,2968
1465,2968
2102,2968
836,2969
517,2972
1,2973
2359,2976
2702,2979
2569,2982
2560,2985
1965,2986
873,2987
2713,2987
2723,2987
2018,2988
607,2989
1253,2989
593,2991
2776,2992
1566,2995
2665,2996
297,2999
404,3000
62,3001
305,3006
2739,3006
126,3007
297,3007
790,3007
2306,3007
2323,3007
66,3008
2008,3009
2220,3009
427,3011
924,3011
388,3013
803,3016
39,3017
804,3018
1487,3018
160,3022
416,3022
2390,3022
638,3023
854,3024
61,3025
2054,3025
2129,3025
1911,3026
332,3029
591,3030
1159,3030
1551,3031
2,3032
1963,3033
452,3034
1,3035
255,3035
354,3035
0,3037
2,3038
386,3038
194,3039
2522,3039
2001,3040
1,3042
757,3042
32,3044
1611,3044
2536,3045
2,3046
1709,3047
1097,3048
30,3049
5,3050
2613,3051
612,3052
416,3054
643,3054
2206,3055
1304,3058
194,3059
115,3060
6,3061
88,3061
715,3061
58,3062
2446,3063
128,3064
910,3065
128,3067
71,3069
77,3069
579,3069
51,3072
2794,3072
2505,3073
1895,3075
608,3077
75,3078
2853,3078
17,3079
488,3079
266,3080
781,3080
152,3081
422,3083
873,3083
434,3084
718,3084
247,3085
720,3087
704,3088
889,3088
3065,3088
1161,3089
2244,3089
2495,3089
1,3090
1709,3091
1869,3091
26,3093
505,3093
2746,3093
1,3094
668,3096
14,3101
525,3101
1137,3101
1758,3101
1834,3101
1935,3102
1604,3103
2359,3103
910,3107
1096,3107
1223,3107
3038,3107
615,3108
1301,3108
448,3113
332,3114
1448,3116
1465,3116
2036,3118
2204,3119
2901,3120
1029,3121
577,3123
1714,3124
496,3125
2522,3125
2528,3125
2551,3125
119,3128
1882,3128
14,3129
183,3130
17,3131
2917,3131
790,3132
1,3133
6,3134
1392,3136
1480,3136
1587,3136
435,3137
2832,3140
2622,3141
504,3142
332,3144
236,3145
333,3145
77,3147
1391,3148
520,3149
8,3150
3054,3152
2542,3153
449,3155
1579,3156
707,3157
1546,3157
1107,3158
1250,3158
1782,3158
1744,3160
2123,3161
2561,3162
2764,3170
5,3173
462,3173
853,3176
1532,3176
1834,3177
42,3180
37,3181
5,3182
725,3182
2561,3182
11,3185
88,3185
1391,3189
1419,3190
1488,3190
75,3192
1013,3192
15,3193
675,3193
1463,3194
2406,3194
1,3196
688,3196
2082,3196
2987,3197
612,3198
602,3200
90,3201
1785,3201
30,3203
137,3204
222,3205
2767,3205
22,3206
32,3206
1095,3207
2784,3208
2917,3208
0,3211
1714,3211
436,3212
1,3213
1277,3213
82,3214
689,3214
3064,3214
2649,3218
2395,3219
495,3220
51,3221
165,3222
2369,3222
8,3223
468,3225
1,3228
194,3230
79,3231
653,3231
1319,3233
1761,3236
1554,3237
2236,3238
2270,3238
2355,3238
680,3239
430,3243
2306,3243
3116,3243
1126,3244
1621,3245
39,3246
377,3246
1571,3248
2025,3248
322,3249
354,3249
546,3249
2222,3250
918,3251
362,3254
2710,3254
850,3255
603,3256
17,3261
1955,3262
914,3263
1359,3263
1923,3264
3067,3264
1424,3265
1399,3266
476,3267
2654,3268
936,3269
1804,3270
447,3271
1312,3271
2496,3271
1188,3272
1750,3272
1060,3273
1312,3273
62,3275
67,3275
1875,3276
44,3277
1459,3277
1738,3279
87,3280
577,3280
282,3281
305,3281
6,3283
1,3285
332,3285
1424,3287
330,3289
100,3290
1121,3290
1788,3292
2619,3292
89,3295
483,3295
755,3295
2569,3295
2748,3295
221,3296
602,3296
1265,3297
116,3298
723,3298
2047,3298
255,3299
603,3300
1,3301
3275,3301
456,3302
37,3303
1632,3303
3101,3303
1520,3304
2965,3304
1304,3305
1604,3305
2423,3305
2309,3306
66,3307
135,3307
1675,3307
6,3308
1137,3310
396,3313
742,3317
1424,3317
2728,3317
1085,3318
3045,3318
1070,3319
2432,3319
510,3320
3101,3320
332,3321
478,3323
947,3323
1155,3323
440,3324
402,3325
2001,3325
41,3326
1085,3326
170,3328
776,3328
1697,3328
1300,3330
5,3331
668,3332
319,3333
77,3336
1209,3336
496,3337
58,3339
118,3339
1342,3339
679,3341
1278,3341
505,3342
2079,3345
2,3346
216,3347
675,3347
1339,3348
1896,3349
260,3354
285,3354
1761,3354
664,3356
1005,3356
2597,3356
130,3357
72,3359
14,3361
241,3362
128,3363
275,3363
1425,3364
2477,3364
1009,3365
1914,3365
26,3367
3022,3367
1595,3369
13,3370
1241,3370
2283,3370
562,3371
460,3372
977,3373
684,3374
835,3375
15,3376
152,3377
468,3377
14,3378
1609,3378
2659,3378
2,3379
344,3379
359,3380
1,3383
716,3383
1006,3385
2786,3385
760,3386
171,3387
2922,3387
551,3388
557,3388
2301,3389
72,3390
1935,3393
3272,3393
2286,3394
75,3395
735,3395
1845,3395
337,3396
1250,3396
2728,3396
5,3398
2877,3399
760,3400
2735,3401
2388,3405
593,3407
377,3408
804,3409
2732,3410
1367,3412
1626,3413
2867,3413
1504,3415
1880,3415
3007,3416
42,3417
3219,3418
100,3419
2519,3419
275,3420
359,3420
1198,3421
1368,3421
436,3422
305,3423
627,3423
593,3427
3363,3429
100,3430
444,3430
104,3432
593,3432
77,3435
360,3435
554,3435
557,3435
3417,3435
1,3436
3000,3436
2336,3437
2387,3437
2723,3437
1,3447
2120,3448
2936,3448
1532,3449
2807,3449
2813,3449
67,3450
714,3450
1121,3451
1496,3453
702,3454
736,3454
44,3455
1290,3455
1263,3456
2746,3456
263,3457
1970,3457
2987,3458
186,3459
0,3460
1076,3461
3396,3461
1248,3462
1782,3462
2,3464
36,3464
1009,3464
41,3465
2108,3465
3263,3465
1404,3466
2101,3466
3422,3467
2119,3469
1290,3470
75,3471
6,3472
1014,3472
1419,3472
58,3475
825,3475
1760,3475
1733,3476
344,3477
2119,3478
1002,3481
1627,3481
1205,3482
2713,3482
62,3483
1,3484
17,3484
835,3484
2713,3484
26,3488
179,3488
495,3488
1690,3488
940,3492
2561,3492
41,3493
2414,3493
75,3495
1840,3495
2426,3495
496,3496
723,3496
0,3498
17,3499
1408,3500
3045,3500
1863,3502
166,3503
383,3503
1914,3503
3488,3503
3213,3504
497,3507
1308,3508
3362,3508
5,3511
77,3513
520,3513
46,3514
486,3514
680,3515
1245,3515
1579,3515
873,3518
13,3519
322,3519
1680,3519
2220,3519
46,3520
452,3520
168,3521
913,3521
1560,3523
680,3526
294,3530
2878,3530
2176,3531
168,3533
993,3533
2872,3534
1844,3535
1914,3536
3211,3536
218,3539
1263,3539
1588,3540
1679,3540
139,3541
448,3543
2175,3543
2,3546
8,3546
187,3546
2018,3548
3145,3548
939,3549
3395,3549
818,3550
371,3553
1421,3553
44,3555
3323,3556
3101,3559
58,3560
779,3560
1596,3562
945,3563
30,3564
3484,3564
296,3565
3495,3565
2204,3568
331,3569
1428,3569
2844,3569
504,3570
1173,3570
525,3571
1263,3571
416,3574
297,3577
3042,3577
51,3578
1470,3578
552,3579
2561,3579
1761,3580
3461,3581
1419,3583
1459,3583
239,3586
2228,3586
0,3587
342,3587
355,3588
612,3588
1675,3588
942,3590
1588,3591
227,3592
1308,3592
552,3594
1581,3595
2282,3596
2371,3597
41,3598
3249,3599
51,3600
1511,3600
478,3601
510,3601
1158,3601
2968,3601
2218,3603
573,3604
3477,3604
37,3605
17,3606
20,3606
75,3607
1,3608
1796,3608
2370,3608
2732,3608
484,3609
2244,3610
289,3613
72,3614
1744,3614
2844,3614
33,3615
2427,3617
206,3619
152,3620
2085,3621
3462,3621
842,3622
1187,3623
44,3624
1507,3624
242,3627
25,3630
2047,3631
3564,3631
449,3632
1128,3633
1538,3633
1721,3634
17,3637
1126,3638
2322,3638
702,3639
1425,3639
1582,3639
15,3640
2939,3640
165,3641
1041,3641
3605,3641
1505,3643
24,3644
903,3645
2240,3645
1368,3646
3638,3651
1717,3654
64,3655
1697,3655
3304,3655
2021,3656
201,3657
2936,3657
3039,3657
90,3659
186,3659
737,3659
42,3660
402,3660
1249,3660
15,3661
1207,3661
735,3662
17,3663
1952,3664
781,3665
285,3667
520,3668
44,3669
3136,3669
1173,3671
3273,3671
1126,3673
6,3674
2167,3674
755,3675
1090,3675
2328,3675
449,3676
608,3676
2175,3676
2939,3676
1,3678
476,3678
1838,3679
1,3683
1560,3683
1708,3684
1817,3686
615,3687
1137,3687
1,3690
3533,3691
75,3692
2018,3693
297,3695
1,3696
227,3696
488,3696
5,3698
515,3698
1304,3699
1515,3699
1775,3701
2559,3702
2622,3702
664,3703
3211,3703
1373,3705
62,3708
91,3708
20,3709
2331,3709
2406,3711
377,3718
17,3720
26,3723
6,3725
908,3725
1582,3725
3692,3725
242,3726
72,3728
305,3728
1259,3728
2,3730
3423,3730
33,3731
2972,3732
157,3733
119,3734
3534,3735
140,3737
1139,3738
2126,3739
1024,3741
3170,3741
715,3745
157,3746
2584,3746
72,3750
2500,3750
226,3752
679,3752
264,3754
913,3754
131,3756
1693,3757
359,3759
138,3760
974,3760
2291,3760
3190,3761
19,3763
2915,3763
226,3764
2132,3764
1496,3765
20,3769
496,3770
3701,3771
3129,3773
378,3776
3200,3776
1130,3779
847,3781
3026,3781
0,3782
1192,3782
2884,3782
1,3785
17,3787
593,3787
1487,3787
6,3788
281,3788
1465,3789
3675,3790
687,3792
1019,3792
2832,3795
3208,3797
3586,3798
2,3799
441,3799
1298,3799
4,3800
1634,3801
216,3803
1459,3805
354,3806
687,3806
2074,3806
177,3807
1511,3808
3211,3808
15,3810
1166,3810
997,3811
14,3815
328,3815
3526,3815
332,3816
3588,3817
304,3819
917,3819
1425,3820
920,3821
3519,3821
41,3822
42,3822
713,3822
1,3823
120,3824
406,3826
17,3830
438,3831
1,3832
1161,3832
3639,3832
1469,3834
2739,3834
2987,3834
918,3835
3,3836
226,3836
1721,3836
67,3837
689,3838
1686,3839
284,3841
528,3842
2768,3843
3540,3843
555,3844
41,3845
3292,3846
941,3848
75,3849
333,3849
2638,3849
135,3850
0,3851
995,3851
3279,3851
1666,3852
597,3853
1367,3854
1550,3854
737,3855
266,3857
623,3857
1246,3857
2491,3857
1359,3860
2129,3860
2206,3860
1253,3861
2202,3865
157,3866
2929,3867
3849,3867
2789,3869
907,3870
3450,3870
1052,3872
66,3873
145,3874
1002,3874
532,3875
3205,3875
628,3878
551,3887
599,3887
2495,3889
62,3892
332,3893
109,3894
1159,3894
1085,3897
155,3900
1216,3900
1744,3900
3519,3900
200,3901
1480,3903
32,3906
2,3907
2508,3907
597,3908
1259,3908
221,3909
2001,3910
1,3912
2464,3913
3857,3914
187,3916
318,3916
281,3919
346,3919
1979,3919
2067,3919
2643,3922
1412,3924
3413,3924
371,3925
79,3926
5,3927
797,3930
32,3931
1989,3931
266,3933
2477,3936
365,3938
716,3938
1253,3938
67,3939
241,3939
2784,3940
854,3941
2316,3942
3413,3943
3850,3943
358,3944
971,3944
2764,3946
1038,3947
1189,3948
427,3949
640,3949
895,3949
1247,3949
1373,3949
1817,3951
2939,3951
2989,3951
100,3952
5,3953
2782,3953
496,3954
639,3957
3396,3957
382,3958
814,3958
2459,3958
3422,3958
627,3959
1483,3961
2118,3961
2,3963
183,3963
3249,3964
460,3965
297,3966
696,3966
26,3967
1339,3967
25,3968
2477,3969
289,3970
1364,3970
81,3971
227,3971
297,3976
3354,3977
15,3978
25,3978
1554,3978
1588,3978
1540,3979
2812,3979
612,3980
663,3980
1097,3980
1286,3980
377,3981
532,3983
3072,3983
1391,3986
2630,3986
472,3987
3465,3989
332,3993
3089,3993
3101,3994
3437,3995
157,3998
1796,3998
804,3999
3578,3999
363,4000
1362,4000
2022,4000
2391,4001
2219,4004
14,4005
3119,4006
371,4009
585,4009
577,4010
3466,4010
939,4014
3836,4014
402,4017
344,4018
552,4018
3675,4019
2716,4020
3001,4020
689,4021
2382,4022
3669,4022
135,4024
416,4024
135,4025
2482,4025
3148,4028
42,4029
3669,4032
1,4033
994,4033
3190,4033
3370,4034
51,4035
1245,4036
3422,4036
1944,4038
1241,4039
3687,4039
974,4040
1952,4040
139,4041
1,4045
427,4045
248,4046
3678,4046
2867,4047
5,4048
427,4048
602,4049
247,4051
2219,4053
2475,4054
1484,4055
183,4056
1433,4056
1538,4058
96,4059
185,4059
939,4060
598,4062
2965,4063
3214,4064
15,4065
1652,4065
36,4067
394,4068
344,4069
551,4071
565,4071
2047,4071
1952,4073
3894,4073
96,4075
1228,4075
1191,4076
1834,4076
3054,4076
2776,4077
454,4078
72,4081
2943,4081
46,4082
1504,4083
1702,4083
954,4085
874,4088
406,4089
2240,4089
194,4092
496,4092
854,4094
1634,4097
2328,4097
41,4098
46,4099
455,4100
1,4101
137,4103
1265,4103
1511,4103
2287,4103
3362,4104
3129,4105
2619,4107
3633,4107
157,4108
3580,4109
716,4111
3347,4111
6,4112
237,4112
429,4115
6,4116
1536,4116
3821,4117
2,4118
2472,4118
239,4120
332,4120
12,4121
64,4121
1413,4122
2609,4122
36,4123
427,4123
1114,4123
297,4124
831,4124
1003,4125
4117,4127
130,4128
1110,4128
1309,4129
1073,4130
226,4131
15,4134
128,4134
297,4134
242,4136
14,4139
359,4139
435,4140
3821,4142
1,4143
44,4143
4120,4143
77,4144
2430,4145
3395,4145
3205,4146
14,4148
2683,4149
114,4150
371,4150
3298,4150
3339,4151
645,4152
5,4153
1367,4153
4025,4157
190,4158
1428,4158
560,4159
3192,4160
247,4161
1241,4161
352,4162
3339,4162
655,4163
165,4164
329,4166
1863,4166
2184,4166
896,4168
2643,4168
1952,4169
3983,4170
30,4175
2466,4175
41,4176
135,4176
646,4176
2393,4177
322,4178
427,4178
1002,4178
1073,4178
3850,4178
171,4179
944,4180
1633,4180
2771,4180
3630,4180
261,4181
455,4184
293,4185
0,4186
1453,4187
1126,4189
2366,4190
2,4191
119,4191
1,4192
1301,4192
1169,4193
2390,4194
4140,4194
25,4197
1496,4198
3007,4199
3377,4199
3539,4199
110,4200
135,4200
2079,4201
2316,4201
92,4203
205,4203
3031,4208
2220,4209
2322,4209
35,4210
1820,4211
41,4212
1,4214
210,4214
4000,4214
200,4217
452,4218
1087,4218
1130,4218
37,4220
735,4220
190,4222
944,4227
269,4229
3017,4229
51,4230
52,4232
72,4233
77,4234
2501,4234
30,4235
1,4236
2791,4237
1702,4238
42,4239
359,4240
1739,4240
241,4241
1977,4241
227,4243
126,4244
3233,4244
92,4245
2450,4245
3131,4245
546,4246
4192,4247
775,4248
1404,4248
3678,4248
2,4249
709,4251
1151,4251
3250,4251
4024,4251
1,4252
2748,4252
1,4253
35,4253
64,4253
836,4253
1264,4255
2244,4256
3570,4258
0,4259
688,4259
3726,4260
1187,4262
1332,4263
3614,4263
226,4264
157,4265
1210,4265
1450,4266
2828,4267
30,4268
4162,4268
109,4271
675,4271
2739,4271
2784,4271
3103,4271
3214,4271
577,4273
3357,4274
1950,4275
3389,4278
372,4279
1589,4280
781,4282
1794,4282
15,4284
1139,4284
1364,4284
4150,4284
3530,4286
3054,4288
404,4289
100,4290
1205,4291
37,4294
205,4296
3720,4297
77,4301
135,4301
2528,4303
510,4304
1319,4304
1250,4305
4289,4305
1528,4306
3534,4306
945,4307
247,4311
2767,4311
4150,4312
2936,4317
708,4321
3599,4322
1345,4323
2,4324
1070,4326
1323,4326
1335,4326
2459,4328
3032,4328
1675,4329
1923,4329
3103,4330
2643,4331
78,4332
515,4334
136,4336
30,4337
248,4337
2876,4338
1,4339
1960,4339
2939,4339
1263,4340
255,4343
861,4343
1567,4343
2472,4345
577,4348
3683,4348
26,4349
664,4350
599,4351
1304,4351
1,4352
1364,4352
1803,4353
77,4355
456,4355
1404,4355
1838,4355
4,4356
677,4356
3808,4356
126,4358
294,4359
241,4361
2866,4362
1695,4364
107,4367
478,4367
2784,4367
3129,4368
1228,4370
4083,4370
82,4374
1387,4376
51,4379
1364,4380
3495,4381
2932,4383
2316,4384
1732,4387
254,4388
3508,4388
1,4390
42,4391
1139,4391
130,4392
1714,4392
976,4393
2867,4394
4151,4394
515,4395
2206,4395
72,4396
26,4398
1192,4399
297,4400
3447,4400
2133,4402
296,4405
352,4408
3539,4408
2711,4409
1523,4410
201,4413
645,4414
157,4415
3093,4415
2357,4416
3214,4416
12,4419
17,4420
323,4420
1580,4422
77,4427
1166,4430
1289,4430
3683,4430
524,4432
37,4433
3051,4433
1867,4434
1470,4437
714,4439
3949,4439
1545,4441
2881,4441
1087,4442
4334,4443
16,4444
269,4445
1964,4445
1,4448
32,4448
90,4448
639,4448
2113,4448
75,4449
599,4449
3058,4449
377,4451
457,4451
276,4452
2683,4454
666,4455
1466,4455
5,4456
794,4456
612,4457
2114,4458
3379,4458
3054,4459
241,4461
375,4461
107,4463
689,4463
3462,4465
1954,4468
395,4470
2561,4471
1,4472
46,4475
571,4477
854,4478
2136,4478
1006,4479
91,4480
2323,4480
2600,4482
2270,4483
3272,4483
2,4485
2,4487
2674,4487
4229,4487
244,4491
2702,4491
4,4493
565,4493
2067,4495
4348,4495
22,4496
82,4497
180,4498
822,4498
3317,4502
3641,4502
371,4503
3158,4504
2319,4505
556,4506
2176,4506
455,4509
0,4510
1265,4510
1345,4510
3372,4511
41,4512
51,4512
61,4512
940,4512
4238,4512
1216,4514
1129,4516
26,4518
1049,4518
1574,4518
422,4519
2370,4519
4082,4520
1782,4523
1951,4523
2464,4523
1812,4525
2854,4525
14,4526
1322,4527
75,4528
2220,4528
3941,4528
3206,4529
1845,4530
185,4532
16,4533
17,4533
67,4533
242,4533
3553,4533
4245,4533
1911,4534
294,4536
3388,4536
3084,4537
623,4538
2517,4538
3508,4538
155,4540
4034,4540
2390,4541
1810,4542
1322,4544
1,4545
1014,4546
1752,4547
3464,4548
36,4549
0,4550
62,4551
206,4551
2577,4551
2366,4552
1766,4553
1106,4555
1817,4556
3462,4556
3549,4557
25,4559
332,4560
3675,4560
244,4561
1353,4561
3413,4561
42,4568
3194,4568
2428,4569
1,4570
220,4570
764,4570
118,4571
25,4572
14,4573
36,4573
67,4573
1331,4573
1189,4574
1364,4574
3447,4575
3838,4575
2908,4576
1532,4578
3349,4578
4549,4578
194,4581
3754,4581
640,4583
51,4584
853,4584
882,4586
2337,4586
1803,4587
4581,4587
3728,4588
1,4589
4571,4589
232,4592
853,4593
2659,4593
2863,4593
1348,4594
1518,4595
54,4596
60,4597
375,4597
1106,4597
2,4601
583,4601
1185,4601
825,4602
472,4603
3709,4603
1424,4604
3296,4606
4286,4606
2922,4611
109,4613
157,4613
2129,4613
2301,4613
4415,4613
554,4614
847,4614
3939,4617
2252,4618
4337,4618
177,4619
3145,4619
36,4620
226,4620
3007,4620
4603,4620
2094,4625
702,4627
4175,4627
71,4628
1621,4632
1128,4633
378,4634
1807,4634
110,4635
4271,4637
1319,4642
3472,4643
3157,4647
3944,4650
1098,4651
3805,4651
1804,4652
2219,4653
4076,4653
1760,4654
190,4655
1308,4656
82,4657
32,4661
2263,4661
3533,4661
718,4664
2441,4666
3865,4666
139,4667
608,4667
165,4668
4089,4668
19,4670
3136,4670
2282,4671
2560,4671
90,4672
478,4672
1066,4673
4214,4674
2802,4675
3093,4675
11,4677
155,4677
371,4677
2001,4678
15,4679
14,4685
1468,4689
977,4691
1839,4692
2477,4692
2500,4692
2915,4692
4143,4692
416,4693
918,4694
1944,4694
370,4695
1450,4695
1935,4695
1723,4697
972,4698
1723,4698
2613,4698
2496,4700
3422,4700
3601,4701
110,4703
633,4705
32,4706
1048,4708
404,4710
3578,4710
4083,4710
2490,4711
1460,4714
146,4715
100,4716
1052,4716
1170,4717
2882,4717
3304,4718
128,4719
342,4719
528,4720
2825,4720
4587,4726
3451,4728
1558,4730
2022,4731
205,4732
977,4732
3624,4732
447,4733
4253,4736
2802,4737
577,4738
2472,4740
100,4741
1114,4741
3660,4743
126,4744
395,4744
1704,4744
2391,4745
0,4746
668,4746
2654,4746
1749,4747
91,4748
1221,4748
1286,4749
4286,4749
337,4750
75,4755
128,4756
294,4756
3073,4757
3951,4757
924,4758
3504,4758
354,4760
1,4761
269,4762
1250,4762
147,4764
352,4764
4400,4766
655,4767
346,4768
4516,4768
116,4769
1808,4769
460,4770
1068,4772
4391,4773
4619,4773
25,4775
2283,4775
1870,4778
517,4779
3292,4779
3919,4779
2,4780
495,4781
391,4783
1718,4784
4694,4784
255,4785
452,4785
2861,4785
51,4786
333,4786
554,4786
139,4787
1717,4787
4284,4787
831,4788
3797,4790
936,4792
2945,4792
968,4793
2323,4793
1404,4794
4193,4795
2863,4796
82,4798
449,4798
96,4799
35,4800
1309,4800
20,4803
75,4803
89,4805
1,4807
820,4807
1205,4807
356,4808
1669,4811
116,4814
1441,4814
1747,4815
2943,4815
3695,4816
17,4817
263,4820
4140,4821
394,4823
2571,4825
2,4826
2939,4826
147,4827
220,4828
3206,4828
2945,4829
3396,4829
79,4830
670,4831
3914,4832
1817,4834
4301,4834
89,4836
1393,4838
2108,4840
42,4841
1359,4841
5,4842
460,4844
2571,4844
2969,4845
87,4846
32,4847
35,4847
2562,4847
14,4848
3944,4848
560,4849
1914,4850
2206,4850
4180,4851
310,4852
2373,4853
183,4854
4280,4854
32,4856
3114,4856
3759,4857
4076,4857
51,4858
62,4860
1930,4860
2297,4864
2996,4864
907,4868
3388,4868
37,4871
945,4871
2746,4873
3237,4873
377,4876
4710,4877
1060,4878
3586,4879
3720,4880
46,4881
599,4882
4339,4882
646,4883
1483,4883
4848,4883
165,4884
610,4884
2550,4884
3520,4885
1296,4886
2328,4886
4129,4886
778,4888
602,4889
12,4890
1455,4890
1,4893
1391,4895
2328,4896
2888,4896
89,4899
4798,4899
444,4902
456,4902
1339,4902
1151,4903
1989,4904
2895,4904
4654,4904
3832,4906
4032,4907
4120,4907
3,4909
146,4909
1058,4909
216,4911
2622,4911
3107,4911
1309,4912
1340,4913
1419,4913
1669,4913
4000,4913
206,4914
680,4915
1546,4915
1323,4916
2650,4916
2060,4917
953,4918
1747,4918
1840,4918
2260,4918
565,4919
1800,4919
1076,4920
4836,4920
620,4921
3924,4922
1839,4923
2120,4923
3302,4923
435,4926
2335,4926
327,4928
1546,4931
5,4932
556,4932
657,4932
1875,4932
4243,4935
2936,4937
3365,4937
1726,4938
3782,4938
941,4939
1744,4940
3523,4940
476,4941
60,4942
244,4942
1808,4942
239,4946
1847,4946
2244,4946
2264,4946
155,4947
1374,4947
1309,4948
155,4950
521,4951
2288,4951
128,4952
755,4952
3839,4952
263,4954
3447,4954
1,4957
2149,4957
116,4958
152,4958
873,4958
1188,4958
3045,4958
30,4960
3953,4960
1228,4961
2061,4962
872,4963
684,4964
92,4965
2910,4965
627,4966
1632,4968
1747,4968
3461,4968
670,4969
4121,4969
177,4970
579,4971
1060,4971
2056,4971
4461,4972
269,4974
552,4975
3389,4978
3475,4978
529,4979
3770,4979
395,4980
873,4980
4873,4981
3042,4982
62,4983
1151,4984
2522,4984
4935,4984
1265,4985
4883,4985
1670,4986
4798,4986
3,4987
227,4989
2357,4989
3023,4990
1702,4992
4594,4993
2540,4994
3599,4995
3936,4995
874,4996
4573,4996
30,4997
982,4997
1364,4997
1428,4998
800,5000
2726,5000
82,5001
2561,5002
186,5003
3437,5005
3462,5007
4512,5007
1372,5008
3894,5008
190,5010
166,5011
2319,5012
1690,5014
2366,5014
3461,5014
2206,5015
3788,5015
873,5016
552,5017
1110,5018
2786,5018
100,5019
4065,5019
3375,5020
3413,5020
478,5021
731,5021
940,5021
77,5022
4853,5022
2056,5023
1,5024
64,5026
1735,5026
1869,5026
3323,5026
4400,5026
5,5027
1009,5029
165,5031
1744,5031
42,5032
726,5032
2244,5032
3155,5034
2939,5035
4762,5035
185,5037
1717,5037
646,5038
77,5039
14,5040
4230,5040
143,5042
269,5042
579,5042
615,5042
119,5047
1800,5047
20,5048
3129,5048
1810,5049
4583,5049
5,5050
335,5051
1302,5051
679,5052
4123,5052
1,5053
32,5056
2559,5056
6,5057
3362,5057
4120,5057
406,5059
534,5059
3745,5060
1450,5061
3503,5061
6,5064
1717,5065
3815,5065
3943,5065
1258,5067
1423,5068
22,5069
821,5071
2222,5072
1390,5074
1058,5075
2674,5080
1339,5081
2414,5081
3857,5082
17,5084
165,5084
3660,5084
1156,5086
434,5087
4352,5089
3136,5090
3150,5090
41,5091
1,5092
3211,5093
406,5094
2636,5094
44,5095
2136,5095
3347,5095
1634,5096
2470,5096
4971,5096
1421,5097
90,5098
4667,5100
30,5101
0,5103
3238,5104
1213,5110
1975,5111
1,5113
1169,5114
4743,5114
298,5115
3039,5115
2316,5116
1,5118
3116,5119
633,5121
2674,5122
3938,5122
40,5124
2,5125
2968,5125
30,5126
684,5127
2639,5127
3214,5127
422,5128
552,5129
1867,5130
3745,5130
305,5135
2568,5138
2403,5140
51,5141
1189,5141
4271,5141
2418,5143
165,5144
44,5146
2597,5146
267,5147
3832,5148
2309,5151
4118,5151
1009,5152
35,5153
371,5153
266,5154
1551,5154
2275,5154
1,5155
992,5157
0,5159
978,5160
2331,5160
2499,5161
90,5162
1022,5162
3238,5162
333,5163
906,5163
354,5164
3254,5164
740,5165
1588,5165
1867,5165
2522,5167
466,5172
190,5175
1751,5177
1047,5180
2001,5181
803,5183
2,5186
157,5186
908,5186
1129,5187
1852,5188
726,5192
3763,5192
3835,5192
638,5193
422,5194
4733,5194
4968,5194
2,5195
1954,5196
14,5198
638,5203
882,5205
41,5206
120,5206
799,5214
91,5215
4512,5215
4583,5216
452,5218
1847,5218
37,5219
3599,5219
3855,5220
37,5221
2395,5221
41,5222
560,5223
4150,5224
4575,5224
2001,5226
58,5230
2633,5230
1024,5231
4773,5231
4581,5233
178,5234
0,5236
4795,5236
5057,5236
92,5237
4463,5243
435,5244
3720,5244
5110,5244
1,5245
1278,5245
1627,5248
1838,5250
1914,5250
495,5251
586,5251
2441,5252
908,5253
1076,5254
359,5256
664,5256
1817,5258
4399,5258
720,5259
362,5261
92,5262
325,5262
2654,5263
3305,5263
684,5264
1427,5265
3601,5265
496,5266
3045,5269
4916,5272
1010,5273
3823,5274
2390,5275
137,5277
186,5277
3307,5278
5187,5279
3519,5281
3488,5282
30,5285
3313,5285
4040,5285
183,5288
1369,5291
1076,5293
2459,5293
3900,5296
3,5298
6,5298
2,5299
825,5299
90,5300
377,5303
560,5303
1009,5303
1900,5304
3754,5304
179,5308
1250,5308
3341,5309
3958,5309
359,5310
3447,5314
2243,5315
62,5318
193,5318
2585,5319
46,5320
890,5325
2964,5325
41,5326
1652,5327
2119,5327
560,5328
2606,5331
4448,5331
243,5332
778,5333
1362,5334
2921,5334
1532,5335
1885,5335
1,5336
152,5336
1810,5336
4192,5337
564,5339
612,5340
1673,5342
715,5343
2606,5343
1817,5344
59,5345
3587,5346
1863,5347
4161,5348
30,5353
577,5353
4528,5353
2603,5356
855,5357
1,5358
2260,5358
552,5359
36,5361
1414,5361
1470,5361
201,5362
180,5363
954,5363
1155,5363
1235,5364
1718,5364
2213,5364
35,5365
2061,5365
3782,5367
1289,5368
4051,5368
979,5369
3016,5369
232,5370
1673,5370
3206,5370
1077,5372
2735,5372
4103,5374
402,5375
3683,5377
3683,5378
3946,5379
872,5380
0,5381
3,5381
2,5385
3437,5385
61,5388
591,5388
2446,5388
3606,5388
4395,5389
4798,5389
116,5390
844,5390
1969,5390
2322,5390
3993,5390
4116,5390
1126,5391
3843,5391
5298,5391
476,5392
2222,5392
42,5394
4338,5395
164,5397
1935,5397
75,5398
4235,5399
4596,5399
24,5400
3745,5400
1627,5401
20,5402
435,5402
375,5404
4123,5405
5094,5405
186,5406
139,5410
4,5411
297,5411
1958,5412
2079,5413
646,5414
2321,5417
4000,5417
495,5418
1367,5418
655,5419
2316,5419
3103,5420
17,5421
4794,5422
1349,5423
615,5424
3660,5424
2171,5425
2761,5425
427,5426
30,5428
1033,5428
3249,5428
4227,5428
4694,5429
668,5430
4059,5431
4654,5431
522,5432
972,5432
1984,5432
3875,5432
854,5437
2370,5437
1077,5439
3357,5441
3867,5441
92,5442
275,5443
3832,5443
1877,5444
4942,5444
2198,5446
2500,5446
3422,5446
60,5447
5141,5448
135,5450
630,5452
183,5453
2204,5453
243,5454
393,5454
2614,5454
2125,5455
250,5456
266,5456
2206,5457
2716,5457
3361,5458
5074,5459
936,5461
1,5463
1241,5463
3675,5464
2074,5465
1747,5466
2936,5470
5385,5470
44,5471
2049,5471
3372,5472
1404,5475
2240,5475
3330,5475
735,5476
2692,5476
4983,5476
377,5479
1129,5479
155,5480
220,5481
638,5481
90,5482
449,5485
3857,5485
5245,5485
1121,5486
237,5487
294,5487
1521,5487
2482,5487
37,5488
5487,5490
155,5491
2204,5491
4551,5492
3379,5493
3578,5493
4614,5495
642,5496
2863,5496
2060,5497
1161,5498
2179,5498
3396,5498
1596,5499
4451,5501
3009,5502
1,5503
2496,5504
1218,5506
2067,5506
4787,5507
597,5512
4151,5512
1263,5514
1294,5514
4907,5514
2016,5515
4571,5515
3978,5519
17,5520
1723,5521
2457,5521
3093,5521
853,5524
1669,5524
4811,5524
0,5526
4654,5527
2,5532
5147,5533
25,5534
696,5534
1520,5534
1786,5535
3661,5535
2095,5536
5042,5536
14,5537
452,5537
929,5537
2669,5537
4139,5537
62,5539
3860,5542
3546,5543
3565,5543
13,5544
2299,5544
4946,5544
1110,5545
1923,5546
2471,5548
237,5550
515,5550
1248,5550
2056,5550
3603,5550
218,5552
483,5553
1245,5553
3592,5554
4593,5555
118,5559
724,5559
186,5560
350,5562
2485,5562
180,5563
46,5564
5074,5564
17,5567
3900,5567
3087,5568
260,5570
577,5570
6,5572
2791,5572
5555,5573
6,5574
4764,5574
3339,5575
2617,5577
284,5578
1863,5579
2875,5581
4230,5581
908,5582
515,5583
704,5584
331,5585
5012,5585
17,5586
1587,5586
4409,5586
36,5587
4551,5587
17,5588
180,5590
216,5590
285,5591
3310,5591
1085,5592
2519,5592
3850,5593
201,5596
1989,5596
14,5597
61,5597
586,5597
3413,5597
110,5599
778,5600
2001,5601
352,5602
4588,5603
4743,5604
1114,5605
523,5606
3980,5606
1646,5607
2008,5608
5453,5610
550,5611
1209,5611
4461,5611
5369,5611
2,5612
3806,5613
100,5614
4764,5614
2878,5616
1,5618
255,5618
5138,5618
5334,5618
781,5619
383,5621
1460,5621
194,5622
2036,5622
4296,5622
671,5623
2876,5630
1,5632
3140,5632
1085,5636
2477,5636
416,5637
2784,5637
1259,5638
35,5639
3281,5643
3897,5643
0,5644
1,5644
3367,5644
2059,5645
2867,5647
615,5648
1002,5648
1957,5648
1,5649
1,5650
36,5650
5231,5652
0,5654
3639,5654
5363,5654
680,5656
3201,5656
1963,5657
152,5658
635,5659
679,5659
940,5660
1977,5660
14,5661
1209,5661
1,5662
60,5662
1554,5663
242,5670
354,5671
478,5671
75,5672
2426,5672
495,5673
180,5674
737,5675
2639,5676
2813,5676
1280,5677
598,5678
592,5682
5048,5682
152,5684
4902,5685
5269,5686
1914,5687
5421,5687
1043,5688
1300,5689
2921,5690
5672,5690
152,5691
14,5692
5521,5692
3659,5693
908,5695
4085,5695
462,5697
3119,5700
3255,5703
5,5709
602,5709
5420,5709
623,5710
3302,5710
202,5711
560,5711
5388,5711
790,5712
1354,5713
42,5714
3630,5715
4083,5716
4532,5716
51,5718
4209,5718
135,5720
1345,5720
2784,5720
17,5721
4518,5721
2682,5722
3318,5722
5,5723
4399,5725
1,5726
75,5726
90,5726
297,5726
517,5728
851,5728
26,5729
1563,5730
1,5731
2528,5731
2,5735
130,5736
2500,5737
243,5739
462,5739
72,5741
425,5741
3639,5741
5532,5742
216,5744
4075,5746
268,5747
4055,5747
5064,5747
8,5750
684,5751
972,5752
2287,5752
26,5754
227,5754
720,5756
242,5759
2378,5760
522,5761
612,5761
779,5761
2895,5765
39,5766
646,5767
3865,5767
597,5770
1870,5770
46,5773
5372,5773
2784,5774
59,5776
15,5777
44,5777
434,5777
882,5777
1,5779
3482,5779
5447,5779
2475,5781
100,5782
1348,5782
1,5783
577,5790
17,5792
4452,5794
826,5796
3219,5796
2283,5799
42,5802
1733,5802
72,5804
763,5804
5115,5804
2016,5806
218,5807
0,5809
3093,5809
8,5810
202,5810
100,5811
1,5812
487,5813
2302,5813
4583,5814
1203,5816
155,5818
1533,5819
356,5820
226,5821
61,5822
2432,5822
4716,5822
5711,5822
1871,5823
60,5827
4884,5827
152,5828
226,5828
520,5828
836,5828
1914,5828
30,5829
427,5829
3815,5831
4589,5831
4274,5832
157,5833
612,5836
2387,5839
135,5840
2500,5840
1690,5841
5622,5841
40,5844
5,5845
6,5846
3683,5847
5844,5848
1835,5849
5,5850
14,5850
5226,5850
4355,5854
255,5856
797,5856
2735,5856
3943,5856
4878,5857
3878,5858
715,5859
1046,5860
4352,5860
128,5861
4706,5867
5546,5867
155,5871
64,5873
3124,5875
3266,5878
178,5880
4918,5883
2114,5884
5672,5885
77,5886
241,5886
2739,5886
3272,5888
59,5889
5231,5891
1137,5892
1869,5892
3214,5892
979,5893
3307,5894
32,5895
1345,5895
4143,5896
3190,5897
3564,5898
3687,5898
4919,5899
2669,5900
4603,5900
2,5902
24,5903
1817,5903
4960,5903
5005,5903
412,5905
4744,5905
1834,5909
2176,5909
3330,5910
1085,5912
2220,5912
2233,5913
752,5914
3953,5916
17,5917
296,5918
5671,5918
152,5919
3568,5921
1534,5922
3555,5922
5412,5922
4922,5924
62,5925
2613,5925
3396,5925
325,5926
3034,5926
359,5929
1319,5929
910,5930
2955,5931
44,5932
46,5932
2430,5933
3273,5933
5931,5933
680,5935
202,5936
1368,5936
2220,5936
3817,5936
57,5939
1845,5940
2183,5940
2867,5940
3354,5940
6,5942
226,5942
51,5944
64,5945
354,5945
4289,5945
478,5947
4408,5947
1695,5948
41,5949
1137,5949
1,5950
2,5950
627,5950
2706,5950
736,5951
1423,5952
5042,5952
953,5953
1096,5954
239,5955
504,5955
2477,5955
4512,5955
1,5956
24,5957
457,5957
1512,5957
1517,5957
4589,5957
936,5958
4064,5960
1063,5961
41,5962
3912,5965
237,5967
96,5969
269,5971
0,5973
60,5974
2,5976
3054,5976
4480,5977
4367,5978
4941,5978
3788,5979
5042,5979
5425,5979
4145,5981
678,5982
1096,5983
278,5984
1598,5985
2877,5985
62,5986
2004,5987
2747,5988
4618,5988
599,5990
3639,5991
110,5994
2024,5994
5560,5996
1512,5997
1465,5998
3354,5999
3249,6001
4570,6002
2869,6003
5110,6003
3045,6004
4951,6005
577,6008
641,6008
186,6010
1459,6011
1492,6015
143,6017
552,6018
2355,6018
3447,6018
91,6019
3640,6020
269,6021
2883,6021
723,6023
5,6024
591,6024
974,6025
1156,6026
1367,6029
5572,6033
1,6034
155,6035
3435,6035
2477,6036
5001,6036
115,6039
356,6041
3549,6041
4807,6041
15,6044
1042,6047
4214,6047
3254,6049
1216,6050
30,6051
999,6051
1087,6054
1424,6055
5162,6055
152,6056
486,6056
2106,6056
2745,6056
721,6057
2244,6057
809,6058
2060,6058
3341,6058
3621,6058
152,6059
223,6059
2067,6059
2301,6062
4915,6064
2654,6065
36,6066
1536,6066
1,6067
165,6067
2429,6068
2799,6068
1951,6069
556,6072
5377,6072
1248,6073
4190,6073
1222,6074
128,6075
51,6078
393,6080
460,6080
1498,6081
746,6082
874,6083
5820,6083
3462,6084
5074,6085
2,6086
1422,6086
5591,6086
0,6088
2060,6088
1447,6089
4055,6090
5,6092
2867,6092
4775,6093
1424,6096
3061,6096
6051,6098
1723,6100
14,6101
2525,6101
1,6102
104,6102
655,6102
2698,6102
1459,6105
3815,6105
165,6106
135,6107
3608,6107
2668,6108
1246,6109
5026,6110
3484,6111
3968,6112
5432,6113
1958,6115
58,6116
69,6116
2,6117
736,6117
2126,6118
5840,6118
5895,6118
5091,6119
325,6120
14,6121
51,6122
78,6122
505,6122
354,6123
2710,6123
2838,6123
5,6127
818,6127
865,6127
3683,6128
5141,6128
92,6129
1388,6129
2300,6129
36,6131
835,6132
3675,6132
1,6134
599,6135
5639,6135
4620,6136
610,6139
1232,6140
4256,6142
1198,6143
585,6144
3530,6144
2144,6145
3966,6145
4150,6146
3437,6147
164,6148
352,6148
46,6152
194,6152
4868,6154
5932,6155
3,6156
3421,6156
4271,6158
5121,6158
5214,6158
241,6161
301,6161
4732,6161
5223,6162
5586,6162
532,6163
4957,6163
305,6167
110,6168
520,6169
5320,6170
3764,6171
2878,6172
5572,6173
1974,6174
591,6175
216,6177
903,6177
882,6178
446,6179
598,6181
165,6182
577,6182
3089,6182
615,6183
1246,6183
3638,6183
874,6185
1896,6185
5960,6185
4573,6186
2575,6189
3583,6189
1611,6190
388,6191
5,6194
6,6196
119,6196
1698,6196
8,6197
17,6198
3390,6199
4536,6199
5691,6201
362,6202
2608,6208
3488,6208
5097,6208
444,6210
1076,6210
3130,6212
742,6213
1824,6213
91,6214
615,6214
615,6215
509,6217
5889,6217
90,6218
2426,6218
2371,6219
11,6220
2195,6220
30,6221
2007,6221
5956,6221
512,6222
1419,6222
3324,6222
1954,6224
110,6225
2325,6225
4022,6226
1221,6227
1241,6227
2108,6230
4614,6231
76,6233
1845,6234
4738,6235
3379,6236
19,6237
1009,6239
1130,6239
1935,6239
0,6243
6017,6244
1302,6245
1247,6247
1,6248
1665,6248
2723,6251
2432,6252
5067,6252
119,6253
447,6253
3390,6253
3993,6253
941,6255
3077,6256
4040,6258
1977,6260
5951,6261
494,6264
363,6266
25,6267
3396,6267
435,6268
155,6269
1058,6269
2101,6269
4593,6269
4075,6270
4766,6274
2130,6277
4289,6277
5263,6277
5779,6277
468,6278
1825,6278
3976,6278
318,6279
330,6279
4918,6279
1107,6280
1191,6281
1588,6282
2108,6282
171,6283
2393,6283
78,6285
1812,6285
2697,6286
4601,6288
4807,6288
1295,6291
3089,6292
2784,6296
5845,6296
2319,6297
5244,6297
2735,6298
4757,6300
218,6301
1875,6301
4143,6302
3,6304
1814,6306
3759,6309
6029,6310
2759,6312
3065,6314
1504,6316
4085,6319
2657,6320
6210,6326
297,6329
2278,6330
5003,6330
6162,6330
591,6332
523,6333
1413,6333
114,6334
3966,6334
2001,6335
152,6337
460,6337
5,6338
2638,6340
325,6343
177,6346
4051,6347
1187,6349
1869,6349
2229,6349
2371,6349
41,6351
4917,6352
4337,6353
3900,6354
5037,6355
4647,6356
6128,6356
190,6358
1919,6362
2355,6363
296,6364
741,6364
17,6366
6,6371
496,6372
1308,6372
1241,6373
3264,6374
5361,6374
35,6375
139,6376
1433,6376
3519,6376
4352,6379
1325,6382
2024,6384
4556,6384
977,6385
17,6390
2706,6390
4241,6392
5187,6392
688,6393
4957,6393
0,6394
1576,6394
4252,6395
4307,6395
147,6396
408,6396
877,6398
8,6400
205,6401
4516,6401
2132,6403
2126,6405
2989,6405
639,6406
1114,6410
4922,6412
13,6413
2789,6413
1019,6414
1,6418
2198,6418
3601,6418
4150,6419
51,6420
5682,6421
386,6424
433,6425
1085,6426
5095,6426
92,6427
853,6427
5244,6427
1815,6430
17,6432
4301,6432
5224,6432
3861,6434
2370,6439
1723,6440
3180,6441
3031,6442
4537,6442
3354,6443
2336,6448
1189,6449
92,6451
276,6451
1355,6451
2812,6451
6439,6451
2917,6452
323,6453
517,6455
1424,6456
1708,6456
3134,6457
4162,6457
1,6462
4692,6465
6054,6467
583,6470
5405,6470
2038,6471
460,6474
1286,6474
2359,6474
5428,6475
451,6476
1480,6476
3103,6476
62,6477
3570,6477
183,6478
510,6479
5017,6479
3951,6480
5421,6481
2501,6483
3760,6483
6035,6483
4795,6484
332,6485
375,6488
126,6489
2283,6489
2364,6489
5222,6489
5164,6490
6218,6490
3390,6491
174,6492
1441,6492
3231,6492
71,6493
486,6493
1944,6494
4019,6495
3083,6496
15,6497
3797,6497
4121,6497
116,6498
5218,6498
1,6499
3219,6499
171,6500
5048,6500
5988,6500
1845,6504
377,6506
574,6506
305,6507
5071,6507
1198,6508
2014,6508
3831,6510
740,6512
1465,6512
3759,6513
5096,6513
2801,6517
2958,6517
6156,6518
1013,6519
2670,6519
5537,6519
2858,6520
6132,6521
35,6523
1137,6523
1198,6523
67,6524
4085,6524
5776,6524
517,6526
3609,6526
1059,6527
6493,6527
1,6528
1294,6528
979,6529
416,6530
6267,6530
2466,6531
3966,6531
3639,6533
5,6536
2056,6538
2155,6539
248,6540
497,6540
2133,6540
1394,6541
5559,6542
128,6543
3678,6543
950,6544
2475,6545
3963,6546
1596,6547
30,6550
2206,6551
4601,6551
370,6553
116,6555
165,6555
2382,6555
5546,6556
3655,6559
1950,6560
4703,6560
5003,6560
1245,6562
2395,6562
941,6563
2464,6564
2630,6565
4935,6566
3419,6568
1372,6569
5951,6569
1576,6570
3079,6572
737,6574
4757,6575
4886,6575
3462,6576
5061,6576
755,6577
436,6578
2,6580
3730,6580
4693,6581
760,6583
5095,6585
1,6586
1470,6586
6326,6586
6493,6586
6358,6587
3430,6589
3503,6590
4248,6591
6033,6591
487,6592
36,6593
2086,6593
2958,6593
6252,6594
35,6595
655,6595
455,6596
4120,6598
4672,6600
375,6602
6,6603
6523,6603
360,6604
3107,6605
4661,6605
4708,6606
1448,6607
368,6609
1413,6609
874,6612
2892,6613
2278,6615
3963,6615
14,6616
462,6620
2746,6621
524,6623
1097,6623
454,6624
3417,6624
4083,6624
6358,6624
297,6626
4326,6626
6222,6626
3698,6627
4601,6627
2018,6629
2670,6629
4415,6631
4570,6631
4253,6632
3362,6634
90,6637
1191,6640
941,6645
8,6648
247,6648
305,6648
2464,6648
779,6649
4942,6650
6056,6650
560,6651
882,6651
3182,6651
4198,6653
2271,6655
1,6657
2278,6657
4449,6657
452,6659
2514,6661
3503,6662
3292,6665
6531,6666
2202,6667
1581,6670
716,6671
2335,6672
6546,6673
5056,6674
1110,6675
177,6677
2325,6677
3588,6677
939,6678
560,6681
2297,6682
4536,6682
72,6683
371,6684
1,6686
2206,6686
1253,6687
4516,6687
190,6688
510,6690
16,6691
2371,6691
2546,6695
3555,6695
135,6696
155,6696
829,6696
157,6697
416,6697
2067,6697
15,6698
1717,6698
116,6700
4251,6700
46,6701
716,6701
36,6704
826,6705
1167,6705
135,6706
247,6707
5037,6708
332,6710
476,6710
763,6711
1851,6711
3980,6711
78,6712
5586,6712
992,6713
1387,6713
2323,6713
2491,6713
284,6714
528,6715
1504,6716
2650,6716
455,6717
504,6718
1,6720
41,6720
1301,6720
4390,6720
842,6721
3080,6721
4055,6721
565,6722
2464,6722
260,6724
4960,6725
5553,6726
5828,6727
41,6728
1009,6729
416,6730
668,6733
6047,6733
185,6734
89,6735
438,6739
6102,6741
74,6743
6,6747
2535,6747
4512,6747
1185,6748
3683,6748
0,6750
1246,6750
254,6753
133,6754
2299,6754
5903,6755
1223,6757
4746,6757
440,6758
763,6759
168,6760
2202,6760
940,6762
2206,6763
6127,6763
416,6764
684,6764
3357,6764
5,6765
5536,6766
4229,6767
3760,6768
6147,6769
6156,6769
6498,6769
4972,6772
1019,6773
1387,6773
1359,6774
2748,6774
5,6775
435,6775
3158,6779
4561,6780
5304,6780
4009,6781
652,6782
3238,6783
602,6784
1130,6784
2614,6784
222,6787
51,6788
1634,6788
2,6789
3894,6789
5048,6790
85,6791
510,6791
3357,6791
5841,6791
4595,6792
51,6793
2067,6793
1989,6797
17,6798
1391,6798
1929,6798
6440,6799
2423,6800
2169,6801
354,6802
3018,6802
6651,6804
3838,6805
3730,6806
4978,6806
5976,6807
4746,6808
6105,6808
1,6809
46,6809
2508,6809
2366,6810
6556,6812
1782,6814
5499,6817
579,6820
5325,6820
454,6821
1,6822
5,6822
6,6823
1827,6824
560,6825
5917,6825
2500,6826
4198,6827
1052,6828
6393,6828
3007,6829
5417,6830
178,6831
1198,6832
6662,6832
502,6833
2536,6835
2759,6836
2194,6838
8,6839
118,6839
2132,6839
2,6842
3553,6842
105,6843
6019,6844
2923,6845
135,6848
3396,6848
96,6850
5160,6850
873,6851
1099,6851
6252,6851
1247,6854
3983,6855
281,6856
947,6856
5215,6856
164,6857
839,6857
2939,6857
528,6858
1462,6858
3378,6858
6857,6858
264,6860
1348,6860
2018,6863
4,6865
1869,6865
14,6867
1470,6867
6769,6867
1309,6869
6384,6871
1,6872
2863,6873
5942,6874
14,6877
3669,6877
5636,6878
918,6879
72,6880
726,6881
4245,6886
603,6887
297,6888
375,6888
75,6890
2176,6894
4186,6894
4670,6894
2477,6896
1265,6898
4343,6898
5591,6899
139,6904
4343,6904
4710,6905
8,6907
6871,6907
497,6909
3157,6909
3860,6911
2018,6913
6580,6913
62,6914
1969,6914
4714,6914
6116,6914
2766,6915
452,6918
2086,6918
3349,6918
4415,6920
5892,6920
20,6921
1,6923
1137,6923
3219,6928
2972,6929
1348,6932
59,6933
2204,6934
3838,6934
183,6937
14,6939
4548,6939
100,6940
6802,6942
32,6943
1013,6943
952,6946
6066,6947
331,6949
24,6954
2482,6954
2,6955
5274,6957
3,6958
51,6958
1161,6958
1863,6958
6088,6958
51,6959
1110,6959
75,6960
718,6961
947,6962
3318,6962
6943,6962
2446,6963
5400,6963
2398,6965
2,6968
727,6968
1453,6968
185,6969
654,6969
104,6970
157,6970
4695,6970
5607,6970
146,6971
2004,6972
5886,6973
4128,6974
4705,6974
6489,6975
3437,6978
668,6980
1686,6984
415,6986
3123,6988
71,6989
779,6989
5689,6989
804,6990
831,6990
1265,6990
4825,6990
4634,6991
2007,6992
3150,6992
137,6993
1396,6995
1121,6996
1130,6997
2612,6998
2243,6999
2496,6999
2976,6999
5347,6999
402,7001
146,7002
2932,7002
4169,7003
5138,7003
15,7004
2477,7004
3465,7004
1474,7005
2,7008
1742,7010
1930,7010
1154,7011
3976,7011
4523,7012
17,7014
20,7014
1505,7016
918,7018
495,7021
2300,7022
4356,7022
7016,7024
0,7025
3851,7026
4162,7026
4581,7026
1870,7029
6248,7029
2961,7030
3687,7031
1259,7033
46,7034
360,7034
594,7035
2669,7037
3819,7037
116,7038
4516,7039
5359,7039
433,7040
6602,7040
1733,7042
877,7043
130,7045
510,7046
3190,7046
6051,7046
1189,7047
5205,7048
20,7049
6333,7050
6337,7050
6189,7051
1055,7052
1191,7052
6857,7052
2561,7053
220,7054
2315,7054
2749,7054
3595,7054
735,7055
119,7057
2004,7059
5491,7059
4958,7061
449,7062
3302,7062
2617,7063
3025,7063
6498,7064
180,7066
836,7068
2867,7070
5432,7071
2757,7072
3709,7072
4788,7073
126,7074
3193,7074
478,7077
2184,7077
670,7078
4454,7078
6575,7079
5822,7080
6222,7080
5481,7083
1901,7084
2,7085
940,7085
1008,7086
1278,7086
444,7087
1253,7087
352,7090
2282,7090
4951,7090
332,7091
898,7093
6154,7096
193,7097
728,7100
0,7101
6575,7101
4775,7102
3821,7103
3569,7105
3678,7106
5950,7106
6527,7106
3993,7110
790,7111
993,7111
2876,7112
3275,7114
90,7115
2156,7115
5037,7115
242,7116
2807,7116
6131,7116
6696,7116
35,7117
1419,7117
6158,7117
42,7118
2319,7119
300,7125
7002,7126
6033,7127
447,7128
3609,7128
5550,7128
1611,7129
2441,7131
218,7133
557,7133
1666,7133
193,7138
996,7138
5417,7138
1368,7139
155,7140
640,7140
1799,7141
4150,7142
4873,7142
6963,7143
724,7144
3797,7147
1060,7149
2491,7149
3039,7149
5,7153
371,7155
1563,7156
75,7157
908,7159
6208,7159
7034,7159
707,7162
3072,7162
15,7163
1453,7164
6451,7164
5285,7165
1014,7167
5372,7167
5737,7167
790,7168
2244,7170
6274,7172
362,7174
5392,7174
371,7175
813,7177
1255,7178
3488,7178
2222,7180
1408,7181
1863,7182
690,7184
1,7185
2300,7185
1300,7186
5337,7186
74,7187
171,7187
6236,7188
1930,7189
75,7190
1448,7191
8,7192
2446,7192
164,7193
594,7193
504,7195
1732,7195
3040,7195
17,7196
1951,7197
3608,7198
2022,7199
2055,7200
5578,7200
37,7201
7172,7201
35,7202
3372,7203
2198,7204
4581,7207
7016,7208
1205,7212
1470,7212
70,7214
116,7214
1219,7214
46,7215
275,7215
2517,7215
568,7216
3931,7216
82,7217
2656,7219
6591,7221
6997,7224
584,7225
2371,7225
3219,7226
2101,7227
4271,7227
5008,7227
3456,7228
5205,7228
42,7229
4878,7229
6088,7229
3983,7230
4312,7230
462,7231
5632,7233
130,7234
6171,7238
404,7241
8,7242
6226,7242
602,7243
4618,7243
791,7244
5492,7245
2968,7246
5111,7246
3502,7248
2844,7249
5582,7250
6011,7250
375,7251
4826,7252
2,7253
2008,7254
5777,7256
4108,7258
1963,7261
5781,7261
586,7262
5903,7262
32,7263
1465,7264
6830,7264
615,7265
6661,7265
1035,7266
3,7267
825,7267
1106,7267
2550,7269
724,7270
1880,7272
377,7273
779,7273
2810,7274
1745,7275
3423,7277
69,7279
680,7281
2299,7281
3472,7281
3947,7281
4692,7281
5379,7281
88,7282
218,7282
1627,7283
6954,7285
898,7287
3521,7287
5485,7287
5,7288
4186,7288
4236,7289
266,7290
282,7291
1387,7291
6602,7294
1709,7295
2496,7295
7086,7295
16,7296
755,7296
1060,7297
1218,7297
4773,7297
62,7300
2732,7301
4151,7301
4614,7303
4160,7304
3145,7305
3797,7305
1342,7306
615,7307
6524,7307
6366,7308
4236,7311
96,7313
2749,7313
4410,7314
3375,7316
6672,7316
5586,7317
6358,7317
6655,7317
1869,7319
452,7320
709,7322
242,7324
5453,7325
3007,7326
205,7327
1413,7327
191,7328
1825,7331
3839,7331
2130,7333
2283,7333
5162,7333
778,7335
32,7338
2547,7338
2710,7339
5263,7339
564,7341
2713,7341
7062,7341
4990,7343
1958,7344
528,7348
488,7349
5047,7349
7016,7351
825,7352
1396,7353
5353,7353
599,7355
1087,7356
6231,7356
62,7357
1460,7357
6080,7357
6419,7357
4744,7358
670,7359
0,7361
1126,7361
3264,7361
5110,7361
6968,7362
226,7363
3860,7364
362,7365
5796,7366
72,7368
6828,7368
62,7369
332,7369
404,7370
4745,7370
4952,7370
641,7372
4040,7372
1353,7374
4551,7374
3467,7375
3503,7375
4326,7375
6251,7376
940,7379
5390,7379
226,7380
3912,7380
5945,7380
3907,7384
20,7385
26,7385
1100,7385
6576,7386
2208,7387
714,7388
41,7390
131,7391
6371,7395
812,7397
7313,7400
1,7401
640,7403
4589,7403
4545,7405
612,7406
5822,7409
1518,7410
486,7413
552,7413
7175,7415
375,7417
5162,7417
2439,7420
2,7423
1665,7423
3437,7423
2613,7426
5643,7426
2726,7427
1487,7428
684,7429
1087,7431
5721,7432
64,7433
5487,7433
2,7434
157,7435
6523,7436
577,7437
25,7438
157,7439
3640,7440
4248,7440
4456,7442
75,7446
971,7446
3508,7451
635,7454
436,7455
4495,7455
2900,7457
1209,7459
1652,7459
7281,7459
5418,7461
7250,7461
5388,7464
6221,7464
3484,7465
3569,7466
5962,7466
740,7467
1331,7467
3792,7467
829,7469
7301,7469
4618,7470
2520,7471
1286,7474
5405,7474
3638,7475
375,7477
276,7478
1704,7478
1265,7479
945,7480
2739,7480
5555,7481
4719,7482
404,7483
782,7484
2535,7484
2625,7485
646,7486
375,7487
628,7487
3514,7489
237,7490
147,7491
2815,7492
524,7497
2708,7497
1852,7500
2306,7501
4071,7502
1702,7503
2168,7504
1073,7505
1348,7505
460,7506
264,7507
4214,7507
5048,7507
608,7509
4265,7510
515,7511
5952,7512
4175,7513
1,7514
183,7515
495,7516
2108,7516
119,7520
574,7520
5,7521
2569,7521
2864,7521
5925,7521
1397,7522
2943,7524
5365,7528
815,7529
87,7530
5978,7531
641,7533
2964,7534
6,7535
333,7536
1121,7537
2864,7537
1669,7538
1245,7539
62,7540
0,7541
342,7541
2513,7542
6396,7545
1803,7549
3599,7549
1480,7550
1505,7550
434,7551
3328,7551
2288,7552
2643,7553
755,7554
116,7556
3692,7559
679,7563
2119,7564
41,7566
517,7566
5690,7567
2233,7568
5159,7568
945,7569
310,7571
3447,7571
3437,7573
6008,7573
7174,7573
1675,7574
2528,7577
1721,7578
155,7579
1808,7579
128,7580
6559,7580
422,7581
591,7582
1166,7583
2400,7583
448,7584
2670,7585
1203,7586
5686,7586
941,7587
3894,7587
6527,7587
1423,7588
7072,7588
371,7589
395,7589
5718,7589
118,7590
723,7592
1804,7595
332,7596
2119,7600
5293,7600
6,7602
1052,7602
6093,7604
78,7607
19,7608
4075,7608
2,7610
180,7612
5219,7612
2657,7613
3980,7613
6677,7614
3606,7615
4512,7616
2551,7617
98,7618
5833,7618
6005,7618
146,7619
2553,7621
820,7622
5087,7622
6451,7622
607,7626
3113,7626
3310,7626
1008,7628
1963,7631
2181,7631
690,7632
4448,7636
746,7637
79,7638
2389,7639
1665,7643
2689,7643
1838,7644
2239,7644
1275,7646
344,7647
2300,7647
427,7649
835,7649
4495,7649
174,7650
1808,7652
276,7654
1742,7654
1510,7656
332,7657
2510,7657
7613,7658
6559,7659
39,7661
325,7661
2060,7661
2571,7663
3806,7664
5597,7666
46,7667
525,7667
1908,7668
5,7672
36,7673
2942,7674
3568,7675
2103,7676
6058,7677
496,7679
1880,7679
1373,7680
3435,7680
3605,7681
4779,7682
2014,7685
37,7687
7270,7687
2682,7688
6005,7688
2917,7689
3671,7689
5661,7690
3304,7691
3705,7691
610,7693
6814,7693
120,7694
5061,7694
2519,7695
1744,7697
2302,7697
5,7698
591,7698
2152,7698
5074,7698
180,7699
572,7699
5,7700
14,7700
7295,7702
2732,7703
2194,7706
6576,7707
737,7709
1560,7710
1926,7710
941,7711
1126,7711
594,7714
2193,7714
4518,7714
2,7716
6,7716
36,7716
2763,7716
8,7717
3328,7718
6605,7718
61,7719
332,7721
865,7722
37,7723
6918,7723
597,7724
1714,7724
1955,7725
7225,7725
1,7728
5164,7728
744,7729
564,7730
587,7730
7702,7731
193,7732
4922,7733
7344,7735
62,7737
3608,7737
577,7738
6479,7738
7324,7739
940,7740
1059,7742
1523,7745
3022,7745
5265,7747
4761,7749
4051,7750
1673,7751
5921,7751
46,7752
62,7752
237,7752
1369,7752
1,7753
920,7755
2481,7755
1308,7756
695,7758
3102,7758
610,7759
3430,7759
190,7760
1718,7760
1,7764
239,7764
5475,7764
4618,7766
2337,7768
836,7769
46,7770
2332,7771
5001,7772
6163,7772
166,7774
4695,7775
356,7777
4041,7777
1,7778
25,7780
939,7780
1250,7781
5390,7782
1241,7783
5916,7783
157,7784
573,7784
17,7785
3498,7785
15,7786
388,7788
3375,7788
120,7789
407,7790
695,7792
44,7794
877,7795
2882,7795
41,7797
3371,7797
941,7798
7241,7799
7694,7799
976,7800
4946,7800
7714,7801
6789,7803
3986,7804
6513,7804
7592,7804
3746,7806
4081,7806
2018,7807
2604,7808
7267,7808
2576,7809
1096,7810
6427,7810
1325,7812
4434,7813
332,7815
282,7818
7366,7818
623,7819
4190,7821
3674,7823
5303,7823
6769,7823
7106,7823
1532,7824
7751,7824
3752,7826
4343,7826
2707,7827
46,7828
375,7829
1747,7829
4971,7829
336,7830
0,7833
342,7834
3592,7834
5162,7834
260,7836
408,7837
2168,7837
1459,7838
2198,7840
185,7841
116,7844
2,7846
2457,7847
5536,7847
7587,7847
5614,7848
3675,7850
6877,7850
17,7851
2047,7851
226,7852
1106,7852
2735,7852
359,7853
5674,7853
3413,7854
3967,7854
5097,7854
71,7855
6484,7855
4693,7856
7215,7856
7126,7859
5637,7863
284,7864
323,7864
3570,7864
353,7865
0,7866
75,7870
7281,7870
1496,7872
1409,7876
2163,7876
2464,7876
2569,7878
91,7879
4523,7881
5954,7881
6990,7881
2450,7885
1,7886
1613,7887
6112,7888
2481,7889
3007,7889
612,7891
4457,7892
6780,7893
6033,7894
66,7896
164,7896
721,7896
3107,7897
4538,7897
2206,7899
1627,7900
5895,7901
520,7903
2643,7903
4710,7903
2615,7904
4082,7904
5215,7904
5343,7904
128,7905
4512,7906
4465,7909
1387,7911
402,7912
4463,7913
74,7915
1029,7915
7689,7915
7887,7915
1192,7916
3943,7916
1670,7917
3586,7917
5236,7917
593,7918
2453,7918
847,7921
3745,7921
1129,7923
7357,7924
3422,7925
367,7926
1462,7928
1989,7928
4284,7928
2739,7930
3897,7930
2102,7933
165,7935
1085,7935
4343,7935
7325,7935
1221,7937
7003,7938
4099,7939
4232,7941
4920,7941
5,7942
75,7942
4129,7942
6035,7942
14,7944
1225,7945
882,7946
1210,7947
3792,7947
2522,7948
5622,7950
333,7954
593,7957
1698,7958
5939,7958
6285,7958
627,7960
1085,7961
36,7962
639,7963
7887,7963
2559,7965
194,7967
3728,7968
263,7969
2499,7970
2786,7970
2949,7971
1662,7973
7507,7976
2747,7977
1947,7978
7339,7980
710,7981
4305,7981
1627,7982
2477,7983
3330,7985
75,7988
602,7988
4451,7988
7928,7988
72,7989
78,7990
847,7991
842,7992
4560,7992
325,7993
6039,7993
1859,7994
1060,7996
2328,7996
1412,7999
4040,8000
1404,8001
2452,8002
3072,8003
2619,8004
4719,8005
5248,8005
1192,8007
1707,8007
7467,8007
356,8009
371,8010
557,8010
602,8010
2213,8010
714,8014
4764,8014
7128,8014
75,8015
128,8015
1419,8015
4364,8016
62,8017
7262,8020
2119,8022
7688,8022
2282,8023
3515,8024
5444,8025
434,8027
1740,8027
5977,8027
41,8028
778,8028
7264,8028
1675,8029
17,8030
1019,8030
3482,8030
6489,8030
5053,8031
6513,8032
2559,8034
4951,8037
5039,8037
284,8039
1155,8039
226,8040
327,8040
896,8042
6427,8043
2701,8044
58,8045
496,8045
118,8046
1574,8051
3208,8051
3430,8052
2860,8053
5501,8056
6603,8056
8,8057
6202,8057
145,8058
24,8059
4993,8060
5736,8060
679,8062
487,8063
1345,8063
478,8064
2114,8064
2630,8064
7716,8064
3373,8066
2,8067
3,8068
118,8071
4794,8072
4951,8074
1014,8076
4337,8076
36,8078
3678,8078
4604,8078
5024,8079
155,8080
715,8082
3661,8082
1752,8085
6605,8085
82,8087
5,8088
26,8089
62,8089
1085,8091
5962,8091
2788,8092
1096,8093
46,8094
75,8096
2867,8101
225,8103
1169,8104
1466,8106
3936,8106
2288,8108
6576,8109
502,8110
6118,8111
742,8116
1895,8116
2129,8117
2636,8118
4128,8118
297,8119
3362,8120
469,8121
1455,8122
1180,8126
2485,8126
6296,8127
381,8128
164,8131
2446,8131
4039,8132
0,8133
1183,8133
1990,8133
155,8135
3838,8135
3430,8136
599,8137
812,8137
152,8139
1660,8139
2884,8139
4800,8139
512,8142
396,8144
2886,8144
4613,8144
88,8146
555,8148
5752,8148
1259,8149
1258,8150
281,8151
1097,8153
71,8154
5363,8155
624,8156
3834,8158
3892,8158
60,8159
13,8160
5003,8160
3655,8162
4653,8162
157,8163
8132,8163
332,8164
4657,8164
352,8165
551,8165
3976,8165
32,8166
638,8167
884,8167
2086,8167
241,8168
260,8168
438,8168
1653,8169
7366,8169
1,8170
1655,8171
4214,8172
6672,8172
2,8176
41,8176
100,8176
2,8177
1908,8177
2522,8178
6497,8178
4485,8179
88,8184
17,8185
7536,8185
997,8186
1804,8187
201,8190
1814,8192
6018,8193
971,8194
7809,8194
2517,8195
2469,8197
237,8200
825,8200
4351,8200
89,8201
872,8201
5162,8201
5497,8201
1412,8202
1459,8205
1665,8205
5487,8205
3416,8207
1,8208
1348,8209
1204,8210
7775,8214
2001,8219
4764,8221
7646,8225
6217,8226
1191,8227
1919,8227
1,8228
3025,8229
7264,8229
556,8233
7258,8233
3579,8236
17,8237
318,8237
599,8238
7046,8240
2047,8241
5910,8241
7101,8243
2884,8244
8024,8246
4062,8248
6760,8249
7687,8249
41,8251
1103,8253
462,8254
593,8254
4115,8254
6334,8254
2321,8255
8133,8255
1298,8257
4083,8257
5845,8257
3519,8259
460,8262
6202,8263
6640,8263
88,8265
5,8266
836,8267
1218,8267
4726,8267
165,8268
5154,8269
133,8271
88,8273
839,8273
4799,8275
4841,8275
7307,8275
4127,8277
4175,8278
6684,8278
6598,8279
510,8280
1441,8280
5988,8281
670,8282
954,8282
155,8284
5485,8284
8,8285
6508,8287
20,8288
120,8289
297,8289
7306,8289
180,8292
2490,8292
3266,8292
2206,8293
6214,8293
7308,8293
2,8294
7258,8294
2060,8295
3958,8296
2198,8298
4595,8299
7078,8299
1373,8300
5417,8301
16,8303
119,8303
1517,8303
1,8305
17,8305
3273,8305
3465,8306
12,8308
5096,8309
6179,8310
6274,8310
454,8311
22,8313
3422,8315
6984,8315
4275,8317
193,8318
463,8318
2102,8318
2279,8318
3661,8318
8045,8320
1869,8321
358,8322
25,8325
7106,8325
0,8327
5810,8327
1,8329
7775,8329
6,8330
40,8330
2522,8334
1263,8335
2132,8335
334,8336
402,8336
8205,8337
5005,8339
876,8341
2,8342
91,8342
20,8346
2886,8346
4911,8346
165,8347
1726,8347
1,8348
51,8348
1914,8348
612,8350
77,8351
6363,8353
1480,8354
1869,8354
2300,8354
946,8355
1223,8356
60,8358
2575,8358
7735,8359
7437,8360
89,8361
2813,8361
5141,8364
2598,8365
239,8367
560,8367
5248,8367
41,8370
597,8371
6672,8371
5012,8372
7823,8372
3496,8374
8,8375
17,8375
5885,8375
2302,8376
3243,8376
7459,8376
2336,8378
2,8379
2176,8381
18,8382
734,8382
1137,8382
377,8384
1666,8385
8103,8385
5453,8386
6066,8387
7823,8387
362,8388
1210,8388
2288,8388
4773,8388
1309,8389
1675,8390
155,8391
7295,8391
5597,8393
17,8396
1808,8396
1052,8398
327,8401
3341,8403
3437,8404
2630,8405
5496,8405
3519,8406
1364,8407
998,8408
4828,8408
6107,8409
7035,8409
1011,8411
325,8414
165,8416
2195,8417
2591,8417
2747,8417
633,8419
33,8421
487,8421
255,8423
1870,8425
7156,8425
72,8426
2713,8427
3673,8429
5898,8429
62,8430
1790,8430
3119,8430
8273,8430
2067,8431
884,8438
736,8439
4968,8439
42,8440
800,8440
5015,8442
60,8443
284,8443
1990,8444
147,8449
3323,8450
2282,8451
560,8453
130,8458
305,8458
1413,8458
1923,8458
638,8459
743,8459
4120,8461
892,8462
456,8463
680,8463
4136,8463
8063,8463
33,8466
478,8466
7003,8467
1130,8468
3660,8468
237,8469
2992,8469
282,8471
4549,8472
24,8473
4123,8473
565,8474
2804,8474
4051,8476
42,8477
1539,8478
383,8480
4834,8480
5214,8481
116,8485
1098,8485
571,8486
1960,8487
627,8491
3266,8491
110,8492
7619,8492
1408,8494
5799,8494
17,8497
5659,8502
688,8503
5097,8503
3769,8504
1448,8506
2025,8506
5397,8507
7925,8507
687,8508
2739,8511
940,8512
7740,8514
82,8515
1869,8516
1085,8519
1470,8520
2287,8521
3739,8521
8167,8524
26,8526
3933,8527
5672,8527
1419,8529
961,8530
8,8531
5480,8531
1448,8532
655,8533
4081,8533
4140,8538
4779,8539
6920,8539
7339,8540
689,8541
2222,8542
72,8543
377,8544
7061,8546
61,8547
187,8547
1721,8548
2599,8548
1675,8553
4454,8553
2670,8558
266,8559
735,8559
383,8561
6775,8561
201,8562
4881,8563
24,8564
476,8564
504,8564
1223,8566
2390,8567
1465,8568
1951,8569
3493,8570
4632,8571
14,8572
565,8572
7049,8572
779,8577
2876,8577
263,8580
4671,8580
517,8582
1397,8583
8430,8587
330,8592
7505,8592
8,8594
185,8596
4374,8597
13,8598
1862,8598
155,8600
5729,8603
4082,8605
529,8607
6337,8607
3268,8608
1487,8609
4214,8609
597,8610
7026,8610
8492,8611
4550,8613
406,8614
7016,8614
5096,8615
505,8619
2244,8619
2047,8620
16,8621
402,8621
333,8624
2049,8624
3042,8624
7647,8627
7881,8629
416,8630
2208,8630
6274,8630
1090,8632
2495,8632
3823,8632
3062,8633
1,8634
2855,8636
2901,8636
2722,8637
7887,8637
313,8639
6890,8641
85,8642
2,8643
3330,8643
1,8645
78,8648
4589,8648
5945,8649
30,8651
30,8655
2294,8657
226,8658
3861,8658
72,8660
8201,8660
44,8661
4911,8663
8078,8663
1348,8664
6856,8665
593,8666
2016,8666
6182,8666
8201,8666
560,8667
577,8668
3,8669
6615,8669
139,8670
628,8670
60,8671
6051,8671
6513,8671
4792,8672
5162,8674
14,8675
1392,8675
3089,8675
1090,8676
275,8677
6923,8677
4232,8679
26,8682
4899,8682
3248,8684
1538,8686
226,8687
3364,8687
275,8690
1008,8690
3448,8690
3815,8690
8346,8691
8251,8692
8150,8693
3089,8695
430,8696
487,8696
6,8697
1546,8697
2847,8698
3116,8698
3754,8698
7287,8698
4227,8699
836,8700
2124,8700
3292,8701
599,8702
1047,8702
0,8703
1463,8703
5141,8706
1,8707
1803,8707
416,8709
8002,8710
1008,8712
41,8713
72,8713
6171,8713
6978,8713
2256,8715
5251,8715
6850,8715
5845,8717
116,8719
171,8720
2218,8720
8670,8720
598,8722
8,8724
278,8725
993,8727
8416,8727
8408,8728
3058,8729
2024,8730
5542,8730
3976,8731
528,8732
6059,8733
992,8734
4089,8734
2125,8735
5029,8736
26,8738
4705,8738
7596,8738
3951,8739
1920,8741
2697,8741
3305,8741
3971,8742
8092,8743
1834,8744
2674,8745
1847,8746
8166,8747
3052,8749
87,8750
268,8751
6760,8751
1609,8752
2630,8752
3496,8752
191,8754
1955,8754
3535,8755
4253,8755
3461,8757
388,8760
5554,8760
6356,8760
6413,8760
3437,8761
155,8763
5392,8763
4618,8764
4568,8765
354,8766
51,8768
504,8768
1205,8768
2515,8768
1725,8769
16,8770
5332,8771
452,8772
4536,8772
225,8773
4394,8773
1511,8774
30,8775
4834,8775
8757,8776
146,8777
623,8777
7296,8778
8567,8778
731,8780
2008,8782
244,8783
6152,8783
3292,8784
1690,8789
2108,8789
82,8791
6017,8795
78,8796
478,8796
1043,8796
8329,8796
15,8797
67,8798
155,8798
6419,8798
602,8799
6517,8800
7002,8801
1,8802
297,8802
3200,8802
6161,8802
359,8804
818,8805
7186,8805
7327,8806
6648,8807
2183,8809
355,8810
1859,8812
1,8813
826,8813
4719,8815
7923,8817
2370,8818
2490,8819
4932,8819
17,8820
2754,8820
3326,8820
6920,8820
41,8822
255,8824
5082,8825
8421,8825
1203,8826
790,8827
7127,8827
591,8829
1716,8829
2073,8829
2183,8829
6500,8831
3158,8832
7556,8832
684,8833
3484,8834
3730,8834
137,8835
3093,8836
8396,8836
194,8837
2246,8837
664,8838
2547,8839
7993,8843
8548,8844
17,8845
908,8847
254,8848
599,8850
1,8853
8,8853
2325,8853
3080,8854
51,8855
2129,8855
6477,8855
3599,8856
4105,8856
183,8857
3421,8857
781,8867
435,8868
104,8870
2654,8870
6602,8870
39,8871
188,8876
2721,8877
276,8878
505,8878
3081,8881
3502,8881
7790,8883
725,8884
2801,8884
8028,8884
4000,8885
2022,8887
157,8888
7423,8888
32,8889
166,8889
8675,8890
509,8891
427,8893
5389,8894
628,8895
6267,8895
128,8896
4675,8896
638,8897
1391,8897
8317,8898
3462,8899
3519,8900
2699,8901
2908,8902
4962,8902
5532,8902
1135,8904
3339,8904
226,8906
847,8906
5536,8908
1246,8910
4570,8910
5476,8911
2844,8912
726,8914
2335,8917
4847,8917
577,8919
4994,8920
51,8921
3521,8921
8815,8922
4071,8924
8339,8924
5,8925
1863,8925
6943,8926
237,8928
5578,8928
1083,8929
395,8930
1364,8930
1923,8930
684,8932
241,8935
486,8935
1026,8935
66,8937
2434,8937
3857,8938
2016,8940
3659,8941
7464,8944
7971,8946
1417,8948
3821,8948
4082,8950
1511,8952
2710,8953
564,8954
5894,8954
7351,8954
2877,8956
3565,8956
276,8957
6970,8957
1914,8958
7428,8958
6,8959
305,8960
6809,8960
4651,8961
1412,8963
7265,8963
4834,8964
1867,8965
5417,8967
8289,8967
7587,8968
41,8969
7249,8969
1409,8970
193,8971
882,8971
2184,8972
4123,8974
496,8976
3798,8976
2481,8977
6396,8977
2244,8978
24,8979
472,8979
775,8979
7281,8981
216,8982
1558,8983
2252,8983
6144,8983
6710,8985
2784,8986
6152,8988
6274,8988
805,8991
4433,8991
5365,8991
1126,8992
5515,8992
8449,8993
4118,8995
454,8996
1708,8996
3131,8997
936,8999
6914,9001
8313,9001
844,9003
3060,9004
1869,9006
5400,9006
5607,9006
4746,9007
3243,9008
2182,9009
7818,9009
2584,9011
557,9012
1192,9012
809,9013
1353,9014
8720,9014
1353,9015
7406,9015
205,9017
655,9019
8889,9019
5265,9021
7853,9021
25,9023
1085,9027
3559,9027
6405,9027
6687,9027
646,9028
17,9030
375,9030
5165,9030
1926,9031
3553,9032
6690,9034
51,9035
130,9035
205,9035
139,9036
4951,9036
2232,9037
5954,9038
3,9040
1796,9040
4198,9040
7327,9044
854,9046
62,9048
8988,9048
3860,9050
1845,9052
6225,9052
171,9053
2434,9054
1804,9056
3107,9056
3190,9056
982,9057
4692,9060
1205,9063
4975,9064
20,9065
5162,9065
4821,9066
7864,9067
454,9069
7549,9069
594,9071
1130,9072
2861,9072
7628,9074
8853,9074
3644,9077
3577,9078
78,9079
664,9079
5110,9080
104,9082
441,9083
8219,9083
237,9086
1533,9086
416,9087
4670,9087
7542,9087
641,9088
1076,9089
1483,9089
515,9090
2359,9090
8023,9090
7406,9091
7718,9093
3221,9094
5010,9094
2955,9095
4935,9095
627,9097
7246,9097
1517,9098
495,9099
8666,9099
4271,9100
6123,9100
24,9101
2854,9101
7077,9101
51,9102
3805,9102
0,9103
1250,9106
2,9107
276,9108
1652,9108
2,9109
116,9109
6,9110
4194,9110
41,9111
763,9112
17,9113
1460,9113
1077,9114
2004,9114
944,9116
51,9117
269,9117
5075,9118
3206,9119
6102,9122
139,9123
736,9123
46,9124
1812,9126
352,9128
5766,9128
51,9130
2776,9130
4620,9130
3683,9131
5265,9131
7072,9134
7192,9135
8278,9135
8715,9136
242,9137
3599,9140
2056,9141
3125,9142
2846,9143
3190,9143
5930,9144
9102,9144
5604,9145
126,9146
6214,9147
4248,9148
1060,9149
1844,9149
2561,9151
32,9152
139,9153
3042,9153
1253,9154
2589,9157
155,9163
8729,9164
1084,9170
3405,9171
1388,9172
155,9173
1085,9173
3754,9173
2243,9175
7301,9176
59,9177
113,9177
505,9177
763,9177
402,9178
1,9179
26,9179
546,9179
2614,9180
6253,9180
383,9181
1752,9181
6809,9182
918,9183
4779,9183
8780,9184
51,9187
6493,9187
5032,9188
5700,9188
6476,9188
8904,9188
1392,9192
6513,9193
8780,9195
297,9197
2008,9197
3093,9197
6888,9197
5922,9199
1241,9201
523,9203
4972,9208
1810,9209
1060,9210
52,9211
7125,9212
8253,9212
5957,9214
1374,9215
2500,9215
7923,9215
1052,9216
6334,9216
69,9217
6802,9218
75,9220
120,9222
1810,9224
3641,9225
7288,9225
478,9226
130,9227
4992,9227
3341,9229
4601,9231
7175,9231
5104,9233
577,9234
628,9234
416,9236
185,9237
8558,9238
8167,9239
1766,9240
5,9241
7482,9241
6857,9243
54,9244
255,9245
266,9245
1694,9247
2376,9248
3413,9251
114,9253
77,9254
2463,9255
3622,9255
264,9256
779,9256
6297,9256
3726,9260
684,9261
5160,9263
3182,9265
6088,9265
382,9267
5596,9267
460,9269
954,9269
6208,9269
1544,9270
3339,9270
4512,9270
6764,9270
22,9275
8416,9275
359,9276
452,9276
427,9277
1652,9279
3844,9282
1710,9283
5141,9283
6059,9283
5344,9284
2501,9285
4128,9285
6721,9287
8275,9287
75,9288
2079,9288
627,9290
8503,9290
4410,9292
591,9293
158,9294
1669,9294
6970,9298
714,9300
165,9301
882,9302
2669,9302
2791,9302
5948,9302
7272,9302
3966,9304
119,9305
5162,9305
804,9306
402,9307
4103,9308
6,9310
4062,9310
51,9312
5921,9312
60,9313
436,9314
2234,9314
2466,9314
1002,9317
4581,9317
5804,9318
627,9320
5790,9320
5128,9321
75,9322
331,9323
560,9323
4289,9324
1002,9325
7128,9325
3535,9328
6,9329
331,9329
7813,9329
6832,9330
37,9332
5194,9332
7477,9332
367,9335
779,9335
4116,9336
360,9339
4913,9339
6695,9339
17,9340
7646,9340
961,9343
1989,9343
1919,9345
2921,9345
223,9346
1396,9346
332,9347
5614,9347
186,9349
1859,9350
2202,9350
8516,9351
3075,9353
684,9354
867,9354
3023,9354
1348,9355
6075,9355
5746,9357
1732,9358
1093,9360
2335,9362
3102,9363
6017,9364
1639,9365
6256,9365
6677,9366
1192,9367
1259,9368
610,9371
2,9372
5,9373
2244,9374
9255,9374
0,9376
255,9379
8648,9380
1580,9384
1391,9385
2453,9385
3993,9385
2038,9386
4512,9391
5186,9391
6277,9391
2138,9392
6528,9392
237,9393
440,9394
1013,9395
1,9396
4926,9396
520,9397
1404,9397
760,9398
275,9403
4860,9405
8209,9405
1249,9408
4958,9408
402,9409
627,9409
5578,9409
6451,9409
8930,9410
3396,9411
2149,9412
4913,9412
3587,9413
8386,9413
1949,9415
8831,9415
9365,9416
737,9417
3301,9417
3980,9417
4836,9417
6710,9417
362,9420
5094,9420
5659,9420
6671,9421
2,9422
344,9422
430,9422
624,9422
612,9423
82,9424
46,9425
415,9426
2278,9426
4997,9426
188,9427
5026,9427
1957,9428
654,9429
180,9430
5903,9430
874,9432
4937,9432
735,9434
735,9435
8439,9438
88,9439
478,9440
8289,9440
36,9441
250,9441
1588,9441
3349,9443
5300,9444
2679,9446
8417,9448
6555,9451
2,9452
1209,9452
1587,9453
1013,9454
1629,9454
2406,9454
7854,9454
8706,9454
78,9455
734,9455
1345,9456
5841,9457
8358,9457
75,9459
3119,9459
5820,9459
4284,9464
160,9466
5982,9466
381,9467
1752,9467
2082,9468
450,9469
2708,9470
4,9472
8263,9472
2,9473
476,9474
790,9475
4191,9475
32,9477
332,9477
1814,9477
1404,9478
30,9479
2921,9479
1364,9480
6697,9480
666,9483
9063,9483
226,9484
4969,9485
1167,9487
1272,9487
2823,9490
8856,9490
6757,9492
5562,9494
7585,9494
599,9497
895,9497
2213,9498
2080,9499
4779,9499
1859,9500
8607,9500
232,9501
3079,9502
4229,9502
688,9505
2370,9506
2831,9507
4448,9508
7011,9511
3580,9514
3453,9515
7497,9515
5804,9519
8325,9519
818,9520
2901,9520
7923,9520
4434,9523
1087,9526
2625,9526
6018,9527
194,9528
3363,9528
2025,9530
3907,9532
8285,9532
2,9533
377,9533
6508,9533
3548,9534
5089,9534
8158,9534
895,9536
877,9537
4904,9537
444,9538
4376,9540
5894,9541
0,9543
1141,9543
2475,9543
3514,9543
1483,9546
2079,9546
4129,9548
6215,9548
2794,9549
5203,9549
6629,9549
1512,9550
6784,9550
375,9552
1,9553
344,9554
305,9556
2450,9560
2864,9563
158,9564
6705,9564
1192,9566
979,9567
2591,9570
1158,9571
22,9573
1585,9573
3089,9573
3305,9573
0,9574
2132,9574
2921,9574
2968,9574
30,9576
977,9576
3271,9576
2858,9578
4913,9578
8752,9578
2968,9579
4551,9581
2490,9582
60,9584
78,9585
383,9585
7106,9585
5721,9586
7600,9587
5804,9590
2301,9593
2389,9593
4902,9593
19,9594
5521,9596
7500,9596
7101,9598
5688,9600
591,9602
6218,9602
7471,9602
9177,9602
30,9605
903,9608
4232,9608
5497,9608
6334,9608
3412,9610
1,9612
528,9612
383,9613
1042,9614
2917,9614
3900,9616
5700,9616
5718,9618
2219,9619
0,9623
416,9624
2126,9625
1309,9626
8439,9626
268,9627
520,9630
4942,9630
7855,9631
6933,9633
33,9634
6064,9634
4432,9637
5900,9637
1880,9639
0,9640
9350,9644
7264,9645
6274,9646
814,9647
5643,9647
7014,9648
8468,9648
14,9649
1319,9650
1809,9653
3623,9654
4025,9655
1312,9657
7808,9657
3850,9662
60,9663
75,9663
52,9664
3249,9664
6270,9664
89,9666
6329,9666
5873,9667
7930,9667
321,9668
2514,9668
3064,9668
1863,9672
1412,9673
4271,9673
8284,9673
1,9675
7043,9676
1594,9677
7613,9679
1255,9681
362,9682
6631,9684
1747,9686
5804,9687
3770,9688
171,9689
1353,9690
2,9691
1990,9691
26,9692
317,9692
9422,9692
41,9695
1,9696
3465,9697
3696,9697
593,9699
800,9699
6092,9699
5,9700
297,9700
5845,9700
2630,9702
3570,9702
773,9706
2490,9706
1259,9708
3,9709
2858,9709
4485,9710
696,9712
3999,9713
3372,9714
3943,9714
2883,9715
165,9718
1195,9718
9608,9719
9157,9722
6857,9723
612,9724
2864,9724
3788,9724
7829,9724
1106,9725
4339,9726
4528,9727
809,9729
1669,9730
1721,9731
4307,9731
3466,9733
90,9734
449,9734
3120,9734
137,9735
138,9736
8543,9736
16,9737
1364,9738
1355,9741
3007,9742
3361,9742
7658,9742
71,9745
5162,9747
702,9748
3683,9748
864,9749
7042,9749
1896,9751
7011,9751
2902,9752
6,9754
2838,9754
8348,9755
5,9756
7184,9757
1508,9758
6506,9759
2047,9760
76,9763
4495,9763
5670,9763
3328,9764
22,9765
32,9765
6708,9765
3378,9766
8299,9766
171,9767
416,9767
2450,9767
2976,9768
3388,9768
2206,9770
3,9771
89,9772
4710,9772
2500,9773
5618,9773
62,9774
4232,9774
449,9775
1024,9775
5998,9775
3687,9777
75,9778
1546,9780
6296,9781
9396,9782
2370,9783
4982,9783
5614,9783
502,9784
865,9785
5424,9785
2319,9786
74,9787
5583,9788
5721,9788
6109,9789
2387,9790
4878,9792
4986,9792
1647,9793
1824,9793
7215,9793
168,9796
6911,9796
206,9797
103,9801
7507,9801
2723,9803
1088,9804
9099,9805
646,9807
1504,9807
278,9808
332,9809
3495,9810
3379,9811
4443,9814
6536,9816
5148,9817
62,9818
5555,9818
6722,9819
8712,9819
1689,9824
1368,9825
32,9827
560,9829
997,9830
227,9833
6672,9833
408,9834
1669,9834
7324,9835
3116,9836
62,9838
1900,9838
7700,9839
325,9840
1096,9840
5196,9841
6080,9841
1662,9842
1837,9843
1954,9843
2309,9843
3194,9843
3101,9845
78,9847
1308,9848
3981,9849
5000,9849
779,9852
1109,9853
3379,9854
6029,9854
6243,9854
1087,9855
1974,9856
1,9858
2260,9858
2440,9858
9715,9858
200,9859
51,9863
36,9864
6754,9864
239,9865
1114,9865
1425,9866
166,9868
5899,9868
1319,9870
2492,9870
4760,9872
7502,9872
954,9873
1024,9874
1732,9874
183,9876
2708,9879
9030,9880
2262,9881
7840,9881
620,9882
75,9883
1979,9883
8193,9883
1546,9885
5524,9888
6988,9889
918,9893
3025,9893
371,9894
3268,9894
7809,9894
60,9895
1814,9896
6278,9897
551,9899
9718,9899
436,9900
5127,9902
5,9903
3657,9904
318,9906
9294,9906
889,9910
1532,9910
8459,9910
2206,9911
8889,9911
1963,9912
332,9914
5688,9914
6392,9914
1447,9915
3031,9916
4613,9916
6127,9917
7364,9917
2584,9918
1,9919
6958,9920
2,9921
2864,9922
5660,9922
9533,9922
1270,9923
2813,9925
8703,9926
1167,9927
6485,9927
7022,9927
1,9930
873,9932
1569,9932
2625,9932
9405,9932
2,9934
9216,9934
6741,9936
3453,9938
5996,9940
6122,9940
2411,9943
2,9945
5420,9945
3349,9948
9472,9948
8219,9949
435,9950
2475,9952
456,9956
7638,9956
1385,9957
5369,9959
1076,9960
1097,9960
1838,9960
5639,9960
9910,9960
360,9962
5001,9963
7806,9963
452,9964
5682,9964
3096,9965
96,9966
0,9967
7795,9969
32,9972
2528,9972
3388,9972
3570,9972
0,9975
276,9975
3851,9975
4055,9975
8126,9976
3745,9977
7072,9977
137,9979
6394,9980
8815,9980
30,9981
3032,9981
3205,9981
1,9982
851,9982
9949,9982
0,9983
2812,9984
1017,9987
4800,9987
3023,9988
1483,9989
1552,9990
4088,9991
7335,9991
8164,9991
6968,9992
1419,9994
30,9995
2001,9996
664,9997
285,9998
9065,9998
9874,9998
