0,1
1,2
2,3
3,4
1,5
0,6
1,6
5,6
0,7
0,8
5,8
7,9
0,10
3,11
0,12
0,13
11,14
6,15
0,16
4,16
14,17
0,20
4,20
0,23
6,23
11,23
15,23
3,25
10,25
15,25
0,26
1,27
23,27
26,27
0,28
11,28
4,29
11,32
1,33
27,33
1,34
15,37
6,39
16,39
15,40
0,41
33,41
26,42
0,45
6,45
0,47
26,47
15,48
17,51
15,53
39,53
33,55
23,56
3,57
28,57
48,60
1,62
26,62
45,62
0,63
15,63
20,63
11,64
60,64
3,65
5,65
16,66
20,66
4,67
41,67
6,68
20,68
28,69
34,69
3,70
0,72
3,72
34,73
16,74
60,75
41,76
4,77
37,77
20,79
20,81
40,82
6,83
23,85
11,86
6,87
15,87
0,88
23,88
65,88
27,90
1,92
29,92
41,93
60,93
6,95
76,95
0,97
20,99
41,100
14,102
3,103
1,105
9,105
29,106
47,106
1,110
68,110
29,113
4,115
4,116
92,116
4,118
56,118
40,119
15,121
3,122
115,124
39,125
47,125
47,126
29,127
126,129
88,130
3,131
45,131
75,131
47,133
130,133
33,134
51,134
62,134
23,135
20,137
41,137
85,138
85,139
97,141
124,141
0,142
39,142
28,143
33,143
0,144
3,144
25,144
65,144
70,144
4,145
20,145
64,146
26,148
125,148
23,149
0,150
95,151
55,152
0,153
4,153
125,153
11,155
63,157
23,159
28,159
3,161
26,162
92,162
0,163
97,163
42,164
137,164
110,165
63,166
164,167
5,168
3,170
26,171
39,172
75,173
144,173
17,174
159,174
4,175
97,176
20,183
142,184
130,185
0,186
62,186
165,187
143,188
40,190
131,190
85,192
141,192
29,193
122,193
0,197
62,201
193,202
12,203
26,203
15,206
70,206
8,208
143,208
165,210
60,211
144,212
14,214
33,214
5,215
11,215
76,218
60,219
39,221
151,221
0,222
143,224
144,224
23,225
41,225
0,226
20,227
48,229
56,232
62,232
11,233
88,233
142,233
99,234
187,235
110,237
65,238
74,238
92,238
3,239
15,239
187,239
0,242
214,242
0,244
206,245
70,248
92,249
20,251
23,252
0,254
4,255
20,255
11,258
88,259
238,259
4,261
65,261
41,262
26,268
122,268
56,269
142,270
0,271
20,271
0,272
29,272
192,272
28,273
29,274
0,277
159,278
187,278
190,278
211,278
90,279
47,281
159,281
39,282
97,282
0,284
20,285
151,285
144,286
168,286
1,287
75,288
145,289
211,289
7,290
273,292
6,294
192,294
29,295
122,296
227,298
63,300
25,301
97,301
25,302
27,302
118,302
138,303
92,304
16,305
93,305
41,306
47,306
0,310
25,310
33,310
171,311
174,315
192,315
0,316
274,316
245,318
151,322
0,323
232,324
0,325
242,326
73,328
15,329
25,329
63,329
20,330
45,332
28,333
278,333
88,336
25,337
190,337
305,337
302,338
0,339
40,340
124,341
67,343
165,345
33,346
3,347
75,347
1,349
315,351
339,351
51,352
165,352
115,353
5,354
300,354
244,359
322,359
5,362
15,363
138,367
45,369
47,369
337,371
354,371
16,372
254,379
100,380
124,380
1,381
39,381
23,383
25,384
151,384
215,384
56,386
67,386
272,386
100,388
119,388
27,391
151,392
202,392
282,392
186,393
282,393
249,395
23,396
92,397
203,397
67,398
143,399
100,402
0,404
23,405
40,406
359,406
1,410
42,410
56,411
300,411
165,412
26,413
301,413
0,417
29,417
92,417
347,418
33,419
131,420
10,421
0,422
274,425
5,428
88,429
406,430
67,431
254,431
197,432
151,433
369,433
165,434
352,434
153,435
193,439
20,440
345,440
3,441
130,442
208,442
359,442
347,445
25,447
131,447
290,447
67,448
5,449
0,450
7,450
137,450
206,450
7,451
237,451
56,452
20,454
60,454
135,454
254,454
203,455
26,457
6,459
287,459
4,461
29,462
187,465
92,466
20,469
57,470
100,472
339,474
23,475
339,476
315,477
40,478
23,480
412,480
25,482
197,482
130,484
125,486
219,486
346,486
404,487
15,488
126,488
130,489
76,490
435,492
442,493
25,494
28,495
34,499
42,501
187,501
14,502
115,504
39,505
56,507
457,507
65,508
131,508
41,509
367,510
3,511
25,511
48,512
20,513
164,513
478,513
184,514
1,515
26,515
29,517
7,518
135,519
219,519
352,519
417,519
422,520
119,522
125,522
7,523
60,523
144,525
192,525
0,526
6,526
63,526
10,527
193,527
29,528
325,529
88,530
202,530
404,530
20,534
3,535
25,537
67,537
520,537
165,538
406,538
211,540
219,541
352,541
11,542
25,542
26,542
92,542
391,542
97,543
105,544
287,544
163,546
3,547
29,547
290,547
67,548
202,548
76,549
193,551
105,552
125,553
134,555
14,556
27,559
92,559
322,559
305,561
221,562
302,563
60,565
151,570
465,571
383,572
92,573
520,573
105,575
83,578
11,579
162,579
20,580
413,580
359,581
70,582
144,584
1,586
202,586
48,588
397,588
33,592
105,592
325,592
66,595
0,597
6,597
134,598
174,598
362,598
511,600
251,601
144,602
97,603
7,606
0,607
130,607
164,607
434,608
26,609
442,610
3,612
353,612
97,613
175,613
85,614
274,614
39,615
28,617
4,618
371,618
402,618
431,618
4,619
8,621
143,622
163,623
235,624
294,625
28,626
287,626
174,627
315,628
48,630
211,630
219,633
239,633
282,634
386,634
433,635
626,635
70,636
88,636
76,638
4,639
95,639
144,640
208,641
41,642
105,644
176,644
87,645
125,645
97,646
345,646
353,646
125,649
151,650
542,650
64,651
56,653
124,654
402,654
63,657
537,657
134,659
452,659
164,660
130,667
165,668
651,668
482,669
397,670
3,671
29,671
279,672
193,674
186,675
9,676
67,676
3,677
144,681
359,682
165,684
164,685
579,685
0,686
442,686
92,687
575,688
278,690
251,694
88,695
441,695
346,696
45,697
106,697
165,699
242,700
530,700
304,703
501,703
74,704
29,705
208,705
212,705
4,706
16,706
339,706
399,706
26,707
68,707
159,707
706,711
28,714
144,714
681,717
28,718
254,720
659,720
417,721
538,721
14,722
164,722
142,724
23,725
511,725
1,727
4,728
33,729
363,729
706,730
75,734
381,734
212,736
707,736
626,737
4,739
392,739
302,740
76,741
55,743
47,746
0,747
60,752
696,752
214,753
23,754
25,755
3,756
86,759
392,762
187,763
429,763
55,764
696,765
86,767
0,768
137,768
278,768
578,768
63,769
0,770
227,771
0,772
74,772
27,773
345,774
316,775
167,776
556,776
25,777
476,777
3,779
15,781
450,782
88,783
242,784
28,785
131,785
23,787
0,788
106,789
23,791
26,791
289,793
28,794
67,796
572,797
522,798
654,799
55,800
97,800
148,800
47,801
695,801
143,802
251,802
37,805
359,806
97,808
105,808
212,809
384,810
233,811
237,811
23,812
165,815
337,816
610,817
16,823
449,823
16,824
88,825
306,825
62,827
261,827
290,829
488,829
362,831
88,832
392,832
27,833
212,833
142,834
588,834
419,835
559,837
105,839
88,843
167,845
125,846
4,854
153,855
121,860
9,862
41,863
135,863
736,863
239,864
706,865
95,866
402,867
714,867
799,867
450,868
5,869
541,869
130,870
300,870
578,872
333,873
635,873
654,873
0,874
346,874
706,874
601,875
653,879
110,880
3,881
134,881
294,882
23,883
254,884
219,885
29,886
0,888
16,888
565,888
873,890
397,891
203,892
329,893
346,895
23,896
450,897
70,899
27,900
88,900
352,900
20,901
706,901
144,907
671,907
386,908
829,908
41,910
816,911
864,913
245,914
410,914
3,915
660,916
756,918
816,918
63,920
249,920
75,922
482,922
736,922
540,923
832,923
130,924
5,926
6,926
14,926
138,926
151,926
646,927
95,929
639,929
846,929
33,931
193,931
41,932
435,932
92,933
40,936
56,939
57,939
651,939
908,941
121,942
383,942
11,943
636,944
239,947
92,953
77,954
3,955
208,955
23,959
626,960
20,962
428,962
721,963
287,964
62,965
81,965
833,965
184,966
42,968
245,970
547,970
654,970
563,971
410,972
767,972
64,974
776,974
310,975
402,976
130,977
153,977
304,977
328,978
845,978
219,980
249,980
88,981
97,981
799,981
137,983
962,983
25,985
862,986
125,987
186,989
529,989
626,989
338,991
484,992
926,992
352,993
131,994
929,994
134,995
310,998
511,998
40,1000
544,1002
367,1003
522,1003
618,1003
801,1004
88,1006
0,1007
153,1009
15,1010
559,1010
910,1010
45,1011
402,1019
14,1023
682,1025
0,1026
527,1026
33,1027
762,1027
832,1029
998,1029
60,1030
11,1032
20,1033
371,1034
835,1034
28,1035
245,1035
203,1036
2,1038
20,1039
20,1040
433,1040
681,1040
219,1041
519,1041
76,1042
271,1042
767,1043
151,1044
193,1044
171,1045
791,1045
11,1047
289,1048
788,1051
144,1053
333,1053
651,1053
696,1054
289,1055
530,1055
143,1057
239,1057
245,1057
901,1057
28,1058
219,1058
740,1061
1009,1062
212,1065
40,1067
151,1067
17,1068
347,1068
978,1068
1062,1068
242,1069
322,1070
1032,1070
118,1071
144,1071
572,1072
289,1073
15,1074
93,1075
359,1077
989,1079
896,1082
62,1083
705,1083
0,1084
891,1085
151,1086
7,1087
3,1088
659,1088
4,1089
273,1089
23,1090
625,1091
866,1091
67,1092
668,1094
756,1095
965,1096
542,1098
570,1098
135,1099
165,1101
67,1103
176,1103
245,1103
184,1104
671,1104
472,1105
565,1106
100,1108
1051,1108
3,1109
776,1111
29,1112
41,1113
1009,1114
121,1115
278,1115
142,1118
165,1118
431,1118
26,1120
122,1121
487,1121
916,1122
538,1123
515,1124
767,1124
413,1125
1,1127
137,1128
12,1130
1070,1130
26,1131
77,1132
163,1132
208,1132
131,1133
176,1133
722,1134
131,1135
486,1135
907,1135
8,1136
459,1137
773,1138
92,1139
1087,1139
681,1140
99,1142
153,1142
432,1142
151,1143
286,1145
26,1148
294,1151
651,1151
137,1153
448,1153
55,1155
212,1158
651,1158
41,1159
29,1162
26,1165
0,1166
219,1167
397,1167
730,1167
0,1168
67,1170
232,1170
251,1171
20,1175
29,1175
1010,1175
4,1177
1091,1177
11,1178
144,1178
513,1178
25,1180
42,1180
3,1181
45,1181
149,1181
879,1181
97,1185
690,1186
33,1187
396,1189
67,1192
218,1192
234,1192
970,1192
105,1195
578,1195
694,1195
144,1197
151,1197
402,1197
193,1198
626,1198
1159,1199
233,1200
746,1201
64,1202
85,1202
113,1203
325,1203
896,1203
573,1205
285,1207
602,1207
636,1207
39,1211
11,1212
801,1213
962,1213
832,1214
978,1215
63,1216
1175,1216
705,1217
926,1217
93,1218
517,1219
970,1219
20,1220
880,1220
439,1221
573,1221
768,1222
126,1224
1198,1227
881,1228
1159,1230
232,1232
141,1235
26,1236
300,1237
1227,1237
1023,1238
20,1239
870,1239
1192,1239
363,1242
214,1243
835,1243
636,1244
20,1247
143,1247
187,1247
11,1250
0,1254
92,1256
202,1256
339,1257
0,1258
720,1259
367,1260
873,1262
26,1263
1256,1263
76,1264
29,1265
517,1266
3,1267
29,1267
9,1269
1239,1269
142,1271
913,1271
64,1272
142,1272
891,1272
1057,1272
913,1274
1039,1275
1181,1275
63,1276
86,1276
768,1276
29,1277
227,1278
300,1278
6,1282
57,1282
137,1282
60,1283
765,1285
981,1285
14,1286
28,1286
1135,1288
66,1289
897,1289
923,1289
33,1292
1200,1292
615,1293
392,1294
144,1299
23,1302
97,1302
144,1305
1159,1306
1170,1306
33,1307
704,1307
845,1308
1057,1308
1207,1308
379,1311
450,1313
165,1314
23,1315
29,1317
164,1320
1256,1321
134,1323
1314,1323
11,1327
153,1328
85,1329
490,1329
1159,1331
572,1332
211,1335
262,1336
1203,1336
281,1337
346,1337
575,1337
1062,1337
137,1338
1218,1338
23,1339
470,1339
752,1339
290,1340
1332,1341
25,1342
88,1345
202,1346
1292,1347
134,1348
402,1348
888,1349
0,1350
354,1350
789,1352
11,1354
1337,1354
62,1355
964,1355
95,1356
507,1356
752,1357
559,1358
602,1358
636,1358
172,1359
139,1360
718,1360
82,1362
651,1362
1258,1362
1218,1364
245,1367
239,1368
0,1369
26,1369
27,1369
118,1370
4,1371
29,1371
659,1373
823,1375
864,1375
1038,1375
1057,1377
142,1378
346,1380
829,1381
682,1384
1091,1385
339,1386
1108,1386
151,1389
540,1390
384,1394
151,1395
1030,1395
646,1396
788,1396
27,1399
65,1399
300,1399
1180,1399
8,1401
488,1401
100,1404
347,1404
776,1404
144,1405
1292,1408
346,1410
1337,1411
27,1413
122,1413
406,1413
763,1413
239,1414
565,1414
694,1416
164,1417
304,1418
433,1418
219,1419
565,1419
20,1420
65,1420
392,1420
1420,1421
929,1422
1263,1422
143,1425
282,1426
1217,1426
3,1428
422,1428
0,1430
73,1430
933,1432
62,1433
346,1433
165,1434
20,1435
66,1435
99,1436
1007,1436
139,1437
1010,1440
26,1442
254,1443
329,1445
39,1446
93,1447
801,1449
543,1451
457,1453
797,1458
338,1461
1239,1461
203,1466
1035,1466
85,1468
144,1468
578,1468
835,1468
219,1469
16,1471
1115,1472
964,1473
3,1474
565,1474
1217,1474
142,1475
970,1476
23,1478
143,1478
764,1478
981,1478
17,1479
768,1480
354,1481
508,1482
306,1483
913,1483
99,1484
41,1485
83,1487
864,1487
40,1488
167,1488
972,1491
1192,1491
900,1493
986,1493
62,1496
25,1497
261,1497
347,1497
888,1497
913,1499
56,1502
920,1502
138,1503
429,1503
433,1503
651,1503
926,1503
1077,1508
1142,1510
4,1513
7,1516
5,1517
1426,1518
929,1520
1491,1520
23,1522
289,1523
153,1524
1181,1524
159,1525
1243,1528
315,1530
1027,1530
25,1534
242,1535
398,1535
614,1536
767,1536
325,1537
472,1537
354,1541
74,1545
282,1545
165,1547
124,1549
4,1550
172,1550
318,1550
1181,1550
1292,1551
237,1552
476,1552
1323,1554
11,1555
47,1558
465,1559
1029,1561
602,1562
65,1563
95,1563
7,1566
143,1568
469,1569
1466,1569
964,1570
1534,1572
991,1574
17,1575
570,1576
26,1577
432,1579
354,1582
931,1583
1536,1583
138,1584
1371,1584
0,1585
287,1587
476,1587
486,1592
1074,1596
88,1598
486,1603
23,1604
33,1604
1122,1605
1362,1607
62,1608
14,1610
659,1610
3,1612
939,1613
29,1615
1413,1615
306,1616
1257,1616
1069,1619
66,1620
1,1621
442,1621
1503,1621
406,1623
823,1623
978,1623
130,1624
582,1624
791,1625
16,1626
28,1628
99,1628
144,1629
63,1630
251,1632
60,1633
454,1633
796,1633
1094,1634
470,1636
929,1636
1178,1637
153,1638
161,1638
239,1638
1130,1638
63,1641
347,1641
113,1642
1481,1643
315,1644
454,1644
23,1645
767,1647
1528,1647
489,1648
575,1648
201,1650
316,1650
706,1650
25,1651
932,1651
1481,1651
998,1652
70,1653
635,1654
1566,1654
56,1655
1045,1655
237,1656
983,1658
472,1659
1568,1659
97,1660
1615,1660
0,1662
26,1662
808,1662
1329,1665
11,1666
281,1667
153,1670
274,1671
1386,1671
25,1672
511,1672
92,1673
155,1673
6,1674
74,1678
338,1678
92,1680
445,1680
4,1682
63,1683
825,1683
419,1684
832,1685
28,1686
788,1688
1524,1688
960,1689
989,1690
26,1693
60,1694
63,1694
333,1695
294,1697
56,1700
144,1701
1142,1705
1482,1705
25,1706
203,1706
725,1706
14,1708
64,1708
124,1708
23,1709
29,1710
455,1710
1155,1710
706,1713
1654,1713
333,1714
681,1717
480,1718
254,1719
609,1720
1315,1720
9,1722
208,1723
695,1724
682,1725
1104,1725
559,1727
1217,1727
565,1728
20,1733
1178,1733
832,1734
142,1735
816,1736
1483,1736
20,1737
68,1737
62,1738
381,1738
435,1738
1108,1739
676,1741
1074,1743
1181,1743
4,1744
1386,1744
507,1745
406,1746
457,1746
1481,1746
41,1747
1615,1748
1339,1749
76,1750
1743,1751
743,1752
1057,1753
142,1755
1545,1755
3,1756
1136,1758
433,1759
977,1759
302,1760
1683,1760
5,1762
897,1762
47,1763
63,1763
153,1763
315,1763
1074,1763
480,1765
626,1767
714,1767
137,1768
105,1769
9,1770
1647,1770
625,1771
513,1774
167,1778
64,1779
75,1779
174,1779
339,1780
68,1781
289,1782
1207,1784
1419,1785
756,1788
168,1790
452,1790
947,1790
318,1792
67,1794
669,1796
85,1799
105,1799
547,1799
99,1800
28,1804
625,1807
20,1810
989,1810
1503,1810
1497,1812
33,1814
329,1814
1254,1820
1313,1820
476,1821
1434,1821
469,1822
0,1825
97,1825
4,1830
1558,1830
1451,1832
56,1833
1207,1834
72,1835
1672,1836
130,1837
138,1837
0,1838
1800,1838
1,1839
48,1841
346,1841
722,1841
832,1841
964,1841
1006,1842
282,1843
1220,1844
435,1845
725,1847
0,1848
40,1848
192,1848
203,1848
470,1848
1434,1848
1254,1849
1329,1849
808,1850
1175,1850
1220,1851
6,1853
610,1853
1047,1854
41,1855
227,1856
142,1857
134,1858
1497,1858
48,1860
302,1860
1651,1861
268,1862
295,1863
556,1863
565,1867
1239,1867
1497,1867
5,1868
69,1868
649,1868
808,1868
148,1870
165,1870
1051,1872
274,1873
626,1873
660,1873
0,1875
962,1875
11,1880
1167,1880
404,1881
470,1881
251,1883
411,1883
1044,1883
1484,1884
302,1885
28,1886
57,1887
3,1888
244,1889
131,1891
548,1892
262,1894
706,1894
125,1895
1003,1895
11,1896
16,1897
341,1897
10,1898
125,1899
11,1900
699,1900
41,1902
628,1902
57,1903
282,1903
395,1904
1276,1904
45,1907
168,1907
40,1908
137,1908
144,1909
943,1909
1336,1909
115,1910
1314,1911
0,1912
1053,1914
27,1916
29,1916
1900,1916
16,1921
410,1926
511,1926
636,1929
768,1931
3,1932
40,1932
151,1932
294,1934
1499,1934
274,1935
287,1935
563,1935
76,1937
1121,1938
40,1940
441,1942
62,1943
125,1943
347,1945
888,1947
20,1948
3,1949
25,1949
970,1950
0,1954
100,1954
0,1956
740,1958
39,1961
1057,1961
799,1964
269,1965
413,1968
57,1969
544,1970
926,1970
1158,1971
1371,1971
1347,1972
854,1973
1,1974
346,1974
1386,1974
1820,1975
537,1976
20,1977
93,1977
796,1978
1605,1978
1217,1980
1525,1980
192,1982
543,1983
705,1985
1139,1985
23,1989
192,1989
470,1989
1108,1989
1751,1990
211,1991
1135,1992
0,1994
897,1995
289,1997
212,1999
1568,1999
1800,1999
164,2000
347,2001
474,2003
1437,2003
1637,2004
153,2005
192,2005
406,2005
47,2006
1159,2006
15,2007
1220,2007
1717,2008
846,2009
1133,2010
1748,2014
986,2016
10,2017
20,2018
977,2018
282,2019
1355,2020
26,2022
1990,2022
259,2023
1662,2023
60,2024
135,2027
197,2029
581,2029
929,2030
2010,2030
2018,2030
208,2032
1568,2032
11,2033
470,2033
1217,2033
597,2034
0,2037
422,2037
1763,2037
1799,2037
171,2039
0,2041
486,2044
586,2045
588,2045
39,2046
1550,2047
1667,2047
1070,2048
474,2049
1115,2054
11,2056
149,2056
588,2057
85,2059
1426,2060
45,2061
1491,2062
1633,2062
831,2065
168,2068
612,2068
874,2068
1338,2069
2018,2069
26,2070
1550,2070
3,2071
329,2075
964,2075
2016,2077
1135,2078
1706,2080
3,2082
4,2082
126,2082
704,2083
1,2084
881,2084
65,2086
339,2086
526,2086
29,2087
381,2087
431,2087
1561,2088
1286,2090
1483,2090
1537,2090
159,2091
163,2091
233,2092
251,2092
1094,2093
1339,2093
1630,2094
1683,2094
831,2095
1608,2095
528,2096
1151,2096
1399,2096
233,2099
26,2100
6,2101
542,2101
1036,2101
1051,2101
40,2103
66,2103
768,2103
25,2105
47,2105
76,2107
242,2111
268,2113
85,2114
1503,2114
1643,2114
1503,2116
88,2117
674,2117
1271,2117
137,2118
978,2118
515,2121
197,2123
1482,2123
126,2124
1561,2125
1832,2125
2068,2125
20,2127
406,2128
206,2130
134,2131
1320,2131
823,2132
289,2133
601,2133
2117,2133
69,2135
322,2135
1083,2135
2095,2135
274,2137
465,2137
670,2138
685,2138
1358,2140
329,2141
773,2142
1853,2142
29,2143
141,2144
184,2144
0,2145
704,2145
1,2146
1025,2146
1067,2146
2003,2147
1471,2148
1195,2149
472,2150
396,2151
1751,2152
203,2153
381,2154
26,2158
1142,2159
1478,2159
1974,2159
626,2160
151,2161
141,2162
20,2163
1569,2164
1167,2166
75,2171
296,2171
575,2172
625,2172
1131,2172
1399,2172
704,2174
734,2174
25,2176
26,2176
1007,2176
486,2177
1142,2177
1916,2177
25,2178
1358,2180
76,2186
476,2186
1328,2186
926,2187
1848,2191
614,2193
872,2194
1167,2196
304,2197
1142,2197
395,2198
1035,2200
273,2202
669,2202
977,2202
2096,2202
232,2204
65,2205
1717,2207
1867,2208
1493,2209
15,2210
559,2210
1616,2210
354,2211
1523,2211
3,2215
254,2215
20,2217
29,2217
305,2217
0,2219
244,2219
682,2220
1035,2220
1,2222
305,2223
1684,2223
1491,2224
2154,2224
695,2225
67,2227
144,2227
1171,2227
11,2228
1468,2228
14,2229
767,2229
1168,2229
2061,2230
85,2232
10,2233
251,2233
1867,2233
2146,2235
393,2237
618,2237
1381,2237
130,2239
911,2241
1256,2242
1774,2243
2217,2243
8,2244
1077,2244
1371,2244
33,2245
837,2247
916,2248
1238,2249
825,2250
1121,2251
1945,2252
345,2254
522,2256
124,2257
486,2258
229,2260
1545,2260
60,2261
29,2262
4,2264
48,2264
67,2265
1217,2265
1788,2266
1566,2267
3,2268
1035,2268
130,2269
131,2271
239,2271
1084,2271
1659,2271
67,2275
1747,2275
289,2276
29,2277
1132,2277
129,2282
26,2283
29,2283
873,2283
1370,2283
306,2284
447,2285
322,2286
1569,2286
1868,2286
699,2289
2275,2289
161,2291
1239,2291
105,2292
165,2292
393,2292
386,2294
2009,2294
0,2295
1632,2296
29,2297
551,2297
2069,2298
831,2299
0,2300
57,2300
144,2301
972,2301
431,2303
144,2304
1705,2304
1525,2305
773,2307
0,2310
864,2310
324,2312
1185,2312
781,2313
69,2315
97,2315
175,2315
11,2318
914,2318
1045,2319
581,2321
2125,2323
115,2325
144,2325
1282,2325
1799,2326
2032,2328
1070,2330
1237,2330
1642,2330
27,2332
572,2332
1,2333
681,2335
1743,2335
163,2337
369,2337
20,2339
57,2340
139,2340
347,2340
1339,2340
261,2341
353,2342
472,2343
2160,2343
187,2345
2268,2345
88,2347
92,2347
65,2348
8,2349
69,2349
2313,2350
15,2351
393,2351
1272,2354
472,2355
1185,2358
134,2362
1978,2362
1,2363
32,2368
20,2370
0,2371
1932,2371
97,2372
282,2373
3,2377
41,2377
302,2377
27,2378
1849,2379
63,2380
65,2382
1007,2382
1932,2382
1744,2384
2275,2384
1358,2385
1550,2388
2243,2389
2018,2390
1358,2393
1563,2396
272,2397
586,2397
1651,2397
1800,2397
92,2398
1743,2399
923,2400
1836,2401
333,2403
1825,2403
281,2405
15,2411
2294,2413
278,2414
363,2414
1718,2414
329,2416
736,2416
65,2417
654,2418
1360,2419
1478,2420
1394,2421
1848,2421
1945,2421
1130,2426
144,2427
88,2429
1999,2429
1239,2432
1972,2432
143,2434
219,2434
203,2437
1247,2437
10,2440
66,2444
1311,2445
130,2446
1853,2446
962,2448
404,2451
430,2454
465,2454
290,2455
431,2458
67,2459
225,2459
1969,2459
354,2461
2003,2462
1956,2463
1228,2464
23,2465
116,2465
239,2466
144,2467
1836,2467
2429,2467
25,2468
261,2469
1451,2470
788,2471
1659,2471
16,2473
66,2473
29,2474
245,2474
617,2474
755,2474
1007,2474
151,2475
417,2475
2358,2475
11,2476
164,2476
2131,2476
7,2477
232,2477
1650,2477
1358,2480
495,2481
141,2482
1999,2482
899,2483
137,2484
1853,2484
151,2486
2318,2486
102,2487
1122,2487
2044,2487
64,2488
11,2489
866,2489
86,2490
1292,2491
40,2493
433,2495
1211,2495
2275,2495
105,2496
121,2499
0,2500
1118,2503
1659,2503
3,2504
159,2506
472,2506
480,2506
922,2506
2032,2508
144,2509
866,2510
1323,2510
56,2511
739,2511
105,2512
873,2513
1908,2513
2016,2513
626,2515
2227,2515
125,2516
57,2518
752,2519
1636,2519
1545,2520
310,2521
2297,2521
1275,2522
238,2524
2198,2524
1841,2525
0,2526
433,2527
994,2527
1168,2527
989,2528
2271,2528
714,2529
846,2529
1990,2529
2339,2529
823,2530
159,2531
756,2532
1308,2532
1027,2533
26,2539
2125,2539
435,2541
923,2541
1497,2542
433,2543
56,2545
1089,2546
2048,2546
1604,2548
211,2549
337,2549
25,2550
1643,2550
1360,2552
1356,2554
450,2556
1224,2556
1534,2557
768,2558
0,2559
208,2560
329,2560
62,2561
137,2562
1468,2562
448,2565
1258,2565
1701,2565
2096,2565
2277,2566
668,2569
2095,2570
770,2572
5,2573
1561,2574
190,2575
346,2576
1569,2576
151,2578
756,2578
0,2579
88,2581
2301,2583
28,2585
799,2586
989,2587
816,2589
102,2591
1074,2591
1904,2592
402,2593
161,2595
2090,2595
1030,2597
1763,2599
4,2600
255,2600
281,2600
5,2604
384,2604
95,2606
384,2606
681,2606
211,2608
2010,2609
282,2610
1814,2610
964,2613
141,2614
164,2615
682,2615
6,2616
1999,2616
2572,2616
794,2617
579,2618
1258,2618
417,2619
1674,2619
1,2620
95,2620
2101,2620
2286,2620
703,2621
1706,2621
29,2623
1282,2623
1810,2623
1442,2625
341,2626
2220,2628
1830,2629
221,2630
2599,2630
25,2634
40,2634
1647,2634
987,2635
92,2637
1314,2637
1468,2637
2060,2637
883,2638
2597,2640
23,2641
343,2644
245,2645
1660,2646
119,2647
832,2647
11,2648
143,2649
699,2650
131,2651
1159,2652
63,2656
763,2656
1085,2656
62,2660
163,2660
233,2662
625,2663
908,2663
1479,2663
2600,2663
76,2666
1010,2667
1386,2667
897,2669
2023,2669
2133,2669
2570,2669
25,2670
11,2672
874,2673
1708,2673
1566,2675
2202,2676
115,2677
874,2678
1883,2678
1358,2679
2150,2679
1999,2680
8,2681
75,2681
1718,2681
711,2682
891,2684
63,2685
659,2685
459,2686
2475,2687
272,2688
304,2688
45,2689
63,2690
897,2690
1,2691
2151,2691
64,2694
130,2695
1030,2695
0,2697
1155,2698
187,2699
1700,2701
294,2702
1991,2702
67,2706
208,2706
186,2707
238,2707
2023,2708
2048,2709
124,2710
1142,2710
1032,2711
1481,2711
292,2712
2227,2712
2243,2712
232,2713
2210,2714
736,2715
796,2715
1673,2715
28,2717
933,2717
626,2718
1545,2719
801,2720
2091,2720
165,2721
752,2721
1535,2721
763,2723
810,2723
0,2724
65,2724
2437,2724
2662,2728
2100,2729
488,2730
1468,2730
926,2732
153,2733
1386,2734
2260,2734
42,2735
2318,2737
159,2738
429,2738
134,2740
1755,2741
513,2742
578,2743
994,2743
2023,2744
2647,2744
2691,2744
163,2745
451,2745
40,2746
151,2746
60,2749
193,2749
48,2750
2243,2750
2020,2752
306,2753
657,2753
1897,2754
1748,2755
41,2756
141,2756
2621,2757
337,2758
2285,2758
2033,2759
960,2760
2037,2761
63,2763
832,2763
1468,2763
900,2764
1217,2764
2217,2765
337,2769
1755,2769
2735,2770
0,2774
63,2775
470,2775
1133,2775
450,2776
2091,2776
268,2778
727,2778
1999,2778
1999,2779
292,2781
2232,2782
0,2786
25,2787
144,2787
626,2787
1089,2787
1608,2787
1055,2788
1192,2788
55,2790
553,2792
1970,2792
1362,2794
26,2795
33,2795
92,2798
565,2798
48,2799
137,2799
62,2800
131,2800
823,2801
1907,2801
508,2802
1227,2802
1763,2802
2735,2803
1358,2804
10,2806
144,2806
575,2806
2350,2806
2172,2808
359,2811
42,2812
1034,2814
480,2816
1961,2819
601,2821
929,2821
1994,2821
2172,2821
66,2823
60,2824
67,2825
2323,2825
63,2827
695,2827
1566,2828
7,2829
352,2829
239,2830
517,2830
752,2832
6,2836
705,2836
1780,2836
2599,2837
2792,2837
1200,2838
1358,2838
1978,2838
144,2842
1643,2842
1903,2842
2429,2842
1036,2843
337,2844
704,2845
880,2845
2637,2846
2057,2848
657,2849
1,2851
1909,2851
1916,2853
2300,2853
148,2854
29,2855
1577,2855
501,2857
144,2858
846,2858
2480,2858
1089,2860
1057,2861
92,2863
718,2865
106,2866
2048,2866
480,2867
2469,2868
2586,2870
20,2873
2277,2873
2750,2874
1039,2875
968,2877
369,2879
1895,2879
420,2880
2458,2881
2707,2881
4,2883
4,2884
1651,2885
0,2887
197,2887
929,2889
92,2890
1094,2890
115,2891
2271,2891
1030,2893
2533,2894
2599,2894
286,2897
431,2897
1861,2897
56,2898
1003,2898
1794,2898
513,2899
1237,2901
75,2905
607,2905
2792,2905
39,2906
1747,2906
669,2907
570,2909
1395,2909
34,2910
64,2910
164,2911
347,2912
1042,2912
362,2913
588,2913
1836,2913
1974,2916
1000,2918
2475,2919
2371,2920
2056,2921
1339,2922
1908,2923
2666,2923
617,2924
15,2925
67,2928
832,2928
1356,2928
2227,2928
977,2929
0,2930
2003,2931
2197,2931
1,2932
67,2932
262,2932
143,2934
547,2934
1003,2935
900,2939
1623,2940
1228,2941
936,2942
1978,2943
2243,2943
2675,2943
85,2944
1399,2944
1,2945
1895,2945
2018,2947
289,2951
2873,2951
1902,2952
1561,2953
113,2954
1762,2954
613,2955
4,2956
1534,2956
1151,2957
1283,2957
186,2958
2686,2958
1481,2959
1263,2960
645,2963
126,2966
2741,2967
431,2971
626,2973
1003,2973
1633,2975
151,2976
888,2976
11,2977
5,2978
1847,2978
2618,2980
2619,2981
20,2983
1023,2983
381,2984
864,2985
1623,2985
1197,2986
60,2987
63,2987
1656,2987
653,2989
2131,2990
393,2991
0,2992
495,2993
2271,2994
27,2996
70,2996
212,2997
535,2998
23,2999
776,2999
1071,2999
1057,3000
1891,3001
5,3002
362,3002
37,3003
547,3003
23,3006
1468,3006
1621,3006
595,3007
486,3008
125,3010
2799,3010
1274,3011
2710,3011
95,3013
11,3016
211,3016
1068,3017
412,3018
1216,3018
1739,3020
215,3022
874,3023
1332,3024
2298,3026
3001,3027
134,3029
1466,3029
3,3032
1547,3032
682,3033
339,3034
2746,3034
1414,3035
565,3038
234,3039
1074,3039
660,3040
720,3040
62,3041
2687,3042
787,3043
402,3044
1848,3047
412,3048
0,3050
339,3050
1660,3051
75,3052
1747,3052
2527,3055
278,3056
3,3057
359,3057
983,3057
598,3058
1045,3058
1128,3058
1902,3058
2030,3060
29,3062
219,3062
1089,3064
1239,3065
289,3067
1000,3067
1443,3067
1961,3067
0,3068
891,3069
1044,3070
704,3072
730,3073
1701,3073
445,3074
134,3075
505,3075
1034,3075
1,3076
1217,3077
144,3078
2321,3078
124,3079
15,3080
1292,3083
1566,3083
25,3086
1524,3086
1738,3086
6,3087
482,3088
578,3089
85,3090
252,3090
64,3091
16,3092
192,3092
1128,3092
718,3096
1003,3097
975,3099
143,3101
165,3101
941,3101
1980,3106
1101,3107
1636,3107
1830,3107
113,3108
768,3110
1181,3110
1644,3110
2262,3110
1035,3111
76,3113
1347,3114
433,3117
926,3117
93,3119
699,3119
2932,3120
0,3121
3013,3121
0,3122
1756,3122
2687,3123
534,3124
513,3125
2458,3126
788,3128
833,3128
20,3129
2315,3130
2669,3130
572,3131
2897,3132
0,3133
789,3133
932,3133
11,3134
242,3134
586,3135
55,3136
337,3136
779,3136
1872,3136
62,3138
296,3140
1645,3140
1748,3140
1034,3141
1858,3141
27,3143
2697,3143
542,3149
131,3151
526,3152
347,3153
1425,3153
130,3154
2985,3155
242,3157
347,3157
2154,3157
11,3158
73,3159
1810,3159
1220,3160
239,3161
445,3161
56,3162
697,3162
1550,3163
2610,3164
2832,3164
88,3166
151,3166
442,3166
113,3167
2802,3168
174,3170
2277,3170
3038,3170
245,3171
983,3171
75,3172
134,3172
100,3173
290,3175
2542,3176
4,3177
95,3177
1098,3177
2887,3177
845,3179
2283,3181
513,3182
2758,3183
141,3185
1972,3185
1943,3186
289,3187
8,3188
3051,3188
2690,3190
25,3191
1257,3191
1654,3192
1938,3192
0,3195
396,3195
705,3201
2117,3201
2684,3202
897,3203
69,3204
29,3206
130,3206
1723,3206
41,3208
3,3210
11,3210
1195,3210
1278,3211
3,3212
638,3212
703,3212
773,3215
2880,3217
165,3218
1638,3218
1347,3219
651,3221
864,3222
2675,3223
63,3225
149,3225
29,3226
2032,3226
2243,3228
586,3230
174,3231
933,3231
1549,3231
97,3232
682,3232
929,3232
215,3234
1360,3235
2686,3235
1003,3237
1358,3237
1659,3238
397,3239
1171,3240
1763,3240
2325,3241
2529,3241
142,3242
203,3243
2546,3243
151,3246
431,3247
2702,3247
274,3248
922,3248
1763,3248
68,3249
26,3252
517,3252
1083,3254
812,3255
41,3256
162,3256
2133,3256
4,3259
143,3259
2486,3259
2506,3259
6,3261
422,3261
549,3261
682,3262
64,3263
2057,3263
8,3264
1969,3264
130,3266
2486,3266
144,3268
251,3269
1053,3269
6,3270
1358,3270
0,3271
29,3274
636,3274
1007,3275
72,3278
1360,3279
1305,3280
2893,3285
3238,3285
93,3286
3,3290
143,3290
2637,3291
41,3295
23,3296
8,3298
62,3298
465,3298
26,3299
28,3302
869,3302
2417,3302
202,3303
137,3308
197,3308
1568,3309
3271,3309
1195,3310
2339,3311
2070,3312
3255,3312
202,3313
346,3313
1943,3314
287,3315
1197,3316
730,3317
964,3319
1217,3319
613,3320
2480,3320
730,3322
1077,3322
2211,3323
1105,3324
384,3325
776,3325
1051,3325
29,3327
144,3328
1672,3328
1683,3328
422,3330
33,3331
23,3333
831,3334
480,3337
2576,3337
97,3338
1151,3338
1317,3338
675,3340
3092,3340
64,3341
1375,3341
11,3342
56,3342
833,3346
1659,3346
203,3347
1619,3347
1181,3349
2145,3349
131,3350
725,3350
1369,3351
2691,3351
174,3352
801,3352
2292,3354
694,3355
1272,3355
305,3356
704,3356
2082,3356
4,3360
572,3360
891,3360
0,3361
8,3362
25,3362
134,3364
891,3365
2057,3365
63,3366
510,3367
72,3369
3356,3370
1613,3371
384,3372
2742,3372
2763,3372
625,3376
699,3376
2934,3376
40,3377
442,3378
2118,3378
2476,3380
105,3381
2318,3381
1763,3382
2575,3383
1613,3385
47,3386
1835,3386
14,3388
302,3389
1471,3389
699,3390
1159,3390
2763,3393
57,3394
66,3394
0,3396
2310,3396
144,3397
1794,3398
3241,3398
65,3399
1744,3400
1221,3401
3259,3401
2467,3402
53,3404
641,3404
2985,3404
3162,3404
1974,3405
97,3406
2345,3408
682,3410
1701,3410
3122,3410
1289,3413
706,3414
29,3416
75,3416
27,3417
797,3418
2283,3420
144,3421
431,3421
1616,3421
1638,3422
2578,3422
159,3423
1195,3423
2977,3423
1142,3426
1491,3429
983,3430
1035,3430
325,3431
369,3432
3341,3432
1873,3434
4,3435
7,3435
66,3436
2294,3436
2666,3437
47,3438
737,3441
2742,3441
339,3442
1375,3442
11,3443
1003,3444
8,3446
20,3448
508,3449
153,3450
929,3450
1042,3451
2865,3452
16,3453
305,3453
97,3455
970,3457
60,3459
2114,3460
2907,3461
2758,3462
1139,3463
1577,3463
3092,3463
2177,3464
55,3469
3435,3469
2702,3471
1978,3473
2666,3473
998,3476
1841,3479
16,3482
2467,3482
2952,3482
152,3483
1,3484
2005,3485
2806,3485
706,3487
0,3488
1042,3489
1999,3490
159,3491
1566,3491
212,3492
543,3492
588,3493
1217,3493
2276,3493
1155,3497
1264,3498
2180,3498
333,3500
2530,3501
1995,3502
23,3503
513,3503
20,3504
1870,3504
0,3505
1995,3506
2161,3506
142,3508
15,3509
64,3509
338,3509
3,3510
3120,3511
784,3512
137,3513
192,3514
572,3514
2663,3515
105,3516
540,3516
333,3517
1719,3517
65,3518
151,3518
40,3519
1077,3519
3136,3519
1256,3521
2178,3521
1858,3522
0,3523
193,3523
572,3524
106,3525
16,3527
186,3528
3479,3528
1760,3529
1810,3529
64,3530
1569,3530
2116,3530
1332,3531
2465,3532
565,3534
2604,3534
1360,3535
1481,3535
105,3537
1217,3537
1497,3537
1,3538
371,3538
1213,3540
3,3542
2057,3542
1834,3543
3530,3543
929,3544
1747,3544
2300,3545
144,3546
0,3547
137,3547
2096,3547
2339,3547
354,3548
1360,3549
1672,3549
1651,3551
2339,3552
87,3553
219,3555
542,3556
3225,3558
2476,3559
1073,3560
1705,3560
486,3562
3,3563
221,3564
1,3565
202,3565
2103,3565
110,3566
72,3567
76,3567
57,3568
410,3568
3210,3569
3062,3570
203,3571
3172,3571
998,3573
1055,3574
1642,3574
2957,3574
3555,3575
176,3577
2879,3579
352,3580
347,3583
1780,3583
2265,3583
3519,3583
505,3585
610,3585
1785,3585
1836,3586
989,3587
1207,3589
47,3590
2495,3592
1689,3594
3159,3596
138,3598
3516,3598
193,3599
870,3600
0,3601
1623,3601
812,3602
783,3604
11,3606
40,3606
105,3606
14,3608
8,3609
27,3609
3075,3609
95,3611
801,3611
310,3612
752,3618
3328,3618
0,3621
2769,3622
290,3623
1841,3624
3062,3624
2475,3625
281,3627
2546,3627
2951,3627
3238,3627
2532,3628
868,3629
1171,3629
1843,3629
3342,3630
2884,3631
433,3632
1835,3632
25,3635
964,3635
88,3636
507,3636
727,3636
10,3637
1832,3637
2121,3637
874,3638
45,3641
1999,3641
26,3643
300,3644
752,3644
1358,3644
1497,3644
88,3650
892,3650
602,3652
1940,3652
2335,3652
3210,3653
1207,3654
2706,3656
3583,3657
28,3658
0,3659
897,3659
2023,3660
3162,3660
164,3661
3291,3661
504,3662
1520,3663
1651,3663
15,3664
93,3665
1074,3665
3514,3665
26,3666
1272,3667
1873,3667
2023,3668
413,3669
399,3670
2934,3670
625,3671
2715,3678
0,3681
11,3681
515,3683
0,3684
20,3684
3497,3685
1239,3686
2138,3686
23,3687
1057,3687
1762,3687
3583,3687
203,3688
681,3688
808,3688
1216,3688
233,3689
130,3690
131,3690
131,3693
346,3693
2846,3694
208,3695
25,3697
20,3700
659,3700
671,3701
612,3702
1837,3703
1520,3704
2283,3704
2798,3705
3449,3712
1228,3714
2759,3715
3167,3715
3382,3715
72,3716
2897,3719
6,3720
271,3721
161,3722
29,3725
134,3726
797,3726
64,3728
454,3728
2197,3728
697,3729
1667,3729
65,3734
76,3734
1094,3735
26,3736
324,3736
1181,3736
144,3737
193,3738
1215,3738
3473,3739
870,3740
1166,3740
5,3742
134,3742
252,3742
3497,3743
29,3744
395,3744
192,3746
654,3748
717,3748
1228,3749
2262,3750
1,3753
1848,3754
144,3755
897,3755
699,3757
47,3758
95,3759
1848,3759
1545,3765
2750,3765
2987,3765
3720,3765
3684,3769
1528,3770
186,3771
970,3771
3555,3772
345,3774
2268,3776
535,3778
3529,3778
88,3779
232,3779
1860,3779
1369,3780
546,3782
5,3783
65,3783
4,3784
983,3784
227,3785
1737,3785
346,3786
2292,3786
93,3787
669,3787
2529,3787
3140,3788
130,3789
801,3790
1091,3791
28,3792
23,3794
929,3794
1821,3794
3423,3794
41,3796
706,3796
338,3797
1142,3798
1945,3798
1358,3799
339,3800
130,3802
417,3802
2154,3804
404,3808
1069,3808
1530,3809
1647,3809
1744,3809
867,3812
2239,3812
3590,3812
3101,3813
28,3814
379,3814
3153,3814
3602,3814
2348,3818
64,3819
1969,3821
2610,3821
776,3822
2591,3822
1027,3823
1765,3823
208,3824
165,3825
1027,3826
2758,3826
3641,3827
2465,3833
2966,3834
33,3836
2944,3836
242,3837
897,3837
3826,3837
1170,3838
56,3839
808,3839
897,3839
105,3843
135,3847
16,3848
40,3848
1142,3850
1706,3852
651,3853
1358,3853
2205,3853
486,3857
2518,3857
2589,3857
2242,3858
3,3859
393,3862
4,3863
1282,3863
964,3864
1159,3865
386,3867
2911,3870
3469,3870
1283,3871
977,3873
1070,3873
1523,3874
39,3875
571,3878
1171,3878
2397,3878
1320,3879
522,3883
2529,3883
3555,3883
3667,3883
151,3884
2398,3884
1105,3885
3312,3885
1853,3886
2318,3890
417,3891
1863,3892
274,3893
47,3894
306,3900
543,3900
1259,3900
575,3901
845,3903
2171,3903
2531,3906
29,3907
2648,3909
143,3914
924,3914
891,3916
767,3917
791,3917
88,3918
237,3918
39,3919
2599,3920
1124,3921
1550,3922
97,3923
134,3923
768,3923
832,3923
134,3924
615,3924
4,3925
2794,3926
3532,3926
42,3927
33,3928
1221,3928
2491,3930
3013,3930
2227,3932
983,3936
1804,3936
2548,3937
4,3939
255,3939
1133,3940
1239,3940
2734,3940
3225,3940
1171,3941
2048,3943
1759,3945
1292,3946
2672,3946
972,3947
1848,3947
923,3948
29,3949
294,3949
2473,3949
825,3951
1023,3951
3504,3953
3663,3953
1413,3955
221,3956
2526,3956
3322,3957
144,3958
4,3960
85,3960
67,3961
1227,3961
2579,3961
2243,3962
294,3963
2101,3963
470,3964
422,3965
2286,3965
1104,3966
972,3967
402,3968
450,3968
95,3969
3503,3969
153,3970
3919,3970
918,3974
1035,3974
1650,3974
451,3975
513,3975
799,3975
163,3976
622,3976
1849,3976
1104,3977
2806,3977
164,3978
3921,3978
1054,3979
3444,3980
115,3981
3121,3982
833,3983
1187,3984
1688,3984
302,3985
354,3986
315,3987
208,3988
2075,3988
2340,3990
282,3992
879,3992
3325,3993
454,3994
428,3996
3571,3996
39,3997
507,3998
1337,3998
1329,4000
3798,4000
2056,4001
144,4002
47,4003
2260,4003
2572,4003
100,4004
1701,4004
2133,4006
1836,4007
2799,4007
233,4008
908,4008
1244,4008
29,4009
20,4011
1860,4011
2758,4012
527,4013
3663,4015
211,4016
537,4016
1607,4017
20,4018
801,4019
962,4019
1189,4019
2125,4019
20,4020
2283,4020
23,4022
2448,4024
1481,4025
1289,4026
3814,4028
6,4030
765,4030
1135,4031
651,4033
2350,4033
55,4034
60,4034
68,4036
3401,4036
92,4037
81,4039
721,4039
2496,4039
3218,4039
33,4042
1858,4042
2068,4042
1897,4044
908,4046
1269,4046
4,4047
398,4047
442,4048
477,4048
2454,4050
184,4053
1045,4054
1070,4054
269,4056
2929,4056
962,4057
176,4063
2880,4065
671,4067
4003,4068
776,4069
465,4071
33,4072
419,4072
707,4072
2925,4072
891,4073
994,4073
144,4074
1153,4074
1900,4074
26,4075
2798,4077
2599,4081
489,4082
3406,4086
88,4087
1999,4091
11,4092
29,4093
2340,4093
2681,4093
825,4096
28,4098
809,4100
2138,4102
725,4103
833,4103
56,4104
646,4104
711,4104
412,4105
2493,4105
0,4106
434,4106
2117,4107
3376,4107
67,4108
706,4108
1875,4108
192,4111
42,4113
1175,4113
833,4114
1227,4116
1985,4116
1074,4118
2821,4119
2141,4120
29,4121
1131,4122
187,4123
88,4125
1130,4125
2575,4125
929,4127
1151,4128
773,4130
511,4131
1895,4131
47,4132
65,4132
281,4133
1706,4133
163,4134
454,4134
3988,4136
873,4138
2583,4138
3397,4138
4131,4138
16,4139
130,4139
602,4139
801,4140
2583,4140
2644,4140
0,4142
142,4142
2645,4142
315,4143
3448,4143
727,4144
2171,4145
2318,4148
4142,4148
671,4149
2230,4149
203,4150
1904,4150
3443,4150
56,4152
3,4157
1308,4158
3416,4159
1264,4160
1474,4164
4025,4164
1659,4165
2873,4165
1192,4166
614,4168
3946,4168
3918,4170
1057,4171
2286,4171
23,4173
537,4173
975,4177
2016,4177
2405,4178
998,4179
210,4180
1744,4181
2578,4181
20,4183
1655,4183
6,4185
2217,4185
184,4186
1499,4186
2600,4186
626,4187
597,4189
2217,4190
4168,4191
3644,4192
143,4195
41,4196
955,4196
913,4197
259,4198
1488,4198
1101,4201
897,4202
3386,4203
153,4205
855,4205
124,4206
289,4206
682,4206
1678,4206
768,4207
2474,4208
3341,4208
914,4210
27,4211
202,4211
3360,4211
450,4213
2880,4213
3449,4213
95,4214
1094,4214
1739,4215
1972,4215
97,4216
798,4217
3351,4218
1220,4219
1671,4220
144,4221
3528,4221
100,4222
1135,4222
1058,4224
1636,4224
202,4225
613,4225
964,4226
1339,4226
2792,4226
488,4228
1010,4228
2735,4228
164,4229
965,4229
772,4230
913,4230
75,4231
143,4235
1158,4235
1779,4235
23,4236
4072,4236
362,4241
986,4241
3,4246
672,4246
831,4248
12,4250
454,4250
3212,4252
14,4253
1135,4253
3585,4253
472,4254
62,4255
626,4257
2033,4257
2082,4258
1493,4260
76,4262
3124,4263
186,4264
135,4265
2116,4265
4104,4265
3162,4269
998,4272
1023,4273
2217,4274
0,4276
743,4277
119,4279
1264,4279
1135,4280
3516,4280
143,4282
33,4284
1763,4284
1800,4284
1978,4288
1985,4289
115,4290
145,4290
1159,4290
174,4291
854,4291
272,4293
2987,4293
399,4295
486,4296
1264,4296
703,4297
2210,4297
85,4299
480,4299
2877,4299
3075,4299
2358,4300
706,4302
55,4303
2641,4303
1218,4304
81,4306
638,4306
2685,4308
939,4309
2956,4309
4186,4313
2017,4314
983,4315
2062,4317
1497,4319
6,4320
11,4320
801,4320
1690,4321
2804,4326
3492,4326
290,4328
987,4332
2125,4333
2285,4333
1345,4334
2830,4335
28,4337
3327,4338
143,4342
3264,4342
2619,4343
1347,4345
1613,4345
2861,4345
1053,4347
346,4348
4208,4348
1027,4350
2310,4351
3170,4351
0,4353
2117,4353
1778,4356
3153,4356
193,4357
718,4357
20,4360
2680,4360
85,4361
3234,4361
832,4362
2963,4364
3186,4364
279,4365
511,4365
359,4367
3443,4368
802,4370
3687,4373
2770,4374
20,4375
2251,4376
638,4377
2248,4377
472,4378
28,4380
3900,4380
3687,4381
1755,4383
3631,4383
14,4384
92,4387
2715,4390
106,4393
897,4393
2177,4393
125,4394
734,4394
0,4395
3,4396
1257,4397
2069,4397
3000,4397
4253,4397
2399,4398
3684,4398
27,4399
845,4399
4,4402
1006,4402
2379,4404
121,4405
1830,4405
134,4408
225,4409
1158,4409
39,4410
964,4410
1744,4410
896,4412
3574,4412
626,4415
1358,4415
27,4417
1916,4417
2986,4417
4235,4418
1563,4419
20,4420
1934,4421
4125,4422
1706,4423
2141,4423
2549,4423
2976,4423
6,4424
1746,4424
741,4425
2592,4426
2690,4427
1759,4429
2062,4430
325,4432
2787,4433
47,4438
487,4438
978,4439
1810,4440
3848,4440
1282,4442
3397,4442
4397,4442
1561,4444
1220,4445
1619,4446
3518,4446
1870,4447
118,4448
435,4451
2689,4451
4332,4451
1067,4454
3312,4454
85,4455
2510,4456
2599,4456
737,4457
2912,4457
3926,4457
15,4460
175,4460
1848,4461
457,4462
3878,4462
3660,4463
3808,4463
1155,4465
2244,4466
88,4467
705,4467
1079,4470
1216,4470
1562,4470
29,4471
1135,4472
1566,4472
3238,4473
699,4474
2084,4474
618,4475
442,4481
2792,4485
203,4486
1652,4486
1083,4487
776,4488
1192,4489
625,4490
2180,4491
3039,4491
27,4493
2210,4493
2898,4498
448,4499
4,4500
318,4500
4065,4500
47,4501
1306,4501
2690,4501
1868,4503
2202,4504
1200,4505
1552,4506
1945,4506
487,4507
1820,4507
3130,4508
1098,4510
2267,4510
3032,4510
29,4511
47,4511
290,4511
854,4513
345,4514
287,4516
2776,4516
143,4517
192,4517
2217,4518
2975,4518
801,4519
1916,4519
3309,4519
3161,4520
2474,4521
1672,4522
2224,4523
2951,4523
1765,4525
2837,4527
2913,4529
4222,4529
867,4531
2730,4531
3072,4533
310,4534
315,4536
3443,4537
139,4539
2687,4540
3715,4540
395,4542
3725,4543
626,4544
130,4547
888,4547
1272,4547
88,4548
322,4549
1175,4551
131,4552
1820,4553
20,4555
602,4555
1311,4556
765,4557
3729,4559
0,4563
56,4563
1135,4564
3191,4565
1158,4566
7,4567
29,4567
584,4568
2690,4568
517,4569
2159,4570
645,4571
2519,4576
4555,4577
1314,4579
3259,4579
636,4581
1167,4581
3435,4583
4047,4583
2744,4584
3702,4587
25,4588
3482,4589
4122,4590
588,4591
4397,4591
1307,4592
3884,4592
3261,4594
1362,4595
1709,4596
27,4598
1942,4600
717,4601
1124,4601
965,4602
129,4604
97,4605
4397,4605
3602,4606
3269,4607
3388,4608
2959,4609
2125,4611
2211,4614
1010,4615
5,4616
393,4618
1954,4620
143,4621
278,4622
28,4624
271,4624
4280,4624
1,4625
2171,4625
347,4626
3107,4627
329,4628
4024,4628
669,4629
2769,4631
3688,4631
3903,4631
472,4632
174,4633
1167,4633
2578,4633
3290,4633
143,4634
543,4634
3462,4634
4013,4636
3441,4637
706,4641
4125,4642
1292,4644
540,4647
3739,4647
67,4648
2318,4648
97,4650
1103,4651
2795,4651
4291,4651
2016,4653
4004,4656
2945,4657
609,4658
62,4660
3825,4660
1607,4662
1736,4662
2480,4664
130,4665
1638,4665
25,4666
770,4666
450,4667
1426,4667
2202,4667
2806,4667
3688,4670
20,4673
134,4673
694,4673
269,4674
433,4677
1358,4678
302,4679
752,4680
1265,4681
3349,4682
659,4683
3333,4685
388,4686
33,4689
371,4689
705,4689
37,4691
40,4692
126,4692
1003,4692
2960,4692
278,4694
2641,4694
697,4695
2945,4695
2018,4696
4332,4696
1810,4697
3295,4697
3378,4697
251,4699
513,4700
2396,4700
575,4701
1386,4701
725,4704
614,4705
740,4707
1339,4707
3418,4707
1926,4709
2532,4709
3921,4710
3594,4711
0,4712
4566,4713
987,4716
3464,4716
211,4717
1256,4717
3430,4717
4378,4717
2480,4722
3636,4722
4360,4726
143,4727
164,4727
65,4728
27,4729
166,4729
4701,4729
92,4730
1970,4731
383,4732
3013,4733
549,4737
998,4742
33,4743
1478,4743
2681,4744
2905,4745
279,4746
2706,4746
143,4747
34,4749
454,4749
891,4749
1883,4749
153,4750
3624,4755
762,4758
1421,4758
1416,4762
88,4763
130,4767
2562,4767
2730,4767
1337,4769
3878,4769
72,4770
1834,4770
3936,4770
2211,4771
4615,4772
1369,4773
1660,4774
525,4776
3837,4777
1239,4778
3435,4779
2397,4780
2978,4783
3544,4785
225,4786
3212,4786
2003,4787
2475,4788
2939,4789
3010,4789
823,4790
2552,4790
626,4791
3794,4791
4179,4791
381,4793
92,4794
537,4795
1613,4797
3932,4798
41,4799
418,4799
2057,4799
2527,4800
2977,4800
2623,4801
4033,4802
39,4803
0,4804
75,4804
893,4805
1659,4805
433,4806
130,4807
3590,4807
362,4808
203,4810
164,4811
2720,4811
3225,4811
325,4812
651,4813
4506,4813
3608,4814
339,4816
538,4816
685,4816
1135,4818
2697,4818
3166,4819
20,4820
412,4820
4467,4820
2702,4822
1,4823
3988,4823
1999,4824
4074,4824
85,4825
3446,4825
192,4826
1909,4828
97,4830
11,4831
869,4831
23,4832
87,4832
422,4836
1067,4836
3975,4839
70,4840
2227,4841
2996,4841
4231,4842
1200,4843
2205,4843
1799,4845
3340,4845
626,4846
1910,4847
2088,4847
2532,4847
1810,4848
965,4850
2382,4852
1619,4853
329,4857
23,4859
2243,4859
4304,4862
206,4863
1276,4864
2745,4864
202,4865
2746,4866
176,4867
1142,4869
3055,4869
3753,4869
141,4870
67,4871
4472,4871
60,4874
1568,4875
910,4876
1019,4876
2264,4876
15,4877
2180,4877
138,4878
970,4878
1271,4878
1765,4878
2105,4878
1404,4879
2583,4880
362,4881
4274,4882
97,4884
3232,4884
27,4887
2912,4888
547,4890
1670,4890
2057,4890
3435,4890
324,4892
544,4893
3659,4893
25,4896
47,4896
306,4896
579,4896
138,4897
2133,4897
4046,4897
2417,4898
3126,4899
1790,4902
3590,4903
341,4904
124,4905
1247,4906
1217,4907
163,4908
3516,4908
11,4909
3839,4910
27,4911
1651,4913
3232,4914
14,4915
3918,4916
987,4917
1257,4917
1862,4919
1739,4920
559,4921
2843,4921
66,4922
1545,4922
3580,4922
60,4924
825,4924
1566,4924
695,4925
254,4926
1976,4926
1136,4928
4547,4928
1536,4930
1585,4930
1356,4935
371,4937
2340,4937
2530,4937
4399,4938
215,4939
116,4941
704,4941
165,4942
2729,4942
4924,4944
2775,4945
714,4947
4625,4947
2957,4949
4713,4949
2623,4951
398,4952
39,4953
1042,4953
1678,4953
85,4956
3024,4956
143,4957
2880,4957
2932,4957
64,4959
163,4960
636,4960
3637,4960
125,4961
704,4963
28,4965
3778,4965
33,4967
791,4967
1166,4968
1771,4968
29,4969
1166,4969
1035,4971
2260,4973
3386,4974
144,4977
47,4979
833,4979
3754,4979
1068,4980
1181,4980
1989,4980
100,4981
2459,4981
1999,4982
2957,4983
832,4984
1638,4984
2340,4984
1305,4987
3034,4987
1142,4988
2669,4990
20,4992
1271,4992
8,4994
896,4996
2506,4996
294,5000
572,5002
4628,5003
1098,5006
67,5008
3753,5008
2219,5009
1292,5010
707,5012
396,5013
4308,5013
281,5015
2729,5015
352,5016
1159,5016
1337,5016
1428,5016
404,5017
4378,5017
3742,5019
3786,5020
384,5021
1834,5023
2125,5023
2550,5024
537,5025
900,5025
4500,5025
1205,5026
2277,5027
3903,5027
3878,5028
159,5029
4376,5030
3,5031
25,5032
3535,5034
3237,5035
391,5036
547,5036
1003,5036
1767,5039
2529,5041
538,5044
192,5045
1743,5047
3688,5048
3397,5051
284,5052
302,5052
174,5053
896,5053
29,5054
417,5054
135,5055
105,5056
3075,5056
3464,5058
23,5059
47,5059
1938,5060
352,5064
4018,5064
725,5066
768,5066
1337,5066
2549,5068
3667,5069
3686,5070
2260,5071
3784,5071
20,5072
1061,5075
1961,5075
772,5077
1558,5078
1,5079
3350,5079
16,5080
565,5080
26,5081
28,5082
764,5082
1045,5085
1090,5086
2459,5087
1709,5088
3423,5088
575,5089
3787,5089
5054,5089
56,5090
39,5092
578,5092
1175,5092
669,5095
972,5095
3443,5097
1247,5099
2764,5099
2154,5101
384,5102
25,5104
251,5104
487,5104
3449,5104
3451,5104
1328,5105
4047,5105
922,5108
219,5109
1217,5109
212,5110
434,5110
329,5111
4644,5111
25,5112
487,5112
3208,5112
1499,5113
2133,5113
4913,5113
671,5114
4016,5118
137,5119
3627,5119
25,5120
559,5124
1035,5124
1413,5124
2707,5124
74,5125
4103,5127
725,5128
1051,5129
40,5130
2542,5131
3958,5131
929,5132
1292,5132
447,5135
16,5136
873,5136
4198,5136
62,5137
141,5137
23,5142
26,5142
777,5142
791,5142
384,5144
2681,5146
3574,5146
3848,5147
3380,5148
2610,5149
304,5150
559,5150
1221,5150
203,5151
3231,5151
131,5152
65,5153
808,5153
1759,5153
926,5155
2487,5155
1759,5156
40,5157
1940,5157
369,5158
3141,5161
1524,5162
2397,5163
2539,5163
3784,5164
2294,5167
4074,5167
4500,5167
962,5168
638,5169
25,5171
512,5173
3223,5174
699,5175
2710,5175
345,5179
1203,5179
233,5181
3535,5182
4280,5182
4903,5182
2545,5186
1286,5188
174,5189
588,5189
2068,5189
47,5190
4787,5190
3949,5192
11,5195
105,5196
586,5197
3271,5197
384,5199
978,5199
33,5200
25,5201
131,5201
588,5202
5157,5204
65,5205
3126,5205
0,5206
671,5206
1115,5208
129,5209
537,5209
1104,5209
1098,5210
1349,5210
4087,5212
1563,5213
3271,5213
5137,5213
251,5215
2299,5215
20,5216
510,5220
3050,5220
106,5221
3590,5221
3755,5221
106,5223
33,5224
53,5224
1536,5224
2778,5224
60,5225
586,5226
953,5226
3608,5229
211,5230
4853,5230
5213,5233
2271,5234
1302,5235
1744,5235
139,5238
3594,5239
15,5242
417,5242
33,5243
476,5245
26,5247
2821,5249
3689,5250
2326,5253
2578,5253
476,5256
2667,5256
67,5258
615,5258
1118,5259
3208,5259
2363,5260
5104,5263
3347,5264
15,5265
100,5265
1471,5266
69,5267
4046,5267
3325,5271
1475,5272
40,5273
124,5273
2715,5273
1481,5274
248,5275
2467,5275
4451,5276
2086,5277
269,5278
2757,5278
3509,5278
1131,5279
978,5281
565,5282
2377,5283
1985,5284
4519,5284
1759,5285
2069,5285
3965,5287
512,5289
1034,5289
1683,5289
3134,5289
2133,5291
4235,5293
5263,5293
259,5294
1943,5294
121,5295
705,5296
7,5297
2417,5297
301,5299
508,5299
33,5300
221,5300
845,5301
922,5301
4525,5301
56,5302
2792,5302
221,5304
173,5305
525,5305
165,5306
1142,5310
0,5312
4198,5312
143,5313
2358,5313
134,5314
125,5315
1638,5315
3580,5316
970,5317
1356,5318
668,5320
864,5320
131,5321
575,5322
66,5323
1057,5324
1358,5324
1873,5326
4501,5326
1536,5327
3946,5327
743,5330
4942,5332
57,5333
4566,5334
134,5336
1746,5336
8,5337
4104,5338
1057,5340
2358,5340
82,5341
20,5343
669,5345
95,5346
2687,5346
5273,5347
352,5348
3378,5348
245,5349
3609,5349
4717,5349
3410,5351
69,5352
85,5352
294,5355
609,5355
3261,5357
3463,5358
2645,5359
2645,5361
540,5365
254,5366
770,5366
6,5369
3627,5369
55,5370
5,5373
1999,5373
412,5374
2166,5374
3259,5374
113,5375
186,5375
1010,5375
1227,5375
1848,5375
165,5376
47,5378
159,5379
3537,5381
352,5382
3172,5385
563,5386
2619,5388
4647,5388
16,5389
1800,5389
339,5391
1659,5391
2634,5391
1765,5392
2211,5392
4596,5393
5226,5393
4548,5394
944,5397
1003,5397
1314,5397
4423,5398
232,5399
1339,5400
33,5405
248,5406
1836,5406
164,5407
4511,5407
4674,5407
2070,5413
2467,5413
165,5414
274,5414
5113,5415
1562,5416
2096,5416
2932,5417
119,5418
537,5418
3975,5418
298,5419
486,5419
3443,5419
5274,5420
5389,5421
1057,5422
1197,5422
1623,5422
2197,5422
1375,5424
3346,5425
3555,5425
4942,5425
271,5426
2133,5426
610,5428
2017,5431
2486,5431
4282,5431
1263,5432
1706,5432
2243,5432
381,5435
1974,5435
2629,5435
3459,5437
3771,5437
5162,5437
2209,5439
26,5440
1662,5446
2362,5446
1276,5448
3608,5450
425,5451
3241,5452
3372,5452
1468,5454
153,5457
2003,5457
186,5458
707,5458
4279,5458
985,5462
3341,5463
866,5464
873,5464
2733,5464
3135,5464
960,5465
26,5467
47,5467
962,5470
2978,5471
1570,5472
5150,5472
1,5474
25,5474
290,5476
124,5478
614,5478
4149,5481
3988,5482
2268,5483
897,5484
5358,5486
874,5487
3667,5487
434,5488
2829,5488
184,5490
3961,5491
4,5492
1216,5493
572,5494
695,5495
110,5496
99,5497
1007,5499
2690,5499
1652,5500
393,5502
4841,5502
4657,5504
565,5505
23,5507
3383,5508
1755,5510
3256,5510
171,5512
659,5512
926,5512
4398,5512
4996,5513
1468,5514
15,5519
8,5520
2227,5521
1339,5522
2100,5523
4186,5523
124,5525
3946,5525
1042,5526
2150,5526
2919,5526
306,5527
41,5528
65,5530
203,5531
1136,5531
15,5535
346,5536
3786,5536
63,5537
121,5537
287,5537
1171,5539
4196,5539
1872,5540
3670,5542
1202,5544
201,5545
3399,5547
5,5548
144,5549
290,5550
1413,5550
2154,5550
3769,5551
618,5553
1074,5554
2144,5554
4665,5556
25,5557
4791,5557
153,5558
445,5560
1220,5560
2687,5560
873,5561
4000,5562
16,5563
20,5565
1655,5565
2932,5565
82,5566
1221,5567
1837,5567
1348,5568
333,5569
752,5569
2232,5570
2829,5570
2202,5572
4235,5572
3309,5573
3629,5573
144,5574
1638,5574
5190,5575
2481,5576
4042,5576
203,5578
40,5579
4228,5584
2730,5587
1006,5588
5205,5589
137,5590
4696,5593
866,5594
2123,5594
67,5595
537,5597
1332,5598
699,5599
2899,5599
3340,5599
4711,5603
1239,5606
2335,5606
4651,5606
337,5608
4149,5608
6,5610
2385,5611
1738,5612
2510,5612
477,5613
1136,5613
60,5614
3627,5616
4132,5616
1390,5617
2947,5617
1239,5619
2910,5621
3238,5622
3635,5622
926,5623
3577,5625
93,5626
5388,5626
294,5627
1744,5627
5474,5627
4214,5629
1645,5630
800,5631
2604,5632
3452,5633
192,5634
294,5634
1503,5634
2049,5634
4186,5634
1098,5635
1753,5636
76,5638
34,5639
39,5640
4914,5640
549,5641
5523,5641
4674,5643
4799,5644
3378,5645
504,5646
1167,5646
3136,5651
55,5653
2599,5653
1883,5655
3435,5655
3,5656
11,5656
3,5657
329,5660
626,5660
1883,5662
3549,5668
3201,5669
40,5670
1655,5670
3936,5672
2708,5673
324,5674
203,5675
197,5676
602,5676
3484,5676
4206,5677
63,5678
163,5678
433,5678
3431,5679
4928,5682
1271,5683
399,5684
125,5687
359,5688
1175,5690
3171,5691
1638,5692
654,5693
5010,5693
305,5694
1651,5694
4279,5696
2010,5697
5289,5697
513,5700
602,5700
2217,5700
3932,5700
27,5701
1057,5701
487,5702
3212,5702
721,5703
1271,5703
1954,5703
4461,5703
1062,5705
706,5706
916,5710
1057,5710
3753,5711
2459,5714
575,5715
610,5715
10,5717
646,5717
3787,5717
1282,5718
4707,5719
3758,5720
4621,5720
923,5721
513,5722
397,5724
1552,5724
3921,5726
1360,5727
1790,5730
292,5731
5167,5731
4125,5732
2277,5733
5104,5733
3920,5737
92,5740
130,5741
2952,5743
651,5744
3809,5744
133,5747
5210,5747
1999,5749
2989,5750
570,5751
2151,5751
3758,5751
5069,5753
391,5756
60,5757
2486,5757
3057,5757
654,5758
144,5761
514,5761
5421,5762
2149,5763
2473,5763
3729,5763
5278,5765
3285,5766
926,5767
1375,5767
1566,5767
1737,5768
131,5769
2382,5770
4820,5770
1236,5773
1623,5773
4375,5774
1471,5777
2244,5780
2117,5782
4142,5783
1796,5785
3684,5785
62,5786
526,5786
2082,5786
1841,5789
2069,5789
1003,5790
1244,5790
622,5792
3259,5792
5437,5792
1171,5793
2335,5793
131,5795
186,5796
1159,5796
3389,5796
25,5797
752,5799
1276,5800
3556,5800
1841,5803
3010,5803
4142,5804
88,5806
148,5811
1750,5812
215,5813
4170,5813
137,5814
4717,5814
1484,5817
100,5819
649,5820
507,5821
891,5822
393,5823
392,5824
1203,5824
3256,5825
670,5827
1062,5827
2232,5827
88,5829
5102,5829
4015,5831
57,5832
2304,5832
3243,5832
4566,5833
5072,5833
1337,5835
4,5836
1810,5836
115,5837
2149,5837
1471,5842
2285,5842
2644,5843
1724,5844
2599,5844
3410,5847
3836,5848
337,5849
1131,5849
305,5850
1341,5852
2734,5852
103,5854
549,5855
3928,5855
300,5856
3423,5856
2459,5857
10,5859
3535,5859
3996,5859
1347,5861
924,5862
1651,5862
306,5864
1244,5865
3298,5866
6,5867
381,5868
1468,5871
4519,5871
5224,5871
5790,5871
433,5872
62,5873
752,5874
3342,5874
2774,5877
553,5881
2858,5882
1536,5883
66,5885
5625,5886
1665,5887
598,5888
783,5888
2758,5891
3968,5892
5773,5892
56,5893
3141,5893
125,5897
3192,5900
682,5901
1158,5902
4773,5904
4820,5904
2723,5905
3629,5905
926,5906
457,5907
92,5909
975,5909
3316,5909
3464,5909
137,5912
618,5912
245,5913
1894,5913
85,5915
1607,5916
1502,5917
3259,5917
254,5919
1137,5921
834,5923
2298,5923
2004,5924
3508,5924
2662,5925
5797,5927
1,5928
4689,5929
4769,5929
97,5931
381,5931
395,5931
2114,5932
4235,5936
4647,5936
125,5938
2650,5938
3600,5938
402,5940
729,5940
901,5940
1938,5940
2769,5943
165,5944
315,5944
1,5945
64,5945
752,5946
1170,5946
1832,5947
4042,5948
28,5949
2952,5949
1337,5950
2615,5950
1830,5951
2943,5953
4086,5953
2827,5954
4660,5954
686,5960
1672,5960
76,5962
6,5963
5822,5963
92,5964
983,5964
5389,5965
5677,5966
5525,5971
970,5973
1706,5973
23,5975
2198,5975
1053,5978
418,5980
2243,5982
2806,5983
1128,5984
2399,5984
1480,5986
640,5987
2283,5987
2033,5988
333,5991
1355,5994
20,5996
2776,5996
4601,5996
420,5997
66,5999
789,6000
33,6001
2292,6001
2957,6001
1978,6003
549,6004
1954,6004
768,6005
1968,6006
0,6007
832,6008
1535,6008
138,6009
787,6010
5012,6010
1629,6011
5953,6012
799,6014
3434,6014
67,6015
66,6016
142,6016
1140,6016
2910,6016
3459,6016
163,6017
2857,6017
4177,6018
810,6020
193,6021
41,6022
5414,6022
1607,6024
41,6025
4177,6025
1513,6026
4953,6026
4969,6026
192,6027
1274,6027
3058,6027
2304,6028
1651,6029
1932,6030
626,6032
1904,6032
29,6034
4583,6034
4928,6034
4198,6035
4461,6037
3482,6038
131,6039
1311,6041
134,6042
315,6043
3809,6043
5674,6043
1848,6044
3565,6046
1932,6049
0,6050
1072,6052
72,6053
29,6057
1244,6058
5369,6058
2999,6060
1977,6061
3566,6065
4749,6066
2998,6071
381,6072
985,6072
5829,6073
3271,6074
3523,6074
4395,6076
1474,6077
1800,6077
63,6078
2215,6079
832,6080
322,6081
1799,6081
1856,6081
2758,6081
5913,6081
2778,6085
918,6086
12,6087
1358,6088
4405,6089
3997,6090
3449,6091
4224,6092
4516,6092
2604,6093
4717,6093
3,6094
5,6094
7,6095
16,6096
547,6096
141,6097
11,6098
328,6100
1563,6100
452,6101
3936,6102
3394,6103
1632,6104
2487,6104
1830,6106
74,6107
784,6107
4919,6108
977,6109
450,6110
1568,6110
2532,6111
56,6113
2405,6113
1630,6115
4108,6119
1520,6120
1552,6120
254,6122
923,6122
3786,6122
487,6127
2476,6127
402,6129
2930,6129
5526,6129
1550,6131
2271,6132
4544,6132
183,6133
262,6133
888,6133
1471,6137
1629,6137
28,6138
5437,6138
11,6139
960,6141
2907,6141
29,6145
654,6145
0,6146
23,6149
964,6149
1139,6149
5706,6152
6141,6154
20,6156
815,6156
1471,6156
23,6157
302,6157
3594,6157
4801,6157
963,6158
125,6160
886,6160
5318,6160
1799,6161
1961,6162
2637,6162
3754,6164
788,6165
5088,6168
29,6169
476,6170
1332,6170
67,6172
2913,6172
92,6175
1074,6176
2101,6176
354,6177
1155,6177
2033,6179
203,6180
70,6181
1587,6181
1799,6182
62,6183
2646,6184
1867,6186
4984,6187
5703,6189
5996,6189
575,6190
3237,6191
4982,6191
45,6193
654,6193
88,6194
4857,6194
28,6196
202,6196
1071,6196
2787,6197
989,6199
6160,6200
219,6202
406,6202
2325,6202
4,6203
1,6205
671,6205
1068,6207
239,6208
3,6209
2743,6210
3002,6212
311,6216
4185,6217
153,6219
1,6220
23,6222
3754,6223
6030,6223
64,6225
39,6226
3635,6226
3893,6230
278,6231
582,6231
776,6231
1197,6232
5197,6232
290,6233
347,6233
254,6237
4228,6238
5104,6238
33,6240
825,6241
1055,6241
4743,6241
39,6243
143,6243
2618,6244
3963,6244
39,6246
4648,6246
0,6247
1978,6247
242,6249
3261,6249
4926,6249
543,6251
4810,6251
1128,6252
4143,6254
802,6256
2454,6256
4303,6256
105,6258
67,6259
1085,6261
239,6262
1978,6262
2746,6262
3400,6262
174,6264
699,6265
4207,6265
134,6266
5,6268
2219,6268
134,6270
271,6271
1168,6273
1466,6273
1672,6273
1258,6274
1329,6274
381,6275
1030,6275
3,6276
3135,6276
11,6277
88,6277
1765,6277
1339,6278
3814,6281
144,6286
1292,6286
3837,6286
4373,6286
5848,6289
28,6290
4019,6292
1142,6293
1961,6293
211,6294
383,6294
192,6295
983,6295
1851,6295
33,6296
645,6296
4984,6296
2114,6298
5225,6298
417,6299
2432,6299
707,6301
2909,6301
5646,6301
2033,6305
3739,6307
1491,6308
4700,6308
3,6309
575,6310
989,6311
548,6313
1181,6313
1479,6313
2618,6313
3319,6314
2354,6317
472,6318
4540,6319
2578,6320
3372,6323
3932,6323
998,6324
119,6326
1337,6326
1747,6326
232,6327
417,6328
5201,6329
26,6330
1520,6331
2998,6332
359,6334
1706,6334
1275,6335
4667,6335
92,6336
143,6337
3058,6340
2318,6342
1362,6343
3636,6343
4257,6344
5006,6344
34,6345
752,6345
4592,6350
300,6351
3463,6351
1746,6352
3632,6352
4120,6352
47,6353
2480,6354
65,6357
134,6357
1747,6357
369,6358
2711,6358
6277,6359
552,6360
2960,6362
4399,6362
242,6364
4003,6364
1638,6365
33,6368
70,6369
4789,6369
5912,6369
242,6370
354,6370
1023,6370
429,6373
776,6373
1662,6374
2101,6374
1139,6376
3618,6376
295,6377
4440,6377
1083,6379
2140,6381
6050,6381
2330,6383
85,6384
5813,6384
254,6385
1884,6385
5301,6385
1132,6386
26,6388
92,6389
184,6389
1637,6389
3362,6389
262,6390
2267,6390
23,6391
421,6392
3769,6392
3778,6392
2546,6393
186,6394
4399,6396
3128,6397
3255,6397
788,6398
1673,6399
33,6400
1067,6401
3484,6404
16,6409
832,6409
926,6411
2730,6411
4511,6413
0,6415
4086,6415
88,6416
1394,6418
4422,6420
4831,6421
565,6423
622,6423
1478,6423
2801,6423
3217,6424
4,6426
3,6427
41,6428
144,6430
977,6430
3356,6430
3900,6431
4772,6431
159,6432
2474,6432
106,6434
1369,6434
1329,6436
3638,6437
3652,6437
618,6438
1810,6438
282,6439
734,6440
597,6442
2171,6444
3555,6445
3958,6445
1563,6447
20,6448
832,6448
926,6448
395,6449
2682,6453
5783,6454
808,6455
1763,6456
2977,6459
2656,6461
2669,6462
298,6463
1058,6464
1236,6465
880,6466
64,6467
4500,6467
636,6471
1337,6471
2310,6472
3090,6472
3641,6472
791,6475
2883,6475
4769,6475
4647,6477
288,6478
1820,6478
1197,6479
4866,6480
5189,6481
6475,6481
1483,6482
5225,6483
4898,6484
2172,6485
11,6486
501,6486
0,6487
310,6487
329,6487
1705,6487
1053,6488
29,6489
527,6489
1853,6489
5751,6489
6331,6489
142,6490
47,6492
1170,6492
5599,6493
752,6495
1621,6495
494,6496
6210,6498
3389,6499
6487,6499
23,6501
63,6502
602,6504
2304,6504
3771,6504
1254,6505
134,6506
5158,6506
115,6510
799,6510
811,6511
4100,6511
3141,6512
5405,6512
5813,6512
4402,6513
628,6514
406,6515
2873,6515
1187,6516
4207,6516
5213,6516
5763,6516
203,6517
1735,6517
20,6518
33,6518
1386,6519
1616,6520
211,6521
5617,6521
29,6522
48,6522
864,6523
1139,6523
2032,6524
1217,6526
6277,6526
3555,6527
3168,6528
165,6529
2880,6531
6277,6531
5505,6534
130,6535
1145,6535
1969,6537
25,6539
618,6539
2174,6539
417,6540
3471,6541
3551,6542
95,6543
1142,6543
1175,6543
3077,6546
1743,6548
1337,6549
1709,6549
130,6551
5287,6551
193,6552
5717,6552
3011,6553
115,6554
1999,6554
1566,6555
4208,6555
4231,6555
2298,6556
340,6557
1217,6557
697,6558
5157,6559
4350,6560
1243,6561
5071,6562
2251,6564
3566,6564
4203,6564
4456,6566
5783,6566
3743,6567
2960,6568
1289,6569
5706,6569
203,6570
549,6570
1256,6570
1633,6570
5389,6570
274,6571
63,6573
144,6573
3191,6573
193,6580
1087,6581
1743,6583
14,6584
959,6584
1135,6584
28,6586
4103,6586
4098,6587
6398,6587
162,6588
3599,6590
144,6591
1369,6594
7,6596
1195,6596
4033,6596
4924,6596
1638,6597
625,6598
2880,6598
202,6600
203,6600
2465,6600
3406,6600
4072,6600
1070,6602
1337,6603
4373,6606
5762,6607
23,6608
450,6609
4968,6609
2709,6610
6122,6610
15,6611
161,6611
1,6612
248,6612
3590,6613
2114,6614
289,6615
1755,6616
2529,6616
6510,6616
171,6617
5887,6618
3778,6619
581,6621
1484,6621
3429,6621
60,6622
3449,6622
5696,6623
440,6624
5418,6625
2666,6627
113,6629
4150,6630
1482,6631
1057,6632
68,6633
4516,6633
6196,6633
1503,6634
808,6635
2905,6635
4633,6635
1796,6638
3099,6638
4624,6639
1938,6640
1989,6640
3256,6640
3416,6640
272,6642
3558,6642
592,6643
540,6645
25,6646
1471,6646
4019,6646
507,6648
3153,6648
4303,6648
2991,6649
130,6650
1755,6650
137,6651
315,6651
2070,6651
4621,6651
6193,6652
6277,6653
85,6654
68,6656
486,6657
4816,6657
2116,6658
4941,6658
789,6660
705,6661
2123,6662
2873,6663
607,6666
5531,6668
5512,6669
2318,6671
5312,6672
4039,6673
4181,6673
1672,6675
4422,6677
298,6678
472,6679
2774,6679
8,6685
1701,6685
459,6687
3553,6687
1970,6688
2548,6689
6212,6689
203,6694
659,6694
25,6695
33,6695
4273,6696
3577,6698
3870,6698
5599,6699
85,6700
64,6701
432,6702
4621,6704
325,6709
2687,6709
476,6710
6559,6710
88,6712
232,6715
839,6716
6562,6717
1,6718
651,6719
3958,6719
271,6720
337,6720
706,6720
4570,6720
6001,6720
457,6721
2750,6721
2894,6721
2413,6723
23,6724
1468,6725
2634,6727
6416,6728
62,6729
4967,6733
5943,6735
6678,6738
2480,6739
4616,6740
4665,6740
20,6741
163,6742
579,6742
3043,6744
1550,6747
2529,6747
668,6748
3715,6748
203,6749
2068,6749
2998,6750
2527,6751
597,6752
636,6752
1674,6753
6492,6753
2939,6756
5521,6756
700,6757
2548,6757
888,6758
1484,6758
1550,6758
718,6759
1373,6759
2172,6759
4743,6760
727,6761
4717,6761
64,6763
3784,6764
4789,6765
2151,6766
4544,6768
40,6769
142,6769
14,6770
2990,6770
3237,6771
5299,6771
3479,6772
4004,6772
0,6773
434,6773
5016,6774
4071,6775
56,6776
105,6776
671,6776
1672,6776
3212,6777
1491,6778
92,6781
1502,6782
2397,6782
4152,6782
5220,6782
1272,6788
3585,6789
5324,6789
0,6791
1292,6791
67,6793
1272,6793
5633,6793
1010,6796
29,6797
324,6797
2268,6797
962,6798
2566,6798
900,6800
163,6801
5868,6801
2723,6802
6586,6802
2738,6803
2458,6806
3252,6806
11,6808
97,6811
295,6812
2323,6813
2898,6813
4602,6814
20,6818
5088,6819
645,6820
480,6822
5025,6823
5757,6823
1118,6824
636,6826
3742,6826
167,6827
2615,6828
6559,6828
2103,6829
2477,6829
4357,6829
4214,6830
324,6831
92,6833
1386,6833
659,6834
1660,6834
287,6837
645,6837
2237,6837
565,6838
2690,6838
233,6841
386,6841
1421,6841
4030,6841
76,6844
3151,6844
4160,6844
0,6845
402,6845
1680,6847
4378,6847
881,6848
1142,6848
1999,6849
4065,6849
2114,6850
3627,6850
27,6852
2473,6855
5301,6855
1420,6856
4320,6857
0,6860
23,6860
575,6862
6773,6863
537,6864
286,6867
914,6867
1638,6868
488,6869
2114,6869
1523,6872
315,6874
5144,6874
2048,6876
2117,6876
542,6877
6085,6878
2440,6879
2583,6879
1561,6881
5388,6881
768,6883
2686,6883
3270,6885
4208,6886
2405,6887
16,6888
1192,6890
3583,6892
5245,6892
3936,6893
5632,6893
130,6894
393,6894
6165,6894
6489,6895
20,6896
219,6896
1142,6897
118,6900
134,6900
2644,6901
2837,6902
6110,6902
4881,6903
3850,6904
57,6907
14,6908
3080,6908
1615,6909
3062,6910
4072,6911
60,6912
681,6912
3736,6913
1607,6914
15,6915
287,6916
3687,6916
66,6917
143,6917
3435,6917
99,6920
729,6920
1989,6922
92,6923
322,6923
4881,6924
3,6925
2983,6925
2583,6926
867,6928
5901,6929
333,6930
2177,6930
2706,6930
4674,6930
4807,6931
540,6935
703,6935
306,6936
6386,6936
2151,6938
3092,6938
3753,6940
165,6941
3225,6941
5715,6941
347,6942
699,6942
4489,6942
454,6943
983,6944
2068,6945
4410,6945
33,6946
544,6946
1104,6948
396,6950
681,6950
4394,6950
4511,6950
547,6951
2009,6951
3133,6952
237,6953
509,6953
1067,6953
5077,6955
1337,6957
11,6958
324,6959
2838,6959
6650,6959
5144,6961
3769,6963
5848,6963
2546,6964
1497,6965
3312,6966
6030,6966
1747,6967
3630,6967
1413,6970
1067,6972
4300,6972
10,6975
29,6975
1497,6975
2363,6975
1,6976
606,6976
5902,6977
6496,6977
202,6979
42,6980
106,6980
14,6981
155,6982
381,6983
234,6984
5886,6987
4,6988
2086,6988
4451,6989
4499,6989
913,6991
4229,6991
1794,6992
3791,6992
1916,6995
152,6996
1315,6996
911,6997
3062,6997
1091,6998
1638,6998
6566,6999
1381,7001
2277,7001
3421,7002
5835,7002
208,7004
4595,7004
4,7006
127,7006
681,7006
25,7007
6885,7009
5606,7011
6199,7012
1306,7013
3264,7013
3125,7015
1386,7016
6748,7016
1471,7017
2967,7020
383,7022
2707,7022
3568,7023
4332,7024
6463,7024
1339,7025
1834,7025
1733,7026
5072,7026
65,7029
116,7029
162,7031
145,7033
1,7034
1394,7034
4203,7035
4717,7036
4994,7037
854,7038
2845,7040
1945,7041
29,7042
581,7043
6050,7043
2867,7045
0,7047
6131,7047
6488,7048
7033,7048
119,7052
2787,7055
5660,7055
3736,7058
6301,7058
2529,7059
290,7062
3223,7062
3666,7062
4397,7062
5682,7063
1369,7066
10,7067
1638,7067
5617,7068
33,7069
41,7069
4631,7069
143,7071
1088,7073
4185,7073
5625,7073
6975,7073
3940,7074
1394,7075
3547,7075
121,7076
700,7076
3715,7077
6558,7077
1074,7079
151,7080
41,7081
1302,7082
6397,7082
2458,7087
92,7088
4662,7091
47,7093
978,7093
4601,7093
3583,7094
40,7095
105,7098
332,7099
100,7100
4042,7101
211,7102
565,7102
602,7102
540,7103
785,7103
3516,7103
578,7105
6748,7105
145,7107
772,7107
4982,7107
429,7108
6516,7108
304,7109
2690,7109
17,7115
6016,7116
2148,7117
2243,7117
3259,7119
1347,7120
4890,7121
115,7122
1168,7122
4896,7122
3932,7123
6010,7123
3947,7124
5175,7124
3360,7127
6492,7127
4915,7128
1,7129
2978,7130
6058,7130
1950,7131
846,7133
6946,7137
549,7138
4692,7138
4767,7138
2730,7139
4189,7139
4866,7139
193,7141
3946,7141
1,7143
302,7143
3996,7145
245,7146
618,7146
1530,7146
998,7147
6510,7148
512,7149
6803,7149
6326,7150
989,7151
2310,7151
404,7154
5544,7155
2697,7156
4878,7156
4994,7158
155,7159
489,7159
1207,7159
7,7161
1128,7162
5744,7162
1292,7163
15,7164
6580,7165
2332,7168
6052,7169
704,7170
134,7171
29,7172
808,7173
1744,7173
4454,7175
6917,7175
20,7177
6092,7179
783,7181
2548,7181
459,7182
4098,7182
926,7185
6958,7185
2732,7186
4746,7187
5431,7188
67,7189
2151,7189
544,7190
23,7191
5052,7191
2487,7194
4795,7196
2681,7197
3500,7197
4442,7197
5448,7198
192,7199
2131,7199
5079,7199
2812,7202
2283,7203
1662,7204
5264,7204
2103,7206
3951,7207
4924,7208
5948,7208
3354,7209
472,7210
354,7211
4529,7211
1796,7212
2247,7212
6908,7212
26,7213
2174,7214
3223,7217
1320,7218
5644,7218
5714,7219
6917,7221
1158,7223
1684,7224
1177,7225
2583,7225
115,7226
3070,7226
454,7227
5131,7227
3998,7229
66,7231
3484,7232
3532,7233
808,7235
1362,7237
2397,7237
119,7238
6277,7238
3720,7240
20,7241
3736,7241
4965,7241
779,7242
1375,7245
0,7247
4551,7247
25,7248
2105,7248
1217,7250
4196,7250
588,7251
2650,7251
2837,7252
431,7253
1710,7253
4729,7253
602,7254
1958,7255
705,7259
3033,7259
33,7260
40,7261
315,7262
1974,7265
6929,7265
941,7266
1887,7268
5393,7269
5740,7269
4956,7272
2474,7275
3748,7275
3319,7277
1167,7280
16,7281
1181,7282
5594,7282
5437,7283
2616,7284
636,7285
1051,7285
233,7286
2952,7286
987,7288
9,7289
3666,7289
219,7291
3058,7292
7145,7292
88,7293
75,7294
520,7295
2792,7296
67,7297
5437,7299
6277,7299
867,7300
2506,7301
660,7302
864,7302
3590,7304
3449,7306
681,7308
431,7311
232,7312
3596,7312
3833,7312
1009,7313
4228,7313
5398,7313
47,7314
1035,7316
4602,7318
5209,7318
1647,7319
3635,7319
65,7320
542,7322
565,7323
354,7324
743,7324
1652,7325
294,7326
3241,7326
1292,7327
410,7328
3736,7328
3949,7333
4438,7335
5820,7335
2529,7336
3356,7336
3703,7336
208,7340
88,7341
1745,7341
2689,7341
6495,7341
116,7343
2489,7343
2252,7344
595,7345
2217,7347
4405,7347
1257,7348
1404,7348
2491,7350
1717,7352
2788,7353
2913,7354
4231,7356
6901,7357
142,7360
7004,7360
7313,7360
1323,7361
1999,7362
4226,7363
1131,7365
2399,7365
62,7366
6694,7366
5048,7367
763,7369
5740,7369
6833,7374
135,7377
249,7379
5669,7381
345,7382
2943,7385
1214,7387
4235,7387
92,7388
7189,7388
88,7393
203,7393
7367,7394
0,7395
4136,7396
208,7397
2897,7397
3052,7397
4280,7397
3,7399
11,7399
60,7400
7121,7401
1974,7402
5636,7404
5,7405
5064,7405
5336,7405
920,7406
29,7407
7022,7407
1275,7408
1980,7411
337,7413
707,7415
2362,7416
1089,7417
6467,7417
7001,7418
33,7419
5975,7419
831,7424
5790,7424
5678,7426
552,7427
40,7430
413,7431
3547,7431
1414,7433
3372,7433
3661,7433
465,7434
1972,7435
187,7436
0,7440
2295,7440
0,7441
2774,7441
2477,7445
3984,7446
5837,7446
152,7447
730,7447
2967,7448
322,7449
4345,7449
4665,7449
2723,7451
3341,7451
1000,7452
1989,7453
2919,7454
290,7455
56,7457
15,7459
115,7459
2260,7459
5991,7459
901,7461
3659,7461
4377,7461
831,7462
855,7462
2800,7463
915,7464
1778,7464
2069,7464
7284,7464
1672,7465
1069,7466
2510,7467
442,7468
2482,7469
1,7470
3809,7470
6,7471
788,7472
1267,7472
3925,7473
6032,7473
10,7475
730,7477
1587,7477
5984,7477
2999,7478
4439,7479
2465,7481
4634,7481
51,7482
1109,7483
1838,7483
5562,7485
459,7486
2583,7486
6416,7486
85,7488
3050,7488
1914,7489
7253,7490
2830,7491
288,7492
0,7493
3,7493
3497,7493
7348,7494
2516,7495
5144,7499
772,7500
85,7501
168,7503
3637,7505
6633,7505
294,7506
832,7506
45,7509
192,7509
4042,7512
1672,7513
202,7514
289,7514
6181,7516
2909,7518
519,7519
1638,7520
315,7524
3210,7524
186,7526
1471,7527
4,7528
304,7528
4424,7528
0,7533
1142,7534
2114,7534
3748,7534
5075,7534
1142,7535
6274,7537
6671,7537
768,7539
3484,7539
3432,7540
933,7541
3632,7541
4770,7541
5265,7541
5611,7541
142,7542
801,7543
5590,7543
5478,7544
5872,7544
1339,7545
2763,7546
3946,7546
4265,7546
470,7548
1983,7549
2730,7550
63,7551
2978,7553
5960,7554
3018,7556
26,7564
5155,7564
3,7569
725,7570
1705,7570
4293,7570
4579,7570
7,7571
5132,7571
4924,7572
6137,7572
972,7575
1030,7578
26,7580
95,7580
2744,7580
5439,7581
6065,7582
2565,7583
3101,7583
4231,7583
5720,7583
47,7584
64,7585
3364,7586
2489,7588
193,7589
808,7589
4463,7589
115,7592
3573,7592
6948,7592
6583,7595
5946,7596
406,7597
4,7599
3748,7599
5059,7599
734,7600
3814,7600
699,7601
862,7601
219,7602
1799,7602
4,7603
6609,7604
3135,7605
202,7606
799,7607
5258,7607
752,7609
2469,7610
636,7611
1947,7612
6716,7613
56,7614
1220,7615
0,7616
144,7616
4743,7616
211,7617
6122,7617
1,7618
5263,7621
5548,7622
6027,7623
159,7625
540,7625
2730,7626
3013,7629
5530,7629
7322,7629
1,7632
3316,7634
6848,7636
5833,7638
0,7639
2491,7642
5829,7643
219,7645
659,7645
1006,7647
4149,7647
105,7648
2759,7649
4168,7653
2219,7654
7483,7655
6687,7657
3416,7658
97,7659
429,7659
2980,7660
2488,7661
3016,7662
6156,7662
6562,7663
211,7664
2070,7665
0,7666
203,7667
2023,7667
2094,7667
3837,7667
4701,7667
304,7668
2604,7668
4378,7668
791,7669
5669,7670
980,7671
2851,7673
513,7674
159,7675
6796,7677
7617,7677
1,7678
88,7680
268,7683
6588,7683
1545,7684
3549,7686
1848,7687
7459,7688
7505,7688
1347,7691
7542,7691
67,7692
5263,7692
7612,7692
33,7693
304,7693
402,7693
488,7693
2061,7693
4007,7695
187,7696
3928,7696
699,7697
5676,7697
1954,7698
1103,7699
2663,7699
2557,7702
5530,7703
1744,7705
161,7706
885,7706
1256,7707
3430,7708
743,7709
6467,7709
646,7710
3890,7710
64,7711
1142,7711
832,7712
4516,7714
1633,7716
432,7717
292,7720
2220,7720
294,7722
4177,7722
7629,7722
3191,7723
3469,7724
3323,7725
139,7726
1895,7726
7470,7729
551,7730
2177,7730
3308,7730
4967,7731
1743,7732
5655,7732
3650,7733
4284,7734
740,7735
40,7736
5852,7736
1092,7737
5514,7739
2318,7740
3740,7740
76,7741
845,7741
2550,7741
1613,7742
7158,7742
734,7744
1737,7745
7506,7747
1765,7748
3168,7749
3310,7749
5146,7750
5856,7751
495,7753
1122,7753
3594,7754
7599,7754
3769,7755
5287,7755
3785,7757
8,7759
3857,7760
5221,7760
4224,7763
2318,7764
942,7766
2729,7768
2845,7768
362,7770
482,7770
7493,7772
1057,7773
6022,7773
972,7775
1010,7775
126,7777
5929,7777
3,7779
119,7780
5565,7780
3360,7783
6710,7783
10,7784
329,7784
1647,7784
2909,7787
3552,7787
846,7788
165,7789
2243,7789
5155,7789
431,7790
1347,7790
419,7792
2702,7792
134,7796
4,7799
450,7799
4908,7801
7741,7801
1230,7803
2558,7803
3259,7803
4579,7803
6685,7803
27,7804
1545,7804
55,7806
3134,7806
5058,7806
76,7807
1158,7807
27,7808
4263,7809
7457,7809
0,7810
341,7810
981,7810
1133,7810
1503,7810
4140,7812
5388,7812
7481,7812
3,7813
159,7813
164,7815
962,7815
39,7816
888,7816
5150,7817
92,7818
1466,7818
1528,7818
2763,7818
4446,7818
499,7819
2575,7820
5493,7821
272,7822
515,7822
72,7823
2039,7823
3746,7826
2171,7827
5111,7827
165,7828
5567,7828
2242,7829
25,7831
2566,7831
6834,7831
28,7832
92,7832
3543,7833
131,7834
419,7834
1909,7834
0,7835
354,7835
3560,7835
7145,7836
3256,7837
5077,7837
62,7841
7214,7842
801,7843
3964,7843
2618,7844
1909,7845
93,7849
6217,7849
6649,7850
153,7851
3701,7851
29,7852
56,7853
3,7854
48,7854
7146,7854
134,7855
7214,7856
572,7859
7723,7859
1999,7860
2706,7866
2414,7867
124,7871
7488,7871
88,7872
4609,7872
3338,7873
1705,7874
7240,7875
607,7880
218,7881
315,7881
4596,7881
4601,7882
5646,7884
0,7886
4808,7886
4397,7889
4673,7890
3435,7892
193,7895
613,7895
67,7896
5316,7896
6399,7896
7252,7896
67,7897
4272,7897
11,7898
410,7901
6409,7903
93,7905
3705,7905
7394,7905
5757,7906
6718,7906
5358,7907
2825,7910
1077,7911
2215,7912
2873,7912
28,7914
1848,7918
1036,7919
2825,7919
6489,7921
4299,7922
47,7925
2769,7925
4104,7925
210,7926
5923,7928
3826,7929
7308,7929
4618,7930
1139,7931
675,7932
142,7934
588,7934
1849,7934
3088,7935
3600,7936
150,7938
7191,7938
2930,7940
2176,7942
5653,7942
987,7944
2579,7945
5097,7949
2318,7953
5617,7953
6668,7955
2618,7956
60,7958
3514,7958
6032,7960
2283,7962
144,7963
964,7963
4968,7964
14,7965
6004,7966
939,7967
3013,7969
5418,7971
528,7972
5013,7972
6352,7978
1181,7979
1660,7979
3259,7982
1999,7984
831,7986
598,7987
1042,7987
186,7989
785,7989
3410,7989
3238,7990
2291,7991
588,7992
880,7993
29,7995
144,7995
582,7997
5388,7998
3715,7999
3976,8001
4082,8001
7822,8001
2397,8003
316,8004
5640,8006
131,8007
5052,8007
419,8009
5223,8009
578,8013
768,8014
161,8018
644,8018
3585,8018
7730,8018
7494,8021
20,8023
214,8023
4631,8023
6,8024
116,8024
3479,8024
4114,8025
4,8029
6782,8029
578,8030
1940,8030
5940,8030
1770,8032
305,8035
552,8035
651,8035
4125,8037
3555,8038
8029,8038
2845,8040
6416,8040
5861,8043
5954,8043
7048,8043
254,8046
63,8047
1222,8047
1236,8047
7960,8048
1228,8049
6298,8050
3560,8051
57,8055
2940,8055
3097,8055
5419,8055
4460,8056
6095,8059
1907,8060
7754,8060
238,8061
2297,8061
5827,8061
1010,8063
4252,8063
5275,8063
1577,8064
3274,8064
4072,8065
1159,8067
33,8069
2265,8069
323,8070
3347,8070
11,8071
2202,8073
144,8074
45,8076
5118,8077
47,8078
586,8079
1471,8079
5531,8079
1375,8080
7901,8081
8074,8081
3269,8082
262,8083
7068,8083
4774,8084
8,8085
2070,8085
7001,8087
588,8089
459,8090
2103,8090
4510,8090
626,8091
0,8092
1239,8092
5790,8092
203,8093
4333,8093
273,8095
2691,8095
142,8097
1931,8098
3237,8098
3967,8100
5623,8102
6489,8103
27,8107
1848,8107
1340,8108
64,8109
1426,8109
1995,8109
337,8112
4789,8112
5293,8112
768,8113
1375,8114
3786,8114
60,8116
4717,8118
1868,8119
970,8120
4300,8120
4884,8121
7578,8121
7016,8122
3982,8123
7745,8123
1057,8125
1142,8125
754,8128
2898,8129
509,8130
7128,8132
2118,8133
1399,8134
77,8135
66,8136
1843,8136
705,8137
2202,8137
175,8140
1684,8140
563,8141
1633,8141
65,8142
301,8142
3192,8142
20,8143
28,8143
1114,8146
7556,8147
359,8148
5420,8148
26,8149
1207,8149
1961,8149
6472,8149
4928,8150
405,8151
640,8152
2210,8153
3167,8153
3450,8153
2256,8157
6930,8158
2335,8159
20,8161
6027,8161
97,8162
4133,8162
2350,8164
542,8165
286,8166
5351,8166
6761,8168
5369,8170
251,8171
1257,8171
3372,8173
3013,8174
1799,8175
1332,8176
434,8177
4231,8177
5622,8179
2397,8180
730,8181
212,8183
972,8183
7,8184
2217,8184
3386,8185
23,8187
4624,8187
2140,8189
0,8190
4,8191
2825,8191
1566,8192
2101,8192
1680,8193
57,8195
151,8195
495,8195
5150,8196
16,8198
1497,8198
1623,8198
2275,8198
6991,8198
1359,8200
1995,8201
142,8203
41,8204
141,8204
5153,8204
1054,8205
508,8207
626,8209
5314,8209
153,8210
2196,8211
282,8212
6562,8213
29,8219
4370,8220
3090,8221
429,8223
88,8224
5636,8225
67,8226
2506,8226
8187,8231
7447,8232
305,8234
7741,8235
2163,8236
7159,8236
1683,8237
3302,8239
1358,8240
5079,8241
130,8242
3052,8242
219,8244
4303,8244
2087,8246
197,8247
8142,8247
1131,8248
1523,8251
6437,8251
404,8252
5482,8252
8024,8252
1904,8253
92,8255
304,8257
1395,8258
3270,8258
5030,8258
2675,8262
41,8263
4164,8263
1907,8264
3700,8264
7673,8264
1153,8266
1413,8269
597,8270
1053,8270
2952,8271
3686,8271
598,8272
2750,8272
3545,8272
7326,8275
572,8277
4876,8277
6418,8278
8262,8278
3497,8280
144,8281
6539,8281
41,8282
92,8282
63,8286
4177,8287
1478,8288
6980,8288
5315,8289
8065,8289
2125,8292
8181,8292
86,8294
6462,8295
6389,8296
7470,8297
384,8303
4666,8304
1159,8306
2325,8310
6887,8317
4048,8319
651,8320
718,8320
6034,8320
65,8321
347,8321
0,8322
1041,8323
3814,8323
2069,8324
8047,8324
1395,8325
3376,8325
494,8326
322,8329
1003,8329
3493,8329
2578,8330
1089,8332
2414,8332
513,8334
2680,8336
3608,8336
7448,8336
588,8338
5081,8338
3476,8341
1688,8342
2792,8342
3221,8342
20,8343
5053,8343
3988,8345
3518,8346
3385,8348
520,8349
1633,8349
3155,8349
3949,8349
4439,8349
20,8351
7614,8351
294,8354
3173,8354
3530,8354
134,8355
582,8355
2821,8355
3738,8355
2473,8357
2792,8358
23,8359
897,8361
1841,8362
1073,8363
5260,8364
5678,8365
1302,8367
883,8368
1339,8368
3446,8368
254,8369
6642,8369
2340,8370
1688,8372
55,8374
2283,8374
6137,8374
3261,8376
6640,8376
143,8377
5508,8377
7208,8377
5646,8378
1662,8379
2880,8379
4485,8379
4397,8380
7017,8382
8061,8382
3461,8383
4347,8383
40,8386
1493,8387
2388,8387
3261,8387
4255,8389
33,8390
3998,8390
4019,8391
4397,8393
68,8396
3328,8397
4157,8398
3857,8399
1651,8400
5189,8400
42,8402
5297,8402
7002,8402
962,8406
5921,8406
6488,8407
0,8408
6920,8417
25,8418
33,8418
6694,8419
1503,8421
4168,8421
6307,8421
897,8423
29,8424
67,8424
134,8424
5638,8424
610,8426
3203,8426
290,8428
3370,8428
1898,8429
2262,8430
20,8431
208,8431
1023,8431
2019,8433
203,8434
1799,8434
3372,8434
7037,8436
1203,8438
6170,8439
7431,8440
3903,8441
7325,8441
3,8443
163,8443
11,8445
1307,8445
3583,8446
2437,8447
3958,8448
3376,8449
8192,8449
1683,8450
5847,8450
5006,8452
6657,8452
704,8453
3753,8453
5871,8453
93,8455
97,8455
7827,8455
1083,8456
3040,8459
418,8461
4397,8461
384,8462
2340,8462
1158,8463
7730,8463
1158,8464
845,8465
3765,8465
4608,8465
5750,8468
5800,8468
1756,8470
2310,8472
2103,8473
2217,8474
329,8475
789,8475
2049,8475
8263,8475
143,8477
1314,8477
285,8479
1057,8479
3,8480
2399,8480
2421,8481
5590,8482
2210,8487
8166,8487
4701,8489
2735,8491
3514,8491
4928,8491
2090,8495
144,8496
695,8496
311,8497
404,8499
1067,8499
6445,8500
799,8501
125,8502
2991,8502
4568,8502
5537,8502
7353,8503
7856,8504
12,8507
1207,8507
4789,8507
63,8508
3416,8508
67,8510
4293,8510
4729,8510
7048,8511
37,8512
92,8513
1778,8513
8372,8513
7722,8516
63,8517
831,8517
2465,8519
4104,8521
1271,8524
2715,8524
8097,8524
646,8526
1623,8526
97,8528
4265,8528
3177,8529
908,8534
202,8535
1,8538
1478,8539
7614,8539
657,8542
2398,8542
695,8547
832,8547
8,8548
3340,8548
5265,8548
28,8549
4517,8556
5059,8556
7241,8556
1159,8557
76,8558
891,8559
7489,8559
8,8561
3688,8561
4422,8562
2575,8564
6478,8564
3537,8565
880,8567
23,8569
926,8569
983,8570
3013,8571
92,8573
863,8573
1636,8573
4746,8573
105,8574
8143,8574
62,8575
810,8575
1612,8575
65,8576
2323,8576
55,8577
2867,8577
6399,8577
7708,8577
6894,8578
7585,8578
3975,8583
2934,8584
8343,8586
28,8590
3715,8590
6197,8590
626,8591
3632,8591
3658,8591
1139,8593
5263,8594
66,8597
5418,8598
4,8599
6627,8599
1528,8600
8470,8601
2202,8603
2491,8603
56,8605
5635,8605
5905,8606
582,8607
318,8608
3740,8609
7319,8609
7348,8610
3402,8612
704,8613
1535,8613
6516,8613
5301,8616
5706,8616
62,8617
245,8617
845,8617
4016,8617
5392,8617
45,8620
60,8620
970,8620
891,8622
3035,8622
5069,8622
6833,8622
4525,8623
1755,8625
2952,8625
130,8626
7328,8627
8092,8627
509,8628
5785,8629
1437,8630
1158,8631
25,8634
5274,8634
6298,8634
6106,8635
1604,8637
2855,8638
4852,8638
227,8640
2707,8642
8627,8642
747,8643
1347,8644
72,8645
53,8646
6027,8647
2806,8650
2260,8651
2103,8652
105,8653
16,8655
65,8655
544,8655
1256,8658
184,8660
125,8661
2105,8661
2440,8662
4361,8663
137,8664
2151,8665
2385,8665
573,8666
8323,8666
8263,8667
6568,8668
1535,8670
6678,8670
2698,8671
1884,8677
6995,8677
410,8678
495,8678
829,8678
617,8679
1203,8681
20,8682
7286,8682
6841,8684
7335,8684
1215,8685
65,8689
1381,8690
4246,8692
315,8693
261,8694
916,8695
5245,8696
105,8697
1778,8697
8035,8697
4,8699
1142,8700
28,8701
4493,8701
5135,8701
1745,8702
163,8703
4667,8703
4717,8703
1683,8707
8317,8707
5,8708
67,8709
3449,8713
2467,8715
47,8716
2508,8718
5946,8720
165,8721
1907,8721
7269,8721
0,8724
5258,8724
714,8727
2885,8727
2372,8728
659,8730
1887,8730
6286,8730
88,8731
8084,8731
4,8733
1027,8738
26,8739
192,8739
3891,8741
6095,8742
5192,8743
6916,8743
20,8745
7806,8745
47,8746
2349,8747
3758,8750
835,8751
3443,8752
6896,8752
3738,8753
7042,8753
0,8754
2711,8754
4517,8754
77,8755
931,8756
983,8756
1170,8757
2006,8757
8637,8758
1999,8759
1620,8762
1902,8762
3449,8764
65,8767
7231,8769
1709,8770
2210,8770
3126,8770
141,8771
2675,8775
3167,8775
8146,8775
26,8779
3159,8781
106,8782
439,8782
835,8784
5036,8785
1756,8787
4847,8787
613,8788
7001,8788
2292,8791
772,8795
219,8796
2735,8797
6504,8797
7214,8798
129,8799
3573,8799
834,8800
2039,8800
6026,8800
2666,8802
1847,8808
4707,8809
67,8812
20,8814
142,8814
3275,8814
0,8816
3162,8817
8079,8818
6042,8819
8739,8820
628,8821
1888,8821
1977,8821
8219,8821
6,8822
6788,8825
8538,8825
95,8826
1006,8828
6757,8828
1227,8829
626,8830
6504,8833
2470,8836
4767,8836
730,8838
3974,8839
1413,8840
2707,8840
6,8841
8130,8846
3161,8847
7965,8848
1311,8849
5079,8851
544,8852
3631,8853
201,8854
1568,8854
3270,8854
1563,8855
1104,8857
6727,8857
2694,8859
5213,8860
4253,8861
445,8863
7302,8863
1419,8864
1220,8865
1358,8865
7654,8865
2825,8866
6829,8868
7108,8869
7387,8869
4596,8871
4,8872
4930,8874
64,8875
211,8876
3342,8876
1471,8877
6246,8877
2490,8878
8321,8878
7146,8881
5636,8884
7335,8884
1,8885
6448,8885
7260,8886
565,8887
7433,8887
1468,8888
137,8889
431,8889
1042,8890
4820,8890
6357,8890
7706,8890
271,8892
1613,8893
4448,8893
4493,8893
615,8895
711,8895
131,8898
0,8900
92,8900
7583,8901
1041,8903
626,8905
3744,8905
542,8906
1038,8907
383,8910
3423,8912
4196,8912
7255,8912
210,8913
339,8913
1621,8916
125,8917
2003,8917
3136,8919
5861,8919
85,8920
1,8921
233,8923
4002,8923
5263,8925
896,8932
5701,8932
565,8935
4602,8935
3211,8936
138,8937
6586,8938
8586,8938
20,8940
3663,8940
5617,8940
63,8941
1306,8941
1881,8941
4924,8941
6608,8941
1743,8942
7581,8942
69,8944
211,8944
913,8945
5059,8945
88,8947
6908,8948
3386,8949
3923,8949
1292,8951
5220,8951
7124,8951
808,8953
6847,8953
3423,8954
8905,8955
221,8956
2368,8957
2673,8960
3402,8960
3538,8962
3435,8964
4402,8966
8600,8968
4177,8969
144,8970
626,8971
610,8972
4183,8973
1536,8974
5873,8974
2467,8976
1308,8978
706,8979
926,8979
2054,8979
65,8983
69,8983
1655,8983
85,8984
7906,8984
509,8986
8424,8986
3771,8989
3787,8989
3771,8990
5874,8990
6856,8990
105,8991
1468,8992
1810,8992
1914,8993
5025,8994
765,8995
3926,8995
40,8996
1098,8997
417,8998
1386,8998
2591,8998
486,9004
1256,9004
3312,9004
3670,9005
7580,9005
699,9006
2578,9008
4648,9010
6489,9010
1493,9013
45,9015
1688,9015
4198,9018
511,9019
8242,9020
7326,9021
1007,9023
5276,9023
4446,9026
1217,9027
7348,9028
4074,9029
6276,9029
6552,9030
2673,9033
3900,9033
1481,9034
5400,9034
33,9035
3034,9035
4451,9036
163,9037
5016,9038
1083,9041
28,9042
3291,9043
65,9044
1091,9044
1921,9044
3341,9044
4235,9044
20,9045
6043,9047
7177,9048
1666,9049
868,9050
962,9050
1057,9051
2619,9052
2010,9053
2047,9053
165,9055
8007,9056
3736,9057
4229,9059
572,9060
5378,9060
6634,9060
143,9063
646,9064
825,9064
3240,9064
6307,9064
514,9068
25,9069
7978,9069
3319,9070
511,9071
4439,9071
8935,9072
85,9075
2843,9077
8594,9077
2180,9078
6,9079
543,9079
153,9081
1613,9085
5526,9085
1217,9086
5966,9087
6648,9090
864,9091
3310,9091
5161,9091
28,9092
388,9092
7248,9094
8362,9094
7826,9095
7268,9096
6277,9097
3338,9098
7326,9100
846,9102
4700,9103
67,9104
5923,9105
3449,9106
227,9107
4566,9107
1074,9108
7094,9109
4717,9110
432,9111
512,9113
4749,9116
6844,9117
5142,9118
8479,9118
2117,9120
1935,9123
4370,9124
2787,9125
5206,9125
11,9127
4104,9127
203,9129
3285,9130
1159,9133
4475,9134
4168,9135
2533,9137
3750,9137
4896,9137
2114,9139
23,9141
143,9141
339,9141
926,9141
3172,9141
7528,9142
1404,9144
672,9146
324,9148
3322,9148
5706,9150
6409,9151
5457,9153
1,9154
2198,9156
2894,9156
6981,9156
926,9157
7299,9157
25,9159
926,9159
20,9160
5301,9160
4876,9161
4979,9161
2018,9162
8482,9162
2023,9163
8598,9164
4342,9168
1217,9170
6975,9170
6137,9173
134,9175
7583,9175
8600,9175
831,9179
251,9180
1098,9180
115,9182
393,9182
3032,9183
7100,9183
8617,9184
3650,9186
1003,9187
3740,9187
63,9188
2396,9188
765,9190
4682,9190
441,9191
5393,9191
588,9193
286,9194
3006,9194
5975,9195
5418,9196
7803,9197
193,9198
1,9199
354,9200
1217,9200
7509,9200
3270,9201
4173,9201
433,9202
3748,9202
1497,9203
3237,9204
525,9205
705,9205
2527,9205
346,9207
3011,9208
7265,9210
129,9211
8465,9213
572,9214
3256,9215
5859,9215
1710,9216
4,9217
4303,9222
2151,9223
4284,9223
6797,9224
7226,9225
764,9226
7654,9227
2018,9228
2562,9228
6137,9229
9123,9229
4631,9230
5973,9230
9113,9232
332,9233
1057,9233
4726,9234
4542,9236
6015,9236
6581,9236
4235,9237
2873,9240
7172,9240
1799,9241
4847,9241
2262,9242
7214,9242
7654,9242
396,9244
6486,9246
675,9248
6751,9252
2943,9254
2016,9255
433,9260
4,9261
5747,9262
40,9264
88,9265
95,9267
1872,9268
6415,9271
25,9272
20,9273
634,9278
1218,9278
3,9279
442,9280
9234,9280
65,9281
435,9281
1503,9281
2068,9284
48,9285
4941,9285
6398,9285
115,9286
1898,9286
40,9287
402,9291
610,9291
2086,9291
6771,9291
4863,9292
1974,9293
2060,9293
987,9295
48,9296
1381,9298
2669,9298
5032,9299
2292,9301
304,9303
1181,9303
9160,9303
985,9304
9027,9306
4296,9308
6781,9308
20,9310
126,9311
2020,9311
2943,9312
4780,9312
219,9313
3853,9313
2967,9315
26,9316
670,9317
694,9319
3547,9319
4132,9319
4869,9320
141,9321
310,9322
2345,9323
986,9324
7407,9324
4074,9325
4381,9325
5783,9326
4265,9327
7159,9327
60,9328
4303,9328
8888,9330
41,9331
892,9331
4105,9331
6409,9331
8594,9331
2525,9333
2301,9334
4214,9334
1481,9335
5606,9335
9265,9336
682,9337
252,9338
695,9339
2348,9340
1550,9341
3,9342
1672,9342
202,9343
221,9344
28,9349
148,9349
4651,9349
372,9350
7213,9350
2717,9352
28,9353
352,9353
2973,9353
8932,9355
1999,9358
45,9359
65,9360
544,9361
4143,9361
4884,9363
6189,9363
7015,9365
6096,9366
1973,9367
2560,9367
119,9368
318,9368
47,9370
8940,9370
2519,9371
64,9372
287,9372
4235,9374
4134,9375
4,9380
300,9380
2219,9380
4446,9380
8898,9383
8431,9384
808,9387
785,9388
2475,9388
1091,9389
3328,9390
1615,9391
1788,9392
2802,9392
556,9393
1708,9395
808,9399
964,9399
7363,9399
5537,9401
4380,9403
6573,9403
7401,9404
8940,9404
25,9405
8887,9406
4144,9407
3048,9410
3423,9410
0,9412
362,9415
1980,9417
28,9418
47,9418
2141,9418
386,9424
1499,9425
5301,9425
238,9426
4378,9426
4510,9426
7187,9426
2928,9427
2524,9428
3328,9428
3,9429
671,9430
2467,9430
2999,9431
1434,9433
40,9434
8089,9434
144,9436
340,9436
2629,9436
6669,9436
9217,9437
4293,9438
6876,9438
1003,9440
4293,9442
3580,9443
7354,9443
148,9446
985,9446
5487,9446
854,9449
3788,9449
8338,9450
23,9451
34,9451
2649,9451
6801,9452
3195,9453
5150,9458
9228,9460
3050,9461
8923,9461
486,9462
4345,9462
7938,9462
20,9463
3386,9463
770,9464
3173,9464
3221,9464
9341,9464
962,9466
6945,9467
55,9468
3271,9468
2473,9469
4696,9469
165,9470
8242,9474
2604,9476
2087,9477
3356,9477
7081,9478
480,9480
4282,9480
8912,9480
4841,9481
6573,9481
985,9484
4001,9484
4231,9484
1999,9485
0,9487
193,9488
1638,9489
3635,9489
3720,9489
5629,9490
6203,9492
6648,9494
9342,9495
184,9496
2855,9496
4625,9496
346,9497
1074,9497
2130,9497
1308,9498
1630,9498
3090,9498
7025,9498
1136,9499
6274,9499
2149,9501
145,9502
522,9502
1938,9504
2907,9504
987,9505
697,9506
2437,9508
5039,9508
1,9509
137,9509
29,9510
8470,9510
3956,9511
5407,9512
7809,9512
607,9513
2069,9513
339,9514
1302,9517
5982,9518
1778,9520
3188,9520
4801,9520
337,9521
300,9522
398,9524
706,9524
704,9525
1830,9528
7138,9528
7792,9532
3406,9535
20,9536
174,9539
4795,9539
8464,9540
1074,9541
3248,9541
703,9543
9350,9543
153,9546
4134,9546
4988,9549
1053,9550
4466,9551
526,9552
1886,9552
2268,9552
6948,9553
381,9555
6740,9556
7154,9556
8374,9556
144,9557
3086,9557
6,9558
538,9559
1358,9559
9094,9560
1899,9561
8406,9561
5796,9562
7041,9562
26,9565
92,9565
8953,9565
1468,9566
6311,9568
7621,9568
4755,9569
3208,9572
7881,9572
779,9574
4125,9574
4500,9574
542,9575
2116,9575
4142,9575
7833,9576
9338,9576
174,9577
572,9577
5653,9579
144,9582
896,9582
4397,9584
2474,9585
352,9586
4,9587
8747,9589
4,9591
422,9591
9528,9592
6510,9594
3269,9595
85,9596
6420,9596
6343,9597
7570,9597
2117,9598
4513,9599
4602,9600
4982,9600
2666,9602
6277,9602
11,9606
16,9607
23,9607
1756,9607
3259,9607
151,9608
1282,9612
552,9613
144,9614
1087,9614
3809,9614
5887,9614
7803,9615
2681,9616
5640,9616
4373,9618
5832,9618
970,9619
2138,9621
92,9622
480,9622
685,9622
929,9623
5118,9623
2799,9624
3356,9625
8251,9625
737,9626
1779,9626
8190,9628
4143,9629
203,9634
706,9635
1970,9636
3259,9637
740,9638
4138,9638
4487,9638
7326,9640
67,9642
5373,9643
296,9644
7816,9644
3159,9646
5289,9649
1395,9652
5015,9652
6489,9652
1841,9653
565,9656
2894,9657
4787,9657
6335,9658
8836,9663
4967,9666
4143,9667
4164,9671
2750,9674
1419,9675
7434,9675
5315,9678
6689,9679
11,9680
7208,9682
1074,9683
3594,9683
0,9684
2125,9685
6773,9685
1,9687
8023,9688
5419,9689
1483,9690
721,9691
597,9693
6256,9693
3743,9694
7199,9695
0,9696
4,9696
1900,9696
4,9697
3837,9697
5696,9697
3096,9699
3316,9700
289,9702
8898,9703
1201,9705
6,9707
2172,9707
1739,9708
1779,9709
3324,9710
92,9712
7663,9714
100,9715
832,9715
1650,9715
910,9716
5392,9716
45,9717
3376,9717
410,9720
1332,9720
2606,9720
1613,9724
3786,9724
609,9727
359,9728
8935,9729
517,9730
1003,9730
1358,9730
2130,9731
5676,9731
4867,9733
45,9736
8107,9736
4,9737
1055,9739
1413,9739
5470,9739
9213,9739
1954,9741
3686,9741
4284,9741
211,9742
6945,9742
4125,9743
5104,9743
5374,9743
2519,9747
25,9751
5182,9751
6651,9751
929,9752
3755,9752
7958,9754
193,9756
1085,9756
1587,9756
7025,9757
2362,9758
8431,9759
8690,9760
5,9761
3182,9761
0,9762
381,9762
6377,9762
602,9764
801,9764
1471,9764
4904,9766
345,9767
926,9767
3096,9768
3159,9768
1961,9769
5327,9769
2530,9770
2778,9771
6694,9771
2276,9773
6289,9773
8591,9774
9163,9777
1954,9779
1887,9780
4576,9780
4568,9781
3013,9782
3758,9783
6277,9783
5964,9785
26,9786
2304,9786
3701,9788
85,9789
7935,9789
3255,9790
3720,9792
0,9793
6756,9793
119,9795
4481,9795
8647,9795
380,9796
4334,9796
5421,9797
1311,9798
9752,9800
73,9802
144,9802
2222,9802
237,9803
4568,9803
192,9805
1070,9805
2637,9805
3060,9805
4125,9805
218,9806
926,9806
6894,9806
9229,9807
5843,9808
3351,9810
2753,9814
7851,9815
3285,9818
2928,9819
9237,9819
964,9820
2800,9820
7792,9820
192,9822
8465,9822
40,9823
1616,9823
186,9825
11,9826
2905,9826
3720,9827
159,9830
1195,9830
974,9832
6025,9832
4,9833
1105,9833
6122,9833
5626,9834
9029,9834
2149,9835
6298,9835
575,9836
4850,9837
597,9838
329,9839
339,9839
4919,9840
5531,9843
863,9847
1629,9850
9200,9850
3342,9851
208,9852
4103,9852
193,9855
9228,9855
6698,9858
7910,9858
1053,9860
6829,9861
6942,9861
0,9863
1566,9863
1616,9863
2910,9863
6718,9864
3240,9866
6364,9868
8278,9868
64,9870
4848,9870
251,9871
529,9872
9697,9873
2648,9875
2675,9875
11,9877
121,9878
2420,9878
92,9880
3512,9881
0,9882
4692,9883
11,9884
4139,9886
4791,9886
5322,9887
2061,9888
472,9890
1238,9891
459,9894
67,9895
164,9896
1358,9896
3489,9897
9638,9897
1369,9898
239,9899
2637,9900
254,9901
2552,9904
1810,9907
8,9908
972,9909
1688,9910
1763,9910
4921,9911
131,9912
251,9913
1004,9914
6244,9914
725,9916
768,9916
7896,9916
1200,9918
2735,9918
122,9919
610,9921
1660,9921
3338,9921
1623,9923
9691,9925
1468,9926
8465,9926
1650,9927
3946,9928
9036,9928
9331,9928
3996,9930
1733,9931
553,9932
1371,9932
2465,9933
3175,9936
978,9937
3758,9938
143,9940
2191,9941
3538,9942
7081,9942
626,9943
93,9945
5282,9945
115,9946
363,9946
867,9948
6277,9948
77,9951
1680,9952
3264,9952
888,9956
5457,9957
144,9958
646,9958
4692,9958
7197,9959
9044,9959
1970,9961
1481,9962
1841,9963
939,9966
2827,9966
825,9968
6286,9971
1680,9974
2217,9974
3546,9974
1358,9976
3632,9976
8,9978
192,9978
3900,9978
1471,9979
6721,9981
7803,9981
39,9982
60,9982
5435,9984
7730,9984
9383,9985
774,9986
3062,9986
6867,9986
234,9987
2101,9988
7716,9990
1843,9994
5587,9994
1743,9996
41,9997
8539,9998
5636,9999
8573,9999
