0,1
0,2
0,3
1,3
1,4
3,4
1,5
1,6
3,6
6,7
1,9
3,9
1,10
2,11
3,11
10,11
1,12
3,13
0,14
3,15
6,16
14,16
10,17
11,17
10,18
17,19
4,20
2,21
3,22
17,22
3,23
4,23
6,23
10,23
2,24
9,24
3,25
6,27
17,29
3,32
9,33
19,33
1,34
3,35
17,35
22,36
3,37
12,37
3,38
17,38
23,38
4,39
17,39
23,39
6,40
1,41
37,41
3,44
4,45
21,45
22,47
23,49
2,50
23,50
36,50
38,50
3,51
14,51
0,52
3,52
9,53
10,57
36,58
23,59
15,60
47,63
35,64
38,64
10,65
23,66
1,67
9,68
14,69
33,71
3,72
6,72
4,74
17,74
3,75
17,76
64,76
2,77
64,77
21,78
34,78
0,79
1,79
2,79
7,79
22,79
53,79
6,80
47,80
6,84
21,84
18,86
34,86
4,87
66,88
36,89
86,89
4,90
11,91
3,94
6,95
10,95
4,96
17,99
64,99
3,100
6,100
17,100
50,101
3,104
3,105
86,105
7,106
79,106
64,107
18,108
23,108
52,108
79,110
17,113
78,115
105,115
79,119
1,121
69,122
77,123
4,124
17,124
23,124
64,125
35,126
64,128
64,129
6,132
14,133
133,135
3,137
3,138
49,138
121,140
50,141
105,141
126,141
133,141
99,142
17,143
141,143
124,144
21,147
1,149
133,149
122,150
21,151
86,151
21,154
105,154
124,154
36,155
126,155
3,156
7,157
110,158
1,159
33,159
3,161
64,162
22,164
4,166
79,168
51,169
74,169
3,172
76,172
11,173
151,175
4,176
23,176
3,177
64,177
4,178
17,179
10,180
79,180
16,181
68,186
41,187
4,188
3,189
76,190
86,193
107,195
52,198
181,198
6,200
71,201
7,203
1,204
11,204
50,204
149,206
159,206
3,208
137,208
204,209
3,210
4,210
23,210
36,211
51,211
3,212
4,212
45,212
71,212
68,215
11,217
86,217
3,218
11,218
17,218
187,218
210,221
23,223
64,223
121,223
52,224
75,224
187,225
4,226
151,226
151,227
50,228
3,229
11,229
5,230
106,230
3,231
121,231
17,232
137,232
3,234
11,234
22,236
159,238
3,241
6,243
159,244
3,245
34,245
78,245
161,246
24,248
151,250
0,252
208,252
1,255
50,255
66,255
22,256
124,259
11,260
156,264
0,268
78,268
210,268
72,273
126,273
129,277
74,279
84,279
208,279
50,280
23,281
75,282
9,284
16,284
52,284
154,284
208,284
3,285
64,285
187,285
78,286
110,288
39,289
22,290
6,291
21,292
35,292
204,292
218,296
37,298
75,301
33,302
105,303
6,304
17,304
3,308
2,312
4,312
36,312
88,312
22,313
3,314
22,314
284,315
110,316
35,317
3,318
273,318
204,319
3,320
87,320
10,321
17,321
66,322
227,322
304,322
3,323
322,323
35,326
141,328
51,329
11,330
51,330
80,331
16,336
69,336
187,336
50,337
79,337
64,338
122,338
6,339
151,340
3,341
1,342
17,342
64,342
129,342
1,343
94,343
252,345
21,347
23,347
3,348
172,348
38,350
292,350
110,352
105,355
151,355
210,355
6,356
107,356
250,358
260,362
1,364
66,368
32,369
268,369
224,371
232,371
10,372
154,372
224,372
79,373
245,374
3,375
105,376
151,376
342,376
204,377
288,378
143,379
292,379
291,381
107,382
51,383
11,384
14,384
25,384
38,384
129,384
291,387
17,389
52,389
110,389
126,389
51,391
384,391
173,392
284,394
17,395
110,395
135,396
23,397
84,397
223,397
58,398
122,398
38,399
75,399
204,399
137,400
64,401
268,401
133,402
292,402
161,406
124,408
125,408
312,408
17,409
189,410
75,411
284,411
384,411
281,412
4,413
51,414
64,414
6,415
110,415
395,416
3,419
3,421
23,421
0,422
284,422
3,423
123,423
410,423
51,424
67,424
1,426
17,426
318,427
198,428
4,429
64,431
77,433
17,434
157,434
79,436
282,436
6,437
141,438
154,439
22,440
50,441
79,442
189,442
7,443
51,443
23,444
423,444
17,445
86,445
381,445
408,445
419,446
391,447
79,449
292,449
23,450
64,450
422,453
50,454
101,454
21,457
7,462
121,462
124,462
343,462
143,463
0,464
322,464
447,464
1,466
3,466
79,466
84,467
206,469
21,470
33,470
36,470
74,470
6,471
449,472
252,473
440,474
79,477
241,477
3,478
94,478
4,480
173,480
22,481
16,482
211,482
312,482
0,483
71,485
454,487
1,490
24,490
25,490
423,490
108,494
3,495
6,495
423,495
490,495
462,496
3,497
63,497
35,498
284,498
350,498
35,500
124,500
9,502
50,506
14,507
124,507
157,507
155,510
477,511
3,512
151,517
510,517
63,518
123,520
50,522
154,522
75,523
3,524
362,524
100,525
154,525
17,527
78,527
24,529
143,529
173,530
338,531
384,531
16,535
441,536
39,537
151,538
3,539
292,544
79,545
166,546
444,546
50,547
38,549
3,550
36,552
110,552
471,552
37,553
436,554
21,556
423,558
490,558
434,560
1,561
154,561
195,562
260,563
3,564
151,565
58,566
141,571
3,572
342,572
86,574
113,575
408,577
4,579
12,579
15,581
399,581
397,582
415,582
110,583
487,584
512,584
527,584
79,586
243,586
445,586
172,587
10,588
464,588
173,590
236,590
342,590
552,590
11,591
17,591
531,591
173,592
224,592
211,593
591,594
16,595
215,595
550,597
19,600
398,601
490,601
552,601
18,602
217,603
115,604
33,607
151,607
96,608
6,609
3,611
9,611
23,611
3,614
124,615
189,615
22,616
558,617
84,618
268,618
125,619
212,621
384,621
477,621
480,621
4,623
151,623
96,624
315,624
36,627
414,627
470,627
50,629
577,629
621,629
211,630
16,631
64,632
587,632
11,633
17,633
210,635
621,635
4,639
40,639
95,639
9,641
51,641
395,643
281,644
292,645
50,646
35,649
106,649
17,650
84,653
141,653
11,657
3,658
496,664
11,666
87,666
95,667
490,667
106,668
23,669
19,670
122,672
649,675
72,680
3,683
415,684
497,684
470,685
35,687
38,689
110,689
285,689
4,691
72,691
4,692
6,692
289,692
66,693
105,699
471,699
524,699
0,701
23,701
314,701
426,701
619,704
454,705
155,706
157,707
649,707
372,708
449,709
10,711
21,711
590,712
50,713
23,717
212,717
553,720
64,721
527,722
79,723
527,723
2,724
9,724
323,725
490,725
653,726
35,727
173,727
0,728
86,730
21,731
331,732
314,733
463,733
218,735
255,736
17,737
147,737
627,737
1,738
129,738
3,740
490,740
322,741
507,741
337,743
292,745
53,746
90,746
517,748
33,749
571,749
4,750
17,751
512,751
3,752
79,752
100,752
412,752
389,753
224,754
126,755
292,755
507,755
312,756
384,756
419,756
322,757
106,758
4,759
7,759
3,761
4,761
364,763
35,764
86,767
1,769
105,769
22,770
208,770
110,771
76,772
464,772
2,774
166,774
517,775
401,777
384,778
79,781
234,781
4,784
1,785
2,785
22,786
52,789
21,790
78,790
151,790
497,791
50,792
124,792
208,794
231,794
210,795
23,798
64,799
790,799
669,804
1,805
121,805
517,806
763,806
212,807
212,809
3,810
84,810
141,810
490,812
64,813
107,814
738,814
527,818
159,819
632,819
21,820
490,820
232,822
23,824
52,824
141,824
290,825
173,828
79,830
330,830
21,832
151,832
35,833
105,833
9,835
243,836
395,836
21,837
595,837
12,839
215,839
571,839
50,840
149,840
789,840
3,841
531,841
470,842
737,842
441,843
79,844
227,844
835,845
52,846
3,847
273,847
582,847
2,849
75,849
806,849
142,850
159,850
342,850
3,851
621,851
639,851
282,853
53,855
618,855
100,856
502,856
608,856
9,858
224,858
135,862
141,863
470,863
350,864
483,865
531,866
699,866
17,867
210,867
424,868
6,869
3,870
86,871
0,873
23,873
100,873
141,873
227,873
3,876
7,877
0,878
6,878
23,878
142,882
566,882
291,884
770,888
38,890
629,891
3,892
124,893
268,893
17,895
75,895
601,895
818,895
284,897
740,897
27,898
3,899
34,899
96,900
96,901
143,901
771,902
151,905
558,906
16,908
527,908
141,909
882,909
18,910
21,910
50,910
615,911
868,911
260,912
10,913
441,913
317,915
51,917
316,917
757,917
147,918
910,918
618,919
863,919
154,920
252,921
621,924
17,927
211,929
273,929
343,929
38,932
53,935
691,938
470,940
544,940
731,940
379,941
36,942
32,943
208,945
572,945
17,948
391,948
3,953
35,955
121,956
844,956
232,960
12,961
51,963
10,964
442,964
830,964
3,966
238,966
940,966
12,968
159,968
16,969
36,969
129,970
285,970
470,970
10,971
617,971
737,973
105,974
279,974
15,976
16,977
18,978
268,978
4,979
16,982
52,982
105,982
725,982
895,982
84,983
336,983
398,985
792,985
844,985
51,989
384,991
64,994
23,995
621,995
158,996
50,997
529,997
6,998
151,998
384,1005
699,1008
899,1008
273,1009
79,1014
733,1014
3,1015
7,1017
878,1017
342,1018
617,1020
753,1020
563,1021
611,1023
717,1026
746,1027
33,1028
33,1029
774,1030
84,1031
737,1031
17,1032
590,1033
974,1033
124,1035
372,1035
0,1037
1031,1038
466,1039
522,1039
940,1039
478,1041
12,1044
23,1044
122,1044
135,1044
737,1044
399,1045
940,1045
84,1050
820,1050
1044,1050
426,1052
485,1052
23,1055
737,1055
7,1056
34,1056
643,1056
279,1057
699,1059
712,1059
11,1060
402,1060
50,1063
558,1063
733,1068
755,1068
343,1073
397,1074
1023,1074
173,1075
326,1076
125,1077
285,1079
21,1080
106,1080
899,1080
317,1082
215,1083
582,1084
6,1085
3,1087
940,1088
1035,1088
77,1089
466,1089
16,1090
154,1090
397,1091
6,1092
38,1093
50,1093
290,1093
442,1093
4,1095
215,1100
3,1101
6,1101
204,1101
3,1103
563,1103
236,1105
39,1107
964,1107
16,1108
497,1111
3,1112
244,1112
482,1113
621,1113
1,1114
853,1116
16,1117
530,1117
772,1117
806,1120
17,1121
24,1122
389,1122
876,1122
3,1123
100,1123
868,1123
769,1124
969,1124
836,1126
969,1127
971,1128
23,1130
51,1131
52,1131
635,1131
236,1133
173,1134
292,1134
141,1135
208,1136
129,1139
819,1140
601,1141
22,1142
212,1142
438,1142
122,1143
218,1143
595,1143
1,1148
618,1148
3,1149
1,1150
11,1151
238,1151
454,1151
16,1152
34,1152
527,1152
795,1153
129,1154
1039,1154
243,1156
34,1158
846,1159
124,1161
669,1161
441,1162
774,1162
36,1163
1023,1163
2,1164
774,1164
313,1165
115,1166
1077,1166
212,1167
844,1170
11,1174
970,1176
1124,1176
285,1178
752,1178
343,1181
125,1182
1059,1183
737,1184
913,1186
982,1186
1076,1186
18,1187
675,1187
851,1187
106,1189
292,1189
41,1193
3,1194
6,1196
11,1196
352,1197
41,1198
400,1198
122,1199
138,1201
1,1202
940,1203
147,1204
1124,1204
632,1206
522,1207
186,1208
772,1208
212,1209
863,1211
218,1212
71,1214
79,1214
412,1214
321,1215
1207,1216
38,1217
217,1217
835,1219
23,1221
173,1222
232,1223
527,1225
966,1227
279,1229
80,1231
121,1231
1044,1231
0,1232
1212,1232
285,1235
666,1236
966,1238
372,1241
478,1242
86,1244
399,1244
426,1244
527,1244
1159,1245
895,1248
16,1249
522,1249
909,1249
711,1250
1204,1250
141,1252
3,1257
6,1258
725,1258
759,1258
187,1259
317,1260
1149,1260
14,1261
50,1261
1126,1262
141,1266
447,1266
873,1266
940,1266
252,1269
23,1270
643,1270
401,1271
1140,1271
124,1272
1215,1273
173,1275
3,1276
115,1276
141,1277
252,1278
689,1279
912,1279
45,1280
224,1282
544,1282
941,1282
590,1283
3,1284
1186,1285
806,1286
4,1288
133,1288
810,1290
40,1291
23,1292
38,1292
211,1292
3,1293
53,1293
941,1293
1108,1293
51,1295
76,1295
6,1296
10,1296
582,1296
211,1297
820,1298
149,1300
175,1300
331,1300
969,1303
232,1304
592,1304
273,1307
397,1311
632,1312
252,1313
423,1313
11,1314
273,1315
3,1316
132,1319
480,1319
689,1321
6,1322
862,1322
320,1323
1121,1323
699,1325
0,1327
176,1329
292,1329
843,1330
901,1330
323,1335
856,1335
507,1336
833,1336
1060,1336
763,1338
4,1340
218,1341
1020,1341
141,1343
494,1344
643,1344
1321,1344
15,1345
53,1345
929,1346
22,1347
231,1347
507,1347
23,1348
147,1348
314,1348
443,1349
231,1352
292,1352
882,1353
23,1355
1162,1355
1291,1356
317,1357
22,1358
151,1360
1236,1360
3,1361
51,1361
635,1361
18,1362
1249,1364
1362,1364
2,1368
712,1369
1,1370
1356,1370
712,1372
1015,1373
312,1374
389,1374
955,1374
3,1376
632,1376
208,1378
395,1378
285,1380
693,1380
442,1381
757,1381
180,1383
1052,1383
11,1384
129,1384
6,1385
1095,1385
1,1386
11,1387
33,1389
415,1390
74,1393
74,1394
330,1394
727,1394
0,1397
590,1398
621,1401
1201,1401
250,1402
104,1403
1181,1404
22,1405
268,1405
1112,1408
343,1409
1194,1409
292,1410
32,1412
290,1414
650,1414
482,1416
873,1416
24,1417
4,1418
14,1418
982,1423
398,1424
3,1425
970,1426
21,1427
998,1427
314,1428
248,1430
401,1433
1089,1434
342,1435
124,1436
1117,1436
929,1437
244,1438
1052,1438
53,1439
101,1439
1194,1439
50,1440
1057,1440
1244,1441
23,1442
940,1446
330,1448
898,1448
23,1449
408,1449
884,1449
1005,1452
3,1453
777,1453
99,1454
389,1455
1131,1456
847,1458
3,1459
497,1460
76,1462
159,1462
444,1462
1039,1462
33,1463
1405,1464
1449,1469
871,1470
1186,1470
4,1473
11,1475
771,1476
384,1478
4,1480
632,1480
1,1481
232,1482
672,1485
24,1487
463,1487
1029,1487
1035,1490
231,1491
124,1495
1,1496
141,1498
99,1499
312,1499
330,1499
882,1499
41,1500
1347,1501
1500,1502
837,1505
124,1508
204,1511
751,1511
17,1512
289,1513
897,1513
1424,1513
1346,1514
756,1517
34,1518
72,1518
323,1518
807,1518
186,1519
0,1520
482,1520
1128,1520
692,1522
699,1522
899,1523
469,1526
699,1527
16,1529
104,1530
544,1530
940,1530
49,1531
895,1531
553,1532
971,1532
141,1533
1368,1536
1,1537
490,1538
210,1539
1312,1541
1460,1541
342,1543
1295,1543
75,1544
746,1544
851,1544
32,1545
75,1545
63,1546
189,1546
105,1547
106,1547
966,1547
1319,1548
391,1549
531,1549
873,1549
51,1550
141,1550
701,1554
2,1555
1554,1555
72,1556
1543,1556
806,1557
23,1558
204,1559
832,1560
1508,1560
63,1561
1543,1562
273,1563
463,1563
126,1564
1059,1564
590,1566
1122,1566
1090,1568
312,1569
18,1570
851,1571
4,1572
632,1572
65,1574
187,1574
667,1574
17,1575
33,1575
322,1576
399,1576
445,1576
3,1579
873,1579
969,1581
1089,1582
1514,1583
3,1584
427,1585
143,1586
79,1587
1586,1587
230,1588
424,1588
260,1592
969,1592
141,1593
3,1594
1052,1594
1201,1594
882,1596
422,1598
717,1598
17,1599
1211,1599
1241,1599
23,1600
172,1600
631,1600
78,1602
133,1604
477,1604
212,1605
236,1605
376,1607
649,1608
1107,1608
1,1609
910,1610
1374,1610
122,1613
908,1613
105,1614
399,1614
1203,1614
189,1615
482,1617
96,1620
124,1620
412,1620
190,1622
23,1623
769,1623
1454,1624
1378,1625
64,1626
7,1627
908,1627
976,1627
1033,1627
23,1628
1153,1628
244,1629
751,1629
691,1631
352,1632
1348,1632
268,1633
901,1634
144,1635
4,1636
669,1636
1085,1636
4,1638
179,1643
556,1643
790,1646
722,1649
982,1649
1222,1649
1541,1650
224,1651
866,1651
1139,1651
27,1653
627,1656
1454,1657
3,1658
21,1659
104,1659
172,1659
921,1659
849,1660
52,1662
415,1662
1198,1662
531,1663
124,1664
16,1665
268,1665
330,1665
784,1665
1563,1665
895,1666
1462,1666
473,1667
582,1667
733,1669
1165,1669
1352,1673
84,1674
292,1674
546,1675
172,1676
15,1678
23,1678
1423,1678
732,1679
899,1679
1089,1679
51,1682
101,1682
17,1683
124,1686
4,1688
14,1688
6,1689
1017,1689
3,1690
924,1691
1646,1691
464,1694
524,1694
464,1695
154,1696
32,1697
1143,1698
1216,1698
1050,1699
1,1701
50,1701
227,1701
1136,1703
3,1704
143,1705
1216,1705
292,1707
1079,1707
1361,1708
969,1710
722,1712
53,1713
78,1713
322,1713
80,1714
129,1714
561,1715
466,1716
927,1717
100,1718
141,1719
143,1719
206,1719
650,1719
204,1721
3,1722
1469,1723
1520,1724
586,1725
590,1725
927,1725
1162,1725
3,1727
650,1727
137,1728
3,1730
17,1731
52,1731
47,1732
556,1732
326,1733
79,1734
807,1734
1258,1734
21,1735
206,1735
910,1735
6,1737
500,1737
22,1738
1523,1738
12,1739
1009,1739
86,1740
22,1741
51,1741
1496,1741
210,1742
397,1742
1083,1744
4,1745
79,1749
303,1749
391,1750
905,1750
1727,1750
1557,1751
107,1753
250,1753
6,1756
32,1756
65,1756
172,1757
79,1758
232,1758
282,1758
338,1758
998,1760
1044,1761
16,1762
1349,1768
1335,1769
268,1770
1643,1770
312,1772
268,1775
1288,1776
1547,1776
50,1777
956,1777
1056,1777
110,1778
844,1778
1093,1778
1015,1780
1756,1781
53,1782
1221,1784
105,1785
670,1786
52,1787
945,1787
1,1788
1555,1788
1,1789
785,1790
1523,1790
78,1791
1032,1793
1266,1796
1408,1796
1575,1796
227,1797
1113,1797
343,1798
789,1798
124,1799
730,1800
1344,1800
238,1801
819,1803
1585,1803
1039,1804
1204,1804
78,1805
100,1809
1690,1810
124,1811
50,1812
35,1814
11,1815
64,1815
832,1815
173,1816
1427,1816
627,1817
531,1818
141,1820
1487,1820
755,1822
1820,1824
807,1825
833,1825
1217,1825
836,1826
281,1828
53,1829
210,1829
1523,1829
210,1830
1060,1831
1499,1831
1758,1832
141,1834
215,1834
1027,1836
1646,1836
539,1838
1638,1840
587,1841
1347,1843
669,1845
132,1846
314,1846
1539,1851
1,1854
47,1854
135,1855
565,1856
1117,1856
86,1857
159,1858
1345,1859
18,1860
845,1860
22,1861
296,1862
210,1863
630,1864
1122,1866
312,1867
833,1868
1487,1868
1762,1869
24,1871
969,1873
208,1874
454,1875
601,1875
14,1878
737,1878
154,1879
1547,1880
67,1881
546,1881
87,1884
851,1884
38,1885
781,1885
399,1886
12,1887
527,1887
1753,1887
1376,1891
128,1893
143,1896
1093,1896
1623,1896
212,1897
527,1897
693,1897
795,1897
971,1897
1770,1897
64,1899
1832,1901
1897,1901
33,1902
330,1903
497,1903
1,1906
1851,1907
23,1908
1907,1909
1204,1911
110,1912
224,1913
159,1914
312,1914
899,1914
966,1914
1526,1914
979,1916
1122,1917
3,1918
730,1919
855,1919
1303,1919
1818,1919
224,1920
775,1920
1031,1920
774,1921
1165,1921
1340,1922
591,1923
21,1924
1696,1926
1638,1927
79,1928
414,1928
1541,1928
211,1929
17,1930
1921,1930
582,1931
44,1934
1378,1934
392,1935
79,1936
273,1936
593,1936
897,1936
1186,1940
399,1944
427,1945
856,1945
395,1947
35,1948
1128,1948
759,1950
908,1951
35,1952
547,1952
1530,1952
1753,1953
7,1954
1236,1957
1116,1959
531,1960
352,1961
401,1961
1556,1961
971,1962
1532,1962
224,1963
454,1964
3,1965
330,1966
350,1966
1861,1966
524,1968
1093,1968
899,1970
22,1971
75,1971
6,1972
1206,1972
1867,1972
154,1973
1348,1974
1469,1975
66,1976
4,1979
1838,1979
11,1981
1141,1981
672,1983
110,1985
1117,1988
1918,1991
558,1992
973,1992
1321,1994
204,1995
996,1997
969,1998
1112,1999
3,2000
864,2001
1176,2001
1972,2001
1076,2002
64,2004
733,2006
1130,2006
1015,2007
1531,2008
27,2009
74,2010
231,2011
1579,2011
1659,2011
1646,2013
639,2015
175,2016
149,2017
772,2017
124,2018
837,2020
1204,2020
11,2021
611,2021
942,2021
724,2022
1846,2022
21,2023
389,2024
16,2025
1739,2026
64,2027
395,2028
1259,2028
1966,2028
37,2029
181,2030
2,2033
3,2033
187,2034
210,2034
279,2035
675,2036
64,2037
1241,2037
1414,2039
36,2040
1,2041
1470,2042
1201,2044
1374,2044
304,2046
1560,2048
17,2049
0,2050
1,2053
312,2053
223,2055
1617,2056
1124,2057
1885,2057
1588,2058
79,2059
1152,2059
1656,2060
106,2061
1826,2062
1384,2063
1387,2063
717,2064
4,2066
35,2066
229,2066
910,2066
844,2069
16,2071
52,2071
1426,2073
1713,2076
399,2079
1073,2079
11,2082
1646,2083
79,2084
50,2085
607,2085
941,2087
444,2091
18,2092
1460,2092
11,2095
563,2096
2039,2096
601,2097
0,2098
51,2100
84,2100
771,2100
1141,2100
611,2103
871,2106
1881,2106
737,2108
208,2109
141,2111
11,2112
89,2112
792,2123
187,2124
2,2127
176,2127
1919,2128
1667,2129
2,2130
618,2130
1734,2130
1770,2130
898,2131
288,2133
395,2133
25,2138
375,2138
512,2138
35,2139
319,2140
2053,2140
1584,2141
379,2142
1665,2142
2,2144
1950,2144
16,2145
378,2145
810,2145
473,2146
3,2148
1914,2149
579,2150
720,2150
426,2152
726,2152
895,2152
1381,2152
494,2153
105,2155
1378,2156
627,2158
1362,2159
3,2160
337,2160
1665,2160
717,2163
22,2165
774,2165
507,2166
402,2168
255,2169
3,2170
415,2170
667,2170
792,2170
79,2172
737,2174
438,2175
1222,2175
2127,2175
1068,2176
319,2177
1803,2178
1899,2181
1117,2182
343,2183
208,2184
1199,2184
792,2186
18,2187
941,2187
78,2188
415,2188
471,2188
79,2189
457,2189
1142,2194
1936,2195
226,2198
1248,2198
189,2199
668,2200
704,2200
1266,2200
408,2201
478,2204
1141,2205
3,2206
1165,2208
6,2210
1196,2210
440,2213
618,2213
1364,2213
1068,2214
837,2215
701,2218
1602,2221
122,2222
378,2222
1547,2222
35,2223
444,2223
1319,2223
141,2225
2000,2225
34,2226
1708,2226
234,2230
462,2231
16,2232
1154,2232
627,2233
913,2233
1831,2233
657,2235
527,2236
2140,2236
1131,2237
1820,2237
195,2238
336,2239
1056,2239
1425,2240
21,2241
317,2241
1362,2241
1345,2242
53,2243
494,2243
143,2246
1599,2246
0,2247
968,2247
2170,2248
260,2251
35,2252
187,2252
80,2255
53,2256
323,2256
794,2256
495,2257
1244,2257
1646,2258
2138,2259
873,2260
591,2261
419,2263
707,2263
910,2264
618,2266
1386,2267
35,2268
11,2271
347,2273
830,2273
1389,2275
96,2277
337,2278
63,2279
723,2279
101,2280
1117,2281
67,2283
1249,2284
1756,2286
35,2287
50,2288
3,2290
553,2290
1768,2293
122,2297
1374,2301
11,2302
238,2302
1123,2303
99,2307
289,2307
2100,2307
84,2309
1284,2309
755,2314
1887,2314
1215,2315
204,2316
561,2316
1742,2316
79,2317
2130,2317
2188,2317
727,2320
78,2322
154,2323
1232,2323
487,2324
230,2325
255,2326
1249,2326
2008,2326
16,2327
1462,2327
336,2328
1635,2328
154,2329
187,2329
485,2329
16,2330
758,2331
910,2333
982,2333
709,2334
395,2335
590,2335
1181,2336
1313,2336
2127,2336
17,2337
1126,2337
23,2339
273,2339
9,2343
717,2344
753,2346
1348,2347
1588,2348
1176,2350
2004,2351
141,2352
2153,2352
50,2353
2097,2354
969,2355
2092,2355
23,2356
79,2356
1475,2357
1587,2357
422,2359
1209,2359
1347,2359
1579,2359
23,2361
53,2362
175,2362
442,2364
996,2364
110,2367
1249,2369
1348,2376
2256,2376
1,2377
64,2378
444,2385
911,2385
16,2386
1761,2386
2085,2386
200,2387
2286,2388
285,2390
1322,2390
1343,2390
1319,2391
1,2392
1427,2392
591,2393
1186,2393
50,2394
466,2394
96,2395
79,2396
792,2396
2100,2396
1404,2397
14,2399
6,2400
1313,2400
1781,2401
1836,2402
2123,2403
245,2404
863,2405
1044,2405
141,2407
1579,2407
17,2408
36,2408
2221,2409
1918,2412
322,2413
2037,2414
466,2415
1963,2415
1518,2416
639,2417
38,2418
50,2419
1103,2419
1550,2420
1039,2421
833,2422
1513,2422
52,2423
1854,2423
1181,2424
1629,2424
847,2425
2388,2426
2404,2426
1851,2427
1863,2429
260,2430
57,2433
348,2433
17,2434
2039,2434
1080,2435
1790,2436
1920,2437
50,2438
667,2439
35,2440
409,2440
699,2440
1887,2440
2433,2440
175,2443
27,2444
1963,2444
737,2446
1435,2446
1319,2448
212,2449
911,2451
733,2452
767,2453
1338,2453
1781,2453
1469,2454
650,2455
329,2456
414,2456
1442,2458
2275,2458
1460,2459
2082,2459
64,2461
1875,2462
699,2463
588,2465
2138,2466
2251,2466
1718,2468
17,2469
833,2469
1323,2470
940,2471
1056,2471
77,2472
6,2474
2404,2474
37,2476
721,2477
232,2478
522,2478
64,2484
141,2484
1,2485
1725,2485
462,2487
2330,2487
1151,2488
2322,2489
4,2494
187,2497
1103,2500
1563,2500
1812,2500
79,2501
1322,2501
2123,2501
784,2503
1068,2503
1462,2503
292,2504
876,2504
2225,2505
2025,2506
11,2508
462,2509
1015,2511
545,2513
9,2515
16,2515
1544,2517
38,2518
2301,2518
1039,2519
2353,2519
940,2522
1541,2523
2013,2524
1154,2527
7,2529
53,2529
4,2531
1414,2533
292,2534
32,2535
2082,2535
1212,2541
1199,2544
255,2545
1688,2546
64,2547
3,2548
4,2548
110,2551
121,2553
1074,2558
17,2560
531,2562
1176,2562
627,2563
313,2564
482,2564
122,2566
2,2567
23,2568
255,2568
1249,2568
79,2569
110,2571
328,2571
88,2573
1235,2573
552,2575
865,2575
608,2580
1017,2580
1197,2580
3,2581
490,2582
1836,2583
601,2585
19,2586
11,2587
1734,2588
35,2589
1122,2589
1860,2589
1238,2591
2422,2591
1532,2592
23,2593
772,2593
17,2594
1056,2595
75,2596
1381,2596
1974,2596
2000,2596
1035,2597
1093,2597
141,2598
312,2598
897,2598
1499,2599
176,2600
1201,2600
1985,2603
2127,2605
1840,2606
849,2607
1093,2607
187,2608
1836,2608
231,2609
971,2609
27,2611
531,2611
17,2612
108,2612
411,2613
1304,2614
37,2615
917,2615
2195,2615
2290,2615
2307,2615
2021,2617
804,2619
391,2621
629,2621
76,2624
99,2624
624,2624
17,2625
1343,2625
1769,2629
33,2630
124,2630
600,2631
2039,2631
487,2632
717,2632
179,2634
2452,2634
507,2636
590,2638
64,2639
2011,2641
2165,2641
2200,2641
51,2642
212,2643
2434,2644
362,2645
51,2647
1770,2647
51,2648
1745,2648
590,2650
895,2650
1211,2651
940,2652
920,2653
2100,2653
49,2654
669,2654
395,2656
603,2656
124,2657
1691,2659
80,2660
1547,2660
1,2662
897,2662
1248,2662
1374,2662
1721,2662
291,2663
964,2663
1181,2664
1513,2665
35,2666
945,2666
3,2667
3,2668
482,2671
1602,2671
725,2672
4,2673
345,2673
442,2673
52,2674
835,2674
175,2676
1742,2676
86,2677
1628,2677
609,2678
701,2678
209,2679
143,2680
2218,2680
2471,2680
50,2681
268,2685
151,2686
531,2688
2036,2690
252,2691
330,2692
1587,2692
110,2693
1112,2695
609,2696
395,2697
141,2698
1271,2698
22,2700
982,2700
105,2701
1093,2703
2519,2704
35,2707
2668,2709
1791,2711
141,2712
908,2712
627,2713
308,2715
378,2715
1113,2715
400,2716
397,2719
64,2720
16,2721
588,2721
256,2722
292,2722
470,2722
161,2723
943,2723
1209,2725
3,2729
2023,2730
1348,2733
110,2734
1361,2734
413,2736
1039,2738
1154,2738
2609,2738
588,2739
304,2740
1547,2740
843,2742
2327,2742
347,2744
1355,2744
1627,2744
415,2745
477,2745
806,2745
121,2747
1781,2747
381,2748
321,2750
2020,2750
0,2751
527,2751
11,2753
16,2753
2317,2753
1286,2754
154,2756
189,2757
51,2758
211,2760
2307,2760
21,2761
769,2761
159,2762
1117,2763
2396,2763
497,2764
1345,2764
444,2765
1734,2765
86,2768
584,2768
2145,2769
149,2771
577,2771
590,2771
51,2772
1068,2773
2123,2773
124,2774
669,2774
2357,2774
17,2775
1544,2776
2301,2776
2695,2777
198,2778
1093,2779
2256,2779
1089,2780
1594,2780
443,2785
1338,2785
2337,2785
1917,2786
121,2787
1073,2787
110,2789
224,2789
401,2789
187,2790
2263,2790
243,2791
421,2792
1343,2792
1769,2792
24,2793
1651,2795
737,2797
1044,2797
2412,2798
288,2806
17,2807
314,2807
1304,2808
1020,2810
11,2811
724,2811
3,2812
3,2813
524,2813
1143,2813
507,2815
463,2816
563,2816
1426,2816
1818,2816
1206,2817
601,2819
1750,2819
2722,2819
173,2821
2594,2821
64,2823
382,2829
810,2831
1249,2831
1476,2831
4,2832
643,2832
218,2833
2673,2833
106,2835
2426,2835
301,2836
616,2836
1204,2836
1244,2837
126,2838
444,2838
627,2838
2575,2839
623,2840
1151,2842
1,2843
2,2845
1,2846
35,2846
2046,2846
10,2847
330,2847
1805,2847
2592,2847
0,2849
849,2851
2519,2854
124,2857
245,2857
2073,2857
3,2860
212,2860
998,2863
2634,2865
1517,2866
2730,2866
159,2867
587,2868
1005,2869
1544,2873
1936,2873
50,2874
466,2874
771,2874
2327,2874
141,2877
135,2879
1917,2879
1518,2882
1449,2883
1727,2884
2178,2884
408,2885
1631,2886
291,2887
1027,2889
2722,2892
372,2893
2141,2893
524,2894
3,2895
210,2895
1026,2896
2100,2896
969,2899
1605,2900
863,2901
1531,2901
2,2902
2053,2902
80,2903
525,2904
746,2904
2263,2905
2376,2905
2286,2906
176,2907
330,2907
2847,2910
940,2911
1244,2911
176,2912
2839,2912
51,2914
1665,2914
781,2915
841,2916
1414,2916
2662,2916
1039,2917
2127,2917
409,2918
751,2919
3,2920
173,2922
292,2922
940,2922
1134,2922
2222,2922
1154,2923
2152,2923
25,2924
312,2924
2205,2924
110,2926
412,2926
840,2927
1753,2927
389,2928
2860,2928
727,2929
1952,2929
330,2930
3,2931
188,2932
245,2933
23,2934
255,2934
841,2934
2046,2934
2544,2934
0,2935
19,2936
24,2936
498,2936
1250,2936
2754,2936
635,2937
2201,2937
627,2938
844,2941
1753,2942
1194,2943
1829,2943
2489,2945
24,2947
151,2947
129,2948
1436,2948
1731,2949
17,2950
591,2950
1374,2950
2189,2950
47,2952
16,2953
228,2953
507,2953
836,2953
1556,2953
22,2954
746,2954
498,2955
882,2957
292,2960
312,2960
2928,2960
51,2961
64,2963
1628,2964
882,2965
1089,2965
1122,2965
1278,2965
530,2966
232,2968
86,2969
2488,2971
2745,2971
175,2973
1919,2973
64,2975
1344,2976
1426,2976
424,2977
2407,2977
1341,2978
39,2979
40,2980
444,2981
350,2982
1665,2983
218,2984
595,2984
2218,2984
482,2985
591,2987
2129,2987
176,2988
350,2989
2213,2989
17,2991
317,2991
2256,2991
149,2992
1544,2992
847,2993
1531,2993
971,2994
1879,2994
141,2998
313,2998
322,2998
1769,2998
1039,3001
17,3002
646,3002
2092,3002
1014,3005
17,3006
1801,3007
2362,3008
110,3010
873,3010
899,3010
154,3012
212,3013
1266,3014
172,3015
494,3015
260,3016
621,3017
969,3018
1418,3018
1266,3020
243,3021
781,3021
147,3022
331,3022
2048,3026
1787,3027
772,3032
1966,3032
2742,3032
2930,3032
1152,3033
1456,3033
2056,3033
187,3035
1186,3035
2,3038
69,3038
979,3038
312,3040
878,3042
106,3043
224,3043
436,3043
453,3044
0,3046
1128,3046
201,3047
2006,3047
2780,3049
1,3050
812,3050
2789,3050
23,3051
490,3051
1724,3051
898,3052
466,3053
1126,3054
1426,3054
771,3055
799,3055
561,3056
2024,3057
0,3058
110,3058
1713,3058
141,3059
584,3059
227,3060
2198,3061
1674,3062
2452,3063
0,3065
2175,3065
445,3066
84,3067
1074,3067
228,3068
699,3069
1440,3070
3,3073
79,3073
292,3074
1143,3074
77,3076
4,3078
846,3078
329,3079
79,3083
173,3083
1694,3084
1,3087
224,3087
650,3088
2739,3090
339,3091
974,3091
2738,3091
296,3093
726,3093
87,3096
38,3097
124,3097
17,3098
1128,3098
1401,3098
22,3101
1123,3103
1131,3103
51,3104
50,3105
2868,3106
1633,3107
2189,3107
2916,3107
323,3108
1258,3108
699,3109
175,3111
227,3111
2364,3111
6,3112
133,3112
384,3112
176,3114
864,3114
391,3116
151,3117
323,3118
650,3118
470,3119
4,3120
1344,3121
1433,3123
1628,3126
53,3127
64,3128
2597,3129
1216,3132
905,3133
228,3134
899,3134
737,3135
1186,3137
2953,3139
317,3141
2953,3141
763,3142
4,3143
2314,3143
882,3145
618,3146
582,3147
11,3148
911,3148
1127,3148
3,3150
195,3150
107,3152
273,3152
426,3152
524,3152
22,3155
1547,3159
1122,3161
2264,3161
846,3162
882,3164
343,3165
3066,3166
23,3167
2362,3167
1708,3168
597,3170
1249,3170
538,3171
556,3171
1753,3173
1742,3175
391,3176
2352,3178
241,3179
195,3180
1508,3180
204,3181
653,3183
3040,3184
2,3185
341,3187
1176,3187
1917,3187
250,3188
1972,3188
16,3190
369,3190
3065,3191
211,3192
572,3192
2037,3194
347,3196
964,3196
3,3199
2607,3203
2692,3203
1778,3205
2087,3205
154,3206
255,3207
590,3207
699,3207
1697,3207
2904,3207
1,3208
154,3209
1602,3209
1797,3211
2575,3212
3093,3213
851,3215
1960,3215
282,3216
157,3217
901,3219
1201,3219
21,3220
53,3220
3,3221
3097,3221
4,3222
2676,3223
64,3226
330,3229
2025,3229
4,3231
21,3233
1701,3235
3170,3235
449,3236
996,3236
3233,3236
940,3237
3181,3237
524,3241
564,3241
1352,3243
24,3244
22,3245
2267,3245
78,3246
1914,3246
3,3247
590,3247
1212,3247
3057,3247
763,3249
940,3249
1374,3249
795,3250
3008,3250
2613,3252
124,3254
2326,3254
1152,3255
1679,3255
1113,3257
1124,3257
2504,3258
2934,3258
204,3259
581,3259
940,3261
137,3263
1123,3263
601,3264
669,3264
1979,3265
273,3267
1826,3267
982,3268
1579,3268
1887,3269
1327,3271
3141,3271
408,3273
689,3273
942,3273
1796,3274
17,3276
1260,3276
49,3277
79,3277
51,3281
2001,3281
2184,3281
50,3284
384,3284
3,3285
1080,3285
807,3286
618,3287
1500,3289
1921,3289
312,3291
717,3291
399,3292
611,3292
3078,3292
74,3293
490,3295
2650,3295
1650,3296
312,3297
478,3297
772,3299
1266,3299
1735,3301
23,3302
34,3303
502,3303
1128,3303
218,3304
277,3304
99,3306
2753,3307
21,3308
224,3308
280,3308
2508,3308
2791,3309
0,3311
342,3311
16,3312
1653,3314
1361,3316
590,3317
1735,3318
970,3319
2973,3320
151,3322
974,3323
462,3325
2057,3326
1912,3327
3,3328
2188,3328
250,3330
2021,3330
1,3333
9,3335
282,3336
1181,3336
208,3339
2264,3339
2840,3339
590,3340
1629,3341
1737,3341
1,3342
1836,3343
124,3345
781,3345
1117,3346
2720,3346
33,3347
100,3347
285,3348
229,3349
350,3349
159,3350
1546,3350
2314,3350
371,3351
675,3351
2183,3352
1914,3354
86,3357
2811,3357
2000,3358
837,3359
2768,3359
179,3361
2580,3361
2740,3362
2200,3363
40,3364
866,3364
2916,3364
4,3365
666,3365
905,3365
2911,3365
590,3366
3281,3366
1716,3367
2424,3367
16,3370
397,3370
4,3371
1181,3371
3180,3373
151,3375
969,3375
1599,3375
1059,3377
64,3379
32,3382
929,3382
1321,3383
2985,3384
4,3385
17,3391
211,3392
316,3392
558,3392
143,3393
490,3394
2,3395
1708,3397
1770,3402
444,3404
895,3404
1498,3408
3382,3409
384,3410
442,3410
3106,3411
100,3413
2712,3414
1348,3415
320,3420
3221,3422
16,3423
2000,3423
110,3427
1518,3427
66,3428
1235,3429
110,3430
151,3431
464,3431
0,3433
17,3433
1181,3433
970,3434
0,3435
284,3436
67,3439
490,3440
531,3440
790,3440
1088,3440
1475,3441
1756,3441
1769,3441
16,3442
284,3442
3409,3443
1014,3446
1303,3446
1614,3448
154,3449
1176,3449
415,3450
63,3452
1,3454
439,3454
2963,3456
1473,3457
1944,3457
1957,3457
2287,3458
878,3459
39,3460
3084,3461
1236,3462
1374,3464
53,3466
447,3466
2187,3468
457,3470
470,3470
862,3470
2923,3470
107,3472
1957,3475
2545,3477
105,3478
1216,3478
1307,3480
86,3481
1623,3481
2066,3481
21,3482
6,3483
1851,3483
99,3484
2111,3484
701,3485
2779,3485
424,3487
772,3487
1505,3488
330,3490
51,3491
1666,3491
1499,3492
3173,3492
2142,3497
172,3498
78,3501
2580,3501
159,3503
2998,3505
1107,3506
3273,3506
427,3507
759,3508
1653,3508
1178,3509
0,3511
10,3513
561,3513
1249,3513
1928,3513
940,3514
2388,3514
41,3515
1537,3516
25,3517
1549,3518
330,3519
2874,3519
3112,3519
284,3521
24,3522
79,3522
1372,3522
124,3524
444,3524
350,3527
7,3528
260,3529
124,3530
3159,3530
79,3531
212,3532
2037,3532
989,3534
141,3536
1348,3536
3,3537
291,3541
868,3541
0,3542
1217,3542
24,3543
1541,3544
601,3545
2591,3545
898,3546
2106,3546
189,3547
824,3548
635,3549
2314,3549
945,3550
3258,3550
1152,3551
4,3553
204,3554
774,3554
1547,3554
2246,3555
313,3556
1945,3556
241,3557
3205,3558
3343,3559
151,3560
2580,3560
441,3561
2625,3561
1039,3562
1231,3562
236,3564
1090,3564
1143,3564
288,3565
2329,3565
524,3567
552,3568
1727,3568
4,3569
154,3569
2100,3569
79,3570
878,3570
1216,3570
2092,3570
2533,3573
1164,3576
330,3577
2644,3579
940,3580
1972,3582
49,3585
2018,3586
14,3587
2896,3587
836,3588
3410,3589
241,3590
2436,3590
231,3591
23,3592
882,3592
2030,3599
3284,3599
21,3602
711,3602
3,3603
255,3604
423,3606
2989,3606
3548,3607
781,3608
3567,3609
553,3610
2580,3611
483,3612
2165,3613
2789,3613
830,3614
3196,3614
358,3615
1089,3616
2397,3616
3,3618
3277,3618
312,3622
2138,3622
16,3623
17,3623
35,3623
348,3624
1742,3626
315,3629
1991,3629
133,3630
422,3631
462,3631
1815,3633
143,3634
774,3634
822,3634
3047,3634
322,3639
3519,3639
23,3643
124,3643
2631,3643
356,3644
154,3645
1817,3645
3105,3645
563,3646
230,3647
1122,3647
1694,3647
1319,3650
1928,3651
23,3652
157,3652
284,3654
602,3654
940,3656
2651,3656
173,3657
844,3657
966,3657
23,3659
398,3660
1462,3662
23,3666
3020,3666
3498,3666
558,3667
1426,3667
1832,3667
3,3668
303,3670
2017,3670
561,3671
775,3673
180,3674
1031,3674
1134,3674
3429,3674
11,3678
584,3679
1327,3679
95,3680
1556,3681
25,3682
1340,3683
2716,3683
3303,3685
17,3686
3055,3690
866,3691
3281,3691
1532,3692
35,3694
2395,3694
979,3697
1186,3698
1800,3698
1914,3698
154,3701
260,3701
1462,3701
250,3705
154,3708
1352,3709
64,3710
176,3710
2478,3710
3554,3711
154,3713
157,3713
129,3715
79,3717
90,3717
2466,3717
691,3720
2533,3720
101,3721
572,3721
911,3721
1343,3721
2716,3721
323,3723
3112,3724
3705,3724
2263,3725
1312,3726
384,3727
1750,3727
2440,3730
78,3732
2835,3732
2612,3733
2915,3734
3613,3735
23,3738
1649,3738
646,3739
1689,3739
462,3741
3,3742
342,3742
3521,3744
1143,3745
917,3746
3249,3746
807,3747
882,3748
1667,3748
38,3749
2969,3750
2440,3751
1913,3753
79,3756
1127,3756
2109,3756
3415,3756
4,3757
50,3758
899,3758
211,3759
3599,3762
882,3765
2546,3765
124,3766
2907,3766
382,3768
639,3770
17,3772
878,3772
997,3772
0,3773
564,3773
34,3774
397,3775
51,3776
974,3778
2419,3779
833,3780
94,3781
244,3782
550,3782
3430,3782
617,3783
1778,3783
3762,3784
849,3786
1778,3788
2284,3789
413,3790
470,3792
415,3793
1487,3793
1846,3793
1679,3794
1259,3795
2793,3795
2004,3796
840,3797
3112,3799
2,3800
282,3800
1122,3800
252,3802
941,3802
552,3804
1998,3804
1039,3805
1707,3805
774,3806
2950,3806
3779,3807
231,3811
1586,3811
143,3814
2657,3818
422,3819
1523,3819
726,3820
96,3821
1044,3821
2916,3823
121,3824
21,3826
3404,3826
50,3828
252,3829
908,3830
17,3831
143,3831
74,3832
2092,3832
122,3835
3634,3835
236,3837
273,3837
1090,3837
3430,3837
80,3839
446,3839
3,3840
1266,3841
1602,3844
2943,3845
16,3847
911,3848
529,3849
470,3850
1412,3850
2562,3851
96,3852
2787,3852
453,3853
17,3857
3241,3857
16,3858
1547,3858
3188,3858
33,3860
1462,3860
210,3861
2106,3861
3765,3862
41,3863
2575,3863
531,3864
17,3866
449,3866
689,3870
50,3871
212,3872
1796,3872
3074,3873
1,3874
155,3875
3789,3876
1954,3877
2385,3879
2386,3879
3765,3881
350,3883
2423,3883
429,3884
3,3887
3679,3890
507,3891
2533,3891
1846,3893
2055,3894
1983,3895
3647,3895
12,3896
158,3896
2267,3900
79,3901
1,3903
1216,3904
1105,3905
64,3906
169,3908
1462,3909
17,3912
2028,3914
221,3915
286,3915
3,3916
35,3917
774,3917
397,3921
2434,3922
864,3923
1846,3923
1197,3924
522,3927
1499,3928
39,3929
1735,3931
3633,3934
338,3935
2693,3935
2011,3936
2188,3936
64,3938
847,3938
466,3939
1212,3939
921,3940
910,3942
840,3943
1,3944
17,3944
187,3944
3508,3945
34,3946
1499,3946
2478,3949
244,3951
392,3953
2017,3953
3394,3956
544,3957
882,3957
1361,3957
2992,3957
16,3958
4,3960
22,3960
45,3960
2263,3960
701,3962
11,3964
0,3965
669,3965
905,3965
2707,3965
1501,3967
2791,3968
3,3969
631,3970
121,3971
3311,3971
621,3972
910,3972
1961,3972
32,3973
2596,3973
2777,3973
79,3974
1412,3974
1614,3974
1878,3975
454,3976
110,3978
897,3978
1403,3978
1127,3979
1236,3979
2676,3980
3367,3983
3,3986
500,3989
1462,3989
594,3991
1912,3991
2453,3991
1107,3992
1186,3992
2647,3992
3530,3992
3866,3993
4,3996
1505,3997
3705,3997
970,3999
1344,4002
1327,4004
672,4006
1204,4007
2768,4009
154,4013
490,4014
1427,4014
99,4015
3487,4015
22,4016
590,4016
3264,4017
187,4018
601,4019
979,4019
1927,4019
771,4020
1133,4022
121,4023
64,4024
609,4027
741,4028
1341,4030
22,4031
65,4032
1588,4034
643,4035
858,4035
2210,4035
3,4037
1714,4037
1815,4038
1,4039
1198,4041
3,4042
36,4042
142,4042
835,4042
1594,4042
466,4044
1831,4045
2453,4045
154,4047
2063,4047
1321,4048
2170,4053
3410,4053
1044,4054
3010,4055
1,4057
312,4057
173,4058
1044,4058
1832,4059
1262,4060
2423,4061
124,4062
1093,4062
820,4063
911,4065
52,4066
255,4067
2023,4068
590,4069
101,4070
759,4070
2437,4071
3114,4072
315,4073
2896,4073
3979,4073
442,4074
2811,4074
3410,4075
3,4076
32,4076
621,4076
175,4077
1261,4078
3546,4078
36,4081
180,4081
3301,4082
4,4083
755,4083
268,4084
23,4085
2359,4085
2451,4085
32,4086
52,4087
147,4088
590,4088
292,4089
590,4089
531,4091
78,4092
381,4092
1513,4092
2600,4092
391,4093
2393,4093
1543,4094
2000,4094
84,4096
2583,4100
1250,4105
1686,4105
1907,4107
9,4108
1815,4108
2409,4108
2653,4108
391,4110
974,4110
212,4112
1405,4112
2789,4112
3207,4112
3257,4112
6,4117
22,4117
898,4118
1778,4119
601,4120
792,4122
2316,4122
3724,4122
3896,4122
1965,4123
1936,4124
154,4125
17,4126
86,4126
3717,4127
198,4128
837,4128
1336,4129
422,4130
737,4130
4,4132
895,4133
231,4134
2831,4137
1523,4139
2977,4141
1678,4142
2198,4142
229,4143
1656,4143
3470,4145
849,4146
2761,4146
59,4148
292,4149
391,4149
79,4150
135,4150
3634,4150
3857,4151
1128,4152
1550,4152
79,4153
94,4153
1128,4153
2882,4155
1050,4156
2656,4156
1624,4158
211,4161
2984,4161
1862,4162
343,4163
2947,4165
50,4167
1628,4168
882,4169
3733,4172
350,4173
666,4175
107,4176
1327,4177
2857,4177
1178,4178
1394,4178
4042,4178
2288,4179
292,4180
2037,4180
1781,4183
1834,4183
33,4184
1659,4185
64,4187
964,4189
1414,4189
431,4191
593,4192
724,4192
4037,4192
2456,4194
2936,4194
2546,4197
2693,4199
2001,4200
1646,4201
1322,4202
3027,4202
3,4205
2362,4206
2883,4206
3938,4207
1545,4208
141,4209
1592,4209
3513,4210
1374,4214
3347,4214
1469,4215
3958,4217
16,4218
836,4219
3821,4219
1288,4221
4183,4221
187,4223
1107,4224
2073,4225
1974,4228
2504,4228
964,4230
4228,4230
2915,4231
1678,4232
3796,4232
3652,4237
2778,4238
4062,4239
245,4240
2362,4244
343,4245
464,4245
23,4247
106,4247
531,4247
978,4247
1343,4248
1453,4248
964,4249
3992,4249
63,4250
22,4252
23,4254
2241,4254
16,4255
2791,4255
3924,4256
23,4257
632,4257
1217,4258
3756,4260
2440,4262
23,4263
105,4263
1032,4263
2059,4265
3461,4267
3774,4267
2895,4268
3359,4268
142,4269
1801,4269
2764,4269
0,4271
22,4274
1563,4274
157,4275
3586,4275
1544,4276
1544,4277
3,4278
17,4278
3967,4278
1572,4279
397,4282
1336,4282
1914,4282
342,4284
424,4285
1105,4285
851,4287
2222,4287
3517,4288
437,4290
2720,4292
1448,4293
1873,4293
763,4294
778,4296
11,4298
16,4298
2693,4300
1638,4301
2965,4303
3674,4303
1469,4304
1608,4304
3159,4306
23,4307
3413,4307
3629,4308
2225,4310
3205,4310
1927,4311
3497,4311
2036,4312
639,4315
1143,4315
2418,4317
844,4318
2571,4320
150,4322
215,4323
3508,4323
217,4325
1322,4325
3522,4325
4268,4325
2091,4327
51,4328
129,4328
750,4328
1576,4329
3511,4329
141,4330
2027,4330
2573,4333
3,4334
226,4334
895,4334
64,4335
1594,4335
245,4336
669,4336
1961,4337
84,4338
3203,4338
1032,4339
2011,4339
1087,4341
2659,4341
1322,4342
3293,4342
4042,4343
3164,4346
14,4347
529,4351
3991,4351
51,4352
910,4353
4066,4355
2930,4356
4254,4356
86,4357
2882,4357
3243,4359
3,4363
110,4365
206,4365
381,4365
314,4366
53,4367
627,4369
584,4370
2205,4370
470,4372
223,4373
3972,4373
1111,4375
1523,4375
3570,4377
609,4379
830,4379
2330,4379
3404,4379
728,4380
2615,4381
910,4382
23,4383
466,4384
107,4385
566,4385
1563,4386
1815,4386
3047,4387
4180,4387
154,4388
2605,4389
78,4390
2195,4390
397,4391
722,4391
2152,4391
546,4394
1979,4394
291,4395
2839,4395
51,4397
689,4397
1624,4398
561,4401
1196,4402
2359,4402
23,4405
143,4405
1694,4406
2790,4406
3441,4406
3670,4407
79,4409
1500,4409
763,4412
1963,4412
1861,4414
23,4415
618,4415
554,4416
236,4418
3350,4422
2611,4424
708,4426
3894,4426
3128,4427
2066,4428
33,4431
454,4431
260,4432
2281,4434
1796,4436
22,4438
3657,4439
572,4440
650,4440
1052,4440
546,4441
3544,4441
4370,4442
2347,4445
1544,4446
2436,4447
169,4448
650,4449
998,4450
1441,4451
2277,4451
2779,4451
2936,4451
3250,4451
2440,4452
3273,4452
3382,4453
110,4454
147,4454
313,4454
1614,4455
256,4456
550,4456
3509,4456
51,4457
3326,4459
978,4460
1018,4460
3492,4462
1244,4466
3973,4466
317,4468
482,4468
1089,4468
1741,4468
2979,4468
79,4469
3680,4469
218,4470
1272,4471
1358,4472
447,4473
646,4474
929,4479
956,4480
71,4481
810,4481
1825,4481
1349,4482
4074,4483
4,4484
16,4484
701,4486
4455,4486
3257,4487
2,4490
759,4490
832,4490
1394,4490
2935,4490
1931,4494
2922,4495
4434,4495
1194,4496
4249,4496
38,4497
3116,4499
3,4500
282,4500
64,4501
23,4502
377,4504
898,4505
1875,4507
1435,4509
3782,4512
72,4515
2350,4515
330,4516
1650,4516
53,4517
4484,4517
2426,4520
582,4521
2581,4522
1327,4526
1454,4526
3054,4529
4334,4529
1335,4531
1921,4531
2751,4531
32,4532
4019,4532
3097,4533
3470,4533
1117,4534
384,4535
618,4535
2654,4535
1,4536
317,4538
330,4540
1176,4542
2843,4542
932,4545
1123,4545
3624,4545
3858,4545
4120,4547
520,4549
842,4549
4422,4550
74,4551
1259,4555
4333,4555
313,4557
19,4558
35,4559
846,4560
2316,4563
3923,4563
2953,4564
1433,4567
2418,4568
964,4571
1544,4571
2258,4571
3726,4573
33,4574
105,4575
124,4575
1015,4581
1276,4581
806,4582
1770,4582
1347,4583
2935,4585
2596,4589
539,4592
2980,4592
590,4594
4486,4595
64,4598
627,4599
466,4601
1162,4601
1751,4601
1961,4601
143,4604
4092,4605
17,4606
80,4606
1128,4607
78,4609
863,4610
22,4611
318,4612
2926,4612
229,4613
1697,4613
2355,4615
292,4617
2933,4617
44,4618
617,4619
1921,4619
2957,4620
1923,4622
895,4623
753,4624
3645,4624
466,4625
482,4625
3007,4625
4325,4625
36,4626
940,4627
4,4628
80,4629
314,4630
633,4630
1204,4630
1624,4630
1161,4631
2327,4632
1659,4634
86,4636
635,4637
2329,4637
4086,4637
65,4639
539,4639
2462,4639
4237,4639
17,4642
1378,4642
1485,4642
3587,4642
709,4643
1322,4643
151,4644
997,4645
2465,4645
2815,4645
89,4649
322,4649
1572,4649
17,4650
51,4650
3460,4650
3,4653
2222,4653
288,4654
2286,4654
820,4655
10,4656
3652,4657
4426,4657
4329,4658
1249,4660
4,4661
1295,4661
478,4665
1052,4665
2017,4665
411,4666
279,4670
2129,4670
141,4672
3410,4673
52,4674
4199,4674
572,4675
912,4675
1572,4676
3831,4676
74,4678
2100,4681
34,4682
1487,4682
80,4683
211,4684
2350,4684
4,4685
512,4685
1628,4685
187,4687
2378,4687
6,4691
2046,4692
449,4693
11,4694
342,4695
22,4696
400,4696
3005,4697
1092,4698
149,4700
1617,4700
4653,4700
1249,4701
558,4702
33,4704
724,4704
2722,4707
2764,4707
3989,4707
2452,4708
1742,4710
2760,4711
1409,4712
2900,4712
629,4713
1518,4713
2639,4716
1259,4718
397,4720
948,4721
3508,4725
395,4726
2896,4726
2037,4728
2641,4728
733,4729
1090,4732
211,4733
1778,4734
21,4738
527,4738
1485,4739
3111,4739
3199,4739
3,4741
1945,4741
2583,4741
2568,4742
530,4743
1369,4743
330,4745
3466,4745
1343,4746
2989,4747
4192,4747
1262,4749
96,4750
917,4750
982,4750
218,4751
2488,4752
3485,4752
1127,4754
3,4755
17,4755
2936,4758
1605,4760
124,4763
3,4764
172,4765
2500,4765
2657,4765
252,4766
2533,4766
9,4768
586,4769
101,4770
3507,4770
4617,4771
667,4772
1963,4772
466,4775
582,4776
832,4778
2992,4779
1790,4780
21,4781
1197,4781
590,4783
3541,4784
243,4786
3480,4787
1555,4788
2339,4789
1917,4790
621,4791
347,4792
1815,4793
2329,4793
3365,4793
1756,4795
110,4796
172,4798
2837,4798
4468,4799
3167,4803
6,4804
2739,4804
347,4805
231,4807
498,4808
1575,4809
1563,4811
50,4812
1248,4812
124,4814
2063,4814
2673,4814
2659,4815
3549,4817
2430,4818
250,4822
382,4822
1523,4822
522,4823
17,4826
3431,4826
2991,4827
24,4828
1249,4828
1919,4828
3180,4829
2993,4830
1887,4831
2764,4831
16,4832
1347,4832
0,4833
1208,4833
260,4834
3485,4834
3793,4835
10,4836
173,4837
3895,4837
450,4838
490,4838
3,4839
115,4840
124,4841
1271,4841
21,4844
187,4844
2671,4845
4172,4845
228,4847
1646,4847
129,4850
4431,4850
1409,4851
1602,4851
3292,4851
4751,4851
1376,4852
1796,4853
4550,4855
39,4856
50,4856
1438,4856
3021,4856
4460,4857
4571,4857
76,4861
141,4861
227,4861
792,4862
966,4866
1039,4866
2039,4866
844,4869
337,4871
905,4872
1610,4872
964,4873
2429,4873
3974,4874
3514,4876
2723,4877
179,4879
899,4879
3233,4879
3971,4879
224,4882
1620,4882
1778,4882
4,4883
832,4884
2639,4884
52,4885
3213,4885
3832,4885
1782,4886
4406,4886
1015,4887
3850,4888
2050,4895
3123,4895
259,4896
1972,4897
846,4898
4053,4898
23,4899
4426,4899
4676,4899
1196,4900
2736,4900
4267,4900
3281,4902
1369,4903
1532,4903
4637,4904
998,4907
106,4909
2,4910
17,4910
1473,4910
2920,4910
189,4911
884,4912
806,4913
1217,4914
292,4915
1093,4916
1825,4916
1437,4918
3018,4918
1656,4920
4398,4920
12,4922
143,4923
3281,4923
2937,4926
34,4929
2226,4929
1634,4931
4397,4931
470,4932
882,4933
2233,4933
3739,4935
173,4936
447,4937
1778,4937
3007,4937
189,4939
157,4940
940,4940
1315,4940
4409,4940
105,4941
2750,4941
751,4942
3861,4942
313,4945
3209,4945
329,4946
1045,4946
304,4949
1214,4949
524,4950
890,4950
1631,4951
666,4953
847,4954
94,4955
312,4955
1555,4956
2106,4956
17,4957
399,4958
3114,4958
51,4959
88,4959
851,4962
11,4964
126,4964
1313,4964
0,4965
527,4965
1531,4965
2519,4965
2847,4965
4370,4965
978,4966
2598,4966
2750,4966
64,4967
466,4967
771,4967
2252,4968
1628,4969
414,4970
96,4971
6,4973
211,4973
3534,4975
4152,4975
4847,4975
72,4976
3,4979
778,4979
50,4980
633,4980
4812,4980
1089,4981
527,4982
575,4984
4845,4984
4745,4987
22,4988
23,4989
1815,4989
3509,4989
525,4990
3564,4992
1831,4994
4117,4994
80,4995
301,4995
9,4996
4615,4996
14,4997
63,4997
3929,5000
2508,5002
524,5003
445,5004
4397,5004
24,5005
1643,5009
1275,5010
4630,5010
680,5015
218,5017
2160,5017
3652,5019
24,5020
1059,5021
2455,5022
4624,5022
4066,5024
527,5025
2971,5025
3516,5026
444,5027
2489,5027
447,5028
2108,5028
4772,5028
3273,5029
2230,5032
375,5034
1749,5035
1052,5037
4327,5037
2362,5038
4837,5038
1122,5039
3666,5039
498,5044
14,5045
149,5045
2469,5047
4192,5047
35,5048
3492,5048
3613,5048
839,5051
154,5054
3711,5054
3054,5055
143,5056
11,5058
2335,5059
143,5060
320,5060
2452,5060
4202,5060
75,5064
3974,5064
218,5066
595,5066
94,5068
1017,5068
1208,5068
3746,5068
11,5070
110,5070
1340,5071
3458,5071
3839,5071
84,5072
1141,5072
2013,5072
4,5073
34,5075
4599,5078
3,5080
415,5080
966,5080
2860,5080
189,5082
389,5085
4117,5085
39,5088
3654,5088
1361,5089
910,5090
4189,5092
141,5094
2188,5094
4549,5094
3268,5095
343,5096
897,5097
2091,5098
4920,5101
1082,5106
1,5107
2189,5107
2722,5107
66,5109
1778,5110
2286,5110
3580,5110
1518,5111
17,5113
347,5114
2923,5114
3257,5115
292,5116
847,5116
1541,5117
4337,5118
2279,5119
2152,5120
3560,5120
1723,5121
1776,5121
2713,5122
1543,5123
431,5124
899,5124
1183,5124
3858,5124
90,5126
1627,5126
4325,5127
1270,5128
2662,5130
1694,5131
2210,5131
79,5132
1044,5132
3766,5132
2170,5133
2397,5133
539,5134
979,5134
16,5135
419,5135
2625,5135
3,5136
1487,5137
3568,5137
5022,5137
1454,5138
4765,5140
231,5141
691,5144
4219,5144
173,5145
1588,5145
224,5146
2055,5146
23,5148
4441,5148
329,5149
4,5150
830,5150
4937,5150
566,5151
3821,5152
22,5153
1080,5155
2631,5155
3123,5155
3176,5155
4127,5155
166,5156
507,5158
1947,5159
1164,5160
1836,5160
601,5162
1473,5162
1831,5162
273,5163
323,5164
3258,5164
5044,5164
384,5166
806,5166
1688,5166
982,5167
2,5168
35,5169
737,5170
3175,5170
3530,5170
1039,5172
2969,5172
12,5174
337,5175
3,5176
737,5178
3802,5179
284,5180
1832,5180
3991,5180
969,5181
597,5186
807,5187
1914,5189
231,5190
2364,5190
592,5191
1249,5191
1232,5192
77,5193
2463,5193
75,5194
10,5195
4973,5196
550,5197
2857,5198
1122,5199
1789,5201
52,5202
1962,5202
69,5206
3148,5206
840,5208
64,5209
1052,5209
1068,5209
1083,5209
218,5212
4373,5212
382,5216
1214,5218
590,5219
3,5220
918,5220
1186,5220
2587,5220
627,5222
252,5223
1570,5227
2021,5228
4783,5228
21,5229
470,5229
32,5232
1249,5233
4221,5234
2200,5235
2362,5235
2241,5236
154,5237
4007,5238
122,5240
789,5242
1278,5242
4208,5242
466,5243
556,5244
1321,5244
4642,5244
149,5247
4479,5248
772,5249
4535,5251
4643,5252
0,5254
444,5254
4,5257
1117,5257
32,5259
699,5261
4427,5261
5134,5261
79,5265
1724,5265
2,5266
2141,5266
3109,5266
792,5267
3308,5268
7,5270
23,5271
4014,5271
32,5273
1335,5274
5159,5274
3914,5275
2040,5276
89,5277
11,5279
3,5280
2429,5281
2774,5282
23,5285
159,5285
11,5289
4827,5289
4755,5290
5166,5291
315,5292
337,5292
1352,5292
2895,5293
4973,5293
3,5296
840,5297
915,5297
3783,5297
34,5298
4480,5299
3,5300
121,5300
810,5300
34,5302
15,5303
292,5303
997,5304
4293,5304
2631,5308
218,5310
1627,5311
1713,5313
2256,5313
3033,5313
4032,5314
389,5317
1222,5317
1836,5318
121,5319
531,5320
2353,5320
5166,5320
3721,5321
173,5323
590,5323
3,5324
255,5324
1083,5324
2036,5325
5198,5325
2729,5328
4070,5329
3015,5330
3,5332
591,5337
1476,5337
1753,5337
105,5338
426,5339
1164,5340
78,5341
4975,5341
1,5342
2798,5344
971,5345
545,5350
2843,5350
312,5351
2695,5351
78,5352
1166,5352
2676,5353
84,5357
107,5357
3481,5358
241,5359
345,5359
918,5359
5131,5361
1788,5362
3285,5362
4,5363
561,5364
268,5366
2222,5368
3,5369
86,5369
1995,5370
21,5371
397,5371
1044,5372
391,5373
2246,5373
204,5375
11,5377
477,5377
2723,5377
4370,5377
2518,5378
2971,5378
3782,5379
5159,5379
945,5380
38,5382
1547,5382
96,5383
737,5383
1963,5384
39,5385
1708,5387
878,5390
1117,5390
438,5391
2315,5393
16,5394
1370,5395
1381,5395
3592,5396
5027,5396
1164,5399
1439,5399
5097,5400
4091,5404
1198,5405
4183,5405
870,5406
2022,5406
2789,5408
2403,5409
1039,5410
3236,5411
89,5412
466,5412
151,5413
288,5413
3969,5413
490,5414
2860,5414
187,5415
9,5416
462,5419
630,5419
3944,5419
5152,5419
5280,5419
3207,5420
4237,5420
1105,5421
1926,5421
106,5423
2692,5424
1314,5426
3705,5426
4120,5427
810,5428
2362,5429
2636,5434
2175,5435
2811,5436
3361,5436
653,5439
770,5439
4620,5443
3821,5444
2960,5445
1532,5447
2947,5448
34,5449
940,5449
2347,5449
224,5450
343,5451
897,5451
45,5452
2053,5454
415,5458
621,5458
3097,5459
1623,5460
3557,5461
76,5463
910,5463
79,5464
4375,5464
1032,5465
3117,5465
1092,5467
1518,5467
125,5468
1758,5468
5467,5468
2764,5469
282,5470
5361,5471
50,5472
853,5472
125,5473
189,5473
699,5473
4293,5473
63,5474
3573,5475
2331,5476
556,5477
4674,5477
3973,5479
490,5481
1768,5481
2937,5481
141,5482
4604,5483
4351,5485
16,5488
4254,5489
23,5493
1122,5495
1222,5495
1181,5496
772,5497
3199,5497
615,5498
4391,5500
4670,5500
1128,5502
1992,5503
5090,5504
4700,5505
464,5506
756,5506
1961,5508
2004,5508
4877,5509
16,5510
2417,5511
1721,5512
871,5516
110,5519
12,5520
737,5520
2433,5520
5022,5521
1555,5522
643,5526
3800,5526
3879,5528
3891,5530
133,5534
141,5534
1143,5534
2608,5534
966,5535
16,5537
231,5537
1321,5537
2632,5537
292,5538
1113,5538
210,5542
312,5542
3848,5542
2659,5543
14,5545
5193,5545
2581,5548
3799,5548
72,5549
2949,5550
3454,5551
3799,5551
84,5553
1021,5553
4545,5553
47,5555
644,5555
1319,5555
141,5557
51,5558
2720,5559
2807,5559
4545,5559
5249,5559
1625,5560
2022,5562
462,5563
2036,5564
2615,5564
4760,5564
2760,5566
1120,5568
1518,5571
413,5572
1116,5572
2233,5573
3606,5573
17,5574
911,5574
110,5576
1705,5576
1162,5577
389,5580
675,5581
330,5582
338,5583
1249,5583
224,5584
1566,5585
3015,5585
4814,5585
5405,5585
3,5586
2715,5586
1972,5587
3485,5587
1,5588
1896,5591
129,5592
1201,5592
6,5593
1453,5593
4808,5594
285,5597
2900,5598
5458,5598
1151,5600
2066,5601
2692,5601
2992,5601
792,5604
5048,5604
350,5607
4094,5607
149,5608
362,5608
292,5610
149,5611
4,5612
851,5612
4091,5613
143,5614
1974,5615
6,5616
4176,5616
53,5617
2453,5619
4765,5619
3382,5620
10,5621
105,5622
590,5622
2390,5623
14,5624
4105,5624
151,5625
726,5626
753,5626
175,5627
1121,5627
1832,5628
3652,5628
1649,5629
2583,5630
74,5631
1854,5631
897,5632
2813,5632
442,5633
873,5635
4841,5635
1454,5636
1114,5637
1376,5637
3347,5637
187,5638
291,5638
1374,5638
1348,5639
4385,5639
2123,5641
3773,5641
1,5643
399,5643
3470,5643
177,5645
1330,5647
236,5648
1100,5648
882,5649
362,5650
2145,5650
4675,5651
5449,5654
1781,5655
2625,5655
447,5656
2744,5656
217,5657
738,5657
531,5660
2,5663
2867,5663
3207,5665
1862,5669
3561,5669
124,5672
210,5672
2063,5673
236,5674
1562,5676
482,5679
284,5680
2252,5680
3264,5680
667,5681
1656,5681
151,5683
51,5685
1214,5685
173,5686
79,5687
79,5688
226,5689
1921,5689
5472,5689
412,5690
5144,5693
586,5699
4606,5699
1044,5703
1656,5703
34,5705
66,5706
1555,5706
1957,5707
2243,5707
4,5708
449,5708
173,5710
215,5711
3893,5713
4120,5713
218,5715
2042,5716
2100,5717
21,5718
1449,5718
0,5721
63,5721
1244,5722
4117,5722
769,5723
17,5725
105,5728
3701,5729
5242,5729
11,5730
78,5730
3709,5730
1745,5731
4749,5731
1881,5733
1057,5737
2874,5737
1343,5738
4971,5741
3375,5742
142,5743
291,5744
675,5744
285,5745
3938,5745
5094,5745
250,5746
545,5746
1454,5746
1686,5746
4950,5746
807,5749
1020,5749
4014,5749
141,5750
29,5752
7,5754
1555,5754
2529,5754
566,5755
5473,5757
4533,5758
5743,5758
84,5759
3582,5761
940,5762
3562,5762
799,5763
3939,5763
4611,5765
2394,5767
4783,5767
639,5769
17,5772
1249,5772
1558,5772
774,5774
3548,5774
2444,5776
4014,5778
1107,5779
3247,5779
4183,5779
3513,5780
1608,5785
4352,5785
4807,5785
849,5788
3717,5788
5124,5790
1023,5791
141,5792
2001,5792
17,5793
985,5793
5383,5793
395,5794
2417,5794
3972,5794
11,5799
5497,5799
633,5800
2843,5804
1201,5805
1448,5805
618,5807
0,5809
78,5809
792,5809
4192,5809
1566,5810
693,5811
792,5811
2087,5814
2301,5814
17,5819
737,5819
4713,5819
3091,5820
4085,5820
2900,5821
3043,5823
5004,5825
2106,5826
3490,5826
415,5827
10,5828
770,5828
4178,5828
86,5830
590,5830
1340,5830
3848,5834
3622,5835
4507,5835
1605,5837
1860,5837
3965,5837
3922,5838
1093,5839
689,5840
5268,5840
1924,5841
50,5843
110,5846
2145,5846
2315,5848
4002,5849
23,5850
1093,5850
561,5851
1,5853
5628,5853
2641,5854
5220,5854
47,5855
67,5856
2236,5856
3492,5856
2916,5857
124,5860
2123,5861
1242,5862
1973,5862
1,5866
4739,5866
23,5867
646,5867
1646,5868
2984,5870
17,5873
2198,5874
5728,5874
590,5876
4499,5876
3,5877
740,5878
4202,5878
4684,5879
1749,5880
490,5881
531,5881
1196,5884
3,5886
563,5887
1272,5887
1669,5888
689,5891
6,5894
2160,5894
4885,5894
21,5895
80,5895
1928,5895
22,5898
23,5898
5096,5898
3347,5899
17,5900
502,5900
507,5902
373,5904
2018,5904
1164,5905
2608,5907
1008,5908
1355,5909
4209,5910
1242,5912
17,5914
741,5915
50,5916
3940,5918
485,5920
218,5922
727,5922
3537,5922
36,5923
5472,5923
964,5924
187,5926
545,5926
1038,5926
1270,5926
4571,5928
50,5929
187,5931
1731,5931
1928,5931
591,5932
2994,5932
5564,5932
51,5933
1646,5933
2589,5933
558,5934
2263,5934
985,5935
391,5937
1753,5938
3091,5941
3078,5943
126,5944
2991,5944
1721,5948
3107,5948
5181,5951
3756,5952
2286,5953
3326,5955
4739,5955
807,5956
3018,5959
3341,5959
1163,5960
2485,5960
5655,5962
5404,5964
1244,5966
444,5967
3944,5967
2603,5968
4081,5970
350,5971
1116,5971
3485,5971
1142,5972
4613,5972
158,5976
289,5976
1966,5978
617,5980
2722,5982
1121,5983
3837,5983
141,5984
2630,5986
292,5988
4434,5988
3850,5989
478,5990
5986,5990
138,5991
415,5991
1705,5991
1469,5992
792,5993
971,5993
2284,5994
693,5995
4337,5996
180,5997
3044,5997
851,5998
1433,6001
6,6003
445,6003
4973,6003
218,6007
244,6008
5465,6008
5986,6008
0,6010
4452,6010
590,6011
2760,6011
2704,6012
79,6013
3490,6013
90,6014
5553,6014
5186,6016
1761,6017
1963,6017
5413,6017
2722,6020
3183,6020
1638,6021
5876,6021
4202,6023
964,6024
79,6025
2930,6025
844,6027
1860,6027
279,6028
809,6028
867,6028
186,6029
971,6029
1448,6029
1885,6030
2654,6030
6,6031
466,6031
1602,6031
2153,6031
3293,6031
1249,6032
4,6033
5266,6033
2681,6034
4989,6036
444,6038
840,6041
3,6042
176,6042
3779,6042
151,6043
4177,6044
50,6045
1846,6045
2916,6045
2778,6046
4691,6046
17,6048
538,6048
1643,6048
590,6049
832,6052
2975,6056
4019,6056
2744,6057
3020,6058
4872,6062
5825,6063
6017,6063
3513,6068
1713,6069
3480,6069
2779,6070
4179,6070
4245,6070
4426,6071
5056,6071
1039,6072
4255,6072
4625,6072
224,6075
24,6076
45,6076
133,6076
394,6081
1502,6082
3,6087
110,6087
1321,6090
1546,6090
330,6093
1875,6094
4192,6094
5202,6094
3944,6096
4343,6096
1052,6097
292,6098
2356,6098
51,6099
2587,6099
1023,6100
352,6101
5124,6102
895,6104
5632,6104
64,6106
4683,6109
1050,6112
5583,6112
3879,6114
478,6115
1271,6115
1566,6115
151,6116
94,6117
3257,6117
3541,6117
5126,6118
66,6119
4108,6122
2213,6123
4020,6123
1077,6125
2969,6125
3429,6127
211,6128
1,6129
590,6129
1914,6130
3408,6130
1758,6131
64,6132
4990,6132
1523,6133
2328,6136
5820,6136
1241,6137
2849,6138
187,6139
402,6139
2189,6140
5323,6140
2028,6141
3505,6141
2639,6142
2651,6144
5190,6144
4089,6145
699,6148
23,6149
618,6151
639,6151
517,6152
292,6154
80,6155
336,6155
6071,6155
1163,6156
1530,6157
1340,6158
4644,6158
1143,6159
110,6160
769,6160
35,6161
5107,6161
141,6163
3018,6164
86,6165
1549,6165
558,6167
1134,6167
1800,6168
1222,6169
1522,6169
94,6170
746,6171
2000,6171
5193,6171
6165,6171
2936,6172
4776,6173
558,6175
5164,6175
151,6176
1585,6179
2128,6180
850,6184
2885,6184
156,6185
159,6186
1059,6186
3046,6188
672,6189
4834,6192
482,6193
1056,6195
1539,6195
36,6196
224,6197
3607,6198
415,6201
1128,6201
2777,6201
4152,6201
5497,6201
3301,6202
2892,6203
3078,6205
4990,6206
208,6207
449,6207
2712,6207
3779,6207
312,6208
4110,6208
51,6209
1093,6209
3599,6209
4812,6211
79,6212
2256,6213
447,6214
2644,6214
22,6215
6214,6215
454,6217
252,6219
897,6220
3916,6221
1532,6223
5809,6224
1039,6225
5179,6227
3480,6228
2175,6232
3033,6234
4533,6235
3,6236
4595,6237
124,6238
3350,6238
3303,6239
4682,6239
415,6240
1820,6240
669,6241
2001,6241
2158,6242
4081,6242
4146,6243
3,6244
154,6244
560,6244
6020,6244
699,6245
3194,6245
5124,6245
5265,6247
2485,6248
5617,6250
5792,6250
75,6251
1286,6251
4555,6251
5236,6251
2869,6252
189,6255
218,6255
4451,6255
5721,6255
918,6256
553,6257
23,6258
264,6258
316,6259
211,6260
1044,6260
1249,6260
1487,6263
1159,6265
2201,6265
4834,6265
342,6266
39,6267
4980,6268
544,6272
444,6273
4639,6276
371,6277
4962,6278
141,6279
5242,6279
1885,6283
442,6284
4379,6284
320,6288
3371,6289
3946,6290
105,6292
4265,6293
0,6294
997,6295
1117,6297
412,6298
3991,6299
4208,6300
5779,6300
6,6301
2992,6301
4726,6304
1768,6305
3991,6308
449,6309
3556,6309
2674,6310
3206,6310
3491,6311
692,6312
1974,6312
1576,6313
3733,6314
462,6316
1039,6316
6255,6318
3093,6319
591,6322
558,6323
35,6324
666,6324
86,6325
457,6325
561,6325
5039,6325
2943,6326
317,6330
774,6330
5251,6330
215,6332
720,6334
1347,6335
5071,6335
3336,6336
89,6337
884,6337
172,6338
738,6338
33,6341
4912,6341
6209,6341
1056,6342
397,6343
1336,6343
1520,6343
2748,6344
4612,6345
3141,6348
3645,6348
5785,6348
211,6351
867,6351
1123,6355
819,6357
720,6359
1151,6361
96,6363
252,6366
279,6366
997,6366
1772,6366
4922,6366
6115,6366
5635,6367
4779,6368
4218,6373
1836,6375
5254,6376
4189,6377
35,6378
232,6378
552,6378
16,6380
50,6380
781,6380
1394,6380
200,6381
4293,6381
5497,6381
2000,6383
6215,6383
5733,6384
490,6385
1409,6385
1874,6386
3923,6386
137,6388
1781,6388
4132,6389
243,6390
1176,6390
2170,6390
5988,6390
34,6394
5027,6394
32,6395
187,6397
427,6397
910,6397
4200,6398
176,6399
5730,6401
1107,6403
2745,6403
4772,6404
38,6405
236,6406
1742,6406
862,6408
1355,6408
2223,6408
5722,6408
1636,6409
78,6410
976,6410
1628,6410
79,6411
2874,6411
86,6414
135,6414
2829,6414
79,6415
2238,6416
72,6417
482,6417
835,6418
866,6418
3562,6418
395,6419
3,6420
726,6420
3727,6420
17,6421
2596,6422
6007,6422
53,6424
512,6424
3657,6424
6161,6424
1563,6425
3588,6426
3326,6427
3522,6429
2906,6431
6429,6432
498,6435
6017,6435
395,6436
124,6439
799,6441
4958,6442
326,6443
3112,6443
3257,6443
1148,6444
3351,6446
4484,6446
3820,6447
3145,6448
3485,6448
1624,6449
322,6450
0,6451
21,6454
17,6463
4896,6464
4303,6469
4965,6469
5910,6472
84,6473
591,6475
1114,6475
149,6477
260,6477
5780,6479
188,6481
304,6482
2326,6483
5581,6485
1352,6486
470,6488
2963,6488
126,6489
4649,6490
2223,6494
2533,6494
69,6497
3431,6497
5587,6497
4221,6499
51,6500
524,6501
853,6502
3083,6502
35,6503
792,6504
2842,6505
6416,6505
3259,6506
558,6509
79,6510
122,6510
1627,6511
4831,6511
5070,6512
592,6513
792,6513
4442,6515
2353,6516
3546,6516
1216,6517
1440,6518
5983,6519
4644,6520
4412,6521
314,6522
741,6522
929,6523
6024,6524
1068,6525
285,6526
866,6526
4269,6527
3,6529
1151,6530
17,6531
1627,6533
2485,6534
1500,6535
100,6536
966,6536
6139,6537
863,6540
5249,6541
1187,6543
4034,6543
495,6544
17,6546
189,6550
9,6552
255,6554
841,6554
5136,6554
7,6556
79,6556
1740,6556
2515,6556
5772,6559
59,6561
2400,6563
3668,6564
1116,6565
2198,6566
79,6567
3043,6567
3,6568
4072,6568
3542,6570
5495,6573
6206,6574
1732,6576
5718,6576
2015,6577
5000,6578
227,6579
5730,6580
752,6582
895,6585
2866,6586
175,6589
847,6590
3349,6590
1881,6594
319,6595
940,6595
3213,6595
477,6596
552,6597
846,6597
2152,6598
1023,6601
3709,6602
1985,6603
6,6605
24,6605
195,6605
650,6605
3106,6605
5353,6607
3569,6608
3613,6609
301,6610
1753,6610
4973,6610
5358,6610
1896,6611
6586,6612
204,6613
292,6615
1979,6615
3485,6615
527,6616
52,6617
507,6617
408,6618
1336,6622
1378,6623
1555,6624
3308,6624
6,6625
4468,6625
4784,6625
292,6627
2028,6628
6277,6629
22,6631
4933,6631
2842,6632
755,6633
3698,6633
1721,6634
268,6636
284,6636
498,6636
3556,6638
1345,6642
2385,6644
6388,6644
858,6646
5254,6646
1688,6647
2810,6647
6173,6647
1778,6648
4219,6649
6510,6649
895,6651
4456,6651
5242,6652
2915,6655
3975,6655
2992,6656
1562,6658
556,6660
6208,6661
1636,6662
1979,6663
3,6665
618,6666
3793,6668
64,6669
79,6669
2327,6670
50,6671
187,6671
2079,6671
2252,6671
99,6673
11,6677
3491,6678
3263,6679
1769,6680
721,6683
0,6685
1487,6685
0,6686
1130,6686
1490,6688
2715,6689
2979,6693
5341,6693
5505,6694
971,6695
4768,6696
3,6698
124,6698
5179,6698
285,6699
1208,6702
38,6705
23,6706
1117,6706
1323,6707
231,6709
942,6709
1322,6709
1347,6709
798,6711
3439,6711
1694,6712
142,6714
378,6715
79,6716
631,6716
507,6718
2329,6719
4997,6719
4328,6721
6140,6721
72,6722
1714,6723
577,6724
5048,6724
4208,6725
1974,6726
381,6731
709,6731
969,6732
3043,6732
4966,6732
322,6733
6380,6733
3235,6737
2242,6738
2225,6739
399,6741
4058,6741
2433,6743
141,6744
292,6745
1018,6745
211,6746
17,6747
203,6747
4014,6747
5809,6748
5181,6749
124,6751
200,6751
862,6751
2141,6751
4199,6751
3452,6752
330,6753
6733,6755
940,6756
470,6757
292,6758
653,6758
3879,6758
3219,6761
2575,6762
6130,6763
6,6764
3,6765
3633,6765
292,6769
22,6776
1374,6777
124,6778
198,6778
2046,6778
878,6779
3293,6779
6706,6781
33,6782
6312,6782
3427,6783
32,6785
544,6785
1150,6785
6406,6785
22,6788
124,6788
1079,6788
2037,6788
2596,6788
756,6789
1544,6790
444,6793
2580,6794
40,6798
3108,6798
224,6799
1249,6800
4691,6800
1602,6801
873,6802
3481,6808
4366,6808
181,6809
9,6810
175,6810
1204,6810
4828,6812
2,6813
33,6813
4505,6813
80,6815
1356,6815
445,6816
0,6817
1242,6817
724,6818
1369,6818
173,6819
4920,6820
1878,6821
179,6823
5002,6826
5133,6826
151,6828
480,6828
4920,6832
5887,6832
873,6833
38,6834
218,6834
627,6834
835,6834
3255,6834
3501,6834
16,6835
1998,6835
2857,6837
4468,6837
4,6839
6479,6841
23,6842
329,6842
895,6843
5164,6845
1217,6846
2611,6846
3327,6849
2798,6852
5448,6853
3027,6855
141,6856
1523,6856
2765,6858
2798,6858
5899,6859
1547,6861
1505,6862
115,6863
312,6863
1854,6863
470,6864
632,6869
3768,6870
2335,6871
350,6872
384,6872
490,6872
1117,6872
1044,6873
326,6874
38,6875
3501,6879
1217,6880
1319,6880
3175,6880
35,6881
2189,6883
490,6884
1394,6885
6244,6885
1563,6887
1364,6889
1505,6890
17,6891
1044,6891
377,6893
899,6893
4721,6894
60,6896
424,6896
478,6897
1338,6898
236,6899
439,6899
3514,6900
4547,6901
1638,6902
1962,6902
2764,6903
4129,6903
5504,6903
6132,6903
135,6909
291,6909
3365,6912
6,6913
76,6913
2315,6913
4542,6916
666,6918
2066,6919
2738,6919
1952,6920
4287,6920
75,6922
2339,6924
17,6927
22,6927
2935,6927
1829,6928
2128,6928
3705,6929
2664,6931
6448,6931
3698,6934
4415,6935
1027,6936
84,6941
5705,6942
187,6943
453,6943
4856,6943
2573,6945
4409,6946
5027,6946
2899,6950
1208,6952
670,6956
115,6957
1638,6963
252,6964
5304,6964
862,6966
16,6968
1753,6969
4749,6969
1556,6971
1,6972
563,6972
2100,6973
3960,6973
4237,6973
52,6975
330,6975
666,6975
382,6977
2761,6977
2945,6979
1389,6981
6,6984
1547,6984
23,6992
5555,6996
1950,6997
5351,6997
80,6999
1544,7000
6,7001
1044,7004
849,7005
1131,7007
268,7008
1117,7008
1598,7009
2522,7009
5551,7010
5867,7013
1563,7016
1884,7020
3010,7020
3430,7021
4089,7021
2869,7022
3944,7023
5235,7023
292,7024
1487,7025
2902,7025
159,7027
5424,7027
3087,7028
2917,7029
1114,7033
3254,7033
342,7034
1345,7034
1362,7034
550,7035
6566,7037
11,7041
27,7041
4696,7041
5629,7041
17,7044
291,7045
2916,7045
497,7046
384,7047
546,7047
770,7047
23,7048
2466,7053
2973,7053
840,7054
1057,7056
3858,7057
88,7059
4334,7060
6130,7063
3,7064
2465,7064
33,7065
141,7065
495,7066
6075,7066
1436,7070
3134,7070
159,7071
1080,7071
53,7073
1050,7073
1216,7073
5792,7073
4366,7075
3528,7076
749,7077
3912,7077
6872,7077
108,7078
1005,7080
1936,7081
4112,7081
64,7082
51,7083
1635,7085
1851,7085
106,7086
3799,7086
601,7087
6896,7087
882,7089
4035,7089
3969,7090
772,7091
101,7092
241,7092
1319,7092
2676,7093
2860,7094
1588,7095
5027,7096
11,7097
3891,7097
6378,7097
1052,7099
2388,7099
4814,7100
79,7102
5638,7103
2677,7106
1088,7107
2707,7107
6819,7107
124,7108
4779,7108
2779,7109
64,7110
2396,7110
322,7111
5337,7112
96,7114
1739,7115
3,7116
1820,7116
6,7118
215,7119
1290,7119
1476,7119
5172,7119
3143,7120
7016,7120
1216,7121
17,7122
3793,7123
2900,7124
177,7125
371,7125
2000,7125
6104,7125
844,7129
2518,7129
244,7130
5164,7135
4194,7136
16,7138
5124,7138
490,7140
11,7141
908,7141
2857,7141
2028,7143
4081,7145
3586,7147
544,7148
4933,7148
4,7151
4339,7152
1623,7153
1798,7154
1089,7155
1804,7155
285,7156
6260,7156
155,7157
1914,7157
2765,7157
4984,7157
2315,7158
6020,7158
69,7160
1831,7161
38,7163
121,7165
3779,7165
3852,7167
522,7168
601,7168
4582,7169
4634,7172
5794,7173
2568,7174
462,7176
3043,7176
292,7178
668,7178
3491,7178
22,7179
4793,7180
79,7183
2868,7183
1926,7185
51,7189
1,7191
490,7191
895,7191
621,7194
6798,7195
128,7196
2413,7196
844,7199
1738,7199
4356,7200
7041,7201
1271,7203
6041,7203
2238,7205
6889,7207
4132,7209
1891,7210
1651,7213
2936,7213
234,7214
0,7215
3,7216
751,7216
769,7217
5358,7217
356,7218
1361,7219
314,7220
384,7220
494,7220
444,7221
100,7222
591,7222
794,7222
1470,7222
5971,7223
90,7224
17,7225
2745,7225
5025,7225
47,7226
851,7228
1271,7228
143,7229
878,7229
2740,7229
4427,7229
129,7230
304,7231
23,7233
619,7233
2777,7233
899,7235
6580,7237
1056,7240
3521,7241
1610,7242
4209,7242
512,7243
669,7244
382,7246
490,7246
6522,7246
2895,7248
867,7251
1836,7251
6,7254
1319,7254
3,7255
4521,7256
415,7257
849,7257
1186,7257
1270,7258
3613,7259
6585,7260
356,7261
2868,7261
2534,7262
9,7263
3717,7263
2230,7264
6,7265
487,7266
5027,7267
23,7268
4424,7269
5861,7276
3887,7277
1236,7278
5193,7278
16,7279
1027,7280
1,7281
87,7282
143,7282
3042,7283
190,7287
507,7287
895,7287
1460,7288
126,7291
3187,7292
3,7294
1796,7296
4665,7298
4899,7299
3,7300
4215,7300
204,7301
5257,7301
3,7302
244,7302
1278,7302
1921,7303
5545,7304
243,7306
664,7306
3308,7307
4739,7308
884,7311
2039,7311
343,7312
2336,7312
3802,7314
6341,7316
2394,7318
4014,7319
849,7320
3404,7321
2501,7322
2092,7323
187,7324
3824,7324
7085,7324
2777,7325
292,7328
2906,7329
3112,7329
9,7330
809,7330
858,7330
2034,7330
3481,7330
565,7331
4215,7332
2201,7335
244,7336
5144,7336
6817,7337
23,7338
844,7338
1023,7339
1919,7343
3522,7344
2896,7345
6624,7345
5926,7346
2446,7347
4132,7347
4263,7347
2,7348
1112,7348
3734,7348
6,7350
260,7350
805,7350
985,7350
6733,7350
497,7351
609,7352
1093,7354
6931,7354
2730,7355
5592,7356
5851,7356
759,7358
2033,7359
11,7360
154,7361
6,7362
402,7363
2320,7363
371,7364
964,7364
157,7365
1462,7365
4019,7366
34,7368
2347,7369
3247,7370
343,7371
1753,7373
6788,7373
342,7374
5707,7374
7302,7376
21,7377
711,7378
149,7379
1669,7379
2100,7379
2066,7380
529,7381
76,7382
882,7382
50,7385
12,7387
1914,7387
1608,7389
331,7391
2518,7392
6628,7392
5131,7393
1694,7394
23,7396
2790,7396
5337,7396
6610,7396
17,7397
5805,7398
611,7400
890,7401
2779,7401
12,7402
2446,7402
2914,7402
898,7404
1093,7404
4728,7406
5193,7406
3624,7407
342,7409
847,7409
6695,7410
53,7411
3793,7414
4750,7414
423,7418
6595,7421
260,7423
7294,7423
4092,7424
3046,7426
7261,7429
3289,7430
3951,7431
5622,7432
6534,7433
4377,7436
4395,7437
4625,7438
524,7442
6709,7444
1527,7446
6048,7446
312,7447
195,7448
2739,7450
985,7452
6919,7452
918,7453
4092,7454
4434,7454
5522,7456
1143,7457
4649,7457
129,7458
6964,7458
867,7459
75,7460
6800,7462
781,7465
3978,7465
4194,7465
11,7466
4898,7466
3244,7467
466,7468
3054,7468
7406,7468
2199,7470
415,7472
490,7472
2252,7473
5805,7473
470,7474
1796,7476
6032,7479
268,7481
2613,7481
1,7484
840,7484
0,7485
2745,7485
187,7486
4997,7487
1459,7489
159,7491
101,7492
1380,7493
5622,7493
6042,7495
3066,7496
17,7497
1166,7498
1033,7499
6195,7500
0,7501
960,7501
466,7502
2302,7502
248,7503
3307,7503
5308,7505
79,7506
3991,7507
224,7511
586,7512
4310,7513
1921,7515
5535,7519
3,7520
10,7522
669,7523
5227,7526
2953,7527
5660,7529
342,7530
4192,7532
4,7534
867,7534
6758,7534
137,7535
395,7536
490,7538
210,7541
6,7542
384,7542
1908,7544
3366,7544
3765,7545
940,7547
6789,7547
2131,7553
1638,7554
3347,7557
7041,7557
466,7560
4,7561
106,7561
215,7561
6137,7561
76,7562
2446,7563
1073,7564
64,7566
897,7571
336,7572
416,7572
507,7572
1056,7572
1742,7572
2350,7574
6343,7574
23,7575
4639,7579
2647,7580
4406,7580
895,7581
5027,7581
1165,7582
3491,7582
121,7584
1682,7584
23,7585
6931,7585
3957,7590
7385,7590
1885,7592
3991,7592
7035,7592
2874,7594
6902,7596
16,7597
1327,7597
2123,7597
2076,7598
2589,7598
3249,7598
586,7599
2884,7599
593,7600
2742,7601
4536,7604
1338,7605
4832,7605
7324,7605
4796,7607
3,7608
2681,7608
6305,7608
4185,7609
7110,7610
666,7611
2046,7614
2738,7614
6411,7614
2062,7618
301,7619
864,7620
1092,7621
1208,7621
2200,7624
810,7625
898,7625
1303,7625
1547,7625
3877,7625
917,7626
3449,7626
4545,7626
7456,7627
1679,7630
6997,7630
2740,7634
3308,7634
858,7635
1500,7636
2264,7637
3470,7637
86,7638
522,7638
1020,7641
2153,7641
4834,7642
395,7646
820,7646
582,7648
5359,7648
7283,7648
7561,7648
69,7650
4789,7650
1426,7651
6310,7651
1770,7652
2100,7653
3,7654
4035,7654
5473,7654
187,7655
6927,7657
37,7658
352,7658
4765,7658
4885,7658
1896,7659
3724,7661
4613,7661
282,7665
1244,7665
17,7667
59,7667
4092,7667
1818,7670
6,7671
689,7671
2488,7671
1327,7672
463,7673
3521,7674
5094,7675
5324,7676
7288,7676
6,7677
851,7677
6245,7677
2821,7681
63,7684
95,7687
2223,7689
913,7691
4661,7691
727,7692
4783,7693
675,7699
218,7701
1845,7704
4,7706
2001,7711
3320,7712
844,7714
837,7717
969,7717
3923,7718
5140,7718
4702,7720
1186,7721
4092,7721
3098,7725
3782,7725
3281,7726
105,7727
3839,7727
684,7728
2225,7728
187,7730
129,7732
1,7736
792,7736
17,7737
3691,7737
1,7738
9,7739
5621,7740
3,7742
76,7743
14,7744
245,7744
5297,7745
210,7752
6245,7752
121,7754
790,7756
105,7757
2471,7757
3705,7759
2210,7761
3747,7761
135,7762
1271,7762
4822,7762
273,7763
5978,7763
126,7765
5588,7765
2568,7768
7165,7768
1039,7769
1891,7769
4,7770
6273,7770
51,7771
86,7771
466,7771
4122,7772
5297,7772
462,7773
1522,7773
1697,7774
6810,7774
4150,7775
7,7776
5060,7776
1122,7780
911,7783
609,7785
3657,7785
4879,7786
6394,7786
149,7789
1033,7789
6568,7790
35,7791
3112,7791
2329,7793
36,7794
312,7794
558,7795
224,7796
2142,7797
38,7799
4721,7800
2941,7801
4721,7801
3944,7802
836,7805
7453,7807
110,7808
252,7808
4223,7808
1405,7809
1434,7810
878,7811
5098,7811
87,7817
6872,7817
2887,7820
3377,7821
3235,7823
7155,7823
16,7825
172,7825
3772,7825
90,7828
3083,7829
7547,7829
6885,7830
7257,7830
260,7832
4549,7833
3624,7834
7119,7834
1659,7835
1928,7836
1705,7837
2667,7838
4112,7839
79,7840
443,7841
2605,7843
7841,7843
6502,7844
1520,7849
3312,7850
1252,7851
495,7853
1389,7853
2205,7854
2440,7854
1322,7855
3521,7855
4341,7855
4558,7855
2210,7856
2316,7856
1469,7863
33,7865
1498,7865
4831,7866
399,7870
7172,7871
856,7872
1327,7872
1628,7872
5746,7872
7496,7872
5399,7873
1456,7874
6151,7874
2022,7875
624,7876
4062,7876
4,7877
6834,7877
5951,7878
3060,7879
6406,7879
224,7881
1044,7882
1662,7882
2651,7883
7219,7883
2165,7884
1355,7885
21,7886
323,7886
878,7889
901,7889
5156,7889
1181,7890
115,7895
2745,7897
399,7898
2789,7899
2945,7899
1454,7900
208,7902
5268,7903
3460,7904
245,7905
964,7905
5876,7905
23,7906
285,7906
1962,7906
4481,7906
35,7907
3965,7907
4189,7907
6221,7908
4643,7909
1698,7910
6014,7912
774,7913
4434,7916
101,7917
544,7920
759,7921
1972,7922
466,7923
12,7924
34,7926
462,7926
1449,7926
3831,7926
4969,7929
3929,7930
397,7933
7,7934
4812,7935
6277,7937
6284,7937
4945,7939
6030,7941
6,7942
2096,7944
6898,7945
268,7948
490,7948
4676,7948
1863,7949
3042,7952
627,7953
1008,7953
7437,7953
350,7954
4189,7954
527,7955
2987,7955
6070,7955
17,7956
4781,7956
384,7957
4175,7957
5926,7957
64,7958
1758,7959
4804,7959
1854,7962
2867,7963
6903,7965
4,7968
1101,7968
17,7969
5110,7969
1620,7971
2874,7971
4,7972
423,7973
1756,7973
5146,7973
34,7975
41,7975
6220,7979
1045,7980
2419,7980
3721,7980
4601,7980
711,7982
4440,7983
0,7985
323,7985
21,7986
4447,7986
1769,7987
4676,7987
317,7988
720,7988
1259,7988
828,7989
1775,7989
3614,7989
1627,7991
41,7993
1,7994
3,7994
397,7994
4791,7996
229,7998
3759,7998
5472,7998
5520,7998
1,7999
1704,7999
1686,8000
4655,8000
1874,8004
2267,8005
7257,8005
945,8006
1523,8006
23,8008
1523,8008
23,8009
1570,8009
3263,8010
2325,8011
3883,8011
1408,8012
5623,8012
948,8014
840,8018
6129,8019
80,8021
4840,8021
3404,8023
11,8024
1214,8024
1,8026
2787,8027
4571,8027
2327,8028
6283,8028
1250,8029
561,8030
5476,8032
6424,8032
100,8033
1731,8034
3756,8036
1936,8038
5313,8038
6030,8038
1952,8039
3778,8041
1556,8042
2440,8044
4617,8044
5274,8045
7025,8047
399,8048
720,8048
1374,8048
96,8049
292,8049
2740,8049
1343,8052
1404,8052
940,8053
1404,8055
2424,8060
124,8061
2241,8061
3035,8061
1,8063
2596,8064
3038,8064
6517,8064
6737,8064
100,8065
2091,8065
3441,8066
6176,8067
391,8068
86,8069
836,8072
228,8073
155,8075
1044,8076
4542,8076
982,8079
2451,8080
2975,8081
1575,8082
737,8084
5148,8084
4720,8085
1869,8086
6300,8086
384,8087
3957,8088
6245,8089
173,8090
6424,8091
968,8094
1741,8094
3951,8094
110,8095
137,8095
1249,8095
1455,8095
3257,8096
6403,8096
726,8097
770,8099
3340,8101
1031,8102
16,8103
79,8103
1364,8103
5899,8104
5261,8105
6931,8105
1809,8106
5458,8107
2440,8109
3033,8109
3257,8114
3667,8114
3,8115
4035,8115
1854,8117
391,8118
2083,8118
3879,8118
7123,8118
0,8119
4745,8120
2417,8121
36,8122
391,8122
4365,8122
141,8123
159,8123
444,8123
285,8125
1242,8125
1738,8126
4623,8126
175,8127
927,8128
2911,8128
462,8131
1475,8131
3544,8131
27,8132
2301,8132
64,8135
4776,8135
39,8136
666,8137
6318,8137
378,8138
1916,8143
51,8146
4643,8146
5228,8146
41,8147
39,8149
158,8150
1579,8150
3904,8151
2693,8152
106,8153
4840,8153
1936,8154
6595,8155
2453,8156
1303,8157
2213,8157
4915,8157
941,8165
6343,8165
7605,8165
3705,8168
6390,8168
6,8169
234,8169
3032,8170
5793,8170
5259,8171
421,8172
4045,8172
6475,8175
774,8179
6975,8179
3721,8180
1809,8182
2440,8182
657,8184
2252,8186
1768,8191
2895,8196
5369,8197
666,8198
17,8199
1249,8201
6380,8201
378,8205
4567,8208
204,8210
2969,8210
4807,8211
0,8212
810,8213
6160,8213
236,8214
1335,8214
159,8215
7013,8215
415,8216
1928,8216
3139,8216
391,8217
3207,8217
186,8218
1547,8218
1831,8218
3783,8218
866,8222
2334,8225
4618,8225
6300,8225
3459,8227
4218,8227
1093,8228
315,8229
415,8230
3245,8233
3,8237
7800,8237
4665,8240
6266,8241
3093,8244
527,8245
384,8246
3111,8248
1093,8249
64,8252
2419,8252
64,8254
477,8255
6769,8256
3870,8257
3351,8258
908,8259
1520,8259
7810,8260
8215,8263
64,8264
4,8265
343,8265
940,8265
1181,8265
1770,8265
3780,8265
6133,8266
6312,8270
415,8271
621,8272
4932,8272
343,8273
1130,8274
8096,8278
415,8280
466,8281
173,8282
3968,8282
4517,8283
7438,8283
2993,8284
1216,8286
11,8289
772,8289
1948,8289
6058,8289
2152,8290
2508,8290
14,8292
212,8292
3221,8292
6378,8292
8292,8293
4365,8294
3993,8295
4654,8296
1725,8298
2213,8298
2874,8298
4221,8300
1574,8304
5657,8305
5072,8307
621,8308
3301,8308
292,8309
5027,8309
223,8311
4178,8311
52,8312
6410,8314
3599,8315
336,8316
8217,8316
7311,8317
507,8319
323,8320
6363,8320
3091,8322
6625,8322
1609,8323
3104,8323
3284,8323
4984,8325
143,8326
1592,8326
1682,8327
2187,8327
2807,8327
7262,8328
1122,8330
2139,8332
4110,8332
129,8334
5242,8334
466,8335
172,8337
176,8338
1906,8339
2886,8339
6842,8341
3622,8344
1376,8345
5794,8345
1609,8350
5114,8350
2716,8353
39,8354
415,8356
5321,8357
7199,8359
2596,8361
1758,8362
3611,8362
1319,8363
215,8364
1340,8364
3849,8364
3873,8365
21,8366
124,8367
6,8368
6151,8368
245,8369
2922,8369
7292,8369
7432,8370
304,8372
6716,8374
1014,8375
204,8377
2716,8377
2,8379
60,8379
291,8381
3592,8382
7876,8383
53,8385
2950,8385
1441,8386
6,8387
5622,8387
2339,8388
424,8389
7926,8389
1117,8391
2252,8391
3742,8393
8019,8394
4108,8395
4239,8395
317,8400
964,8401
4249,8401
0,8402
78,8402
7872,8402
106,8403
2998,8403
3713,8403
7773,8403
212,8404
646,8404
4804,8404
1092,8405
8369,8405
3,8406
1148,8406
2838,8406
34,8408
4385,8408
6260,8408
3448,8409
1962,8410
5978,8412
1026,8413
3629,8413
6891,8413
4809,8414
6711,8414
312,8420
1598,8421
151,8422
426,8423
1023,8423
5277,8423
6516,8426
7008,8426
2145,8427
1555,8428
3,8429
4653,8429
5070,8432
726,8433
1,8436
2028,8436
544,8438
384,8439
5628,8440
2519,8441
52,8442
5242,8442
6028,8443
129,8445
556,8446
218,8447
34,8448
2815,8448
7257,8448
4112,8450
635,8451
3481,8452
1674,8454
819,8455
1073,8456
2059,8457
4495,8458
5174,8460
6884,8461
7,8463
51,8463
862,8465
864,8466
2256,8467
3978,8467
6408,8467
8265,8467
284,8468
2015,8468
4630,8468
6422,8468
231,8470
667,8470
1117,8470
2518,8470
5412,8470
187,8471
6785,8471
3043,8472
5635,8473
6598,8473
187,8474
1574,8474
8137,8474
7794,8475
1154,8478
6031,8478
442,8479
6927,8479
8458,8481
790,8482
2316,8482
633,8486
7614,8488
110,8492
3721,8492
4439,8493
2721,8495
791,8496
5793,8496
7267,8496
330,8498
991,8499
7768,8500
23,8502
11,8503
3211,8503
1196,8504
2433,8504
1176,8505
3,8506
4531,8506
180,8507
4741,8507
212,8510
342,8510
6411,8510
586,8511
53,8512
384,8512
1659,8513
3466,8513
1579,8514
8496,8514
3,8515
8377,8516
5166,8517
6885,8517
3779,8518
1204,8519
2789,8519
39,8521
2287,8521
3371,8523
1649,8524
1758,8524
6521,8525
350,8527
5473,8528
1131,8529
866,8530
733,8531
3545,8533
867,8534
11,8535
121,8536
331,8537
539,8537
4072,8537
5094,8537
74,8539
1151,8539
5460,8539
7470,8539
1008,8541
17,8544
41,8544
1563,8545
2017,8545
4650,8546
5341,8546
709,8552
17,8554
846,8556
3,8557
470,8557
227,8561
3211,8561
3250,8561
2789,8564
1164,8565
173,8566
1859,8567
6443,8567
151,8568
22,8569
94,8569
632,8569
1632,8570
996,8572
6418,8574
6858,8574
1163,8578
2213,8578
2789,8578
601,8579
1117,8579
5626,8581
3,8582
3015,8583
6112,8584
6996,8584
6313,8585
161,8587
774,8588
6711,8589
6180,8590
1074,8591
3339,8591
52,8593
2000,8593
6028,8596
154,8597
4637,8597
378,8598
1060,8598
4122,8598
210,8599
79,8601
691,8601
1810,8603
284,8605
2886,8605
3656,8605
6,8607
1352,8607
2846,8607
3492,8608
4161,8608
1777,8610
2153,8610
7035,8610
427,8611
7129,8611
3945,8614
2323,8617
3592,8619
6410,8619
1087,8620
1683,8620
72,8622
940,8622
6129,8622
7161,8622
6943,8623
17,8625
740,8625
5530,8625
252,8626
3,8628
285,8628
736,8629
463,8630
584,8630
1547,8631
1887,8632
8519,8633
5048,8637
399,8639
6417,8640
1250,8641
4957,8642
4,8645
699,8645
6028,8645
1705,8646
5593,8647
4832,8649
689,8650
4682,8650
1997,8651
2879,8652
810,8653
2241,8653
1834,8655
3,8657
11,8657
3263,8657
1914,8658
3,8659
1903,8659
133,8660
27,8662
4317,8662
4920,8663
441,8664
2753,8665
3492,8666
414,8668
5377,8668
882,8669
8605,8669
4263,8670
982,8671
3498,8672
2140,8674
5027,8674
2330,8675
4325,8677
4642,8679
3569,8680
1638,8681
7322,8681
2027,8684
5025,8686
657,8692
110,8693
7041,8693
291,8694
639,8700
2839,8700
1812,8701
1370,8702
4037,8702
64,8704
319,8704
3308,8704
741,8706
666,8707
6386,8707
1030,8708
1291,8709
8157,8710
1112,8711
5497,8711
1697,8714
4601,8715
6489,8715
17,8716
277,8716
24,8718
755,8718
284,8719
125,8720
224,8720
466,8720
2470,8720
4665,8721
15,8724
1229,8724
1523,8726
737,8728
1021,8729
1439,8731
2059,8734
6864,8734
8608,8734
8217,8736
3,8737
3336,8738
4684,8741
5468,8743
7676,8743
397,8744
3530,8744
630,8745
1713,8747
7016,8747
68,8750
7785,8750
45,8751
1622,8751
143,8752
4208,8752
8675,8753
6782,8755
3759,8757
3268,8758
6,8759
8715,8760
1508,8762
4,8763
699,8763
4019,8763
6335,8764
2533,8766
1207,8767
7626,8767
905,8769
1761,8772
3,8773
51,8773
6042,8773
6610,8773
4966,8774
571,8776
312,8777
2596,8777
1259,8779
1950,8779
2392,8779
3,8780
1602,8781
756,8782
5458,8782
10,8783
14,8784
154,8784
2720,8784
7020,8784
1149,8788
3570,8789
8468,8790
582,8791
2750,8791
161,8792
110,8793
2676,8793
5426,8793
22,8794
5279,8794
5243,8795
7123,8795
7592,8795
3531,8796
7246,8796
7957,8796
5793,8797
3762,8799
3513,8800
7091,8802
151,8804
212,8805
356,8805
3,8806
4968,8807
6277,8807
3852,8808
4020,8808
2242,8809
1307,8811
2977,8812
3106,8812
2843,8813
4343,8813
4982,8813
3923,8814
3,8816
1292,8816
621,8817
1734,8817
864,8820
187,8821
1176,8821
36,8822
3339,8824
3768,8824
1336,8825
72,8826
2835,8828
7225,8828
1742,8831
495,8832
3811,8832
5395,8835
285,8836
8327,8836
8455,8836
2079,8837
2797,8837
4691,8837
5060,8837
1005,8841
4456,8842
6785,8842
2533,8843
3685,8843
4014,8843
6479,8843
3440,8844
6757,8844
3054,8845
3709,8845
7820,8846
7875,8846
8265,8847
342,8849
208,8850
1737,8850
122,8852
495,8852
4085,8852
4567,8852
250,8853
6475,8854
5548,8855
12,8856
1105,8856
1376,8856
11,8857
104,8857
4342,8858
7667,8859
1368,8861
2178,8861
8241,8862
1050,8863
1136,8864
6554,8868
3,8869
52,8870
7774,8871
1008,8872
63,8873
531,8874
1646,8874
78,8876
1885,8877
4702,8878
1777,8879
384,8880
198,8885
978,8885
7344,8885
3508,8888
4540,8891
12,8892
1917,8892
391,8893
399,8893
1340,8894
464,8895
5683,8895
2331,8896
6595,8896
3,8898
3973,8898
444,8899
315,8900
1344,8901
5166,8902
4542,8905
7263,8906
6380,8908
2256,8909
6075,8910
7882,8910
1523,8911
234,8912
4771,8912
4,8913
4828,8913
6448,8914
4472,8916
7998,8917
7138,8918
553,8919
78,8920
6880,8922
7057,8923
756,8924
1475,8924
22,8925
6972,8925
186,8926
1052,8926
1810,8928
5910,8928
378,8929
439,8929
4,8931
1499,8931
5337,8931
5874,8933
23,8935
4533,8935
8496,8935
77,8936
212,8936
6942,8936
2797,8938
627,8944
229,8945
291,8945
5193,8945
2685,8946
6647,8948
273,8949
2918,8949
3264,8949
289,8950
1374,8950
1824,8950
7823,8950
974,8951
3946,8951
177,8952
4310,8953
38,8955
8061,8955
8408,8955
621,8959
8601,8959
108,8960
1374,8960
110,8962
1555,8965
943,8966
6712,8967
1579,8968
985,8970
5779,8970
6034,8970
2046,8971
3373,8971
7073,8972
11,8975
4837,8975
3245,8976
2394,8978
466,8983
4834,8983
45,8987
1304,8987
3339,8989
3382,8989
3,8990
5020,8991
5820,8991
236,8992
632,8993
2772,8994
5070,8994
175,8995
464,8995
4766,8995
5399,8995
5115,8996
292,8998
8975,8998
3652,8999
3,9000
4063,9000
1121,9001
635,9002
3167,9002
1056,9003
1063,9004
6093,9008
11,9010
2230,9011
4585,9011
5680,9011
6678,9012
8750,9012
5116,9016
668,9017
1142,9019
50,9020
971,9020
6442,9020
23,9022
4440,9023
292,9024
3185,9024
6335,9024
832,9025
2519,9025
431,9029
391,9031
7785,9031
1539,9032
2463,9032
96,9033
1,9038
609,9038
897,9038
7452,9038
1851,9039
268,9041
1974,9041
1348,9042
2,9046
189,9046
1592,9047
143,9048
291,9049
384,9049
0,9050
8578,9050
1152,9051
3546,9053
5324,9054
5509,9055
3,9057
6435,9057
490,9058
855,9058
2632,9059
1260,9060
6031,9060
717,9062
1555,9063
6863,9064
79,9067
1124,9067
445,9069
4650,9069
51,9070
524,9077
2329,9077
2659,9078
8776,9078
3717,9080
172,9084
4953,9087
21,9088
8629,9091
439,9092
8843,9094
1891,9095
6130,9095
755,9097
3544,9097
1266,9098
2243,9098
490,9099
1068,9104
1758,9107
8006,9107
3,9108
1079,9108
2433,9112
3879,9114
1549,9117
1914,9119
208,9122
8533,9122
378,9124
6176,9125
753,9126
1216,9126
3018,9127
498,9128
1522,9128
1344,9130
1426,9130
3765,9130
478,9131
189,9132
384,9133
2146,9133
1518,9134
1758,9135
3732,9135
0,9136
1216,9137
2681,9140
34,9141
312,9141
350,9143
689,9143
4670,9143
8686,9143
1045,9144
5637,9144
4194,9148
830,9149
1624,9150
6636,9150
1,9151
4325,9152
454,9153
9,9154
3545,9154
5535,9156
292,9157
189,9158
3016,9159
5886,9160
5937,9160
76,9161
4741,9163
8622,9164
7338,9165
4630,9166
8042,9166
2964,9168
6783,9168
812,9169
7878,9174
6238,9176
7492,9178
32,9179
618,9179
4045,9180
121,9181
3466,9182
110,9183
415,9183
23,9184
444,9186
1438,9186
6579,9186
1093,9188
4058,9188
3,9189
841,9191
2036,9191
41,9194
2314,9194
3402,9194
3975,9194
5948,9194
2947,9195
260,9196
1608,9196
5656,9196
2957,9198
2787,9200
5948,9200
2612,9201
286,9202
347,9202
1242,9202
8995,9202
17,9203
590,9203
2021,9203
840,9204
1225,9204
2100,9205
7776,9205
444,9206
5070,9207
8052,9207
9165,9207
35,9208
337,9208
4249,9208
2953,9209
2992,9209
740,9210
1077,9210
399,9211
3643,9211
4649,9211
4626,9212
64,9213
2459,9216
721,9217
6289,9217
5473,9219
3978,9220
7957,9221
603,9222
6351,9225
4128,9226
124,9229
1068,9232
3347,9233
7458,9234
1690,9236
1113,9239
6617,9241
6,9243
204,9243
985,9244
2213,9244
1414,9245
3098,9246
8565,9247
1023,9248
3717,9249
8813,9250
5337,9252
384,9253
3371,9253
4856,9256
6693,9256
315,9257
17,9258
2200,9258
7658,9259
243,9260
6144,9261
1469,9263
2676,9263
7453,9263
3221,9264
1753,9265
4201,9266
4451,9266
1362,9269
2816,9272
21,9274
3772,9274
621,9277
1649,9278
4347,9278
105,9279
1454,9279
1278,9280
1923,9280
2356,9282
387,9283
4202,9283
6,9284
6522,9284
161,9285
7994,9286
86,9288
4791,9289
4837,9289
769,9290
6201,9291
4,9292
137,9294
3375,9296
224,9298
3634,9298
3979,9298
6283,9301
8244,9304
1122,9306
1665,9306
4,9307
187,9307
408,9309
4832,9309
1805,9311
2184,9311
2936,9312
1665,9313
3709,9313
5545,9316
17,9317
2456,9317
8794,9317
8707,9318
105,9320
3569,9320
77,9323
2837,9323
1695,9324
8426,9324
4760,9326
6380,9328
1353,9329
544,9331
9317,9331
1727,9332
22,9333
172,9334
1550,9334
4268,9335
1152,9336
1093,9337
6758,9337
3879,9338
5779,9339
79,9343
179,9344
133,9345
1917,9345
1592,9347
6101,9347
7933,9347
1216,9348
781,9349
3241,9349
5542,9349
444,9350
291,9351
1532,9353
6671,9353
6155,9355
7752,9356
17,9357
1426,9358
6556,9358
587,9360
1623,9360
397,9361
4612,9361
8826,9364
3,9365
5655,9366
292,9369
851,9369
7336,9369
3786,9372
5990,9372
1487,9373
449,9374
7374,9375
8085,9375
8672,9375
727,9376
415,9377
1112,9377
1760,9377
9165,9380
2900,9383
6540,9384
51,9385
8975,9386
6,9387
1059,9387
5353,9388
3957,9389
6031,9390
317,9392
8257,9393
1194,9394
350,9395
5687,9395
7557,9395
507,9396
3519,9396
7998,9397
5810,9398
8103,9399
2851,9400
5372,9401
8137,9401
74,9403
71,9404
8493,9404
1796,9405
4310,9406
7801,9406
8852,9406
5186,9407
315,9408
204,9409
304,9410
6788,9410
4375,9411
317,9412
2454,9412
1343,9414
2329,9415
6931,9415
1627,9416
1863,9417
2028,9419
5303,9420
693,9421
3765,9422
3879,9424
846,9425
2674,9429
23,9430
1705,9430
8257,9430
284,9431
2347,9431
2869,9431
2256,9432
5170,9432
9347,9433
1441,9434
268,9435
1936,9435
2504,9437
6011,9438
8179,9439
3881,9443
1361,9444
5371,9444
6101,9444
8406,9444
855,9445
738,9446
141,9447
6535,9447
7879,9448
8631,9449
7912,9450
595,9451
3150,9452
5285,9453
4637,9454
3615,9455
137,9456
7560,9457
124,9458
2648,9458
234,9459
2716,9459
1682,9461
3301,9461
3,9462
7329,9462
3050,9467
806,9468
186,9470
4613,9472
2869,9473
84,9474
211,9474
8892,9474
391,9475
397,9475
5598,9476
6288,9476
918,9477
3491,9477
377,9478
3,9481
798,9481
4385,9481
11,9482
260,9482
3481,9483
1197,9484
844,9486
5369,9486
8094,9486
1869,9488
1887,9488
3565,9489
68,9490
241,9490
9195,9492
3309,9493
49,9494
5080,9495
7000,9495
7373,9499
778,9500
1936,9500
4634,9500
5000,9500
4,9501
890,9501
1572,9501
4395,9501
6141,9501
5473,9502
6579,9502
8675,9505
2362,9509
23,9511
5935,9511
2936,9512
9157,9514
929,9515
1348,9515
2128,9515
4105,9515
490,9516
1665,9517
3887,9519
399,9520
6242,9520
33,9521
1874,9522
4661,9523
1378,9524
6075,9524
3180,9525
94,9529
2738,9529
8554,9530
238,9531
105,9533
849,9533
3,9534
8362,9535
212,9537
5545,9537
125,9539
172,9539
3586,9539
6046,9539
8640,9540
633,9541
1646,9542
17,9544
1093,9544
16,9545
691,9546
1341,9546
2504,9546
3863,9547
5176,9549
8063,9549
3773,9550
212,9552
50,9553
544,9553
4194,9554
7856,9554
5228,9556
5237,9557
2466,9559
5467,9565
1768,9566
7505,9566
5038,9569
1031,9572
4385,9573
6378,9573
6731,9573
1921,9574
3634,9574
544,9578
2215,9579
4351,9579
6031,9579
1801,9580
5473,9582
34,9584
6343,9586
1954,9587
22,9591
2059,9591
7642,9591
4063,9593
6093,9595
8525,9596
9569,9596
4275,9597
8069,9597
552,9598
4712,9598
4117,9599
774,9600
3501,9600
141,9601
4899,9601
1433,9602
9334,9602
2100,9603
7780,9603
9546,9604
8387,9605
22,9606
3542,9608
8406,9611
691,9612
550,9613
8844,9616
126,9617
7148,9617
343,9618
147,9619
2869,9619
3480,9619
2440,9620
4755,9620
1689,9621
590,9622
17,9623
371,9624
524,9629
7998,9629
9540,9630
6244,9631
2388,9632
2945,9633
53,9634
733,9634
132,9636
707,9638
6367,9638
52,9639
738,9641
1817,9641
2230,9643
5830,9643
38,9644
5744,9644
4585,9645
3097,9648
4469,9648
5559,9648
1008,9651
3820,9652
3923,9652
2873,9653
8138,9654
142,9655
6422,9655
2424,9657
1196,9659
144,9666
1197,9666
1579,9667
2036,9667
1193,9668
1080,9670
2847,9670
137,9672
2571,9672
8664,9675
4325,9676
2335,9677
11,9681
544,9681
6566,9682
268,9685
3181,9685
6094,9689
1575,9693
3788,9694
6223,9695
590,9696
4,9699
5254,9699
5180,9700
8925,9704
735,9705
546,9706
910,9706
101,9708
304,9708
839,9708
2415,9709
3044,9713
3667,9714
6283,9714
2535,9715
7241,9715
4432,9716
1518,9718
4254,9718
17,9721
1737,9722
212,9723
1818,9723
156,9725
16,9726
4,9727
8968,9727
3,9728
121,9729
284,9730
1832,9732
2316,9732
17,9734
3106,9734
6595,9740
1092,9741
8750,9741
2001,9744
5814,9744
1194,9746
3800,9746
47,9748
215,9749
577,9750
79,9751
337,9752
1462,9752
1707,9752
5420,9752
8458,9752
8718,9753
76,9756
4,9759
8099,9759
3831,9761
47,9763
8041,9763
7675,9764
8180,9767
2434,9769
2233,9770
2961,9773
1846,9774
1822,9775
1063,9776
5358,9776
8099,9776
172,9783
4739,9784
9181,9785
3060,9786
720,9787
124,9788
712,9788
899,9788
490,9791
63,9792
4601,9792
4655,9794
2400,9795
3668,9796
1550,9797
8132,9797
23,9798
1745,9800
7257,9801
2139,9804
1130,9805
2241,9805
2,9806
6702,9808
286,9809
3047,9809
9459,9809
5559,9811
2352,9813
4472,9813
4428,9814
6942,9814
1438,9815
2333,9815
590,9816
901,9818
4110,9818
3839,9819
115,9820
38,9821
3561,9822
5085,9822
6834,9822
350,9823
72,9824
1936,9824
2059,9824
2722,9824
1074,9825
5166,9825
9492,9825
17,9826
2317,9826
7140,9826
8707,9827
1222,9828
7453,9828
7882,9828
8298,9828
426,9829
3431,9829
7513,9829
250,9831
1563,9831
4,9832
4088,9833
187,9834
224,9834
4117,9835
6283,9835
4042,9837
6839,9838
79,9839
110,9840
3757,9840
7261,9840
3922,9841
7626,9842
2965,9843
273,9845
5834,9845
424,9846
4829,9846
6595,9846
23,9847
6898,9847
106,9848
1907,9848
4451,9848
6617,9849
3046,9853
5353,9853
224,9854
1995,9854
4693,9856
9822,9856
3634,9857
5951,9857
32,9858
3629,9858
9808,9860
635,9863
7458,9863
639,9864
7343,9864
632,9865
3922,9867
285,9868
3582,9868
2439,9870
8227,9872
633,9876
1343,9880
2059,9882
3957,9882
7866,9884
4167,9885
0,9886
971,9886
50,9889
79,9892
1183,9895
6167,9895
1887,9896
4,9897
7635,9897
5924,9898
7554,9898
155,9899
1790,9899
5722,9901
8328,9901
6300,9903
866,9905
395,9907
8793,9907
9393,9907
41,9908
1761,9909
6646,9912
1250,9915
2213,9916
3891,9916
7727,9919
3,9920
1979,9920
4065,9922
5904,9923
330,9924
5643,9925
6475,9926
6215,9927
11,9928
5424,9928
5953,9928
6589,9928
895,9929
2230,9929
2713,9930
3457,9930
4202,9930
6,9932
908,9933
8454,9933
336,9934
4,9936
6345,9936
9395,9938
3929,9939
5247,9939
792,9942
1742,9942
868,9943
1878,9943
1972,9943
611,9946
7033,9946
7855,9946
23,9947
1613,9947
4366,9948
347,9949
627,9949
3618,9950
3944,9951
9675,9951
1454,9952
2860,9952
8693,9953
2667,9954
4637,9955
175,9956
3123,9957
1532,9958
2929,9959
314,9962
6351,9963
3793,9967
5887,9968
78,9970
4630,9974
601,9975
1143,9975
1981,9976
3241,9978
9524,9978
1347,9982
9797,9983
512,9984
1646,9984
2929,9984
3269,9984
8556,9984
529,9985
8807,9985
1875,9987
8028,9987
8410,9987
621,9989
1378,9989
1459,9989
2470,9991
78,9992
79,9992
1566,9992
35,9995
2969,9996
9864,9996
741,9999
9317,9999
