0,1
0,2
0,3
0,4
0,5
0,6
2,6
0,7
0,9
2,11
6,11
6,12
0,13
7,13
0,15
2,15
3,17
12,17
2,18
7,19
15,20
0,22
11,22
17,23
0,24
22,24
0,26
2,26
24,26
6,29
0,32
2,32
24,33
2,36
0,37
2,37
6,37
24,38
2,39
6,39
4,40
13,40
17,40
33,40
13,41
26,42
2,45
38,45
15,47
7,49
0,50
0,52
40,53
0,54
18,54
15,55
17,55
2,56
2,57
22,58
38,60
3,64
37,64
17,66
45,66
6,68
2,70
26,71
17,72
33,73
7,75
15,75
11,77
17,78
26,78
33,78
7,81
26,81
37,82
78,82
17,83
71,84
15,85
85,86
40,87
0,88
11,89
47,92
15,93
24,94
0,95
7,95
37,95
0,99
45,100
70,101
0,102
15,104
0,105
6,105
2,106
7,106
72,106
15,109
52,112
4,113
37,113
2,114
37,115
64,115
0,116
6,117
7,117
15,117
106,117
13,118
26,118
71,118
2,119
6,119
7,120
38,121
37,122
54,122
60,122
23,123
24,124
4,127
2,130
0,131
22,131
38,133
0,134
50,134
106,136
112,136
19,139
38,139
64,139
0,140
71,140
72,140
6,142
22,142
32,147
114,147
22,148
72,151
64,152
140,152
17,153
22,154
104,154
24,155
0,156
7,157
22,157
11,158
155,158
13,161
2,162
155,164
15,165
72,166
0,168
24,169
117,170
17,171
33,174
106,175
174,175
70,176
122,178
130,178
164,178
24,179
39,180
24,182
133,182
148,186
37,187
6,188
15,188
17,191
55,191
7,193
81,195
11,196
101,196
38,198
95,200
0,203
161,203
64,207
136,208
203,209
20,211
33,211
72,212
24,213
93,214
24,215
37,216
117,216
19,219
170,219
118,220
155,220
15,221
6,223
39,223
139,223
153,223
0,225
24,225
2,228
7,228
95,228
13,229
95,229
50,231
39,232
195,232
64,233
170,233
75,234
174,234
154,235
52,238
134,239
20,240
223,240
158,241
117,242
2,243
0,244
106,245
0,249
164,250
15,251
26,252
220,253
223,253
0,256
11,258
13,258
176,259
2,260
195,260
71,261
6,263
114,263
85,264
71,265
0,266
179,266
47,267
93,269
6,271
260,271
139,273
231,273
142,274
71,275
225,275
15,276
155,276
139,280
7,281
38,282
155,283
187,283
0,284
2,284
7,284
142,286
191,286
0,287
225,288
263,289
68,290
78,290
117,290
161,290
17,293
213,293
290,293
119,295
11,297
2,298
13,298
38,302
33,303
148,303
234,303
72,305
75,305
212,306
0,311
203,311
234,312
24,313
64,313
238,313
305,315
85,316
109,316
95,317
114,325
64,327
165,327
311,328
68,329
155,329
106,334
39,338
109,339
165,340
203,340
0,341
17,342
269,343
50,345
130,345
113,347
106,348
0,350
288,351
24,352
72,353
225,353
219,356
179,357
0,359
155,359
7,360
274,360
252,361
123,362
154,365
234,365
267,365
38,369
52,369
15,371
127,371
54,372
24,374
17,375
233,375
365,375
365,376
348,377
15,378
2,380
196,381
232,383
233,383
0,384
209,384
118,385
359,385
211,386
2,387
23,387
55,388
348,388
54,389
0,391
233,393
2,394
17,395
2,396
188,396
2,398
311,398
178,399
7,400
223,400
186,403
203,403
2,404
64,405
52,406
106,406
15,407
37,407
258,407
261,407
11,408
115,408
233,408
24,412
116,417
238,417
151,418
191,420
7,422
24,424
139,426
152,426
118,427
37,428
208,428
55,430
118,430
81,432
15,433
276,434
264,436
7,439
342,440
114,442
7,443
7,445
203,445
52,447
78,448
170,448
23,450
203,450
196,451
37,452
313,453
316,453
208,456
174,459
445,459
78,462
215,463
101,465
220,467
165,468
120,470
15,471
155,471
407,471
22,472
38,472
71,472
85,472
73,473
203,474
283,474
418,475
37,478
55,479
395,479
0,480
468,480
11,485
26,485
228,485
258,485
122,487
47,489
17,491
0,492
345,492
263,493
311,493
485,494
26,495
114,495
17,497
211,497
101,498
42,499
203,499
317,499
15,500
195,500
178,502
17,503
117,505
494,505
17,508
211,508
0,509
264,509
182,510
17,513
26,513
313,513
37,515
345,515
120,517
133,517
17,518
11,519
436,519
24,520
41,521
17,522
38,524
7,525
231,525
17,526
117,527
37,529
374,531
0,532
229,532
440,534
445,536
0,537
64,537
264,538
494,539
95,542
101,542
228,542
485,542
276,543
147,544
311,544
153,548
0,549
0,551
395,553
92,556
40,557
188,558
64,560
106,563
440,563
2,565
118,566
0,568
2,569
568,569
211,571
213,571
563,571
114,572
140,573
249,573
7,575
40,576
115,576
15,577
517,578
85,579
120,579
251,580
0,581
26,583
37,584
216,586
245,589
463,589
72,590
6,594
2,596
85,596
295,596
40,598
174,598
147,599
242,599
26,600
142,600
71,601
123,601
542,601
117,602
489,602
6,604
24,604
286,604
32,605
36,606
7,607
485,607
556,607
53,611
72,612
78,612
174,612
15,613
395,614
115,615
233,615
22,616
165,616
269,619
0,620
573,620
5,621
22,621
563,621
6,623
549,625
232,626
23,628
54,628
33,630
596,633
2,634
73,635
114,636
448,636
11,640
283,642
485,642
365,644
0,645
15,645
104,646
259,646
232,647
13,648
2,650
168,650
178,653
293,653
118,658
467,658
72,660
140,660
0,662
33,662
0,663
576,663
75,665
293,666
203,667
188,668
472,669
0,672
161,672
439,672
604,672
40,675
40,676
170,677
242,677
569,677
327,680
24,681
161,687
472,688
0,689
2,692
7,692
223,693
621,693
0,694
22,694
158,694
68,696
2,697
11,697
157,697
525,697
667,697
0,698
45,698
485,699
607,699
621,700
427,701
24,702
0,703
73,703
665,703
42,705
407,706
298,708
0,709
0,710
130,711
556,713
15,714
2,716
13,718
658,718
0,719
68,719
106,719
191,719
394,719
440,719
118,720
122,720
12,721
42,721
448,722
589,722
134,724
721,725
12,727
15,727
600,728
668,728
387,729
11,730
472,731
395,732
672,733
24,737
544,737
72,739
72,740
286,741
64,743
365,744
650,744
50,746
266,746
6,748
0,749
274,749
420,751
15,752
11,753
264,755
0,756
52,758
191,758
186,759
575,759
178,761
15,765
17,765
276,765
2,767
84,767
213,767
672,770
38,772
412,772
276,773
7,775
139,776
174,778
37,779
52,780
17,781
114,781
474,781
311,783
293,786
165,787
538,787
604,790
32,791
104,792
158,792
420,793
584,794
710,794
37,801
104,803
233,803
711,803
22,805
485,805
40,806
45,806
2,807
182,807
38,808
716,808
807,808
203,810
219,813
646,814
0,816
7,817
1,818
474,818
26,819
94,819
313,819
0,820
701,820
485,821
165,822
472,822
38,823
666,823
311,824
556,825
195,826
611,827
0,828
15,828
106,828
756,828
7,831
22,832
493,833
95,835
233,835
403,837
556,837
340,838
792,838
426,839
120,840
497,841
94,842
95,842
302,842
64,843
175,843
140,845
118,846
195,846
195,847
269,847
492,849
214,853
23,854
260,856
6,857
139,858
180,858
45,859
417,859
665,860
2,861
134,861
417,862
276,863
542,864
0,865
2,866
360,866
621,867
0,868
485,868
55,869
542,869
607,870
823,872
154,873
621,873
793,873
154,874
305,875
761,875
385,877
223,878
468,878
537,878
0,880
0,881
155,881
820,881
0,882
203,882
338,882
781,882
195,883
101,884
302,885
195,886
375,886
191,888
0,890
115,890
525,891
154,893
531,893
17,895
703,895
38,897
33,899
215,900
106,903
52,904
155,904
220,904
139,907
520,907
619,907
430,910
117,915
0,917
55,917
450,918
781,921
828,925
38,929
114,929
316,929
485,929
0,931
448,934
109,936
881,937
2,939
15,939
694,940
365,942
19,946
2,948
910,948
37,950
22,952
721,952
0,953
495,954
0,955
228,957
478,957
155,958
955,961
658,962
186,963
805,963
231,965
220,966
11,967
37,967
264,967
131,968
274,969
835,969
895,969
417,970
557,970
64,972
752,972
11,973
544,973
234,974
223,975
2,976
77,976
187,976
338,976
0,977
113,977
215,978
275,979
151,980
148,981
453,982
640,982
719,982
787,983
24,984
772,984
342,985
556,985
718,985
468,986
0,987
71,987
179,987
231,988
607,988
814,989
94,993
590,993
2,994
510,994
33,995
106,1001
508,1001
26,1002
440,1003
694,1004
161,1006
54,1008
342,1008
269,1009
398,1009
728,1009
929,1010
24,1012
383,1015
525,1016
900,1017
475,1019
494,1020
662,1020
978,1020
23,1021
264,1024
72,1025
297,1025
122,1028
178,1028
211,1033
240,1034
303,1034
305,1034
109,1036
293,1036
139,1037
0,1038
728,1038
1037,1038
468,1039
179,1040
0,1042
607,1042
7,1045
283,1045
223,1046
161,1048
428,1048
45,1049
0,1051
24,1051
106,1052
114,1052
165,1052
635,1052
162,1053
191,1054
215,1054
436,1056
621,1056
15,1057
240,1057
290,1057
781,1057
2,1058
33,1058
544,1059
13,1060
338,1060
584,1060
264,1062
497,1065
195,1066
178,1068
395,1068
117,1069
387,1069
843,1070
885,1070
153,1072
0,1073
231,1073
122,1075
371,1075
498,1076
642,1076
573,1077
139,1078
371,1080
532,1082
208,1083
303,1083
1019,1084
81,1085
1072,1085
258,1086
430,1086
604,1086
7,1087
225,1092
387,1094
68,1095
881,1095
733,1098
1070,1098
203,1101
900,1101
7,1102
448,1103
219,1104
55,1105
485,1105
78,1106
109,1107
275,1107
694,1108
40,1109
881,1109
15,1110
607,1111
676,1112
178,1114
139,1115
55,1116
15,1117
78,1118
233,1119
860,1119
233,1120
980,1120
724,1121
542,1123
519,1124
599,1124
40,1126
15,1128
187,1128
259,1128
13,1129
60,1131
890,1133
807,1134
15,1135
134,1135
174,1135
38,1136
513,1138
38,1139
984,1139
154,1141
2,1142
24,1142
118,1144
395,1144
7,1145
0,1150
223,1150
380,1153
2,1154
219,1155
18,1156
261,1157
0,1158
100,1158
544,1159
24,1162
478,1162
0,1163
537,1163
827,1165
286,1166
459,1168
66,1169
732,1170
854,1170
794,1171
1106,1171
428,1173
596,1173
115,1175
640,1175
269,1176
52,1177
1108,1177
139,1178
505,1178
426,1179
72,1180
0,1181
24,1181
485,1181
22,1184
1054,1184
843,1185
387,1186
232,1187
371,1187
825,1187
223,1189
758,1189
883,1189
70,1190
407,1190
513,1191
573,1192
1010,1192
106,1193
1057,1193
40,1194
731,1194
253,1195
472,1195
2,1196
115,1197
374,1197
694,1198
1142,1198
148,1200
955,1200
1068,1202
576,1203
793,1204
858,1205
472,1209
7,1212
842,1212
11,1213
316,1214
522,1215
1046,1215
24,1218
38,1220
153,1220
104,1224
39,1227
967,1228
1052,1228
835,1229
730,1230
970,1230
1215,1230
473,1231
54,1232
399,1232
15,1234
196,1235
537,1235
1197,1235
72,1236
72,1237
471,1238
37,1239
37,1241
662,1243
733,1243
313,1246
22,1247
1119,1247
589,1248
140,1249
264,1251
781,1251
42,1252
0,1253
808,1253
399,1254
114,1257
485,1258
821,1258
1155,1261
510,1262
6,1264
407,1266
513,1270
1173,1273
131,1274
744,1274
2,1275
38,1275
418,1275
134,1278
179,1279
302,1280
274,1281
513,1284
672,1285
233,1286
302,1286
468,1287
544,1288
697,1289
113,1290
118,1290
0,1291
525,1292
101,1293
228,1293
467,1295
1076,1296
365,1297
23,1298
55,1299
166,1299
658,1300
130,1302
191,1302
510,1302
538,1302
658,1302
862,1302
0,1304
231,1305
0,1306
40,1307
297,1309
966,1310
1135,1310
730,1311
584,1316
0,1317
64,1319
677,1319
744,1319
78,1320
1158,1320
131,1321
93,1324
1196,1325
365,1326
667,1326
17,1327
719,1327
430,1329
485,1329
1198,1329
1053,1332
420,1334
385,1335
584,1335
33,1337
864,1338
596,1340
1169,1341
420,1344
820,1345
0,1346
430,1346
400,1347
1184,1347
1178,1349
19,1352
81,1353
45,1356
327,1356
64,1357
576,1361
1056,1361
40,1363
4,1364
15,1367
140,1367
697,1368
15,1370
47,1370
208,1370
929,1371
271,1374
694,1374
1319,1374
589,1376
1189,1376
263,1377
584,1380
387,1382
1078,1382
549,1389
170,1391
1228,1392
719,1395
252,1398
117,1399
495,1404
660,1404
573,1405
1095,1405
229,1408
676,1408
713,1408
448,1409
17,1410
529,1410
388,1411
1045,1413
37,1414
1196,1414
568,1417
1009,1417
38,1418
115,1418
857,1420
584,1421
71,1422
6,1423
213,1424
7,1425
104,1425
1262,1425
15,1426
264,1426
12,1427
195,1427
258,1428
471,1428
0,1429
503,1429
68,1431
694,1431
0,1433
93,1433
427,1433
1021,1433
11,1434
596,1434
1068,1435
208,1436
1020,1436
1309,1438
101,1441
369,1441
78,1443
235,1446
1028,1447
1228,1448
1202,1449
2,1451
311,1451
569,1451
70,1452
403,1453
24,1455
859,1455
242,1456
601,1457
1019,1457
1411,1457
115,1459
182,1460
195,1460
573,1460
839,1461
17,1462
24,1462
276,1462
1038,1462
604,1464
729,1464
11,1467
7,1468
83,1470
78,1471
468,1471
719,1471
140,1472
613,1472
907,1472
361,1473
1124,1474
40,1476
45,1477
117,1477
861,1478
85,1481
645,1482
15,1484
220,1486
1319,1486
223,1488
1241,1488
1452,1488
7,1489
302,1489
166,1490
440,1491
907,1491
743,1493
127,1496
155,1496
0,1497
33,1498
697,1500
468,1501
1135,1501
677,1502
994,1502
11,1503
19,1504
1181,1505
388,1507
274,1508
801,1508
907,1509
1052,1510
406,1512
1009,1512
439,1514
15,1516
274,1516
485,1516
493,1516
161,1517
653,1517
1237,1520
38,1521
584,1522
828,1522
45,1524
213,1524
1205,1526
1451,1526
155,1530
82,1531
208,1533
385,1533
88,1536
83,1537
517,1537
705,1539
78,1540
214,1540
838,1540
95,1542
154,1542
1215,1542
1522,1542
234,1543
548,1545
711,1545
327,1546
917,1546
1057,1546
0,1547
1491,1547
1349,1550
1457,1550
418,1552
667,1555
139,1557
560,1557
165,1558
216,1558
439,1562
7,1563
38,1564
302,1564
1367,1564
532,1566
893,1566
893,1568
972,1569
676,1570
37,1571
825,1573
1231,1573
140,1574
792,1574
0,1577
49,1582
24,1585
1128,1585
761,1588
0,1595
118,1595
756,1595
214,1597
1543,1601
1235,1602
0,1603
1488,1603
7,1604
106,1604
290,1605
1302,1606
72,1607
1371,1607
50,1608
1231,1608
1054,1612
1376,1613
969,1616
694,1618
881,1618
1046,1619
1500,1621
472,1622
1153,1623
24,1624
38,1624
13,1626
39,1627
155,1627
835,1630
293,1631
1337,1633
957,1635
418,1636
17,1637
987,1637
770,1638
214,1639
984,1640
85,1641
75,1643
1564,1645
1305,1647
52,1650
134,1651
1128,1653
596,1654
22,1656
216,1656
1468,1656
127,1657
542,1658
7,1659
1108,1659
117,1660
478,1661
38,1662
49,1662
0,1663
338,1663
733,1663
214,1664
513,1664
1302,1664
1021,1665
719,1667
252,1670
861,1671
12,1672
174,1673
705,1673
733,1673
1072,1673
1300,1673
26,1675
191,1675
822,1675
15,1677
22,1677
420,1684
1169,1684
15,1685
15,1686
303,1687
1247,1687
7,1689
95,1689
219,1689
374,1689
119,1690
1117,1690
71,1691
1489,1691
806,1692
244,1693
72,1696
1010,1696
130,1697
155,1697
220,1700
398,1700
1232,1701
33,1703
907,1707
7,1708
174,1708
1316,1708
47,1712
480,1712
719,1712
451,1714
176,1715
646,1715
994,1715
710,1716
858,1716
1010,1716
1052,1716
1243,1716
81,1717
843,1720
196,1726
139,1727
134,1728
359,1728
1010,1728
7,1729
88,1730
11,1731
109,1731
1025,1731
2,1733
383,1733
407,1734
24,1735
118,1735
1189,1735
1159,1737
729,1738
22,1741
115,1742
746,1742
1636,1743
24,1744
115,1746
472,1746
1687,1746
1564,1747
52,1748
33,1753
517,1753
93,1754
1038,1754
95,1755
115,1755
109,1756
525,1756
607,1756
24,1758
713,1759
857,1759
450,1761
472,1762
1618,1762
95,1763
1037,1763
188,1765
0,1766
6,1767
24,1767
658,1767
907,1767
0,1768
45,1768
640,1770
302,1771
1368,1771
40,1777
154,1778
316,1778
200,1779
857,1779
950,1779
917,1781
1128,1781
24,1782
1299,1783
261,1784
0,1785
662,1787
3,1789
54,1789
557,1789
82,1791
311,1791
374,1793
557,1793
955,1795
0,1796
42,1797
302,1797
195,1800
0,1801
1191,1801
384,1803
1037,1804
6,1805
313,1806
155,1807
1124,1807
83,1808
984,1808
45,1809
369,1810
1290,1810
73,1811
527,1811
52,1813
1431,1813
106,1814
556,1814
1411,1814
154,1815
1205,1815
85,1816
494,1818
1209,1820
573,1822
104,1824
569,1827
1510,1828
480,1830
994,1832
45,1833
1253,1833
719,1838
640,1839
1299,1839
85,1840
859,1840
191,1842
1112,1843
72,1844
1286,1844
251,1846
808,1847
843,1848
1690,1849
963,1850
15,1854
1275,1855
33,1856
1136,1856
1563,1857
275,1858
1054,1860
2,1863
33,1863
7,1865
15,1865
714,1865
1311,1866
0,1867
1235,1867
969,1868
1756,1869
83,1871
1585,1871
38,1872
406,1876
658,1876
936,1877
1231,1877
1684,1877
697,1878
1867,1878
729,1879
359,1880
371,1880
7,1881
38,1881
269,1881
961,1881
621,1882
525,1883
1824,1883
139,1886
15,1887
38,1887
1742,1888
485,1890
976,1890
719,1892
32,1895
117,1896
910,1896
45,1897
169,1897
1231,1897
118,1898
428,1901
269,1902
297,1903
700,1904
7,1905
1508,1905
24,1907
131,1908
0,1911
264,1911
517,1912
653,1912
900,1912
1309,1912
316,1913
936,1913
1232,1913
38,1915
672,1915
1060,1915
1690,1918
1426,1919
1793,1920
68,1921
1767,1921
6,1922
13,1922
387,1922
1190,1922
955,1923
806,1926
220,1927
1057,1927
1783,1927
428,1928
15,1930
33,1931
53,1933
242,1934
7,1935
963,1935
1101,1935
17,1936
694,1936
1603,1943
650,1945
1280,1946
5,1947
154,1947
1457,1947
1813,1947
882,1948
70,1950
104,1950
139,1950
765,1950
165,1951
1690,1951
1486,1952
118,1953
463,1954
544,1954
1564,1954
114,1955
1193,1955
667,1956
837,1957
1116,1957
1784,1958
68,1959
977,1959
24,1960
422,1960
697,1960
316,1961
492,1962
1070,1962
1756,1963
120,1964
130,1965
130,1966
1779,1966
881,1967
1754,1969
182,1970
869,1970
584,1972
234,1977
258,1977
468,1978
1084,1978
340,1979
426,1980
718,1981
1326,1981
12,1983
154,1983
1457,1983
1840,1984
72,1986
1009,1986
1426,1988
857,1989
131,1990
5,1991
105,1991
117,1991
828,1991
134,1992
223,1993
203,1994
842,1994
1086,1994
15,1995
154,1996
274,1996
1779,1998
1084,1999
37,2000
68,2004
1310,2005
213,2006
403,2007
969,2008
64,2009
3,2010
101,2010
934,2010
106,2015
139,2015
24,2017
109,2018
929,2018
17,2019
29,2023
650,2024
1275,2025
548,2026
843,2026
223,2027
406,2027
1783,2028
140,2029
140,2030
40,2031
0,2032
93,2032
350,2032
26,2033
15,2034
1807,2035
513,2037
1730,2037
828,2039
1936,2039
109,2040
1693,2040
11,2042
7,2046
1189,2046
1508,2046
169,2050
881,2052
118,2053
174,2055
835,2055
888,2055
47,2056
1212,2056
468,2057
1200,2057
861,2059
1897,2060
13,2062
758,2062
15,2063
1085,2064
883,2065
33,2066
7,2067
728,2067
1057,2067
1512,2067
1651,2068
155,2069
1850,2072
439,2073
269,2076
1054,2076
485,2077
157,2080
203,2080
1290,2080
275,2082
1287,2084
728,2085
808,2085
1621,2085
1660,2085
1766,2085
2056,2085
54,2087
133,2087
1602,2088
1673,2088
118,2089
1602,2089
115,2092
117,2094
0,2095
2,2095
505,2096
984,2096
1953,2097
781,2098
485,2099
522,2100
166,2101
563,2103
2,2104
607,2105
1746,2106
1748,2106
1417,2108
1457,2108
258,2109
607,2109
1865,2109
118,2111
453,2111
233,2113
1868,2113
395,2114
24,2115
165,2115
228,2115
178,2116
1983,2117
106,2119
383,2121
12,2122
1,2123
479,2126
1262,2126
155,2127
119,2128
563,2128
1759,2129
101,2130
1907,2134
11,2135
827,2136
1020,2136
1349,2136
2115,2136
1056,2138
134,2139
7,2140
706,2141
2,2142
118,2143
131,2143
1103,2143
2,2145
646,2145
1872,2148
1290,2149
1491,2149
0,2150
2057,2150
119,2151
1338,2152
1800,2152
264,2155
1470,2155
1571,2155
1531,2157
1427,2159
1564,2161
1262,2164
2157,2165
471,2166
607,2167
78,2168
6,2169
1284,2170
472,2171
2128,2172
165,2173
548,2173
114,2175
7,2176
1433,2176
1779,2176
2050,2176
11,2179
101,2179
1904,2179
1964,2179
558,2180
290,2182
2087,2182
17,2184
155,2184
1353,2184
101,2188
828,2188
1252,2190
1730,2190
37,2191
374,2191
568,2193
109,2194
826,2195
672,2198
746,2198
2103,2198
118,2200
1489,2202
534,2203
1194,2203
2155,2204
1955,2207
1078,2208
2198,2208
0,2209
2159,2211
2,2213
803,2214
23,2215
290,2220
694,2220
433,2221
480,2221
895,2224
1980,2224
15,2225
223,2225
64,2226
115,2226
39,2227
88,2228
577,2228
645,2228
1883,2229
2089,2229
586,2230
106,2232
120,2232
223,2232
556,2232
1777,2234
1364,2236
1716,2236
234,2237
1563,2238
15,2239
325,2243
479,2246
675,2247
0,2248
106,2248
187,2248
17,2249
755,2249
1262,2249
1778,2250
7,2251
407,2251
24,2252
37,2252
864,2252
155,2253
1471,2253
1672,2253
165,2254
37,2255
728,2255
846,2255
1135,2257
2095,2257
4,2259
104,2259
233,2259
118,2261
1464,2261
589,2262
1923,2262
2145,2264
174,2267
115,2270
1712,2270
847,2271
2138,2271
485,2272
387,2275
2115,2276
843,2277
1878,2278
365,2279
1693,2280
0,2281
38,2282
261,2282
391,2282
2252,2282
122,2283
17,2284
542,2284
653,2284
211,2285
480,2288
1983,2289
0,2290
7,2290
1410,2291
515,2292
563,2292
882,2292
1257,2294
1715,2295
1992,2296
1009,2297
2296,2297
302,2298
1411,2298
459,2299
1284,2299
1420,2299
1791,2299
1777,2301
73,2303
275,2303
11,2305
38,2306
607,2309
23,2310
45,2311
195,2313
430,2313
1057,2313
106,2314
601,2314
1697,2316
1512,2317
195,2319
494,2319
1693,2321
556,2322
2,2323
118,2323
520,2323
549,2324
2,2325
1918,2326
872,2328
15,2329
471,2332
37,2335
1002,2335
994,2336
1371,2337
6,2339
1196,2339
7,2340
1198,2340
26,2343
1537,2344
71,2345
544,2345
500,2346
730,2347
130,2349
1697,2349
1361,2350
929,2351
1072,2352
1708,2352
2295,2352
1052,2355
2200,2355
37,2356
122,2356
191,2356
1104,2356
211,2357
2145,2357
2276,2358
538,2360
2010,2360
0,2361
115,2361
1329,2361
519,2362
1785,2362
2027,2362
0,2364
54,2365
214,2365
2246,2365
2336,2365
0,2368
26,2368
327,2368
1057,2368
1353,2368
1778,2369
1953,2371
803,2372
148,2373
374,2373
1319,2373
75,2378
297,2378
420,2378
1433,2378
2085,2379
1235,2380
1522,2382
269,2383
910,2383
60,2384
2027,2385
117,2386
2311,2388
13,2389
1950,2389
948,2391
0,2392
140,2392
302,2392
584,2392
1054,2393
40,2394
2252,2394
19,2395
81,2397
66,2398
988,2400
513,2401
729,2401
1316,2401
101,2402
33,2403
1349,2403
1777,2403
148,2404
718,2405
220,2406
1243,2406
0,2408
327,2409
676,2409
861,2409
843,2411
758,2413
86,2414
1570,2416
1464,2417
1144,2418
1349,2418
1045,2421
2173,2421
114,2422
2119,2424
233,2428
1243,2428
0,2429
64,2429
365,2431
1746,2431
1954,2432
106,2433
122,2433
1262,2434
13,2435
275,2435
1488,2436
1539,2436
139,2438
1184,2438
658,2439
0,2440
82,2442
573,2442
882,2442
1728,2442
54,2443
1537,2447
276,2448
23,2452
130,2452
101,2456
178,2456
26,2458
1252,2458
2456,2458
1493,2460
220,2461
642,2461
950,2463
1717,2463
353,2464
672,2465
2129,2466
0,2467
64,2469
104,2469
864,2470
1726,2470
52,2471
604,2471
1533,2471
106,2473
480,2473
24,2474
472,2474
1117,2475
1663,2478
6,2482
1869,2482
2155,2483
2475,2483
2280,2484
7,2486
576,2487
1184,2487
353,2489
71,2491
1311,2491
1948,2493
808,2494
0,2495
2356,2495
154,2498
2122,2498
188,2499
634,2500
765,2501
952,2501
2251,2503
1435,2504
2259,2504
2322,2504
2,2507
40,2508
15,2509
1662,2509
15,2510
881,2510
1476,2511
589,2515
1073,2517
448,2521
1177,2523
119,2525
910,2527
761,2528
2232,2528
2257,2528
1405,2529
485,2532
1078,2532
88,2533
4,2534
33,2536
117,2536
188,2537
1897,2537
1707,2543
17,2547
7,2548
781,2549
6,2550
576,2550
1936,2551
365,2552
1065,2552
1542,2552
258,2554
602,2555
33,2556
2145,2557
2,2559
621,2559
1202,2561
621,2563
478,2564
140,2567
348,2567
22,2569
203,2570
0,2571
823,2571
2343,2571
642,2572
636,2573
672,2573
450,2574
72,2575
1659,2576
1502,2578
155,2579
1253,2579
1310,2580
200,2581
781,2582
1814,2583
984,2584
1435,2584
1886,2584
13,2585
493,2585
1228,2586
174,2588
0,2589
178,2589
2466,2590
0,2591
970,2592
1246,2592
2029,2594
101,2597
1253,2597
1376,2597
6,2599
188,2600
26,2601
1008,2601
165,2603
1810,2603
12,2604
1635,2605
142,2606
225,2608
2149,2608
119,2609
743,2610
139,2611
383,2620
948,2621
1512,2622
219,2623
71,2625
365,2625
1501,2626
1881,2626
1537,2628
114,2631
276,2632
2284,2634
22,2635
1021,2635
1946,2636
820,2637
118,2640
492,2641
1619,2641
2328,2643
0,2644
106,2644
744,2644
117,2646
161,2646
2259,2646
33,2649
522,2651
365,2653
1789,2653
130,2655
730,2656
954,2660
1173,2661
77,2662
1228,2663
171,2664
1144,2665
1464,2666
387,2667
2085,2667
1545,2668
5,2671
195,2671
1410,2671
527,2674
1290,2675
1947,2677
2345,2679
620,2680
1010,2680
525,2685
2082,2685
266,2686
985,2686
265,2687
95,2689
604,2689
2108,2689
732,2690
1235,2690
122,2691
232,2692
223,2693
19,2694
223,2694
1636,2695
81,2696
345,2696
2,2697
223,2699
398,2702
33,2705
1195,2705
1887,2706
721,2708
182,2709
2585,2710
1913,2712
0,2713
601,2714
1779,2714
24,2715
26,2715
176,2716
625,2717
1877,2717
1012,2719
0,2721
2221,2721
290,2722
862,2722
1947,2722
472,2723
1353,2725
6,2726
2378,2726
71,2729
1021,2730
1728,2730
266,2731
78,2732
2388,2734
22,2735
468,2736
563,2736
917,2736
33,2737
275,2737
1069,2737
155,2738
131,2739
1662,2739
2015,2739
2554,2739
1310,2742
1491,2742
37,2743
733,2743
1542,2744
0,2748
494,2748
148,2755
694,2755
2249,2756
985,2757
1262,2758
2259,2758
315,2759
781,2759
1025,2759
1872,2761
2099,2761
7,2763
1883,2764
2349,2766
329,2768
1961,2768
733,2770
1618,2771
1833,2771
820,2773
859,2773
1563,2773
500,2774
1462,2776
72,2777
66,2780
130,2782
428,2782
1184,2782
72,2783
154,2785
549,2785
1747,2785
1935,2786
24,2787
474,2787
1194,2787
2128,2788
17,2789
2025,2790
1624,2791
1455,2792
1936,2793
660,2794
1887,2794
2469,2794
33,2795
134,2795
406,2795
1978,2795
203,2797
1685,2797
2067,2799
131,2801
274,2802
843,2802
6,2806
130,2806
2313,2806
2644,2806
2739,2806
2398,2807
4,2808
233,2808
123,2812
2755,2812
24,2814
130,2814
1038,2815
1070,2815
2394,2815
2533,2815
842,2818
158,2819
1486,2821
2155,2822
317,2823
805,2824
134,2826
719,2826
1636,2828
1075,2829
1708,2829
575,2830
1309,2831
264,2833
963,2833
33,2834
1317,2834
1537,2834
24,2835
2394,2835
71,2837
2010,2837
2,2838
195,2839
293,2839
442,2839
1300,2840
2142,2840
2225,2840
2356,2842
2394,2842
803,2843
123,2844
0,2845
45,2845
918,2846
1897,2846
2,2847
783,2848
2096,2849
2442,2849
1715,2851
1979,2851
11,2852
2801,2852
676,2854
2847,2854
297,2856
1915,2856
1136,2857
2550,2857
348,2858
55,2859
106,2860
2106,2860
100,2861
525,2861
984,2861
155,2864
2010,2864
485,2865
2357,2865
2202,2867
302,2868
75,2869
485,2870
118,2871
178,2871
15,2874
203,2874
1882,2874
667,2875
2126,2875
718,2877
78,2878
1793,2879
1247,2880
50,2881
613,2882
1302,2882
1399,2883
2501,2885
1262,2886
2394,2886
1624,2888
1624,2889
117,2890
47,2891
369,2891
863,2892
2028,2892
2368,2893
153,2894
179,2894
589,2894
952,2896
1618,2897
505,2898
985,2898
2323,2898
730,2901
119,2902
580,2902
1577,2903
2368,2903
2620,2905
17,2906
7,2907
118,2908
269,2909
706,2909
2176,2909
93,2910
793,2910
1637,2910
220,2913
118,2915
719,2915
2550,2915
241,2918
1883,2918
2143,2919
12,2920
2795,2920
17,2922
1012,2922
1287,2922
963,2923
142,2925
325,2925
525,2925
1789,2925
644,2926
7,2929
24,2930
2166,2932
2,2933
520,2933
611,2933
2665,2933
123,2934
977,2934
1880,2935
22,2938
748,2938
965,2939
882,2940
573,2941
15,2943
808,2943
203,2944
694,2944
115,2946
127,2946
1155,2947
915,2948
1730,2950
781,2951
200,2952
1128,2953
2179,2953
1391,2955
418,2956
11,2957
692,2958
1020,2959
1890,2959
693,2961
2119,2961
586,2962
857,2962
2890,2962
140,2964
669,2964
0,2965
229,2965
2714,2966
2550,2967
234,2968
607,2968
115,2969
1025,2970
72,2972
124,2972
71,2975
71,2976
556,2976
264,2977
2905,2977
178,2979
1021,2982
2115,2982
1849,2985
220,2988
1449,2989
75,2991
2351,2992
1391,2993
2641,2993
2834,2993
2292,2994
24,2995
40,2995
420,2995
0,2997
467,3001
12,3002
64,3005
2646,3005
81,3007
2822,3008
140,3009
519,3011
2257,3012
303,3013
17,3014
15,3016
127,3016
1488,3016
2,3017
223,3019
195,3021
7,3023
1882,3023
12,3026
174,3026
78,3027
2551,3029
1742,3030
211,3033
436,3033
814,3034
15,3036
418,3036
17,3037
596,3037
864,3037
1967,3039
1762,3040
3002,3041
85,3042
361,3044
2828,3044
258,3045
399,3045
895,3048
907,3048
11,3049
1563,3049
1778,3049
584,3051
2319,3057
40,3059
1603,3059
3051,3059
288,3060
2726,3060
22,3061
698,3061
987,3061
93,3063
191,3063
2,3064
1962,3064
445,3065
1890,3065
1983,3065
68,3066
1488,3066
2559,3067
22,3068
1747,3068
165,3070
264,3070
2129,3070
2851,3070
0,3071
2,3071
3008,3072
517,3074
522,3074
2409,3074
114,3075
7,3076
139,3076
1756,3076
283,3077
2191,3077
1128,3078
211,3081
168,3083
2714,3084
808,3085
1252,3087
1631,3087
374,3088
196,3091
374,3091
937,3092
2252,3092
468,3095
196,3097
2149,3097
24,3099
72,3099
1488,3099
2913,3101
1193,3104
17,3106
1230,3107
139,3108
241,3109
0,3113
2550,3113
1197,3114
220,3117
2,3118
7,3118
1462,3119
3099,3119
1496,3121
869,3123
6,3125
1865,3126
2259,3127
525,3129
509,3131
551,3131
2301,3132
3005,3138
2080,3139
298,3140
950,3140
1970,3140
2834,3140
24,3141
1363,3141
1951,3141
26,3142
158,3142
728,3144
963,3144
2882,3145
463,3146
2608,3146
211,3147
3061,3147
118,3148
839,3148
2962,3148
117,3149
1349,3149
6,3153
78,3154
813,3154
2232,3156
3,3157
2428,3158
1364,3159
2313,3159
3106,3159
2166,3161
7,3162
1192,3162
1779,3162
155,3166
1793,3166
2336,3166
2435,3166
730,3167
293,3168
604,3168
859,3168
1962,3169
1166,3170
179,3171
2922,3171
2148,3172
2891,3172
472,3173
33,3174
1570,3174
47,3175
1453,3175
1521,3175
994,3178
1521,3180
2534,3180
178,3181
611,3181
2757,3181
165,3182
729,3182
5,3183
636,3186
64,3188
166,3188
1839,3191
22,3192
1810,3192
471,3193
1021,3193
1779,3193
2795,3193
758,3194
118,3195
1488,3196
596,3197
15,3198
1118,3199
1427,3199
2858,3199
17,3200
7,3202
2,3204
3172,3206
1887,3207
3118,3210
7,3211
589,3211
640,3212
604,3213
2,3214
375,3217
1006,3219
2,3221
0,3222
258,3222
374,3222
2592,3222
131,3223
1218,3223
2190,3223
22,3226
1001,3227
1084,3227
1319,3228
121,3229
677,3229
2152,3229
2198,3230
72,3232
104,3232
581,3233
17,3236
231,3236
842,3236
188,3238
1119,3238
1842,3238
122,3239
7,3240
835,3246
47,3248
120,3248
1195,3249
101,3250
123,3250
211,3253
1488,3254
2323,3255
3051,3256
274,3257
981,3258
38,3259
234,3259
628,3259
2548,3259
1329,3260
1246,3261
7,3265
26,3267
100,3268
258,3268
219,3269
694,3270
118,3273
1777,3273
714,3274
821,3275
931,3275
92,3277
33,3278
360,3278
387,3278
694,3278
158,3279
480,3279
503,3280
0,3281
365,3281
2325,3281
493,3282
598,3282
17,3284
350,3284
3169,3287
11,3288
1543,3289
375,3291
478,3292
0,3294
1486,3294
1904,3295
0,3296
436,3296
714,3298
303,3301
442,3303
873,3304
474,3305
2474,3305
72,3306
2823,3306
882,3307
2383,3307
765,3308
50,3309
478,3309
1102,3309
3049,3310
542,3311
77,3312
3228,3313
1486,3315
2027,3317
0,3319
293,3319
117,3321
361,3321
3255,3322
857,3323
1329,3324
2909,3326
3030,3326
1488,3328
2243,3328
274,3331
52,3333
232,3334
1969,3334
100,3335
39,3337
510,3337
1405,3342
193,3346
342,3348
1034,3349
152,3352
2134,3354
803,3355
1004,3355
3281,3355
258,3357
636,3358
1991,3358
1119,3359
2504,3360
240,3361
542,3363
1545,3363
156,3364
316,3364
1054,3367
36,3369
2030,3370
7,3371
0,3372
40,3372
211,3372
907,3372
453,3374
2119,3374
1486,3375
1640,3375
1368,3376
2795,3376
2249,3377
2292,3378
1966,3379
1712,3381
2620,3381
1564,3383
187,3384
258,3384
693,3385
733,3386
1662,3387
1936,3387
3355,3389
0,3390
2056,3390
225,3391
353,3392
406,3393
1392,3394
459,3395
2126,3397
260,3398
2902,3398
231,3400
405,3400
787,3400
875,3401
19,3402
2010,3402
1059,3404
1781,3405
2846,3406
22,3411
1037,3412
1066,3412
223,3413
395,3414
188,3415
407,3415
208,3416
1307,3416
2620,3416
858,3417
1346,3417
2089,3421
72,3425
271,3425
653,3425
0,3426
500,3426
694,3426
3173,3426
3171,3427
178,3428
448,3428
2736,3428
93,3429
1239,3429
115,3431
589,3431
1329,3433
1956,3434
289,3436
711,3436
1915,3436
2313,3436
228,3437
241,3437
1119,3437
1989,3439
2957,3439
621,3440
2,3441
234,3441
22,3443
976,3443
3317,3444
2756,3445
584,3447
2697,3448
2909,3450
0,3451
2010,3451
1119,3452
3212,3452
448,3453
669,3454
2008,3454
2592,3455
1915,3456
20,3457
556,3458
2140,3458
2166,3459
1537,3460
1672,3460
1880,3461
436,3462
828,3463
1564,3463
3051,3463
26,3464
38,3464
213,3464
2905,3466
1252,3469
1052,3472
1431,3472
2343,3473
2847,3473
54,3474
316,3475
719,3476
133,3478
1768,3481
11,3483
1813,3484
2620,3484
7,3486
1117,3486
293,3487
1212,3487
101,3488
123,3488
2474,3488
3384,3488
7,3490
191,3492
15,3493
1477,3493
6,3494
47,3494
1426,3497
1697,3497
872,3498
0,3502
242,3504
505,3504
1904,3504
311,3505
381,3505
819,3506
26,3508
78,3508
327,3508
2443,3508
26,3509
1501,3509
1173,3510
281,3512
1585,3512
2167,3512
2826,3512
229,3513
1228,3513
7,3514
26,3514
2191,3514
7,3515
1109,3515
2082,3516
1814,3517
3083,3521
0,3522
1189,3522
1449,3522
1603,3522
2345,3522
114,3524
1978,3524
478,3525
1988,3525
148,3528
596,3529
274,3530
2340,3530
13,3531
2,3533
510,3536
1020,3536
599,3537
1690,3537
188,3541
228,3541
2368,3541
600,3543
117,3544
646,3544
753,3545
510,3546
115,3548
544,3548
2127,3553
3348,3554
191,3556
1689,3557
1945,3557
3460,3557
263,3558
2188,3559
3375,3559
170,3561
188,3562
2882,3562
122,3564
290,3564
866,3564
2391,3564
24,3565
793,3566
573,3567
182,3568
2970,3569
100,3570
7,3571
375,3571
134,3572
2202,3573
94,3574
276,3574
302,3579
828,3579
1203,3581
1954,3581
2018,3582
2356,3583
1468,3584
11,3586
123,3587
139,3588
407,3588
1169,3591
2,3594
11,3594
640,3595
2808,3595
1411,3596
551,3597
1810,3597
448,3598
2340,3603
1107,3604
2594,3604
265,3605
667,3607
532,3608
1197,3609
1290,3609
0,3610
1457,3611
672,3615
772,3615
3428,3615
140,3616
2839,3618
0,3621
267,3621
0,3629
24,3631
1742,3631
1762,3632
78,3633
81,3634
118,3635
1793,3636
2108,3636
2033,3637
2665,3637
1563,3638
1051,3639
118,3641
24,3642
127,3643
1235,3643
2373,3644
513,3645
2067,3645
78,3647
744,3649
948,3649
2200,3649
1692,3650
814,3652
1232,3655
456,3657
2736,3657
121,3658
2905,3658
134,3659
154,3660
420,3660
3584,3660
808,3661
478,3663
1275,3663
478,3664
1209,3665
2275,3665
117,3668
565,3668
3637,3668
176,3669
275,3670
13,3672
1021,3672
2812,3672
2896,3672
3406,3672
1763,3673
2,3679
396,3679
543,3680
3140,3680
24,3682
276,3682
2730,3683
675,3685
2592,3687
131,3691
3059,3692
542,3693
182,3694
1708,3695
394,3697
3268,3697
13,3698
52,3698
994,3699
274,3701
645,3701
1085,3701
3584,3701
2168,3705
1299,3706
1728,3706
2322,3707
542,3709
952,3709
459,3711
792,3711
867,3711
542,3712
1138,3715
1449,3716
303,3717
0,3718
2579,3718
1488,3719
2961,3719
828,3720
2554,3720
3001,3720
765,3722
420,3724
3691,3724
223,3725
1391,3726
2085,3726
47,3727
269,3727
599,3728
298,3730
967,3732
718,3735
1410,3736
2533,3736
42,3737
972,3737
2347,3737
3469,3737
3583,3737
1169,3738
1729,3739
2335,3739
969,3741
1653,3741
24,3743
40,3744
1078,3744
122,3746
223,3747
387,3749
790,3749
1729,3752
1673,3753
2291,3754
584,3755
3,3757
843,3757
3060,3758
2774,3760
0,3761
82,3761
885,3761
11,3763
114,3763
2447,3763
133,3764
290,3764
1779,3764
1451,3765
374,3766
269,3767
584,3767
1133,3767
2699,3768
24,3769
3064,3769
3346,3769
542,3770
693,3770
2356,3772
3268,3774
83,3775
1742,3776
24,3778
2435,3779
2184,3782
2635,3783
882,3784
2225,3786
2834,3786
3767,3787
4,3790
1335,3790
3319,3793
17,3795
878,3796
2536,3797
93,3800
2337,3800
3168,3801
26,3802
2057,3802
1262,3803
3706,3803
430,3804
1522,3804
3609,3804
843,3805
3140,3806
1126,3811
1262,3812
2833,3813
121,3814
81,3815
2686,3816
1193,3818
3142,3818
1602,3819
1955,3819
984,3820
1508,3820
3665,3820
174,3821
2641,3821
24,3822
3522,3822
24,3824
1392,3825
3331,3825
430,3829
3404,3831
155,3832
3543,3832
929,3833
2597,3833
697,3834
2368,3835
264,3836
1928,3836
2356,3837
1555,3838
963,3839
220,3840
203,3842
241,3842
241,3844
963,3845
39,3846
155,3846
17,3847
3461,3848
3557,3848
2214,3851
1420,3854
3159,3854
725,3857
3310,3857
645,3858
2322,3858
697,3860
3273,3860
2953,3864
40,3866
2826,3866
537,3867
644,3867
3159,3867
957,3868
2106,3868
6,3870
83,3870
3411,3870
1508,3871
1078,3872
134,3873
1065,3873
1193,3873
607,3874
350,3875
0,3876
1012,3876
3269,3876
801,3878
698,3879
3616,3879
223,3880
3342,3880
375,3881
706,3881
15,3882
1865,3882
1733,3883
20,3884
1153,3884
3238,3884
2149,3885
2975,3886
191,3890
508,3890
987,3890
109,3892
1897,3893
1262,3895
1956,3895
101,3896
327,3897
39,3899
910,3899
1252,3899
374,3901
737,3903
1808,3905
191,3907
37,3908
38,3908
93,3908
139,3909
453,3909
2710,3909
984,3910
78,3911
233,3911
81,3912
529,3912
3464,3916
3562,3916
113,3917
2864,3917
3643,3918
220,3919
2028,3919
2126,3919
1490,3920
994,3922
66,3923
2901,3924
875,3925
472,3926
866,3927
758,3928
485,3930
3923,3933
672,3936
781,3936
1771,3937
2564,3938
2609,3939
417,3941
515,3943
1955,3943
265,3944
2521,3944
2362,3945
7,3946
2559,3946
1637,3947
1754,3947
57,3948
2894,3949
3536,3950
417,3952
2933,3952
2730,3955
117,3956
2604,3956
2576,3957
3604,3957
11,3958
136,3958
234,3959
2033,3960
33,3961
215,3961
3649,3962
3778,3962
536,3963
859,3964
1778,3966
391,3967
3331,3968
3682,3968
1254,3970
2179,3970
1748,3973
47,3974
604,3974
17,3977
525,3978
1927,3978
3561,3978
64,3980
1248,3981
2662,3984
779,3985
825,3985
275,3986
1810,3986
1882,3988
3764,3988
2433,3989
870,3990
1117,3990
2834,3990
140,3993
1428,3994
2997,3995
359,3996
2394,3996
2667,3998
38,3999
72,4000
15,4001
3433,4002
158,4003
1490,4003
15,4004
162,4004
468,4006
0,4007
1759,4007
2,4009
24,4009
634,4009
497,4010
95,4012
1012,4012
3076,4012
1287,4013
1203,4015
3334,4015
3706,4015
232,4016
238,4017
3867,4018
3973,4019
122,4021
1020,4022
1246,4024
1363,4024
3211,4024
2202,4025
302,4027
623,4028
13,4029
1468,4032
47,4035
2609,4035
13,4036
2461,4037
2846,4037
1471,4038
33,4039
23,4041
957,4041
1540,4042
2298,4045
727,4046
1275,4046
1665,4046
2985,4046
3492,4046
1464,4047
2198,4050
2,4051
106,4052
151,4053
269,4053
494,4053
1367,4053
109,4057
3818,4057
1673,4059
2103,4059
2463,4062
178,4065
1542,4065
3483,4065
47,4066
13,4067
2691,4067
976,4068
3961,4070
3284,4071
238,4073
558,4073
720,4073
1431,4075
1756,4078
274,4079
127,4080
517,4080
2050,4083
275,4084
2622,4084
211,4085
1420,4085
1742,4086
223,4087
1913,4087
22,4090
4073,4090
1693,4091
1897,4091
119,4093
910,4095
672,4096
2967,4096
3893,4096
1286,4097
4071,4097
1509,4098
1624,4100
4046,4102
3717,4104
3063,4106
7,4107
313,4107
448,4107
847,4107
106,4111
662,4111
1636,4111
1728,4111
2050,4111
950,4112
1329,4112
1,4114
4012,4115
2346,4116
3074,4116
37,4117
2592,4117
112,4118
3875,4120
2200,4121
93,4122
1046,4122
1168,4126
1173,4126
3565,4127
3279,4128
422,4130
1673,4133
38,4134
95,4134
2997,4135
420,4136
3037,4137
3439,4137
269,4140
2152,4140
265,4141
1065,4144
0,4147
3379,4148
68,4150
584,4150
15,4151
730,4151
835,4152
55,4155
492,4155
3514,4156
1220,4160
1950,4160
2737,4160
478,4166
508,4166
519,4166
2993,4167
970,4168
104,4171
186,4171
1789,4172
3118,4172
589,4174
3973,4174
271,4175
84,4176
276,4176
1460,4176
271,4177
667,4177
2398,4177
271,4178
38,4181
2739,4182
1716,4183
12,4186
2404,4186
13,4187
1654,4187
3705,4191
2139,4192
3707,4194
1756,4195
1065,4196
2,4197
640,4197
3548,4197
4166,4197
365,4198
849,4198
478,4199
1531,4200
3321,4200
283,4203
2259,4203
3629,4209
972,4212
984,4212
1262,4212
1778,4212
4004,4215
0,4216
985,4216
2882,4219
3790,4221
1361,4222
1715,4222
1951,4222
2106,4224
472,4227
52,4228
2184,4228
1883,4229
1083,4233
24,4235
448,4235
2742,4235
374,4236
3319,4236
3687,4236
3168,4237
2255,4239
37,4240
667,4241
472,4243
1196,4245
668,4246
1021,4246
3059,4246
72,4247
3331,4248
3664,4251
2726,4252
3322,4254
293,4255
761,4255
820,4255
861,4255
1491,4256
342,4257
468,4258
75,4259
2812,4260
0,4261
15,4263
1522,4263
2109,4263
1928,4264
2076,4265
2661,4265
869,4266
904,4266
838,4267
1936,4267
472,4269
493,4272
1970,4274
3211,4275
3943,4275
64,4276
2347,4277
1070,4278
313,4279
2336,4280
1459,4281
40,4285
2282,4286
2857,4286
880,4289
3385,4289
3250,4293
929,4295
725,4296
2368,4297
0,4299
2875,4300
33,4301
3077,4301
1747,4302
1777,4302
1708,4303
3711,4304
1065,4305
418,4306
721,4306
801,4307
3747,4307
713,4308
188,4309
474,4309
1119,4309
2170,4309
2027,4310
733,4311
2368,4311
1635,4314
1346,4316
1662,4317
0,4318
3178,4318
692,4319
1743,4319
474,4321
2089,4321
1547,4323
3390,4324
3819,4325
345,4326
2085,4329
2119,4330
407,4331
468,4331
2,4333
2826,4335
0,4336
746,4336
3637,4336
2823,4337
3078,4338
117,4339
843,4341
64,4342
101,4342
9,4344
2172,4344
3180,4347
853,4350
87,4351
929,4351
2282,4351
2355,4351
104,4352
3943,4352
4004,4354
2,4355
1363,4355
1286,4356
2259,4356
2259,4357
2537,4357
667,4358
3672,4358
17,4360
3494,4362
646,4363
3905,4363
276,4365
1472,4365
1034,4366
719,4368
2298,4368
2620,4368
258,4369
1866,4370
393,4371
1128,4375
7,4376
155,4376
191,4376
417,4379
881,4380
3305,4380
2064,4381
3881,4382
115,4383
573,4386
3415,4386
569,4387
1187,4388
3331,4389
40,4390
1215,4390
1779,4390
4003,4390
24,4392
480,4392
1046,4392
2756,4392
2297,4393
289,4394
2149,4395
3099,4396
520,4397
387,4398
569,4402
1169,4402
1618,4405
1205,4408
2735,4408
3804,4408
502,4409
2365,4410
2,4411
4,4411
2501,4411
4382,4412
1783,4413
2717,4413
500,4414
827,4414
3464,4415
0,4417
117,4417
1364,4417
1715,4417
3524,4417
1621,4418
2024,4418
253,4420
2356,4420
4046,4422
0,4423
1715,4423
452,4424
640,4426
544,4427
4012,4427
2918,4428
472,4429
26,4431
115,4432
733,4432
215,4433
195,4434
220,4434
3815,4437
4187,4437
644,4438
1285,4438
1621,4438
662,4441
178,4442
571,4442
3045,4443
1962,4444
3428,4444
3045,4446
85,4447
131,4447
2345,4447
114,4448
1252,4448
2383,4452
2536,4452
1065,4454
191,4455
215,4455
4107,4455
3159,4456
2292,4457
1457,4460
573,4461
2555,4461
642,4466
1,4467
353,4467
1693,4467
1839,4467
4286,4468
2182,4469
2922,4469
3509,4469
3415,4470
471,4471
17,4472
72,4472
621,4472
127,4473
459,4473
244,4477
2903,4479
1537,4480
2161,4480
2432,4481
2771,4481
548,4482
4309,4482
2,4483
17,4484
3457,4484
7,4485
1,4486
225,4486
3180,4487
24,4488
620,4489
601,4491
1051,4493
4311,4493
1171,4494
2665,4495
13,4496
2851,4497
1951,4502
560,4503
3016,4503
430,4505
4333,4505
3564,4506
846,4509
1335,4509
4012,4509
1880,4512
1460,4514
11,4515
229,4515
1258,4516
3566,4516
459,4518
2416,4518
234,4519
1717,4519
1712,4520
2794,4520
1356,4521
475,4522
4197,4523
430,4524
140,4525
176,4525
2470,4525
0,4526
2689,4526
4027,4528
1307,4530
117,4531
2857,4532
872,4533
952,4533
1616,4533
2737,4533
15,4535
3195,4535
3174,4538
1936,4539
4007,4539
26,4540
3682,4540
2,4542
26,4543
817,4543
11,4544
1762,4547
708,4548
1692,4548
2482,4548
269,4549
2885,4549
4397,4549
7,4550
467,4553
1489,4553
645,4555
3484,4555
1262,4557
2200,4557
169,4558
471,4558
604,4558
33,4559
70,4559
1220,4561
3207,4561
114,4562
4543,4562
24,4563
0,4565
1364,4567
445,4570
81,4572
115,4572
3822,4572
114,4574
1457,4574
223,4575
229,4575
4122,4575
40,4576
596,4577
1193,4577
3162,4577
383,4578
1618,4578
109,4580
4344,4580
665,4582
672,4582
2283,4585
957,4586
3076,4587
106,4590
220,4592
2697,4592
601,4594
2,4595
7,4595
3425,4595
820,4596
1962,4597
522,4599
1036,4599
676,4601
1477,4601
1300,4603
843,4604
719,4605
3594,4605
6,4606
101,4606
584,4606
3197,4606
3355,4608
3385,4608
3525,4608
54,4610
881,4612
3516,4612
967,4613
3440,4613
109,4617
1193,4618
284,4619
463,4619
387,4620
749,4620
1181,4620
1252,4620
1697,4622
2933,4622
2,4623
114,4623
15,4624
1965,4626
1056,4627
3897,4627
4466,4628
2848,4630
3488,4632
3355,4635
3393,4635
2182,4638
3726,4638
55,4639
984,4639
1020,4639
155,4640
3584,4640
3085,4642
1869,4643
2923,4643
1491,4644
0,4645
3274,4645
231,4650
781,4651
808,4651
1737,4651
395,4653
40,4654
773,4655
2046,4656
3825,4656
26,4657
15,4658
73,4660
290,4660
2,4662
452,4662
1124,4662
88,4665
3436,4665
174,4666
293,4666
1173,4668
2248,4669
6,4670
3159,4670
4212,4670
0,4671
542,4671
1564,4671
4304,4672
1173,4674
3355,4674
2493,4676
2,4678
70,4679
1179,4679
78,4680
15,4681
106,4682
3668,4682
3147,4684
803,4685
2157,4685
4680,4685
15,4687
198,4688
1059,4688
3026,4689
3,4690
2109,4690
1076,4691
2851,4691
1215,4692
118,4693
1085,4694
4376,4695
66,4696
1087,4696
3984,4696
1235,4699
428,4700
2378,4700
2794,4700
3426,4700
0,4703
1890,4703
556,4704
1734,4705
17,4708
78,4709
589,4713
623,4714
1717,4714
1964,4715
4267,4716
2,4718
907,4718
2082,4719
365,4720
1881,4720
3515,4720
174,4722
71,4724
327,4725
4197,4725
234,4726
275,4727
52,4729
317,4730
15,4731
36,4732
2880,4733
4660,4734
174,4735
1564,4735
3026,4735
436,4736
4053,4736
556,4737
1693,4737
513,4738
1262,4738
1957,4739
1670,4741
45,4742
54,4742
17,4743
115,4744
803,4744
4417,4744
2442,4745
24,4746
893,4746
104,4747
4590,4748
2252,4753
3854,4753
4456,4753
7,4754
1190,4754
859,4755
3140,4756
37,4757
1184,4759
4613,4760
1820,4761
1557,4762
1564,4763
13,4764
2155,4764
2322,4764
106,4765
1212,4765
565,4766
877,4766
38,4769
1457,4772
2191,4772
2865,4772
4227,4773
3643,4774
3565,4775
72,4776
1235,4776
6,4778
596,4779
984,4780
4160,4780
134,4781
527,4781
3002,4782
3236,4782
3668,4782
4041,4782
2056,4785
139,4786
3026,4787
0,4788
3881,4788
0,4791
4674,4791
101,4794
258,4794
1262,4794
1777,4794
872,4795
3737,4795
635,4796
3524,4796
7,4797
1959,4797
3383,4797
843,4798
1814,4799
40,4801
118,4804
223,4804
985,4805
17,4806
881,4806
3275,4806
195,4809
3222,4809
4411,4809
374,4810
2225,4811
2795,4811
2082,4812
3933,4812
1912,4813
4235,4813
288,4814
260,4815
283,4816
2915,4816
600,4817
1189,4817
3832,4817
697,4819
3767,4819
3447,4824
843,4826
84,4827
604,4828
7,4829
72,4830
620,4830
3903,4830
843,4831
3441,4831
827,4832
7,4833
52,4835
2735,4836
985,4837
2806,4838
147,4839
286,4839
2010,4839
1300,4840
2902,4846
4549,4846
748,4847
910,4848
106,4849
283,4849
3895,4849
1021,4852
2868,4852
119,4853
2,4854
0,4855
1896,4855
1154,4856
2739,4856
963,4857
11,4862
1801,4862
3767,4864
83,4865
918,4865
1169,4865
2868,4867
676,4868
900,4868
0,4869
4395,4869
22,4871
60,4871
223,4871
2504,4871
2806,4873
115,4874
1742,4874
3148,4876
232,4877
536,4877
1119,4878
17,4879
556,4880
191,4883
233,4883
646,4884
1512,4885
387,4886
4539,4889
0,4891
737,4891
749,4891
4772,4891
186,4894
843,4894
1964,4894
155,4895
2335,4896
1811,4897
2773,4897
7,4898
2278,4899
1457,4900
2732,4900
24,4901
485,4901
106,4902
2521,4902
520,4903
939,4904
2109,4904
2150,4906
3657,4906
71,4907
2109,4907
24,4909
139,4910
0,4915
4557,4919
122,4920
229,4921
633,4925
383,4926
2409,4926
55,4929
2428,4930
599,4931
1194,4931
2052,4932
3658,4932
4746,4932
4656,4933
302,4934
88,4935
2015,4935
4736,4935
2564,4936
3145,4936
3895,4936
1844,4940
1777,4941
556,4942
957,4942
82,4948
75,4949
4448,4949
136,4950
153,4951
1329,4952
2504,4952
232,4953
694,4953
2962,4954
118,4955
607,4955
38,4957
692,4960
3559,4964
11,4965
50,4967
972,4969
1512,4969
4543,4969
910,4970
3944,4970
2882,4972
3659,4972
1037,4976
1020,4981
1262,4982
4467,4983
37,4984
40,4985
17,4986
4046,4986
4605,4986
825,4987
0,4989
714,4989
882,4991
1171,4991
117,4992
2609,4993
26,4995
2,4996
0,4998
1619,4999
2837,4999
2,5000
1754,5001
821,5002
843,5002
1850,5002
4134,5004
698,5005
954,5007
81,5008
4036,5010
2787,5011
118,5016
658,5016
471,5018
4376,5018
1690,5020
54,5022
846,5022
2271,5022
3999,5022
2403,5025
1857,5026
4394,5026
882,5029
1349,5031
4713,5031
1056,5034
2651,5034
663,5035
3383,5036
430,5038
142,5039
3504,5039
212,5040
1915,5040
543,5045
2,5046
64,5047
667,5047
1361,5047
3317,5049
4877,5049
72,5051
223,5052
4104,5053
114,5054
957,5056
4448,5056
40,5059
1978,5059
579,5060
365,5061
33,5064
2511,5064
1727,5065
740,5068
2292,5069
2,5071
26,5071
4782,5073
37,5074
396,5074
4183,5074
828,5075
917,5076
2168,5076
229,5077
374,5078
2671,5078
17,5079
4612,5079
969,5080
118,5082
0,5083
3312,5084
5039,5084
22,5085
744,5086
95,5089
4,5090
2504,5092
400,5093
3857,5093
1804,5096
4729,5097
708,5099
342,5100
36,5101
3737,5101
665,5102
106,5104
1247,5105
2893,5108
3099,5108
24,5110
2067,5110
385,5112
857,5113
607,5115
653,5115
2335,5115
11,5116
2252,5116
544,5117
3065,5117
3452,5120
718,5121
2170,5121
3172,5121
3384,5123
2834,5125
263,5127
1197,5127
3202,5128
4619,5128
188,5131
1053,5133
3767,5134
489,5136
2849,5136
374,5137
3400,5137
527,5140
11,5142
2739,5143
645,5144
3473,5148
3874,5148
4319,5149
1169,5150
1472,5150
214,5151
1391,5152
1209,5154
4235,5154
191,5155
2173,5155
258,5156
1546,5157
1452,5160
118,5161
176,5162
1955,5164
2743,5165
4032,5165
843,5166
2736,5166
1489,5167
5071,5167
3016,5168
0,5170
697,5172
3016,5172
1782,5173
2922,5173
4907,5174
973,5175
4774,5175
15,5177
787,5179
4884,5180
537,5185
1915,5185
1490,5186
3616,5187
2574,5189
434,5190
1128,5190
3815,5193
2847,5194
2398,5195
216,5196
3909,5196
151,5197
448,5197
2236,5199
1778,5200
303,5201
1800,5203
929,5204
3070,5204
2592,5205
4620,5205
1762,5206
7,5208
269,5209
2115,5209
847,5210
3436,5210
191,5211
4849,5213
3026,5214
5162,5214
1928,5215
2067,5216
4,5217
613,5217
2108,5217
24,5218
290,5218
2918,5218
2089,5219
573,5220
4929,5220
672,5221
3194,5221
1540,5222
1075,5226
2356,5227
288,5228
910,5228
963,5228
3709,5229
867,5230
4087,5230
599,5232
510,5233
3172,5235
508,5237
233,5238
3331,5238
5165,5241
2394,5242
6,5243
4379,5243
13,5245
1756,5245
4612,5246
1054,5247
1119,5248
513,5250
1021,5250
1639,5250
1708,5250
11,5251
47,5251
3881,5251
4794,5251
1978,5252
2622,5252
2533,5253
1808,5255
904,5256
888,5259
1280,5259
3431,5259
275,5261
164,5262
387,5263
2259,5263
1052,5264
17,5265
240,5268
15,5269
139,5269
1880,5271
112,5274
311,5275
2403,5275
1962,5278
175,5279
1408,5279
258,5280
68,5281
434,5282
1173,5285
72,5287
374,5288
3990,5288
214,5289
2129,5289
669,5291
130,5292
500,5292
2868,5292
474,5293
3658,5293
813,5294
131,5295
2388,5295
5214,5296
131,5297
399,5297
890,5300
1078,5303
4638,5305
658,5306
929,5306
4036,5306
47,5308
178,5308
4274,5309
0,5310
2155,5311
2323,5311
2743,5311
17,5312
4004,5312
1656,5313
861,5314
1526,5314
7,5316
538,5316
2935,5316
15,5317
134,5317
293,5317
1275,5318
109,5320
3882,5321
781,5322
4668,5322
151,5323
3222,5328
3455,5328
0,5329
4387,5330
54,5331
1508,5331
4703,5331
2713,5332
4620,5333
1491,5335
42,5337
3939,5337
274,5338
1302,5338
313,5339
917,5339
2276,5339
4665,5339
2442,5340
2915,5340
4720,5340
2582,5341
4107,5341
38,5342
806,5342
5322,5342
2944,5343
45,5345
3075,5345
4847,5345
3036,5346
24,5351
371,5351
1795,5351
1762,5352
2106,5354
1876,5355
2176,5356
3307,5357
5074,5357
1708,5358
4897,5360
420,5361
1258,5361
2552,5362
106,5373
4134,5373
4575,5375
2394,5376
1107,5377
4791,5377
442,5379
694,5379
2966,5380
529,5381
360,5382
1700,5382
3119,5383
3524,5383
4565,5383
586,5384
2979,5384
269,5387
1252,5389
2126,5389
2918,5389
2559,5390
4718,5391
200,5392
3494,5392
2548,5395
106,5398
2882,5398
1052,5400
17,5402
156,5402
1345,5403
2364,5403
233,5405
1053,5405
4135,5405
4594,5406
1311,5408
2408,5411
4,5412
2335,5412
1876,5414
2537,5416
72,5418
1427,5419
22,5423
3854,5424
6,5425
4038,5426
3587,5428
2840,5429
38,5432
5235,5432
118,5433
2447,5434
4126,5435
1228,5436
2550,5436
1338,5439
4344,5440
3765,5442
2383,5443
0,5444
131,5446
1374,5447
155,5448
241,5448
1034,5448
11,5449
2829,5452
3949,5454
1177,5456
274,5457
3764,5458
101,5460
557,5460
3610,5460
115,5464
1742,5464
40,5465
640,5465
4744,5466
4594,5468
781,5469
3384,5471
448,5472
729,5474
2533,5477
313,5478
4549,5478
365,5479
1075,5479
1173,5479
1839,5479
3194,5479
1230,5480
151,5481
1778,5481
5256,5481
1994,5484
4120,5484
3959,5486
38,5487
3436,5487
1162,5488
203,5490
225,5492
4596,5493
2814,5494
3384,5494
1477,5495
3698,5497
929,5498
2962,5498
223,5499
820,5499
2923,5503
1083,5504
3571,5504
191,5505
3099,5505
864,5509
15,5510
1049,5510
5479,5510
3669,5514
4828,5514
452,5515
5038,5515
68,5518
2586,5521
3800,5521
604,5523
813,5523
231,5524
1641,5524
417,5525
2,5526
4496,5526
2759,5528
3874,5529
2962,5530
4265,5531
973,5532
290,5537
4420,5538
4952,5538
1398,5539
4358,5539
2,5540
33,5541
3636,5542
5065,5542
1965,5543
2365,5543
2787,5543
2176,5546
2,5549
101,5549
2082,5550
5436,5551
155,5554
1423,5554
910,5555
4804,5555
1491,5556
1338,5557
4640,5558
4390,5559
283,5561
4865,5561
3125,5562
4656,5562
697,5563
158,5564
238,5565
1075,5566
3326,5566
4555,5566
117,5569
5252,5569
26,5570
1220,5573
1810,5574
2857,5575
4737,5576
407,5577
426,5577
2834,5577
2368,5580
15,5582
4454,5582
78,5586
542,5586
3288,5586
1142,5587
2,5589
733,5590
1742,5592
191,5593
5332,5593
644,5597
1954,5598
1037,5599
4122,5599
1693,5600
1171,5601
2389,5602
4147,5602
1693,5603
303,5605
2894,5605
4575,5606
5282,5606
1290,5607
3415,5608
120,5609
4885,5610
5575,5610
60,5611
3515,5612
1955,5613
5251,5614
721,5615
1414,5615
2394,5619
3819,5619
2362,5620
6,5621
95,5621
1065,5621
100,5624
601,5624
3011,5626
2686,5627
693,5629
283,5630
4519,5631
64,5633
4700,5634
3455,5636
1697,5637
4311,5637
2582,5639
3372,5640
950,5641
2191,5643
2579,5643
3870,5644
5562,5644
2138,5646
0,5647
1623,5647
2010,5647
3842,5648
1209,5649
2943,5649
601,5650
1,5651
2257,5651
2604,5651
4747,5653
3514,5654
2360,5655
4549,5655
7,5656
15,5656
5214,5657
171,5658
1460,5659
1106,5660
4144,5661
37,5663
176,5663
1020,5664
853,5666
3596,5666
430,5667
24,5668
3372,5669
176,5670
274,5670
725,5670
485,5672
719,5673
2211,5674
101,5676
365,5677
527,5677
907,5679
3385,5679
563,5684
3307,5686
17,5688
1814,5688
781,5690
2311,5690
0,5691
428,5692
472,5692
4638,5693
154,5697
2067,5697
2795,5697
3019,5697
669,5699
2636,5699
950,5700
1019,5700
1691,5700
4612,5702
2,5703
1536,5708
0,5709
15,5709
45,5713
276,5713
1540,5713
1867,5715
2378,5715
0,5716
328,5716
4662,5717
276,5718
2716,5721
542,5722
3834,5722
2275,5723
3279,5726
399,5727
298,5730
1335,5731
3636,5732
2024,5733
1662,5734
2861,5734
23,5737
620,5738
702,5738
1918,5738
2409,5738
104,5741
1066,5741
1036,5742
1126,5743
1771,5743
3270,5743
5026,5744
3672,5745
229,5746
340,5746
316,5747
22,5749
2953,5749
5174,5750
5411,5750
1878,5751
2787,5751
1275,5752
3,5754
106,5754
864,5754
1084,5755
2660,5756
5621,5756
4897,5757
714,5759
720,5759
1547,5762
868,5763
115,5764
225,5765
0,5767
182,5767
1833,5767
2909,5773
1252,5774
3916,5777
527,5779
5773,5779
64,5781
157,5783
3321,5784
974,5788
33,5789
214,5789
3881,5789
1169,5794
214,5796
4251,5796
600,5798
2082,5798
472,5799
967,5802
1196,5803
3820,5804
0,5805
1228,5805
1457,5807
3444,5808
4868,5808
24,5811
1813,5811
3222,5811
13,5812
623,5812
117,5814
560,5815
1850,5815
387,5816
4620,5816
93,5817
381,5817
193,5818
2456,5818
283,5819
2826,5820
604,5822
485,5824
6,5826
1457,5826
1877,5826
2176,5828
290,5829
3920,5829
38,5831
430,5833
1374,5833
3658,5833
4265,5833
1020,5834
15,5835
85,5835
5102,5835
2868,5836
1639,5839
2325,5839
719,5841
3324,5841
620,5842
3911,5842
33,5843
1052,5843
1232,5844
2050,5844
1690,5845
2262,5845
5405,5845
772,5846
2461,5846
2,5847
689,5847
3454,5849
5311,5849
40,5850
1540,5850
2882,5851
2943,5852
4019,5852
781,5853
472,5855
4093,5855
5829,5855
174,5856
517,5856
3668,5857
1197,5858
83,5859
1623,5861
4111,5861
5693,5861
1306,5862
3749,5862
213,5863
3990,5863
33,5866
1957,5869
4308,5869
604,5870
1779,5874
2157,5874
2357,5874
15,5876
1070,5877
5794,5877
311,5879
1865,5879
5731,5880
787,5882
223,5885
1810,5885
290,5886
3961,5886
1540,5893
2208,5893
843,5894
1228,5894
225,5895
890,5896
2901,5897
398,5898
17,5899
716,5899
1935,5900
882,5902
3026,5902
17,5903
15,5906
1057,5907
78,5908
770,5908
2806,5909
39,5910
13,5911
4285,5912
3400,5913
4258,5913
1025,5915
1024,5917
668,5918
118,5919
139,5919
54,5920
195,5922
3643,5922
972,5923
2609,5924
101,5925
1133,5925
3584,5925
15,5926
1815,5927
134,5928
13,5929
1955,5929
1805,5931
994,5932
4662,5932
2849,5933
420,5935
2368,5935
2299,5936
4562,5937
120,5939
3536,5940
580,5941
2383,5941
858,5942
1262,5942
5577,5942
115,5943
1021,5943
374,5944
54,5945
625,5947
1196,5947
3717,5947
0,5948
620,5948
1550,5948
5570,5952
2389,5953
3609,5953
2190,5954
3193,5955
11,5957
2182,5959
3140,5959
4572,5959
442,5960
4134,5960
517,5961
1052,5961
1464,5961
84,5964
229,5964
1189,5965
2829,5965
746,5966
71,5967
480,5967
4817,5968
5738,5968
710,5969
1913,5971
1746,5972
7,5974
1585,5974
694,5975
1433,5975
154,5976
293,5978
195,5979
2551,5980
881,5981
1936,5981
5697,5981
693,5982
2550,5984
4952,5985
2943,5986
117,5987
4738,5987
170,5989
3372,5990
697,5991
3749,5991
693,5994
0,5996
1307,5999
154,6001
5056,6001
510,6002
3616,6003
428,6004
275,6005
54,6006
3197,6006
3021,6007
4592,6007
2284,6008
2501,6008
3355,6008
4053,6012
2812,6013
4782,6013
232,6015
1119,6017
3267,6018
209,6019
1947,6019
485,6020
3284,6020
5987,6021
212,6024
1488,6024
2191,6024
24,6025
2495,6025
3457,6025
22,6030
2428,6033
3819,6033
0,6034
11,6035
169,6035
1258,6035
1624,6035
179,6036
474,6036
1460,6036
2347,6037
2191,6040
4107,6040
164,6043
1045,6043
5049,6043
1056,6044
1512,6045
3328,6045
4186,6045
179,6047
963,6047
4809,6047
737,6051
130,6054
1867,6054
4933,6054
5750,6054
4763,6055
2297,6057
4078,6057
315,6058
4811,6058
2394,6060
282,6061
2552,6061
1156,6062
274,6066
1287,6066
1470,6066
2504,6066
178,6068
663,6068
13,6070
542,6070
1070,6071
2403,6071
692,6072
2623,6072
2794,6074
4237,6074
1119,6076
5925,6076
542,6077
2106,6077
5741,6077
2389,6078
4817,6080
3412,6084
517,6085
6021,6086
676,6087
4883,6087
447,6088
972,6089
148,6092
5672,6092
6,6093
620,6093
2533,6093
2,6096
395,6096
5703,6096
195,6097
1564,6097
1992,6097
0,6101
972,6101
4654,6101
2812,6102
89,6103
1042,6103
2166,6103
4555,6103
4594,6103
4286,6104
3248,6106
139,6107
846,6107
571,6109
5569,6110
667,6111
1811,6111
1048,6113
779,6114
24,6116
174,6116
645,6117
5073,6118
1810,6119
601,6120
430,6121
719,6122
1190,6122
5170,6122
6,6123
11,6123
55,6123
474,6123
4255,6123
223,6124
3571,6127
963,6128
3893,6128
0,6131
5310,6132
881,6133
3270,6133
5125,6133
1052,6134
1317,6135
611,6136
1690,6136
0,6137
4894,6138
1173,6139
213,6140
2834,6140
6111,6142
2742,6143
24,6145
4676,6147
6116,6148
117,6149
1742,6150
15,6151
1472,6154
7,6158
1046,6158
456,6159
3415,6159
2392,6160
3211,6161
450,6164
2896,6164
4418,6165
1433,6166
269,6167
828,6169
1693,6169
1759,6169
5190,6169
495,6172
854,6172
2275,6173
4417,6173
286,6174
4839,6174
4174,6175
1876,6177
2748,6178
2504,6182
1933,6183
387,6184
5697,6184
6036,6186
3027,6187
4309,6187
5148,6187
987,6188
443,6189
542,6189
5902,6189
525,6190
1103,6191
33,6192
1564,6192
1969,6193
54,6194
5647,6198
5323,6199
4025,6201
542,6203
1443,6203
2442,6203
6047,6203
2737,6205
176,6206
1707,6206
2834,6206
6096,6206
260,6208
2136,6208
4806,6210
5040,6210
365,6211
6047,6211
3719,6212
2782,6215
3095,6215
1024,6216
2257,6216
807,6217
1347,6217
2835,6218
3957,6218
317,6219
1311,6219
155,6220
5002,6220
13,6221
4898,6221
5293,6222
3711,6226
5789,6226
1488,6227
11,6228
81,6230
1712,6230
5133,6231
155,6233
6148,6233
4817,6234
513,6236
3516,6237
106,6238
5580,6238
15,6240
439,6241
2311,6242
3021,6243
3075,6244
5379,6244
1057,6245
4907,6245
1839,6246
3990,6246
468,6247
78,6248
1543,6248
1978,6248
2433,6249
5189,6251
5311,6251
228,6256
71,6257
1546,6257
365,6258
15,6260
15,6261
3140,6261
4243,6261
165,6264
15,6265
1457,6265
2838,6266
1983,6268
1126,6273
3005,6273
2166,6274
3709,6276
4604,6277
5658,6277
348,6278
2957,6278
929,6280
1613,6280
2574,6281
676,6283
6008,6283
0,6284
711,6284
1262,6284
2,6285
114,6285
1441,6285
1486,6285
191,6289
544,6289
5279,6289
1865,6291
1198,6293
1329,6294
792,6295
881,6295
6243,6296
3836,6297
26,6298
787,6298
5448,6298
6192,6298
4434,6299
342,6301
549,6301
2,6305
1761,6306
4136,6307
7,6309
118,6309
1220,6310
2640,6311
4639,6311
6266,6313
0,6314
208,6314
233,6314
984,6316
240,6318
24,6323
672,6325
7,6327
565,6327
1302,6328
17,6330
2691,6331
164,6332
430,6332
3581,6336
52,6340
699,6340
5944,6340
430,6341
3238,6342
305,6343
1545,6344
3157,6345
1286,6347
3973,6348
807,6352
1025,6355
1311,6356
2433,6356
5985,6357
117,6359
245,6359
261,6359
72,6360
371,6360
1993,6360
2305,6361
353,6362
1361,6362
650,6363
2335,6363
118,6364
2059,6367
3738,6367
2592,6368
1103,6370
3769,6370
1881,6373
2368,6374
1045,6375
104,6376
3691,6377
1545,6378
3180,6378
109,6379
2,6380
2357,6380
1280,6382
1462,6382
5,6385
2770,6385
5252,6387
50,6388
4307,6388
2,6392
2106,6394
233,6395
957,6395
2130,6395
207,6397
4557,6397
37,6398
910,6398
1058,6400
842,6402
4935,6402
4115,6403
15,6404
26,6404
2290,6404
6,6405
1376,6406
1228,6407
4778,6407
4894,6407
4670,6408
5550,6408
6280,6408
3048,6409
3415,6411
2585,6412
158,6413
101,6414
7,6420
5250,6422
258,6423
1317,6423
2404,6424
4620,6426
6,6427
2292,6428
3439,6429
5855,6430
139,6431
2010,6432
474,6433
1286,6433
5209,6433
2732,6435
525,6436
1224,6437
1546,6437
2940,6437
4806,6437
440,6438
1056,6439
3565,6439
3927,6439
5040,6439
264,6441
1376,6442
4339,6442
828,6443
64,6447
4107,6447
4559,6447
2389,6449
508,6451
302,6453
2032,6453
5975,6453
474,6455
662,6455
0,6459
3615,6459
1612,6461
2499,6461
148,6462
5859,6464
5789,6466
133,6467
174,6468
3854,6473
0,6474
6203,6474
399,6475
2,6476
3411,6476
5684,6476
0,6477
3897,6477
644,6479
39,6482
64,6482
607,6482
1673,6482
2092,6482
2428,6485
733,6486
133,6487
1876,6487
2275,6487
383,6489
123,6490
2794,6490
846,6491
1526,6491
2247,6491
106,6494
606,6494
5826,6494
3071,6497
5395,6497
5263,6498
223,6499
2890,6499
780,6500
4122,6500
1177,6502
803,6503
1533,6503
4575,6503
1116,6504
758,6506
1867,6506
1911,6506
3426,6506
2067,6507
4467,6508
2115,6510
936,6511
1945,6511
2585,6511
3307,6511
158,6512
6047,6512
6248,6514
0,6515
430,6517
1860,6517
4897,6517
468,6519
3268,6519
6248,6519
371,6520
2364,6520
448,6521
2155,6523
3437,6523
4152,6523
491,6524
563,6528
2032,6528
2840,6533
151,6534
223,6534
5047,6535
2660,6536
4766,6536
6348,6537
2299,6538
2311,6538
5187,6539
38,6540
1045,6540
4243,6540
961,6541
1953,6542
3842,6542
2694,6543
4096,6545
4212,6545
1251,6548
5845,6549
0,6550
615,6550
719,6552
3358,6552
50,6553
4626,6553
6373,6553
187,6554
4117,6554
17,6556
2015,6556
5285,6556
0,6557
106,6557
1220,6557
2551,6557
68,6558
1737,6559
2082,6559
3890,6559
4004,6559
109,6560
1128,6560
1601,6560
6276,6560
223,6561
1425,6561
6,6562
508,6565
3926,6565
843,6566
2822,6566
6173,6567
973,6569
154,6571
5310,6572
3099,6573
1882,6574
2840,6575
3493,6575
114,6576
2920,6576
120,6577
862,6577
1181,6577
4438,6580
4493,6581
174,6582
1286,6583
1065,6584
5230,6586
2057,6589
3786,6591
1371,6593
1537,6593
1302,6595
1468,6595
718,6598
327,6599
1117,6599
15,6601
1840,6601
1789,6604
0,6605
119,6605
134,6605
261,6605
1045,6607
2,6608
846,6609
2474,6609
2891,6610
2732,6611
89,6612
719,6612
176,6613
1363,6614
1371,6614
975,6615
3881,6615
1689,6617
2771,6619
374,6621
440,6621
233,6622
3048,6622
6035,6622
1075,6625
1361,6625
4817,6625
976,6628
2127,6628
7,6629
4267,6629
117,6630
3833,6630
5423,6630
3819,6634
5160,6634
4620,6635
1865,6636
4638,6637
1672,6638
450,6639
6491,6639
305,6640
50,6641
1850,6641
2173,6642
276,6643
4656,6645
1471,6646
4012,6647
233,6648
3400,6648
75,6649
6379,6649
846,6650
2894,6650
3846,6651
1654,6652
4135,6652
327,6655
2620,6655
4009,6657
1673,6658
3498,6661
744,6662
448,6663
7,6666
3298,6666
6491,6666
70,6667
801,6668
78,6669
385,6669
417,6669
4241,6669
4999,6671
2409,6672
3973,6672
3660,6673
2409,6674
4389,6674
4481,6678
3113,6684
6212,6685
302,6687
4263,6687
5051,6689
6008,6689
2267,6690
2305,6690
3142,6690
3893,6691
22,6694
692,6695
6122,6695
2064,6696
1712,6697
474,6698
1793,6698
109,6699
1507,6699
3572,6699
4237,6700
387,6701
604,6702
2191,6702
1173,6703
6,6705
525,6706
616,6706
1052,6706
1514,6708
4493,6710
2443,6712
15,6713
2052,6713
2467,6713
70,6714
7,6715
109,6718
3811,6720
870,6722
525,6723
1231,6723
4390,6723
6134,6724
118,6726
733,6726
2871,6727
969,6728
982,6728
4606,6729
0,6730
7,6730
164,6730
6,6733
1832,6733
1887,6733
4053,6733
4155,6733
6,6734
957,6736
223,6737
4559,6737
2763,6738
1531,6740
3065,6741
931,6742
1726,6742
1977,6743
0,6745
15,6746
3444,6746
140,6747
640,6747
3719,6747
4640,6747
6058,6747
3831,6748
375,6749
3996,6749
4166,6749
459,6750
2771,6751
719,6752
520,6753
5862,6753
6733,6753
1075,6754
586,6755
1708,6755
4796,6755
2515,6756
2392,6758
6199,6759
11,6760
4267,6760
5275,6760
3720,6761
1431,6762
1675,6762
1948,6765
1624,6767
1955,6769
17,6771
1258,6772
24,6773
0,6774
327,6774
2032,6777
2847,6777
3801,6777
6715,6779
3587,6780
6671,6780
2409,6784
305,6785
1052,6785
756,6786
0,6787
78,6787
1959,6787
5076,6787
3834,6789
3170,6791
4052,6791
396,6792
2413,6793
7,6795
1733,6795
759,6797
216,6798
297,6798
772,6799
806,6799
4427,6801
563,6805
2401,6806
4009,6807
2200,6811
131,6812
2340,6814
5162,6814
2736,6815
263,6816
6535,6816
40,6818
216,6818
3996,6818
5929,6818
2661,6819
767,6821
1377,6822
2671,6822
5574,6823
400,6824
2812,6825
3571,6825
3876,6827
3437,6828
24,6829
5144,6829
2301,6832
24,6833
821,6833
276,6835
4019,6835
5252,6835
7,6836
436,6839
2819,6840
3800,6840
3598,6841
118,6842
781,6843
1662,6844
2482,6844
5602,6844
730,6845
445,6849
274,6850
961,6850
5663,6852
4362,6853
5718,6853
1637,6854
2116,6854
3990,6854
3044,6855
1849,6858
3267,6859
472,6863
4216,6863
136,6864
2284,6864
3912,6865
3357,6866
2722,6867
859,6869
3998,6869
1302,6871
170,6872
3825,6874
4871,6875
387,6876
17,6877
548,6879
3895,6879
1309,6880
5599,6880
1468,6881
55,6884
2119,6884
497,6885
3836,6885
6109,6885
6,6886
2606,6886
5600,6886
948,6887
1361,6887
1353,6888
2259,6889
3669,6889
17,6891
115,6891
1728,6895
2882,6897
81,6899
155,6900
5389,6900
857,6901
81,6903
6206,6904
2843,6905
4046,6905
385,6906
2865,6906
6700,6906
1078,6907
40,6910
1677,6910
3454,6913
6234,6913
620,6915
676,6915
1065,6916
54,6917
471,6917
4666,6917
5150,6917
2191,6918
3833,6919
40,6921
817,6921
475,6922
5263,6922
106,6923
1036,6923
5653,6923
6468,6923
3352,6925
489,6926
2337,6926
2696,6926
1193,6927
710,6928
269,6930
3846,6930
5405,6931
6113,6931
1947,6932
15,6934
697,6934
5745,6938
644,6939
2891,6939
3846,6939
1411,6941
510,6942
828,6942
0,6943
1886,6945
3833,6945
119,6946
290,6946
459,6946
1733,6947
2482,6947
15,6948
573,6948
2604,6948
1231,6950
1604,6950
2115,6952
37,6953
329,6953
3159,6953
698,6954
4325,6954
2059,6956
5160,6956
781,6958
154,6959
302,6959
4543,6959
7,6960
275,6960
1296,6961
1789,6961
5064,6961
744,6962
4670,6962
3021,6963
6829,6963
474,6964
3126,6965
4853,6966
142,6968
2143,6968
4967,6968
801,6970
3240,6970
6070,6971
6615,6971
2,6972
1311,6972
289,6973
1124,6976
293,6978
450,6978
33,6979
1270,6984
3269,6985
843,6986
2885,6986
130,6987
696,6987
5819,6989
1020,6990
40,6993
240,6995
4177,6997
133,7000
882,7000
542,7003
1316,7003
6092,7003
2608,7004
0,7006
114,7006
729,7009
4796,7012
0,7013
448,7013
11,7016
2155,7016
2795,7018
3783,7018
5228,7018
3144,7021
374,7023
4871,7024
4787,7025
6055,7025
175,7026
3381,7026
4594,7028
1712,7030
2129,7032
214,7033
520,7033
37,7036
6863,7038
513,7039
0,7040
3611,7040
621,7042
870,7042
2922,7043
1457,7045
1839,7047
513,7048
5214,7048
5342,7049
950,7050
672,7051
2067,7055
3005,7056
2298,7058
2861,7058
0,7059
253,7063
15,7064
1347,7064
3730,7065
3764,7065
234,7067
2421,7067
3101,7067
556,7068
612,7068
2005,7068
6453,7068
1913,7069
2057,7069
3996,7069
4228,7069
38,7071
4052,7071
81,7072
4606,7073
2,7074
4791,7074
4493,7075
4542,7075
513,7076
1867,7078
4855,7080
6655,7080
3036,7082
15,7084
1992,7084
3726,7086
544,7088
191,7089
5653,7089
38,7090
2822,7090
4338,7090
6795,7090
4240,7095
7058,7096
106,7097
6428,7097
1356,7098
4722,7098
4656,7103
22,7104
3949,7104
2200,7106
6077,7106
733,7107
2253,7108
1991,7109
3281,7109
2883,7110
2959,7110
6151,7113
5170,7114
1363,7115
2103,7116
2837,7117
598,7119
4949,7119
2671,7120
12,7122
2962,7122
5185,7123
3582,7125
4557,7126
4816,7127
5982,7128
2812,7129
395,7130
972,7130
5423,7130
917,7131
6489,7132
178,7133
2203,7136
5498,7136
375,7137
298,7138
2259,7138
5278,7138
3281,7141
468,7142
2389,7142
2252,7143
5228,7145
2303,7147
4708,7147
737,7148
806,7148
45,7149
505,7152
1352,7153
4019,7153
55,7155
1076,7155
12,7156
1637,7156
40,7157
1220,7157
525,7158
1782,7158
1807,7159
1734,7160
4042,7161
2915,7162
708,7164
948,7164
1984,7164
954,7165
6557,7165
5940,7166
1376,7167
302,7168
439,7168
117,7169
3803,7169
863,7171
258,7172
644,7173
970,7174
3706,7176
4817,7176
157,7177
7126,7177
234,7178
174,7181
2104,7181
2067,7182
4183,7182
7,7183
152,7183
11,7184
2204,7185
3765,7185
4309,7185
33,7186
17,7187
2360,7189
6379,7189
730,7191
1426,7191
155,7192
395,7192
1726,7192
2404,7192
78,7195
1882,7196
4952,7196
11,7198
4926,7199
5941,7200
203,7201
1883,7202
6839,7203
339,7204
2795,7204
0,7205
1471,7205
4316,7205
5944,7205
7130,7205
517,7207
858,7207
1662,7207
1009,7210
5065,7210
365,7214
2786,7214
3990,7215
1184,7216
1364,7216
1779,7216
2982,7216
640,7217
7,7218
288,7218
3381,7219
4198,7221
542,7222
672,7223
820,7223
556,7224
576,7224
3559,7224
3355,7225
1621,7227
5615,7227
1919,7228
5332,7229
2955,7234
15,7237
191,7237
4601,7238
972,7239
976,7239
55,7242
104,7242
2,7247
439,7248
5932,7248
586,7249
3461,7249
64,7250
223,7250
2968,7250
881,7251
1435,7251
2939,7251
166,7252
866,7252
3211,7252
1542,7255
3673,7255
2255,7256
5484,7257
1021,7258
1024,7258
3051,7258
6101,7258
2,7259
1965,7260
4724,7262
6491,7262
4150,7264
95,7266
1613,7266
216,7268
7067,7268
5593,7272
117,7273
169,7275
543,7279
5929,7280
6447,7280
820,7281
2634,7281
4849,7281
448,7283
827,7283
1726,7283
4936,7283
5269,7284
11,7285
64,7285
4171,7288
676,7291
3848,7292
6816,7293
1488,7295
38,7296
375,7297
1967,7297
2115,7297
2200,7297
7203,7297
3296,7298
5342,7298
3005,7299
4029,7299
3803,7300
480,7303
2128,7305
2576,7305
3077,7306
4472,7306
24,7308
828,7308
4780,7309
732,7311
1457,7312
843,7314
2828,7317
26,7318
3664,7318
140,7319
772,7320
2461,7322
5228,7322
72,7323
4177,7323
957,7325
4585,7327
758,7332
1818,7332
6737,7332
819,7334
6238,7334
474,7340
2,7342
509,7343
1813,7345
359,7347
5929,7347
0,7350
1085,7352
6491,7355
5398,7357
5448,7358
5379,7359
3186,7360
2550,7361
4339,7361
1746,7366
6221,7366
485,7368
1136,7370
1639,7370
5834,7370
5647,7371
6123,7371
2109,7372
772,7374
972,7374
6360,7374
1302,7375
2828,7377
1488,7380
2691,7380
6557,7384
1546,7387
22,7389
40,7389
529,7389
3668,7389
3023,7390
1673,7393
1983,7393
6889,7399
234,7400
6609,7400
2548,7401
6174,7404
174,7405
2085,7405
0,7407
3755,7407
448,7408
510,7408
7153,7408
2,7409
1209,7409
2104,7412
6113,7413
176,7414
509,7414
1329,7416
0,7420
5137,7423
186,7425
4259,7425
6373,7426
1184,7427
6752,7427
1498,7428
5439,7428
733,7429
1730,7430
719,7431
1867,7434
485,7436
1083,7437
15,7439
601,7440
1197,7440
72,7442
13,7443
3427,7443
4670,7446
1119,7447
660,7448
946,7449
6101,7452
6,7455
3328,7455
223,7456
5744,7457
4304,7459
7133,7459
3,7460
3238,7460
6380,7460
1144,7461
5460,7461
3393,7462
3431,7462
5971,7464
11,7465
3778,7465
4186,7468
5861,7468
7281,7468
133,7470
233,7470
4817,7470
5252,7470
2355,7471
6946,7471
2,7474
1049,7477
1808,7478
2965,7478
6648,7478
3598,7480
252,7481
7177,7481
1243,7482
557,7485
1404,7485
5765,7485
155,7486
4620,7488
6879,7488
219,7490
4493,7494
7393,7494
178,7496
2104,7496
139,7497
191,7499
607,7499
2979,7500
3834,7501
4418,7501
509,7502
1286,7502
2365,7502
3037,7502
3060,7502
133,7504
611,7504
2096,7505
2126,7507
5908,7507
1209,7510
4755,7512
5264,7512
7,7514
1004,7514
2262,7516
4794,7517
315,7518
1980,7518
2255,7518
2262,7519
5925,7520
220,7523
3557,7524
4310,7524
1231,7527
5285,7527
6210,7527
1662,7528
5549,7528
68,7529
153,7530
36,7532
26,7533
240,7534
15,7535
3588,7537
4045,7537
4395,7537
662,7539
1286,7539
1085,7540
3182,7540
4725,7541
0,7542
543,7542
4926,7542
328,7544
24,7545
568,7545
1539,7545
5647,7545
6123,7545
2527,7546
5569,7547
17,7548
452,7551
4468,7551
1300,7552
3556,7552
4168,7552
38,7553
2088,7553
242,7556
3431,7556
3173,7558
72,7559
537,7559
0,7560
5929,7560
4263,7561
5773,7561
0,7562
40,7563
440,7563
1197,7563
6347,7563
303,7569
3890,7571
6609,7571
329,7572
4472,7572
5102,7572
1073,7573
0,7574
3962,7574
2849,7576
5235,7576
6047,7576
3064,7577
475,7579
1700,7579
0,7580
1782,7581
6733,7581
6948,7584
4160,7586
4865,7587
843,7589
1789,7589
7136,7589
2,7590
2,7592
4594,7592
2080,7593
7,7594
1502,7595
6582,7595
1398,7596
6057,7598
772,7599
888,7599
2818,7599
954,7600
155,7602
6474,7607
3504,7610
4229,7612
3845,7615
6283,7616
1009,7619
151,7620
728,7620
3697,7620
253,7622
375,7622
1338,7623
7303,7625
24,7626
7161,7626
2504,7630
4195,7630
122,7631
1289,7632
11,7633
293,7634
3453,7634
106,7636
700,7636
2935,7637
269,7638
1933,7638
2368,7638
3064,7638
2755,7639
6523,7640
3544,7641
19,7643
2059,7643
1228,7644
2211,7645
166,7646
211,7649
261,7649
0,7650
3281,7652
6811,7653
2032,7654
1922,7655
672,7657
7375,7657
6,7658
565,7658
987,7658
1169,7663
6206,7663
3833,7665
6447,7665
5846,7666
2604,7668
544,7669
2126,7670
1128,7671
5505,7671
94,7673
748,7674
1842,7674
4009,7675
1947,7676
471,7682
2791,7682
7,7684
2126,7684
1457,7686
387,7688
2435,7690
2456,7693
5464,7694
283,7695
4862,7696
459,7698
1895,7698
7131,7698
2865,7701
4720,7701
817,7702
873,7703
1286,7703
6575,7704
178,7706
806,7706
1498,7706
3957,7706
122,7707
5278,7707
5640,7707
3493,7709
505,7711
1184,7711
6690,7711
37,7712
1673,7713
1728,7713
0,7714
276,7716
1087,7716
383,7718
114,7719
2620,7719
6076,7720
3145,7721
12,7722
2585,7722
7224,7722
1692,7723
5777,7725
1060,7726
2759,7727
3,7729
2394,7730
3682,7732
7726,7732
311,7733
1464,7735
3917,7737
2035,7739
408,7742
2571,7742
3180,7742
7251,7742
1065,7744
807,7747
1258,7747
5173,7747
2501,7748
5039,7748
117,7749
6301,7751
2689,7755
1670,7758
5749,7759
24,7760
931,7762
708,7764
1636,7764
4183,7764
6295,7764
407,7765
2934,7765
6298,7768
1690,7769
6058,7769
5484,7771
5913,7771
6479,7771
182,7772
5474,7772
6024,7775
286,7777
4166,7781
1602,7782
2814,7782
5211,7782
1953,7786
2717,7786
195,7787
6265,7787
936,7788
1049,7788
2428,7788
212,7789
7539,7789
2969,7790
5011,7790
2297,7791
2631,7793
5925,7793
117,7796
6586,7797
3331,7798
601,7799
68,7800
1641,7802
109,7803
2417,7803
1335,7804
3854,7804
5411,7804
2991,7805
4467,7805
4608,7806
696,7807
1073,7807
1585,7809
3504,7812
3227,7813
4147,7813
4352,7818
37,7819
1742,7819
6461,7819
78,7820
407,7820
233,7822
3660,7822
4670,7822
40,7825
765,7825
1996,7826
4192,7826
164,7827
5345,7827
233,7828
7141,7828
191,7830
1488,7830
6461,7830
3307,7832
5310,7832
360,7833
2139,7833
4716,7833
5167,7833
6109,7834
2487,7835
1168,7836
1742,7837
2,7841
5278,7841
7098,7841
2365,7843
258,7846
6136,7846
1010,7847
4059,7847
4083,7849
5228,7849
2292,7850
4826,7851
234,7852
6950,7852
24,7853
3957,7853
1603,7854
1777,7856
954,7859
1171,7859
6844,7859
842,7860
1150,7860
1791,7860
4666,7860
113,7861
1056,7861
311,7864
513,7867
620,7868
142,7870
2744,7870
6047,7870
151,7871
3561,7872
241,7873
365,7873
4515,7873
295,7874
120,7876
170,7876
5497,7876
1521,7882
3735,7882
5607,7883
520,7886
384,7889
77,7890
115,7890
576,7892
1662,7892
6433,7892
7258,7892
11,7893
238,7893
3358,7893
6825,7893
4255,7894
4027,7897
5341,7897
5252,7898
538,7899
6104,7900
6943,7902
1601,7903
3611,7903
187,7904
15,7906
1557,7909
4669,7911
544,7912
3522,7912
3049,7915
1106,7918
2770,7918
4344,7919
6687,7921
1196,7923
1907,7923
2006,7923
1056,7925
3858,7927
6,7930
7547,7930
6,7931
1643,7933
3857,7936
846,7937
2742,7940
4871,7941
2463,7943
1117,7944
1443,7944
1880,7944
4991,7944
7524,7945
6161,7948
5663,7950
78,7951
6,7952
4638,7952
2671,7957
3172,7957
122,7958
963,7958
203,7959
2925,7959
5408,7959
3597,7962
1395,7963
6877,7964
54,7965
439,7965
4690,7965
2835,7966
904,7969
3692,7969
4337,7971
6025,7973
15,7976
5235,7976
353,7977
2812,7979
36,7980
313,7980
24,7983
697,7983
5185,7983
2910,7984
3461,7984
130,7985
171,7985
846,7986
6343,7986
2028,7988
17,7989
732,7990
828,7990
87,7991
37,7992
139,7992
313,7993
17,8000
1461,8000
6658,8000
7904,8000
6035,8001
7283,8004
3536,8005
220,8007
260,8007
2213,8008
5051,8009
124,8011
3571,8013
4531,8014
4,8015
1663,8015
6923,8015
37,8016
263,8016
2248,8017
1747,8018
772,8019
1410,8020
4572,8020
7,8021
18,8021
85,8021
1486,8021
5316,8023
100,8024
4347,8024
4467,8024
1193,8026
3064,8026
264,8029
517,8029
0,8031
4355,8031
689,8032
5805,8032
3309,8033
2671,8037
375,8038
1169,8038
2473,8039
2292,8043
7626,8043
6058,8044
157,8047
17,8048
2126,8048
2968,8048
7873,8049
131,8050
910,8051
1184,8051
7841,8052
2551,8055
880,8056
2247,8056
3525,8056
6085,8059
4107,8064
19,8065
348,8065
6251,8065
327,8067
1171,8068
1637,8069
8064,8070
5268,8071
7923,8071
5173,8073
6714,8073
15,8075
4665,8075
4300,8076
2773,8078
6058,8078
1128,8079
6148,8080
719,8081
2103,8081
2179,8082
131,8085
276,8085
1832,8090
101,8091
1299,8091
5658,8091
5448,8093
1488,8095
2641,8096
2246,8097
0,8098
1728,8099
3169,8099
2252,8101
154,8102
5457,8102
19,8103
3421,8105
288,8107
2665,8107
228,8110
1049,8111
1729,8112
15,8113
7080,8115
1076,8118
3767,8118
5835,8118
7018,8119
52,8122
4931,8122
117,8123
1471,8123
6332,8123
2225,8124
4662,8124
3536,8125
2,8127
233,8128
2,8129
311,8129
3364,8129
72,8130
672,8131
4171,8131
2421,8136
3204,8136
842,8137
2846,8137
4306,8140
1117,8144
3431,8149
118,8151
316,8153
6110,8154
7589,8154
6714,8155
427,8157
7400,8159
313,8160
2487,8163
24,8167
3065,8167
563,8169
6713,8169
101,8170
1020,8171
1636,8171
2398,8174
2882,8177
428,8178
40,8179
459,8179
55,8180
2442,8180
6437,8181
462,8182
1950,8182
1119,8183
6347,8186
5210,8187
4533,8189
7205,8189
3767,8190
374,8191
835,8193
5754,8193
2979,8195
4177,8195
6879,8195
8008,8195
24,8197
154,8197
583,8197
2729,8197
3174,8197
3222,8197
109,8198
191,8198
214,8201
5059,8201
6853,8202
1543,8203
33,8204
3985,8204
611,8205
2482,8205
1693,8206
1813,8207
7931,8207
472,8208
1119,8210
6784,8212
1871,8213
806,8215
7,8219
2179,8220
1716,8221
5898,8222
123,8224
7095,8224
2,8225
6869,8227
2313,8233
38,8235
7542,8235
305,8236
4857,8237
5278,8238
2057,8241
4756,8242
463,8244
4357,8244
1377,8245
2839,8248
4656,8251
134,8252
274,8253
216,8254
6433,8255
72,8257
845,8257
162,8258
2802,8258
1950,8259
101,8261
705,8262
1431,8262
3464,8263
2,8264
101,8264
485,8264
1433,8264
4261,8264
15,8265
7638,8265
6972,8267
0,8268
3352,8268
6468,8273
7590,8273
694,8275
702,8278
756,8278
1762,8279
5543,8280
249,8282
5634,8283
0,8284
2889,8284
1286,8287
2,8288
6154,8288
605,8289
2104,8290
152,8291
1777,8292
5847,8294
8013,8294
2,8296
1673,8296
1778,8300
4909,8301
7215,8301
8236,8301
1021,8302
625,8303
7870,8303
5157,8304
2529,8305
5514,8305
7825,8305
7836,8307
3923,8308
26,8309
3701,8310
676,8311
4461,8312
4480,8312
5204,8312
6787,8314
6534,8317
17,8319
694,8320
1103,8321
6853,8321
233,8322
1085,8323
4734,8323
68,8325
1865,8325
1983,8325
3879,8325
7637,8326
882,8327
0,8330
4763,8333
1601,8334
7390,8335
1623,8336
4107,8336
4736,8339
6769,8339
4853,8340
2799,8341
269,8342
2,8344
327,8348
880,8349
2362,8349
544,8350
3236,8351
4347,8352
12,8354
1464,8355
258,8357
2368,8357
33,8358
2849,8358
154,8359
4619,8359
83,8360
537,8366
7833,8367
17,8368
3488,8368
4480,8368
5929,8372
6355,8372
580,8374
6756,8375
1038,8376
2783,8378
4791,8378
179,8381
7574,8381
71,8382
527,8382
7707,8382
40,8383
6777,8383
6785,8384
8263,8384
140,8385
6729,8387
4817,8389
1950,8390
3636,8391
6013,8393
779,8394
5442,8395
264,8396
792,8397
3427,8397
1193,8398
4168,8398
95,8399
2721,8399
3171,8399
0,8400
4535,8400
5446,8401
6791,8401
1200,8402
5989,8402
5738,8405
1302,8407
1978,8408
2716,8408
4764,8409
2,8410
7464,8410
4408,8411
23,8413
6266,8413
485,8414
7,8415
2059,8417
5935,8419
1542,8420
4311,8420
64,8421
3875,8421
1915,8423
2504,8423
329,8424
1262,8425
4699,8425
19,8426
1264,8426
2077,8426
746,8427
7640,8428
1049,8429
7892,8430
6487,8431
1521,8432
220,8434
459,8435
5794,8435
4394,8436
6111,8436
7703,8436
7892,8436
2057,8441
859,8444
931,8444
2356,8444
2,8445
234,8445
407,8445
5746,8445
697,8446
1970,8446
178,8449
3818,8449
5876,8449
6954,8449
37,8450
3834,8450
5606,8450
3873,8451
2106,8454
1641,8455
2138,8455
542,8456
8342,8457
6191,8458
821,8459
4251,8459
3140,8462
3876,8463
289,8464
75,8465
604,8465
7,8466
387,8466
719,8467
0,8468
0,8473
1252,8473
1624,8474
2716,8479
5877,8479
4746,8480
3426,8481
264,8482
1181,8482
118,8483
2504,8483
2889,8483
5166,8484
1603,8485
395,8486
4666,8486
6142,8486
5165,8487
4953,8488
6743,8488
467,8489
580,8491
837,8491
2736,8491
2755,8491
662,8492
859,8492
139,8494
6123,8494
4854,8495
6559,8495
6380,8496
7986,8496
15,8497
15,8500
2785,8500
375,8502
644,8502
6556,8502
3697,8503
2637,8505
1730,8506
3636,8507
1956,8508
193,8510
1621,8511
962,8514
50,8515
290,8515
165,8516
122,8518
1948,8519
2335,8519
2794,8519
2391,8522
396,8523
3928,8523
1531,8526
3192,8526
697,8527
957,8527
7505,8527
3281,8528
7,8529
668,8529
220,8530
6024,8530
1461,8531
8436,8531
859,8533
430,8534
3767,8534
6140,8534
4549,8536
7682,8536
8001,8536
4670,8538
6491,8538
13,8541
2,8543
234,8545
2394,8545
2953,8545
353,8547
2716,8547
5253,8547
293,8548
2585,8550
4199,8550
231,8551
297,8551
4894,8552
1960,8553
2608,8553
2391,8554
2730,8554
4414,8556
4755,8556
22,8558
1209,8558
890,8559
15,8561
0,8562
744,8562
1181,8564
4558,8564
2985,8565
4358,8565
7129,8565
271,8566
519,8567
1953,8567
2715,8570
6174,8571
7131,8571
1012,8573
478,8574
2504,8576
38,8577
249,8583
284,8583
3180,8583
513,8588
910,8588
722,8591
1540,8591
5658,8591
616,8596
3206,8596
8348,8596
8368,8596
1189,8598
3504,8598
4898,8599
7042,8599
13,8600
113,8600
8325,8601
0,8605
907,8608
6359,8608
398,8609
3842,8609
151,8611
492,8612
55,8616
1367,8616
6753,8616
22,8617
24,8619
865,8619
1352,8619
1930,8619
3901,8622
258,8624
4120,8625
2027,8626
2173,8626
706,8630
2200,8630
5356,8631
178,8632
2894,8633
17,8635
537,8636
7141,8638
4019,8642
11,8644
8518,8644
1623,8645
2883,8647
6864,8648
365,8650
5390,8650
5658,8651
7893,8651
365,8652
2847,8652
5754,8652
870,8653
713,8654
7104,8655
13,8656
2475,8656
4237,8657
133,8659
2039,8659
4029,8659
8529,8659
3581,8660
4141,8660
1247,8662
642,8663
2474,8663
4438,8663
6787,8664
5242,8665
6874,8667
8479,8668
3650,8672
4690,8672
1008,8673
7485,8674
171,8678
45,8679
5948,8679
976,8680
2489,8680
5464,8681
976,8682
4134,8682
4336,8682
522,8688
900,8689
2794,8689
1715,8690
2116,8690
5457,8690
2471,8694
3378,8694
3504,8694
2564,8695
471,8697
5201,8697
115,8698
7876,8698
0,8699
1585,8700
4549,8700
6900,8700
3641,8702
71,8703
118,8703
374,8703
4544,8704
5602,8704
6113,8707
963,8708
8708,8709
4300,8710
862,8711
459,8713
2099,8714
7318,8714
7818,8714
8326,8714
4829,8716
4674,8717
8483,8717
3963,8718
4597,8719
3099,8721
3469,8721
406,8722
2896,8724
5479,8725
6903,8726
8382,8728
6283,8729
33,8730
155,8730
1714,8730
12,8731
846,8732
6741,8732
2551,8733
2159,8736
8283,8736
229,8737
5656,8738
2880,8740
3457,8740
4480,8740
303,8741
6923,8742
4448,8744
8393,8745
3660,8747
6573,8747
478,8748
117,8750
1329,8751
808,8752
139,8754
7042,8754
2452,8755
3554,8755
4456,8755
117,8756
4466,8756
1643,8758
4549,8758
8368,8759
1897,8760
1762,8762
3528,8762
607,8763
2106,8763
7239,8763
6997,8765
2501,8767
2378,8769
2944,8769
875,8771
5777,8771
3357,8773
7375,8773
153,8775
7159,8775
387,8776
8182,8776
1461,8777
7297,8778
8014,8778
4626,8780
2715,8781
3250,8781
71,8782
1072,8782
7870,8782
178,8783
972,8783
1108,8783
47,8784
4816,8784
863,8788
1441,8791
3990,8791
2812,8793
276,8794
176,8795
697,8798
72,8799
78,8800
54,8802
1948,8802
3584,8802
5264,8803
426,8804
870,8805
6891,8805
1,8806
531,8806
2742,8807
505,8808
7941,8809
24,8810
4964,8810
6828,8810
1805,8812
4734,8814
5796,8814
7674,8814
1224,8815
2098,8815
26,8816
2557,8816
12,8817
4096,8818
75,8820
1677,8821
4638,8822
3175,8823
1918,8825
7836,8827
2894,8828
2,8829
52,8830
4379,8830
4700,8830
5373,8830
3484,8832
2969,8833
7985,8833
78,8834
3571,8834
1871,8837
4330,8839
2435,8842
7,8843
3486,8843
5743,8843
0,8845
7281,8845
1570,8846
1877,8846
6206,8846
1449,8847
5909,8848
6961,8848
8352,8848
234,8850
8759,8851
213,8854
874,8855
2428,8857
4884,8858
7347,8859
1945,8862
2403,8862
1455,8863
7598,8863
214,8864
3426,8865
6506,8865
338,8867
3819,8869
6953,8869
284,8871
2771,8871
3355,8872
2252,8873
2322,8874
1371,8875
3854,8875
4764,8875
5643,8878
2635,8880
5005,8881
5190,8881
8818,8881
8818,8886
984,8887
3027,8891
170,8893
4155,8893
5613,8895
1890,8896
2812,8896
2840,8896
636,8897
1801,8897
4509,8897
2157,8898
5880,8898
7098,8898
142,8899
1457,8899
5906,8900
191,8901
3978,8901
374,8902
1156,8902
15,8903
1663,8903
4356,8903
5762,8903
6169,8904
846,8905
142,8907
859,8909
870,8909
8680,8909
232,8910
5738,8910
55,8913
269,8913
116,8914
8393,8915
888,8916
4628,8918
4660,8918
7711,8918
3019,8920
1639,8921
8619,8921
1654,8924
4,8925
4518,8926
4737,8926
5079,8926
3223,8928
3516,8929
3557,8929
2282,8931
615,8933
2786,8934
8756,8939
305,8940
5651,8940
1334,8943
4656,8944
502,8945
1427,8948
7534,8948
1052,8951
3664,8953
3583,8956
100,8958
3709,8959
5978,8960
1045,8964
3664,8964
1224,8965
8020,8965
5,8966
2343,8967
7637,8972
3083,8973
23,8974
1364,8974
3744,8974
5082,8975
8833,8976
5251,8978
2,8979
2252,8979
171,8981
744,8981
3355,8981
2,8982
4166,8983
72,8985
436,8985
5173,8986
4228,8987
7830,8988
2138,8989
6652,8989
7462,8989
794,8990
1690,8992
7892,8993
4438,8998
5855,8999
5542,9000
274,9004
8993,9004
1251,9005
3881,9006
4331,9006
823,9009
2559,9010
480,9012
8875,9014
5395,9015
869,9016
1980,9017
828,9022
6730,9022
2143,9023
100,9024
612,9024
4126,9024
1521,9025
4877,9025
859,9026
140,9027
751,9027
5310,9027
2452,9028
45,9029
3064,9030
3421,9030
2840,9032
3846,9032
4559,9032
15,9033
8527,9033
2,9034
9025,9035
3227,9036
71,9037
1197,9037
258,9038
174,9039
870,9039
4015,9040
2822,9041
8245,9043
2313,9044
3761,9045
5125,9046
4042,9047
385,9049
5549,9049
1086,9051
4775,9057
5263,9057
808,9058
3125,9058
4274,9058
5101,9058
7899,9058
8336,9059
907,9060
191,9061
7198,9062
274,9063
7159,9063
752,9066
1697,9066
8090,9066
293,9068
2204,9068
223,9071
4954,9071
5540,9071
311,9072
2337,9074
4509,9074
36,9076
3834,9076
395,9078
4898,9079
480,9080
1504,9080
2228,9080
2592,9081
5644,9081
258,9082
5268,9084
600,9085
910,9085
1101,9085
3421,9092
3660,9092
7049,9094
7018,9098
228,9100
5570,9100
5390,9103
8599,9103
6123,9104
515,9107
15,9109
220,9110
5056,9110
3944,9111
33,9114
6649,9114
2844,9115
4522,9116
4603,9116
854,9117
2052,9118
5306,9119
78,9120
12,9123
3508,9124
4982,9124
3402,9126
311,9127
976,9127
1302,9129
303,9131
1117,9132
24,9133
5738,9135
8784,9135
164,9136
387,9136
746,9136
1334,9136
2851,9140
3583,9142
75,9143
513,9144
1690,9145
3331,9145
6690,9146
375,9148
293,9150
1021,9150
4558,9150
258,9153
1478,9154
7350,9155
78,9157
4297,9158
1830,9160
6997,9160
6298,9161
0,9162
6,9162
11,9166
375,9167
1935,9169
1785,9170
2095,9170
1119,9171
6560,9171
3522,9173
2898,9174
3680,9174
7925,9175
7957,9176
261,9178
882,9178
6244,9180
155,9181
2311,9182
55,9184
155,9184
4515,9184
5306,9185
7,9189
5185,9189
114,9190
195,9191
267,9191
8488,9191
3211,9192
7933,9192
5576,9193
0,9194
5499,9194
1897,9195
2467,9195
6159,9196
6560,9196
2744,9197
26,9201
4472,9201
3005,9203
120,9205
7166,9208
1173,9212
1150,9213
4409,9213
7130,9214
1117,9215
1363,9215
1927,9215
7537,9215
8807,9215
3936,9216
620,9218
1119,9219
6960,9219
11,9220
100,9220
1103,9220
1488,9221
1778,9221
4009,9221
117,9222
223,9223
984,9223
342,9225
1540,9225
2,9226
55,9226
2504,9228
1344,9229
5137,9230
5929,9231
15,9232
1278,9233
6085,9233
7074,9233
0,9235
6535,9239
781,9240
653,9241
85,9243
5306,9243
1192,9244
1543,9244
1391,9245
2910,9246
3615,9247
721,9248
4130,9248
4816,9248
6,9249
7,9249
50,9249
5746,9249
4796,9250
1849,9251
3514,9251
89,9253
1363,9253
203,9255
625,9255
6490,9256
17,9259
154,9259
2085,9259
4365,9259
6183,9260
8500,9261
229,9263
4519,9263
7242,9265
1995,9267
2729,9269
8619,9270
4316,9272
5540,9272
808,9273
2964,9273
5411,9273
161,9274
225,9274
1057,9274
6447,9274
2143,9275
3964,9279
387,9280
537,9281
4160,9281
328,9282
5897,9283
842,9284
1262,9287
733,9289
5268,9289
2161,9291
4670,9293
4140,9295
968,9296
50,9297
4669,9297
293,9298
2143,9298
6423,9298
109,9299
459,9299
1299,9299
38,9300
2104,9300
2126,9300
4699,9300
0,9303
1473,9303
2136,9303
8846,9303
440,9304
693,9306
1621,9306
719,9307
220,9308
232,9313
669,9315
2865,9315
8940,9315
1486,9316
3943,9316
3504,9317
1457,9319
104,9320
3146,9320
5180,9321
6205,9321
176,9322
6971,9322
1886,9323
667,9324
260,9327
3076,9328
4909,9329
3926,9330
131,9331
3800,9334
7818,9335
0,9337
5598,9337
2806,9338
620,9339
7023,9339
2742,9340
3977,9340
4012,9340
1281,9341
6066,9341
70,9344
5964,9344
744,9345
6939,9347
993,9352
118,9355
305,9356
1052,9356
7470,9357
2989,9358
985,9360
24,9362
4557,9362
7416,9364
2321,9365
1363,9366
4876,9366
7098,9366
293,9367
568,9367
4438,9368
6033,9371
584,9372
2828,9372
3793,9372
698,9373
3452,9373
7690,9373
7,9374
78,9374
4075,9374
258,9375
5944,9375
1931,9377
1329,9381
4865,9382
283,9385
7181,9385
3851,9386
155,9388
4700,9389
3819,9390
936,9392
1361,9392
4643,9393
7281,9393
3962,9395
6164,9395
6930,9395
1761,9396
731,9399
4940,9400
115,9401
604,9401
5185,9404
101,9405
26,9406
6198,9406
669,9409
828,9409
6715,9409
6340,9410
2173,9415
8398,9417
0,9418
1726,9418
4438,9418
5488,9418
3270,9421
1849,9423
3415,9423
4787,9424
0,9425
26,9425
2257,9426
2592,9427
3358,9428
8303,9430
118,9431
2050,9431
6395,9431
8197,9431
1274,9432
4053,9433
8103,9433
3273,9434
6930,9434
8157,9434
1693,9435
117,9436
37,9437
1830,9437
2018,9437
5874,9438
4575,9439
8399,9439
4368,9441
6519,9441
2721,9442
5039,9442
7589,9443
72,9445
953,9446
744,9447
1673,9447
17,9448
220,9448
699,9448
4638,9448
200,9450
2259,9450
5355,9453
6611,9453
101,9455
2357,9455
7460,9455
633,9456
2557,9456
492,9457
3559,9458
2119,9460
2299,9460
4595,9460
6205,9461
2,9463
351,9463
1728,9463
773,9464
478,9465
11,9467
1010,9467
2705,9467
2572,9468
1839,9470
2860,9471
4796,9473
5493,9476
1877,9478
1588,9479
4620,9480
1755,9481
2371,9481
5335,9481
8423,9481
439,9483
4009,9483
4729,9483
1112,9486
2252,9486
4782,9486
9094,9486
1158,9487
3346,9489
1338,9490
492,9492
8596,9492
513,9494
72,9495
3454,9495
5040,9495
6248,9495
0,9496
5981,9497
720,9498
4594,9498
4455,9499
106,9500
2722,9504
4662,9505
549,9506
1778,9506
5259,9506
1508,9507
9176,9507
513,9509
1036,9509
2537,9509
2452,9510
6888,9515
2843,9517
106,9519
13,9520
8024,9521
1119,9522
1128,9524
75,9525
2008,9525
115,9527
4080,9527
36,9528
4053,9528
3248,9529
7059,9529
7205,9529
9498,9531
1286,9532
2,9533
417,9535
1537,9535
4197,9535
5,9536
8174,9540
4412,9541
2806,9542
929,9543
1789,9544
253,9545
1021,9545
1220,9547
1807,9547
888,9549
1215,9549
7332,9550
2433,9551
5879,9551
26,9552
1727,9552
0,9553
3037,9553
4816,9553
37,9555
17,9556
1046,9556
293,9560
6212,9560
434,9561
1462,9561
1734,9561
399,9562
5134,9562
5756,9562
4,9563
621,9564
3564,9564
7711,9565
2323,9566
3701,9566
5464,9566
6550,9566
2910,9567
7686,9567
7069,9569
8891,9569
4690,9570
7892,9571
78,9572
388,9576
7334,9577
4730,9579
6,9580
2533,9580
195,9581
214,9582
3643,9582
4889,9582
1028,9583
3732,9584
2994,9585
1021,9589
3328,9589
0,9590
645,9591
203,9593
910,9593
1904,9593
2623,9594
3085,9594
2155,9595
5448,9595
8570,9595
0,9597
558,9598
1779,9598
4347,9598
8508,9598
2006,9599
45,9600
1637,9603
191,9606
9066,9606
4897,9609
2085,9610
4952,9610
6013,9610
7133,9611
642,9613
3833,9613
1897,9614
24,9615
7237,9615
4871,9616
4575,9617
2550,9618
2691,9620
478,9621
835,9622
6273,9623
8207,9624
4046,9625
4632,9626
443,9627
7952,9627
95,9628
191,9628
2257,9629
6161,9630
3977,9631
613,9632
5566,9633
1052,9636
3188,9637
2637,9641
4197,9641
5226,9641
22,9643
24,9643
5251,9643
1150,9644
1309,9644
6669,9648
5738,9649
722,9651
2721,9651
0,9652
6833,9657
8336,9658
1083,9659
1959,9659
1539,9661
2149,9661
9580,9661
3514,9662
4865,9662
3508,9663
6629,9663
72,9664
480,9664
155,9666
456,9666
2770,9669
3930,9670
7504,9671
1456,9672
2,9673
697,9673
4660,9676
15,9678
3870,9678
0,9681
114,9681
2794,9683
4255,9683
3308,9684
7658,9684
7,9687
8348,9687
8748,9688
9467,9688
621,9689
11,9690
2773,9690
3840,9690
5841,9690
216,9691
2067,9691
175,9692
5185,9692
7886,9692
9467,9694
4877,9695
4690,9699
9283,9701
1247,9705
1517,9705
5942,9707
2094,9711
9467,9711
7537,9712
3021,9713
191,9714
1059,9714
0,9717
3457,9717
1693,9719
2085,9719
71,9720
7893,9720
2620,9722
191,9723
1170,9724
7119,9725
1057,9726
6243,9726
3629,9727
3514,9729
104,9730
459,9731
5039,9731
2961,9732
4670,9732
9357,9733
387,9734
3522,9734
4053,9737
104,9738
4347,9738
5666,9738
3928,9739
7553,9739
130,9740
4013,9740
4388,9740
196,9744
4779,9744
22,9745
6164,9745
2088,9748
17,9749
1868,9750
3574,9751
474,9752
9244,9752
2,9753
176,9753
6511,9754
2253,9757
17,9758
4578,9758
3026,9760
7309,9761
36,9762
3659,9762
8698,9763
1319,9764
2032,9765
963,9766
1302,9767
3536,9767
2,9768
4183,9768
54,9769
2968,9769
155,9770
5164,9770
9448,9770
7841,9771
8803,9772
2259,9774
5805,9775
7,9776
11,9776
5839,9779
6468,9781
72,9782
2834,9783
6835,9784
187,9787
7033,9787
45,9788
697,9789
5981,9790
242,9791
2736,9791
4515,9792
6234,9794
1624,9795
1231,9796
4716,9796
78,9798
5071,9798
463,9799
7021,9800
117,9801
4562,9801
4869,9801
1193,9802
8839,9802
6921,9803
3273,9804
907,9805
3426,9805
6194,9809
5981,9810
5082,9812
3099,9815
2910,9816
3804,9816
888,9819
1243,9821
967,9824
3890,9826
604,9828
1904,9828
0,9831
1496,9833
9492,9836
801,9837
436,9838
7224,9840
7520,9841
5243,9842
8330,9842
92,9843
1517,9843
459,9844
658,9844
756,9844
2551,9844
3140,9844
3770,9844
4277,9844
9585,9845
4889,9846
71,9848
985,9849
2852,9850
6101,9850
1189,9851
5105,9851
3109,9853
7671,9854
3682,9855
7711,9855
4762,9856
1892,9859
7122,9859
274,9860
650,9861
9585,9861
0,9862
9203,9862
7,9863
2894,9864
1876,9865
8123,9865
1329,9866
2933,9866
229,9867
118,9868
208,9869
569,9869
4147,9869
15,9870
8207,9870
214,9871
15,9872
9688,9872
6058,9873
719,9874
5940,9874
9027,9874
9600,9874
2893,9875
9241,9875
8953,9877
15,9879
1865,9879
4331,9879
4549,9879
976,9881
5102,9881
7849,9881
115,9882
823,9882
1193,9882
3645,9886
7860,9886
1287,9887
1783,9887
744,9890
1995,9891
1009,9894
303,9895
3140,9895
1759,9897
2667,9898
399,9902
1192,9907
8282,9908
2,9910
1672,9911
8871,9911
842,9913
374,9914
4941,9914
6552,9915
2,9916
7790,9916
38,9917
5479,9917
969,9919
2207,9920
513,9921
3837,9921
7574,9922
8167,9922
106,9924
4335,9925
4122,9926
15,9929
8730,9929
2968,9930
4933,9931
6,9932
2794,9932
283,9933
5885,9933
2282,9935
11,9936
1953,9936
3472,9938
4151,9938
258,9939
412,9939
1867,9941
365,9942
3672,9942
22,9943
5306,9944
6598,9945
642,9947
3998,9947
1957,9950
820,9952
1787,9952
6921,9952
33,9953
4862,9953
1220,9955
374,9957
839,9960
9787,9960
231,9961
203,9964
220,9964
2422,9964
1677,9965
6,9967
1065,9967
1389,9972
228,9973
8427,9973
6164,9974
9911,9975
1053,9976
5116,9976
72,9977
5210,9977
9921,9977
1488,9978
8021,9978
2155,9984
9082,9984
3874,9985
6379,9985
1933,9986
2548,9986
4277,9986
8900,9986
520,9987
4660,9987
4804,9987
4197,9988
8409,9988
4700,9989
4542,9990
203,9992
0,9993
453,9993
5351,9994
9274,9994
616,9999
