0,1
0,2
1,3
2,4
4,5
1,7
1,8
1,9
2,9
1,12
5,12
9,12
5,13
8,13
2,14
9,16
1,18
2,18
9,18
2,19
12,20
18,21
8,22
12,26
1,27
9,27
9,28
20,28
12,30
1,31
12,31
1,32
2,32
32,34
1,35
12,36
22,36
27,36
2,38
1,39
39,40
3,43
9,43
12,43
30,43
32,43
35,43
2,45
18,45
2,46
9,46
13,47
32,47
9,48
39,49
9,50
35,50
9,52
2,54
9,54
35,55
2,56
55,56
9,58
14,58
1,59
9,59
36,61
12,62
56,62
32,67
1,68
2,68
32,68
35,72
49,77
9,78
12,78
2,79
36,79
1,80
2,80
3,80
48,80
1,81
43,83
27,85
45,85
0,86
40,86
1,87
2,88
7,88
43,88
1,89
35,91
45,92
13,93
4,96
18,98
91,98
56,100
12,101
58,102
9,103
30,104
16,105
28,105
1,109
2,109
4,109
9,109
62,109
31,111
9,114
109,114
12,115
1,116
9,116
80,117
47,119
0,120
32,120
2,122
16,122
28,122
20,123
38,124
45,125
104,126
1,129
39,130
1,131
12,131
9,132
123,132
56,134
50,135
117,135
2,137
135,137
12,139
9,141
12,141
1,143
96,143
56,144
1,145
58,145
27,146
111,146
43,148
68,150
45,151
9,154
9,155
12,157
13,159
155,159
43,161
47,161
7,162
111,162
22,163
49,163
162,164
28,167
32,168
105,168
45,170
162,170
98,171
123,174
109,175
68,176
9,178
32,178
27,179
2,180
34,181
56,181
21,183
30,185
78,185
1,186
50,186
141,188
1,189
78,189
98,189
16,190
12,192
34,194
35,194
1,196
126,196
1,198
32,199
120,199
188,199
2,201
122,201
1,203
9,203
12,203
132,203
31,204
39,204
117,205
122,208
189,208
2,211
9,212
12,214
27,214
28,214
1,217
56,217
49,218
2,219
9,219
171,219
2,220
9,220
14,222
9,223
32,223
205,225
2,227
96,227
98,227
103,227
205,227
46,229
78,230
2,232
4,232
59,232
145,232
145,235
18,238
218,238
105,240
232,240
2,242
7,242
146,246
86,251
2,253
27,254
101,255
220,256
47,257
49,258
217,259
96,260
189,260
211,260
260,261
2,266
91,266
211,266
117,268
34,270
49,270
122,270
54,273
122,274
32,276
9,277
22,277
21,280
258,280
1,281
27,281
32,281
50,284
79,284
126,284
105,292
145,294
68,296
185,297
12,298
9,299
145,299
16,300
284,301
260,306
145,307
122,308
86,312
2,317
38,317
240,317
266,317
5,319
22,319
2,320
298,321
9,323
80,324
9,325
103,325
194,326
30,328
246,329
104,330
105,330
2,331
212,331
9,332
1,333
21,334
2,335
35,335
86,335
307,338
35,339
141,339
280,339
43,341
12,342
105,342
26,344
12,345
32,345
220,348
227,349
7,351
91,351
296,351
122,353
59,354
143,355
34,356
1,358
225,358
255,358
78,360
9,361
329,361
220,362
345,362
178,363
317,363
361,363
35,365
205,365
36,366
2,368
361,368
362,368
227,371
260,372
13,374
12,375
12,378
1,379
12,379
270,379
32,385
253,387
86,388
1,389
356,389
104,391
2,392
31,392
109,392
168,392
168,396
43,398
49,399
49,400
32,404
46,404
36,405
35,406
159,406
43,407
1,410
2,410
49,410
9,411
35,412
102,412
398,412
9,413
328,413
1,415
18,415
171,416
1,417
86,417
344,417
167,419
344,421
2,423
417,423
1,427
168,428
180,429
254,429
35,430
212,430
223,430
32,431
1,432
100,432
400,433
189,434
416,434
351,435
342,437
72,438
3,440
9,440
396,440
13,442
117,442
198,443
35,444
344,444
163,445
171,445
12,447
186,447
198,449
214,449
344,449
34,453
257,453
7,454
80,454
180,455
9,456
204,456
50,457
223,457
429,457
453,459
219,460
198,461
1,465
324,465
432,465
324,466
35,467
22,469
117,470
427,470
9,471
1,472
3,472
12,474
1,477
86,480
47,483
96,486
155,486
455,487
12,489
16,489
185,489
86,493
100,493
1,494
358,495
59,496
0,497
39,498
104,499
27,500
49,500
227,501
9,502
214,503
472,504
78,506
188,509
396,509
19,510
126,514
1,516
363,516
217,518
223,519
333,519
62,520
12,522
144,522
22,524
27,524
344,524
132,525
412,525
58,526
9,527
143,533
62,535
47,536
389,536
109,537
132,537
203,537
356,544
34,546
124,546
79,547
86,548
2,549
131,549
9,553
80,553
16,554
280,555
434,555
194,556
306,556
54,557
1,558
61,561
391,561
86,565
493,566
9,572
109,572
205,572
36,575
86,575
242,578
2,579
194,579
2,580
102,580
186,580
34,581
59,582
175,582
356,584
374,584
47,585
324,585
502,585
0,586
277,586
326,586
547,589
1,590
9,590
46,590
1,591
83,595
109,596
21,597
217,597
218,597
59,598
432,598
597,602
111,603
203,604
12,605
355,607
1,609
9,609
58,610
9,612
35,612
43,613
433,614
597,614
2,617
18,617
141,617
456,617
59,618
1,619
38,621
98,621
2,623
36,623
122,623
604,623
38,624
585,628
623,628
59,629
284,629
18,632
120,632
56,633
185,633
78,636
335,636
22,637
155,637
354,638
501,638
589,638
12,640
586,643
146,645
1,647
378,647
638,647
50,648
356,648
2,650
32,650
56,651
361,652
0,653
36,653
232,653
27,654
590,656
21,657
417,657
472,658
16,661
509,662
524,662
132,663
617,665
637,667
175,669
9,670
117,670
32,672
49,673
18,674
164,675
474,677
1,678
36,678
18,679
281,679
612,679
2,680
613,680
201,684
4,685
164,686
43,687
12,691
597,692
317,693
115,694
691,696
2,697
68,698
168,698
1,699
186,699
597,699
675,699
105,703
185,703
1,704
2,704
59,705
2,706
246,707
306,707
417,707
603,708
46,710
35,711
86,711
472,711
131,712
374,712
31,715
392,715
656,717
1,718
9,718
62,720
214,720
27,721
499,721
18,722
22,722
2,724
151,724
2,725
178,725
363,728
326,729
628,731
7,732
724,732
9,735
50,735
722,735
98,737
218,737
2,738
392,740
410,741
220,743
329,744
621,744
43,745
139,745
163,745
579,745
9,746
13,747
12,749
21,749
58,749
533,750
596,750
628,750
98,751
12,752
141,752
181,752
429,752
623,752
2,753
524,753
47,754
168,755
623,755
62,756
117,756
325,756
465,757
516,758
509,759
214,760
307,760
3,761
32,762
181,763
374,763
59,764
604,764
164,766
98,767
211,767
47,768
219,768
229,768
612,768
116,771
650,771
18,774
715,774
391,775
256,777
410,777
59,779
514,779
78,780
332,780
718,780
67,781
417,781
45,782
494,786
735,787
32,790
62,790
198,790
434,792
706,792
145,794
358,794
7,795
85,796
78,798
155,798
572,798
9,799
225,801
9,802
589,803
38,804
509,804
47,805
255,805
348,806
1,807
59,807
255,807
743,808
803,808
190,810
254,810
472,812
135,813
274,813
457,813
617,814
4,816
617,816
255,817
134,818
406,820
8,826
499,826
22,827
503,827
544,830
67,831
214,831
220,831
553,831
771,834
59,835
168,835
277,836
12,837
307,837
325,837
572,840
1,841
707,841
227,845
363,845
194,846
597,847
122,848
20,850
3,851
589,852
504,853
32,854
49,854
223,856
86,858
12,859
109,861
396,862
1,863
396,863
456,865
392,866
679,867
680,867
0,868
623,868
679,868
556,870
32,871
43,871
12,872
547,872
715,873
124,874
117,875
651,875
335,877
284,878
582,878
47,879
306,879
663,879
260,880
831,885
12,887
371,887
379,887
595,887
1,888
495,889
36,892
586,892
432,893
277,894
32,895
230,895
549,895
32,896
449,896
2,898
260,899
2,900
509,902
34,903
699,904
781,904
472,905
665,906
722,906
509,908
656,908
21,910
358,911
755,911
715,912
132,913
135,913
509,916
680,917
188,918
131,919
281,919
35,922
146,922
761,922
9,923
18,923
379,923
9,925
43,925
12,926
1,930
18,930
27,930
457,933
747,936
124,941
109,942
597,942
32,943
466,943
604,944
371,945
2,946
9,946
580,947
31,949
444,949
32,951
862,951
284,952
679,952
617,953
47,954
12,955
296,955
591,956
707,956
527,958
12,959
39,959
185,959
753,959
896,959
21,960
12,961
132,961
1,962
35,962
43,964
715,964
840,965
3,966
7,966
710,967
547,970
86,974
597,974
749,974
168,975
27,976
32,977
465,978
132,979
358,981
45,982
2,983
9,985
519,986
43,989
253,989
13,991
36,992
590,994
820,995
27,997
175,997
498,998
720,999
1,1000
4,1000
840,1000
50,1002
434,1002
78,1003
816,1003
47,1004
242,1004
955,1004
317,1005
361,1006
22,1007
572,1009
117,1010
19,1012
7,1013
190,1013
623,1013
840,1016
617,1017
135,1018
223,1018
62,1019
3,1021
14,1022
49,1022
176,1022
519,1022
802,1022
1,1024
43,1024
220,1024
533,1027
771,1027
1,1028
223,1029
509,1029
8,1031
329,1032
7,1033
145,1034
582,1034
691,1034
556,1035
7,1036
130,1036
533,1036
114,1037
871,1037
1,1038
146,1038
964,1038
12,1042
725,1042
22,1043
9,1046
18,1046
553,1047
1,1048
35,1048
54,1049
1,1050
14,1054
628,1055
129,1056
469,1057
597,1058
749,1058
9,1060
638,1061
186,1062
122,1063
54,1065
273,1066
317,1068
955,1069
18,1070
735,1070
863,1071
198,1074
12,1075
20,1075
887,1075
317,1076
721,1077
9,1078
266,1083
168,1088
204,1088
947,1088
317,1089
533,1090
747,1090
790,1090
22,1091
720,1091
955,1091
1,1093
80,1093
1022,1093
477,1094
623,1094
747,1094
198,1095
20,1096
1,1097
35,1097
98,1097
270,1097
379,1097
813,1097
1,1099
400,1101
469,1102
896,1102
54,1103
954,1103
752,1106
164,1107
712,1108
2,1109
296,1110
214,1111
556,1111
782,1112
354,1113
139,1115
122,1117
704,1118
498,1119
749,1122
36,1124
109,1124
1097,1124
724,1127
465,1128
2,1130
831,1130
306,1131
489,1131
610,1131
13,1135
677,1135
9,1138
80,1141
217,1141
333,1141
9,1142
1013,1143
203,1144
589,1144
845,1147
942,1147
469,1148
2,1151
1060,1152
284,1153
2,1154
270,1155
796,1155
132,1157
1,1158
135,1158
12,1159
32,1159
270,1159
677,1160
358,1161
553,1161
116,1163
718,1163
801,1164
1069,1165
430,1167
651,1167
2,1172
899,1172
868,1173
62,1174
217,1176
499,1181
880,1181
1174,1181
59,1182
12,1183
472,1183
178,1185
524,1185
20,1186
372,1188
917,1188
2,1190
119,1190
977,1190
3,1191
260,1191
328,1191
427,1191
595,1193
47,1194
35,1195
8,1198
325,1198
904,1198
1157,1198
117,1199
219,1199
1161,1199
86,1201
13,1202
223,1202
585,1202
21,1203
760,1203
43,1204
951,1205
168,1206
146,1209
590,1210
1075,1211
638,1213
1029,1214
9,1216
32,1217
222,1217
34,1218
725,1218
88,1220
704,1221
499,1223
1,1224
747,1224
34,1225
104,1225
227,1226
349,1229
1027,1232
1,1235
674,1235
586,1236
638,1237
151,1239
181,1239
232,1239
427,1239
21,1240
49,1241
80,1242
98,1243
465,1243
21,1245
45,1246
119,1246
34,1247
673,1247
217,1248
519,1248
903,1249
2,1250
623,1250
1198,1251
1,1252
109,1260
501,1261
1035,1261
220,1264
417,1265
423,1265
9,1266
1,1268
30,1268
417,1268
146,1270
349,1270
653,1272
465,1274
335,1276
617,1276
945,1276
59,1277
50,1278
211,1280
922,1280
925,1280
1012,1283
363,1284
98,1286
2,1288
203,1288
841,1288
240,1289
679,1289
46,1290
526,1290
680,1293
98,1295
217,1298
1060,1299
105,1300
461,1301
9,1303
368,1304
680,1304
0,1306
189,1307
9,1309
155,1310
667,1310
1037,1310
345,1312
609,1312
582,1313
2,1314
349,1314
553,1314
355,1316
255,1319
752,1319
98,1320
21,1321
59,1321
203,1321
936,1322
896,1323
117,1326
486,1326
49,1328
614,1329
379,1331
1174,1331
326,1334
404,1335
590,1336
45,1337
812,1337
892,1339
141,1341
944,1341
764,1342
430,1343
363,1345
199,1346
21,1347
141,1347
516,1347
763,1347
1018,1347
132,1348
0,1349
516,1349
549,1349
13,1350
1225,1350
834,1352
7,1354
813,1354
589,1355
98,1356
162,1356
579,1356
598,1356
913,1356
509,1357
45,1360
656,1360
1239,1360
59,1362
1054,1362
544,1363
749,1364
584,1366
662,1366
9,1367
623,1367
22,1368
442,1368
1293,1368
13,1369
621,1371
47,1373
155,1374
9,1375
1058,1375
12,1376
124,1376
692,1376
12,1377
831,1379
1304,1379
9,1381
143,1381
584,1381
358,1382
960,1383
12,1385
35,1385
432,1385
342,1389
26,1392
1078,1394
840,1395
3,1401
474,1401
614,1403
1024,1403
853,1406
1276,1408
4,1410
623,1413
1,1414
1248,1415
163,1418
358,1418
633,1419
35,1420
525,1420
579,1422
580,1422
1347,1423
284,1424
837,1424
1111,1427
273,1428
930,1428
242,1430
913,1430
1037,1430
720,1432
186,1434
430,1434
1153,1434
1181,1434
2,1436
704,1437
908,1438
863,1439
923,1440
983,1442
35,1443
68,1443
98,1443
111,1445
623,1445
22,1446
47,1446
122,1446
751,1447
1439,1447
8,1448
83,1448
579,1450
1337,1453
124,1455
699,1455
752,1455
757,1455
274,1456
14,1457
547,1457
49,1459
59,1459
546,1459
2,1460
5,1460
12,1460
831,1460
1310,1460
68,1466
146,1469
494,1470
906,1473
535,1474
677,1474
43,1477
704,1478
56,1480
735,1481
1,1482
1058,1482
0,1483
661,1483
9,1484
146,1484
56,1485
1110,1489
253,1492
396,1492
527,1492
1037,1492
721,1493
317,1494
524,1494
1341,1494
1070,1495
1268,1495
117,1496
1035,1496
232,1498
656,1498
760,1498
1113,1498
223,1500
457,1500
1,1502
54,1502
656,1502
88,1503
176,1504
837,1505
1309,1505
916,1506
707,1508
83,1509
168,1509
9,1511
155,1511
465,1511
712,1511
223,1512
1469,1512
124,1513
691,1515
12,1516
670,1516
1106,1516
9,1517
9,1518
22,1518
168,1518
2,1520
470,1520
32,1523
199,1523
36,1525
80,1526
1006,1526
509,1527
1502,1527
35,1528
22,1531
9,1532
257,1532
537,1532
178,1534
189,1535
722,1535
579,1537
432,1538
680,1538
472,1539
605,1539
126,1541
1075,1541
837,1543
22,1544
185,1546
59,1548
623,1548
1218,1548
1,1549
997,1549
768,1550
47,1551
368,1551
8,1552
22,1552
1033,1553
1009,1554
1097,1555
1,1556
186,1557
256,1557
613,1557
139,1561
9,1566
707,1566
374,1567
12,1570
79,1570
12,1573
225,1574
638,1577
104,1578
618,1579
1439,1579
50,1580
572,1580
879,1580
964,1580
1033,1581
39,1582
572,1584
1483,1585
632,1586
1321,1588
1321,1589
923,1592
214,1595
1376,1597
1,1598
613,1598
8,1599
20,1599
553,1600
1022,1600
104,1601
117,1601
1239,1601
344,1602
1515,1602
105,1604
2,1605
20,1606
1295,1606
56,1608
720,1610
1010,1610
371,1611
412,1614
1022,1614
497,1615
32,1616
913,1617
4,1618
906,1618
358,1619
80,1620
185,1620
220,1620
362,1620
429,1620
3,1622
537,1622
186,1623
459,1623
1535,1625
341,1626
35,1629
781,1632
1141,1633
141,1636
319,1637
618,1637
790,1637
1283,1640
803,1641
417,1642
572,1642
59,1643
1438,1643
584,1644
1313,1644
9,1645
761,1645
1363,1645
349,1646
580,1646
27,1648
906,1648
771,1649
1347,1649
32,1652
553,1652
846,1654
392,1655
185,1656
3,1657
509,1658
813,1660
432,1661
837,1664
212,1665
1113,1665
135,1666
1321,1666
1205,1669
1438,1670
2,1671
961,1671
1239,1671
802,1672
1460,1672
1,1673
163,1674
9,1675
887,1675
7,1676
533,1676
584,1676
229,1677
2,1678
49,1679
944,1680
18,1683
1,1685
230,1685
361,1685
952,1685
1237,1689
36,1691
977,1695
1010,1695
1477,1697
623,1698
721,1699
222,1700
353,1700
392,1700
1021,1700
1600,1700
1063,1701
96,1702
335,1702
417,1702
32,1704
254,1707
296,1707
657,1707
1636,1707
49,1708
339,1708
597,1708
27,1710
141,1710
229,1711
1204,1711
1498,1712
1091,1713
1321,1716
840,1717
12,1718
904,1720
12,1723
335,1725
958,1725
43,1726
1239,1726
2,1728
1676,1729
109,1730
329,1730
1239,1731
32,1732
764,1732
835,1733
1204,1734
586,1736
759,1737
472,1738
96,1739
196,1739
227,1739
617,1739
621,1739
533,1741
1017,1742
1024,1743
1037,1745
1250,1745
260,1747
26,1749
12,1750
12,1751
1672,1751
339,1752
1003,1753
43,1754
486,1754
86,1756
975,1756
617,1757
62,1758
358,1759
913,1762
757,1764
1286,1764
519,1766
412,1767
1346,1768
1363,1768
677,1769
9,1770
8,1771
124,1771
1732,1771
49,1772
1502,1775
151,1776
22,1778
1038,1778
715,1780
1,1781
253,1781
1172,1781
1512,1782
1664,1782
578,1784
917,1784
919,1787
31,1788
678,1788
1310,1790
68,1791
30,1792
586,1792
12,1793
251,1794
355,1795
472,1795
1161,1795
578,1798
807,1799
720,1800
1013,1800
1643,1802
358,1803
579,1805
43,1807
54,1807
117,1807
1035,1807
1075,1807
12,1808
297,1808
735,1808
13,1809
427,1811
155,1812
238,1812
892,1812
1673,1815
1759,1815
997,1818
1304,1818
1614,1818
9,1819
951,1821
1009,1821
111,1822
68,1825
204,1826
32,1827
623,1828
699,1828
1265,1828
761,1829
1,1831
595,1831
580,1833
122,1835
1730,1835
1158,1838
1172,1838
34,1839
1,1843
1543,1843
704,1846
647,1847
745,1847
992,1847
18,1848
519,1848
2,1849
109,1849
204,1850
454,1851
474,1851
7,1853
879,1853
1750,1854
32,1856
1309,1857
27,1858
781,1858
905,1860
527,1862
840,1862
486,1864
217,1865
12,1866
1498,1866
853,1868
879,1868
256,1869
7,1872
117,1872
335,1872
1643,1872
392,1873
605,1873
72,1875
1042,1876
1567,1877
678,1878
943,1878
1036,1878
22,1879
1198,1879
1466,1879
1,1881
442,1881
1124,1881
223,1882
155,1883
553,1883
141,1885
9,1887
875,1887
533,1890
923,1890
117,1891
135,1892
232,1893
781,1894
638,1895
840,1899
168,1906
1654,1907
18,1908
771,1910
59,1911
86,1911
126,1912
633,1912
561,1913
1078,1913
1090,1913
1712,1913
1865,1913
260,1914
1331,1917
131,1918
524,1920
2,1921
203,1921
584,1922
1732,1922
667,1923
253,1925
3,1927
78,1927
1103,1927
472,1928
1403,1929
2,1931
67,1931
1782,1931
638,1932
698,1932
942,1932
449,1933
724,1933
1753,1934
4,1936
326,1936
516,1937
86,1938
281,1938
656,1940
355,1941
39,1942
913,1942
1009,1942
1812,1943
722,1944
805,1944
1645,1944
32,1946
537,1946
1024,1946
368,1947
1700,1948
502,1949
1213,1949
1588,1950
514,1951
1280,1951
277,1952
1071,1952
553,1954
952,1954
715,1957
58,1959
509,1960
2,1961
266,1963
229,1964
109,1966
1352,1966
1872,1967
1771,1968
1963,1969
35,1970
1375,1970
92,1972
1739,1972
185,1973
1250,1975
1819,1975
0,1976
1110,1976
1708,1977
1130,1978
1494,1979
9,1980
28,1980
35,1981
50,1981
68,1982
472,1984
1002,1985
691,1987
1148,1987
775,1991
1936,1991
86,1992
662,1992
1347,1992
442,1993
722,1993
39,1994
220,1994
9,2001
34,2003
7,2004
43,2004
246,2007
7,2008
45,2009
896,2011
1759,2011
22,2013
694,2013
1623,2015
92,2016
1860,2019
317,2020
297,2021
1778,2022
196,2023
220,2023
246,2023
117,2025
163,2025
1,2027
31,2028
590,2029
863,2030
80,2032
361,2032
584,2032
623,2032
944,2032
32,2033
1611,2034
1091,2035
7,2036
242,2036
613,2036
12,2037
1024,2038
2016,2038
168,2039
1,2040
62,2040
533,2040
997,2043
1700,2043
32,2044
524,2046
663,2047
761,2048
255,2049
131,2050
54,2052
749,2052
434,2053
579,2053
781,2053
325,2054
1473,2054
585,2055
68,2057
640,2057
1566,2057
1676,2058
32,2059
1260,2061
892,2063
578,2064
617,2064
656,2065
516,2067
1093,2067
1460,2068
1923,2068
1455,2069
524,2073
219,2075
1443,2075
678,2080
895,2080
1811,2080
2016,2080
1214,2081
1360,2082
1495,2082
846,2084
78,2086
546,2087
1017,2088
260,2089
22,2090
650,2090
214,2093
199,2096
796,2097
1856,2097
1341,2098
781,2101
1,2104
2,2104
12,2104
186,2105
1312,2105
754,2108
1356,2111
1622,2112
404,2113
851,2113
1218,2113
831,2114
9,2116
1239,2117
292,2118
579,2120
4,2121
432,2121
130,2122
964,2122
1982,2123
1013,2124
749,2127
1313,2127
597,2128
661,2129
1574,2129
2127,2130
163,2131
1375,2132
638,2133
1088,2133
13,2134
22,2134
1006,2135
1003,2136
1878,2136
603,2139
1031,2140
1620,2140
2,2141
1,2142
752,2143
715,2144
372,2145
527,2145
1792,2147
2,2152
59,2152
2147,2153
21,2154
220,2155
1987,2155
255,2156
32,2157
618,2157
1,2160
1878,2160
519,2161
115,2162
396,2162
623,2163
16,2166
412,2170
2,2171
1277,2171
1601,2171
618,2172
2,2173
1993,2174
754,2175
145,2178
1769,2178
803,2181
45,2182
339,2182
895,2182
1264,2183
139,2185
1455,2185
1,2188
43,2190
1,2192
35,2192
45,2192
13,2193
47,2193
624,2194
1,2197
12,2197
238,2198
16,2199
430,2199
621,2199
1037,2199
707,2200
388,2201
572,2207
747,2207
1913,2207
18,2209
78,2209
80,2210
2,2211
1147,2211
175,2212
816,2214
435,2215
1906,2216
219,2217
1021,2217
1099,2217
433,2218
22,2219
78,2220
1847,2220
8,2221
753,2221
1237,2221
18,2224
1337,2224
7,2225
4,2231
856,2231
1152,2232
837,2234
1636,2235
1993,2237
537,2240
956,2241
1952,2245
1446,2246
12,2248
78,2248
349,2248
572,2249
2089,2249
527,2251
680,2251
417,2252
412,2253
428,2253
2160,2253
1406,2254
325,2255
429,2260
21,2262
122,2262
366,2262
959,2262
647,2263
12,2264
764,2264
297,2267
590,2267
1274,2267
1929,2268
656,2269
1972,2269
168,2270
27,2271
495,2273
743,2273
1385,2273
1803,2275
840,2276
8,2279
432,2279
2253,2279
609,2280
2075,2280
141,2281
1,2282
1038,2282
1498,2282
1993,2283
333,2284
590,2284
1460,2284
78,2285
1781,2285
618,2287
766,2289
1,2291
1022,2291
349,2292
428,2293
1360,2293
1357,2295
78,2297
856,2297
1309,2297
205,2298
181,2299
947,2299
1368,2299
80,2300
297,2300
449,2300
2,2303
846,2303
1815,2303
32,2304
344,2304
78,2305
220,2305
672,2307
1382,2308
59,2309
126,2309
232,2311
1422,2311
1911,2311
246,2312
1368,2312
62,2313
223,2313
362,2313
1159,2313
537,2316
584,2318
255,2319
270,2319
718,2319
143,2321
922,2322
1856,2322
628,2323
792,2323
896,2323
732,2326
747,2326
1482,2326
1,2328
38,2328
105,2329
1546,2330
9,2331
47,2331
745,2333
280,2334
790,2334
526,2337
2157,2337
105,2339
808,2342
1002,2343
1792,2344
168,2346
544,2347
653,2349
430,2351
1309,2354
1792,2354
1003,2355
837,2356
489,2357
1021,2357
12,2358
277,2359
768,2360
1636,2362
1,2364
2020,2368
679,2369
256,2370
609,2372
997,2373
944,2375
584,2377
1455,2377
1708,2377
2153,2377
495,2378
2313,2378
146,2379
3,2380
556,2380
947,2380
905,2381
525,2383
1274,2384
13,2387
816,2387
21,2390
432,2391
672,2391
2,2395
1484,2395
392,2396
1199,2396
2089,2397
1622,2398
154,2402
141,2403
746,2403
903,2403
1377,2403
349,2404
2,2405
704,2405
274,2406
1671,2406
12,2407
2032,2407
679,2408
80,2409
519,2409
952,2409
837,2410
1498,2414
54,2415
358,2415
771,2415
493,2419
613,2419
1872,2419
1972,2419
31,2421
218,2423
925,2423
204,2424
502,2424
2011,2424
1439,2430
219,2431
1250,2432
1605,2433
1923,2434
1172,2436
1505,2436
96,2437
1095,2437
86,2438
1437,2438
35,2439
119,2439
725,2440
813,2440
1588,2440
1124,2442
1377,2442
13,2443
22,2445
358,2445
597,2445
78,2447
753,2447
12,2450
120,2450
27,2452
537,2453
1379,2453
355,2454
1075,2455
1321,2456
12,2457
43,2458
223,2459
1181,2461
1459,2465
232,2468
836,2468
903,2468
2240,2468
13,2469
155,2470
141,2473
942,2473
4,2478
335,2480
678,2482
1578,2482
1912,2482
831,2483
1027,2483
1512,2483
126,2484
109,2485
572,2485
572,2486
1382,2486
3,2488
911,2488
2127,2488
219,2489
427,2490
803,2490
4,2492
1923,2495
862,2496
2231,2496
296,2497
1843,2498
1185,2499
749,2501
2283,2501
1415,2502
225,2504
572,2505
1895,2507
2309,2507
2468,2507
1066,2508
1787,2509
2241,2510
12,2513
154,2513
212,2515
296,2515
1161,2515
58,2516
579,2516
1093,2516
7,2518
1264,2519
1434,2521
417,2524
1856,2525
9,2526
637,2526
841,2526
1385,2526
1,2527
296,2527
516,2528
579,2529
1469,2529
199,2531
296,2531
459,2532
88,2537
514,2537
1174,2539
679,2540
962,2540
270,2544
1878,2544
2458,2544
13,2545
786,2546
43,2547
205,2547
363,2551
854,2551
1363,2555
18,2556
922,2556
1543,2556
2,2558
39,2559
7,2560
2221,2563
578,2564
355,2565
1745,2565
2437,2565
679,2568
1892,2568
725,2571
12,2573
804,2573
2111,2577
516,2579
335,2580
694,2581
456,2583
2485,2583
45,2584
614,2584
2313,2584
16,2586
253,2586
417,2587
1218,2589
1385,2589
1420,2590
104,2591
1856,2591
1,2592
2129,2592
1,2593
1172,2594
54,2595
1070,2595
12,2597
9,2598
533,2599
86,2600
2086,2600
12,2601
745,2601
840,2602
2312,2603
449,2605
1356,2606
904,2607
1022,2607
1,2608
1214,2608
145,2610
5,2612
7,2612
1003,2612
1,2613
27,2613
760,2613
119,2616
1270,2616
1,2618
589,2618
715,2618
1520,2620
840,2621
1312,2623
1707,2623
1,2624
1144,2624
684,2626
1831,2627
1829,2628
151,2630
59,2631
2434,2632
2516,2632
12,2633
175,2633
647,2634
1812,2635
2089,2635
880,2636
803,2637
2105,2637
537,2639
584,2639
524,2640
1218,2641
178,2642
1922,2642
2354,2642
923,2644
1600,2644
326,2645
1495,2645
1377,2646
2013,2647
181,2648
56,2649
1537,2649
59,2650
653,2650
361,2651
1946,2651
499,2655
1643,2655
9,2656
87,2656
661,2656
2032,2656
1074,2657
2248,2657
1528,2658
514,2659
387,2662
1395,2663
590,2664
981,2665
2073,2666
227,2667
1906,2668
2038,2668
1,2671
589,2672
1610,2672
205,2673
840,2673
2080,2673
2136,2673
19,2676
342,2677
102,2678
845,2678
936,2679
9,2681
1161,2681
1446,2681
2231,2681
1800,2684
2657,2684
509,2687
1,2689
1495,2689
1,2690
610,2690
36,2691
1240,2691
43,2693
205,2693
1124,2693
227,2694
524,2694
59,2695
168,2695
752,2695
1691,2697
363,2698
1321,2700
524,2702
2485,2703
1099,2704
892,2705
1342,2705
307,2707
1124,2709
2273,2709
317,2711
1181,2713
1747,2715
2406,2716
1239,2720
1985,2720
790,2722
798,2724
502,2725
903,2727
225,2732
470,2732
1912,2733
2595,2734
893,2735
2289,2735
59,2737
232,2739
2155,2741
223,2742
696,2744
715,2744
1017,2744
2133,2746
268,2747
1027,2748
553,2749
2586,2749
1,2750
9,2751
461,2752
1,2753
514,2753
13,2756
109,2757
1947,2757
691,2758
2193,2758
2373,2760
1389,2763
2097,2763
1,2767
1205,2767
12,2769
2681,2769
155,2771
36,2773
524,2775
1335,2775
9,2778
2715,2778
946,2780
117,2781
2657,2781
363,2782
556,2789
186,2790
1539,2790
1373,2791
56,2792
335,2792
217,2793
865,2795
1268,2798
2220,2799
1623,2801
2414,2801
67,2802
1843,2802
2300,2804
217,2806
300,2806
494,2806
704,2808
56,2810
2134,2810
597,2812
229,2813
1670,2813
2395,2815
344,2816
2469,2817
1,2818
277,2818
131,2820
896,2820
1907,2821
39,2822
1549,2822
9,2823
546,2824
1949,2824
997,2825
2171,2825
2,2827
358,2827
1877,2831
2249,2831
1373,2832
781,2833
2,2834
725,2836
1037,2837
400,2838
1979,2838
2468,2839
1239,2844
355,2845
2583,2845
1202,2846
1280,2846
597,2848
761,2848
122,2850
2380,2850
2414,2852
43,2855
83,2855
214,2855
1038,2855
1815,2858
12,2859
896,2859
1,2862
1460,2862
2733,2862
509,2865
2381,2865
2760,2865
1987,2866
572,2867
5,2868
848,2869
1091,2869
145,2872
145,2875
348,2876
344,2879
2838,2879
1360,2880
1847,2880
1899,2880
363,2883
461,2883
1645,2883
392,2884
1698,2884
584,2885
1952,2886
427,2889
7,2892
62,2893
2,2894
2145,2894
1821,2895
2806,2895
83,2896
135,2896
18,2897
116,2898
1240,2898
1698,2898
1991,2898
361,2901
427,2901
444,2901
2681,2901
1455,2902
102,2903
753,2906
2415,2909
1320,2910
102,2911
679,2911
1434,2911
721,2912
2486,2912
43,2914
141,2914
1113,2914
693,2915
509,2916
1006,2917
691,2918
526,2919
527,2919
962,2919
1265,2919
225,2920
2123,2920
472,2921
2724,2921
840,2922
13,2923
59,2923
2439,2923
837,2924
159,2925
78,2926
50,2927
31,2929
139,2929
2,2931
88,2931
1185,2931
1831,2931
1312,2932
1913,2933
20,2936
686,2936
2214,2936
735,2938
198,2939
1363,2939
1174,2941
1347,2943
2,2944
863,2944
423,2946
610,2946
613,2946
2799,2946
155,2949
329,2949
1199,2949
27,2950
102,2951
1771,2951
1434,2952
2347,2953
2691,2955
582,2957
2649,2958
2284,2960
1270,2962
547,2963
2438,2964
1574,2965
2468,2966
2527,2968
325,2969
1331,2973
691,2975
738,2975
2057,2975
358,2976
1356,2976
32,2979
39,2979
229,2979
1042,2979
1539,2981
214,2982
171,2984
12,2985
412,2986
2097,2987
586,2988
1389,2989
679,2990
1573,2990
2635,2991
2645,2992
1622,2994
502,2998
1074,2998
2526,2998
604,3000
1699,3001
1645,3002
145,3003
189,3003
1460,3003
2328,3005
186,3006
975,3008
738,3009
2992,3009
1608,3011
1770,3012
868,3013
78,3014
18,3017
1236,3017
1946,3017
78,3018
223,3018
454,3019
1337,3019
555,3020
836,3020
959,3020
2284,3021
155,3022
1708,3022
2284,3023
9,3024
629,3024
281,3026
721,3027
123,3028
32,3029
1781,3029
1264,3030
2507,3030
320,3031
50,3032
2160,3032
296,3033
2390,3034
3030,3034
2248,3037
911,3038
3029,3038
2482,3039
585,3040
171,3041
218,3041
2595,3042
919,3043
1922,3044
2064,3044
20,3046
2270,3046
786,3047
1373,3047
1654,3047
764,3048
1313,3048
585,3051
38,3053
1,3055
679,3055
1036,3055
1980,3055
22,3056
410,3056
2556,3056
1460,3058
1710,3060
2,3061
19,3064
16,3065
2952,3065
115,3067
219,3067
229,3067
273,3067
9,3069
1036,3069
2490,3071
396,3072
2850,3073
36,3075
2,3076
132,3077
2700,3078
1,3079
472,3079
898,3080
2096,3080
465,3081
1321,3081
2128,3084
13,3088
2295,3089
1017,3091
1368,3091
2509,3091
12,3093
2053,3093
1598,3094
2253,3094
423,3097
2220,3097
135,3100
232,3100
1642,3101
1108,3102
1,3103
120,3105
1872,3105
916,3106
1046,3106
623,3107
2133,3109
851,3110
78,3112
544,3113
595,3113
1,3115
2586,3117
936,3119
124,3120
1214,3120
2241,3120
590,3121
333,3122
1075,3122
2075,3122
805,3124
2299,3124
3,3126
284,3126
1769,3126
2337,3126
2630,3126
1382,3127
1602,3127
1,3128
122,3129
2927,3130
903,3134
1090,3139
1373,3139
1972,3139
2015,3141
1,3142
1730,3142
91,3143
3142,3145
1434,3146
123,3148
199,3148
35,3150
55,3150
1218,3152
203,3153
317,3153
527,3153
1074,3154
201,3155
2724,3156
32,3157
2630,3157
1539,3158
47,3160
1502,3161
2681,3163
2931,3163
3048,3164
32,3165
1138,3165
1980,3165
516,3168
589,3169
2859,3169
2943,3170
1,3172
135,3173
1356,3174
1892,3175
1828,3176
1991,3176
2605,3176
1546,3178
2700,3179
752,3181
1159,3183
54,3184
54,3185
2032,3185
124,3191
9,3192
1135,3192
2015,3192
2319,3192
35,3193
1700,3197
31,3198
544,3200
284,3201
516,3201
189,3203
1375,3204
1,3207
636,3207
1831,3207
3033,3207
1,3208
850,3210
1,3212
260,3213
579,3213
477,3214
623,3215
2108,3217
354,3220
2884,3220
12,3223
495,3227
720,3228
2914,3228
1539,3229
2527,3230
494,3232
768,3236
856,3238
1818,3239
329,3240
899,3240
242,3244
389,3244
470,3245
2387,3245
227,3250
4,3253
1946,3253
2695,3253
2,3254
494,3254
432,3255
1364,3255
2478,3255
2,3257
62,3257
155,3257
2171,3257
840,3258
20,3259
54,3259
284,3259
355,3260
3207,3260
1967,3261
349,3262
1573,3263
584,3267
1185,3267
1557,3269
1967,3271
2439,3272
955,3273
1866,3274
188,3275
1058,3275
1940,3275
38,3276
196,3276
217,3276
358,3276
35,3281
698,3283
27,3285
2240,3286
1737,3287
32,3289
2437,3289
2108,3290
410,3291
3142,3293
3020,3294
1707,3297
3201,3297
1811,3299
219,3301
59,3303
1373,3305
1610,3305
2013,3305
32,3306
1707,3306
434,3307
1109,3308
3029,3310
1725,3312
1174,3316
22,3321
1217,3321
86,3324
584,3324
2237,3325
185,3326
214,3326
806,3327
175,3328
1161,3329
724,3330
1718,3330
135,3331
298,3333
584,3333
1781,3334
124,3336
1907,3336
2715,3336
85,3337
344,3337
122,3338
349,3338
223,3339
1240,3339
223,3341
650,3343
50,3344
2445,3344
2966,3345
3152,3345
1198,3346
1354,3346
2716,3347
3126,3347
312,3348
1319,3349
3009,3349
3056,3349
325,3350
537,3350
18,3351
604,3351
298,3352
144,3353
1022,3353
604,3354
623,3354
3139,3354
871,3355
1265,3356
46,3357
1213,3359
9,3360
1881,3360
547,3363
586,3363
157,3366
168,3369
281,3369
1554,3370
1878,3370
1,3372
720,3372
1,3373
2724,3373
2372,3376
22,3377
387,3378
1172,3378
1088,3379
12,3380
102,3380
251,3382
12,3383
764,3384
1018,3385
572,3387
868,3389
2038,3389
2737,3389
3193,3389
2565,3392
3192,3392
2440,3393
146,3394
2318,3398
146,3400
699,3400
3152,3400
906,3402
3316,3403
2923,3405
2958,3406
131,3407
1430,3407
1310,3408
2,3411
119,3411
189,3411
1141,3412
211,3413
725,3414
407,3418
2235,3418
2865,3419
489,3420
1539,3421
238,3424
1922,3426
1362,3427
2096,3427
284,3429
1018,3429
1527,3430
1,3431
430,3432
3228,3432
98,3433
117,3433
217,3433
429,3435
807,3436
9,3437
2245,3438
459,3439
416,3440
1037,3442
20,3443
764,3443
556,3444
3038,3444
86,3445
185,3446
2,3448
761,3448
1000,3449
1235,3449
1124,3450
2587,3453
56,3454
1792,3454
3244,3457
2681,3458
2649,3459
470,3460
1218,3465
2253,3465
447,3466
875,3466
1422,3467
2379,3467
1670,3468
1698,3468
47,3469
623,3469
427,3473
1037,3473
2262,3473
109,3474
199,3475
670,3475
2915,3475
12,3476
3056,3478
2309,3479
851,3480
2375,3481
2283,3483
27,3484
1923,3484
1913,3485
280,3486
2681,3486
1239,3487
328,3489
3414,3489
12,3491
214,3491
39,3494
495,3496
814,3496
2112,3496
355,3497
707,3497
2337,3499
104,3500
1707,3500
3321,3500
699,3501
1088,3501
1418,3501
2724,3504
406,3505
1815,3505
3126,3506
362,3508
2694,3509
47,3511
760,3515
780,3515
2240,3515
2283,3515
494,3516
656,3516
3,3519
1164,3519
1642,3520
34,3522
553,3523
1644,3523
3017,3523
524,3525
647,3525
768,3526
1632,3526
802,3529
2672,3529
3321,3530
117,3531
18,3532
650,3533
22,3534
2865,3534
1083,3536
8,3537
1047,3538
851,3539
372,3540
845,3541
35,3543
3024,3543
62,3545
9,3546
428,3546
1142,3546
1923,3547
656,3549
747,3549
1946,3549
803,3551
3453,3552
1952,3553
211,3555
2898,3556
325,3557
1976,3557
3030,3558
68,3561
227,3561
21,3562
613,3562
3432,3562
22,3563
580,3563
846,3563
472,3564
38,3566
260,3567
417,3567
922,3567
807,3568
2054,3568
101,3569
493,3569
698,3571
704,3571
89,3573
3032,3574
326,3575
12,3576
242,3576
804,3576
1439,3576
98,3578
2287,3579
432,3580
2848,3580
673,3581
1373,3582
1048,3583
3056,3584
1614,3585
1,3586
1800,3586
1003,3587
1029,3590
1812,3591
2645,3591
2313,3593
502,3595
781,3595
7,3596
1264,3597
764,3599
1385,3600
372,3601
2038,3601
146,3603
1685,3603
2166,3603
0,3604
847,3604
3272,3604
36,3606
1482,3606
2178,3606
2,3607
284,3608
477,3608
1704,3608
205,3609
691,3609
741,3610
1872,3610
3437,3613
1827,3614
111,3615
3122,3615
3026,3617
1600,3618
2118,3619
45,3620
253,3620
636,3624
3105,3624
49,3626
389,3626
3310,3626
449,3627
1473,3629
43,3632
203,3635
868,3635
3537,3635
3078,3637
9,3638
749,3638
2946,3638
3100,3639
1853,3640
548,3641
908,3643
1775,3643
379,3644
1917,3646
3165,3646
132,3651
3579,3651
109,3652
764,3652
1027,3652
417,3653
3337,3654
3448,3654
253,3656
3110,3657
2437,3661
930,3664
312,3666
203,3667
105,3670
2211,3670
344,3672
2188,3672
831,3674
1013,3676
115,3677
1161,3678
1494,3678
707,3680
962,3680
2733,3681
85,3682
372,3682
1018,3684
1448,3684
1877,3685
2642,3685
47,3688
3566,3688
328,3689
2742,3689
186,3691
1856,3691
2855,3691
3440,3691
1516,3692
3346,3692
43,3694
444,3694
586,3694
1957,3695
1857,3696
38,3697
1124,3698
194,3699
324,3699
2154,3700
1622,3701
1699,3701
3363,3702
902,3704
2,3705
1913,3705
781,3706
139,3707
2152,3707
62,3708
3017,3708
1276,3710
3699,3710
1991,3712
21,3713
787,3715
58,3719
1199,3722
1701,3723
2,3725
1,3727
1113,3727
119,3728
2742,3730
232,3732
421,3734
1158,3734
3360,3734
218,3735
756,3736
3126,3738
412,3739
35,3741
105,3741
548,3741
1473,3742
580,3743
5,3744
410,3744
686,3744
1303,3746
579,3747
2015,3749
3030,3750
1,3753
428,3753
2129,3757
2526,3757
3310,3758
1492,3759
3345,3760
2037,3763
831,3769
2724,3769
2101,3776
1878,3777
3290,3778
1623,3779
1430,3780
2894,3780
707,3781
1214,3781
3017,3781
1,3783
965,3783
284,3784
673,3784
3516,3784
3130,3785
2,3786
2300,3787
2966,3789
307,3790
18,3792
358,3793
1535,3794
1646,3795
1671,3796
186,3798
141,3799
1652,3800
2485,3800
2969,3801
116,3802
2057,3804
1090,3805
3097,3805
841,3806
888,3806
39,3807
1552,3807
919,3808
1277,3808
2303,3808
100,3809
524,3809
1214,3809
299,3811
826,3811
1322,3812
9,3813
2437,3814
3501,3815
1185,3816
547,3817
1106,3817
96,3818
459,3820
3067,3820
2681,3821
1917,3822
344,3824
1851,3824
2,3828
2,3829
2633,3829
3442,3829
1,3830
1165,3832
58,3833
34,3834
122,3834
98,3835
871,3835
903,3838
12,3842
3646,3842
1155,3844
2424,3844
323,3845
624,3847
1193,3847
1218,3848
186,3849
3073,3849
609,3850
1,3852
722,3853
2326,3853
27,3854
3389,3855
3707,3856
79,3857
2944,3857
715,3859
1614,3859
22,3860
3244,3862
1210,3863
1144,3864
590,3866
1415,3866
2,3867
1557,3868
238,3869
358,3872
2096,3872
34,3874
2216,3875
715,3878
650,3879
752,3880
962,3880
1164,3881
1764,3881
1165,3882
9,3883
3449,3884
3192,3885
3366,3885
756,3886
1960,3886
3511,3886
355,3888
2245,3888
307,3890
621,3890
2054,3890
3418,3890
155,3891
1369,3891
2061,3891
98,3892
348,3892
3201,3893
122,3894
325,3895
417,3895
781,3899
1963,3901
2,3904
35,3904
1643,3905
1236,3906
1511,3906
1699,3906
225,3907
790,3907
36,3908
962,3910
412,3911
585,3911
3842,3913
746,3914
43,3915
755,3915
3856,3915
2691,3916
296,3918
1447,3919
3321,3920
3346,3920
781,3921
1274,3921
2526,3921
1756,3922
997,3924
613,3927
3609,3928
146,3929
2595,3930
572,3931
2490,3933
328,3934
2516,3934
579,3936
1278,3937
2,3938
159,3938
1645,3939
3,3940
222,3941
3229,3941
2690,3942
1091,3945
2016,3945
609,3946
629,3949
1341,3950
597,3951
704,3951
1792,3951
3120,3952
738,3954
1968,3954
372,3955
3795,3955
2231,3956
227,3957
59,3958
618,3959
3030,3959
175,3960
374,3961
1102,3962
59,3963
253,3963
3148,3963
12,3964
1917,3964
2749,3965
3794,3965
9,3967
679,3968
1004,3968
355,3969
3438,3969
86,3971
786,3974
3777,3974
1994,3978
771,3979
358,3980
1580,3980
3586,3980
80,3981
896,3982
34,3983
1368,3983
1218,3984
724,3985
2166,3985
2322,3988
80,3989
9,3990
3421,3991
2182,3993
721,3994
59,3996
9,3997
1158,3998
3091,3999
2059,4000
1224,4002
58,4004
1793,4005
3667,4005
3449,4006
764,4008
1483,4008
1601,4008
3017,4010
344,4012
3807,4013
12,4015
3968,4015
580,4018
597,4018
2339,4018
604,4020
2681,4020
3930,4020
1511,4021
1707,4022
2067,4022
242,4023
1544,4023
2,4025
59,4026
738,4026
1645,4031
88,4032
1831,4032
906,4033
1415,4033
3985,4033
1,4035
1326,4037
12,4039
1006,4039
2859,4039
2975,4039
2,4040
47,4040
3820,4041
1920,4042
2499,4042
2268,4044
124,4045
355,4045
1274,4045
679,4048
43,4051
1240,4052
2263,4056
1356,4057
4,4058
416,4059
47,4060
2482,4060
3960,4060
977,4062
3097,4062
2,4063
585,4063
1069,4064
3619,4064
2749,4066
3964,4066
782,4067
1527,4067
2724,4067
813,4068
1165,4069
2845,4069
30,4070
31,4070
199,4070
859,4071
3275,4071
3276,4071
547,4073
3994,4073
18,4075
43,4075
2544,4075
1637,4076
852,4077
658,4080
582,4082
2055,4082
332,4083
1972,4083
3201,4083
7,4084
3321,4084
1,4085
36,4085
1069,4086
1210,4088
35,4090
3372,4091
412,4093
856,4096
1697,4097
7,4098
3537,4100
3808,4100
324,4101
3915,4104
1815,4105
22,4107
662,4107
1349,4107
2383,4108
2526,4110
2898,4111
78,4113
3328,4113
1250,4114
1982,4115
12,4117
456,4117
1375,4118
49,4119
810,4119
919,4119
1022,4120
1928,4121
2122,4121
3872,4121
1807,4124
2406,4124
253,4125
590,4125
1605,4125
2047,4125
3955,4125
3734,4126
1060,4127
274,4128
840,4128
32,4131
1,4133
3223,4133
906,4137
3212,4137
3529,4137
47,4138
1304,4141
2901,4141
951,4142
1247,4144
1314,4145
1691,4145
2821,4145
1511,4146
3433,4148
9,4149
3940,4151
12,4154
78,4154
735,4154
317,4156
853,4157
1455,4157
3017,4158
126,4159
764,4159
2749,4159
657,4160
524,4161
3165,4163
1250,4165
335,4166
1160,4167
3638,4167
2775,4168
2642,4169
4039,4170
1250,4171
537,4175
760,4175
12,4176
465,4177
3895,4177
4141,4177
358,4178
4039,4181
1623,4182
2,4183
3403,4183
3448,4184
579,4185
751,4185
930,4185
459,4186
469,4186
2678,4186
348,4187
1947,4187
738,4189
861,4189
54,4190
1978,4193
2273,4194
846,4198
1946,4201
2919,4201
3746,4201
2733,4202
2573,4203
329,4204
3604,4205
3105,4206
55,4208
2387,4208
1003,4210
2170,4210
738,4211
3214,4211
86,4212
178,4212
981,4212
54,4213
453,4213
803,4213
2969,4213
715,4214
2813,4217
86,4219
900,4219
1745,4219
1972,4219
4117,4219
230,4220
465,4221
1420,4221
306,4222
2057,4223
2104,4224
361,4225
502,4226
1214,4226
329,4227
1756,4229
229,4230
590,4232
781,4232
623,4233
2895,4233
3038,4235
2468,4236
4005,4237
1718,4240
2221,4240
3443,4242
2584,4245
35,4246
680,4246
2490,4247
2556,4247
117,4248
1,4252
572,4252
3126,4252
3593,4252
31,4255
960,4255
130,4256
46,4257
3769,4259
2845,4260
2,4261
2319,4261
618,4264
3458,4264
238,4266
43,4268
1588,4268
2326,4271
2311,4272
1580,4273
2021,4273
493,4274
339,4275
724,4276
720,4279
774,4280
3549,4280
4121,4280
12,4282
1648,4283
1512,4284
774,4285
1109,4285
117,4286
1579,4286
632,4289
3,4292
871,4293
495,4296
1708,4297
3328,4297
2656,4298
2632,4299
2185,4300
4189,4300
27,4301
3585,4301
117,4303
2681,4304
9,4305
392,4306
503,4306
1165,4306
2237,4306
131,4308
328,4308
757,4308
1666,4308
514,4310
2724,4314
3443,4316
4,4317
7,4317
3473,4317
45,4319
572,4319
848,4321
2279,4321
2810,4321
2751,4322
2248,4327
1952,4328
2,4330
781,4330
472,4332
579,4332
1002,4333
3084,4335
751,4336
3603,4336
2231,4337
810,4338
2595,4339
679,4341
1957,4341
3904,4341
3911,4341
38,4343
1819,4343
2994,4343
2127,4348
1460,4349
1923,4350
3459,4350
585,4355
794,4355
584,4356
537,4357
637,4357
1605,4357
2801,4359
1313,4360
1732,4360
344,4361
168,4362
780,4362
887,4363
516,4364
955,4364
2280,4364
27,4365
273,4365
13,4366
509,4366
1438,4366
2962,4366
155,4367
1511,4369
3942,4369
794,4372
1239,4372
1274,4372
2337,4372
3753,4372
1,4374
35,4376
752,4376
2424,4378
4317,4380
1,4381
509,4381
255,4382
1768,4384
2086,4384
3272,4384
3276,4384
1551,4385
68,4386
679,4389
356,4390
597,4390
38,4391
699,4393
1496,4393
2089,4393
1731,4394
1,4395
59,4395
214,4397
977,4397
2025,4400
747,4402
3100,4402
217,4403
2673,4403
2282,4404
1027,4405
2357,4405
2453,4405
103,4408
1949,4408
2188,4410
1,4411
1389,4413
54,4415
1831,4415
3438,4415
4018,4417
220,4418
580,4418
2457,4418
36,4419
273,4419
2377,4422
358,4423
1277,4425
2326,4429
3736,4429
3937,4429
911,4430
908,4431
320,4432
956,4433
9,4435
344,4435
1858,4435
4185,4435
2217,4437
3357,4439
58,4440
903,4440
1708,4440
2245,4440
650,4441
3244,4441
604,4442
803,4442
2605,4442
3682,4442
579,4444
647,4445
2848,4445
219,4446
585,4446
1455,4447
146,4448
1373,4450
27,4451
186,4452
1739,4453
2645,4454
584,4455
3389,4457
3807,4458
1912,4459
3213,4459
875,4460
2,4461
342,4462
916,4462
50,4467
68,4467
31,4469
1539,4471
332,4472
201,4473
1331,4475
3497,4475
1190,4476
4066,4476
2,4478
624,4478
1066,4478
13,4480
361,4481
163,4482
945,4482
2323,4484
903,4485
1922,4485
2724,4485
2105,4486
2579,4487
98,4489
22,4491
1701,4491
527,4493
32,4495
186,4495
3725,4495
1,4497
1428,4497
1951,4498
2709,4498
694,4500
3549,4500
614,4501
3561,4502
499,4505
3355,4505
297,4506
572,4508
628,4508
317,4509
2454,4509
680,4510
1602,4510
533,4511
4386,4511
1382,4512
3696,4512
3994,4512
3267,4516
4233,4516
8,4518
9,4518
36,4518
949,4518
1,4519
2,4519
597,4520
3126,4521
4381,4521
735,4522
782,4523
1494,4523
782,4525
2932,4525
13,4527
732,4528
949,4528
1093,4528
579,4529
1,4530
1619,4530
2089,4531
2280,4532
45,4533
1074,4533
1976,4534
428,4535
4026,4538
1718,4539
2775,4539
2439,4540
1027,4541
1914,4541
47,4542
1249,4542
3438,4543
1,4544
360,4544
1646,4544
2859,4544
3505,4546
837,4547
188,4548
533,4548
1570,4548
3418,4548
4219,4549
2516,4550
618,4551
355,4552
32,4554
162,4555
965,4555
3863,4555
246,4556
2380,4556
3069,4556
4544,4557
434,4558
584,4559
4280,4559
2,4560
117,4561
159,4562
274,4562
2182,4562
406,4564
1248,4564
4185,4564
459,4566
2672,4566
203,4567
3529,4569
67,4570
1290,4573
1415,4574
1923,4574
3543,4574
1248,4575
1376,4575
4408,4575
189,4576
9,4577
922,4577
2016,4577
1495,4578
3884,4579
4060,4579
3126,4580
3949,4581
35,4583
105,4584
2038,4584
18,4585
27,4585
225,4585
1495,4585
58,4587
18,4588
1312,4588
2651,4588
1224,4592
4159,4592
1037,4593
1165,4593
437,4597
16,4598
1363,4598
1006,4599
617,4600
4454,4601
1730,4602
585,4603
749,4603
335,4604
4471,4604
1711,4605
3113,4605
39,4606
49,4606
1,4607
4163,4607
4339,4607
232,4608
4071,4608
4429,4608
782,4609
944,4609
1198,4609
1130,4610
2216,4610
3347,4613
194,4614
317,4614
4605,4614
3,4616
344,4616
1807,4616
522,4618
329,4619
3610,4619
146,4621
38,4623
1075,4623
4608,4624
613,4630
1498,4631
549,4632
1798,4633
923,4634
1574,4634
3959,4637
2,4638
704,4638
220,4639
514,4639
1190,4640
296,4644
39,4645
4308,4645
429,4646
3378,4646
8,4648
638,4648
344,4650
623,4650
1097,4651
997,4652
1,4654
86,4654
3100,4654
3656,4654
1878,4655
18,4656
495,4656
1643,4658
98,4659
2859,4661
417,4663
55,4664
225,4665
1347,4665
2162,4666
3727,4667
1190,4668
3574,4668
1887,4669
1182,4670
238,4672
4585,4673
5,4674
109,4674
777,4675
794,4677
875,4677
2358,4677
1003,4678
2311,4679
2133,4680
4402,4680
904,4682
582,4683
1554,4684
1702,4684
2,4685
2958,4688
3969,4689
348,4690
755,4690
3041,4690
2380,4691
296,4692
3561,4693
427,4695
1422,4695
628,4697
1003,4697
3561,4697
4493,4698
2992,4701
4364,4701
203,4703
86,4704
8,4706
80,4706
724,4711
1101,4711
1382,4711
49,4713
495,4713
4070,4714
572,4715
3411,4715
3566,4715
2185,4716
3736,4718
217,4719
35,4721
1097,4722
1,4723
123,4723
1895,4723
3442,4723
214,4725
1,4727
665,4727
1191,4727
911,4729
400,4730
3985,4730
1216,4731
2038,4731
1135,4734
582,4735
1829,4736
2914,4736
43,4741
1643,4741
2645,4744
1321,4747
4292,4747
12,4751
1803,4751
2424,4751
3042,4752
658,4755
992,4755
1074,4755
2097,4755
2590,4758
2949,4758
461,4761
657,4761
1450,4761
4066,4761
4665,4762
3627,4763
1611,4764
211,4770
3047,4771
1839,4773
3473,4773
225,4774
435,4776
962,4776
1414,4776
2088,4776
2281,4776
2733,4777
4711,4777
1644,4778
1923,4778
223,4779
808,4779
1764,4779
3666,4779
4527,4779
214,4780
345,4780
2111,4781
363,4785
494,4785
98,4786
724,4786
1,4790
335,4791
761,4791
964,4791
1745,4791
325,4793
18,4794
4491,4795
2019,4796
621,4797
768,4798
2096,4798
4221,4798
579,4799
1879,4800
3757,4800
1,4801
1003,4804
1951,4804
4495,4805
1239,4806
623,4807
1036,4809
2633,4809
12,4811
2438,4812
32,4816
1967,4816
1518,4818
1217,4820
132,4821
1963,4822
32,4825
1505,4825
7,4826
46,4826
242,4830
3674,4831
13,4832
1809,4832
4247,4832
597,4833
1310,4834
1213,4837
1304,4838
1611,4839
3169,4839
680,4840
189,4841
738,4841
1003,4842
1649,4842
145,4844
375,4846
1199,4848
3176,4848
229,4849
205,4851
4386,4852
361,4854
3110,4854
117,4857
2377,4857
4566,4857
2509,4858
1190,4859
465,4860
363,4862
3571,4862
2192,4863
2806,4863
3681,4865
794,4866
219,4867
834,4868
1216,4868
670,4872
38,4873
837,4873
960,4874
4652,4874
1,4876
4402,4877
589,4878
122,4879
3978,4879
2,4880
3448,4880
1430,4881
3568,4881
4462,4883
253,4885
2182,4886
3155,4886
205,4887
1190,4888
119,4889
3469,4889
3915,4889
3529,4890
56,4891
900,4891
3227,4892
4447,4892
903,4893
3077,4893
3378,4893
4113,4893
163,4894
1707,4894
225,4898
1037,4898
47,4899
555,4901
2483,4903
3418,4903
2695,4904
2917,4904
2918,4906
3500,4910
1614,4911
3003,4911
1731,4912
4598,4912
584,4913
1553,4913
1,4914
4301,4915
3094,4916
2,4917
1730,4920
36,4921
679,4921
662,4922
440,4924
499,4925
238,4926
117,4927
1952,4929
5,4930
1037,4930
2145,4931
4873,4932
771,4934
4779,4934
1036,4937
8,4939
2,4942
9,4944
22,4945
1003,4945
4518,4945
92,4946
2086,4946
123,4949
977,4949
1,4950
3429,4951
3481,4951
3557,4952
47,4954
768,4954
1003,4955
1894,4955
4159,4955
417,4959
892,4959
691,4960
3808,4960
2295,4962
4364,4965
2603,4967
3516,4967
1280,4969
4219,4969
91,4970
4397,4971
1290,4973
3220,4973
694,4976
1853,4980
4930,4981
2949,4985
354,4986
3734,4986
3142,4987
3697,4987
2423,4989
203,4990
2801,4992
4232,4992
98,4993
2171,4994
2384,4995
2946,4995
2373,4998
638,4999
2975,4999
2406,5000
4075,5000
572,5001
35,5003
2482,5003
3346,5003
1286,5004
4300,5004
9,5005
92,5005
3337,5006
1,5007
135,5007
472,5007
2344,5007
22,5008
2504,5009
2709,5009
1505,5012
1439,5013
12,5014
9,5015
1602,5015
580,5016
39,5017
604,5018
2855,5018
1812,5020
3988,5020
4954,5020
5,5021
104,5022
211,5022
572,5025
3576,5026
4395,5026
203,5028
692,5028
1698,5028
1280,5030
432,5031
126,5033
412,5033
78,5034
2587,5035
3055,5036
2975,5037
831,5038
219,5040
417,5040
1,5041
2075,5041
2,5043
5013,5043
3173,5044
18,5049
3965,5049
4402,5049
3,5050
1360,5050
1138,5052
2185,5052
499,5053
1153,5054
3725,5055
1131,5057
148,5058
333,5058
749,5058
794,5058
2269,5058
2,5059
4867,5059
2193,5062
4593,5062
3915,5064
3945,5065
344,5068
3857,5068
4446,5069
2387,5070
958,5072
922,5074
1310,5074
2656,5074
54,5075
3785,5077
4779,5077
358,5078
1239,5078
1286,5078
104,5079
680,5079
1828,5080
203,5083
1247,5084
597,5085
1549,5087
9,5088
2391,5088
4542,5088
597,5092
943,5092
1503,5094
396,5097
735,5098
841,5098
1049,5100
1512,5100
3939,5101
2975,5102
171,5103
3411,5103
427,5104
1202,5104
4722,5104
7,5105
1198,5106
3443,5106
4478,5107
358,5109
755,5109
3354,5109
4796,5111
4842,5113
2391,5114
4525,5115
189,5116
764,5119
871,5119
3443,5119
146,5121
868,5123
5,5124
9,5124
444,5127
537,5130
4607,5130
28,5131
923,5131
2015,5131
527,5132
1966,5132
4296,5132
4593,5132
32,5133
457,5133
189,5134
1511,5134
260,5136
1771,5136
4877,5137
623,5138
1972,5138
86,5139
533,5139
2154,5139
2516,5139
3393,5140
168,5141
238,5141
1699,5142
5094,5142
9,5145
1546,5146
2690,5146
50,5153
617,5153
892,5153
2220,5153
9,5155
358,5155
1356,5155
4213,5155
3040,5157
3055,5159
1818,5165
1420,5166
3857,5167
961,5169
4506,5169
1938,5172
5131,5172
277,5173
14,5176
430,5177
930,5177
12,5179
589,5180
753,5180
1574,5180
2391,5180
2,5182
584,5182
3895,5182
916,5183
1509,5183
2104,5186
647,5187
803,5187
109,5190
3967,5191
4674,5192
256,5193
509,5193
1636,5193
4208,5193
392,5194
1,5195
470,5196
5,5197
1807,5199
4631,5200
3,5201
1048,5201
3820,5201
5088,5201
781,5203
2880,5203
122,5204
465,5204
2931,5204
4854,5204
2655,5205
4638,5205
3906,5206
3722,5207
2273,5209
9,5211
4317,5211
1702,5212
35,5214
455,5214
59,5215
2397,5215
2245,5216
3529,5216
3585,5217
1037,5218
1240,5218
2,5220
4559,5220
4509,5221
335,5222
392,5223
183,5224
4,5226
735,5228
636,5229
1952,5229
345,5230
1555,5232
39,5234
1701,5234
4040,5234
3694,5238
2780,5239
4506,5240
1144,5241
1202,5241
3201,5241
698,5243
1205,5243
4579,5243
1,5244
30,5245
86,5245
2468,5246
3328,5246
155,5248
442,5249
4608,5249
3038,5251
5062,5253
4,5254
712,5255
4648,5259
3378,5261
3999,5261
509,5262
851,5262
3965,5262
4592,5262
2901,5264
407,5265
1369,5265
1457,5265
205,5266
433,5266
1567,5266
722,5267
3324,5267
3920,5267
3644,5269
548,5270
1017,5273
3073,5273
2921,5274
3698,5277
3974,5277
775,5278
1554,5279
2357,5281
2642,5281
2668,5282
1310,5284
4484,5284
2879,5285
203,5286
43,5287
4186,5288
1,5289
62,5289
4362,5289
273,5290
1494,5291
1314,5293
2724,5293
2866,5293
2836,5295
4097,5295
389,5296
930,5299
444,5300
1347,5300
1074,5301
4084,5302
36,5304
4141,5305
2171,5306
527,5309
362,5311
325,5312
163,5314
3626,5314
962,5317
3945,5317
755,5319
1038,5319
589,5320
1239,5321
656,5324
5291,5324
16,5325
143,5325
2369,5325
1,5326
457,5326
3076,5327
5195,5327
3824,5328
2702,5330
4889,5330
4849,5331
2408,5333
1103,5334
2984,5334
3569,5334
880,5335
3974,5335
2616,5336
135,5337
27,5338
4993,5339
1913,5340
1803,5341
1093,5342
18,5343
2061,5343
297,5344
2380,5345
1,5350
358,5350
5,5351
12,5351
35,5351
50,5351
16,5353
4758,5353
3331,5355
115,5357
137,5358
943,5359
1702,5359
1017,5362
1532,5365
164,5366
4343,5366
5153,5366
1210,5367
1,5368
3018,5370
5,5372
1218,5372
4779,5372
1808,5374
7,5375
1,5376
3091,5376
692,5377
2406,5379
760,5381
49,5382
3563,5383
349,5384
656,5385
657,5385
2032,5385
3432,5385
2902,5386
3458,5386
9,5387
50,5388
1214,5388
2923,5389
1,5393
4462,5393
738,5394
2725,5400
763,5403
597,5405
621,5406
1856,5407
3924,5408
2546,5411
4202,5412
79,5413
355,5413
3710,5413
617,5415
2323,5416
977,5417
1202,5418
143,5419
2313,5419
12,5420
319,5420
2145,5423
2,5424
254,5424
2069,5424
7,5425
22,5426
3257,5428
3457,5428
256,5430
219,5431
5320,5431
582,5432
223,5433
949,5433
3148,5435
18,5437
1006,5437
2331,5437
12,5438
2136,5438
2359,5439
188,5440
1144,5441
2482,5442
967,5443
4128,5445
429,5448
1495,5448
1541,5448
1698,5450
1239,5453
2866,5453
1240,5454
2415,5454
731,5455
1908,5457
2231,5459
1732,5461
1329,5462
3808,5462
1906,5464
2469,5464
3026,5464
219,5465
2586,5465
429,5466
623,5469
979,5469
1214,5469
4695,5469
472,5470
1494,5470
59,5472
4609,5472
3228,5473
21,5474
3056,5474
120,5476
123,5476
4339,5479
4602,5481
4718,5483
2406,5484
3055,5484
54,5486
2395,5488
12,5490
509,5490
1022,5490
151,5492
1679,5492
4592,5492
104,5493
1434,5494
2618,5497
12,5500
536,5500
1455,5502
14,5504
4955,5506
68,5507
124,5507
219,5507
3212,5508
5385,5508
1033,5509
863,5510
335,5511
2824,5511
9,5512
1203,5512
4363,5512
86,5515
3176,5516
189,5517
585,5517
1582,5517
1776,5518
2038,5518
2586,5518
1027,5520
3849,5520
5500,5520
1043,5521
2380,5521
3,5523
1190,5523
1477,5523
255,5524
4128,5524
899,5525
1699,5525
572,5527
4308,5527
194,5528
379,5529
899,5530
3040,5530
1502,5532
2123,5532
201,5533
1017,5533
3849,5534
3965,5534
4308,5534
80,5535
743,5535
2618,5535
694,5537
1005,5537
1075,5537
3448,5537
86,5538
4266,5538
1878,5539
12,5540
1036,5540
1286,5540
1849,5541
9,5543
1423,5543
2455,5543
105,5549
235,5550
465,5551
5003,5551
707,5552
2645,5552
296,5553
2855,5553
2,5558
2398,5558
1770,5559
9,5560
22,5560
32,5561
749,5562
5289,5562
332,5563
4213,5563
5215,5564
905,5566
1096,5567
2096,5567
4688,5567
96,5568
2406,5568
185,5569
4060,5569
1213,5571
3562,5571
12,5573
565,5575
40,5577
319,5577
1240,5577
5226,5578
3156,5580
1,5582
5216,5582
2390,5585
3866,5585
4849,5585
603,5587
704,5589
1264,5589
4945,5589
1199,5591
1239,5592
4569,5592
72,5593
1239,5594
4273,5594
4954,5596
324,5599
358,5599
1548,5599
3627,5599
1610,5600
3192,5600
5455,5600
2,5601
49,5601
103,5601
2898,5601
362,5602
747,5602
4384,5605
109,5607
1022,5607
4208,5607
756,5608
955,5608
2404,5608
3563,5608
875,5609
5568,5609
163,5611
1155,5612
4397,5612
2,5614
2308,5615
3055,5615
2544,5617
5293,5617
3435,5619
1194,5620
5293,5620
5549,5621
470,5623
1088,5623
4156,5624
1060,5625
3200,5625
4680,5625
4944,5625
2527,5626
35,5627
2839,5628
45,5629
168,5631
342,5631
4525,5636
4677,5636
470,5639
553,5640
1922,5642
2037,5642
1839,5643
3347,5643
3411,5643
3345,5645
4798,5646
59,5647
1276,5648
1557,5649
58,5650
4390,5650
9,5651
2231,5653
3176,5654
4959,5655
371,5656
618,5656
5028,5657
2387,5658
3212,5658
2921,5659
2453,5664
3808,5665
1580,5666
3916,5666
1753,5667
3009,5667
5232,5667
1,5670
613,5670
1818,5670
1088,5671
5057,5671
1446,5672
50,5674
4697,5675
2518,5677
4592,5678
27,5679
333,5679
3443,5679
255,5680
270,5680
1,5687
553,5688
146,5689
2380,5689
878,5690
1881,5690
1947,5691
2391,5692
5494,5696
1602,5699
2919,5701
12,5702
2931,5703
3393,5703
5196,5703
3,5704
1512,5704
3223,5704
3911,5704
2379,5705
4210,5708
32,5709
49,5709
3481,5714
465,5715
3038,5715
5350,5717
199,5718
533,5718
4886,5718
126,5719
317,5719
544,5719
4308,5719
1808,5720
4587,5720
58,5721
1969,5722
5013,5723
396,5724
124,5725
516,5726
1430,5727
12,5728
1097,5728
2267,5728
1557,5731
2280,5731
761,5733
2791,5733
344,5735
12,5736
104,5736
1557,5736
43,5738
653,5739
4240,5739
1094,5740
2068,5742
922,5743
1982,5743
5412,5743
392,5744
624,5745
16,5746
18,5746
3121,5746
2093,5747
2235,5750
2263,5751
335,5752
557,5752
1401,5753
3033,5753
251,5754
715,5754
3759,5754
617,5755
2326,5757
705,5758
2406,5761
1474,5764
1528,5764
647,5765
4411,5765
1913,5766
417,5773
205,5775
1033,5775
964,5777
47,5778
2601,5778
2923,5778
4242,5778
5065,5779
43,5780
506,5781
2404,5781
3915,5782
1972,5783
163,5786
4893,5786
1655,5787
548,5791
0,5792
3338,5793
5062,5796
344,5797
3487,5797
2397,5798
3529,5799
3089,5800
3079,5801
4219,5803
205,5804
266,5805
5472,5805
3579,5806
4060,5806
3549,5807
1882,5808
4780,5808
1,5810
5172,5810
2120,5812
260,5813
3165,5814
1033,5816
4554,5816
36,5817
3479,5818
3627,5818
803,5819
1119,5823
430,5824
1345,5824
3458,5824
3571,5824
131,5826
516,5826
1944,5827
5068,5827
3,5828
9,5828
111,5828
1172,5828
3032,5828
4403,5828
586,5829
238,5830
2681,5830
1807,5833
2185,5836
720,5837
132,5838
2,5839
5,5840
0,5842
4,5842
62,5842
59,5843
1174,5843
4413,5844
3580,5845
4306,5846
595,5847
4128,5850
735,5851
1106,5851
1103,5852
2608,5852
1503,5854
2586,5854
1148,5855
119,5856
782,5856
936,5856
4877,5857
662,5858
4585,5858
203,5863
955,5864
5589,5864
527,5865
764,5865
5828,5867
680,5869
2664,5869
4550,5869
43,5870
253,5872
358,5872
3963,5872
5041,5872
47,5873
845,5873
2690,5873
229,5874
4959,5876
80,5878
2583,5878
3130,5879
4532,5879
417,5881
4186,5883
4893,5883
2,5884
78,5885
1239,5886
3420,5887
4741,5888
3529,5889
3,5890
4184,5890
7,5891
724,5892
116,5893
5293,5894
922,5896
961,5898
2019,5898
4606,5898
605,5899
2015,5899
911,5900
1124,5901
1831,5901
2170,5901
2946,5901
9,5904
16,5904
457,5904
4364,5904
1190,5907
3486,5908
9,5911
1951,5911
4648,5911
1879,5912
9,5913
1360,5913
4523,5913
98,5918
1611,5918
3681,5918
1,5919
2346,5921
2245,5923
5309,5926
105,5927
553,5927
2011,5927
3411,5927
1174,5928
27,5930
124,5930
1198,5931
163,5934
109,5935
4934,5935
114,5936
4381,5936
358,5938
2270,5939
1,5941
4,5941
3496,5946
4592,5948
2182,5949
18,5950
1851,5950
5625,5950
442,5951
253,5953
4650,5954
4711,5954
782,5955
2592,5956
1144,5957
1248,5958
2423,5958
2845,5958
4168,5962
794,5963
1210,5963
214,5964
2271,5964
1261,5965
1952,5966
1,5967
4393,5970
38,5971
2855,5971
3154,5971
5232,5974
2648,5975
135,5976
2170,5976
1699,5977
442,5980
1161,5980
3021,5980
472,5981
4,5982
344,5982
3759,5983
50,5984
396,5984
2136,5984
5520,5984
2,5985
5253,5985
5,5986
2397,5986
2733,5986
4080,5987
342,5988
9,5990
2901,5991
3356,5991
1947,5992
21,5993
1109,5993
1588,5993
35,5994
2,5999
5464,5999
432,6000
526,6000
1299,6000
1987,6000
524,6001
1512,6001
2231,6003
3421,6004
4755,6004
59,6006
1002,6011
4567,6011
3328,6012
132,6016
218,6018
582,6018
922,6019
2347,6019
9,6020
2655,6020
946,6021
86,6023
4,6024
3609,6026
3637,6026
1448,6027
2171,6027
3009,6028
794,6032
1342,6032
326,6036
1216,6037
4125,6037
3651,6038
585,6039
4677,6040
223,6042
4119,6043
2910,6045
50,6046
955,6046
1610,6046
1792,6047
3105,6047
509,6048
7,6050
2910,6050
2185,6052
1046,6055
1601,6055
5703,6056
582,6059
5005,6059
86,6060
1493,6060
2584,6060
498,6062
958,6062
159,6063
5854,6064
1771,6069
5193,6069
1552,6070
171,6071
203,6071
2127,6071
2951,6071
749,6072
45,6073
277,6073
589,6073
58,6074
8,6075
5490,6076
1702,6077
1742,6077
794,6078
5666,6078
656,6079
4911,6080
238,6081
317,6085
1906,6085
229,6086
2806,6086
4930,6086
613,6087
3738,6087
4811,6087
771,6090
253,6093
3891,6093
20,6095
5517,6095
1024,6096
2792,6097
4163,6098
2,6099
18,6099
3185,6099
159,6100
650,6100
5515,6102
919,6103
1239,6103
47,6104
432,6104
2088,6104
798,6105
72,6106
961,6106
1,6107
2,6108
12,6108
68,6108
895,6109
1708,6109
2214,6110
2379,6116
5,6117
9,6117
98,6119
469,6119
1601,6119
2486,6119
3126,6120
12,6123
1214,6123
4812,6124
3429,6125
2284,6127
1505,6131
354,6132
1702,6132
3994,6132
790,6133
942,6133
3501,6134
3866,6134
548,6136
2240,6136
4716,6136
2495,6137
3432,6139
4550,6139
613,6140
145,6143
729,6148
1248,6150
4893,6150
1645,6153
2919,6153
3,6154
4751,6155
1674,6157
21,6158
3413,6158
1037,6159
614,6166
790,6166
2681,6167
696,6168
1848,6169
2943,6170
575,6171
5413,6172
284,6174
4912,6174
126,6175
4509,6175
4654,6175
2214,6177
186,6180
589,6180
715,6180
4145,6180
761,6182
1912,6182
1771,6183
5984,6183
1544,6184
2656,6184
1088,6186
4159,6186
1574,6187
1977,6188
1993,6188
2273,6188
5195,6188
1,6189
1952,6189
2299,6189
3354,6189
5415,6189
1,6192
2744,6193
1356,6194
2468,6194
760,6197
613,6198
3750,6198
2792,6199
3901,6199
27,6200
2038,6200
3907,6201
1574,6203
428,6204
1326,6206
1383,6206
2,6207
2742,6207
1,6209
489,6211
4171,6211
548,6212
645,6213
3626,6213
335,6214
643,6214
922,6215
6099,6215
1375,6216
6085,6216
589,6219
903,6220
4668,6220
1033,6224
1075,6224
3574,6227
168,6229
358,6229
12,6230
1439,6231
6036,6232
638,6233
4554,6234
5552,6236
5889,6236
3142,6237
32,6238
786,6239
1288,6239
335,6240
595,6244
5018,6244
962,6245
4603,6245
1994,6246
4755,6247
5827,6247
355,6248
186,6250
2349,6250
4485,6250
754,6251
5921,6252
5965,6252
1913,6255
5534,6255
5851,6256
1573,6257
712,6258
1161,6258
1553,6258
5443,6258
906,6259
2339,6261
3369,6261
3515,6261
7,6262
190,6264
2758,6264
211,6266
4189,6266
5533,6268
3574,6269
27,6271
4677,6271
4531,6274
171,6275
4994,6275
943,6276
715,6278
5291,6279
220,6281
372,6281
1512,6284
18,6286
220,6286
5746,6287
168,6289
5249,6292
4891,6295
407,6302
469,6302
5351,6302
2468,6303
2894,6303
5009,6307
3830,6309
2642,6310
4,6311
3260,6312
3777,6312
2911,6313
5781,6315
4478,6316
1154,6317
4343,6318
6207,6318
2746,6319
3635,6319
5704,6319
1,6320
2369,6321
4912,6321
5201,6322
3432,6323
5854,6324
324,6326
2011,6327
4697,6330
255,6331
710,6331
2378,6332
2539,6332
3699,6333
4232,6333
5080,6333
34,6334
168,6335
3065,6335
731,6337
5625,6337
3017,6338
989,6339
4189,6340
45,6341
1347,6341
16,6342
232,6342
4051,6343
162,6345
5754,6345
430,6346
12,6348
670,6348
163,6350
2377,6350
3355,6350
9,6352
2133,6353
1605,6356
1912,6356
1713,6357
2295,6358
533,6359
6073,6360
3321,6361
2237,6363
444,6367
514,6367
4818,6369
54,6371
2845,6372
132,6374
1726,6374
205,6380
9,6382
3533,6384
5705,6385
5134,6386
1,6388
585,6388
3328,6391
1110,6398
3240,6399
4322,6401
2136,6403
2545,6403
5840,6403
435,6404
743,6404
1164,6405
2921,6405
3360,6405
6348,6405
3698,6406
3276,6408
256,6412
638,6412
2946,6412
432,6413
54,6414
4297,6414
5281,6414
339,6415
5366,6415
3626,6416
2724,6417
1,6421
78,6421
2681,6421
2733,6421
656,6422
747,6422
2067,6423
2245,6423
3780,6423
141,6424
2,6425
756,6426
199,6427
5041,6431
1428,6432
2,6435
2838,6436
4715,6436
1091,6437
3020,6437
4115,6437
2949,6438
5412,6438
5552,6438
4363,6439
3257,6440
465,6441
5234,6441
1095,6443
4475,6443
4070,6444
4084,6445
5582,6445
5847,6445
1,6448
1,6449
1741,6451
2245,6452
2737,6452
319,6454
1881,6454
122,6456
557,6456
5438,6456
4229,6458
0,6461
6159,6461
5,6463
524,6464
5153,6465
780,6469
2516,6469
362,6470
3667,6471
4057,6471
16,6473
27,6473
3003,6473
1526,6474
4722,6476
1,6478
961,6479
2231,6479
5419,6480
5865,6481
597,6482
4825,6483
597,6485
1403,6485
1610,6485
1528,6486
3579,6486
790,6487
1191,6487
253,6491
1957,6492
2894,6492
3458,6492
589,6493
2380,6493
533,6494
349,6495
9,6496
32,6498
1713,6498
535,6500
1004,6500
417,6501
335,6502
428,6502
4539,6502
109,6503
2884,6503
86,6504
1172,6505
2057,6506
3974,6506
429,6507
2,6508
1972,6509
1313,6510
3433,6510
3723,6510
6107,6510
1447,6513
2618,6515
4542,6515
114,6516
175,6516
1944,6517
1438,6518
3257,6518
36,6519
339,6519
54,6520
3009,6520
211,6522
509,6522
2111,6523
329,6524
363,6525
1800,6525
35,6526
1573,6526
2397,6527
5153,6528
936,6529
260,6532
5015,6534
1731,6535
3442,6536
589,6538
1815,6538
2134,6538
597,6542
3126,6542
1455,6544
2505,6544
3567,6544
3156,6545
5003,6547
942,6548
5131,6548
2224,6550
5974,6550
1567,6551
109,6552
580,6552
59,6553
896,6555
4223,6555
2273,6556
6423,6556
342,6557
4776,6560
2565,6562
344,6563
2322,6563
4619,6563
5200,6563
5551,6564
2391,6567
916,6570
2,6571
1239,6571
86,6572
358,6572
12,6573
32,6575
4453,6575
5911,6575
504,6576
1418,6576
2715,6576
4955,6576
429,6577
1673,6578
1866,6578
5533,6578
6069,6578
2235,6580
3638,6580
1,6583
9,6586
223,6586
1218,6586
2231,6586
4478,6586
623,6587
2209,6587
2932,6588
665,6589
280,6590
100,6591
1203,6591
2161,6593
5367,6593
86,6594
759,6594
4212,6594
2019,6595
1,6596
55,6597
124,6597
1756,6599
5481,6599
3169,6602
3738,6603
219,6605
225,6605
222,6606
1732,6606
1921,6608
1174,6609
1819,6610
4800,6610
6284,6611
1406,6616
3326,6617
661,6618
4497,6618
6322,6618
9,6619
4022,6620
1,6621
3591,6624
4945,6624
1484,6626
199,6627
1599,6627
3117,6627
5473,6627
2,6628
7,6632
1071,6633
1906,6633
320,6635
3960,6635
2097,6636
2583,6636
454,6638
3478,6639
86,6641
2368,6641
58,6642
442,6642
580,6642
2880,6646
2987,6646
5845,6648
1972,6650
4849,6650
21,6651
743,6651
2791,6651
3094,6653
6544,6653
4,6654
6019,6654
151,6656
36,6658
223,6660
715,6661
1831,6662
2931,6662
1,6664
109,6664
808,6666
5180,6666
3446,6667
4973,6667
406,6668
2518,6669
3285,6669
2322,6670
5384,6671
3321,6672
1075,6675
6117,6676
747,6677
163,6680
6526,6680
98,6683
189,6684
3607,6685
344,6686
4022,6687
2,6690
1669,6690
4839,6691
186,6692
1002,6692
5005,6692
2633,6693
5262,6694
509,6695
1069,6701
1987,6701
2855,6703
1484,6706
5,6707
2362,6707
3458,6708
5856,6709
1321,6711
1557,6712
379,6713
2101,6713
6036,6713
9,6714
3079,6716
6245,6717
9,6718
810,6718
2595,6718
2127,6720
163,6721
500,6721
2397,6721
5941,6724
105,6725
1885,6725
2123,6726
456,6727
54,6728
5075,6728
14,6732
1885,6732
22,6733
2381,6734
4020,6734
1264,6735
292,6737
930,6738
6687,6740
768,6742
114,6743
1352,6743
6553,6743
2128,6745
2162,6745
472,6746
3496,6746
3985,6746
2136,6747
5165,6747
617,6750
1284,6753
1385,6753
2022,6754
803,6755
1643,6756
1,6758
3420,6758
9,6759
1185,6760
1249,6760
5153,6761
186,6763
363,6763
2911,6763
2032,6764
6421,6765
4682,6767
1511,6769
6469,6770
3411,6771
4393,6773
3039,6774
4006,6774
5,6776
4911,6776
4431,6777
1354,6779
168,6780
363,6780
4133,6783
32,6784
1213,6785
120,6786
1183,6786
2377,6788
781,6792
194,6793
5232,6793
5930,6793
1511,6795
105,6797
1174,6799
3215,6799
31,6802
6071,6802
537,6803
589,6804
2032,6804
656,6805
31,6806
1141,6806
3201,6808
5842,6808
9,6810
4955,6810
911,6811
1446,6813
3003,6813
6107,6813
155,6814
362,6816
553,6820
1172,6821
5872,6821
738,6822
1095,6823
159,6825
3809,6825
693,6827
3571,6829
2902,6830
5411,6831
146,6836
1512,6836
1363,6837
345,6838
5450,6838
9,6839
840,6841
2299,6841
2981,6841
1,6843
12,6843
38,6845
171,6849
1373,6851
1,6852
749,6853
2231,6853
163,6854
3997,6854
6064,6854
1322,6855
1141,6857
2443,6858
4005,6859
4330,6859
155,6860
199,6861
4601,6862
6399,6862
16,6866
186,6866
862,6866
18,6867
2469,6867
1427,6870
756,6874
947,6874
5205,6875
597,6877
2,6878
299,6878
1504,6878
168,6883
771,6883
298,6885
1912,6885
9,6886
977,6886
1616,6887
1274,6888
1439,6891
2711,6891
335,6892
803,6892
35,6893
4083,6894
3700,6896
1319,6898
3165,6898
4892,6898
524,6900
960,6900
27,6901
155,6901
1337,6901
146,6902
845,6904
21,6906
453,6906
5727,6906
1601,6907
2064,6907
2171,6907
6718,6909
465,6914
2283,6914
6342,6915
1539,6918
5281,6918
7,6919
1700,6919
5068,6920
6259,6920
4390,6921
111,6922
162,6922
186,6922
344,6922
721,6922
1987,6923
18,6925
6563,6925
1210,6927
2069,6927
3916,6927
1756,6928
4121,6928
4366,6928
4986,6931
524,6933
6667,6934
111,6937
4992,6937
722,6939
1520,6940
3055,6940
4473,6940
50,6941
1022,6941
27,6942
348,6942
4877,6942
344,6944
1742,6944
6711,6944
691,6946
3549,6946
2220,6947
49,6948
2113,6948
5330,6948
4115,6949
4711,6953
6548,6954
454,6955
353,6958
1027,6958
3534,6958
6810,6958
12,6962
80,6963
572,6964
1914,6968
5049,6968
412,6970
225,6971
324,6972
344,6972
516,6975
875,6976
1356,6977
2949,6977
1,6979
2586,6980
4435,6982
494,6983
589,6983
4518,6983
5433,6983
566,6985
753,6986
6572,6986
1455,6987
80,6988
1022,6989
56,6995
39,6999
5991,7000
185,7001
679,7002
813,7003
6627,7004
28,7005
39,7005
86,7005
535,7005
1289,7005
6132,7005
519,7006
964,7010
1313,7010
1747,7010
472,7011
1037,7011
5524,7011
9,7013
4506,7015
1009,7016
4546,7016
4462,7017
260,7018
840,7018
5904,7018
3541,7019
119,7020
609,7020
1111,7022
1738,7022
754,7024
1704,7024
4185,7024
49,7026
942,7026
3017,7026
704,7028
2015,7029
5879,7029
18,7031
1460,7031
5033,7031
5291,7031
36,7032
3689,7035
4860,7035
49,7036
258,7037
31,7038
1853,7038
2390,7038
1,7042
1103,7044
680,7046
98,7050
3445,7051
120,7053
5469,7053
3426,7055
4735,7057
663,7058
5366,7059
1484,7062
5552,7064
965,7065
3,7066
270,7068
2130,7068
613,7069
747,7069
3916,7069
749,7072
45,7073
2901,7073
6942,7073
7,7074
1827,7074
5518,7074
3708,7075
5552,7075
916,7079
22,7080
47,7080
1022,7080
1354,7081
4211,7081
28,7083
175,7083
4544,7083
3437,7085
3230,7086
168,7087
358,7088
5153,7088
7,7091
1298,7091
638,7093
1239,7093
5625,7093
454,7094
4214,7094
32,7095
2667,7095
412,7096
613,7097
1319,7097
3904,7097
3784,7100
437,7102
2217,7103
1857,7104
4183,7104
4806,7106
256,7107
5326,7107
610,7108
1952,7108
4018,7108
3,7109
427,7110
661,7111
115,7112
780,7113
856,7113
1138,7113
1,7116
4597,7116
2181,7117
4212,7117
2337,7118
5088,7120
1097,7121
255,7122
3780,7126
6985,7127
124,7128
4328,7129
623,7132
1636,7132
379,7133
6127,7133
1356,7135
35,7136
861,7136
2356,7136
1446,7138
4064,7139
5538,7139
355,7140
2760,7140
4419,7141
3432,7146
470,7148
4512,7148
1553,7149
5131,7149
4264,7154
5289,7154
358,7155
808,7155
39,7156
2221,7157
5119,7157
5523,7157
5180,7159
3,7160
4779,7160
955,7161
5068,7161
3055,7163
2032,7164
2384,7164
5200,7164
1037,7165
3448,7165
28,7166
1792,7166
1,7171
7002,7175
1422,7178
6188,7178
0,7180
4051,7185
2932,7186
201,7187
1335,7187
4618,7188
5754,7189
6650,7190
5136,7194
12,7195
1153,7195
5551,7195
2949,7196
2616,7199
1,7200
2592,7201
764,7204
12,7205
3048,7205
1831,7206
4618,7207
961,7208
1611,7208
4521,7208
7006,7209
35,7212
59,7212
908,7212
4891,7213
1415,7216
5338,7219
5709,7220
5,7223
4044,7224
4597,7224
4585,7225
1543,7228
3508,7229
4,7230
2875,7231
4498,7231
754,7232
1539,7232
2381,7233
335,7235
942,7235
1,7237
3091,7237
5865,7242
504,7243
2880,7243
3460,7243
4154,7243
1968,7244
3468,7244
3734,7244
4039,7246
12,7247
4667,7247
725,7251
3685,7251
862,7252
5736,7254
1376,7256
7002,7259
3,7261
2043,7261
2635,7263
205,7264
5461,7265
2918,7266
2273,7267
4609,7268
6793,7268
6900,7268
59,7269
91,7269
6168,7269
1381,7270
6069,7273
537,7274
251,7275
355,7275
1,7276
2583,7276
4684,7276
3552,7277
3017,7281
1158,7283
3363,7283
7081,7283
3097,7284
3674,7284
2531,7288
3115,7292
4214,7292
2437,7294
344,7295
2251,7296
1602,7301
711,7302
5472,7302
2468,7304
4448,7304
5057,7304
0,7305
1712,7305
7283,7306
163,7307
387,7307
9,7309
6658,7311
3694,7312
1161,7313
2616,7315
3627,7315
4556,7316
5927,7316
1003,7317
6635,7317
3103,7319
519,7320
1274,7320
780,7322
547,7324
3038,7325
955,7326
4570,7326
3165,7327
537,7328
4674,7328
1,7329
35,7331
412,7334
6321,7335
2599,7337
5533,7337
145,7338
5015,7338
12,7340
3009,7341
5984,7343
4603,7344
735,7345
5289,7345
7117,7345
400,7347
3310,7347
194,7348
227,7348
5187,7348
5459,7349
132,7350
1049,7350
5155,7352
1360,7354
6692,7354
5786,7355
533,7357
2456,7357
3534,7359
6633,7359
547,7360
1928,7360
2379,7360
5569,7361
1111,7362
774,7363
46,7364
1539,7364
2308,7364
5754,7366
6892,7366
36,7367
566,7368
2845,7368
5207,7368
6605,7369
1718,7373
27,7374
2911,7374
20,7375
1912,7375
3807,7375
50,7376
339,7377
781,7377
4751,7377
18,7378
4423,7378
417,7379
5172,7382
794,7390
1203,7390
199,7393
650,7395
5580,7397
7307,7400
851,7401
3734,7401
6213,7401
3032,7402
4125,7402
974,7403
1148,7408
3297,7408
3443,7408
54,7410
5927,7410
4306,7412
1027,7414
4292,7415
865,7417
2075,7419
1093,7421
3327,7422
6421,7422
145,7423
5052,7423
1756,7425
1,7426
3786,7426
4486,7427
7091,7427
1792,7429
2381,7430
4711,7430
3228,7431
155,7432
284,7433
307,7436
9,7438
585,7438
923,7438
1622,7440
1138,7443
4446,7443
4873,7443
6986,7446
757,7447
875,7447
43,7448
32,7449
105,7450
1747,7450
2919,7452
525,7453
6922,7453
3465,7454
32,7457
277,7457
712,7457
4873,7457
1376,7458
2232,7458
2240,7458
329,7460
2480,7460
3169,7460
78,7461
5589,7466
3389,7467
139,7469
4333,7469
6303,7469
585,7471
7091,7471
2253,7472
6841,7472
2672,7475
3863,7476
34,7477
5800,7477
1698,7479
9,7480
1245,7480
59,7482
93,7482
5139,7482
6892,7483
6200,7484
4261,7485
3708,7486
26,7487
4212,7489
1022,7491
3143,7493
1532,7496
5078,7496
959,7498
3432,7498
6841,7499
4603,7500
1987,7502
1024,7503
526,7506
217,7507
722,7507
3615,7508
2282,7509
344,7511
7361,7515
3124,7516
1959,7518
1360,7519
2775,7521
1960,7522
2061,7522
3960,7522
9,7526
2606,7526
3056,7526
856,7527
2673,7529
743,7530
2318,7531
6518,7531
2902,7533
6333,7535
306,7536
4587,7536
3,7537
4372,7538
62,7539
862,7539
7521,7539
3,7540
1927,7540
5828,7541
1153,7542
122,7544
1342,7544
5645,7544
3376,7545
579,7546
604,7546
2504,7546
218,7550
454,7550
5967,7552
4993,7554
3678,7555
349,7557
1061,7557
132,7558
5453,7560
0,7561
4539,7561
4785,7561
5384,7561
5664,7561
951,7562
514,7563
735,7563
1732,7563
2488,7563
7503,7563
2,7565
50,7567
356,7567
3808,7568
4995,7568
2531,7570
2839,7572
1326,7573
2065,7573
5204,7573
1707,7574
527,7576
102,7578
2231,7579
2642,7580
678,7581
2689,7581
4747,7581
598,7582
2319,7582
9,7584
4476,7584
32,7590
5461,7590
5936,7592
1966,7598
1312,7599
3769,7599
344,7600
628,7600
5743,7600
1036,7602
219,7603
2824,7603
6211,7603
2,7607
5728,7608
229,7610
3228,7611
329,7612
43,7613
412,7614
816,7614
1337,7615
363,7617
3576,7617
1474,7619
35,7620
735,7620
20,7621
1128,7624
2289,7624
3580,7624
297,7625
1185,7627
1539,7627
3357,7627
2672,7628
2690,7628
1356,7633
5490,7633
12,7634
131,7634
2921,7634
4877,7634
814,7635
5934,7635
171,7636
7199,7637
1420,7638
115,7639
1225,7641
253,7643
16,7644
368,7645
5293,7645
3437,7648
35,7651
1527,7651
4886,7651
1424,7652
4084,7654
4475,7654
27,7656
1492,7656
1512,7656
1614,7657
3579,7657
6677,7659
1732,7661
1818,7664
554,7665
98,7666
589,7667
1193,7667
4561,7667
5249,7667
7243,7667
2193,7669
3694,7669
6648,7670
841,7672
7,7673
13,7673
163,7673
2231,7675
5195,7677
3294,7678
1450,7679
4,7682
2048,7683
2280,7683
4280,7684
7614,7685
647,7686
2817,7686
3029,7686
5393,7687
6416,7688
4471,7689
1881,7690
1702,7692
4431,7692
6662,7692
4097,7694
78,7697
1060,7697
5341,7698
1984,7699
3458,7699
6572,7699
1,7702
2368,7705
2707,7706
3781,7706
5319,7706
2821,7709
1849,7712
3017,7715
5568,7715
617,7717
7486,7718
1879,7719
4604,7720
86,7721
4276,7721
8,7723
5324,7723
102,7724
6262,7725
20,7726
5508,7726
4070,7727
4559,7727
7491,7727
117,7729
1614,7732
3895,7732
4006,7732
6721,7734
1033,7735
1347,7738
124,7739
499,7739
49,7740
238,7740
2050,7740
32,7741
1443,7741
3486,7741
1670,7742
2423,7742
2813,7743
5000,7743
3411,7745
4519,7745
4914,7745
5803,7745
3308,7750
6922,7750
6793,7751
1539,7753
5345,7753
98,7755
1946,7755
4113,7757
4688,7757
597,7758
803,7758
5216,7758
87,7759
781,7763
1923,7764
5172,7765
5232,7765
7491,7767
38,7768
2586,7769
4402,7772
5115,7774
6133,7774
827,7775
4778,7775
1,7777
516,7777
339,7780
49,7782
1608,7784
2080,7784
1239,7786
3448,7786
3496,7786
3674,7786
55,7787
3546,7790
3009,7792
3458,7794
3928,7795
4986,7795
120,7797
6319,7797
1313,7799
1637,7799
2064,7800
764,7801
7254,7801
2123,7802
597,7803
122,7804
2220,7806
498,7808
214,7809
1848,7809
6492,7809
2951,7810
3353,7810
5472,7810
59,7811
266,7811
527,7811
944,7811
1847,7811
3102,7813
5094,7813
6170,7813
6213,7813
2749,7815
3065,7820
5070,7820
12,7822
6650,7824
423,7827
1923,7829
7074,7829
2657,7831
34,7833
533,7834
2855,7835
1111,7839
270,7842
2529,7842
3951,7843
623,7844
3048,7845
2057,7846
217,7847
524,7848
22,7849
1553,7849
3968,7851
78,7852
1539,7852
1546,7853
50,7854
266,7856
4877,7856
5928,7856
32,7857
6589,7857
1745,7858
4654,7858
2633,7859
277,7860
1498,7860
597,7861
5215,7865
4154,7867
5193,7867
5022,7868
5372,7868
5898,7869
7667,7871
6907,7872
585,7878
1643,7878
7447,7878
6398,7879
5102,7881
5504,7881
1060,7884
6841,7885
31,7886
1972,7888
7507,7888
117,7890
2855,7891
3901,7892
4755,7893
533,7894
7410,7895
6726,7897
339,7898
3255,7898
4166,7898
2036,7900
1097,7901
2339,7901
7584,7902
750,7903
1951,7904
3790,7904
4521,7904
1879,7906
7294,7906
32,7909
2587,7910
2586,7911
6481,7911
7083,7911
1058,7912
1062,7912
493,7916
6415,7916
486,7918
2923,7918
1678,7920
21,7921
6132,7921
7457,7921
194,7924
1066,7924
2644,7925
5842,7925
345,7926
3294,7926
3310,7926
3378,7926
5517,7926
7699,7926
6502,7927
35,7929
1473,7930
1065,7931
3236,7932
1,7934
1739,7935
3047,7935
80,7938
5262,7938
7726,7938
229,7940
12,7942
363,7942
572,7942
1037,7942
3497,7943
4771,7943
4285,7944
1831,7945
5852,7947
781,7948
2273,7948
7132,7949
3878,7950
78,7951
997,7951
22,7953
349,7953
3076,7954
2,7956
840,7956
1807,7957
2700,7957
3838,7957
12,7959
3915,7960
1608,7961
502,7964
861,7964
3,7965
959,7966
5791,7966
219,7967
4860,7967
186,7969
194,7969
613,7969
1428,7969
5869,7970
6258,7970
5193,7972
6662,7972
1,7973
903,7974
1360,7974
6506,7974
9,7975
472,7975
7401,7976
34,7977
9,7978
6229,7978
6776,7978
728,7980
392,7982
1183,7982
3938,7983
2799,7984
636,7989
5535,7990
5855,7990
1976,7991
5949,7991
396,7993
3678,7993
1434,7994
217,7997
3722,7998
186,7999
6633,8002
1968,8003
6473,8003
227,8004
623,8007
759,8008
798,8008
547,8009
36,8010
584,8011
2409,8011
4266,8012
875,8013
919,8013
3965,8014
12,8015
2544,8016
1217,8017
4408,8017
5810,8021
7561,8021
349,8022
18,8023
5334,8023
2015,8025
198,8027
467,8027
1646,8027
533,8028
3369,8028
4879,8029
896,8030
6750,8030
584,8031
417,8032
18,8033
3201,8036
3646,8037
178,8038
495,8038
6432,8040
5376,8041
6059,8041
7005,8042
2,8045
3240,8046
6200,8046
20,8048
299,8048
1135,8048
2192,8050
4,8051
465,8053
1670,8055
6761,8055
6414,8056
6620,8056
199,8057
2373,8059
62,8060
3032,8060
34,8061
35,8061
5115,8061
116,8062
1191,8062
361,8064
3091,8064
6583,8064
6853,8065
555,8067
1037,8067
12,8070
1800,8070
1321,8071
4575,8072
3566,8073
5507,8074
3878,8075
4107,8075
1101,8078
3942,8079
1153,8081
1375,8081
6942,8081
2885,8082
281,8083
1091,8083
3571,8083
597,8084
1502,8084
320,8085
900,8087
6874,8088
4440,8089
1434,8091
4573,8093
189,8094
7811,8094
2769,8095
5512,8095
923,8096
6451,8097
7926,8097
6522,8100
958,8103
1642,8104
317,8105
613,8106
1831,8106
1615,8108
1194,8109
1278,8109
238,8110
3784,8110
345,8111
6888,8111
4201,8112
1214,8115
711,8118
3255,8118
4057,8118
1610,8119
3402,8119
5864,8121
2488,8123
6003,8123
810,8126
7269,8127
617,8128
88,8129
109,8129
2914,8131
1247,8132
6056,8132
366,8133
1321,8134
4518,8134
590,8135
5764,8135
185,8138
4562,8139
98,8140
1809,8141
4532,8142
4723,8142
1815,8143
3017,8144
1611,8146
2,8147
7259,8147
2279,8148
3363,8148
4159,8149
5928,8151
435,8152
2628,8153
4157,8155
7449,8159
1934,8160
1354,8161
9,8164
597,8164
2668,8164
342,8165
417,8165
2053,8165
4795,8165
14,8166
2313,8166
1946,8168
1811,8172
189,8174
5464,8174
2953,8176
4208,8177
5530,8178
361,8179
522,8179
4593,8179
7097,8180
2894,8181
1239,8182
1913,8182
2465,8182
5787,8182
7244,8187
977,8188
2437,8189
3084,8189
3689,8189
49,8190
135,8191
4271,8196
1214,8197
3424,8200
3445,8200
259,8201
743,8201
1314,8201
1,8202
3433,8203
68,8204
489,8205
1109,8205
22,8208
2741,8208
4912,8209
8083,8210
391,8214
1335,8214
2501,8214
673,8216
786,8216
1218,8216
2313,8216
6445,8216
2231,8217
4971,8218
2642,8219
2681,8219
21,8220
3289,8220
2605,8222
342,8223
4386,8224
5205,8224
5326,8225
1415,8226
189,8227
848,8228
12,8229
3201,8229
4658,8231
679,8232
2297,8232
260,8234
18,8236
270,8236
434,8237
35,8238
903,8239
3604,8240
1,8241
2612,8241
168,8243
3783,8244
589,8245
7449,8245
623,8246
32,8247
2397,8250
5645,8250
7212,8253
32,8255
3240,8255
1606,8256
790,8257
217,8258
6802,8259
1264,8261
6906,8261
2656,8263
1,8265
747,8265
7316,8266
7378,8266
3306,8267
1991,8268
3541,8268
6332,8268
609,8269
3213,8269
7982,8270
977,8271
3593,8271
0,8273
392,8273
1,8274
38,8275
6595,8275
553,8276
720,8276
1932,8276
6343,8276
942,8278
4012,8281
2537,8282
8276,8282
533,8283
434,8284
5810,8284
1369,8285
3993,8285
6743,8286
2351,8288
3942,8288
585,8289
2231,8290
4070,8291
5817,8293
5575,8295
2262,8296
416,8298
749,8298
955,8298
2303,8300
2583,8301
3032,8301
4722,8301
18,8302
7961,8303
1063,8304
4518,8304
79,8305
868,8305
362,8306
5955,8308
6735,8308
1312,8309
1892,8313
3828,8313
5291,8316
8223,8316
0,8317
12,8318
3603,8319
7276,8319
9,8321
7229,8325
764,8326
582,8327
908,8327
3817,8327
7073,8327
432,8328
2101,8328
6220,8328
3732,8329
1209,8332
5589,8333
6874,8335
7378,8335
35,8340
704,8340
4598,8342
47,8344
344,8344
363,8346
2894,8346
5119,8346
519,8347
5305,8349
4306,8350
8298,8350
203,8351
2894,8351
2025,8354
1929,8355
2368,8355
2114,8356
7471,8357
7972,8357
434,8358
1099,8359
1,8360
6617,8363
2,8364
3982,8364
0,8366
324,8368
98,8370
3346,8370
1969,8372
151,8373
604,8373
2597,8373
3601,8374
1838,8375
6454,8375
6237,8376
6577,8376
7037,8376
8313,8376
1205,8377
4585,8378
6200,8379
7723,8380
613,8381
7727,8381
54,8384
55,8387
715,8387
2587,8387
1967,8388
3609,8389
1936,8391
4579,8391
5433,8391
5782,8392
7196,8392
1381,8395
2644,8395
6921,8395
434,8397
417,8400
1224,8404
274,8406
427,8406
1320,8406
1580,8406
32,8407
1792,8408
7811,8408
465,8409
2166,8410
816,8411
2979,8411
991,8412
5904,8412
6302,8412
3497,8413
18,8414
9,8416
2862,8416
3272,8416
614,8419
1610,8419
242,8420
6506,8420
1645,8421
7276,8421
1093,8422
7327,8425
410,8426
4619,8426
7312,8426
168,8427
218,8428
1,8429
4930,8429
3076,8430
1,8432
13,8433
1113,8433
2293,8433
3777,8434
3644,8435
4268,8437
6638,8437
2406,8439
2068,8440
4364,8442
4581,8443
6353,8443
1097,8444
62,8445
1321,8446
1781,8447
2949,8447
427,8448
2040,8448
7031,8448
227,8449
1548,8450
7843,8453
1158,8454
1448,8454
6758,8454
519,8456
43,8459
7610,8460
1,8461
39,8461
589,8461
657,8463
47,8464
3684,8464
4415,8464
4321,8467
189,8469
1912,8470
582,8471
6229,8471
79,8472
3536,8472
1745,8474
7820,8475
673,8476
2054,8476
3201,8479
3593,8479
7212,8479
204,8480
2395,8482
6874,8484
5704,8485
67,8486
1818,8486
6804,8486
1239,8488
8376,8488
7603,8492
1270,8493
1000,8494
7276,8495
2414,8496
1172,8498
2038,8499
7024,8502
96,8503
519,8503
1917,8503
56,8504
6538,8504
1538,8507
8075,8507
1934,8509
675,8511
2356,8511
1427,8512
653,8513
6771,8513
6928,8513
5568,8514
9,8516
5469,8516
7932,8519
2896,8520
3142,8520
344,8522
903,8523
3145,8523
363,8524
3505,8524
1058,8525
18,8527
1379,8527
499,8528
2036,8529
1877,8530
1535,8531
956,8532
3215,8532
5887,8532
434,8534
1498,8534
3967,8534
6553,8538
4219,8539
2,8542
780,8542
7083,8542
49,8543
997,8543
162,8545
786,8545
2171,8545
2865,8545
6664,8546
7627,8547
1036,8548
6319,8548
4149,8550
8358,8550
7401,8551
2952,8553
6255,8555
58,8556
96,8556
5265,8556
1815,8557
319,8558
2635,8558
1335,8559
21,8560
6046,8560
3037,8561
3346,8562
5146,8563
227,8564
1580,8564
3930,8564
4682,8564
572,8567
4,8570
1181,8572
86,8574
417,8574
5153,8574
36,8575
86,8575
1075,8575
1027,8576
1848,8578
1975,8578
613,8579
4300,8580
6374,8581
4606,8583
5518,8583
12,8586
4891,8587
6045,8587
6954,8587
2101,8588
5980,8588
117,8591
2101,8591
2270,8591
3568,8593
6662,8595
1037,8596
3429,8598
1,8599
4735,8599
6586,8599
135,8600
6319,8600
5013,8602
754,8603
1347,8607
5340,8607
7154,8609
8216,8609
43,8610
5469,8611
122,8613
2633,8614
1182,8615
3154,8616
56,8617
3354,8620
589,8621
1932,8621
5266,8621
1872,8623
7801,8623
5551,8625
361,8626
8,8628
1713,8628
6520,8630
6816,8633
2751,8635
12,8636
2775,8636
8344,8636
3230,8639
27,8640
6745,8641
8065,8642
5690,8643
7,8644
186,8644
3939,8645
2105,8646
3497,8646
8079,8646
5216,8648
7947,8648
1674,8651
5193,8651
225,8652
2178,8652
3310,8653
743,8654
8524,8654
3952,8655
4045,8655
8143,8655
1049,8656
151,8657
652,8657
1037,8657
5394,8657
4899,8658
2539,8659
3656,8660
6892,8660
7284,8661
38,8662
7949,8662
4637,8663
2587,8664
861,8665
1885,8665
7554,8665
729,8667
2616,8669
455,8670
1022,8670
5317,8671
59,8672
5216,8672
335,8675
4,8676
55,8677
3742,8677
1314,8678
2845,8678
1280,8679
2531,8679
5193,8682
4121,8683
45,8686
960,8687
3438,8688
1249,8690
5850,8691
589,8694
6456,8695
324,8696
1190,8697
2941,8697
1881,8699
3710,8699
7537,8700
5476,8702
533,8704
735,8704
6806,8705
7491,8707
78,8708
417,8708
2188,8708
3664,8709
4121,8709
7268,8710
1,8712
2898,8715
4415,8715
388,8716
363,8717
3228,8717
2813,8719
3316,8719
5325,8722
100,8723
2,8726
3,8726
5824,8726
6898,8726
7734,8726
1620,8727
580,8728
738,8729
779,8731
3571,8731
841,8733
5492,8735
763,8737
2918,8737
5840,8737
7284,8737
1890,8738
7288,8738
2595,8739
8258,8741
1492,8744
1747,8744
7806,8744
956,8747
983,8753
1,8754
786,8754
155,8755
6335,8755
7266,8756
647,8757
4393,8757
1042,8759
3691,8762
256,8763
547,8764
916,8764
2032,8767
6338,8767
18,8768
722,8768
4575,8768
119,8769
4440,8769
7849,8769
6611,8770
9,8772
3230,8773
5288,8773
417,8776
519,8777
116,8778
675,8778
2465,8778
3174,8778
3437,8778
246,8779
2709,8779
27,8781
1969,8781
6312,8781
203,8782
845,8782
379,8783
2855,8784
296,8785
168,8786
52,8790
871,8790
1012,8790
8046,8790
8646,8790
1313,8792
1654,8793
1875,8793
3741,8794
804,8797
1304,8797
2129,8797
3894,8797
2684,8798
131,8799
4668,8800
4168,8801
5500,8802
3344,8805
7,8806
1363,8807
4006,8808
9,8809
3411,8809
4185,8809
2114,8811
4306,8811
4903,8811
691,8812
4240,8812
638,8814
604,8815
1003,8816
5324,8816
2133,8819
1637,8820
3529,8821
1075,8822
55,8825
1239,8825
4451,8825
6170,8827
7,8828
3562,8828
4519,8828
495,8830
3866,8830
8588,8830
68,8831
850,8832
7717,8832
5873,8833
1443,8835
1610,8835
2007,8835
4297,8835
2284,8836
514,8837
2111,8837
1658,8840
5645,8840
597,8841
2610,8842
715,8844
2253,8844
461,8846
1482,8846
4911,8846
656,8847
880,8847
1003,8847
1643,8847
6922,8847
296,8848
650,8848
835,8849
1606,8849
2264,8849
4575,8850
5324,8850
3849,8852
3985,8856
8811,8856
4400,8857
199,8859
379,8859
1443,8860
7149,8860
7949,8860
4364,8862
461,8865
6452,8865
1037,8866
4573,8866
146,8870
6486,8870
3003,8871
679,8872
3722,8872
470,8873
623,8873
2846,8874
36,8876
9,8877
1003,8877
1637,8877
5927,8878
325,8880
768,8881
1331,8882
6454,8882
5840,8884
5177,8885
9,8886
6578,8887
747,8888
6116,8889
5281,8892
1551,8893
12,8894
2262,8894
3964,8894
2209,8895
3757,8897
12,8898
923,8898
3223,8898
4213,8898
4608,8898
298,8899
8208,8899
3105,8901
1623,8902
2308,8902
1566,8904
5327,8905
270,8907
1,8908
1516,8908
5625,8908
362,8909
1713,8909
2667,8909
8419,8909
1906,8910
3587,8910
2782,8911
7447,8912
32,8913
361,8913
2495,8913
3008,8913
4603,8914
3442,8916
7739,8916
329,8917
6560,8918
8644,8921
4497,8922
205,8923
4076,8923
5718,8924
430,8928
22,8931
6200,8931
1539,8933
8913,8933
59,8936
5009,8936
67,8937
1379,8938
2331,8938
764,8939
109,8941
104,8942
3991,8942
199,8944
4128,8944
137,8945
3345,8945
4562,8946
7438,8947
8660,8947
6919,8948
8503,8948
1818,8949
2240,8949
2469,8950
3165,8950
5837,8950
2758,8952
427,8953
1109,8953
8335,8953
2082,8954
3260,8955
6639,8956
1289,8958
2583,8958
8615,8958
86,8960
3907,8960
5954,8960
59,8962
885,8962
936,8963
2855,8963
7,8964
1194,8964
595,8966
227,8969
650,8969
7535,8970
647,8971
333,8972
1818,8972
3126,8972
3652,8973
958,8976
6632,8976
8534,8976
1881,8979
2036,8981
6108,8981
223,8982
18,8983
59,8983
1809,8985
3866,8988
5366,8989
2642,8990
2823,8990
5229,8991
2192,8992
1270,8993
3440,8993
725,8998
519,8999
7064,8999
2612,9000
1430,9003
62,9004
9,9005
650,9006
3352,9006
2902,9007
6417,9007
4925,9009
4339,9010
6820,9010
6292,9011
6321,9013
5134,9014
8770,9014
712,9015
1430,9015
1347,9017
2806,9017
7292,9017
8335,9017
3310,9019
3627,9019
54,9022
8002,9022
962,9023
3105,9023
8988,9024
961,9025
30,9026
49,9026
6311,9026
3414,9027
2,9028
6670,9028
7401,9028
4879,9029
8670,9029
7,9030
198,9032
299,9032
653,9032
219,9033
944,9033
3376,9033
862,9034
3533,9037
4921,9038
5424,9038
6036,9039
7139,9039
725,9040
3667,9040
432,9042
5926,9042
98,9043
5461,9043
6653,9043
98,9044
4955,9044
3952,9045
326,9046
6851,9046
3363,9048
7275,9050
4752,9051
1069,9053
387,9054
1130,9056
2122,9058
1078,9059
603,9060
8143,9061
4955,9062
59,9064
2551,9066
1881,9069
2001,9070
4877,9071
656,9073
696,9073
6633,9073
1,9074
1707,9074
5026,9074
7603,9077
1936,9078
5800,9078
7223,9078
715,9081
8769,9081
2,9083
2011,9083
2584,9083
557,9084
6303,9084
3574,9085
745,9088
7683,9088
5863,9089
98,9090
1838,9090
4,9091
251,9091
2760,9092
750,9093
3736,9096
495,9097
1557,9097
3008,9097
5567,9105
12,9106
3223,9107
7815,9107
1229,9108
43,9109
3009,9109
5704,9109
3156,9110
366,9112
22,9113
761,9113
9023,9115
2,9116
4519,9116
3355,9117
6555,9122
32,9124
339,9125
2415,9125
4554,9125
5966,9125
32,9127
5571,9127
163,9128
349,9128
3120,9129
1718,9131
141,9132
724,9132
43,9133
1505,9133
8265,9133
62,9134
2267,9134
335,9137
2749,9137
525,9138
3067,9138
3153,9138
2309,9139
2262,9140
4801,9140
3048,9141
257,9145
8850,9149
3165,9151
2214,9152
6609,9152
5433,9154
6313,9154
392,9155
868,9155
9,9157
1368,9158
2531,9158
186,9159
3418,9160
2771,9162
1213,9163
792,9165
997,9166
943,9169
9,9171
6148,9171
1907,9172
1,9176
546,9176
5689,9176
8644,9176
454,9179
4654,9179
1566,9180
922,9181
2439,9182
3486,9182
5520,9183
1,9185
5994,9185
141,9187
131,9188
6200,9188
1573,9189
1502,9194
3429,9194
1566,9195
284,9197
54,9199
503,9199
9083,9201
2465,9203
56,9204
679,9204
6605,9204
1933,9205
415,9207
2468,9209
3227,9210
679,9211
194,9212
509,9213
2423,9213
7849,9213
7068,9215
78,9216
3523,9216
499,9217
5490,9217
1214,9220
43,9221
3907,9222
358,9225
5013,9226
5433,9229
6542,9230
1,9231
1172,9231
5338,9232
270,9233
1492,9234
679,9235
1811,9236
7374,9238
8030,9238
185,9240
1037,9240
4841,9240
5551,9240
20,9241
653,9241
1792,9242
1541,9244
3789,9244
4825,9244
4064,9245
4227,9245
5424,9245
3201,9249
2681,9250
175,9252
2342,9252
4341,9253
3515,9254
220,9255
2998,9256
1,9257
417,9257
911,9257
2911,9257
8548,9257
219,9259
1787,9259
277,9260
4223,9260
8572,9260
417,9263
4697,9263
4993,9264
6515,9266
8106,9266
54,9268
7491,9268
7324,9269
2,9270
2697,9270
219,9271
837,9272
3055,9273
6580,9273
8800,9275
185,9277
1866,9277
9255,9278
3523,9279
79,9280
196,9280
1155,9280
5111,9280
406,9282
9,9283
4083,9284
6891,9286
8657,9287
5511,9288
2113,9289
9030,9289
3239,9290
761,9292
7892,9292
8286,9294
724,9296
3699,9296
477,9297
7878,9299
579,9300
903,9300
581,9302
958,9303
1622,9303
8778,9303
7195,9305
5290,9309
757,9310
203,9311
6564,9311
623,9313
8630,9313
3629,9315
3601,9317
8881,9318
104,9321
4616,9321
5470,9321
5733,9321
6763,9321
8993,9322
1847,9323
4801,9323
572,9325
45,9326
7186,9326
40,9327
509,9327
8395,9327
80,9330
6825,9333
31,9335
260,9335
2925,9335
8850,9335
5077,9336
3723,9337
45,9338
2775,9339
6417,9339
2587,9340
4018,9341
7732,9342
6357,9343
7475,9345
6309,9346
1555,9347
2975,9347
2021,9348
2952,9350
3380,9350
329,9351
653,9351
8950,9352
132,9353
5481,9353
219,9356
916,9356
5753,9356
7069,9356
2022,9358
2760,9361
8949,9361
434,9362
1625,9362
7373,9362
46,9366
139,9366
5228,9366
281,9367
985,9368
109,9369
12,9370
1006,9371
2642,9371
1401,9372
2391,9372
78,9374
1298,9377
4929,9379
1732,9380
2505,9380
4343,9383
2490,9384
8909,9385
846,9388
6878,9388
704,9389
1717,9389
721,9390
3806,9391
5,9392
477,9394
34,9395
35,9396
360,9396
429,9396
1205,9396
1243,9396
7375,9397
219,9398
721,9399
1356,9400
1502,9400
5408,9400
3376,9402
4446,9403
1007,9404
3529,9406
3736,9406
5078,9406
35,9409
124,9409
459,9409
3606,9410
5518,9412
6666,9412
6919,9412
4542,9415
196,9416
34,9419
430,9419
1036,9419
4598,9419
4945,9419
7542,9419
320,9421
470,9424
4202,9424
4668,9424
613,9426
1992,9426
12,9427
756,9427
1708,9427
335,9428
339,9430
101,9431
12,9433
5038,9433
790,9434
5888,9434
35,9435
612,9436
724,9437
4385,9437
976,9440
8133,9441
54,9442
2391,9444
597,9446
7269,9446
6750,9447
7028,9447
1923,9450
2209,9451
1751,9452
5084,9454
851,9455
2104,9459
6106,9459
2,9460
98,9461
324,9462
3105,9462
5593,9462
2245,9464
597,9465
8220,9465
143,9467
537,9468
3710,9469
677,9471
1229,9471
1966,9471
260,9472
9321,9473
6564,9477
919,9478
4440,9479
122,9482
217,9484
647,9484
2015,9484
0,9488
774,9490
175,9491
2587,9491
9,9492
1367,9495
2839,9495
5193,9495
8513,9495
4648,9501
6820,9503
1367,9505
1732,9505
3228,9505
3911,9505
1699,9506
1528,9507
4286,9508
5803,9510
135,9511
18,9512
1310,9512
6143,9513
8214,9513
3316,9514
9444,9514
805,9515
1633,9516
6258,9516
6635,9517
4381,9518
2597,9519
4457,9519
5552,9519
2678,9522
5,9523
8016,9525
863,9526
2744,9526
3553,9526
379,9528
2469,9528
1,9529
495,9530
8245,9530
5743,9531
1685,9532
5879,9532
344,9533
7813,9535
246,9536
6519,9536
9294,9536
212,9542
2859,9542
3179,9542
3929,9542
3638,9543
7980,9543
5461,9544
141,9545
6143,9545
537,9546
5443,9549
8258,9549
764,9550
2406,9550
9335,9551
120,9556
2395,9556
8433,9557
8355,9558
2414,9559
6907,9559
796,9560
768,9561
22,9562
2455,9563
533,9565
707,9565
1058,9565
1009,9566
7634,9566
7635,9567
7127,9569
2700,9571
5,9572
1148,9572
3017,9572
12,9576
2339,9576
6538,9577
4673,9578
171,9579
6421,9579
5104,9580
2122,9582
56,9584
7969,9584
614,9585
1961,9585
35,9587
925,9587
7004,9591
3094,9592
1778,9593
8214,9593
2404,9594
2742,9594
4921,9595
3165,9596
324,9599
1382,9599
4440,9599
4879,9601
2298,9602
960,9603
179,9607
8123,9607
9388,9607
1,9608
496,9608
4559,9608
1843,9610
5007,9612
7450,9612
4415,9613
6854,9615
9290,9615
469,9616
1326,9616
2127,9616
2767,9616
389,9617
4186,9618
12,9619
204,9623
3982,9625
5033,9626
1968,9627
1980,9627
46,9628
680,9628
3139,9628
4252,9628
12,9629
1037,9629
3056,9629
1147,9630
1980,9630
5033,9630
8805,9631
1645,9632
4405,9632
9587,9632
115,9634
1375,9634
1498,9634
799,9635
2343,9635
3411,9637
7252,9637
1366,9638
4770,9639
109,9640
325,9640
590,9641
3872,9641
3148,9642
155,9645
5253,9645
6902,9649
361,9651
4159,9652
68,9654
1304,9654
4480,9654
3432,9655
2672,9657
1908,9658
3571,9660
1247,9662
4791,9662
45,9663
2245,9663
8790,9663
621,9664
1012,9665
6515,9666
205,9667
6452,9668
9629,9668
9,9669
710,9669
581,9670
9,9671
3485,9672
8942,9672
16,9673
8259,9674
8809,9679
2,9680
194,9681
6829,9684
7097,9684
7368,9684
7402,9688
8800,9688
8964,9688
1,9689
58,9689
1436,9691
9097,9692
922,9693
648,9698
2440,9699
3697,9699
895,9700
4390,9701
3530,9702
2122,9703
5980,9703
8950,9703
617,9704
5568,9704
430,9705
83,9706
524,9706
8735,9706
3576,9707
12,9708
761,9708
1157,9709
5524,9709
400,9710
8392,9710
680,9711
2587,9711
5643,9711
7066,9715
1966,9718
9511,9718
4182,9719
4794,9719
6319,9719
8118,9719
3866,9722
8679,9722
544,9723
5464,9723
203,9725
5281,9725
2855,9726
497,9728
906,9728
430,9732
59,9734
8387,9736
5466,9739
4894,9740
5984,9740
8245,9741
270,9743
1022,9743
6759,9743
3580,9744
572,9748
9406,9748
3097,9749
4337,9749
7265,9750
1960,9751
3289,9752
6750,9752
715,9753
2212,9754
3327,9754
5285,9754
232,9755
9536,9755
59,9756
1636,9756
3691,9756
1375,9757
9245,9758
1975,9759
6721,9759
7292,9760
2678,9761
3366,9762
219,9763
3124,9766
6269,9767
8513,9767
4,9769
2901,9769
5625,9769
404,9771
145,9772
5,9774
189,9774
109,9775
410,9776
3579,9776
1957,9778
3433,9778
5262,9779
761,9782
837,9782
7745,9784
47,9787
977,9789
4219,9790
8894,9794
2,9796
391,9796
663,9796
3486,9796
1,9797
2544,9798
1448,9799
2838,9799
4778,9801
9,9803
7212,9804
648,9805
3635,9805
220,9806
9134,9810
7471,9812
86,9814
9000,9814
8563,9817
837,9818
2289,9819
2,9820
679,9820
9040,9820
4,9821
1685,9823
4032,9823
7429,9823
9434,9823
8778,9827
1124,9828
6854,9828
8657,9828
141,9829
851,9829
5028,9831
2,9832
8416,9832
737,9833
6200,9833
7284,9833
3674,9835
5497,9835
3254,9836
489,9838
387,9840
8694,9840
2303,9841
9222,9842
2751,9845
105,9846
6808,9847
5470,9848
5855,9848
1747,9849
8392,9849
1608,9851
4057,9851
5028,9851
861,9852
6898,9853
88,9855
509,9855
3024,9855
7953,9855
3089,9857
9006,9857
582,9858
8885,9858
4533,9859
1097,9860
22,9861
9,9862
1363,9862
5267,9865
6502,9866
1541,9867
3643,9868
7375,9868
122,9873
4711,9873
3985,9874
9,9875
257,9875
1239,9875
2642,9875
2391,9876
3710,9876
4408,9876
6237,9878
495,9879
7427,9879
753,9880
1637,9880
8665,9881
255,9885
7450,9888
4393,9889
2,9890
1969,9890
410,9891
6108,9891
7561,9891
9670,9891
8040,9892
1557,9894
2161,9894
9508,9895
9,9899
4280,9900
5927,9900
255,9902
1566,9903
0,9905
2082,9905
1415,9906
4073,9907
8425,9909
126,9911
4085,9911
5731,9912
2793,9914
1295,9915
8545,9915
549,9916
4306,9916
296,9918
4360,9919
4402,9919
2605,9920
8690,9920
9270,9920
3593,9921
656,9922
2231,9923
8909,9923
186,9925
212,9925
5580,9926
5677,9926
9,9927
1345,9927
12,9930
3030,9930
3352,9930
3389,9930
5289,9930
7276,9930
4,9933
12,9933
22,9933
4075,9933
4519,9933
1439,9934
8591,9934
9857,9934
605,9935
2171,9935
3805,9935
5623,9935
18,9937
565,9937
4280,9940
199,9942
1,9943
242,9943
109,9946
735,9946
2964,9946
691,9948
5535,9948
2,9951
871,9951
8958,9954
9176,9954
1838,9956
2339,9956
7,9957
589,9957
624,9958
5281,9958
116,9959
2968,9959
1247,9960
116,9964
735,9964
7938,9964
647,9965
3989,9966
3055,9970
5052,9970
781,9972
22,9973
1,9975
1198,9975
9905,9975
18,9976
2468,9976
2944,9976
6338,9977
916,9978
12,9979
763,9979
2015,9982
9876,9986
2133,9987
997,9989
2307,9991
2133,9994
1198,9995
9419,9995
1711,9997
7103,9997
2269,9998
4791,9999
6590,9999
