0,1
1,2
2,3
3,4
3,6
0,8
1,8
3,9
0,12
3,12
8,12
0,13
3,13
6,13
3,14
2,15
13,15
8,16
0,19
13,19
12,21
2,22
21,22
0,24
3,25
21,25
13,31
3,34
8,34
13,34
0,39
13,41
12,43
6,47
3,49
13,50
0,52
16,52
1,54
2,56
3,56
9,56
13,56
13,58
22,58
0,59
0,60
3,60
19,60
0,62
3,64
8,64
21,66
50,66
56,67
34,69
0,71
41,71
52,73
1,75
3,77
13,77
41,77
1,78
2,84
12,84
13,84
41,84
12,85
3,87
12,87
87,88
3,89
13,89
3,92
4,92
12,93
19,93
62,94
89,94
60,96
3,100
49,101
3,102
1,104
12,104
0,106
92,107
56,108
60,108
41,111
12,113
107,114
22,116
25,116
19,117
62,117
3,118
43,118
94,118
78,119
12,121
116,121
13,123
12,125
8,126
56,126
60,126
56,127
41,128
13,129
52,129
89,131
49,132
111,132
58,136
22,137
13,139
3,141
66,141
34,142
22,143
49,143
22,144
89,144
3,151
116,152
12,154
87,156
118,157
8,158
8,159
2,160
58,160
87,160
3,162
116,163
0,164
117,166
22,167
12,168
49,169
56,170
22,173
118,173
64,177
121,177
143,177
12,178
8,180
6,181
2,182
116,188
162,188
3,190
3,191
182,194
0,195
1,195
108,196
117,196
0,197
21,198
9,199
107,199
31,202
16,203
34,203
156,206
16,208
116,209
12,210
50,210
58,219
87,222
160,222
3,224
15,224
84,224
31,225
3,226
71,226
158,226
41,228
3,231
0,232
1,233
3,233
52,233
88,233
0,234
0,235
12,237
0,238
104,240
6,242
41,243
199,244
126,245
156,245
8,247
108,248
60,249
22,250
31,250
114,250
43,251
0,253
111,254
242,254
250,257
1,259
127,259
3,260
141,260
8,265
41,265
71,265
0,266
127,269
226,270
118,273
3,274
13,275
16,277
84,277
84,279
247,279
0,281
1,281
71,281
87,281
22,282
34,282
254,282
0,283
15,283
107,283
111,283
191,283
2,284
0,285
224,285
21,286
231,288
224,292
3,293
84,293
107,293
2,295
177,296
60,299
282,299
71,300
288,300
158,301
34,304
208,306
60,308
158,309
283,309
6,310
22,310
2,312
3,313
3,314
84,317
233,317
254,317
111,318
22,319
180,319
281,319
19,320
56,322
31,323
254,323
178,324
1,325
19,325
1,326
0,327
3,327
41,327
13,328
19,329
0,330
12,330
56,334
84,334
0,335
3,336
245,336
177,338
265,338
77,340
178,340
12,341
89,341
2,342
320,344
9,345
13,345
136,346
125,348
319,348
87,350
84,351
126,351
269,351
0,352
1,352
2,353
158,353
237,353
2,355
84,355
60,356
107,356
22,357
224,357
326,357
351,357
319,358
39,360
338,360
224,361
323,361
12,365
273,366
84,367
0,369
84,369
3,372
60,372
41,375
108,375
6,379
77,379
19,380
116,380
13,381
71,381
2,382
247,382
19,383
0,384
6,384
338,384
0,387
59,389
118,389
222,389
3,390
9,391
259,391
116,392
254,392
344,392
60,393
137,393
392,393
285,396
0,397
8,399
365,399
104,400
93,401
108,402
281,402
375,403
54,404
195,406
292,406
319,406
127,408
93,409
54,410
6,412
319,413
3,414
21,415
89,416
1,417
52,417
58,417
34,418
89,418
336,418
406,419
2,420
6,420
199,423
58,424
389,425
237,426
89,427
34,428
49,428
203,428
348,428
141,429
245,429
318,429
50,430
379,431
406,432
89,434
118,437
429,438
116,440
226,441
348,441
375,441
89,442
3,444
41,444
250,444
16,446
318,446
384,447
210,448
75,449
84,452
3,453
22,455
277,455
6,457
158,457
319,457
3,458
84,460
319,460
3,461
116,461
0,462
77,462
89,462
460,463
13,464
25,464
402,464
270,465
431,466
85,467
54,468
116,468
257,469
152,472
396,472
89,473
463,474
195,475
299,475
2,476
237,477
190,478
22,479
158,480
0,481
399,481
3,484
198,484
273,485
8,487
22,487
0,488
340,488
0,489
12,489
402,489
8,490
417,494
300,495
225,496
283,496
94,497
178,497
306,498
318,498
0,499
118,499
340,500
402,500
3,502
56,502
295,502
0,504
380,504
444,504
16,505
387,505
210,506
52,509
366,509
509,510
318,511
6,512
247,514
118,515
88,516
499,518
3,520
393,521
344,522
1,523
379,526
478,526
52,527
56,530
60,530
160,531
260,532
19,533
281,533
108,534
357,536
199,537
384,537
341,541
475,541
233,543
0,545
34,546
293,546
199,549
233,549
248,554
237,557
281,559
8,560
257,560
355,560
92,561
102,563
60,564
444,564
16,565
64,565
295,566
114,567
233,567
58,568
336,568
88,569
222,569
412,569
34,572
319,573
533,573
561,573
338,574
380,574
127,575
382,575
41,576
245,578
12,579
107,579
248,579
21,580
514,580
136,582
575,584
574,585
365,587
2,588
12,588
111,591
22,592
237,592
461,592
52,593
125,593
163,593
409,593
13,594
564,594
355,595
9,596
54,596
509,597
329,598
160,599
1,600
21,601
136,601
141,602
137,603
15,604
41,607
71,613
484,613
509,614
8,615
351,615
224,616
484,616
300,617
60,618
504,618
50,619
224,621
543,624
3,625
87,625
22,626
292,626
12,627
56,629
546,629
389,630
93,631
195,631
309,631
71,632
87,633
34,637
6,638
107,638
143,638
77,639
0,640
22,640
418,640
569,640
9,643
13,643
369,643
389,644
75,647
546,647
357,648
344,649
158,651
16,653
318,653
638,653
318,654
475,655
113,656
282,657
89,658
12,659
89,660
319,660
2,661
158,662
632,662
22,663
84,665
429,665
13,667
0,668
389,668
111,670
137,671
197,671
210,671
31,674
168,675
224,675
647,680
56,684
199,684
12,685
226,685
498,686
60,687
494,687
418,689
22,692
416,692
62,695
1,696
66,696
457,696
50,698
195,699
199,699
13,701
472,701
84,702
325,705
0,706
0,707
22,707
60,707
417,708
336,709
12,711
351,714
441,715
465,715
565,716
56,718
266,719
319,719
116,720
300,720
447,720
0,721
56,721
329,721
52,725
0,731
2,733
64,734
210,734
516,734
527,734
34,736
412,736
618,736
1,737
382,738
296,739
323,739
603,739
3,740
413,740
191,741
195,742
84,743
22,747
127,747
58,748
158,750
616,750
698,750
721,750
60,751
66,752
0,753
116,753
582,754
658,754
84,755
631,755
511,756
177,758
281,758
3,759
125,759
160,760
118,761
401,763
43,764
52,764
400,764
444,766
603,766
231,767
348,768
499,769
687,771
127,772
281,772
108,777
111,778
177,779
406,779
484,780
132,781
329,781
355,781
319,782
52,785
250,785
716,785
488,786
565,786
195,788
6,789
447,790
760,790
788,790
257,793
580,795
108,796
270,797
357,798
472,799
404,800
9,801
560,801
655,803
84,804
158,804
689,804
391,805
6,806
296,806
191,807
3,808
224,812
341,814
549,815
160,816
107,818
87,820
92,822
107,822
191,822
409,823
621,823
2,824
318,824
58,825
283,826
6,827
158,831
259,831
393,831
31,833
210,833
643,835
574,838
19,839
31,839
43,844
1,845
2,845
158,846
237,846
518,848
84,849
3,850
85,850
88,850
266,851
89,852
402,852
788,853
0,854
8,854
87,855
31,857
118,857
41,858
101,858
31,861
594,861
640,861
12,862
707,862
160,863
254,863
34,865
31,868
52,869
0,870
293,870
2,871
854,871
3,872
89,872
499,872
77,874
242,878
143,882
152,882
484,883
568,883
84,885
353,885
844,885
107,886
308,886
299,888
464,888
2,889
13,890
2,892
89,893
52,894
195,895
12,897
118,897
182,898
283,898
12,899
2,900
22,900
41,901
402,902
199,903
319,903
389,903
480,903
12,904
54,904
831,904
865,905
418,908
12,911
89,911
318,911
440,911
578,911
0,912
3,913
389,915
309,917
116,918
210,918
338,918
118,919
195,923
270,923
684,925
863,926
54,927
56,929
125,929
546,929
118,930
707,930
750,934
233,936
594,936
257,937
444,938
595,938
13,939
248,939
417,941
480,942
21,943
345,945
19,946
21,946
895,946
34,947
938,949
369,950
6,952
684,952
913,952
71,955
127,955
248,956
114,958
699,959
464,962
715,962
6,963
637,963
277,966
345,968
831,968
598,969
12,971
952,971
160,972
496,973
549,973
418,974
587,974
312,975
89,976
111,977
871,977
141,978
488,978
13,980
389,980
6,981
64,981
521,981
496,986
498,986
0,988
34,988
49,988
301,989
345,990
259,992
269,992
499,995
613,996
603,998
647,998
850,998
111,1000
0,1001
390,1001
564,1001
52,1002
742,1003
13,1004
75,1004
440,1006
885,1006
779,1008
199,1009
390,1009
871,1009
274,1010
6,1011
15,1011
559,1014
390,1016
50,1018
379,1018
49,1019
360,1019
452,1021
89,1022
0,1023
19,1023
488,1024
1006,1027
199,1029
938,1030
380,1031
481,1031
980,1031
1019,1031
279,1035
389,1035
390,1038
455,1038
0,1039
64,1039
117,1039
572,1040
60,1042
195,1042
420,1042
21,1045
973,1045
885,1048
475,1049
734,1050
995,1050
233,1053
281,1055
13,1057
285,1058
939,1058
2,1060
12,1060
522,1061
846,1061
58,1064
62,1064
13,1065
296,1065
900,1065
579,1067
132,1068
348,1068
452,1068
199,1069
210,1070
805,1070
895,1071
686,1075
903,1078
790,1080
1001,1081
574,1083
1031,1084
392,1085
490,1085
357,1092
226,1093
968,1094
56,1100
549,1100
340,1102
237,1103
235,1105
353,1105
283,1106
593,1107
888,1107
402,1108
626,1108
58,1111
108,1112
649,1114
852,1114
417,1116
319,1117
21,1118
3,1120
420,1120
658,1120
788,1120
2,1121
1031,1121
716,1122
1006,1122
671,1123
142,1128
306,1130
499,1132
936,1133
141,1134
270,1134
348,1134
222,1135
431,1136
594,1138
49,1139
177,1140
849,1140
269,1143
651,1143
283,1144
1004,1144
62,1147
488,1147
60,1148
279,1148
357,1149
518,1149
60,1150
141,1151
15,1152
116,1153
0,1154
191,1154
1065,1154
58,1157
369,1159
6,1163
41,1163
1024,1164
254,1165
160,1166
208,1166
34,1167
643,1167
918,1167
318,1169
1,1170
121,1170
0,1171
923,1171
808,1172
1154,1172
281,1173
434,1173
34,1175
66,1176
60,1177
389,1177
247,1178
222,1179
288,1181
719,1181
389,1183
686,1183
1108,1183
60,1184
89,1184
273,1184
56,1188
84,1190
974,1191
3,1193
254,1194
257,1194
440,1194
225,1195
13,1196
52,1196
132,1196
822,1200
75,1201
956,1201
247,1203
591,1203
54,1206
127,1206
475,1206
116,1208
574,1209
660,1209
707,1209
417,1210
461,1210
579,1211
56,1212
77,1212
785,1214
224,1215
720,1215
156,1216
892,1216
31,1217
382,1218
974,1218
9,1219
22,1219
233,1222
883,1224
50,1226
1132,1226
1023,1230
163,1232
1068,1232
3,1233
804,1233
1006,1233
579,1234
823,1234
885,1234
314,1235
851,1235
345,1236
222,1239
799,1240
56,1241
660,1241
963,1242
846,1243
12,1244
992,1246
1,1247
117,1247
868,1247
989,1248
1006,1248
266,1249
127,1252
253,1252
273,1253
1211,1253
391,1255
139,1257
0,1258
461,1260
536,1260
644,1265
89,1267
248,1267
621,1267
191,1269
575,1269
617,1270
19,1271
162,1271
226,1271
911,1271
925,1271
955,1271
929,1272
6,1274
269,1274
516,1274
434,1275
629,1276
1,1277
3,1280
452,1280
9,1281
958,1282
988,1283
0,1284
188,1284
191,1284
319,1285
357,1285
715,1285
638,1286
1,1287
1190,1288
188,1289
107,1290
653,1294
952,1294
846,1296
1120,1296
6,1298
108,1299
49,1300
341,1300
141,1301
152,1304
160,1305
167,1305
330,1305
576,1305
675,1306
1164,1306
118,1308
751,1308
71,1309
77,1309
245,1309
754,1309
3,1311
84,1311
141,1315
434,1315
2,1316
60,1318
41,1319
158,1321
21,1324
488,1324
13,1325
52,1325
357,1325
992,1325
674,1328
177,1329
898,1330
168,1333
861,1333
116,1336
831,1337
440,1338
929,1338
457,1340
929,1341
469,1342
1232,1342
0,1343
455,1348
496,1348
685,1348
626,1349
1209,1349
2,1351
805,1351
158,1352
84,1354
615,1354
254,1355
380,1358
995,1359
93,1361
674,1361
572,1362
89,1363
1128,1363
132,1368
60,1369
464,1369
849,1372
788,1373
643,1376
760,1376
1143,1376
78,1377
108,1377
0,1379
22,1379
846,1379
406,1380
141,1381
1380,1385
152,1388
104,1389
420,1389
22,1390
195,1393
12,1394
16,1395
144,1395
300,1395
973,1395
58,1398
226,1398
575,1399
1368,1402
107,1404
629,1407
71,1408
952,1409
8,1410
3,1411
12,1411
499,1411
247,1412
281,1412
549,1412
283,1413
353,1413
64,1414
247,1415
489,1415
50,1416
366,1419
885,1420
177,1421
1,1422
418,1422
925,1424
929,1424
1232,1426
465,1427
638,1427
687,1427
60,1428
790,1429
3,1430
788,1433
1412,1434
314,1436
989,1436
22,1438
546,1438
971,1441
210,1444
60,1446
1284,1446
1,1447
978,1447
514,1448
89,1452
1100,1453
41,1457
846,1457
1284,1457
71,1458
340,1458
0,1460
13,1460
158,1460
12,1461
1294,1462
675,1464
785,1464
12,1465
41,1465
12,1466
89,1466
389,1468
520,1469
738,1469
389,1470
60,1472
1315,1472
3,1474
913,1475
846,1476
1218,1477
242,1480
1470,1480
1147,1482
631,1483
1045,1486
1249,1489
904,1491
1381,1493
510,1494
1023,1494
85,1496
747,1496
152,1499
638,1499
1132,1500
31,1502
637,1503
598,1504
779,1504
685,1505
353,1508
242,1509
273,1509
58,1512
1222,1512
418,1513
191,1516
823,1516
8,1517
707,1517
160,1519
455,1519
34,1520
603,1521
353,1525
1049,1526
488,1528
195,1529
1218,1529
739,1530
441,1531
87,1532
345,1532
1042,1532
357,1533
626,1533
93,1534
484,1534
0,1536
499,1536
9,1538
966,1540
1120,1540
67,1543
197,1544
108,1546
489,1547
1200,1547
12,1548
197,1548
655,1548
913,1549
1395,1549
426,1550
1316,1550
3,1552
0,1553
1196,1553
250,1554
455,1557
31,1559
488,1560
3,1561
686,1561
254,1562
1166,1562
6,1563
448,1564
1493,1564
575,1565
1031,1566
1038,1566
137,1567
707,1567
882,1567
1433,1567
16,1568
379,1569
521,1569
936,1569
13,1571
1469,1571
365,1573
420,1573
779,1574
781,1574
1002,1574
1336,1574
415,1576
1018,1576
389,1577
899,1577
816,1579
344,1580
22,1582
3,1583
226,1584
248,1584
980,1584
1377,1585
327,1586
351,1586
366,1586
60,1588
249,1590
759,1591
440,1592
12,1593
285,1595
2,1596
764,1596
0,1597
84,1598
1084,1598
160,1601
108,1602
651,1605
1419,1605
116,1606
545,1606
711,1607
402,1610
740,1610
8,1611
25,1612
160,1612
380,1613
430,1615
1305,1616
250,1617
754,1617
1108,1617
3,1618
6,1618
1399,1618
345,1620
22,1621
41,1621
318,1621
1271,1621
0,1622
340,1622
357,1622
449,1622
1283,1622
892,1624
978,1624
248,1625
348,1627
1247,1627
1247,1628
13,1629
195,1629
658,1632
1325,1633
505,1634
1191,1634
1107,1635
273,1636
0,1638
137,1638
132,1639
77,1640
1610,1640
831,1641
1316,1641
560,1643
13,1647
265,1648
615,1648
22,1651
614,1653
754,1654
1561,1656
257,1657
1287,1657
1167,1658
1315,1658
41,1659
111,1659
424,1660
34,1661
254,1662
1503,1662
41,1663
393,1663
569,1663
885,1663
108,1665
1258,1667
62,1669
897,1669
191,1670
1215,1671
329,1673
1605,1676
734,1677
981,1677
85,1681
1553,1682
1191,1684
1206,1684
973,1685
318,1687
269,1688
974,1688
0,1690
3,1690
1271,1695
477,1697
418,1704
1167,1704
19,1705
340,1706
913,1706
1690,1706
442,1707
1031,1709
1300,1710
1421,1711
2,1712
136,1712
389,1713
77,1715
199,1715
534,1716
1004,1716
266,1717
849,1717
568,1718
743,1718
50,1722
479,1722
1,1723
348,1723
962,1724
438,1725
514,1725
477,1726
657,1729
127,1730
1107,1730
660,1731
1722,1731
1509,1732
1039,1734
338,1738
3,1739
706,1739
127,1741
1385,1742
160,1743
1,1744
992,1745
1398,1745
67,1747
846,1747
1226,1747
899,1750
242,1751
1427,1753
127,1754
488,1758
15,1759
41,1759
52,1761
361,1761
903,1761
1209,1762
274,1764
52,1765
266,1766
237,1767
199,1770
429,1770
409,1771
1464,1771
1753,1771
457,1774
488,1774
740,1774
852,1774
389,1776
1274,1776
1206,1779
1,1781
21,1781
41,1781
720,1781
1241,1781
719,1783
1577,1783
874,1784
1217,1785
1536,1785
1460,1786
457,1794
1144,1794
22,1795
379,1795
404,1795
499,1795
2,1798
1183,1798
199,1799
1584,1805
1147,1806
191,1808
977,1808
1430,1808
1379,1809
52,1810
952,1811
1200,1811
516,1812
904,1812
530,1814
952,1814
479,1815
1617,1815
452,1816
1351,1817
706,1818
952,1818
16,1820
1453,1820
1595,1821
527,1822
389,1823
199,1824
1468,1824
740,1825
380,1826
2,1827
389,1829
1398,1829
595,1830
579,1831
1480,1831
127,1832
631,1832
87,1833
510,1835
1003,1835
582,1836
127,1839
154,1841
419,1841
1112,1841
464,1842
822,1843
1835,1844
478,1845
655,1845
1029,1846
1031,1847
0,1850
360,1854
898,1854
156,1856
1050,1857
342,1858
850,1858
396,1859
12,1860
60,1861
1854,1863
1663,1864
3,1865
423,1866
861,1867
1519,1867
50,1868
12,1869
675,1869
1269,1869
34,1870
345,1870
1673,1871
3,1872
60,1872
406,1875
777,1877
801,1877
1175,1877
222,1878
379,1878
6,1879
393,1879
392,1880
975,1880
1504,1881
743,1882
259,1885
16,1887
1166,1888
281,1889
1509,1889
202,1890
1620,1890
6,1894
355,1895
1753,1895
87,1896
137,1897
409,1897
418,1897
943,1897
1877,1897
328,1898
885,1898
0,1899
1318,1899
1006,1900
1010,1900
15,1901
1232,1901
1562,1902
440,1903
1018,1903
3,1904
245,1905
323,1905
401,1906
750,1907
160,1908
502,1908
250,1909
488,1910
400,1912
1602,1912
715,1913
852,1913
925,1913
1329,1913
1361,1916
1206,1918
318,1919
1739,1919
245,1921
250,1921
638,1921
279,1923
740,1923
772,1923
1233,1923
1241,1923
92,1925
116,1926
738,1926
764,1927
1553,1927
248,1928
208,1930
156,1933
190,1933
71,1934
0,1935
84,1935
93,1935
41,1936
888,1936
1018,1936
41,1937
318,1938
1117,1938
1536,1938
41,1939
709,1939
1859,1941
587,1942
919,1943
1305,1945
242,1946
971,1946
883,1947
104,1948
1247,1948
318,1952
89,1953
1499,1953
141,1955
499,1955
706,1956
734,1956
850,1956
1177,1957
1798,1957
1269,1959
84,1960
415,1962
760,1964
178,1965
518,1965
653,1966
1669,1966
167,1968
125,1969
1695,1969
199,1970
318,1972
13,1974
62,1974
54,1977
579,1979
1247,1980
0,1982
1235,1982
1004,1984
62,1985
67,1985
318,1986
3,1987
870,1989
87,1990
850,1992
248,1993
22,1994
89,1995
638,1996
496,1998
84,1999
242,1999
12,2000
389,2001
738,2001
93,2002
141,2002
54,2003
1661,2003
283,2006
151,2007
472,2007
417,2008
989,2008
341,2009
1057,2012
1271,2012
2008,2013
3,2016
62,2016
480,2017
104,2020
1196,2020
1040,2021
418,2022
60,2024
1634,2024
1458,2025
461,2026
441,2031
917,2031
2,2032
2,2033
13,2034
594,2034
629,2034
306,2035
0,2036
22,2036
1521,2036
323,2037
372,2037
499,2038
1617,2039
1987,2039
734,2042
489,2043
615,2043
936,2043
71,2044
341,2044
823,2045
50,2046
3,2048
323,2048
3,2049
1820,2050
871,2053
21,2054
199,2055
62,2056
71,2057
738,2058
1673,2058
199,2060
418,2063
939,2064
127,2066
488,2066
1960,2067
309,2068
1460,2069
158,2070
707,2070
1939,2071
9,2072
903,2073
1993,2073
431,2074
1081,2074
1270,2074
417,2075
546,2075
579,2075
1280,2075
413,2076
1747,2076
1956,2078
0,2079
329,2081
89,2083
92,2083
1233,2084
1269,2084
801,2085
1771,2085
0,2086
992,2086
930,2087
2066,2087
466,2088
902,2088
1232,2088
288,2089
742,2089
1150,2089
178,2090
785,2093
1669,2093
1747,2094
254,2097
166,2099
1338,2101
1419,2104
13,2105
104,2105
895,2106
22,2107
88,2107
1380,2107
686,2108
1682,2109
1148,2113
1319,2113
0,2115
654,2119
572,2121
1,2122
12,2122
514,2123
1023,2125
1781,2127
575,2128
102,2129
248,2129
1627,2129
73,2130
160,2132
1999,2133
1717,2134
1938,2134
259,2135
719,2138
992,2138
1771,2138
336,2139
60,2140
210,2141
1996,2141
78,2142
903,2143
1533,2143
2,2144
962,2146
8,2147
1567,2147
8,2149
929,2149
1857,2149
801,2150
808,2150
989,2150
1184,2150
1669,2150
1718,2150
1288,2151
392,2152
93,2153
715,2153
1271,2155
41,2156
1685,2159
579,2161
603,2161
1049,2161
0,2162
594,2162
1880,2162
1,2164
2024,2164
714,2165
905,2169
1053,2169
1814,2169
277,2170
1880,2172
1569,2173
488,2177
222,2178
1010,2178
1061,2179
1521,2179
2,2180
52,2180
160,2185
962,2185
1333,2185
488,2186
533,2187
1024,2190
60,2191
962,2191
952,2192
1159,2193
244,2194
1193,2194
107,2195
565,2195
568,2195
587,2196
418,2197
502,2197
2031,2197
460,2200
1022,2200
1394,2200
34,2201
34,2202
167,2202
39,2203
21,2204
3,2205
484,2206
1184,2207
1584,2207
0,2208
222,2208
326,2208
579,2208
56,2209
1325,2209
1006,2210
66,2213
1648,2213
401,2216
381,2217
498,2217
389,2218
41,2221
2197,2221
1607,2222
1004,2223
34,2224
2129,2225
1503,2230
1742,2232
242,2233
560,2233
638,2233
1549,2233
895,2235
89,2236
326,2236
2008,2236
177,2238
442,2238
160,2239
87,2240
1938,2245
13,2246
1798,2247
1006,2248
1107,2248
279,2249
788,2249
989,2251
25,2252
2087,2254
818,2255
1602,2256
861,2257
1284,2257
318,2259
2020,2259
1316,2260
831,2261
1880,2261
1818,2264
299,2265
1315,2268
1968,2268
283,2270
1024,2270
325,2271
224,2272
575,2272
1464,2275
771,2276
111,2277
895,2278
863,2280
60,2281
1662,2281
569,2282
908,2282
237,2283
1253,2283
1482,2283
1948,2285
382,2286
734,2287
50,2288
734,2291
2281,2291
167,2292
1532,2292
1,2294
1596,2296
2281,2297
603,2300
224,2303
318,2303
319,2304
406,2304
952,2304
111,2305
274,2305
1184,2308
60,2309
1858,2309
89,2311
3,2314
12,2314
1620,2314
360,2315
740,2316
1031,2316
1861,2316
1562,2317
1547,2318
687,2321
852,2321
2149,2321
173,2323
257,2325
71,2329
1446,2336
334,2338
738,2339
779,2340
191,2341
603,2341
8,2342
799,2343
2113,2343
2134,2345
1120,2346
1,2347
380,2348
418,2350
3,2351
84,2351
1502,2351
1395,2352
301,2353
1829,2353
2074,2353
1878,2355
107,2357
22,2358
168,2358
696,2358
118,2359
1564,2359
1216,2360
127,2362
34,2363
2089,2364
740,2365
1184,2365
460,2366
962,2366
1120,2366
1399,2367
696,2368
401,2370
448,2370
1794,2370
392,2372
1315,2372
1520,2372
596,2373
190,2374
1861,2374
259,2375
121,2376
2024,2377
952,2378
0,2380
2186,2380
160,2381
1065,2381
54,2382
13,2383
208,2383
299,2384
360,2385
594,2385
801,2385
2245,2387
1854,2388
2281,2391
754,2392
2373,2399
390,2402
1612,2403
1349,2404
283,2405
259,2406
1588,2406
2008,2406
2341,2406
336,2407
1305,2407
1428,2407
77,2409
418,2409
1861,2409
225,2412
118,2413
631,2413
1712,2413
2169,2413
233,2414
365,2415
2281,2415
173,2416
850,2416
903,2416
1621,2419
393,2421
572,2422
852,2422
318,2423
1923,2423
596,2424
1399,2425
71,2426
247,2428
660,2429
1482,2429
629,2430
2206,2433
310,2435
2283,2435
2153,2436
0,2437
883,2438
1173,2440
89,2441
0,2445
1648,2446
0,2447
402,2448
1218,2448
12,2450
488,2450
705,2450
616,2451
1458,2452
1569,2452
2067,2452
281,2453
389,2453
768,2457
13,2458
962,2458
1038,2458
685,2459
1878,2459
1,2460
0,2461
616,2461
1765,2464
58,2467
77,2470
160,2470
1183,2472
2150,2472
788,2473
998,2475
2426,2476
170,2477
1977,2477
1276,2479
2365,2480
357,2483
2458,2483
1831,2484
277,2485
801,2488
2484,2488
1669,2489
895,2492
631,2493
918,2493
89,2494
2341,2496
1,2497
467,2497
1271,2498
2152,2498
136,2499
54,2500
417,2501
1921,2501
0,2502
1068,2503
671,2505
943,2506
254,2509
1241,2512
1761,2512
64,2514
327,2514
2032,2514
1571,2515
177,2517
419,2517
420,2518
1246,2518
2153,2518
2475,2519
6,2521
293,2521
369,2522
457,2522
603,2522
2008,2523
2069,2523
123,2524
584,2525
1820,2526
1938,2526
2162,2528
854,2529
1275,2529
1398,2529
2475,2529
911,2530
824,2531
760,2532
2521,2532
89,2533
719,2533
232,2535
2,2537
34,2537
1662,2538
118,2539
2368,2541
143,2543
638,2545
777,2548
391,2549
800,2550
846,2550
1833,2550
431,2552
1586,2554
424,2555
389,2556
1858,2556
1428,2557
418,2558
430,2560
658,2562
1528,2562
247,2563
245,2564
625,2565
384,2567
1107,2569
1267,2569
141,2570
54,2571
1731,2571
2113,2571
685,2572
619,2573
2374,2573
434,2574
2499,2574
593,2577
1296,2579
707,2580
366,2584
1,2585
108,2585
1651,2585
274,2587
955,2588
210,2590
2022,2590
77,2592
41,2593
2359,2593
119,2599
615,2599
1897,2601
883,2604
3,2610
202,2612
1512,2612
2550,2612
136,2613
152,2615
831,2616
603,2618
2200,2618
805,2620
1930,2620
1629,2621
54,2622
734,2624
509,2626
1325,2626
1102,2628
2213,2628
739,2629
1861,2629
248,2630
1184,2630
418,2631
2155,2632
222,2633
107,2634
127,2634
3,2637
283,2637
108,2638
389,2638
178,2640
903,2640
739,2643
66,2644
0,2645
162,2646
423,2646
616,2646
84,2647
1253,2647
759,2651
2622,2651
2646,2653
121,2654
196,2654
357,2654
489,2655
637,2657
2500,2657
89,2661
2348,2661
60,2662
526,2662
549,2662
2529,2662
923,2663
902,2664
648,2665
1352,2667
2448,2667
593,2668
1021,2670
1120,2672
656,2673
1648,2673
170,2674
1643,2674
3,2678
300,2679
1966,2679
87,2680
257,2680
2245,2680
49,2681
13,2682
2464,2682
2008,2683
621,2684
56,2685
754,2686
1031,2688
1,2690
379,2691
1776,2691
41,2693
466,2693
1107,2693
318,2697
392,2697
2,2700
872,2701
1276,2703
434,2704
132,2705
533,2705
1305,2709
2643,2709
469,2710
13,2713
962,2714
1018,2715
614,2716
455,2718
2012,2718
329,2719
19,2722
734,2722
1,2723
43,2723
2385,2724
1285,2725
1493,2725
962,2728
1,2729
408,2729
2325,2729
116,2730
1352,2731
850,2732
1593,2732
499,2735
1627,2736
1038,2738
2585,2740
1002,2741
489,2742
75,2744
479,2744
0,2745
274,2746
613,2746
1219,2746
248,2747
329,2747
111,2749
111,2750
460,2750
857,2750
2632,2750
1271,2751
854,2753
1745,2755
2541,2755
1377,2756
2201,2756
587,2757
87,2758
12,2759
247,2761
564,2761
0,2766
1148,2767
73,2768
1742,2769
93,2770
178,2770
381,2770
2161,2770
93,2773
224,2775
2150,2777
543,2778
3,2780
640,2781
1393,2781
168,2782
721,2783
1879,2784
12,2785
2365,2786
2,2788
3,2788
1,2789
1936,2791
350,2792
1482,2793
1761,2793
323,2795
638,2796
2115,2796
0,2797
237,2797
94,2798
9,2799
684,2801
2436,2802
1107,2803
13,2805
375,2805
31,2806
300,2806
2152,2806
166,2807
742,2807
750,2807
348,2808
8,2809
418,2809
437,2809
968,2809
12,2810
1468,2810
1496,2810
2191,2810
195,2811
319,2811
226,2813
22,2814
898,2814
2147,2814
437,2815
592,2815
998,2816
2514,2816
1521,2817
2744,2817
2758,2817
295,2818
455,2819
3,2820
327,2822
1900,2822
3,2823
1372,2823
2021,2823
379,2830
12,2831
275,2831
399,2831
707,2831
49,2832
199,2832
460,2832
1305,2832
389,2833
440,2833
89,2834
578,2834
1458,2834
34,2835
1102,2836
2122,2836
2351,2836
222,2837
707,2837
306,2839
319,2840
2413,2840
77,2844
659,2844
2138,2845
2628,2845
1004,2846
84,2847
872,2847
1004,2847
2556,2848
31,2849
1157,2849
1647,2851
13,2853
224,2854
1960,2854
78,2855
1433,2855
885,2856
102,2857
353,2858
6,2859
403,2863
1277,2863
857,2865
6,2866
1462,2866
156,2867
671,2867
885,2867
402,2868
653,2868
1722,2869
2809,2869
861,2871
1333,2873
2673,2874
1835,2875
2024,2875
2640,2875
285,2876
2523,2876
905,2878
1566,2878
1941,2878
3,2880
747,2880
3,2883
222,2885
707,2885
871,2885
808,2887
1984,2887
2723,2887
66,2889
41,2890
1935,2893
89,2898
601,2898
1006,2898
1605,2898
3,2899
60,2900
34,2901
34,2902
2809,2904
913,2906
2348,2907
418,2914
457,2916
1395,2917
1602,2917
2878,2918
348,2919
384,2920
1271,2920
2247,2921
2152,2922
465,2923
1820,2924
1363,2925
181,2926
872,2926
2391,2926
2087,2927
89,2928
1762,2928
336,2929
2678,2930
2016,2931
93,2932
418,2932
478,2932
747,2932
12,2933
872,2933
1230,2933
417,2936
475,2936
643,2936
2932,2936
71,2938
2756,2938
54,2939
89,2939
418,2939
2358,2939
31,2940
1154,2940
1283,2941
1315,2941
613,2943
1517,2945
472,2946
1395,2946
402,2947
1858,2947
108,2948
489,2949
348,2950
366,2951
1068,2951
19,2952
1,2953
418,2953
615,2954
1872,2954
2150,2955
4,2959
488,2959
1419,2959
402,2961
494,2961
510,2963
504,2964
594,2965
899,2966
2064,2967
1993,2970
638,2971
1232,2971
2741,2971
22,2975
1846,2975
2392,2975
43,2977
460,2977
658,2978
288,2979
523,2979
1271,2980
233,2981
1399,2981
754,2982
3,2983
87,2983
489,2983
661,2984
22,2985
41,2987
852,2987
2357,2988
2223,2989
283,2990
675,2990
125,2991
597,2991
671,2991
2044,2992
71,2993
992,2993
1550,2995
3,2996
474,2996
77,2998
789,2998
502,3000
1879,3000
452,3003
496,3003
13,3004
87,3004
518,3004
1776,3004
973,3007
2423,3007
2898,3009
488,3010
1325,3010
141,3012
2573,3012
614,3013
2169,3013
3012,3013
1,3015
247,3015
393,3015
1358,3016
108,3017
13,3018
1500,3018
47,3019
3,3021
166,3022
2159,3023
1006,3025
2012,3027
2662,3028
808,3029
3,3030
328,3031
631,3031
1823,3032
3,3033
118,3033
1612,3033
2156,3033
2831,3033
1120,3035
898,3037
978,3037
2831,3038
84,3040
766,3040
2278,3040
2341,3040
89,3042
78,3043
382,3043
3,3044
12,3044
84,3044
13,3045
1831,3045
12,3046
50,3046
1547,3047
210,3049
1120,3050
8,3051
1504,3051
1547,3052
2357,3052
2522,3053
1154,3054
460,3055
1067,3055
3,3057
804,3057
1002,3057
440,3058
1476,3058
89,3062
2503,3062
195,3064
60,3065
2901,3065
429,3066
410,3067
0,3068
575,3068
1747,3068
2722,3070
66,3072
2382,3072
1081,3073
1255,3073
1717,3074
2640,3074
1107,3077
3035,3077
1117,3079
372,3080
533,3081
2,3082
719,3082
785,3083
34,3084
1133,3085
1927,3085
2070,3085
3,3087
247,3090
3072,3090
3085,3090
166,3091
720,3092
1895,3097
1567,3098
477,3099
911,3099
6,3100
84,3102
60,3103
118,3103
384,3104
1024,3104
2143,3106
2742,3109
266,3110
2421,3110
13,3113
861,3113
93,3114
126,3115
461,3115
1761,3116
831,3117
1379,3117
1217,3118
0,3120
21,3120
1858,3122
104,3124
327,3124
3087,3125
89,3126
8,3128
1117,3128
2483,3129
759,3130
977,3130
1878,3130
2936,3130
955,3131
1233,3134
687,3135
751,3138
755,3138
247,3139
1722,3141
1519,3142
1718,3142
34,3143
345,3145
1283,3145
248,3146
2218,3147
3025,3147
0,3148
1569,3150
530,3152
1269,3153
64,3156
384,3156
522,3156
974,3156
384,3158
350,3159
575,3160
1466,3160
3040,3160
6,3162
0,3163
1434,3167
1457,3167
1006,3168
1209,3168
1550,3168
281,3169
923,3170
2261,3170
0,3172
127,3173
13,3174
43,3175
254,3175
1269,3180
104,3182
224,3182
2987,3182
560,3184
1617,3184
1385,3185
275,3186
575,3186
718,3187
107,3189
326,3191
1690,3194
592,3196
804,3196
52,3197
107,3198
132,3198
849,3199
3064,3199
85,3200
2792,3200
1716,3202
2467,3202
308,3203
13,3207
2164,3207
6,3208
58,3209
203,3209
104,3212
54,3219
1248,3220
1648,3220
84,3221
3116,3221
1429,3222
348,3224
2433,3224
2993,3225
1412,3226
850,3227
1562,3227
107,3228
127,3228
1315,3228
2562,3228
2526,3229
831,3230
1547,3230
1731,3234
565,3237
1812,3239
336,3241
50,3242
199,3243
58,3244
1654,3244
206,3247
62,3248
1318,3250
1936,3251
2811,3252
418,3253
6,3255
1340,3255
4,3260
281,3260
338,3260
475,3260
1896,3261
2370,3261
3085,3262
24,3263
430,3263
2817,3263
658,3265
127,3266
462,3266
2467,3266
1379,3268
39,3271
1283,3271
8,3272
94,3272
778,3274
779,3275
1938,3276
1282,3278
719,3281
3,3282
505,3284
560,3285
938,3286
2993,3286
402,3288
1354,3288
13,3290
2610,3290
89,3291
2448,3294
160,3295
3015,3295
1464,3296
575,3297
2680,3300
2610,3301
366,3302
1414,3302
1167,3303
2025,3303
3153,3303
496,3304
2847,3304
499,3305
1567,3305
1894,3305
242,3309
1070,3311
12,3313
2574,3313
687,3315
2887,3321
3286,3321
1023,3323
15,3324
1464,3325
689,3326
34,3327
653,3327
1277,3328
865,3329
2950,3329
75,3330
157,3330
911,3331
1939,3332
534,3334
1472,3335
2459,3336
19,3341
1888,3343
12,3345
2034,3345
2,3346
1108,3347
2876,3353
500,3354
41,3355
986,3356
3226,3356
579,3358
3073,3360
3,3361
956,3363
2750,3363
8,3364
2753,3364
929,3366
1657,3366
455,3368
509,3368
384,3369
2413,3369
2492,3369
94,3371
203,3371
1233,3371
1890,3371
12,3372
1023,3372
351,3373
15,3374
1457,3379
1921,3379
1472,3380
707,3382
872,3382
1348,3383
852,3386
946,3387
1747,3387
1284,3388
601,3389
2457,3389
428,3391
1243,3392
389,3393
952,3393
60,3395
1285,3396
2574,3396
1503,3397
1968,3397
54,3401
2438,3401
2278,3404
1469,3408
1118,3409
1300,3410
224,3411
569,3411
971,3411
1165,3412
108,3413
543,3414
514,3416
1593,3417
296,3419
34,3423
1325,3423
1829,3423
118,3424
127,3424
3085,3424
2732,3426
579,3427
782,3429
13,3430
1107,3431
2585,3431
684,3432
2932,3432
2573,3433
3055,3437
2064,3438
173,3440
2785,3440
417,3441
2321,3441
1241,3442
1815,3445
344,3448
0,3449
293,3449
793,3449
54,3451
872,3451
2089,3451
575,3452
903,3453
1218,3453
77,3454
22,3455
41,3455
177,3455
25,3458
247,3458
549,3460
3062,3460
1503,3462
2376,3463
104,3466
871,3466
196,3468
472,3471
946,3471
2,3474
3463,3475
1277,3476
1843,3477
1235,3479
2008,3479
2081,3479
1170,3480
173,3481
248,3482
12,3486
839,3486
351,3488
1068,3488
1831,3488
496,3489
3037,3490
1482,3492
1965,3493
196,3496
1294,3496
986,3497
988,3499
353,3502
1593,3504
1521,3505
3163,3508
0,3509
1831,3509
250,3510
299,3510
805,3510
2628,3510
1557,3511
3,3512
1271,3513
22,3514
12,3515
417,3515
1413,3515
601,3516
705,3517
720,3517
2979,3517
178,3518
12,3519
1116,3519
1203,3519
228,3520
1325,3521
499,3522
1641,3522
257,3524
1163,3524
1907,3524
2046,3524
1241,3526
952,3527
2816,3533
2056,3534
1925,3535
3068,3535
1502,3536
1503,3538
6,3539
686,3539
3180,3542
1271,3543
158,3544
3055,3544
60,3545
2809,3546
1055,3548
89,3550
1483,3550
0,3552
2615,3555
380,3556
3393,3556
250,3558
163,3559
2668,3559
1241,3560
4,3561
1722,3562
2,3564
93,3565
412,3567
785,3567
2,3568
3288,3568
2415,3570
484,3571
992,3572
2115,3572
3090,3573
50,3574
460,3574
1002,3574
1464,3574
3058,3575
89,3576
152,3577
2946,3577
31,3578
300,3578
2413,3582
1553,3583
118,3586
199,3586
34,3588
560,3588
1329,3588
19,3591
132,3597
488,3597
2291,3597
21,3598
84,3598
1065,3598
31,3599
1462,3600
1577,3601
661,3602
417,3604
1658,3604
87,3605
226,3606
2429,3606
3,3607
389,3607
2948,3607
560,3608
823,3609
2868,3609
1723,3612
1677,3614
1595,3616
2150,3616
2353,3616
254,3617
1536,3617
418,3619
15,3620
3609,3620
2185,3622
593,3623
1039,3623
1543,3623
568,3625
2113,3626
898,3627
2638,3629
1152,3630
1509,3630
2519,3631
771,3632
2246,3632
6,3633
199,3633
715,3633
627,3634
2817,3636
2370,3637
160,3638
1536,3638
3369,3638
248,3640
978,3640
1938,3640
668,3641
2068,3641
2281,3643
978,3644
1648,3645
804,3646
1321,3649
1271,3650
3012,3650
1,3651
9,3651
21,3651
740,3651
3225,3651
361,3653
402,3655
805,3655
974,3656
974,3657
266,3658
1531,3658
3173,3658
111,3659
166,3659
173,3659
685,3659
721,3661
2074,3661
1956,3662
199,3664
3054,3665
414,3667
527,3667
1567,3667
2087,3667
520,3668
3496,3668
3,3670
0,3671
242,3671
569,3671
522,3673
1233,3674
6,3675
108,3677
560,3678
2403,3681
428,3682
742,3683
84,3684
568,3684
178,3685
62,3686
199,3686
84,3687
382,3687
568,3687
282,3688
1184,3689
1774,3689
144,3690
2847,3690
2939,3690
199,3691
578,3693
603,3693
2353,3693
3106,3694
2831,3695
1923,3696
1464,3697
15,3698
222,3698
348,3698
1761,3699
444,3700
3684,3701
288,3702
336,3702
1255,3704
3228,3705
3583,3706
92,3707
1610,3707
1039,3708
477,3709
579,3709
1571,3710
883,3711
224,3714
191,3717
1962,3717
3182,3719
452,3720
319,3722
199,3723
1584,3723
1571,3724
3042,3725
279,3726
799,3727
13,3729
226,3729
2200,3729
2,3731
39,3732
89,3735
269,3735
785,3738
1882,3738
3274,3739
465,3740
3068,3742
2574,3744
499,3746
685,3747
1107,3747
2097,3747
0,3748
41,3749
31,3756
489,3757
613,3757
282,3758
504,3758
1641,3758
2178,3758
594,3761
1566,3761
3,3764
3659,3765
1171,3766
195,3767
461,3767
1039,3769
684,3770
903,3770
2105,3770
2206,3770
457,3772
658,3772
594,3773
592,3774
3510,3774
648,3775
117,3778
3511,3778
428,3779
8,3780
160,3782
1081,3782
2230,3782
3510,3783
345,3784
402,3789
1277,3789
599,3791
2528,3791
974,3792
2221,3792
3433,3792
2203,3793
202,3796
1785,3796
12,3798
1781,3798
2,3799
629,3799
3479,3799
968,3801
1613,3802
892,3803
2233,3803
740,3804
19,3807
852,3807
1948,3809
1579,3810
121,3812
2515,3812
114,3813
3719,3815
12,3816
595,3816
3577,3816
1643,3817
1277,3819
13,3820
751,3821
1504,3821
2618,3821
2268,3822
2562,3822
56,3823
2622,3826
3552,3828
2528,3829
22,3832
1447,3832
1713,3834
8,3835
0,3838
1234,3838
3327,3838
1171,3841
2703,3842
3013,3842
1877,3843
84,3845
647,3847
1863,3847
389,3848
946,3848
1395,3848
3030,3849
1019,3851
52,3852
1230,3852
2087,3852
22,3854
2257,3855
685,3856
3058,3856
89,3857
1521,3858
1977,3858
357,3859
351,3862
488,3862
259,3864
428,3866
1,3867
3,3867
64,3868
526,3868
1509,3870
419,3871
0,3873
3533,3873
2,3874
511,3876
2169,3876
116,3878
237,3878
389,3878
1905,3879
3686,3879
958,3880
2673,3882
2954,3882
419,3884
785,3885
1061,3886
1897,3887
2000,3887
196,3889
1938,3889
2413,3890
3341,3891
2388,3892
84,3893
2162,3893
361,3895
591,3895
2526,3895
49,3896
785,3896
457,3897
905,3897
1878,3897
2885,3898
6,3899
226,3900
785,3900
804,3901
1064,3901
2849,3901
705,3902
141,3903
615,3905
2991,3911
1532,3912
3386,3912
0,3913
796,3913
1340,3913
601,3914
1311,3914
2135,3914
3,3915
1726,3916
60,3917
1269,3917
499,3918
614,3919
2766,3919
345,3922
2452,3923
579,3924
2292,3924
113,3925
2209,3925
2480,3925
323,3928
1284,3928
952,3929
361,3933
1226,3933
1233,3933
1399,3933
2681,3934
955,3936
1913,3937
3817,3939
2971,3942
283,3944
2630,3944
3360,3945
3409,3945
1260,3946
568,3947
89,3948
300,3948
283,3951
13,3953
1171,3953
2309,3954
3767,3954
281,3955
166,3956
265,3956
1232,3956
3138,3957
259,3958
2705,3958
2996,3959
237,3960
96,3961
266,3961
379,3961
306,3962
25,3964
1628,3964
0,3965
2916,3966
3606,3967
384,3968
2883,3970
3017,3973
58,3975
772,3975
711,3980
3917,3980
404,3981
1444,3981
196,3984
1900,3984
1739,3985
3600,3985
2876,3987
2216,3990
2756,3996
3,3997
41,3997
1132,3999
2876,3999
3667,3999
1276,4000
1972,4000
574,4001
850,4001
479,4003
831,4004
1697,4004
2878,4005
686,4006
160,4007
2932,4007
77,4008
1464,4008
0,4009
273,4010
2012,4010
897,4011
2509,4011
2185,4013
345,4016
1211,4016
520,4017
64,4019
2484,4019
3079,4020
3,4022
1771,4022
3,4023
1341,4023
2268,4024
563,4025
1517,4025
56,4026
2571,4026
2,4027
15,4027
274,4027
3948,4030
0,4031
1233,4036
2744,4039
3203,4039
4031,4039
1610,4040
2008,4042
2113,4043
369,4044
917,4044
1253,4046
3409,4046
649,4048
3,4049
1352,4049
2378,4049
1305,4051
1553,4051
3037,4051
579,4053
760,4053
3803,4053
279,4055
3687,4055
481,4057
1805,4058
973,4060
1939,4060
59,4062
716,4063
94,4064
4016,4065
2817,4067
687,4069
233,4070
850,4071
1428,4071
1567,4071
3662,4071
3640,4073
292,4075
1114,4075
1,4076
3709,4076
1285,4082
3889,4082
462,4083
1771,4083
2416,4084
12,4085
118,4085
1004,4085
462,4086
15,4087
2770,4089
1620,4091
60,4092
1859,4092
168,4093
903,4093
2453,4094
1108,4095
16,4096
631,4096
1154,4096
2746,4096
3262,4098
1717,4099
1092,4101
3087,4101
3182,4101
384,4102
3113,4102
3263,4102
418,4103
2796,4103
12,4104
3368,4104
3732,4104
1178,4105
1308,4105
2044,4105
50,4107
160,4112
92,4113
1407,4113
2901,4114
58,4115
480,4115
4112,4115
199,4116
569,4116
1712,4117
2453,4120
2951,4120
1620,4121
232,4122
488,4122
3578,4122
2735,4123
2236,4124
118,4125
3222,4126
2074,4128
355,4129
629,4131
89,4133
2672,4135
237,4136
1897,4136
2373,4136
2987,4137
3263,4140
355,4144
3623,4144
1707,4145
1543,4147
52,4149
3,4150
319,4150
499,4151
449,4152
318,4153
4113,4153
3925,4157
799,4159
3,4160
62,4160
466,4160
142,4161
3397,4161
319,4162
340,4162
992,4162
1512,4163
2450,4163
3040,4164
3247,4166
2799,4167
3820,4168
60,4170
107,4170
575,4171
603,4171
1926,4171
3604,4171
4151,4171
1,4172
168,4179
222,4179
1902,4179
1269,4180
1,4181
34,4182
2209,4182
3588,4182
3,4183
299,4184
1241,4185
1233,4186
3667,4186
22,4188
77,4188
160,4188
871,4188
1469,4188
3453,4188
2412,4190
3515,4191
2415,4193
3168,4193
3944,4193
417,4194
3791,4195
4008,4196
299,4197
1152,4197
1285,4197
545,4199
2370,4199
1533,4200
3055,4200
2206,4201
248,4202
1006,4202
12,4203
6,4206
978,4206
2718,4206
658,4207
936,4208
2498,4208
319,4209
804,4211
1200,4211
692,4212
1011,4212
389,4214
658,4214
1835,4214
3327,4214
231,4219
2747,4219
2983,4219
158,4221
166,4222
1969,4222
247,4223
595,4223
1319,4223
1638,4223
1065,4226
22,4227
3939,4227
0,4228
177,4228
1526,4228
2574,4228
4124,4229
9,4230
3037,4230
3559,4230
468,4233
3368,4233
357,4235
3124,4235
685,4236
3527,4238
419,4239
707,4239
1543,4240
3,4241
293,4241
384,4241
651,4241
1574,4242
4120,4242
6,4243
4171,4243
3286,4248
1398,4249
1424,4249
2756,4249
747,4251
47,4252
705,4253
2252,4254
1899,4258
3687,4258
522,4263
3401,4263
1935,4264
2338,4264
0,4265
992,4265
93,4267
418,4267
75,4269
687,4270
52,4272
1964,4272
1031,4273
1130,4273
2089,4273
1562,4274
4023,4274
160,4276
3884,4276
3588,4277
705,4278
2057,4279
3129,4279
3130,4279
3990,4281
3413,4285
282,4286
2433,4286
22,4287
3,4290
132,4292
913,4294
379,4295
1092,4295
1685,4295
67,4297
392,4297
3711,4298
1201,4299
2218,4299
166,4301
680,4301
52,4302
66,4306
1315,4307
1102,4308
1232,4308
2644,4308
3739,4308
1354,4310
1430,4312
340,4315
2948,4317
499,4318
1305,4318
626,4319
3524,4319
686,4320
986,4320
127,4322
790,4323
102,4324
1184,4324
1673,4324
2407,4326
3013,4326
8,4328
3535,4328
3802,4328
1761,4329
4124,4332
196,4334
2981,4335
3878,4335
968,4336
3169,4336
142,4337
574,4338
1952,4338
4049,4340
2878,4341
3055,4341
4263,4342
2518,4343
4105,4343
455,4347
1024,4350
1794,4350
191,4351
357,4351
2938,4352
1879,4353
3577,4353
4188,4353
660,4356
3184,4356
101,4357
87,4359
1215,4359
851,4360
89,4361
13,4362
2849,4362
34,4363
93,4363
16,4364
93,4364
12,4365
417,4365
1472,4365
2064,4367
360,4368
2647,4368
3612,4369
13,4373
824,4374
1283,4374
2172,4375
196,4376
89,4377
952,4379
3,4380
2833,4384
1621,4386
2264,4388
1246,4389
92,4393
537,4393
1333,4394
1829,4394
3150,4395
2,4396
2031,4396
152,4397
248,4397
750,4397
925,4398
1661,4398
3,4399
661,4399
84,4400
2526,4401
3778,4401
177,4402
2904,4402
938,4403
462,4404
1640,4405
3241,4406
84,4407
3131,4407
4168,4408
295,4412
1557,4412
22,4413
281,4413
2464,4413
2423,4415
2538,4415
1159,4417
58,4418
269,4418
898,4418
141,4419
1271,4419
2729,4419
593,4420
41,4421
6,4423
1018,4423
1053,4424
913,4425
111,4427
651,4428
1536,4428
626,4429
3004,4429
327,4430
1023,4430
4405,4430
177,4432
406,4432
613,4433
3229,4433
654,4434
1045,4434
2233,4434
2939,4434
54,4435
199,4435
568,4437
1412,4437
1573,4439
4190,4439
4435,4439
60,4442
457,4442
936,4443
898,4444
587,4445
771,4445
1670,4445
1785,4445
233,4447
601,4447
4182,4447
318,4448
3631,4448
504,4449
1306,4451
4122,4451
2450,4452
6,4453
162,4453
182,4454
224,4455
2738,4456
1232,4457
2878,4457
191,4461
281,4461
582,4461
1704,4461
1201,4462
2992,4463
71,4464
591,4464
2761,4464
3961,4464
158,4465
391,4465
453,4465
917,4466
1415,4466
151,4468
2338,4468
579,4469
2283,4469
4240,4470
631,4471
3040,4472
15,4473
1395,4474
3727,4476
52,4477
3324,4478
651,4479
143,4480
257,4481
319,4481
1747,4481
1414,4482
2498,4483
1520,4485
615,4486
8,4488
2074,4488
355,4489
1004,4489
2321,4491
466,4492
943,4492
1854,4493
1715,4494
87,4495
870,4495
389,4496
696,4497
2681,4497
2985,4497
647,4498
2459,4500
1343,4501
1389,4503
4099,4503
455,4504
2755,4504
3,4505
158,4505
3789,4505
2529,4507
117,4508
22,4509
1602,4510
1571,4511
1835,4511
3191,4511
3454,4512
4194,4512
3659,4513
89,4515
1499,4515
895,4517
3546,4517
3962,4517
1336,4518
1859,4518
1861,4518
603,4519
849,4519
2640,4520
2831,4521
3826,4521
3460,4525
455,4527
1464,4527
84,4528
3803,4528
3,4531
3369,4531
360,4532
734,4533
158,4534
789,4535
1175,4535
1641,4535
12,4541
84,4541
1584,4542
3051,4542
3535,4542
3577,4543
2268,4544
3013,4544
719,4546
905,4546
475,4548
0,4549
360,4549
3058,4549
500,4550
144,4551
1428,4551
3766,4551
2810,4552
3207,4553
705,4555
801,4555
2338,4556
3598,4557
60,4558
738,4558
1201,4558
4208,4559
162,4560
2644,4560
4113,4560
84,4564
160,4564
3156,4566
575,4567
2314,4567
3064,4567
369,4568
3,4570
177,4570
601,4570
3468,4570
4010,4572
764,4574
1226,4574
3291,4574
191,4576
222,4576
3609,4577
4550,4577
177,4578
1061,4578
21,4580
177,4580
1716,4580
87,4583
698,4583
818,4585
3570,4585
706,4586
56,4588
480,4588
3929,4588
319,4592
1,4593
224,4593
3004,4593
1503,4594
0,4595
1006,4595
257,4596
2562,4596
3343,4596
4359,4598
111,4599
323,4599
50,4601
141,4601
913,4601
2233,4604
60,4605
2272,4608
8,4609
2221,4609
3416,4609
2766,4610
1283,4612
2839,4612
4343,4612
2403,4613
2996,4613
41,4614
4092,4615
2523,4616
2690,4617
526,4618
191,4619
872,4619
2208,4621
3329,4622
34,4623
2796,4623
4574,4623
4243,4624
16,4630
1509,4630
2433,4630
158,4631
3868,4633
1771,4635
3,4639
417,4640
1258,4640
1395,4640
2805,4640
251,4644
2796,4644
152,4646
355,4646
593,4647
1427,4647
3,4649
1107,4649
2512,4649
281,4650
2206,4650
3360,4650
254,4652
1999,4652
4428,4652
84,4653
357,4653
281,4656
1936,4658
157,4660
154,4661
514,4664
602,4665
3423,4665
4238,4665
1148,4666
1753,4666
658,4667
1953,4671
25,4673
357,4674
440,4674
4403,4677
653,4678
3726,4680
182,4681
2218,4681
31,4684
1899,4687
3387,4687
1338,4688
3729,4690
4058,4690
4556,4690
1464,4692
2252,4693
4055,4696
3226,4697
3124,4698
4328,4698
283,4700
4338,4700
16,4706
1399,4707
1055,4708
1241,4708
4466,4709
50,4710
4243,4710
1203,4711
659,4713
12,4714
1399,4714
1453,4715
3016,4715
2813,4716
22,4717
488,4718
4359,4720
4297,4721
1206,4722
2936,4722
4,4724
1745,4724
8,4725
638,4726
4500,4726
93,4727
1593,4727
2729,4728
389,4729
781,4730
1306,4732
2917,4732
3597,4733
946,4736
2678,4736
952,4738
4718,4739
537,4741
84,4742
56,4743
852,4743
3956,4743
1280,4744
464,4745
2074,4745
3659,4745
222,4749
31,4752
2001,4753
613,4755
3917,4755
2477,4756
151,4759
804,4759
1489,4759
136,4760
1318,4760
1734,4760
2152,4760
1184,4761
1413,4761
4085,4762
196,4763
597,4764
1023,4764
4476,4764
0,4765
1154,4765
1526,4766
3382,4767
58,4769
350,4769
687,4769
1325,4771
2351,4771
3924,4773
2207,4774
1200,4775
1688,4775
3090,4775
319,4776
177,4777
1607,4777
6,4778
4241,4778
293,4780
587,4780
1654,4780
1217,4782
338,4784
3437,4784
496,4788
1512,4790
734,4791
1606,4793
1890,4795
3,4796
998,4797
1330,4797
4644,4799
952,4801
1177,4801
2928,4804
254,4810
2640,4811
2,4813
799,4813
3609,4813
1394,4814
283,4816
2526,4818
318,4819
1984,4820
707,4821
4067,4821
1206,4822
3607,4822
1457,4823
226,4824
84,4825
3657,4826
1107,4827
4200,4828
2638,4831
831,4833
3174,4836
496,4837
3598,4837
242,4838
956,4839
1986,4839
719,4840
2620,4840
327,4841
978,4841
281,4843
437,4843
785,4845
1363,4846
393,4847
384,4849
4193,4850
13,4851
3626,4852
1647,4854
4423,4854
808,4856
973,4856
357,4858
402,4859
4595,4859
1039,4860
2403,4860
250,4865
2719,4865
329,4867
2785,4871
1469,4872
2503,4872
1606,4873
660,4874
2,4877
488,4877
2042,4877
2855,4877
60,4878
455,4878
1722,4881
4179,4881
3276,4882
4564,4884
21,4885
2138,4885
852,4886
2359,4887
4092,4887
943,4888
2078,4888
3055,4888
1532,4889
1206,4891
380,4892
4445,4892
125,4893
277,4894
9,4897
1394,4898
1283,4899
613,4902
1627,4902
3303,4904
114,4905
1285,4908
4556,4908
380,4910
58,4912
658,4912
1905,4912
319,4913
222,4914
4680,4916
518,4917
1361,4917
54,4918
2203,4918
514,4919
2849,4919
4367,4919
326,4921
2620,4921
2162,4922
0,4924
60,4924
13,4925
927,4926
3274,4926
402,4927
579,4927
1118,4931
4841,4931
0,4932
1167,4934
2472,4935
2563,4935
952,4936
2113,4939
1290,4940
52,4942
4017,4944
4433,4945
1209,4946
224,4947
327,4948
1003,4948
118,4949
1216,4950
3985,4952
4201,4952
418,4953
2245,4953
4332,4953
3774,4954
1629,4956
87,4958
1669,4960
118,4961
94,4966
1348,4967
2150,4967
318,4969
2920,4969
318,4970
941,4971
2009,4972
1831,4974
1102,4975
2835,4978
2452,4979
4219,4980
4718,4980
41,4981
6,4982
2363,4983
2773,4983
537,4986
0,4988
440,4989
1521,4990
974,4991
4022,4991
4512,4991
1858,4992
275,4993
2,4997
1731,4998
4104,4998
41,4999
3649,4999
3659,4999
1003,5000
380,5001
1470,5001
2538,5001
4319,5001
956,5003
1921,5003
2089,5003
1338,5005
15,5007
4308,5007
56,5008
480,5008
50,5011
365,5014
2079,5015
4120,5015
1718,5016
118,5017
3138,5018
4188,5018
1707,5019
1549,5022
2007,5022
0,5023
4102,5023
4308,5024
418,5025
971,5025
955,5027
1879,5027
0,5030
132,5030
22,5032
2505,5032
3914,5032
2832,5033
3156,5034
3010,5035
603,5036
104,5037
1148,5037
3562,5037
87,5038
41,5041
2321,5041
772,5042
1252,5042
2233,5043
487,5044
158,5045
1329,5045
822,5046
3684,5047
1444,5048
126,5049
265,5049
4570,5049
4892,5049
2610,5050
178,5052
2788,5052
89,5053
273,5053
3129,5053
455,5054
210,5055
4399,5055
84,5057
1895,5057
2744,5057
4497,5057
4916,5057
861,5058
504,5059
2368,5059
16,5060
1717,5060
4188,5061
3017,5062
87,5064
3156,5066
1248,5067
2766,5068
195,5070
75,5072
2058,5072
1657,5073
1955,5074
13,5075
1903,5078
126,5080
253,5081
668,5081
1426,5082
2785,5082
975,5083
2604,5083
3981,5083
1206,5084
4592,5084
0,5085
77,5085
163,5085
626,5087
785,5087
1617,5092
3131,5093
477,5097
520,5098
946,5100
4223,5101
614,5102
2089,5103
283,5104
500,5104
2081,5104
1055,5105
1505,5106
170,5107
3,5108
199,5108
675,5108
2630,5108
1055,5109
313,5111
357,5112
4845,5113
0,5118
457,5118
233,5119
1338,5119
3588,5121
3203,5122
3948,5122
1149,5126
12,5127
3550,5127
3062,5128
3929,5128
1869,5130
2264,5130
191,5131
720,5131
8,5133
4092,5133
13,5135
1521,5135
4082,5135
3773,5136
974,5138
92,5139
2755,5139
478,5141
4958,5141
107,5144
740,5145
706,5146
4519,5146
440,5147
1774,5147
1154,5149
84,5150
3862,5150
345,5152
785,5153
3265,5154
3510,5158
2046,5159
4326,5159
2793,5160
0,5161
5044,5161
1414,5162
480,5163
4497,5163
4182,5165
604,5167
1509,5168
25,5169
2736,5170
1593,5171
2026,5171
2924,5171
1436,5173
71,5175
3948,5175
3882,5176
125,5178
340,5178
440,5178
1499,5178
1569,5180
3901,5185
4583,5187
3793,5188
3389,5189
6,5190
2093,5190
4,5191
2452,5192
565,5193
2887,5193
3634,5193
158,5194
1460,5195
3,5197
1722,5197
173,5198
1040,5199
71,5202
269,5202
318,5202
3,5206
668,5207
5130,5207
1253,5208
210,5209
1890,5211
2378,5212
561,5213
3015,5214
4112,5214
77,5216
402,5217
1157,5219
4099,5219
484,5221
488,5222
3300,5222
3345,5222
3,5223
1271,5223
3209,5225
4465,5225
905,5226
417,5227
850,5230
382,5232
1858,5237
1203,5238
404,5240
582,5240
1184,5240
1318,5241
379,5242
2813,5243
341,5244
943,5244
1770,5244
541,5246
1414,5246
400,5247
4592,5247
4212,5248
785,5249
1505,5249
3630,5249
2365,5250
4324,5250
2683,5251
661,5252
1472,5252
4833,5252
4631,5253
460,5254
1648,5254
2152,5254
3577,5254
3,5255
92,5255
5032,5257
5247,5257
111,5258
660,5258
226,5259
602,5260
143,5261
34,5262
3882,5262
974,5264
613,5265
3117,5266
393,5267
2024,5267
4365,5267
4594,5267
496,5268
766,5268
4273,5271
4315,5273
952,5280
2194,5283
2810,5283
1528,5285
3474,5287
4085,5290
885,5291
505,5292
1464,5293
616,5298
1799,5298
4302,5298
2538,5299
2701,5299
5118,5299
226,5302
2574,5302
266,5303
460,5304
527,5304
5159,5304
3,5305
455,5306
4105,5306
1895,5307
4619,5307
721,5311
850,5311
2382,5311
4009,5311
0,5312
2008,5312
375,5313
462,5314
889,5314
418,5315
3847,5315
281,5316
3471,5316
397,5317
3004,5317
2761,5319
3454,5319
1673,5321
2066,5321
4157,5323
4841,5323
1,5324
19,5326
4153,5326
293,5327
3074,5327
293,5328
1,5330
274,5330
425,5330
1444,5330
1536,5330
5022,5332
952,5333
0,5334
543,5334
6,5335
259,5335
686,5336
1835,5337
2761,5337
3984,5337
341,5338
4350,5339
846,5340
2457,5341
3849,5341
1031,5342
1573,5342
22,5343
233,5345
89,5347
4096,5347
2048,5348
1781,5349
543,5350
12,5351
319,5351
2402,5351
671,5353
2,5354
22,5354
224,5355
292,5355
312,5355
626,5355
1379,5356
3598,5357
2900,5358
530,5359
2735,5359
4105,5360
237,5361
341,5362
2089,5362
423,5364
3944,5364
613,5365
5192,5366
1157,5368
1122,5369
488,5370
3627,5372
1379,5373
3740,5373
348,5375
2512,5375
4105,5376
222,5377
4112,5377
226,5379
4022,5380
1472,5383
1870,5385
719,5386
4799,5386
3,5388
3651,5388
281,5389
4568,5389
5062,5389
195,5390
2069,5396
5249,5397
25,5398
1210,5398
504,5400
1175,5400
6,5401
898,5403
1517,5403
1184,5404
62,5406
2255,5408
2855,5409
4188,5409
831,5411
1,5412
19,5412
71,5412
3172,5412
3558,5414
1712,5415
5335,5415
4287,5416
56,5419
3329,5421
1584,5422
2809,5422
1641,5424
3066,5425
2391,5427
657,5428
2034,5429
4286,5429
92,5430
660,5432
1018,5433
329,5434
357,5434
2610,5434
3103,5434
1006,5435
5081,5435
3732,5437
4433,5437
4212,5438
653,5439
3062,5439
222,5441
3803,5444
6,5445
428,5445
24,5446
392,5446
2876,5447
1725,5448
1957,5452
3895,5453
0,5455
853,5459
318,5460
22,5461
237,5461
1306,5461
2125,5461
60,5462
104,5462
674,5463
41,5465
1309,5465
1517,5465
160,5467
199,5469
160,5471
2206,5471
3539,5471
4644,5471
226,5472
4396,5474
452,5475
4971,5476
393,5478
647,5478
1595,5478
1574,5480
973,5482
698,5483
1298,5483
3899,5483
4644,5484
1395,5485
3517,5488
3013,5490
743,5491
1785,5491
2528,5491
1368,5493
853,5498
2831,5498
3388,5501
2113,5502
850,5504
1927,5504
89,5507
3791,5508
5152,5508
3,5509
319,5513
1133,5514
1669,5514
4892,5514
237,5515
1336,5515
4921,5516
5386,5516
3964,5517
4888,5517
357,5518
614,5520
782,5521
2248,5521
5083,5521
725,5524
4040,5524
5244,5525
2475,5526
4570,5526
224,5527
168,5528
60,5531
2796,5532
854,5534
282,5535
2357,5535
1847,5536
816,5538
4089,5539
4542,5539
2875,5540
94,5541
479,5541
1854,5542
687,5543
1722,5543
3244,5544
874,5546
2113,5546
1569,5547
406,5549
5111,5549
1021,5550
228,5552
419,5552
5303,5553
2115,5558
2746,5558
226,5560
537,5561
434,5568
1343,5568
1269,5569
3486,5570
627,5571
66,5572
1717,5572
2548,5573
3082,5573
12,5574
1531,5577
4931,5579
5033,5580
4428,5583
3847,5587
5337,5589
0,5591
21,5592
576,5592
868,5592
1280,5593
4342,5594
118,5596
292,5596
3740,5596
4784,5597
4051,5598
58,5599
4503,5600
58,5601
3,5602
4191,5602
498,5604
738,5604
178,5606
4147,5606
5411,5606
415,5607
1216,5609
460,5610
4153,5611
3229,5612
1712,5613
2294,5614
2208,5615
3355,5616
2264,5617
2732,5618
3222,5618
118,5619
4549,5619
2885,5620
366,5621
2878,5621
2885,5621
2248,5622
3454,5622
12,5623
680,5623
3899,5623
158,5625
4233,5625
3,5627
466,5628
3115,5630
846,5631
245,5632
4102,5632
2162,5633
852,5634
1502,5634
3010,5638
89,5639
580,5640
2783,5641
0,5642
5060,5643
3664,5644
2087,5649
5238,5651
2831,5652
1707,5653
4708,5653
3630,5655
345,5657
845,5658
166,5662
4412,5664
4621,5664
375,5665
1399,5665
2505,5665
5178,5665
3471,5666
480,5667
526,5667
1521,5668
3028,5668
1283,5670
188,5671
4092,5671
318,5674
5102,5674
111,5675
254,5675
257,5675
107,5676
3186,5676
945,5677
2680,5677
3334,5679
2121,5680
4171,5680
4804,5680
1395,5681
56,5682
4922,5682
626,5683
2292,5683
3684,5683
1159,5688
2810,5688
4163,5690
2991,5691
4596,5693
208,5694
1201,5694
1870,5694
1569,5695
59,5697
254,5698
71,5700
2461,5701
64,5702
4761,5702
5254,5702
56,5703
1543,5703
2950,5704
3239,5704
897,5705
2413,5705
2805,5705
1985,5707
2901,5707
1165,5711
2365,5711
3884,5711
5623,5715
1430,5716
118,5717
154,5717
243,5717
4399,5717
4297,5718
77,5720
318,5721
2430,5721
15,5722
1540,5722
2673,5723
430,5724
3690,5725
5427,5726
1610,5727
2664,5728
5388,5728
158,5730
409,5732
2452,5733
592,5734
1839,5734
126,5738
299,5738
649,5741
3311,5741
257,5742
2428,5744
417,5746
1248,5746
77,5747
575,5747
2063,5747
1938,5749
2233,5749
12,5750
233,5750
1598,5750
5149,5751
3113,5753
3700,5753
2206,5755
1067,5756
5488,5756
2565,5757
5359,5757
222,5758
2524,5758
509,5760
1184,5760
2489,5763
94,5764
1831,5764
2750,5764
4464,5765
4556,5765
4921,5765
2281,5766
2875,5768
12,5771
890,5774
5707,5774
60,5776
502,5776
2950,5777
2680,5780
1472,5783
178,5786
748,5786
3451,5786
4644,5786
195,5787
477,5788
2813,5788
1820,5789
195,5791
3033,5792
1102,5794
151,5796
514,5797
15,5798
2314,5800
3286,5801
3474,5802
5598,5802
1253,5803
1846,5803
1889,5803
2673,5803
2464,5804
3300,5804
432,5805
2562,5807
2792,5807
71,5810
1407,5810
314,5812
2169,5813
2268,5814
2433,5814
4299,5815
13,5816
1118,5817
3454,5817
5355,5817
1521,5819
1745,5819
1913,5819
3732,5819
592,5820
195,5821
1272,5821
107,5822
1206,5822
846,5823
2391,5823
60,5824
3122,5825
3828,5826
178,5833
1557,5833
742,5834
365,5835
2770,5835
104,5837
4085,5837
2405,5838
3,5840
2966,5842
5054,5843
50,5844
3598,5844
1877,5845
5213,5846
975,5847
468,5851
854,5852
108,5854
4916,5854
1832,5856
554,5857
1,5859
554,5859
1586,5859
477,5861
3286,5861
3526,5862
2939,5863
49,5864
484,5864
3466,5864
5238,5864
1529,5865
391,5868
2498,5868
6,5869
575,5869
1394,5871
329,5872
2876,5873
3709,5874
16,5879
2031,5879
4394,5879
4179,5880
1606,5882
13,5884
3964,5884
195,5885
389,5885
1460,5885
1512,5885
5359,5885
93,5886
1045,5888
1472,5888
3475,5889
5634,5891
721,5892
2959,5894
613,5895
707,5896
41,5897
71,5897
392,5897
734,5898
2643,5898
4761,5898
2101,5900
2640,5901
4307,5901
2341,5903
2610,5903
594,5905
344,5906
1010,5906
2,5907
196,5910
1968,5912
687,5919
1395,5919
2840,5920
4877,5920
233,5923
237,5923
1505,5923
5681,5924
245,5925
2610,5925
4544,5925
1148,5927
1814,5927
199,5928
4718,5928
1395,5930
2044,5930
4608,5931
2143,5932
2633,5932
2601,5933
739,5934
2423,5935
348,5937
522,5937
502,5940
4223,5940
60,5941
1398,5942
1935,5942
418,5944
4363,5945
2203,5951
2089,5952
500,5953
224,5954
602,5954
4609,5954
1878,5957
5083,5958
1325,5959
484,5960
772,5960
318,5961
361,5962
489,5962
4423,5962
5448,5962
1895,5963
233,5964
5485,5964
3517,5967
1923,5970
2709,5971
3309,5971
2,5972
248,5972
1325,5973
210,5974
318,5975
62,5976
3148,5976
929,5977
237,5978
1472,5978
6,5979
667,5979
447,5980
1255,5982
43,5983
980,5983
580,5984
1820,5985
2001,5985
2640,5987
178,5988
3382,5988
4263,5988
5802,5988
4324,5989
5859,5989
199,5990
854,5990
21,5991
1412,5991
1018,5993
89,5995
2823,5995
2502,6001
89,6002
1878,6003
989,6004
1348,6005
3305,6005
77,6006
3997,6007
1660,6008
253,6009
4290,6009
499,6010
2770,6013
2943,6015
3871,6017
1253,6019
21,6022
310,6022
1460,6022
1258,6023
338,6024
434,6025
1414,6025
1444,6025
4910,6027
705,6031
1818,6034
242,6036
5149,6036
3822,6037
244,6038
2281,6038
1209,6039
1,6042
84,6042
3,6044
6,6045
1061,6046
392,6050
2996,6050
1716,6051
2194,6052
1818,6053
2855,6053
3225,6053
84,6054
1274,6055
50,6056
2391,6056
52,6058
281,6061
851,6061
3286,6063
3936,6066
871,6067
905,6067
5728,6068
857,6069
12,6070
2939,6070
3182,6071
3524,6073
5358,6074
660,6076
3247,6076
60,6077
1045,6077
143,6078
283,6078
1713,6078
2556,6078
5540,6078
663,6079
523,6081
980,6081
1712,6081
418,6083
1482,6083
4099,6085
2104,6086
546,6087
1116,6087
269,6088
1206,6088
6073,6088
5070,6089
804,6093
496,6094
1395,6094
4396,6095
1305,6096
2034,6098
599,6102
5573,6102
554,6104
2943,6104
2647,6105
4395,6105
233,6107
2089,6109
341,6110
2089,6110
823,6111
13,6114
952,6115
318,6119
1209,6122
1120,6123
2584,6124
4211,6126
1206,6128
6025,6128
8,6129
6,6130
409,6130
5427,6131
1,6135
3996,6136
1561,6137
2240,6137
3045,6137
3466,6137
1453,6138
3661,6138
1747,6139
5574,6140
248,6141
2161,6145
3130,6151
4939,6151
293,6152
224,6153
943,6155
1540,6156
41,6157
92,6157
1512,6159
5634,6159
84,6160
1690,6160
4329,6163
671,6165
2920,6165
22,6166
520,6166
1274,6166
4397,6166
1215,6170
2013,6170
2254,6173
2950,6173
3424,6173
4200,6173
1169,6176
4166,6176
158,6178
173,6178
1065,6178
5022,6178
2643,6179
222,6180
430,6180
1625,6182
2927,6184
2906,6187
4978,6188
92,6189
805,6189
5804,6190
671,6191
1399,6192
3285,6194
253,6195
34,6196
2518,6196
2042,6197
962,6198
5621,6198
314,6199
5755,6201
863,6204
4082,6204
41,6205
355,6207
671,6207
4418,6207
2363,6208
485,6210
4073,6210
725,6211
2528,6211
3799,6211
13,6213
283,6213
1662,6214
2646,6214
250,6215
2991,6215
9,6220
872,6220
1923,6220
1031,6223
1446,6224
3064,6226
4318,6226
2521,6228
224,6230
1248,6232
1232,6233
1659,6233
1215,6234
1562,6235
3442,6235
3823,6236
469,6238
986,6238
5227,6238
2099,6240
593,6241
4190,6241
5602,6241
4191,6245
3,6247
77,6247
5593,6247
0,6249
499,6251
850,6252
351,6253
488,6254
5007,6254
4369,6255
178,6256
662,6256
2437,6258
1230,6261
1536,6261
3070,6261
3735,6261
254,6263
19,6268
715,6268
1018,6273
2792,6274
2,6275
273,6275
2,6276
2497,6276
3074,6276
4062,6276
5668,6276
418,6277
1105,6277
4113,6277
203,6278
3,6279
534,6281
2709,6283
4493,6283
3,6285
56,6286
107,6286
381,6286
4877,6286
64,6287
5439,6287
108,6289
233,6290
1795,6290
2152,6290
4841,6292
348,6294
318,6295
1519,6295
1908,6295
4071,6295
4335,6295
2831,6296
4543,6297
2810,6300
393,6301
1567,6301
1658,6301
4756,6301
3272,6302
3583,6302
5572,6302
56,6305
248,6305
41,6307
56,6307
533,6307
3311,6307
4273,6307
5038,6307
3159,6311
5225,6312
319,6315
1482,6316
4329,6316
1651,6317
4474,6317
12,6319
143,6320
418,6320
3010,6320
772,6321
1377,6321
1460,6322
1236,6323
632,6324
3838,6324
1982,6331
2876,6332
4566,6333
3173,6335
3303,6336
77,6339
1248,6343
1309,6343
2661,6343
4423,6344
5682,6344
1887,6346
4578,6348
75,6349
5005,6349
233,6351
4397,6351
177,6352
711,6352
4859,6352
4287,6354
116,6355
4279,6355
1018,6357
541,6359
392,6360
626,6360
5159,6360
49,6362
686,6362
92,6363
3466,6363
58,6364
2207,6365
3520,6365
62,6366
1154,6367
75,6368
1248,6369
2983,6370
593,6373
2647,6374
5727,6374
3,6375
257,6376
1563,6376
1712,6376
2612,6377
62,6379
518,6379
903,6379
4612,6382
2932,6383
1588,6385
923,6386
12,6387
788,6387
463,6389
4950,6389
3985,6390
5824,6390
511,6392
6,6393
593,6396
71,6398
152,6398
687,6399
1209,6401
6129,6401
1586,6403
13,6404
2025,6404
1277,6405
323,6407
41,6408
804,6408
283,6411
3945,6411
5907,6412
1946,6414
348,6416
489,6416
3015,6416
4150,6417
3704,6419
3,6422
89,6422
3073,6423
64,6424
4085,6424
5621,6424
334,6426
430,6426
758,6427
13,6428
6151,6428
2923,6429
1617,6430
5412,6430
4818,6432
58,6433
357,6435
1835,6435
1662,6440
1064,6444
3758,6447
469,6448
3488,6448
1795,6452
2383,6452
4324,6452
594,6453
2728,6454
389,6456
64,6457
514,6457
3278,6457
84,6458
338,6458
1253,6458
1818,6461
22,6462
1253,6464
1464,6465
1154,6466
1201,6466
3842,6466
3667,6467
785,6468
1617,6469
2409,6469
206,6470
2928,6470
3651,6470
2761,6471
925,6472
1888,6473
281,6475
1206,6476
1284,6479
707,6480
1540,6481
22,6483
3368,6483
127,6484
4892,6485
706,6489
1042,6489
299,6492
855,6492
3764,6493
1133,6498
1761,6498
9,6499
2887,6499
4308,6499
41,6500
199,6500
2741,6500
4000,6500
2920,6501
2232,6502
3948,6503
2178,6504
3729,6504
4476,6504
0,6506
2,6507
3693,6508
6369,6509
1274,6512
102,6513
107,6513
1152,6513
137,6514
1308,6514
13,6515
342,6515
986,6515
6081,6515
6382,6523
1177,6524
4838,6526
5057,6529
3221,6532
1210,6534
4771,6534
3898,6535
89,6537
92,6537
3124,6537
5198,6537
6286,6537
116,6538
565,6538
1982,6538
1247,6539
5208,6539
1,6540
5602,6542
1148,6546
1348,6546
319,6547
497,6549
2857,6549
1000,6551
3929,6551
799,6552
5815,6553
107,6554
648,6554
2638,6555
4773,6558
4507,6560
13,6561
2264,6561
5347,6561
1170,6563
1745,6563
6076,6563
2683,6567
1284,6569
2364,6569
929,6570
3019,6570
1004,6571
3186,6571
127,6573
88,6574
831,6576
3290,6576
870,6577
2035,6580
4208,6581
4200,6582
15,6584
489,6584
1414,6584
2278,6586
1536,6588
22,6589
248,6591
579,6591
2404,6592
199,6593
3471,6594
248,6595
911,6595
2643,6595
2413,6596
2162,6598
4188,6598
13,6599
2223,6600
3657,6601
1496,6602
4208,6602
283,6604
1247,6604
281,6605
195,6608
136,6609
2979,6610
4722,6610
5959,6613
13,6614
2423,6614
4102,6615
62,6616
2435,6616
141,6617
2847,6617
4665,6618
5373,6618
1,6620
1627,6623
393,6624
3030,6624
852,6626
1218,6628
1521,6628
927,6631
2704,6632
4103,6633
5113,6636
1,6637
1167,6638
59,6639
1550,6641
1831,6641
6435,6641
2218,6642
2254,6643
2920,6644
500,6645
1588,6645
1209,6647
582,6650
686,6650
1968,6652
5362,6652
21,6653
4681,6653
34,6655
417,6655
911,6655
22,6658
66,6658
4617,6660
5226,6660
6137,6662
3,6666
1460,6669
1966,6669
5244,6669
1536,6672
804,6673
2585,6674
2680,6676
13,6677
8,6678
12,6679
168,6679
549,6682
2680,6682
4718,6685
1731,6687
651,6689
1621,6689
5060,6689
224,6690
6238,6690
1081,6691
1399,6691
936,6693
1704,6694
5257,6695
5221,6696
3184,6697
3735,6698
5573,6698
5547,6702
895,6703
2259,6703
6173,6703
707,6705
5498,6707
715,6710
2087,6710
5316,6710
6382,6711
3513,6714
4214,6715
1472,6716
2268,6716
5764,6717
1,6720
380,6721
743,6721
537,6723
3463,6723
797,6724
382,6725
1165,6725
224,6727
253,6727
499,6727
2933,6730
509,6733
533,6734
1869,6734
2849,6735
1081,6737
1308,6738
5521,6741
2406,6743
5539,6743
5837,6743
0,6744
5416,6745
293,6746
455,6747
4439,6748
1861,6750
3479,6750
1927,6755
2325,6755
4375,6755
4698,6756
400,6757
4910,6757
56,6759
127,6760
2693,6761
6741,6761
1559,6762
89,6764
1148,6764
1517,6768
989,6769
3770,6770
4567,6770
5084,6770
1996,6771
3848,6772
2963,6773
2032,6774
197,6775
417,6775
3389,6779
4264,6779
281,6781
41,6783
319,6785
0,6787
5243,6787
496,6788
1532,6788
2252,6793
5488,6794
3,6796
2918,6797
5131,6797
195,6799
579,6799
2058,6800
300,6801
3064,6801
126,6803
2363,6803
16,6807
6538,6807
2248,6808
327,6809
224,6816
384,6817
1284,6817
2773,6817
5734,6817
4103,6818
1343,6820
402,6821
6538,6821
199,6823
196,6825
2996,6825
1010,6828
2878,6829
19,6831
2928,6831
1526,6832
4652,6832
0,6833
389,6833
2729,6833
751,6835
1395,6835
1201,6837
19,6838
4652,6838
340,6839
245,6841
846,6841
52,6842
156,6843
546,6844
2476,6844
4083,6844
3856,6847
3953,6849
449,6850
962,6850
974,6850
3698,6850
939,6852
6126,6852
195,6853
233,6853
1936,6853
3,6856
6,6856
925,6857
4507,6857
3658,6859
4541,6859
1761,6861
1839,6862
2218,6863
3984,6863
527,6865
1952,6865
300,6867
1284,6867
2655,6867
1414,6871
2867,6871
3065,6871
489,6872
1476,6872
5910,6872
6138,6872
67,6873
2021,6874
384,6875
0,6876
3956,6876
2488,6879
34,6880
330,6880
3055,6881
603,6882
1822,6882
5542,6882
6204,6883
3,6884
978,6884
3651,6887
5620,6888
357,6889
2074,6890
626,6892
1414,6892
3682,6892
2732,6894
1617,6895
845,6896
6730,6896
1742,6898
283,6901
355,6901
565,6902
64,6903
5711,6903
4476,6905
1651,6906
574,6907
22,6909
522,6909
101,6913
2422,6914
4541,6915
6843,6915
871,6916
1006,6917
1553,6918
4267,6918
3255,6919
4833,6919
3451,6920
266,6922
3764,6922
6332,6922
3701,6923
4649,6925
6025,6925
945,6926
5349,6926
2967,6928
3100,6928
687,6929
2016,6932
2248,6932
2185,6934
3658,6934
4395,6934
4555,6936
5801,6936
2512,6937
3761,6938
6107,6940
6849,6942
520,6944
3085,6944
1739,6946
3442,6946
3,6947
108,6947
111,6947
1783,6949
5249,6949
3,6950
484,6950
2438,6950
2939,6951
3019,6951
357,6952
1593,6952
2169,6952
4633,6952
254,6953
3631,6953
6055,6954
1019,6956
3550,6956
208,6957
2185,6957
3802,6958
0,6960
565,6960
1040,6960
4144,6960
195,6961
1253,6961
2367,6961
13,6962
114,6962
116,6963
6841,6963
1919,6964
6426,6967
2350,6968
5327,6971
6392,6971
3191,6972
2461,6974
3929,6976
3449,6978
4277,6979
4512,6979
222,6983
2218,6983
1888,6985
3849,6987
2718,6988
5886,6991
3239,6992
6067,6993
384,6995
6602,6995
457,6997
785,6997
92,7000
6538,7001
1503,7003
5705,7004
4197,7006
2248,7008
3449,7008
6365,7008
488,7009
502,7009
85,7010
2026,7010
2404,7010
923,7011
771,7012
1069,7014
1253,7015
2201,7017
4886,7018
1543,7019
4122,7020
5085,7021
2404,7022
4025,7022
6796,7022
60,7023
1912,7027
949,7029
3033,7030
266,7031
903,7033
1270,7035
6220,7036
222,7037
716,7037
1241,7037
3568,7038
3937,7038
3659,7039
5491,7040
3510,7042
561,7045
927,7046
3729,7046
1548,7047
1776,7048
1820,7048
5730,7048
89,7049
2729,7050
588,7051
2815,7054
233,7056
5816,7057
248,7065
1411,7065
3942,7065
5434,7068
2358,7069
5055,7069
5751,7069
4461,7071
158,7073
509,7073
3018,7073
3616,7076
6598,7076
141,7078
1762,7078
2,7080
225,7080
242,7080
1586,7080
2898,7081
5975,7081
3113,7083
4322,7083
6346,7083
1923,7084
2,7085
5185,7086
6506,7086
5851,7088
466,7089
6287,7089
5747,7090
668,7091
1361,7091
2815,7091
1464,7094
4105,7095
41,7096
705,7097
1648,7097
2729,7098
1923,7099
6944,7099
1233,7101
1352,7102
526,7104
579,7107
4025,7107
77,7108
382,7110
4092,7111
1509,7113
41,7114
3823,7115
6,7117
574,7118
2796,7118
707,7119
406,7121
3573,7121
4881,7121
5060,7124
5539,7124
4921,7126
707,7128
4308,7130
6448,7132
1832,7133
127,7134
4796,7134
7097,7135
2936,7137
3882,7138
12,7139
62,7139
5321,7141
158,7144
348,7145
687,7145
2867,7146
242,7147
6857,7147
357,7149
5539,7150
3263,7151
3928,7151
22,7152
2197,7155
6944,7155
0,7160
3010,7161
4212,7161
5465,7161
178,7162
2955,7164
3209,7166
1241,7168
1731,7168
22,7169
465,7172
496,7173
1070,7173
5336,7174
568,7175
1006,7175
4743,7175
8,7177
6094,7177
1363,7178
898,7179
3524,7179
6584,7180
0,7181
4914,7181
144,7182
0,7183
3515,7183
5241,7188
60,7189
253,7190
4295,7190
1269,7191
3239,7192
946,7193
402,7194
5989,7195
6,7196
379,7196
5972,7197
4085,7201
41,7202
208,7202
3368,7203
2480,7206
2367,7207
1075,7208
750,7209
1338,7209
613,7210
41,7211
2043,7211
7019,7212
1923,7213
2793,7213
3488,7213
986,7214
5055,7214
6151,7215
903,7216
6087,7217
5133,7218
2647,7219
224,7221
973,7221
6682,7221
4865,7222
9,7223
31,7225
3568,7226
3802,7226
6750,7228
5547,7229
5198,7230
6833,7230
2672,7231
4823,7231
3901,7232
58,7233
64,7233
1395,7233
116,7237
6152,7238
49,7239
1472,7239
2414,7240
87,7241
2113,7241
3431,7241
71,7242
668,7242
1985,7242
15,7243
59,7243
988,7245
4085,7245
6944,7248
707,7249
1004,7251
1563,7251
84,7252
3968,7253
1247,7254
2868,7254
3180,7254
3539,7255
477,7256
3802,7256
2876,7259
418,7261
5049,7262
1368,7264
2552,7264
4437,7265
6078,7266
831,7270
858,7270
1499,7270
522,7272
1274,7272
5861,7272
299,7273
64,7274
1491,7275
5163,7277
5299,7278
6698,7278
6287,7280
502,7281
4892,7282
2690,7283
3466,7283
1215,7285
144,7286
3221,7286
6223,7288
489,7289
1061,7290
6,7291
1593,7292
2042,7294
84,7297
196,7297
1835,7297
1557,7298
2363,7299
3,7300
9,7301
1011,7301
6458,7301
5424,7306
1707,7307
375,7308
1548,7310
34,7311
2855,7312
6932,7314
1567,7315
4193,7315
6440,7315
54,7317
1315,7317
1004,7320
707,7322
237,7324
2255,7324
2407,7325
2979,7325
118,7327
1941,7330
4279,7330
400,7332
4644,7333
1351,7334
3073,7334
3305,7335
546,7337
4451,7337
514,7338
2630,7338
6589,7340
412,7341
180,7343
419,7345
6343,7345
1421,7350
116,7352
4570,7352
3964,7353
87,7354
4917,7354
2954,7356
248,7359
4258,7360
6,7361
56,7361
323,7361
1536,7362
1031,7363
6940,7366
233,7367
13,7369
1206,7369
2448,7369
281,7370
89,7372
5254,7372
34,7373
505,7373
5252,7373
5515,7373
54,7374
1765,7377
7335,7377
5602,7379
6286,7379
3709,7381
6076,7382
740,7383
5139,7385
5934,7385
9,7386
1690,7386
34,7387
707,7387
3130,7387
1559,7388
1661,7390
1021,7391
6453,7391
738,7392
1460,7392
3707,7394
3620,7398
1519,7399
804,7400
199,7401
257,7401
3393,7401
2632,7402
2562,7404
188,7405
706,7408
709,7412
1617,7413
3266,7415
4877,7416
5521,7417
968,7418
1595,7418
2622,7419
3848,7420
3454,7421
16,7424
740,7424
1783,7425
2433,7425
505,7426
2086,7426
4982,7427
460,7430
15,7433
6286,7433
2705,7436
6405,7440
126,7443
428,7443
2391,7444
575,7447
1130,7447
4276,7448
1305,7450
132,7451
1148,7451
1325,7451
1648,7451
647,7452
1847,7452
4953,7452
118,7453
199,7453
720,7453
3070,7453
4160,7453
505,7455
6960,7455
778,7456
1019,7456
4133,7458
1,7459
400,7459
13,7460
158,7461
173,7463
2380,7464
400,7466
2618,7466
3789,7466
400,7468
1923,7468
7459,7468
119,7469
6847,7469
301,7477
31,7478
319,7479
1167,7482
863,7483
1858,7483
3477,7483
1567,7485
2588,7486
222,7488
5705,7488
6705,7488
472,7490
2644,7493
1058,7494
2499,7494
60,7496
4922,7496
31,7497
1505,7497
711,7499
2304,7499
8,7500
1271,7500
2162,7500
3290,7500
4200,7501
7085,7501
43,7504
6573,7504
292,7505
1457,7507
903,7508
4795,7509
2476,7510
4144,7512
1818,7513
6276,7513
3899,7514
5934,7514
127,7515
1352,7515
2901,7515
3397,7517
631,7518
1206,7518
2878,7519
4258,7520
75,7522
257,7523
2975,7523
5985,7523
1879,7524
1879,7525
4274,7527
5108,7529
2767,7530
974,7531
7038,7531
3700,7532
6987,7532
0,7533
6534,7533
2364,7535
327,7536
1673,7537
2470,7538
5633,7538
1023,7539
899,7542
2593,7542
3524,7543
5022,7544
488,7545
684,7545
34,7546
3305,7546
740,7547
3964,7547
127,7548
5199,7550
71,7552
903,7555
4395,7556
233,7558
19,7559
5377,7561
502,7562
1952,7563
6093,7564
6324,7564
195,7567
1216,7567
5786,7567
1134,7568
446,7570
457,7572
4188,7572
2565,7573
2169,7574
565,7578
3221,7578
0,7581
323,7582
1177,7582
296,7583
54,7585
199,7585
750,7585
1206,7585
5360,7587
6879,7587
1977,7588
41,7589
6053,7590
7550,7598
1157,7599
1724,7599
3130,7601
466,7602
1269,7602
1716,7602
357,7603
5373,7603
5962,7603
890,7604
4093,7604
7362,7604
3,7606
7149,7606
1349,7607
857,7608
5897,7612
58,7613
6283,7613
1321,7615
2089,7616
2613,7616
5023,7616
1271,7619
625,7620
3598,7621
351,7623
3946,7624
6730,7624
222,7625
452,7626
1001,7629
3577,7629
6316,7630
3010,7632
2,7633
94,7633
904,7633
1319,7633
1621,7634
899,7637
160,7639
7081,7639
4086,7640
257,7641
1764,7641
67,7642
330,7642
4799,7643
883,7646
1212,7646
1410,7648
3597,7649
3156,7650
5821,7651
975,7652
1004,7652
546,7653
6320,7655
4085,7657
6514,7657
1393,7658
4,7659
357,7659
2822,7659
5941,7663
2419,7666
3027,7667
6176,7668
2152,7671
7130,7671
4950,7673
6285,7673
6757,7674
4764,7676
6349,7678
418,7679
0,7680
2736,7680
3990,7681
1882,7683
3159,7688
898,7689
0,7690
631,7690
4608,7692
19,7694
52,7695
4986,7695
448,7696
3889,7696
7091,7696
2732,7697
4881,7698
1399,7699
5326,7700
108,7701
397,7701
705,7702
1253,7702
5711,7703
1311,7705
4423,7705
5751,7706
2574,7707
3413,7707
196,7708
2684,7708
5192,7709
3102,7712
4535,7712
5478,7713
402,7716
6226,7716
245,7717
2008,7718
2370,7718
2355,7719
2458,7719
4085,7719
50,7720
431,7720
3700,7720
89,7722
2585,7722
3758,7722
5609,7722
340,7725
3,7726
6872,7726
13,7727
1567,7727
892,7728
6355,7732
1107,7734
936,7736
8,7737
1827,7737
2353,7737
7485,7737
6152,7738
759,7740
1120,7740
3062,7741
643,7742
565,7745
52,7746
3565,7746
5891,7748
1636,7749
4230,7750
4601,7750
2316,7751
5412,7751
137,7754
1358,7754
0,7756
160,7756
7456,7756
2216,7757
3980,7757
4051,7757
5102,7757
7573,7757
4212,7758
141,7759
2264,7759
4308,7759
4595,7759
5192,7759
7695,7760
3372,7761
2836,7762
5306,7762
15,7763
509,7763
5485,7763
0,7764
1184,7765
250,7767
764,7767
2983,7769
602,7772
2275,7772
3033,7772
6,7773
4365,7773
4839,7774
5837,7774
12,7776
1536,7777
7601,7779
114,7781
1248,7781
2074,7784
3697,7784
6317,7784
1203,7785
4267,7786
0,7787
1519,7787
1717,7787
4114,7787
4474,7787
5627,7787
5560,7788
4950,7790
1877,7791
2341,7791
3668,7791
4608,7791
1234,7793
418,7795
509,7796
1499,7796
2003,7796
89,7797
384,7797
6538,7798
5108,7799
173,7800
1795,7800
6929,7800
4403,7802
5225,7802
578,7804
839,7805
905,7805
2413,7805
904,7806
1246,7806
2464,7806
3138,7806
7436,7806
233,7807
572,7808
850,7808
1547,7808
1567,7809
883,7810
3515,7810
1553,7811
5087,7812
4107,7813
1379,7814
1747,7814
1050,7815
2391,7816
3723,7816
7161,7817
281,7818
39,7819
6960,7819
60,7824
1965,7824
93,7825
296,7826
2922,7826
60,7827
7121,7827
7254,7830
3035,7831
355,7834
12,7837
390,7838
785,7838
6697,7839
3032,7841
430,7843
1398,7843
4775,7844
6703,7844
418,7845
857,7845
941,7850
2919,7850
6196,7850
2936,7853
41,7854
7114,7854
393,7855
1315,7855
7145,7855
3285,7856
0,7857
5437,7858
195,7859
523,7860
782,7861
5923,7861
417,7862
1395,7862
4548,7863
758,7865
0,7866
52,7866
4202,7866
254,7867
3658,7867
5372,7867
689,7868
5898,7869
3045,7870
3073,7871
253,7872
4759,7874
285,7876
5178,7877
351,7878
3090,7878
6,7879
319,7881
173,7882
6852,7882
222,7885
224,7885
1519,7887
2162,7887
5144,7887
2,7890
108,7891
7337,7891
2506,7893
3222,7894
5792,7895
1536,7896
2541,7896
3638,7897
516,7898
273,7899
2178,7899
3,7901
1057,7901
801,7903
3693,7903
356,7904
1532,7904
1285,7907
7867,7907
327,7908
84,7909
1154,7909
3838,7909
257,7910
5302,7911
3684,7912
13,7913
2006,7913
4116,7913
5498,7913
4979,7914
2505,7915
3027,7915
7069,7916
4071,7918
2109,7919
283,7920
653,7920
2629,7920
5679,7921
3922,7922
4267,7922
5084,7924
6524,7924
7808,7924
613,7925
13,7926
2729,7927
2990,7928
593,7930
1121,7931
1553,7931
1105,7935
3583,7936
3981,7936
4140,7937
402,7938
2975,7938
4715,7940
3577,7941
2134,7943
22,7944
2216,7945
6960,7945
1739,7948
4171,7948
6210,7948
626,7949
3633,7949
4310,7951
4621,7951
1858,7952
3505,7952
5923,7954
593,7956
779,7958
929,7959
1835,7959
2074,7959
472,7960
5360,7961
2505,7964
2663,7966
3077,7967
739,7968
4649,7968
3012,7969
108,7971
475,7972
2571,7972
4804,7972
7486,7972
13,7976
627,7976
1031,7977
2,7978
747,7979
94,7984
224,7985
1316,7985
5005,7986
2,7987
592,7987
0,7988
2,7989
674,7990
7624,7990
576,7991
1121,7993
3451,7993
929,7994
2565,7994
4465,7994
1226,7996
56,7998
1006,7998
3886,7998
2679,7999
2947,7999
3936,8000
4780,8000
6660,8000
1399,8002
3309,8002
4860,8003
202,8005
6462,8005
1923,8006
3315,8006
75,8007
593,8007
2615,8007
3160,8007
4950,8007
2569,8008
2807,8009
250,8010
360,8010
509,8010
0,8014
1460,8015
4979,8015
111,8016
329,8017
49,8018
7054,8020
389,8022
7843,8024
392,8025
4840,8025
160,8026
345,8026
1550,8026
3300,8027
7867,8027
5704,8028
988,8029
6779,8030
3649,8031
2407,8032
5702,8032
199,8034
963,8034
2150,8034
2572,8034
3784,8035
5139,8035
4395,8036
687,8037
6277,8038
2750,8040
2450,8042
4612,8042
565,8047
4910,8047
3,8048
800,8048
1118,8048
7536,8049
5859,8051
170,8052
1315,8052
75,8053
319,8055
2588,8055
4912,8056
6094,8056
0,8057
4267,8058
742,8059
31,8060
5005,8061
5478,8061
3524,8062
0,8065
2831,8065
5161,8065
1019,8068
6573,8068
4520,8070
1210,8071
3228,8072
992,8074
6872,8074
1965,8075
1472,8076
660,8077
5794,8077
1377,8080
759,8082
4326,8083
7023,8083
2387,8084
266,8087
7097,8087
1916,8088
572,8090
2693,8093
89,8094
2844,8094
3739,8094
126,8097
1550,8097
4235,8097
1617,8098
7993,8100
599,8101
6582,8102
7971,8102
4910,8103
22,8106
850,8106
4197,8107
6159,8108
242,8110
2682,8110
2,8112
1061,8112
4342,8113
8024,8113
348,8116
1271,8116
4105,8116
4396,8116
2012,8118
4415,8118
6643,8121
209,8122
1107,8122
7113,8122
5934,8123
1,8124
16,8125
107,8126
626,8126
1606,8126
177,8127
1936,8127
7719,8127
7858,8127
89,8128
3867,8128
4796,8129
4323,8130
929,8131
1201,8131
2196,8132
2532,8133
19,8134
22,8134
5796,8134
846,8135
4302,8135
111,8136
1379,8137
6916,8139
956,8140
2000,8140
242,8141
2024,8141
4105,8141
5898,8142
977,8143
5008,8145
5199,8147
7029,8147
6917,8150
1157,8151
3987,8155
4873,8155
6785,8157
7081,8157
1938,8159
397,8160
580,8161
1519,8161
4092,8161
747,8162
1065,8163
4062,8163
2233,8165
5434,8165
1120,8166
2152,8166
282,8167
7700,8167
1832,8168
5614,8168
1747,8170
3923,8170
4917,8170
7383,8170
3466,8171
89,8172
1395,8172
631,8175
734,8176
1133,8176
282,8178
4051,8178
2321,8179
6698,8179
3286,8183
4103,8188
1870,8189
6513,8191
0,8193
576,8193
5882,8195
41,8196
4075,8196
1269,8199
12,8200
237,8200
222,8201
248,8201
5377,8202
4093,8205
93,8207
2817,8207
340,8208
1938,8208
2086,8208
1003,8210
3682,8212
5521,8212
575,8213
7530,8213
5760,8216
125,8218
1084,8218
1573,8218
203,8219
1970,8220
1835,8222
6957,8222
1022,8223
7099,8223
210,8224
4630,8224
121,8225
199,8226
516,8227
1464,8230
15,8231
511,8232
968,8232
5083,8232
7523,8234
306,8239
6166,8239
2083,8240
4082,8240
54,8242
1835,8244
1870,8244
2325,8246
7989,8246
319,8247
5777,8247
137,8248
210,8251
3867,8252
6691,8253
1398,8254
329,8257
2201,8259
318,8260
50,8261
3,8262
1,8266
19,8266
4728,8267
6190,8267
2365,8268
2385,8268
126,8269
986,8269
499,8270
7527,8270
863,8271
6233,8272
2978,8275
1926,8276
3838,8276
5491,8276
19,8278
250,8278
60,8281
2020,8281
852,8285
3812,8285
89,8286
314,8286
6499,8286
6610,8286
3544,8288
1460,8289
1880,8290
1999,8291
3573,8292
3055,8293
2347,8294
6808,8294
1061,8296
2139,8297
3799,8299
5665,8300
918,8302
3868,8303
8297,8303
54,8304
5345,8304
1200,8306
2655,8307
141,8309
355,8309
2406,8311
2950,8313
8268,8313
541,8314
325,8316
6,8318
1309,8318
399,8319
4601,8319
3687,8320
6730,8321
151,8322
380,8322
2612,8324
764,8325
1067,8326
5055,8327
1083,8329
1285,8329
1860,8329
62,8332
2178,8332
234,8333
1536,8335
6019,8336
71,8337
4588,8337
7756,8337
2365,8339
5360,8339
1448,8342
7030,8344
6591,8345
0,8346
502,8346
5409,8346
734,8348
6448,8348
804,8349
2837,8349
9,8350
8147,8351
379,8352
2256,8353
1414,8354
2857,8354
4049,8355
7740,8355
927,8356
1042,8357
1669,8357
2012,8358
6589,8359
2134,8361
3640,8363
4769,8364
7385,8367
13,8368
3984,8369
651,8370
5749,8370
1602,8371
3395,8375
457,8376
2223,8376
3504,8377
2132,8379
3748,8379
6808,8379
1215,8381
2169,8381
3221,8382
392,8383
6874,8383
8049,8383
2610,8389
1154,8391
8247,8391
357,8392
1196,8392
5747,8393
6351,8393
7008,8395
77,8396
126,8396
22,8397
1065,8397
8369,8398
50,8399
84,8400
6166,8400
661,8401
7719,8401
173,8402
6456,8402
658,8404
2680,8404
2691,8404
3430,8405
1612,8406
265,8408
7887,8411
1252,8412
1352,8413
2681,8413
121,8415
1070,8415
41,8416
4230,8418
5623,8418
2,8420
2316,8422
269,8423
466,8424
2101,8424
4180,8424
0,8425
3173,8425
6159,8425
929,8426
7701,8426
3651,8427
6321,8427
1288,8428
0,8429
8220,8429
5783,8430
8222,8430
5920,8433
6859,8433
250,8434
1385,8434
499,8435
3163,8435
136,8436
199,8438
1395,8438
2599,8438
292,8439
355,8440
353,8442
7523,8444
5730,8447
2783,8448
6591,8449
5983,8450
3072,8451
3162,8451
3815,8451
84,8452
2121,8452
2453,8452
3148,8452
118,8454
3598,8455
9,8456
2043,8456
8218,8456
1519,8457
7838,8458
6905,8459
4227,8460
6960,8462
7530,8462
789,8463
2346,8463
9,8464
466,8465
3659,8465
888,8467
3451,8468
4708,8468
1018,8469
4434,8469
1284,8470
304,8471
1361,8472
5238,8473
8370,8473
142,8474
1562,8474
537,8476
1016,8476
4621,8476
2975,8477
1102,8481
6711,8483
8,8484
3196,8485
5543,8485
6573,8486
13,8487
1255,8489
2569,8490
3659,8491
158,8492
1580,8494
2729,8494
5609,8494
1927,8495
2564,8496
3286,8496
5553,8497
50,8498
162,8501
426,8501
594,8502
1547,8502
89,8503
4064,8505
2350,8506
334,8507
750,8507
872,8507
5972,8510
913,8511
3104,8511
5178,8511
319,8512
2991,8512
7383,8512
49,8513
2532,8513
7871,8513
6509,8515
7996,8515
660,8516
1784,8516
3691,8516
384,8517
50,8520
1682,8520
3221,8521
7447,8521
575,8522
3222,8522
5934,8523
323,8525
84,8526
6779,8531
1446,8532
5213,8532
603,8533
152,8534
5816,8534
978,8535
1464,8535
2990,8535
4417,8535
2738,8536
6963,8536
8094,8536
89,8537
434,8538
6534,8538
2810,8540
3046,8540
8027,8542
13,8543
1504,8544
9,8545
1464,8546
4267,8552
7194,8552
7732,8552
3761,8553
913,8554
1503,8554
2415,8555
6581,8555
13,8556
3,8558
16,8558
457,8558
384,8559
3,8560
414,8561
1753,8561
613,8562
1980,8563
3577,8564
4324,8564
293,8565
882,8567
3368,8567
5838,8567
173,8568
2847,8568
2967,8569
7285,8572
4096,8573
5594,8573
5130,8574
913,8575
1196,8575
855,8576
9,8577
626,8579
4795,8579
3203,8581
1457,8582
3311,8582
3,8583
344,8583
5515,8584
2196,8585
5570,8585
6286,8585
6235,8586
3984,8587
92,8590
461,8591
64,8595
440,8595
4024,8595
1305,8598
3617,8598
593,8599
485,8600
2638,8600
4369,8600
4428,8600
1306,8603
1617,8603
1717,8603
4264,8603
4329,8603
3,8604
671,8604
3052,8605
8349,8605
330,8607
22,8610
3893,8612
1747,8613
3892,8615
8413,8616
282,8618
7270,8618
47,8619
2729,8619
5434,8620
5341,8622
554,8624
772,8624
2680,8624
2341,8625
7920,8625
6803,8626
62,8627
3700,8629
3379,8631
5350,8631
1,8632
197,8632
919,8632
3838,8632
7083,8633
3766,8635
1426,8636
2996,8636
4464,8637
6922,8638
89,8639
1745,8640
2681,8641
6571,8641
8424,8641
4044,8642
6748,8643
5059,8644
182,8646
2264,8649
1831,8650
3,8651
4160,8651
3222,8652
7340,8652
60,8653
6674,8653
618,8655
1574,8655
3933,8655
6375,8655
578,8658
3505,8658
6641,8659
537,8660
87,8663
640,8663
689,8665
13,8666
7998,8666
2990,8667
126,8668
824,8668
3944,8669
7451,8669
3033,8670
195,8672
715,8672
2498,8673
6276,8673
41,8674
5674,8674
7483,8674
771,8676
2791,8676
3732,8676
1165,8677
7699,8678
6687,8680
8568,8681
2953,8682
5536,8682
1286,8683
7433,8683
8247,8683
5429,8684
3057,8685
178,8686
1716,8686
5954,8686
389,8687
759,8687
4881,8687
5178,8688
488,8690
151,8691
5025,8691
6781,8692
1363,8694
60,8695
158,8695
2644,8696
8307,8697
50,8699
1512,8700
4338,8700
5934,8700
3707,8707
384,8711
5248,8711
5283,8711
7695,8711
895,8712
127,8714
3303,8716
4069,8716
7391,8716
2233,8718
7080,8719
533,8720
1629,8720
3967,8720
3996,8720
1108,8721
3466,8723
3858,8723
671,8726
4560,8726
2629,8727
6295,8727
7453,8727
952,8728
2933,8730
4401,8731
5022,8731
132,8732
1284,8732
108,8733
3550,8735
6857,8735
111,8736
3645,8736
7453,8736
52,8737
403,8740
5422,8743
281,8744
1284,8745
1557,8746
22,8748
740,8749
2472,8750
2139,8751
2341,8751
1795,8752
8646,8752
6170,8753
500,8754
861,8755
3019,8755
3346,8755
113,8757
2,8758
1201,8760
2003,8761
8137,8761
1193,8762
1395,8767
3064,8767
5606,8768
5347,8770
1,8772
2662,8772
575,8773
62,8774
831,8774
5746,8774
6138,8776
210,8778
52,8780
62,8780
118,8784
7009,8784
3882,8785
5846,8788
8344,8788
281,8790
945,8791
2588,8792
2618,8792
684,8793
1659,8793
8545,8793
740,8795
6576,8795
1453,8797
7585,8798
8155,8798
929,8799
2342,8802
2368,8802
3583,8802
5803,8802
7466,8803
3255,8806
5507,8806
3135,8807
56,8808
228,8808
2793,8808
158,8809
3382,8810
5888,8810
401,8812
7642,8812
561,8813
4512,8814
5539,8815
5411,8816
597,8817
2206,8820
846,8822
4605,8823
8462,8823
4230,8824
3726,8826
66,8827
850,8828
6137,8829
7882,8829
132,8830
2107,8830
8319,8830
3013,8831
6037,8831
725,8833
8218,8834
7479,8835
3290,8836
7531,8837
488,8838
1177,8838
8268,8839
8348,8839
195,8841
1820,8841
8329,8843
8,8844
5738,8847
390,8848
5900,8848
118,8849
49,8850
638,8851
2435,8852
2341,8854
469,8855
1472,8856
1040,8857
560,8858
5359,8858
5187,8859
8150,8862
751,8865
1747,8865
2008,8869
671,8871
430,8872
89,8873
4404,8873
2458,8875
8344,8876
21,8877
750,8877
919,8877
4836,8877
8799,8877
224,8880
667,8881
4350,8881
5105,8882
8129,8882
1253,8883
1747,8884
8439,8884
8773,8884
8246,8885
52,8886
707,8886
6153,8888
7991,8889
136,8890
296,8891
2735,8891
1235,8893
2991,8895
6849,8895
7750,8895
1964,8896
357,8897
8286,8899
518,8900
8792,8901
351,8902
2101,8902
3130,8903
19,8904
3560,8904
3509,8907
4230,8907
4608,8907
142,8908
4269,8908
3368,8909
2245,8912
2585,8912
715,8913
41,8914
2321,8914
3517,8916
3013,8917
341,8918
404,8918
1285,8918
8035,8919
25,8921
812,8921
962,8921
2926,8921
6888,8921
5059,8922
202,8924
496,8924
1512,8924
3661,8924
5777,8926
1271,8928
434,8931
1520,8932
6315,8932
226,8933
738,8933
6958,8933
2067,8934
455,8935
2473,8935
199,8936
687,8938
7793,8938
60,8939
242,8940
4241,8944
549,8945
8560,8946
936,8949
3463,8949
107,8950
872,8951
3228,8951
478,8952
671,8953
4594,8953
2613,8954
2644,8955
2654,8955
8932,8955
936,8956
8010,8956
60,8958
417,8958
4700,8958
1029,8959
5553,8959
2644,8962
5424,8963
5437,8963
1241,8966
6768,8966
389,8971
475,8971
498,8971
1647,8971
1629,8972
5249,8972
1460,8973
4362,8974
108,8975
1348,8975
266,8980
1274,8980
2245,8981
7518,8983
1398,8984
1453,8984
3082,8988
4214,8988
84,8989
615,8989
2,8990
8090,8990
6302,8991
604,8996
5702,8996
3690,8998
5923,8998
8632,8999
8802,8999
4736,9000
66,9003
584,9004
8276,9004
1154,9008
4010,9008
4039,9008
203,9009
6833,9009
2744,9010
224,9012
3286,9014
1835,9015
2150,9016
2537,9017
1351,9019
43,9020
3801,9020
52,9021
60,9022
705,9022
1970,9022
59,9025
489,9025
8098,9029
3562,9030
7530,9030
2640,9032
489,9033
318,9034
345,9034
4369,9035
283,9036
1226,9036
4055,9036
108,9037
565,9037
283,9038
2391,9038
329,9039
4469,9040
2341,9041
8465,9041
62,9042
2832,9043
1662,9044
5895,9044
1428,9045
417,9046
5080,9046
1567,9047
5953,9049
2,9050
1992,9050
31,9053
766,9053
2206,9053
5483,9053
1260,9054
2844,9054
8946,9054
4760,9056
1474,9057
4665,9057
409,9058
4463,9060
5111,9060
1517,9062
88,9064
348,9065
895,9066
5044,9070
1930,9071
2450,9072
543,9073
1499,9073
3693,9073
3946,9073
1226,9075
7779,9075
141,9076
1395,9076
1022,9077
3720,9077
56,9078
549,9078
8935,9078
629,9079
2338,9079
2833,9079
6723,9080
1808,9082
3634,9082
8663,9082
1248,9083
75,9084
576,9085
1716,9086
160,9087
224,9088
1039,9088
689,9091
4239,9092
1617,9093
2413,9096
224,9099
2020,9099
671,9100
4822,9100
6534,9100
3609,9101
6493,9102
2304,9104
2565,9104
7874,9106
526,9107
2067,9108
7529,9108
846,9109
3372,9110
2089,9111
1563,9112
1923,9112
168,9113
4343,9115
0,9116
2518,9116
160,9118
2680,9119
380,9120
5804,9121
6538,9121
4351,9122
5348,9127
2954,9128
5412,9129
7191,9129
629,9130
8307,9130
406,9131
2368,9133
1377,9134
13,9135
4496,9135
8955,9135
2682,9136
8405,9136
594,9137
871,9137
8643,9137
3012,9140
1154,9141
546,9142
7394,9143
2162,9144
8425,9148
1253,9149
779,9151
177,9153
3677,9153
484,9155
12,9157
5055,9157
158,9158
1872,9158
5165,9159
890,9161
2880,9163
71,9164
5283,9166
973,9169
2499,9169
6109,9169
627,9170
7749,9170
653,9171
1897,9172
5941,9172
1184,9175
588,9178
2281,9179
2074,9181
3634,9181
2620,9184
5704,9184
460,9187
2690,9187
71,9188
858,9188
152,9189
43,9190
6215,9192
1854,9193
460,9199
8047,9200
854,9201
4921,9201
9,9203
3,9205
720,9206
6632,9206
5332,9207
8515,9207
7746,9209
2316,9210
4144,9210
4564,9210
8629,9212
3295,9218
687,9219
160,9220
6355,9220
1,9222
5627,9222
3577,9223
594,9224
400,9226
141,9227
344,9227
2756,9228
257,9229
9046,9230
4461,9232
5920,9234
4921,9236
327,9238
3413,9238
3729,9238
111,9240
210,9240
3037,9240
3222,9241
5675,9242
1118,9244
3044,9245
6401,9245
8691,9249
1841,9250
4512,9250
392,9253
575,9254
160,9257
883,9258
3897,9258
1064,9260
2672,9260
8871,9262
281,9263
5459,9263
2809,9265
488,9267
1509,9267
3895,9269
4190,9269
1923,9270
3401,9270
5901,9271
7453,9272
7797,9272
2690,9274
2321,9275
108,9276
3043,9277
2601,9279
3315,9279
365,9281
8955,9282
1548,9283
3382,9283
5700,9283
158,9287
2667,9289
5130,9289
8268,9291
1977,9295
1504,9298
7297,9298
84,9300
281,9300
119,9302
233,9302
518,9302
7643,9302
8426,9302
4560,9303
6884,9303
871,9304
1,9305
3774,9307
7632,9307
31,9308
251,9309
389,9309
4462,9309
285,9310
5910,9310
3239,9315
1246,9316
1019,9318
3054,9318
7615,9319
441,9320
5404,9320
772,9321
3015,9321
4551,9322
2981,9323
318,9324
1194,9324
7219,9324
5937,9325
7239,9325
8411,9325
1296,9326
1571,9327
4374,9327
3517,9328
3789,9328
5865,9328
6283,9328
4027,9329
7642,9329
340,9331
4453,9335
7479,9336
1526,9337
5241,9337
8522,9339
816,9341
2529,9341
3138,9342
5104,9342
6,9343
6188,9343
7985,9343
299,9344
9085,9344
4652,9345
2709,9346
8299,9348
541,9350
1226,9350
4793,9350
2612,9351
1621,9352
5606,9352
496,9354
8412,9354
882,9356
1218,9357
5521,9357
202,9358
160,9359
1424,9359
3812,9360
2857,9361
4813,9361
3,9362
1216,9362
418,9364
801,9365
2364,9365
2403,9365
4601,9366
6430,9366
3153,9367
369,9369
273,9374
1053,9377
4113,9377
949,9379
579,9382
734,9382
323,9384
357,9385
4983,9385
3010,9386
151,9387
4478,9387
5621,9389
5422,9390
25,9391
1921,9391
3544,9392
7496,9395
7585,9395
3623,9396
3538,9397
747,9398
4113,9398
8913,9398
283,9400
903,9400
320,9401
1196,9401
5819,9402
4071,9403
4700,9404
8126,9404
3,9405
457,9405
3644,9409
295,9411
15,9413
2159,9413
4576,9415
2529,9416
1253,9421
2436,9422
1519,9423
1779,9423
1846,9423
8118,9424
1905,9425
3550,9427
1747,9428
1196,9429
9,9430
319,9431
2574,9431
852,9432
2781,9432
5241,9433
5925,9433
7673,9433
254,9434
474,9436
6190,9436
1060,9439
2810,9439
1427,9440
477,9442
1183,9442
7496,9442
3508,9444
0,9446
8808,9446
579,9447
8520,9447
319,9448
3260,9449
2795,9450
903,9453
7860,9453
1913,9454
6690,9454
1785,9456
3944,9456
7706,9456
4214,9461
4223,9461
2684,9464
3017,9465
885,9466
801,9468
998,9468
366,9471
705,9471
850,9471
1285,9471
8462,9471
4049,9474
21,9480
1269,9480
1573,9482
64,9483
3789,9485
3893,9486
125,9487
0,9488
6464,9488
173,9489
560,9489
5025,9490
719,9493
5488,9493
4206,9494
2640,9495
12,9497
9116,9497
1520,9499
1586,9499
8802,9501
1071,9502
41,9504
7641,9504
442,9506
2044,9509
3623,9509
7377,9509
5422,9510
2,9511
4435,9511
6253,9514
50,9516
1083,9516
7110,9516
1011,9518
6537,9518
64,9523
658,9523
62,9524
3524,9524
8641,9524
8755,9527
962,9528
1166,9528
2869,9528
111,9531
2629,9531
3013,9534
127,9539
786,9540
1835,9540
6435,9542
1064,9544
1218,9545
4493,9546
8026,9546
8959,9547
34,9550
2338,9550
4264,9550
4828,9550
3012,9551
1998,9553
8428,9553
84,9554
4910,9554
785,9556
366,9557
9040,9557
3855,9560
3538,9561
434,9562
117,9563
1895,9563
7451,9563
132,9564
2746,9564
4055,9564
4998,9565
9,9566
8808,9566
980,9567
158,9568
50,9570
380,9570
568,9570
7315,9570
180,9571
2150,9572
9079,9572
7639,9574
5723,9577
379,9578
52,9579
1841,9579
1606,9580
3057,9582
4722,9582
4619,9583
574,9586
60,9587
5149,9587
5327,9587
5514,9587
1586,9590
348,9591
4151,9593
5104,9593
4402,9595
7394,9596
418,9597
8058,9599
1306,9600
253,9601
0,9602
56,9603
5280,9604
2571,9607
158,9608
1336,9608
2900,9608
3050,9608
269,9609
2770,9609
579,9610
8711,9610
9276,9610
3012,9611
3598,9611
34,9612
1759,9612
3305,9613
857,9614
2087,9614
60,9615
266,9621
2022,9622
4273,9624
9240,9624
824,9625
1325,9628
5717,9628
2840,9629
4092,9630
389,9631
116,9632
861,9632
6895,9634
7559,9635
452,9636
6570,9636
1567,9639
4308,9639
2665,9641
2930,9643
60,9646
6211,9647
52,9648
808,9651
118,9652
8307,9652
858,9655
4188,9656
1512,9658
4092,9658
850,9659
3689,9661
5081,9661
698,9662
5178,9662
5840,9664
8496,9666
338,9667
5515,9668
978,9670
6844,9670
3515,9672
4775,9673
92,9674
464,9674
7373,9678
1165,9680
499,9681
2338,9681
2585,9684
224,9686
4235,9686
1260,9687
929,9690
1536,9690
52,9691
2954,9691
3975,9691
7297,9693
8376,9694
2213,9696
3780,9698
3329,9700
257,9702
308,9706
389,9709
2700,9709
5520,9709
536,9710
7641,9710
851,9711
203,9713
978,9713
8122,9713
883,9714
5897,9714
12,9716
127,9716
455,9716
871,9716
5507,9717
1152,9718
852,9719
2035,9721
2517,9721
9385,9722
1532,9723
3159,9723
6498,9723
1395,9727
5249,9727
84,9728
1300,9728
1888,9728
8218,9728
8534,9728
1060,9729
444,9730
523,9733
8353,9735
4024,9737
4360,9737
9430,9737
889,9738
1833,9738
5621,9740
925,9741
13,9743
5427,9743
402,9745
2026,9745
9344,9745
4051,9748
8042,9749
5258,9751
7757,9751
131,9752
7317,9752
4598,9753
7590,9753
8829,9753
1,9754
382,9756
684,9756
593,9759
955,9759
2951,9759
943,9760
254,9764
4877,9765
104,9766
2437,9769
3431,9769
5991,9769
2150,9771
7315,9771
401,9772
4063,9773
4295,9773
4759,9775
9554,9776
0,9777
929,9778
1547,9779
2363,9781
2360,9783
1569,9786
8833,9788
1621,9789
1658,9789
6,9790
2822,9790
1879,9791
7177,9792
9118,9792
4342,9793
8270,9793
5138,9794
6484,9794
4434,9795
418,9796
2008,9796
380,9800
738,9800
7089,9803
5360,9805
3958,9806
475,9807
7700,9809
8914,9809
7452,9810
108,9811
2382,9811
3413,9811
6922,9811
1419,9812
9302,9812
2294,9813
5047,9815
1464,9816
8248,9817
62,9819
152,9819
505,9820
1285,9820
5023,9820
5734,9822
5960,9822
1105,9824
905,9826
4400,9826
54,9827
7241,9827
738,9828
4251,9828
1194,9831
1795,9831
3946,9835
7101,9835
7634,9835
13,9836
1412,9836
7256,9838
7885,9840
913,9841
9382,9841
549,9844
2996,9844
1203,9845
3043,9845
8252,9845
9730,9845
4944,9846
9298,9846
1569,9847
1404,9848
3770,9848
325,9850
7315,9851
334,9855
2664,9855
8618,9855
9652,9858
5989,9859
64,9860
4104,9861
7827,9863
21,9864
3882,9866
4443,9867
8319,9867
438,9868
6051,9868
384,9870
259,9871
1446,9872
16,9877
5962,9879
9752,9880
111,9881
3959,9883
137,9884
274,9884
936,9884
1412,9884
4644,9884
7206,9887
8534,9887
1112,9888
782,9889
9295,9889
9404,9892
2526,9893
4168,9893
8401,9894
1593,9895
22,9896
41,9896
8008,9896
7773,9897
203,9899
7361,9900
658,9901
9413,9902
389,9903
3198,9905
4297,9907
7695,9907
1283,9908
1569,9908
52,9909
911,9909
418,9911
8344,9911
1368,9912
8160,9914
804,9916
5738,9917
715,9918
5383,9919
9016,9920
801,9922
423,9923
4596,9924
7175,9925
430,9926
4739,9926
1888,9928
5025,9931
4295,9933
537,9934
1031,9934
6156,9937
2992,9938
759,9940
4407,9941
3758,9942
1395,9947
460,9953
2523,9953
5131,9955
199,9957
2178,9957
5023,9957
5207,9957
499,9958
1765,9958
2750,9958
89,9959
594,9959
5149,9960
4469,9961
545,9962
1823,9963
3198,9969
461,9971
7899,9972
846,9974
4359,9976
13,9978
3189,9978
3303,9979
3305,9979
3,9980
6073,9980
7155,9981
9838,9982
1879,9983
1305,9985
1308,9985
8077,9986
8663,9986
6500,9987
8346,9989
2672,9990
2202,9991
4555,9991
402,9992
1571,9994
738,9995
750,9995
158,9999
