0,1
0,2
1,3
2,4
1,10
2,11
1,12
1,13
11,13
2,14
10,14
1,17
13,17
3,18
11,18
13,18
17,18
12,19
1,21
13,22
17,22
17,23
4,26
0,28
1,28
17,29
0,30
10,30
23,30
3,31
3,32
17,32
14,36
26,36
32,38
18,41
2,43
22,43
1,44
22,44
17,45
18,45
30,45
43,48
1,49
17,49
18,52
30,52
30,53
2,55
23,55
14,56
3,57
45,57
1,58
55,59
58,60
12,61
12,62
48,62
28,64
53,65
53,66
3,67
28,67
12,69
18,69
3,70
17,70
59,70
0,71
70,72
11,73
18,73
23,74
1,75
49,75
1,76
58,76
17,77
3,79
0,81
17,81
18,82
76,82
58,83
23,84
17,86
23,86
3,87
17,87
61,89
75,90
45,92
13,94
3,96
12,96
22,98
59,98
3,99
22,100
22,101
36,102
38,103
3,107
53,107
14,108
57,108
17,109
64,109
67,110
76,110
18,111
57,111
30,112
45,112
28,113
11,116
94,116
61,117
59,118
1,119
36,119
28,122
96,122
69,123
31,125
53,125
116,125
2,126
57,126
22,130
1,131
23,131
65,135
2,136
49,136
87,136
119,137
76,140
22,141
126,144
56,145
2,147
73,149
3,153
49,153
86,154
87,156
21,157
23,157
60,159
1,161
18,161
119,161
1,163
71,164
109,164
87,166
140,166
153,167
28,169
100,169
53,171
86,174
72,176
86,176
18,177
49,178
153,179
22,180
29,180
45,180
53,181
82,184
136,186
161,187
57,188
117,189
3,191
108,192
153,193
1,194
45,194
18,195
12,196
98,197
18,198
2,199
53,200
22,202
3,204
12,206
72,208
17,210
28,211
180,212
22,213
1,214
3,215
45,215
45,217
57,217
3,218
62,220
111,221
204,221
220,221
1,223
4,223
18,223
49,223
4,224
11,224
1,225
3,225
1,226
17,226
204,226
19,230
189,231
1,232
22,232
66,232
153,232
18,233
3,234
45,234
87,236
110,236
4,238
164,241
72,243
232,243
75,244
98,244
223,246
12,247
125,247
69,249
215,251
76,252
107,255
110,256
232,257
99,258
199,260
17,262
57,263
70,266
96,268
49,272
76,272
92,272
70,273
86,273
225,274
75,275
220,275
59,276
188,276
198,276
11,277
17,279
61,282
100,282
110,284
94,285
154,285
117,286
262,287
11,289
251,289
60,290
164,290
19,295
111,296
49,297
192,297
87,298
279,298
28,300
2,301
45,302
232,303
295,304
244,305
166,307
3,308
297,308
45,310
22,311
17,313
161,314
313,315
272,316
11,317
49,317
60,319
0,321
3,321
223,321
126,323
136,323
211,323
122,324
45,325
76,326
1,327
12,330
43,331
188,331
255,331
110,334
30,336
3,339
3,340
4,340
53,340
241,340
3,342
70,342
10,345
45,345
76,346
3,347
268,347
2,348
4,348
22,350
86,352
17,356
116,356
232,356
28,359
36,359
161,359
226,359
204,361
3,362
243,362
12,363
31,363
43,363
232,363
272,364
90,365
61,367
81,367
221,367
272,367
72,369
19,370
98,371
214,371
223,371
13,372
38,373
62,373
187,373
220,373
345,374
1,375
101,375
215,375
348,377
193,378
369,378
2,379
87,379
29,381
272,381
164,382
224,382
262,383
62,384
367,384
31,385
49,385
153,387
111,388
214,388
221,390
317,390
22,392
3,393
22,393
29,393
192,393
49,394
117,395
122,396
236,397
1,400
10,400
149,401
220,401
28,402
23,403
287,404
3,405
247,405
262,406
379,406
72,409
66,410
226,410
197,411
0,412
321,412
23,413
58,415
412,415
112,416
371,420
44,421
3,422
3,425
23,425
174,426
57,428
226,428
43,429
57,429
289,431
23,432
251,432
18,436
217,436
223,436
289,438
38,439
1,440
23,440
1,441
373,441
163,443
441,443
62,444
73,446
28,447
111,447
23,448
251,448
22,449
118,449
1,450
263,451
371,451
30,452
373,452
402,452
226,454
2,455
3,456
334,458
1,459
36,461
161,461
161,462
125,464
456,465
361,467
45,469
119,469
327,469
321,471
410,471
4,472
13,473
153,473
137,474
379,474
272,475
396,475
60,476
2,477
62,478
96,479
22,480
425,480
410,481
1,483
17,484
136,484
276,485
393,485
313,487
118,488
126,488
404,488
359,489
110,490
232,490
263,491
13,493
276,493
72,495
262,495
464,496
1,497
275,497
67,503
161,503
400,504
314,505
493,505
231,506
290,506
3,509
180,509
367,511
496,513
109,514
107,516
257,516
41,517
251,520
75,521
232,522
279,523
327,523
116,525
215,525
17,526
263,527
473,527
107,528
452,528
356,529
52,531
126,531
36,532
53,532
171,534
255,534
258,534
473,535
71,536
363,536
45,538
61,538
110,539
200,541
87,542
117,542
3,543
221,543
244,543
208,544
451,545
60,547
96,548
126,548
258,548
100,550
232,550
262,550
3,551
53,552
77,552
81,552
381,553
367,554
195,556
345,556
381,556
2,557
44,557
223,558
2,559
226,559
251,560
11,563
12,563
166,563
0,564
44,568
45,571
90,571
208,571
432,571
99,572
131,573
529,573
317,575
3,577
262,577
364,577
223,578
274,579
18,580
548,580
177,581
3,583
496,583
497,584
367,585
436,586
232,587
410,588
462,588
563,589
22,590
45,591
72,592
410,592
69,593
225,593
411,594
70,595
98,596
371,596
49,601
279,601
119,602
161,602
400,604
487,604
110,607
364,607
529,607
282,609
161,610
436,611
136,613
334,613
232,615
65,616
57,619
241,621
454,621
57,623
596,623
200,624
153,625
211,625
326,625
384,626
10,627
28,627
402,628
223,629
459,629
473,631
23,635
221,635
388,635
464,636
90,638
131,641
311,642
517,642
3,643
4,644
161,644
625,644
412,645
45,646
164,646
221,646
22,648
45,648
111,648
327,649
388,649
199,651
18,654
226,654
474,655
11,656
439,656
30,657
356,657
452,658
79,659
238,659
548,659
221,661
308,661
410,664
402,665
583,665
2,667
98,667
119,667
144,667
199,667
274,667
478,669
72,670
393,670
43,671
488,671
648,673
258,674
131,675
671,675
488,679
22,680
76,681
601,681
1,682
4,683
241,683
17,684
382,686
496,686
131,690
62,691
548,692
656,693
382,696
62,698
517,698
691,698
2,701
30,702
45,702
236,703
592,703
643,704
483,705
161,707
221,707
256,707
452,707
571,707
559,708
371,710
60,711
76,712
17,713
276,714
87,715
340,717
531,717
232,718
153,719
393,720
616,721
377,722
393,722
623,723
411,724
659,725
189,726
452,727
536,730
661,730
59,733
69,733
262,733
404,733
279,735
400,736
98,737
452,740
393,741
584,742
22,743
371,743
321,745
153,746
126,750
247,750
255,750
496,750
552,751
671,751
18,754
32,754
98,754
96,755
232,755
572,755
18,757
136,760
153,760
3,762
1,763
528,763
10,764
236,766
317,766
327,766
393,766
323,768
615,768
69,771
28,772
367,772
30,773
125,773
204,773
327,773
400,773
12,774
131,774
583,774
3,775
232,775
70,777
117,777
236,778
298,778
393,778
18,780
394,780
621,781
13,783
87,783
621,783
38,785
49,785
478,785
711,786
12,788
226,789
0,790
340,790
296,792
754,792
780,792
52,793
373,793
675,793
726,793
404,794
30,796
156,796
262,797
393,797
122,798
436,798
3,800
441,801
625,801
137,804
768,806
226,807
379,807
793,807
321,809
23,810
409,814
11,815
22,815
53,815
29,816
164,816
548,816
23,818
436,818
45,819
116,819
657,819
686,819
210,823
290,823
57,824
381,824
164,825
563,825
321,827
220,828
412,828
420,828
301,831
657,831
18,832
75,833
394,833
464,833
3,836
577,836
621,836
98,837
547,838
43,839
52,839
238,839
289,839
327,840
336,840
3,841
313,841
648,843
464,844
667,845
70,846
36,849
763,849
36,851
272,854
313,854
714,855
18,856
255,856
28,857
176,859
493,859
559,859
578,859
116,860
298,861
717,861
225,866
635,866
30,867
84,867
475,869
525,869
3,871
49,871
818,872
263,874
410,874
857,875
1,876
107,877
12,878
69,878
611,879
867,879
393,880
780,880
880,882
57,884
671,884
28,886
225,886
108,890
623,890
3,891
164,892
649,893
702,893
177,894
766,894
539,899
255,900
70,901
53,904
17,905
71,906
882,906
28,907
180,908
200,908
439,908
800,909
545,910
588,910
1,912
2,913
116,913
199,913
289,913
262,914
607,914
649,915
894,916
70,918
3,919
497,920
649,920
371,921
367,922
3,923
214,923
563,924
336,925
393,925
454,926
781,928
871,929
17,930
641,930
485,931
161,932
232,932
378,934
832,941
69,942
225,943
22,944
110,945
180,945
255,945
783,946
76,947
393,947
402,950
62,953
371,954
580,956
675,957
849,957
214,958
180,959
18,960
594,961
827,961
232,963
49,964
153,964
238,965
488,965
226,966
626,968
13,971
100,971
17,972
210,972
379,972
22,973
112,973
18,974
221,974
441,975
232,976
684,976
730,976
367,980
832,980
838,981
32,982
13,983
371,983
393,983
730,983
975,983
23,984
439,984
644,984
793,984
659,986
675,988
971,989
241,991
379,992
73,993
509,993
479,994
649,995
857,995
180,996
192,997
571,998
11,999
712,999
750,1000
774,1000
325,1001
49,1002
894,1002
836,1003
517,1004
400,1006
1,1007
153,1008
367,1008
763,1009
0,1012
1,1014
195,1014
23,1015
117,1016
704,1016
717,1016
1,1019
99,1019
641,1020
421,1021
13,1023
57,1023
1001,1024
49,1026
2,1027
12,1028
84,1028
10,1029
298,1029
57,1030
696,1030
479,1031
496,1031
571,1032
73,1033
326,1033
730,1033
984,1033
232,1035
796,1037
18,1038
367,1038
211,1039
452,1039
59,1041
45,1043
69,1043
375,1044
2,1045
768,1047
49,1049
221,1049
696,1049
323,1050
243,1051
839,1051
754,1053
3,1054
480,1055
733,1056
313,1057
667,1057
3,1058
255,1058
402,1059
577,1059
62,1060
76,1060
70,1061
635,1061
915,1061
3,1062
65,1062
441,1062
644,1062
469,1063
836,1063
75,1064
607,1065
10,1066
241,1067
479,1069
763,1070
156,1072
373,1072
119,1074
594,1074
73,1075
199,1075
393,1077
673,1077
17,1081
23,1081
11,1082
53,1082
275,1082
583,1083
1,1084
43,1086
509,1086
521,1086
1019,1087
768,1090
836,1090
495,1091
290,1092
126,1093
593,1093
96,1094
393,1096
70,1097
379,1098
262,1100
263,1100
711,1100
109,1101
1000,1101
224,1102
29,1104
72,1105
707,1106
345,1107
908,1107
279,1111
340,1111
899,1111
1050,1111
367,1114
473,1114
18,1115
56,1116
559,1116
1023,1117
279,1118
432,1118
2,1119
596,1120
258,1121
560,1122
446,1123
452,1123
1,1124
1094,1124
543,1126
17,1129
110,1129
849,1129
913,1129
1092,1132
23,1133
87,1133
730,1133
251,1134
1106,1136
444,1137
23,1138
488,1138
452,1139
111,1140
166,1144
607,1144
126,1147
497,1151
683,1152
356,1153
1033,1154
49,1155
429,1155
131,1156
340,1156
517,1158
1061,1158
625,1159
362,1160
67,1162
373,1163
17,1164
793,1164
425,1165
1021,1166
667,1168
1,1170
298,1171
2,1172
367,1173
696,1173
984,1173
87,1174
894,1180
998,1180
74,1181
825,1182
53,1183
327,1183
667,1183
790,1183
17,1186
593,1187
226,1188
279,1189
984,1189
36,1191
258,1191
61,1192
223,1192
356,1192
866,1199
395,1200
1111,1201
83,1203
379,1205
436,1205
412,1206
882,1206
18,1207
62,1208
241,1209
28,1210
359,1210
3,1211
659,1213
356,1218
367,1219
665,1219
204,1220
49,1221
18,1222
30,1225
99,1225
493,1225
715,1226
396,1227
656,1227
828,1227
119,1228
529,1229
340,1230
833,1231
61,1233
763,1234
983,1236
171,1237
314,1237
153,1238
545,1238
84,1240
200,1240
462,1240
957,1240
1171,1240
169,1242
800,1242
28,1243
12,1244
96,1244
654,1244
908,1244
17,1246
43,1246
87,1246
204,1247
3,1252
517,1254
438,1255
23,1256
3,1257
659,1257
327,1258
823,1259
1050,1259
126,1260
1,1261
2,1261
263,1262
23,1263
284,1266
488,1266
571,1267
878,1267
314,1269
17,1270
62,1270
70,1270
452,1270
57,1272
1033,1274
94,1275
204,1275
1186,1275
98,1276
87,1277
1210,1280
210,1281
331,1282
421,1282
289,1283
890,1283
1210,1284
215,1285
548,1286
506,1289
860,1289
583,1290
1244,1290
849,1291
1106,1291
832,1293
1206,1295
681,1297
17,1298
1244,1298
53,1299
371,1300
57,1301
444,1301
930,1302
1,1303
393,1305
441,1306
589,1307
476,1309
704,1309
1158,1311
276,1313
100,1314
816,1315
648,1316
539,1317
215,1318
13,1319
1093,1320
23,1322
49,1325
76,1326
301,1326
22,1327
258,1327
367,1327
428,1327
410,1328
1269,1328
187,1329
70,1331
224,1331
743,1331
1259,1331
2,1332
87,1332
226,1332
421,1332
874,1335
83,1336
1061,1337
262,1340
314,1340
393,1340
690,1341
71,1342
125,1342
262,1344
893,1346
131,1347
200,1347
49,1349
258,1350
379,1350
96,1352
180,1352
1106,1353
58,1354
607,1354
877,1354
12,1355
321,1355
1118,1355
234,1357
1082,1358
100,1360
1357,1360
575,1361
736,1361
12,1362
325,1362
236,1364
243,1364
17,1365
53,1366
393,1367
722,1367
326,1369
1,1370
234,1370
1098,1372
3,1375
147,1375
153,1377
236,1377
304,1378
459,1378
497,1378
1137,1380
1283,1381
28,1382
30,1383
200,1383
1370,1383
388,1384
644,1384
1096,1384
49,1386
373,1386
531,1387
180,1389
396,1390
690,1391
1,1392
2,1393
495,1394
12,1395
359,1399
13,1400
90,1400
1307,1401
367,1402
627,1402
356,1403
110,1406
119,1407
258,1407
226,1408
615,1408
141,1411
984,1412
221,1413
53,1414
75,1415
833,1419
258,1420
484,1420
785,1420
786,1422
18,1423
452,1423
22,1424
975,1424
4,1425
340,1425
880,1425
326,1426
578,1426
703,1426
45,1429
232,1431
3,1432
880,1434
1424,1435
107,1438
750,1439
833,1439
214,1440
717,1441
107,1443
60,1444
153,1444
45,1446
1090,1446
28,1447
211,1448
452,1448
1181,1451
378,1452
823,1452
12,1453
226,1453
785,1457
319,1459
452,1459
98,1461
330,1461
30,1462
75,1462
109,1462
552,1462
208,1463
110,1464
754,1464
136,1465
156,1466
578,1466
3,1467
1118,1467
913,1468
76,1472
221,1472
23,1473
1225,1473
1340,1475
62,1476
1307,1476
425,1477
613,1477
308,1478
60,1479
667,1479
2,1480
14,1481
331,1482
1415,1482
214,1483
1210,1484
17,1485
10,1486
18,1486
326,1486
1301,1487
362,1488
657,1488
1415,1488
3,1489
665,1489
13,1490
1342,1490
2,1491
255,1491
818,1491
122,1492
1331,1492
109,1493
369,1493
12,1496
61,1496
226,1496
1270,1500
304,1501
857,1501
26,1502
210,1502
3,1503
153,1503
1186,1503
1372,1503
52,1504
169,1506
583,1506
1156,1507
62,1511
189,1513
882,1515
1492,1515
22,1518
321,1518
163,1521
1182,1521
719,1522
793,1522
778,1523
950,1523
297,1524
327,1526
28,1530
388,1530
86,1532
1370,1532
429,1533
282,1534
236,1535
327,1537
3,1538
301,1540
976,1540
28,1541
275,1541
793,1542
824,1542
330,1543
110,1544
119,1544
218,1546
578,1548
1158,1548
452,1550
420,1552
912,1552
1501,1552
626,1553
204,1554
223,1554
1107,1555
3,1556
67,1556
199,1559
393,1559
607,1559
145,1560
496,1560
1072,1560
390,1561
393,1561
1484,1562
44,1563
671,1563
12,1564
362,1565
636,1565
796,1569
375,1570
860,1570
221,1571
452,1571
722,1571
1186,1572
350,1574
536,1574
1331,1574
164,1577
1244,1577
894,1578
263,1579
804,1579
45,1581
649,1581
1038,1581
1246,1582
754,1583
272,1585
1069,1586
464,1587
469,1588
1092,1588
14,1589
153,1589
45,1590
572,1590
3,1591
122,1593
656,1599
393,1601
823,1601
845,1601
497,1605
717,1608
3,1611
635,1611
30,1615
136,1616
393,1616
3,1617
72,1617
1086,1617
1459,1617
276,1618
3,1619
400,1619
807,1619
785,1621
975,1623
226,1624
484,1624
1585,1632
783,1634
10,1635
465,1635
72,1638
840,1639
1552,1642
361,1644
754,1644
1098,1644
404,1646
49,1649
323,1649
1087,1649
1391,1651
1102,1652
1462,1652
98,1653
196,1653
258,1653
481,1653
667,1653
45,1654
232,1656
422,1657
525,1657
1611,1658
578,1660
275,1662
345,1662
667,1662
3,1663
272,1665
1553,1666
2,1667
913,1668
117,1670
563,1670
531,1672
1280,1672
564,1675
984,1675
3,1676
98,1676
452,1676
331,1677
420,1677
796,1678
480,1679
588,1681
70,1682
119,1682
1464,1682
635,1684
1440,1685
17,1687
1578,1687
70,1689
3,1690
313,1690
509,1692
671,1692
317,1694
223,1695
488,1695
832,1695
1306,1695
1,1696
59,1696
1082,1699
1174,1700
474,1701
441,1702
464,1702
649,1702
1257,1702
467,1703
1002,1703
905,1704
1254,1708
11,1710
411,1710
447,1711
626,1711
44,1712
83,1712
1029,1714
17,1715
30,1715
1581,1715
224,1716
215,1717
29,1718
11,1719
45,1720
379,1721
382,1721
538,1722
76,1723
340,1723
199,1726
667,1727
1111,1727
62,1728
526,1729
200,1730
828,1730
454,1731
1588,1731
539,1732
373,1735
1101,1735
225,1736
232,1736
496,1737
223,1740
30,1743
1617,1743
21,1744
558,1748
593,1749
45,1753
755,1753
1720,1753
593,1757
710,1757
1675,1757
57,1758
1092,1759
87,1762
194,1762
390,1763
1218,1764
1443,1764
607,1766
449,1768
1086,1769
804,1770
1704,1770
11,1771
1218,1771
72,1772
356,1772
405,1773
1344,1773
1542,1773
171,1774
220,1774
388,1776
1221,1777
224,1780
404,1780
657,1780
905,1781
452,1782
0,1783
1619,1784
326,1785
131,1786
743,1786
866,1786
285,1788
480,1788
108,1789
1394,1790
1028,1791
232,1792
874,1792
1120,1792
204,1793
226,1793
310,1793
3,1794
23,1795
857,1795
226,1796
180,1797
930,1800
117,1801
275,1801
410,1804
11,1806
3,1807
1702,1809
686,1810
56,1811
1446,1811
1453,1812
1690,1812
3,1816
1439,1816
1382,1817
126,1818
29,1820
103,1820
1753,1822
1563,1823
1642,1823
410,1824
393,1825
1259,1825
1500,1825
262,1826
551,1826
593,1827
232,1828
1817,1830
1220,1831
1676,1832
367,1833
425,1833
971,1833
111,1834
301,1835
236,1836
667,1836
1684,1838
646,1840
996,1841
1484,1846
136,1848
478,1851
493,1851
743,1851
1086,1851
18,1852
2,1853
223,1853
1770,1855
76,1856
396,1857
514,1858
323,1862
28,1863
473,1863
70,1864
1681,1864
1863,1864
581,1866
100,1867
449,1867
1768,1867
1225,1868
57,1869
144,1869
28,1870
1869,1872
1796,1874
2,1876
1841,1876
49,1877
1218,1877
1158,1879
13,1881
410,1881
844,1881
1472,1882
388,1883
153,1884
12,1886
3,1887
493,1889
548,1889
452,1890
141,1891
1361,1892
823,1895
17,1896
1639,1896
226,1897
241,1897
76,1898
1657,1898
18,1899
221,1900
388,1900
736,1900
673,1902
846,1902
943,1905
972,1906
1032,1906
1254,1906
258,1909
631,1909
478,1910
1049,1910
1649,1912
262,1913
1482,1914
156,1917
1205,1917
1286,1919
1506,1919
563,1920
1780,1920
1487,1921
564,1922
768,1922
773,1923
1432,1923
3,1924
839,1924
347,1925
894,1925
214,1926
69,1927
971,1928
1174,1930
289,1933
258,1934
373,1934
656,1934
754,1934
367,1935
741,1936
3,1937
214,1937
520,1937
1094,1940
23,1943
464,1944
57,1945
1136,1947
1670,1947
1244,1950
1853,1950
1191,1951
243,1952
581,1952
1836,1952
1030,1954
1708,1955
1,1956
740,1956
67,1959
1,1960
61,1960
72,1960
1682,1962
393,1963
17,1966
1014,1966
1727,1966
984,1968
17,1970
1039,1970
18,1971
2,1972
64,1972
722,1972
1315,1973
45,1975
163,1975
480,1975
86,1978
1220,1978
828,1981
3,1984
180,1984
236,1986
763,1987
1019,1987
490,1988
557,1988
584,1989
1014,1990
262,1994
72,1996
1956,1996
161,1997
10,2001
1492,2001
1905,2001
429,2002
1559,2002
1682,2002
1431,2003
226,2006
577,2006
122,2008
262,2008
469,2008
577,2008
790,2008
479,2010
986,2010
48,2011
627,2013
473,2014
12,2015
232,2015
1481,2017
2,2022
296,2022
800,2026
76,2027
402,2029
409,2029
654,2029
30,2030
317,2030
70,2031
1832,2032
804,2033
217,2034
1352,2034
53,2037
828,2037
31,2039
1246,2039
657,2042
1925,2042
487,2044
1286,2045
1156,2048
1328,2048
28,2049
211,2049
18,2050
11,2051
1275,2051
98,2055
783,2056
1252,2057
2,2058
1154,2061
1639,2061
410,2064
193,2067
70,2068
12,2069
232,2069
1372,2069
28,2071
1136,2071
1408,2071
1225,2072
272,2073
3,2074
17,2074
1,2075
204,2075
388,2077
1491,2077
941,2079
908,2080
131,2081
1714,2081
882,2083
1920,2087
57,2088
272,2088
1836,2088
75,2089
1703,2090
49,2091
438,2092
1298,2093
1857,2094
573,2095
649,2096
67,2098
57,2100
667,2100
1118,2100
23,2101
980,2103
684,2105
908,2105
258,2107
268,2107
330,2107
12,2108
3,2109
1905,2109
262,2110
65,2111
0,2112
28,2112
1867,2112
857,2113
1997,2113
1136,2116
531,2117
971,2118
367,2119
67,2120
284,2120
908,2120
268,2124
1601,2124
126,2125
1186,2126
1487,2127
1753,2130
0,2134
1588,2134
679,2136
1256,2136
1882,2136
681,2137
680,2138
656,2140
12,2142
221,2143
1762,2143
379,2145
1616,2147
57,2148
621,2148
750,2148
1372,2148
2109,2150
464,2152
577,2153
1701,2153
1342,2154
340,2155
1347,2156
223,2158
1,2159
1559,2159
76,2160
100,2160
1515,2160
1372,2161
1853,2162
1114,2164
2002,2164
193,2165
1087,2166
111,2167
523,2168
189,2171
2,2172
43,2173
648,2177
118,2178
52,2179
1137,2180
1295,2180
646,2181
18,2182
832,2182
1257,2184
2,2185
657,2187
1644,2188
664,2189
231,2190
28,2192
1002,2192
796,2193
1792,2194
60,2195
1016,2195
754,2196
1357,2196
488,2199
696,2199
1877,2200
1087,2203
17,2205
96,2207
609,2207
621,2209
690,2209
1402,2211
1221,2212
425,2214
81,2217
136,2218
313,2218
497,2218
21,2220
57,2221
449,2221
189,2222
1917,2222
1028,2224
49,2225
2119,2226
635,2228
1261,2228
544,2229
1,2232
164,2234
556,2234
2026,2235
1049,2236
1644,2236
2232,2238
796,2240
1106,2240
431,2248
659,2252
1246,2252
18,2255
196,2256
53,2257
930,2258
1408,2258
2,2262
2143,2262
330,2263
119,2265
2130,2265
1867,2266
539,2267
45,2269
171,2269
393,2270
429,2270
1,2271
3,2271
1960,2271
405,2273
819,2273
1295,2273
336,2275
1966,2277
1730,2281
1261,2285
187,2288
316,2288
975,2288
1715,2288
1481,2290
232,2293
497,2293
577,2293
929,2293
1485,2294
12,2295
667,2296
754,2296
886,2297
480,2299
14,2300
23,2300
272,2300
1841,2301
345,2303
1069,2303
2055,2305
2075,2307
75,2308
1133,2308
153,2309
953,2309
67,2310
232,2310
340,2310
1522,2312
17,2313
923,2313
375,2315
1360,2316
87,2317
1283,2318
17,2319
53,2319
131,2319
593,2319
1889,2319
490,2320
646,2320
28,2321
1682,2322
635,2323
1422,2324
774,2325
886,2327
766,2328
153,2329
894,2329
1092,2329
144,2330
1136,2330
2296,2330
1653,2331
1836,2331
52,2333
882,2334
298,2339
223,2340
1848,2341
1438,2343
1336,2344
1563,2344
1571,2345
615,2346
1049,2346
10,2348
1129,2348
400,2349
1307,2350
13,2351
66,2351
81,2352
619,2352
1642,2352
367,2354
481,2354
743,2355
345,2356
1898,2356
796,2357
841,2357
232,2359
388,2359
438,2359
1300,2364
913,2365
2236,2365
67,2366
444,2370
2352,2371
1332,2372
1030,2374
1720,2374
12,2375
131,2375
926,2377
957,2380
393,2381
2344,2381
330,2382
2167,2382
176,2383
1083,2384
521,2385
17,2386
390,2386
221,2387
17,2388
251,2388
2187,2392
226,2393
1448,2394
221,2395
141,2397
473,2397
412,2400
807,2400
17,2403
1570,2404
60,2405
251,2405
2116,2406
156,2408
161,2408
290,2408
580,2408
441,2412
593,2412
356,2413
2111,2413
609,2415
1862,2417
644,2418
1,2419
644,2419
711,2420
45,2421
53,2421
1483,2423
1711,2423
99,2424
2270,2424
26,2427
82,2427
116,2427
1240,2427
1407,2427
282,2428
1031,2428
1792,2429
200,2430
232,2430
1280,2430
447,2431
107,2433
623,2434
893,2434
1387,2434
298,2435
661,2435
836,2435
1719,2435
1,2438
763,2438
87,2439
112,2439
373,2442
199,2443
208,2444
984,2446
153,2447
648,2450
436,2453
818,2453
247,2455
393,2455
144,2456
849,2458
866,2458
2167,2458
79,2460
496,2462
674,2463
1053,2463
593,2464
849,2466
76,2467
84,2468
62,2475
504,2475
53,2476
1090,2477
2329,2478
82,2481
1758,2481
593,2482
2236,2483
918,2484
3,2485
217,2485
792,2485
81,2486
1275,2486
1340,2487
109,2488
667,2488
206,2491
856,2491
763,2493
2468,2494
1,2496
1136,2496
849,2497
930,2499
189,2500
2150,2500
2365,2500
1092,2503
1263,2503
2109,2503
126,2506
1244,2508
1086,2510
30,2513
296,2513
877,2515
667,2516
119,2519
38,2520
2207,2521
200,2524
719,2524
1484,2526
2310,2527
180,2528
3,2530
72,2530
1355,2530
1364,2530
1807,2530
75,2532
1924,2532
913,2533
1094,2533
1462,2535
214,2539
393,2539
1898,2540
22,2541
371,2541
741,2541
1438,2541
1554,2541
215,2542
1118,2543
1261,2544
2022,2544
607,2546
692,2546
523,2549
279,2551
98,2552
1389,2553
367,2554
922,2554
1332,2557
1443,2557
717,2560
285,2563
649,2563
2079,2563
625,2565
1210,2565
1488,2565
45,2567
402,2567
646,2567
1060,2567
1114,2567
375,2568
298,2569
258,2570
272,2572
2,2575
425,2575
214,2576
426,2577
737,2577
783,2578
800,2578
1118,2578
53,2579
702,2579
1599,2579
17,2580
1794,2581
163,2583
1522,2585
2575,2585
730,2586
76,2589
905,2589
1571,2589
3,2593
416,2593
1732,2594
2039,2594
131,2597
1035,2597
1488,2598
1960,2599
487,2600
1060,2600
1786,2600
726,2602
1867,2603
509,2606
675,2606
275,2607
908,2607
1766,2607
2002,2609
493,2610
543,2610
2329,2610
53,2611
60,2612
22,2613
1173,2613
1730,2614
100,2615
818,2615
550,2616
1503,2616
505,2617
1327,2618
2570,2618
1574,2620
200,2621
2051,2621
1731,2622
2,2623
1,2624
667,2624
866,2624
220,2625
796,2625
1766,2625
60,2626
526,2628
1681,2629
2455,2629
1155,2630
1340,2630
171,2633
736,2633
1237,2636
563,2637
705,2637
2136,2637
180,2638
367,2638
1690,2639
2136,2641
1657,2642
36,2644
274,2644
584,2646
388,2648
136,2650
1240,2651
1482,2651
880,2652
1111,2652
166,2653
208,2654
252,2656
557,2657
583,2657
2412,2657
3,2660
28,2662
464,2662
1675,2664
12,2665
23,2665
17,2666
594,2671
2130,2671
388,2672
107,2674
1228,2674
327,2677
153,2681
1286,2682
153,2683
416,2683
724,2683
1229,2685
2143,2685
2533,2686
177,2687
90,2690
1522,2690
2637,2690
1975,2691
1309,2692
1488,2692
108,2693
375,2695
2154,2695
1133,2696
851,2697
340,2698
2173,2699
221,2700
535,2701
1302,2701
1392,2701
823,2702
1611,2702
1,2703
76,2704
474,2706
43,2709
2143,2709
532,2710
766,2711
793,2712
3,2714
200,2716
3,2717
258,2717
272,2718
1452,2719
321,2720
232,2721
1347,2721
226,2723
226,2724
667,2724
2150,2725
2570,2725
262,2726
17,2727
735,2727
2485,2727
1793,2729
2334,2729
818,2734
1246,2734
627,2735
1,2736
1367,2739
2493,2740
730,2741
1384,2743
432,2745
1402,2747
2050,2747
289,2748
439,2748
884,2748
3,2749
180,2750
187,2750
2130,2750
578,2751
2252,2753
1383,2755
2644,2756
1384,2757
28,2758
1444,2758
272,2759
691,2760
1701,2761
359,2762
1381,2763
1692,2769
18,2770
659,2770
232,2771
1029,2773
1,2774
29,2777
1423,2777
90,2778
793,2778
1917,2778
159,2779
1118,2779
656,2781
766,2782
793,2782
532,2786
1500,2786
861,2787
529,2788
446,2789
257,2790
793,2790
2779,2791
2351,2793
314,2794
2761,2795
226,2797
1019,2798
1559,2798
3,2799
111,2799
1611,2799
187,2801
577,2801
1858,2801
1917,2801
3,2802
69,2802
1877,2802
1360,2803
1496,2803
1101,2807
2095,2807
1807,2808
62,2810
1589,2811
49,2812
61,2812
323,2813
1,2815
45,2817
359,2818
730,2818
2496,2818
1062,2819
90,2821
204,2821
648,2821
536,2823
690,2823
3,2825
282,2825
1972,2826
22,2830
72,2830
76,2831
516,2831
2770,2831
18,2833
2341,2835
98,2836
1154,2836
575,2837
893,2842
626,2843
214,2845
1391,2845
2039,2845
432,2846
2527,2847
2798,2848
110,2849
326,2849
161,2852
2277,2853
1425,2854
1111,2855
2639,2857
593,2860
488,2861
517,2862
2055,2865
509,2866
1021,2867
272,2868
2356,2868
1444,2870
388,2871
14,2872
87,2872
908,2873
1205,2873
1443,2876
2721,2879
1997,2880
2271,2880
171,2882
126,2884
232,2884
1515,2884
379,2886
1209,2886
2617,2886
925,2890
2,2893
379,2893
251,2894
1065,2895
340,2896
211,2898
2058,2899
36,2901
62,2901
2637,2901
2,2902
273,2902
28,2903
371,2903
526,2903
436,2904
441,2905
314,2906
110,2907
1063,2907
412,2909
81,2910
1973,2912
290,2913
2903,2914
164,2915
232,2915
4,2917
1444,2918
2530,2919
441,2920
61,2921
1515,2922
4,2923
1997,2924
45,2928
110,2928
369,2928
1923,2928
30,2929
1496,2929
1118,2931
76,2932
1639,2935
214,2936
983,2936
1206,2936
1170,2937
1475,2937
2778,2938
401,2939
100,2942
504,2942
2797,2942
1280,2943
2271,2943
908,2944
2068,2944
559,2945
53,2948
1158,2948
520,2949
11,2950
2920,2951
1817,2953
1836,2953
1137,2954
164,2955
255,2957
53,2958
298,2958
1560,2962
2164,2962
53,2963
1183,2964
1481,2964
1959,2965
1315,2966
2569,2966
1380,2967
1898,2967
595,2971
1205,2972
70,2973
1777,2973
2721,2974
395,2975
2589,2975
119,2976
331,2976
346,2976
119,2978
295,2979
659,2979
12,2980
125,2980
323,2980
373,2981
2,2982
481,2983
12,2986
3,2987
857,2987
1975,2988
382,2989
22,2990
2979,2991
359,2993
432,2993
580,2993
11,2996
126,2997
1960,2997
2030,2997
369,2998
2928,2998
874,3000
2836,3000
62,3002
531,3002
1530,3002
1676,3002
473,3005
1425,3006
1327,3007
1426,3007
471,3010
2394,3010
3,3011
2475,3012
849,3013
28,3014
96,3014
2088,3014
11,3016
214,3017
656,3021
1660,3021
96,3023
2786,3023
1280,3025
1732,3026
2793,3026
2195,3027
17,3028
3,3029
53,3031
1210,3031
1486,3035
402,3037
754,3039
1183,3041
400,3046
2130,3049
2366,3049
17,3052
111,3053
199,3053
1897,3053
465,3055
2798,3056
276,3058
642,3058
111,3062
1762,3065
49,3067
378,3067
2955,3067
232,3068
17,3069
289,3069
17,3071
109,3071
218,3071
644,3071
226,3073
276,3073
2113,3073
86,3074
800,3074
833,3074
1644,3075
539,3076
243,3077
18,3081
785,3081
0,3082
226,3082
931,3083
648,3084
1144,3084
116,3086
2639,3086
558,3087
2986,3087
773,3088
1327,3088
1503,3090
98,3091
1556,3091
1899,3091
76,3092
161,3093
4,3096
557,3097
715,3099
1389,3101
3,3102
1672,3102
14,3103
224,3103
1453,3105
31,3106
67,3106
646,3106
1870,3106
2575,3107
98,3108
62,3111
11,3112
542,3112
654,3114
1115,3116
43,3117
61,3117
69,3118
649,3119
1028,3119
70,3120
523,3120
2629,3120
141,3121
750,3122
49,3125
52,3126
258,3126
1033,3126
2030,3127
763,3128
1120,3128
10,3129
1424,3130
774,3131
1657,3131
1387,3132
82,3136
388,3136
488,3136
2593,3137
778,3138
1218,3138
23,3140
180,3140
1087,3141
2235,3141
2462,3143
2569,3143
3016,3143
2833,3145
243,3146
441,3146
1226,3146
1267,3146
1658,3146
1003,3148
1342,3148
984,3149
285,3150
1571,3150
62,3151
1094,3151
2690,3151
340,3152
532,3152
2986,3153
523,3155
2081,3155
497,3156
1702,3156
2058,3156
2048,3157
1189,3159
2721,3159
81,3162
98,3162
1605,3162
2872,3163
28,3165
593,3165
2386,3165
1559,3166
1219,3167
49,3168
1543,3168
456,3170
1057,3178
1111,3178
2836,3178
275,3180
2077,3181
1033,3182
276,3183
654,3184
456,3185
913,3186
1793,3186
531,3190
2585,3190
3025,3191
675,3194
1827,3194
2628,3194
18,3198
984,3198
1735,3199
232,3201
593,3204
382,3205
340,3206
2257,3206
12,3208
1014,3208
439,3210
1101,3211
1732,3212
2626,3216
1672,3218
1990,3218
3037,3219
196,3221
1136,3221
326,3226
71,3227
57,3228
768,3228
866,3229
1763,3230
17,3231
1807,3232
23,3233
4,3234
126,3234
3,3235
1963,3235
1,3236
572,3237
215,3238
2583,3238
126,3239
705,3239
3238,3239
2,3240
200,3240
3002,3241
221,3242
1106,3242
45,3243
225,3244
773,3246
2821,3247
410,3249
1,3251
2872,3251
550,3252
1415,3252
18,3253
131,3255
1934,3260
2967,3262
1058,3263
17,3266
62,3266
836,3270
161,3271
11,3272
301,3272
488,3273
2650,3274
161,3275
783,3275
3016,3277
1748,3280
2763,3281
1,3282
596,3282
1030,3283
1189,3283
2880,3283
2266,3284
431,3286
3117,3286
2145,3287
1816,3288
754,3289
326,3290
436,3291
3081,3291
48,3292
559,3293
23,3296
659,3296
3,3298
241,3298
1408,3299
3,3300
2,3301
488,3304
564,3304
984,3307
45,3309
1897,3309
2303,3310
793,3311
692,3312
1,3313
2308,3314
583,3316
1298,3316
2845,3316
2577,3317
2836,3318
1283,3319
2013,3321
12,3325
22,3325
55,3325
930,3325
2126,3325
232,3326
401,3327
268,3328
381,3328
388,3328
388,3330
880,3332
1275,3332
2998,3332
1219,3334
438,3335
890,3336
2341,3336
778,3338
1825,3338
2354,3339
177,3340
607,3340
1266,3342
683,3344
3128,3345
225,3346
289,3347
3114,3347
1489,3350
1452,3351
2417,3355
506,3357
2316,3358
1423,3359
1587,3359
49,3363
580,3363
393,3366
86,3367
334,3367
59,3368
31,3370
289,3370
913,3370
221,3372
258,3373
1959,3373
882,3376
1653,3376
2478,3378
673,3380
1792,3380
3198,3380
53,3381
1101,3382
3332,3382
234,3383
1963,3383
2341,3383
1,3386
496,3386
313,3387
263,3388
1186,3388
607,3389
743,3390
87,3391
2852,3391
289,3392
783,3393
2058,3393
2971,3393
179,3394
958,3394
3017,3395
262,3396
375,3396
2357,3396
3146,3396
10,3397
232,3398
3,3400
2222,3404
2695,3404
665,3405
1386,3405
1492,3407
100,3408
1704,3408
478,3409
1019,3409
2966,3410
3,3411
107,3411
1824,3411
2836,3411
17,3414
3277,3414
2312,3415
736,3417
818,3417
1246,3417
1,3418
2240,3418
327,3420
3386,3421
1712,3422
2,3425
516,3425
1541,3426
3,3427
1041,3428
1389,3431
2702,3431
393,3432
741,3433
692,3434
367,3435
2539,3435
3232,3436
171,3437
1033,3437
1165,3437
256,3438
859,3438
3131,3438
103,3440
828,3443
1244,3444
276,3445
1502,3445
180,3446
2612,3446
644,3447
667,3447
289,3449
17,3450
1997,3450
2140,3450
2798,3450
1,3452
3,3452
1542,3453
1892,3454
452,3455
2015,3455
816,3456
913,3456
3076,3456
3409,3456
340,3458
1954,3458
2524,3458
2155,3459
649,3460
2079,3461
3183,3462
1114,3465
3,3466
593,3466
526,3467
3229,3467
3289,3467
446,3468
3346,3468
1571,3469
262,3471
331,3471
3,3472
23,3474
571,3475
572,3475
232,3476
2944,3476
30,3477
3,3479
454,3479
257,3481
3221,3482
712,3483
1857,3483
2811,3483
28,3484
464,3484
2209,3485
2211,3486
3,3487
272,3487
1617,3488
87,3489
2262,3489
550,3490
2030,3490
144,3491
198,3491
2039,3491
2294,3491
539,3492
673,3492
1244,3492
1770,3492
161,3493
1049,3494
667,3495
1,3496
922,3497
1016,3497
331,3500
364,3500
2397,3502
126,3503
2563,3503
2848,3503
916,3506
2852,3509
3485,3509
336,3510
607,3510
1098,3510
276,3511
1075,3513
3204,3513
690,3514
59,3515
908,3516
413,3517
388,3519
2734,3519
2579,3521
410,3522
96,3524
819,3524
908,3524
1581,3524
623,3525
2795,3526
218,3527
10,3528
111,3528
188,3530
131,3531
2013,3533
1032,3537
2996,3538
340,3542
2570,3542
75,3543
1218,3545
393,3546
790,3546
1968,3546
3107,3546
509,3548
3450,3549
60,3550
18,3552
2493,3552
613,3553
1035,3553
92,3554
459,3554
272,3555
667,3555
331,3556
1895,3556
1708,3557
1072,3558
1026,3559
523,3560
1611,3561
2886,3561
3437,3561
18,3563
563,3563
1617,3563
2127,3563
2782,3564
3563,3564
1062,3565
532,3568
1347,3568
388,3569
2610,3569
272,3570
436,3570
1488,3570
1702,3570
36,3572
545,3573
1392,3573
644,3576
869,3576
1662,3578
840,3579
208,3582
1972,3582
199,3585
393,3586
393,3587
289,3588
1461,3591
36,3592
2610,3592
452,3594
3474,3595
2317,3596
2786,3598
1199,3599
2939,3599
2793,3603
1016,3607
2579,3607
3492,3607
828,3608
1956,3608
396,3610
2577,3612
736,3614
188,3615
965,3616
766,3617
2421,3619
1530,3620
1617,3620
296,3621
1377,3622
2,3624
87,3624
3476,3626
3,3628
17,3628
1188,3628
221,3631
975,3632
13,3634
1164,3639
2944,3643
272,3647
3073,3649
18,3650
371,3650
656,3651
3408,3651
456,3652
1016,3653
1020,3653
2136,3654
1488,3655
12,3656
475,3656
722,3658
164,3659
551,3661
2967,3661
807,3663
12,3664
2,3665
401,3665
2166,3670
87,3671
411,3671
18,3672
218,3672
831,3672
1084,3672
221,3673
2797,3674
816,3676
2903,3676
2079,3678
654,3679
1441,3679
3422,3680
452,3681
2488,3685
3325,3685
2950,3686
258,3687
2546,3687
1244,3688
3467,3688
30,3689
350,3692
2354,3692
577,3693
199,3694
272,3694
118,3695
3002,3698
743,3699
1853,3699
3,3702
71,3702
273,3702
17,3703
421,3703
1201,3703
893,3704
379,3706
1290,3706
1295,3706
2088,3706
43,3707
199,3708
712,3708
3325,3709
3347,3710
153,3712
587,3712
1996,3712
232,3713
2870,3714
1092,3716
563,3717
359,3719
2899,3719
708,3720
1583,3721
2321,3721
145,3722
2039,3722
733,3725
2541,3729
441,3730
1581,3731
3686,3732
3,3733
446,3733
1727,3733
369,3734
649,3735
2058,3735
1086,3737
2553,3737
117,3738
523,3738
340,3739
1714,3739
563,3740
3393,3740
2125,3741
2,3742
989,3742
1092,3744
340,3746
984,3746
13,3747
2797,3747
378,3748
2577,3749
1581,3750
855,3753
2493,3754
2779,3755
189,3757
18,3758
60,3759
920,3759
72,3760
2639,3760
3,3762
23,3762
1611,3762
481,3763
2610,3763
446,3769
613,3769
3291,3769
1851,3774
196,3776
3,3777
393,3777
2,3778
3127,3778
238,3782
1061,3784
1616,3784
1466,3785
1,3788
4,3788
1106,3788
3,3789
3422,3789
1383,3791
196,3792
49,3793
1448,3793
2849,3793
1,3794
66,3794
648,3795
325,3796
1082,3798
3408,3798
2797,3800
2546,3801
28,3805
3452,3805
1920,3806
3494,3807
1462,3808
3146,3809
2603,3812
1370,3814
1920,3815
2438,3817
741,3820
478,3823
70,3825
3155,3825
65,3826
1711,3826
459,3827
18,3829
1736,3829
2209,3830
377,3832
1391,3834
1565,3834
840,3836
2136,3836
412,3837
53,3839
1091,3840
607,3842
2329,3843
215,3844
459,3848
232,3849
289,3849
3,3850
674,3851
3152,3851
4,3853
1028,3853
1118,3854
1611,3854
726,3857
2136,3857
321,3858
1326,3858
1727,3858
461,3862
2435,3862
2799,3862
2,3863
67,3864
552,3865
984,3865
75,3867
1053,3867
763,3868
86,3869
648,3871
627,3872
3,3873
74,3873
2068,3873
23,3874
110,3874
1173,3874
1899,3876
103,3877
1642,3877
2091,3877
60,3878
3421,3878
1094,3880
3851,3881
2813,3882
1160,3884
1952,3885
321,3887
1453,3887
3131,3887
3373,3887
0,3888
3148,3888
290,3889
2914,3889
550,3891
2788,3891
441,3892
913,3892
327,3893
559,3895
1984,3895
484,3896
3037,3896
1488,3897
923,3898
364,3899
2,3901
62,3903
255,3903
1565,3903
12,3904
3456,3905
958,3906
1638,3907
2575,3908
381,3910
934,3910
1486,3910
2039,3910
874,3911
1423,3911
707,3912
1432,3912
1635,3912
1,3913
268,3913
1096,3913
276,3914
476,3914
909,3916
118,3921
998,3921
1441,3922
43,3923
797,3923
828,3923
2721,3923
262,3924
736,3924
340,3926
2723,3926
272,3927
1867,3928
111,3929
1123,3929
3380,3930
3719,3930
1801,3931
22,3934
1218,3935
3572,3935
3053,3936
593,3939
2577,3940
707,3943
90,3944
116,3945
554,3945
1281,3946
176,3947
1800,3948
3452,3948
232,3950
2265,3950
3911,3952
581,3953
3693,3953
4,3954
3126,3954
330,3955
2870,3955
3076,3957
593,3963
684,3964
1383,3965
995,3966
1714,3966
2625,3966
2107,3967
3776,3971
405,3976
1960,3976
4,3978
1252,3979
2026,3979
12,3985
838,3985
893,3985
1218,3985
1572,3985
2894,3987
410,3988
874,3988
2257,3988
2357,3988
375,3989
1727,3989
2068,3990
1092,3991
3167,3991
110,3994
1653,3998
1960,3999
1889,4001
23,4002
3896,4002
236,4003
1984,4006
2143,4007
2281,4009
886,4010
743,4011
2344,4011
1016,4012
200,4013
1820,4013
3143,4014
1061,4015
3359,4015
2294,4016
934,4019
295,4020
107,4021
857,4024
880,4024
833,4025
1246,4026
1107,4027
1244,4027
2819,4027
348,4029
686,4030
3910,4031
126,4032
1053,4032
3891,4033
262,4034
2107,4035
1486,4036
1550,4036
3524,4036
296,4037
439,4037
72,4039
1866,4039
2113,4040
3,4042
806,4042
1367,4043
807,4044
2074,4044
2100,4044
2585,4044
3924,4046
331,4047
367,4048
975,4048
2395,4050
588,4051
1049,4053
153,4054
275,4055
580,4055
452,4056
626,4056
1657,4056
2943,4056
2967,4057
2568,4058
98,4060
1237,4060
480,4061
2557,4061
323,4065
2209,4067
11,4068
70,4068
153,4068
117,4069
76,4070
1635,4070
98,4071
941,4071
2267,4072
3212,4072
1244,4073
1246,4075
3511,4075
692,4077
2,4080
327,4080
1423,4080
2625,4080
793,4083
3966,4084
22,4085
395,4085
122,4086
2,4088
563,4091
204,4093
30,4095
3,4099
60,4099
110,4100
701,4100
1315,4100
3706,4101
718,4102
226,4104
1029,4107
1764,4108
2008,4109
268,4112
957,4113
452,4114
3411,4114
28,4116
754,4117
2823,4118
364,4119
62,4120
3651,4121
75,4122
496,4122
3247,4122
22,4123
411,4126
1082,4127
536,4129
3328,4129
136,4130
2008,4130
2182,4130
57,4131
206,4131
57,4132
390,4132
3576,4134
2,4136
3391,4136
1,4139
1898,4143
62,4146
681,4146
4130,4148
2221,4149
75,4150
1797,4151
1851,4152
2397,4154
773,4155
2541,4156
4080,4156
3572,4157
577,4163
1165,4163
925,4165
1355,4167
72,4168
1681,4168
3732,4168
331,4170
1715,4171
2107,4171
2665,4172
1,4173
432,4173
3706,4173
393,4177
3252,4178
557,4179
3769,4179
12,4181
2270,4181
3125,4181
282,4183
712,4183
244,4185
516,4185
1522,4186
665,4188
4127,4191
1541,4192
405,4193
454,4193
623,4193
2630,4193
3759,4193
3500,4195
211,4196
1180,4196
112,4197
2541,4199
3719,4200
438,4201
257,4202
342,4202
1476,4202
1315,4204
2639,4204
2696,4205
1696,4207
3954,4207
2006,4208
648,4209
3300,4210
859,4211
4009,4213
1244,4217
1619,4219
60,4221
743,4221
1642,4222
12,4223
2058,4223
356,4224
1644,4224
49,4225
1426,4228
3524,4229
131,4230
444,4230
2616,4230
578,4231
2750,4234
1174,4236
1020,4237
53,4238
17,4239
2008,4239
2802,4239
1920,4242
3107,4242
258,4243
327,4244
727,4247
4068,4247
1571,4248
2726,4248
375,4250
856,4252
1293,4252
488,4254
3979,4255
2807,4256
1617,4257
49,4258
3785,4258
1019,4259
646,4260
1244,4260
345,4264
528,4264
1327,4264
793,4265
436,4266
1360,4266
2481,4266
367,4267
3979,4267
1810,4268
2357,4268
3240,4269
125,4270
785,4270
2321,4270
3,4271
1383,4272
3702,4274
480,4277
395,4278
2610,4278
3210,4279
4083,4279
400,4280
593,4280
3084,4280
12,4284
1340,4285
667,4286
1129,4286
2544,4286
2912,4287
189,4290
4193,4291
81,4294
644,4294
171,4296
176,4296
57,4297
659,4297
3146,4297
393,4300
1753,4300
2277,4300
1263,4301
10,4302
3289,4303
1810,4304
2329,4304
2607,4304
3877,4305
1491,4308
792,4311
3281,4311
3,4312
4072,4312
3628,4313
60,4314
410,4314
696,4315
831,4315
1387,4315
792,4317
225,4319
4058,4319
3485,4321
441,4322
145,4323
232,4323
192,4324
238,4324
552,4324
1472,4324
611,4325
31,4327
17,4328
828,4330
1972,4330
187,4332
1281,4332
797,4333
2697,4336
171,4339
3,4340
208,4340
459,4342
521,4342
886,4342
995,4346
1889,4347
1426,4349
690,4351
3,4353
2203,4354
3720,4354
60,4355
401,4355
2148,4355
3151,4355
3769,4355
3422,4356
321,4357
381,4357
436,4361
109,4362
144,4363
436,4364
1111,4364
87,4366
696,4367
2136,4368
3310,4368
707,4369
2039,4371
404,4373
2519,4373
49,4374
107,4374
1464,4375
644,4376
1026,4376
1129,4377
1136,4377
1869,4380
3710,4381
1306,4383
1364,4383
1591,4383
833,4384
1297,4384
2446,4385
712,4387
2519,4387
402,4388
823,4388
2690,4388
2,4389
2541,4391
28,4395
62,4395
493,4395
722,4395
958,4400
3671,4400
4204,4400
3289,4401
2008,4402
623,4405
649,4405
2915,4405
1030,4406
2791,4406
0,4407
635,4409
983,4410
1490,4411
3,4412
67,4413
452,4413
4355,4415
1624,4416
1730,4418
75,4419
1281,4419
2195,4419
1082,4421
10,4422
421,4423
893,4426
57,4429
2554,4429
18,4430
1554,4430
223,4431
57,4433
581,4433
1243,4433
4347,4434
908,4437
4148,4437
736,4438
3151,4438
3438,4439
44,4440
362,4440
818,4441
1060,4442
1464,4442
1225,4444
4,4445
4294,4445
995,4446
99,4449
1289,4451
3,4453
823,4453
523,4454
3373,4457
100,4458
916,4458
2597,4458
2218,4460
1117,4461
1930,4461
4238,4461
3,4464
1973,4465
4065,4465
517,4466
1173,4469
221,4470
241,4475
327,4475
1616,4475
2987,4477
3126,4478
2270,4479
131,4482
1719,4482
856,4483
2460,4483
908,4484
100,4485
441,4486
796,4486
686,4487
3007,4487
783,4488
2430,4488
1424,4489
849,4490
856,4490
3950,4490
1,4491
272,4491
480,4491
2697,4491
396,4492
70,4493
818,4493
3,4494
81,4494
420,4494
2199,4494
2787,4494
48,4495
715,4496
2107,4498
3232,4498
3190,4499
72,4501
1082,4502
1996,4502
2030,4503
3366,4503
244,4505
31,4506
1483,4510
2271,4512
2508,4512
2745,4513
3857,4513
1424,4514
2657,4515
4056,4516
4205,4516
4324,4517
3840,4520
348,4521
525,4524
593,4524
649,4525
1189,4526
2496,4526
880,4527
800,4529
262,4530
1307,4531
1481,4531
707,4532
1133,4533
199,4537
3,4538
14,4538
773,4539
755,4540
793,4540
3,4541
22,4541
1708,4541
3114,4541
3125,4541
635,4544
69,4545
2716,4545
550,4547
3117,4550
98,4553
2408,4554
828,4555
1711,4555
2307,4555
17,4556
2565,4556
340,4558
2802,4559
648,4561
1259,4561
2565,4561
3,4562
2003,4562
773,4563
823,4563
1097,4563
1490,4563
22,4564
70,4564
340,4564
4429,4564
2797,4565
53,4567
58,4568
2088,4568
101,4569
204,4572
164,4573
1290,4574
2073,4574
550,4575
2022,4575
1415,4576
321,4577
793,4577
717,4578
1191,4578
1370,4578
2429,4578
204,4579
1066,4580
23,4581
1186,4581
279,4583
109,4584
580,4585
774,4586
644,4589
1328,4589
331,4590
45,4591
1257,4592
1768,4592
773,4593
581,4595
3081,4595
1817,4596
4498,4596
667,4599
1807,4603
1774,4606
983,4607
1492,4607
1077,4609
4204,4610
1220,4614
367,4615
404,4616
882,4616
393,4618
49,4619
4332,4620
3382,4623
28,4625
356,4626
621,4627
107,4630
4,4632
236,4632
1,4633
2928,4633
1016,4640
2589,4640
2957,4640
21,4641
1049,4641
1075,4641
646,4642
984,4643
471,4645
841,4648
4439,4649
411,4651
509,4651
707,4651
2,4654
241,4654
236,4655
621,4656
1997,4656
1601,4657
272,4658
3002,4659
4564,4660
126,4662
111,4664
388,4667
545,4667
1228,4667
1280,4667
3710,4668
667,4670
3186,4672
3476,4672
3709,4674
925,4675
1486,4675
3037,4675
690,4676
1431,4677
3272,4677
780,4679
1029,4680
3023,4682
2400,4686
3,4687
107,4687
2710,4687
2914,4687
3346,4687
3857,4687
2318,4688
2112,4689
3392,4689
3447,4689
109,4690
772,4691
2434,4691
86,4692
504,4693
345,4694
153,4695
1049,4695
49,4696
126,4696
192,4696
4563,4698
577,4699
12,4701
1275,4703
2221,4705
4304,4705
2,4706
3511,4706
4130,4706
171,4708
509,4708
2530,4708
541,4709
930,4710
1228,4710
717,4712
3425,4712
3782,4713
2873,4714
880,4716
3156,4716
3987,4716
2777,4718
367,4720
559,4721
3452,4723
788,4724
1087,4725
1,4727
916,4727
2140,4727
1332,4728
3204,4728
581,4729
3425,4730
823,4732
4573,4732
1364,4734
1682,4734
2626,4734
2580,4737
2275,4738
2758,4740
164,4741
736,4741
1043,4741
1616,4741
2127,4741
2318,4742
208,4744
87,4745
532,4748
1764,4748
17,4749
1332,4749
3,4751
1617,4751
1086,4752
22,4755
974,4755
1757,4755
3,4756
429,4759
199,4760
670,4761
4520,4762
169,4764
604,4764
232,4765
2798,4765
17,4769
3491,4772
81,4773
444,4773
1381,4773
73,4774
111,4774
1422,4774
2351,4774
2786,4774
698,4775
4494,4775
385,4776
3749,4776
4567,4776
4,4777
836,4777
2270,4777
2075,4778
3106,4778
2346,4779
3346,4779
488,4781
2493,4781
136,4782
223,4782
1727,4782
1244,4784
4205,4786
4047,4787
857,4788
4520,4789
76,4790
1188,4790
381,4794
225,4795
43,4801
98,4801
2071,4803
596,4804
3485,4804
315,4806
400,4806
941,4806
0,4807
1026,4807
2955,4807
880,4808
4538,4808
509,4809
1139,4809
111,4813
528,4813
1317,4813
934,4815
550,4816
208,4818
4655,4818
3368,4820
2313,4821
1,4822
96,4822
262,4822
2543,4822
1721,4826
1772,4826
488,4827
3358,4828
28,4830
3106,4830
3896,4831
644,4833
3706,4833
289,4834
998,4834
2487,4834
1291,4837
2263,4837
298,4839
1934,4840
523,4843
3230,4843
1851,4844
396,4845
441,4845
478,4846
1452,4846
180,4847
461,4848
2116,4848
258,4854
750,4854
649,4855
81,4856
3152,4856
3985,4856
359,4857
1502,4860
4494,4860
754,4862
1140,4863
87,4865
1571,4866
3390,4866
225,4869
876,4869
2235,4869
2,4870
221,4870
1424,4870
823,4871
3162,4871
262,4872
976,4872
314,4873
99,4874
488,4874
1492,4874
625,4875
1084,4875
4264,4875
2639,4876
657,4880
793,4882
1559,4882
2958,4882
4801,4883
4494,4885
3769,4886
4781,4887
60,4888
298,4888
49,4889
2622,4889
2771,4889
310,4890
1502,4890
1653,4892
1039,4894
1485,4894
649,4895
22,4896
3427,4896
218,4897
1440,4897
2134,4899
1061,4900
4541,4901
2929,4902
3702,4904
258,4906
4324,4907
3465,4908
2616,4910
2359,4911
3081,4911
1481,4912
4755,4912
1882,4913
282,4914
577,4916
2837,4916
3282,4917
3106,4919
96,4920
4657,4920
1662,4921
3809,4921
743,4922
807,4922
3,4923
1642,4923
161,4926
223,4927
1840,4928
4655,4928
746,4929
496,4930
649,4931
381,4932
2630,4932
187,4933
1173,4934
2988,4935
390,4936
2491,4936
3010,4936
3661,4937
3,4939
823,4939
86,4940
331,4940
763,4940
1501,4940
81,4942
393,4944
17,4945
715,4945
1639,4946
4302,4947
3,4952
1504,4953
1672,4954
1848,4955
2330,4956
30,4957
10,4958
480,4958
2639,4958
4781,4958
2037,4959
2516,4959
3065,4959
1257,4961
1723,4961
4889,4961
1735,4962
1764,4966
1424,4967
13,4971
1244,4976
4117,4977
2563,4979
4095,4979
1912,4982
2541,4982
1,4984
3782,4984
3492,4985
3896,4986
3,4987
1718,4987
1244,4990
3296,4991
17,4993
373,4993
772,4996
2944,4996
1381,4997
866,4998
1910,4998
2107,4999
2446,4999
3911,4999
823,5001
77,5002
3893,5002
444,5003
879,5005
2793,5005
1476,5009
258,5010
3721,5010
223,5011
17,5012
3719,5012
4197,5012
667,5014
2089,5014
1656,5015
218,5016
665,5016
1934,5019
17,5020
3524,5021
559,5022
2774,5023
1159,5025
76,5027
144,5027
552,5029
3204,5029
111,5030
214,5030
4675,5030
4920,5031
696,5032
2388,5032
221,5033
707,5035
3332,5036
4410,5036
4794,5038
45,5039
373,5039
623,5040
2428,5041
736,5045
667,5047
1714,5047
828,5048
32,5049
400,5049
607,5049
4896,5050
3563,5051
3376,5052
730,5053
3702,5054
667,5057
1055,5059
1917,5059
3425,5059
2988,5060
2438,5063
126,5064
1934,5066
2793,5067
3162,5067
461,5070
2214,5070
79,5071
164,5071
615,5072
2316,5074
2352,5074
4826,5074
161,5075
1307,5075
1773,5075
686,5076
503,5077
1446,5077
2491,5078
496,5081
1383,5083
2872,5083
3393,5083
563,5084
690,5084
1997,5085
1326,5087
17,5088
2359,5088
111,5089
1,5090
1617,5091
1676,5092
279,5093
4979,5093
14,5095
2236,5095
4127,5095
554,5096
665,5097
153,5099
436,5099
1094,5099
1206,5099
740,5100
72,5101
4211,5102
1327,5103
321,5104
625,5105
112,5107
2320,5108
75,5110
5012,5111
657,5112
2565,5112
214,5113
69,5114
506,5116
2421,5117
2412,5118
3867,5118
1617,5119
30,5121
583,5121
1984,5122
4,5123
1244,5123
5121,5123
1482,5124
2532,5124
2848,5124
1,5125
313,5125
66,5127
1228,5127
1642,5127
1154,5129
1331,5131
45,5132
5108,5134
5131,5134
4438,5135
2539,5136
3836,5139
4060,5140
2103,5141
2718,5141
4642,5142
1270,5143
1543,5143
4013,5143
356,5145
4,5150
3395,5150
754,5152
667,5154
1963,5154
4488,5154
232,5155
2193,5155
4873,5156
1763,5157
2779,5158
273,5160
2812,5160
958,5162
975,5164
4204,5164
1827,5166
777,5167
2557,5167
429,5169
818,5169
4696,5170
3,5171
3127,5171
98,5172
221,5172
594,5172
1867,5172
1561,5173
3325,5173
3340,5174
325,5175
1719,5175
823,5177
2721,5177
3628,5177
87,5178
2134,5179
4784,5180
119,5182
1541,5182
17,5183
560,5184
2421,5184
3274,5184
1665,5185
3784,5185
2305,5186
164,5187
523,5188
4461,5188
87,5190
615,5191
2428,5192
45,5193
2793,5193
2884,5194
607,5197
1092,5197
3456,5197
4595,5198
1851,5199
238,5200
615,5200
2812,5200
3162,5200
2690,5201
1559,5202
4756,5203
629,5204
1642,5205
12,5206
3,5209
3234,5209
176,5210
226,5210
1280,5210
1467,5210
43,5211
388,5211
1429,5213
4426,5213
3935,5214
4095,5215
1033,5216
373,5217
1290,5219
4888,5219
593,5220
3525,5220
741,5221
1016,5221
452,5225
1732,5227
3720,5230
1687,5231
642,5234
3029,5234
49,5238
72,5239
497,5239
469,5240
1653,5244
4936,5246
1959,5247
215,5248
659,5248
754,5250
866,5251
2836,5251
2001,5253
4366,5253
894,5254
0,5255
2721,5255
3327,5255
402,5256
429,5257
988,5257
2948,5257
884,5261
4383,5261
3136,5262
3221,5262
1155,5263
1877,5263
3720,5266
1453,5267
3865,5269
4290,5270
13,5271
670,5273
2300,5275
458,5276
681,5277
1049,5277
983,5278
4648,5281
3,5283
3565,5283
2807,5284
4765,5284
153,5285
4188,5288
3097,5289
4072,5289
3073,5291
478,5293
1493,5293
61,5294
1788,5295
1344,5296
1355,5296
543,5299
989,5299
3404,5299
3887,5301
1696,5305
126,5306
1485,5306
2333,5307
913,5309
3,5312
375,5312
4564,5313
475,5314
2920,5314
371,5317
517,5317
4769,5317
258,5318
32,5321
773,5322
4837,5322
393,5323
4080,5324
1401,5326
5029,5326
1158,5327
2972,5327
272,5329
1523,5330
879,5332
2421,5332
5248,5333
1420,5334
2541,5335
1275,5337
1440,5338
3778,5338
1053,5340
754,5342
545,5344
2979,5344
557,5345
2739,5345
4516,5345
1807,5346
517,5349
60,5351
755,5351
768,5351
2269,5351
3293,5351
14,5352
2554,5353
53,5355
2706,5355
2845,5355
1870,5356
289,5357
1701,5359
577,5361
1670,5362
13,5364
1228,5364
1331,5364
4002,5364
857,5365
1500,5365
4675,5365
4930,5366
1817,5368
2240,5368
60,5369
208,5371
166,5372
3102,5372
199,5373
3125,5373
3650,5373
754,5374
1444,5374
5166,5374
1,5375
484,5376
122,5378
223,5378
3877,5378
2140,5379
410,5380
2964,5380
45,5381
3125,5381
1588,5382
2612,5383
3,5384
717,5384
1100,5384
28,5385
3,5387
4095,5387
2033,5388
204,5389
352,5389
153,5390
295,5390
1966,5391
3899,5391
236,5397
5060,5398
2320,5399
1462,5404
3989,5404
1097,5406
327,5407
529,5411
667,5411
3342,5413
232,5414
361,5414
1415,5414
4357,5414
4774,5414
2485,5416
57,5419
1002,5419
3076,5422
3466,5423
53,5424
4385,5424
2578,5426
3805,5428
3031,5429
164,5430
2234,5431
4058,5431
894,5432
1008,5432
3762,5435
61,5436
773,5437
2,5439
1255,5439
2791,5439
521,5441
1381,5443
1730,5444
4277,5445
439,5446
3516,5448
3750,5449
5164,5450
893,5452
2225,5453
2371,5453
136,5455
4418,5456
2,5457
5187,5457
436,5458
2903,5458
1682,5459
406,5460
1252,5461
0,5463
908,5463
3953,5465
646,5467
656,5467
4716,5467
841,5468
920,5468
66,5474
4596,5474
2329,5475
4807,5475
1302,5477
5019,5477
1660,5478
5154,5479
3622,5480
36,5481
3978,5481
60,5483
3067,5483
4205,5483
877,5484
2610,5484
3874,5484
22,5485
45,5485
1389,5486
667,5487
2068,5487
5326,5487
147,5488
1098,5490
1554,5491
149,5492
2075,5493
3168,5493
5090,5493
272,5494
1121,5494
3372,5496
36,5497
1728,5497
4044,5497
774,5498
1793,5498
2734,5504
161,5505
1452,5505
1816,5505
4955,5505
2821,5507
2167,5510
1029,5511
851,5512
1355,5512
4921,5513
2904,5514
564,5516
1422,5517
4221,5517
667,5518
800,5519
1727,5519
4876,5521
4484,5525
1784,5526
3099,5526
2721,5529
2193,5530
3340,5531
3041,5534
2666,5536
3314,5537
3476,5539
2510,5540
2727,5541
3037,5541
5312,5543
631,5545
2873,5546
474,5548
4614,5548
18,5549
671,5551
1753,5551
1910,5551
99,5552
4499,5553
800,5554
4388,5555
2427,5556
1116,5558
2221,5558
3350,5558
1441,5559
1682,5559
2323,5561
4516,5563
2,5565
1920,5566
4641,5566
452,5567
3146,5568
251,5569
4521,5571
96,5574
110,5575
232,5575
395,5575
593,5577
3346,5578
43,5582
1301,5582
667,5583
22,5585
3749,5586
12,5588
4248,5589
176,5590
373,5591
781,5591
2069,5593
1152,5595
1501,5595
2,5598
331,5598
1423,5598
2721,5598
3107,5600
3435,5600
2687,5601
395,5603
1336,5606
4438,5606
837,5612
3148,5613
296,5614
3,5616
1075,5616
232,5617
256,5618
4494,5618
3102,5620
161,5621
3893,5621
1091,5622
1252,5622
2412,5622
432,5623
3435,5625
4618,5625
581,5626
882,5626
3339,5627
3450,5627
4373,5628
4375,5628
793,5629
2,5632
69,5632
1432,5632
1218,5634
367,5635
717,5635
49,5637
772,5637
5361,5637
1000,5638
2079,5638
5175,5639
4806,5640
2893,5641
17,5642
3706,5642
1295,5643
327,5644
135,5645
340,5645
3382,5645
86,5646
315,5646
496,5646
2944,5646
3994,5646
1327,5647
1165,5648
4873,5648
3,5649
843,5650
3,5652
860,5656
4788,5656
708,5657
12,5658
878,5658
5566,5660
1,5662
1280,5662
4816,5665
109,5670
659,5671
1050,5671
2240,5676
4772,5677
1342,5678
2323,5678
200,5679
375,5679
1372,5679
257,5680
2798,5681
238,5683
98,5685
3086,5687
1007,5688
2177,5688
2577,5689
12,5691
1687,5694
818,5695
251,5696
2544,5698
1972,5699
2252,5700
130,5701
4451,5701
4319,5702
4813,5702
3107,5704
1259,5705
2234,5705
5390,5705
125,5706
655,5706
1902,5710
882,5715
5444,5716
509,5717
428,5720
86,5721
4555,5721
3138,5722
4229,5722
3382,5723
3,5725
1877,5725
199,5726
1218,5726
1453,5727
607,5728
2836,5728
797,5732
4688,5732
2,5733
2346,5733
364,5737
45,5738
610,5738
665,5738
3719,5740
523,5741
3277,5742
4828,5742
4080,5743
390,5744
920,5744
1515,5744
4921,5745
5172,5745
1061,5746
2633,5746
5745,5746
1352,5747
5625,5748
5539,5751
4801,5753
3978,5758
914,5759
2942,5761
1,5762
2026,5762
1488,5763
1117,5765
404,5768
5184,5768
232,5769
3075,5769
371,5770
4882,5770
2629,5774
3114,5774
5190,5774
356,5776
28,5777
3612,5778
3830,5778
298,5779
272,5780
4201,5783
388,5786
984,5786
164,5788
696,5788
2987,5789
2565,5790
2593,5790
4405,5790
5632,5792
3531,5793
3834,5795
224,5797
1624,5797
268,5801
819,5802
1800,5802
2942,5802
1649,5803
1423,5805
1543,5805
2107,5807
5088,5807
393,5808
2807,5810
21,5812
578,5813
626,5813
1772,5813
4355,5813
331,5814
983,5815
855,5816
367,5817
3837,5817
4880,5820
449,5821
5578,5821
3885,5822
5455,5822
3,5824
2880,5824
1780,5825
654,5826
4490,5826
607,5830
3131,5830
3548,5830
3289,5831
30,5832
57,5832
57,5834
2617,5834
1722,5835
204,5837
412,5837
1327,5837
62,5838
119,5838
330,5841
1372,5842
1774,5842
126,5844
136,5845
382,5845
10,5846
2782,5846
3266,5846
708,5847
1,5848
934,5848
1166,5848
87,5849
3249,5849
851,5851
1446,5851
5035,5851
217,5852
110,5853
1864,5853
153,5856
1481,5857
224,5858
362,5858
1050,5859
289,5860
2581,5860
116,5861
4569,5861
1044,5864
2818,5864
4366,5865
2,5868
792,5869
971,5869
1642,5869
2377,5869
563,5871
743,5872
5484,5874
1091,5876
2427,5876
5817,5880
441,5881
857,5883
1183,5883
5210,5883
23,5886
108,5886
2798,5886
3359,5887
5384,5887
53,5888
3867,5891
815,5895
5738,5895
874,5896
1438,5896
3239,5896
49,5897
3738,5897
908,5898
23,5900
5127,5900
3373,5903
857,5904
1165,5904
2164,5905
161,5908
819,5908
3370,5912
2281,5913
64,5914
4725,5914
87,5915
1075,5915
5211,5915
2058,5916
840,5917
4976,5917
3628,5918
53,5919
57,5919
1877,5920
1590,5921
2662,5925
1959,5926
593,5927
2319,5927
2644,5928
301,5929
404,5929
575,5930
11,5931
2199,5931
3,5932
43,5933
908,5933
2524,5935
5188,5935
5430,5935
5012,5937
0,5938
2152,5938
3762,5938
443,5939
773,5939
5036,5939
509,5940
1719,5941
1762,5941
2310,5942
5121,5943
5182,5943
393,5944
4870,5944
5679,5944
69,5946
832,5946
543,5947
5905,5947
2127,5948
2717,5948
2721,5948
3035,5949
846,5950
2905,5950
4808,5953
425,5954
1402,5954
4095,5954
690,5955
290,5957
571,5957
2420,5959
393,5963
2533,5963
4614,5963
5644,5964
509,5965
4740,5967
4607,5968
5210,5968
4896,5969
1173,5972
1855,5973
478,5975
839,5977
1676,5977
5136,5978
69,5979
199,5979
2069,5979
41,5981
4419,5982
455,5983
382,5985
412,5985
2949,5989
4801,5989
2240,5990
439,5992
4,5993
649,5993
144,5995
743,5995
2320,5995
5548,5995
654,5998
908,5998
214,5999
4148,5999
754,6000
2235,6000
4083,6000
543,6002
2845,6003
3659,6004
3300,6006
1690,6008
2493,6009
171,6010
2160,6011
611,6012
5540,6014
831,6017
4277,6017
696,6018
3706,6018
5848,6020
707,6021
26,6022
2698,6022
5201,6022
1676,6023
534,6026
1905,6026
4357,6027
1788,6028
5376,6028
3617,6029
2421,6031
2639,6031
681,6032
894,6032
3655,6034
428,6035
2240,6036
1316,6038
119,6040
367,6040
3563,6041
1181,6042
5746,6043
626,6044
5943,6044
290,6045
326,6045
5701,6045
1966,6046
109,6047
3926,6047
1997,6048
1298,6050
1472,6050
1481,6050
1676,6050
336,6051
856,6052
45,6053
3,6054
295,6054
763,6055
4131,6055
5985,6055
153,6058
346,6058
2540,6059
3162,6059
3486,6059
3201,6060
4999,6061
2782,6062
2,6063
111,6063
5574,6063
5477,6065
3462,6066
750,6069
2140,6071
6040,6071
5895,6072
1,6073
5029,6073
5345,6073
496,6074
4883,6077
984,6078
96,6079
3,6082
4676,6082
6044,6083
1062,6084
3857,6084
4774,6084
1624,6086
839,6088
258,6091
4584,6091
1822,6093
2,6096
609,6096
2130,6096
2818,6100
4072,6100
5646,6103
4936,6104
1082,6105
2344,6105
4426,6105
1552,6107
3208,6107
4801,6108
326,6109
522,6109
681,6109
3325,6109
3531,6109
5131,6109
4966,6110
17,6113
3316,6114
3409,6114
3731,6114
3404,6115
3873,6117
5293,6119
3953,6121
861,6122
3903,6122
712,6123
1492,6124
1057,6126
4,6129
2270,6129
2637,6130
557,6131
832,6131
1852,6131
1420,6132
1452,6134
941,6135
804,6136
2110,6136
1424,6138
62,6139
3340,6139
4912,6139
2524,6141
2778,6141
17,6144
3185,6145
14,6146
2319,6146
241,6147
187,6148
2359,6148
382,6149
70,6150
4353,6150
5985,6152
2958,6154
3340,6156
153,6159
4296,6159
75,6161
232,6162
1902,6163
841,6164
3,6165
1708,6165
1690,6166
975,6167
3895,6167
2013,6169
192,6170
2455,6170
2770,6170
481,6171
966,6174
3334,6174
49,6175
1016,6177
2116,6178
3190,6178
49,6180
1429,6180
3492,6180
161,6182
2910,6186
1327,6187
2453,6189
4952,6189
321,6190
671,6190
3893,6190
5014,6190
17,6194
301,6196
5090,6196
1639,6198
5680,6198
616,6200
436,6201
675,6201
3273,6203
232,6204
301,6204
4083,6204
321,6206
3165,6209
1092,6211
379,6212
2846,6213
3863,6216
49,6218
317,6218
1973,6219
5554,6223
14,6225
763,6225
4270,6225
2397,6227
6050,6227
3509,6228
539,6229
3162,6230
1934,6231
1228,6235
1574,6236
607,6239
144,6240
807,6240
559,6241
1820,6241
225,6242
925,6243
1934,6243
3359,6243
4374,6243
5979,6243
2879,6244
1355,6246
2,6247
876,6247
5253,6248
3,6250
900,6250
29,6253
773,6254
3928,6254
356,6256
648,6256
153,6258
1708,6258
5647,6258
5467,6259
1905,6261
6078,6263
17,6264
480,6265
1233,6266
5035,6267
43,6268
304,6268
305,6269
1426,6269
4361,6269
819,6270
3524,6272
3163,6275
411,6277
1422,6277
984,6278
5896,6278
1021,6280
3,6281
1425,6282
2706,6283
3136,6284
69,6286
1588,6287
36,6290
60,6290
5859,6290
31,6292
214,6293
1500,6293
1882,6293
4312,6293
5676,6293
5422,6295
5172,6297
226,6298
2577,6298
363,6300
644,6301
2058,6301
153,6302
350,6304
1601,6307
4044,6308
5904,6308
874,6310
2486,6311
5468,6311
5830,6311
1,6312
3,6313
4088,6315
6259,6315
55,6317
75,6317
4478,6317
4856,6317
4108,6319
6281,6319
849,6320
5822,6320
1589,6321
2252,6322
3769,6324
60,6326
4419,6326
188,6327
1426,6328
2293,6329
5646,6329
5763,6330
87,6331
247,6332
5247,6335
3206,6336
642,6337
400,6338
774,6338
4962,6339
215,6340
1921,6342
4889,6344
4959,6344
5774,6345
3487,6347
72,6348
323,6348
4896,6348
1389,6352
3159,6354
5122,6354
72,6356
3082,6357
3561,6357
916,6359
2903,6360
1432,6362
84,6364
226,6365
3153,6365
311,6366
4373,6367
381,6368
28,6372
2126,6372
2716,6372
117,6375
1701,6377
4698,6377
649,6380
2967,6380
6364,6380
3873,6383
478,6384
1997,6384
4426,6385
378,6387
28,6388
563,6388
1424,6388
5135,6390
493,6391
316,6392
81,6395
2928,6395
3673,6395
3145,6397
5598,6398
656,6399
1289,6401
1483,6401
345,6402
5299,6403
122,6405
4813,6406
12,6407
367,6407
3037,6407
3435,6407
452,6409
5175,6409
2107,6411
6375,6411
415,6412
1479,6412
1856,6412
6247,6412
2195,6413
2329,6413
1266,6414
221,6415
1054,6415
1327,6416
1106,6417
1496,6417
5992,6417
2903,6419
5745,6421
395,6422
272,6425
2209,6425
824,6426
5947,6426
187,6427
3921,6427
447,6428
3612,6428
87,6432
3744,6432
1530,6433
5321,6433
1816,6435
2281,6436
488,6437
1735,6437
62,6438
2147,6438
477,6439
4205,6439
2815,6440
5178,6442
607,6443
667,6447
857,6447
43,6448
87,6449
908,6449
436,6450
1727,6450
4630,6450
1240,6451
626,6452
836,6453
153,6454
6055,6454
623,6455
958,6455
1424,6455
1281,6456
258,6457
2073,6457
2577,6457
5591,6457
3687,6458
1377,6460
206,6465
17,6466
144,6467
5635,6467
13,6470
262,6471
1453,6473
2954,6473
819,6474
3712,6476
5307,6476
1639,6478
86,6479
4244,6479
215,6481
3411,6481
920,6482
4555,6485
1851,6486
1601,6487
2271,6487
975,6488
243,6489
2541,6490
5992,6490
1136,6492
2143,6492
475,6493
23,6494
70,6494
717,6494
317,6495
456,6495
5344,6495
18,6498
1858,6499
3895,6502
564,6505
5344,6506
3,6507
794,6507
1440,6507
28,6508
3249,6508
373,6509
523,6511
3340,6511
96,6512
384,6512
161,6516
5725,6516
5896,6518
665,6524
1581,6524
310,6525
683,6525
2221,6531
6000,6531
3332,6532
5012,6532
3708,6533
98,6534
58,6535
1902,6535
4516,6535
3,6537
1210,6538
4870,6538
5081,6538
3435,6539
1735,6540
4332,6542
28,6543
2001,6543
754,6544
218,6546
2199,6549
107,6551
5834,6551
1672,6552
6428,6553
6348,6554
12,6556
12,6557
31,6557
550,6560
3221,6560
2330,6561
3146,6562
1367,6563
1492,6564
29,6565
2652,6565
3,6567
180,6567
2218,6567
2352,6567
4357,6567
6357,6567
1485,6570
17,6571
393,6571
774,6571
1817,6571
2625,6571
552,6572
5457,6572
1562,6574
45,6575
1635,6575
3232,6576
446,6577
3519,6578
4502,6580
828,6581
691,6583
4493,6583
2815,6584
1583,6585
350,6586
149,6587
584,6589
17,6590
667,6591
70,6592
1502,6592
2801,6593
807,6595
1306,6596
1696,6598
2475,6598
3186,6598
153,6600
2797,6600
393,6601
590,6601
754,6601
1562,6604
509,6605
2331,6606
3242,6606
1424,6607
5053,6607
3,6608
5067,6608
221,6611
4545,6611
61,6616
6209,6617
3427,6618
1898,6619
5021,6621
6453,6621
623,6622
6121,6622
2488,6624
2331,6625
538,6626
2435,6626
3524,6626
594,6629
111,6630
393,6630
4675,6630
4720,6630
4940,6630
6416,6632
101,6635
1383,6636
1963,6636
96,6637
4657,6637
136,6639
609,6639
1057,6640
1690,6640
2130,6640
480,6641
2301,6642
5649,6643
177,6644
412,6644
4675,6644
1407,6645
493,6646
371,6647
1039,6648
5035,6648
379,6649
1297,6650
19,6651
262,6651
680,6652
3241,6652
953,6653
6380,6655
439,6656
3186,6656
3293,6656
327,6657
1653,6657
3435,6657
2408,6659
3585,6659
621,6661
3462,6661
523,6662
5294,6662
730,6663
1657,6663
58,6666
1050,6666
4906,6666
377,6667
1,6668
45,6668
163,6668
122,6669
5821,6669
3465,6671
393,6672
2366,6672
4806,6673
2,6674
1162,6674
3332,6674
174,6676
421,6676
1515,6676
3131,6676
3338,6676
607,6677
3564,6677
467,6678
3153,6678
1400,6679
818,6682
1066,6683
1408,6683
3125,6683
60,6685
2853,6685
2677,6686
4516,6686
5197,6686
3002,6690
577,6691
1833,6692
989,6695
1679,6695
2630,6696
72,6698
1708,6698
1362,6699
3230,6699
4127,6699
1281,6701
1540,6701
3437,6704
76,6706
3218,6707
17,6709
166,6712
373,6713
72,6716
282,6718
754,6720
4385,6721
6425,6721
736,6723
3591,6723
60,6724
3769,6724
59,6727
818,6727
4047,6727
2359,6729
194,6732
1810,6732
2594,6736
4445,6738
3194,6739
356,6740
3146,6740
3368,6740
4728,6742
3107,6743
268,6745
2180,6747
6050,6747
43,6748
1370,6748
1408,6749
2842,6749
4419,6749
60,6751
108,6751
273,6751
388,6752
2075,6752
615,6753
5240,6755
272,6756
5744,6756
5999,6760
5726,6761
5802,6762
76,6763
340,6763
5646,6763
10,6764
180,6764
210,6767
4,6768
177,6768
6485,6768
72,6769
5671,6769
3088,6772
790,6773
2807,6776
6055,6776
810,6777
1257,6777
2819,6777
262,6778
22,6779
3289,6779
1134,6783
849,6784
4541,6785
3327,6786
667,6787
6254,6787
3989,6788
43,6789
36,6790
126,6790
393,6790
1004,6793
401,6794
1708,6794
1719,6794
667,6796
1225,6798
2593,6799
136,6800
2107,6801
3895,6801
5108,6801
3067,6805
1064,6807
3163,6807
3926,6807
4809,6807
446,6808
4483,6808
45,6809
1094,6809
2301,6810
5600,6811
1057,6812
36,6815
5638,6816
321,6818
72,6820
465,6820
882,6820
727,6824
1973,6825
3394,6827
1061,6828
5758,6828
79,6829
2356,6829
4699,6830
5637,6830
754,6831
754,6833
667,6834
4065,6836
3542,6837
891,6838
6200,6839
199,6840
43,6841
667,6841
796,6842
1270,6843
1344,6848
1140,6849
2936,6850
1876,6852
6651,6854
18,6857
3180,6857
5283,6857
5939,6857
22,6861
836,6862
55,6865
290,6865
1503,6865
5738,6865
1642,6867
4625,6867
73,6868
429,6868
96,6869
297,6871
6636,6871
3834,6872
232,6873
208,6874
1816,6875
53,6876
893,6876
2148,6877
116,6878
112,6882
1156,6882
4400,6883
2255,6884
2384,6884
1439,6885
5291,6886
171,6888
1677,6888
215,6889
2894,6890
4755,6893
905,6894
971,6897
126,6899
3450,6899
1720,6901
4383,6901
5035,6901
1,6902
3286,6902
2807,6903
6017,6903
3709,6905
3710,6906
6776,6906
1236,6907
2002,6908
828,6909
4238,6909
373,6910
1867,6911
1032,6913
2039,6913
2203,6913
5351,6913
96,6914
92,6915
153,6915
1822,6917
2508,6917
126,6919
1227,6919
76,6920
99,6923
6748,6923
2836,6924
6107,6925
18,6928
521,6929
2831,6929
2006,6930
5935,6930
509,6934
4886,6934
1488,6935
1188,6939
1895,6939
4054,6939
6395,6940
3739,6941
1210,6944
1446,6945
2069,6947
3152,6948
766,6949
924,6949
4036,6949
221,6955
198,6958
363,6958
503,6958
3053,6959
2196,6960
2,6961
471,6961
5353,6966
11,6967
2039,6970
6031,6971
1092,6972
833,6974
6421,6975
6511,6975
6651,6977
6317,6979
28,6982
1049,6982
3769,6984
5378,6985
1719,6986
87,6987
1104,6987
1541,6988
6796,6988
1280,6989
5333,6989
6810,6989
5487,6990
656,6991
36,6992
18,6994
232,6994
5883,6994
2058,6996
4134,6998
6311,6999
69,7000
117,7000
206,7001
552,7001
698,7002
62,7004
4036,7004
5848,7005
2008,7006
4367,7006
736,7007
4366,7008
1129,7009
2130,7010
5240,7011
4264,7012
4494,7012
17,7014
3754,7014
717,7015
2136,7015
3,7016
5313,7016
111,7018
1820,7018
326,7020
53,7022
556,7023
580,7024
58,7025
446,7025
916,7030
1864,7030
67,7031
726,7031
5131,7031
6668,7033
326,7034
2323,7034
1387,7035
4412,7035
44,7036
340,7036
3010,7036
6949,7036
2637,7037
1762,7038
818,7039
1091,7039
5621,7039
1061,7042
3849,7042
5616,7042
957,7043
1483,7043
4927,7045
1129,7047
117,7048
3746,7049
6433,7049
111,7051
3733,7052
4070,7053
4999,7053
4228,7054
76,7056
220,7056
232,7057
3901,7057
131,7058
136,7059
667,7059
5443,7059
1649,7060
331,7062
1092,7065
2058,7065
17,7067
722,7067
5963,7068
2734,7069
1684,7070
282,7071
3709,7073
1462,7075
1794,7075
342,7077
1836,7078
232,7079
1589,7079
552,7080
3763,7080
18,7082
796,7082
5876,7082
49,7083
2074,7083
6380,7084
6901,7084
712,7085
6078,7086
5769,7088
3834,7089
17,7091
1486,7092
5312,7092
849,7093
4373,7093
5038,7093
5897,7095
110,7099
4659,7099
1635,7103
1730,7104
11,7105
559,7105
5027,7105
1827,7106
119,7107
3916,7107
6820,7107
2069,7108
3,7109
295,7111
2500,7111
2799,7111
3102,7111
661,7112
1086,7112
484,7113
1500,7113
3325,7113
884,7116
3708,7116
6425,7116
5025,7117
1286,7118
4091,7118
1579,7119
3910,7119
4777,7119
4999,7122
5049,7122
73,7123
6308,7124
563,7125
2160,7126
441,7128
4466,7129
3588,7130
4400,7130
5445,7130
28,7131
289,7131
742,7132
3689,7132
595,7133
773,7134
5211,7134
886,7137
1050,7138
1171,7138
2080,7138
797,7139
698,7140
5444,7140
304,7141
497,7142
4280,7142
304,7143
754,7144
3,7145
4048,7145
3347,7146
6909,7146
3,7147
3784,7148
525,7150
4592,7150
1,7151
110,7151
3122,7151
84,7152
296,7153
1382,7154
3954,7154
5704,7154
667,7157
3826,7158
4774,7160
321,7161
3989,7162
153,7163
4319,7164
4901,7164
6437,7166
2178,7169
3194,7170
3338,7171
5743,7171
449,7172
1019,7173
5642,7175
6749,7175
2607,7176
404,7178
62,7179
75,7180
2821,7180
6451,7180
807,7181
480,7183
2300,7185
1053,7187
2013,7187
5805,7187
232,7188
3244,7189
3517,7190
57,7191
473,7191
75,7196
230,7196
2150,7197
3084,7197
3873,7197
635,7198
2848,7198
2107,7201
2001,7204
1086,7205
6580,7206
17,7207
111,7207
60,7212
2706,7212
1581,7217
232,7218
667,7219
4395,7223
1183,7224
4831,7224
3777,7225
31,7226
1336,7226
6801,7226
607,7227
1300,7228
2721,7228
4794,7228
116,7232
2029,7233
1715,7236
6045,7236
44,7238
4936,7239
4170,7240
49,7241
2853,7243
17,7244
107,7244
980,7244
3784,7245
6304,7246
6857,7247
273,7248
6801,7248
289,7251
6585,7251
251,7253
3296,7254
3671,7254
464,7255
4619,7255
1,7257
3491,7257
7198,7258
3588,7261
2979,7263
998,7264
43,7267
126,7268
317,7270
768,7270
828,7271
5812,7271
18,7273
7038,7274
2612,7277
126,7279
526,7282
816,7282
4146,7284
5897,7284
1762,7285
18,7287
1102,7287
2845,7287
712,7291
623,7292
1301,7293
4224,7293
326,7294
2150,7295
929,7296
1852,7296
5919,7297
411,7298
1295,7298
4327,7301
4845,7302
49,7304
90,7304
1559,7304
452,7305
236,7307
754,7308
6322,7309
1,7310
1466,7310
6525,7310
3966,7311
3,7313
218,7313
282,7313
1297,7313
2910,7314
10,7316
717,7316
7305,7316
396,7317
11,7318
2569,7319
5101,7319
5566,7320
331,7321
619,7321
807,7321
3007,7323
5926,7323
6113,7325
602,7328
2228,7328
2477,7328
2692,7328
71,7329
1937,7330
6511,7332
111,7333
214,7334
703,7337
4807,7337
1972,7338
375,7339
3,7340
395,7340
30,7341
2533,7341
882,7342
3218,7342
2484,7343
6467,7344
726,7348
2068,7348
23,7349
232,7349
5797,7349
1392,7352
3236,7352
1360,7355
67,7356
780,7356
452,7359
3509,7359
1132,7361
345,7363
3524,7366
4,7367
1810,7367
2532,7367
268,7368
523,7369
2271,7369
3934,7370
7154,7371
393,7375
69,7378
1644,7378
3720,7378
2727,7379
6618,7379
1807,7380
204,7381
3947,7381
4254,7381
4675,7382
7197,7382
2468,7383
1764,7384
683,7387
2173,7387
578,7390
215,7395
263,7398
5778,7398
554,7402
7378,7402
1639,7403
3073,7403
3321,7403
5384,7403
4741,7404
1672,7405
3923,7405
4593,7405
96,7407
149,7407
2408,7408
4466,7408
153,7409
277,7410
2329,7410
401,7413
3445,7413
648,7415
743,7415
3943,7417
12,7418
61,7419
3328,7421
393,7422
6175,7422
3,7423
5590,7425
313,7426
3,7428
1029,7428
1389,7430
3418,7431
36,7432
298,7433
3332,7435
4640,7435
5638,7438
6598,7438
18,7439
4330,7439
3737,7441
531,7442
2,7446
3586,7446
4247,7448
4966,7448
859,7449
3378,7449
69,7450
251,7450
4559,7450
4815,7454
1297,7457
1772,7457
441,7460
6368,7460
2073,7461
36,7463
1261,7463
754,7464
3292,7465
4134,7465
1721,7466
3865,7466
5865,7467
57,7468
126,7468
539,7469
1225,7469
223,7471
3422,7471
287,7472
836,7472
4833,7474
649,7476
1414,7476
560,7477
126,7478
44,7479
3873,7479
5391,7479
2821,7481
4565,7481
4512,7482
4648,7482
321,7483
563,7483
1876,7483
1934,7483
2397,7483
3777,7483
7104,7483
1790,7484
6190,7484
2226,7486
43,7488
2879,7488
4759,7488
2120,7489
161,7491
4651,7492
774,7494
2321,7494
849,7495
1129,7495
1793,7496
7093,7496
23,7497
211,7497
1129,7498
6534,7498
505,7499
550,7501
2167,7501
2421,7501
7404,7501
340,7502
3461,7503
6442,7503
6308,7504
111,7505
326,7506
517,7507
4,7508
144,7508
860,7510
5881,7510
517,7514
3084,7514
18,7515
2180,7515
258,7516
301,7516
856,7516
493,7520
532,7520
2727,7522
1381,7524
5172,7524
76,7526
4774,7526
2349,7527
226,7528
4923,7529
3,7530
4645,7531
7049,7531
4871,7532
367,7533
1222,7536
941,7538
7251,7538
18,7539
876,7540
1768,7540
6476,7541
941,7542
3037,7542
1443,7543
3002,7543
5484,7543
4312,7544
6390,7544
3,7546
607,7547
122,7550
1762,7551
754,7552
3082,7554
356,7555
5317,7556
6923,7556
67,7558
4966,7559
5432,7559
3784,7560
53,7561
1660,7561
2508,7563
4873,7567
3380,7568
1,7571
1762,7571
373,7572
7390,7572
681,7573
2055,7573
1020,7574
5002,7577
4828,7580
23,7581
247,7581
6213,7581
225,7582
6762,7582
7531,7584
410,7586
3703,7586
5897,7586
6690,7586
17,7588
1836,7589
3607,7591
5112,7593
6246,7593
371,7594
1897,7595
4156,7596
5915,7598
6678,7598
208,7599
4024,7599
236,7603
5531,7604
2381,7605
4649,7606
6311,7607
6457,7608
57,7609
3,7612
13,7612
17,7612
703,7613
336,7614
275,7615
5745,7615
53,7618
3065,7619
5871,7620
2002,7621
714,7622
4156,7622
656,7623
4667,7623
1882,7624
4876,7624
18,7625
704,7626
5019,7629
913,7631
5835,7631
529,7632
1244,7632
13,7633
6865,7633
221,7638
400,7638
1414,7638
7309,7639
3283,7640
5092,7640
145,7642
2642,7643
296,7645
4229,7648
23,7649
1229,7649
2339,7649
3612,7649
4040,7649
722,7651
3923,7652
6939,7652
7228,7652
654,7653
1,7654
3563,7654
400,7655
2644,7656
4889,7656
763,7657
504,7658
2234,7658
3336,7658
334,7660
1156,7660
7112,7661
823,7663
963,7663
6196,7663
1540,7664
583,7666
722,7666
1768,7668
2872,7668
593,7670
874,7671
5738,7671
3564,7672
215,7673
2915,7673
564,7674
4117,7674
7080,7674
2148,7675
4801,7675
563,7676
289,7677
548,7677
390,7679
3591,7679
3314,7680
3563,7682
5505,7682
405,7685
5646,7685
1483,7686
31,7687
529,7687
223,7689
1866,7689
116,7690
1515,7690
5723,7691
2774,7692
6567,7692
683,7693
1492,7693
785,7694
3251,7696
2642,7697
1483,7698
6310,7698
92,7702
3332,7703
3471,7703
3796,7703
3519,7704
44,7706
161,7706
2530,7706
2928,7706
2,7707
4651,7707
4117,7709
5121,7710
2583,7711
2356,7713
111,7716
6829,7716
189,7718
1191,7718
3759,7718
111,7720
223,7721
7314,7722
5483,7723
1,7724
109,7725
532,7725
3707,7725
1402,7726
204,7728
7212,7728
3839,7729
2001,7731
3738,7731
593,7733
6652,7735
6542,7736
3792,7737
1617,7738
1,7740
1238,7741
87,7743
774,7743
4217,7745
725,7746
4555,7746
481,7748
3733,7748
4136,7749
1218,7750
2002,7752
4818,7752
3525,7753
5185,7753
3809,7754
5205,7756
1453,7757
21,7759
3,7761
321,7762
554,7763
2664,7763
45,7768
5658,7768
1448,7771
2577,7771
6438,7771
98,7772
4655,7772
2585,7774
5052,7775
2323,7776
4932,7776
215,7779
439,7782
1689,7782
3570,7782
4093,7784
247,7787
326,7789
807,7789
5455,7790
5858,7790
6889,7792
798,7794
1082,7795
1129,7795
1119,7796
3310,7797
325,7798
914,7799
1086,7799
130,7801
1309,7801
4060,7802
4527,7802
5273,7802
2893,7805
1463,7807
79,7808
3823,7810
5982,7810
247,7811
3143,7811
275,7812
2234,7812
1768,7813
643,7814
2831,7816
857,7817
2317,7817
2938,7817
226,7819
6998,7819
2,7820
305,7820
4300,7820
5475,7820
488,7821
2323,7823
12,7826
1331,7826
686,7827
4575,7827
5052,7828
272,7830
5092,7832
1831,7833
258,7834
1559,7834
4544,7834
4670,7834
4294,7835
6975,7835
2171,7836
3183,7836
136,7837
4156,7838
1375,7840
4529,7840
4513,7841
75,7843
22,7844
1869,7844
7789,7845
436,7846
980,7846
2359,7847
2782,7848
1218,7849
1420,7849
1061,7851
1415,7851
1506,7851
2150,7852
49,7853
2359,7855
327,7857
5057,7857
772,7859
2107,7859
2986,7860
2586,7862
4505,7862
1075,7863
308,7864
1770,7864
1240,7866
4499,7868
6124,7870
818,7874
828,7874
452,7876
4688,7877
1,7878
2903,7878
7660,7878
481,7881
950,7881
1035,7885
2716,7885
6413,7885
1675,7886
116,7888
192,7889
2577,7889
1972,7891
7599,7894
231,7896
2821,7897
3435,7897
112,7899
1,7900
4505,7902
1561,7903
4488,7903
2039,7906
1582,7908
48,7909
2527,7910
2319,7914
5277,7916
1611,7917
7282,7917
432,7920
2825,7920
4860,7920
441,7922
3721,7922
913,7924
2211,7924
832,7927
163,7928
925,7928
1788,7928
1970,7931
2446,7932
96,7933
6045,7933
6805,7933
76,7934
272,7934
3832,7935
2136,7936
4946,7936
1922,7938
4409,7942
690,7943
479,7945
23,7946
18,7947
72,7947
2849,7948
1061,7952
2563,7952
7068,7952
257,7954
954,7954
1830,7955
3888,7955
7472,7955
263,7956
914,7956
1221,7959
3904,7959
1446,7960
126,7962
3,7965
3901,7965
4774,7966
244,7969
2430,7969
4732,7971
7501,7971
661,7972
98,7973
1086,7973
145,7977
244,7977
1486,7978
5978,7981
7498,7981
4579,7982
5746,7982
6662,7982
5938,7983
7316,7983
3,7986
2528,7986
2723,7988
6901,7995
23,7997
849,7997
5627,7997
722,7999
6433,8004
2580,8007
11,8009
2532,8009
70,8010
49,8011
1793,8012
1,8014
208,8014
454,8014
1029,8014
913,8015
117,8016
783,8018
2463,8018
1970,8019
53,8020
7472,8020
930,8022
5671,8022
5955,8022
1210,8023
3037,8023
5722,8023
1237,8024
2543,8024
4048,8025
3953,8027
1332,8029
6930,8029
2,8031
161,8031
3628,8031
164,8032
593,8032
211,8035
557,8039
1582,8039
3122,8039
157,8041
1174,8042
5429,8043
7226,8043
3531,8044
4196,8044
17,8047
1275,8048
6330,8050
7082,8050
5123,8051
5817,8051
70,8053
112,8053
1283,8053
304,8054
18,8055
29,8057
11,8058
1920,8058
2309,8058
7302,8058
5364,8060
1692,8065
1,8068
2819,8068
2225,8069
6996,8069
75,8070
4279,8070
874,8071
5429,8071
2569,8072
4729,8072
2967,8073
1054,8074
241,8075
5876,8076
2872,8077
6994,8078
169,8079
828,8079
1237,8079
3873,8080
1905,8081
5844,8082
2424,8084
5333,8084
7198,8084
258,8085
6401,8087
1762,8088
1126,8089
1587,8092
3458,8092
390,8093
1255,8093
1789,8093
262,8095
6149,8095
2570,8097
7001,8098
3086,8099
906,8102
2148,8102
4901,8103
17,8105
176,8109
5012,8109
7544,8109
86,8110
331,8111
1,8112
443,8113
836,8113
393,8114
531,8115
7170,8115
584,8118
4290,8118
3788,8119
17,8120
7833,8121
3359,8122
860,8123
667,8124
2222,8124
4490,8125
7779,8125
4173,8126
913,8127
793,8129
1728,8132
5180,8133
30,8134
846,8134
7623,8137
448,8142
7878,8143
912,8144
1133,8145
4596,8146
18,8147
1488,8148
5101,8148
1963,8150
23,8152
5255,8153
89,8155
186,8155
730,8155
346,8156
3393,8156
7403,8156
226,8157
857,8157
1812,8157
2271,8157
2067,8160
48,8161
1084,8161
3720,8161
92,8162
930,8163
971,8164
1562,8165
8079,8165
3895,8168
5517,8168
4091,8169
4440,8169
516,8170
6196,8170
8039,8170
226,8171
857,8171
2173,8172
7516,8172
1653,8173
4818,8173
766,8174
1082,8176
1281,8177
2583,8177
2600,8178
1164,8179
17,8181
4036,8183
379,8185
7018,8185
1882,8186
6829,8186
3346,8187
2221,8188
3314,8188
3999,8188
215,8191
396,8191
2817,8192
645,8193
2058,8194
410,8195
1730,8195
244,8197
659,8199
6748,8200
14,8203
226,8203
6129,8204
6621,8205
3794,8207
6002,8207
28,8208
778,8208
1267,8208
1543,8209
3146,8209
3314,8209
3699,8209
5205,8209
2421,8210
5009,8210
4741,8214
161,8215
3327,8215
62,8216
839,8216
5201,8217
703,8218
2912,8220
30,8222
3229,8222
882,8223
7474,8223
8127,8223
496,8224
5887,8225
2388,8226
473,8227
874,8230
1024,8230
4,8231
5074,8233
1810,8234
5582,8234
2966,8235
854,8236
2435,8236
4116,8236
180,8237
223,8239
1326,8239
5851,8240
623,8243
5477,8243
393,8244
1951,8245
3084,8245
6131,8245
6293,8246
5123,8247
7632,8247
974,8250
667,8251
2310,8251
7086,8251
220,8252
6455,8253
1589,8255
2865,8255
5505,8255
2455,8258
393,8259
5477,8259
5671,8261
452,8262
367,8263
378,8263
67,8265
2833,8265
238,8266
28,8269
1391,8272
1476,8275
369,8279
2721,8279
396,8284
3738,8284
3453,8285
2222,8286
5858,8287
81,8288
111,8289
857,8289
1562,8289
6227,8292
7359,8292
75,8295
364,8296
340,8297
3511,8297
3156,8298
98,8299
656,8301
2356,8301
17,8302
1732,8303
5124,8303
3769,8305
1554,8306
215,8308
925,8309
5676,8310
6050,8310
7789,8310
412,8311
642,8311
859,8311
1900,8311
480,8312
1956,8312
7471,8313
22,8314
321,8315
5897,8315
2068,8317
1424,8318
3585,8318
308,8321
70,8322
6706,8322
215,8326
2394,8326
1541,8327
36,8329
2265,8329
70,8332
2786,8332
5445,8332
3027,8337
3721,8338
4781,8339
5865,8340
4775,8341
301,8342
4633,8343
1016,8344
1060,8344
505,8345
70,8347
81,8347
1355,8347
4034,8347
1360,8348
4869,8349
363,8350
878,8351
2236,8351
7558,8353
1559,8354
5039,8355
5468,8355
5186,8357
5637,8357
975,8358
4590,8359
7166,8359
7573,8359
1426,8361
45,8363
5380,8365
1201,8366
2341,8367
5027,8367
3167,8369
823,8370
844,8370
2782,8371
241,8372
2130,8373
831,8374
76,8375
8148,8376
1355,8377
909,8378
5317,8380
56,8381
3155,8381
7959,8381
48,8383
405,8384
1049,8385
1459,8385
5432,8386
509,8388
5622,8389
232,8390
2903,8391
225,8392
860,8392
1877,8395
3002,8395
2583,8396
2770,8397
4894,8397
3067,8398
708,8399
4999,8400
1364,8401
1086,8403
1432,8404
2093,8405
1267,8406
1492,8408
2503,8408
7687,8408
3021,8409
6330,8409
6740,8409
2382,8410
331,8411
819,8412
7112,8413
1459,8414
3391,8416
99,8417
3964,8417
421,8422
5362,8422
2288,8423
409,8424
1771,8424
2329,8425
4433,8427
107,8430
886,8430
1355,8430
7425,8430
70,8432
3393,8432
53,8433
844,8433
4574,8433
1101,8434
6235,8434
5271,8437
5378,8437
2554,8438
5039,8439
192,8440
1118,8441
2403,8441
4680,8441
1453,8442
1940,8442
1668,8443
321,8444
44,8445
4493,8445
1,8446
1960,8446
5380,8447
7675,8447
126,8448
455,8449
707,8450
5848,8453
356,8457
7779,8457
112,8458
4002,8458
6415,8459
2,8460
913,8462
989,8462
2319,8464
8122,8464
49,8466
62,8466
18,8467
1020,8469
4248,8469
4935,8469
1020,8470
5112,8470
8400,8470
8422,8470
81,8471
1675,8471
2488,8472
10,8473
4,8475
1727,8475
3407,8475
4024,8476
517,8480
7031,8480
289,8481
3926,8481
400,8482
3242,8484
6054,8484
4,8485
13,8487
4267,8487
373,8488
1452,8488
1431,8490
913,8492
8209,8492
1019,8493
2428,8498
2955,8498
345,8499
1077,8500
3543,8504
5740,8506
13,8507
7821,8510
11,8511
593,8511
1852,8511
311,8512
379,8512
262,8513
251,8518
1443,8518
3126,8519
7478,8519
82,8520
136,8521
298,8521
3370,8521
5032,8521
1092,8522
3510,8522
8029,8522
3704,8525
6970,8527
2936,8528
4495,8528
3201,8529
964,8531
3466,8532
2,8534
393,8534
4889,8534
1653,8538
5689,8541
7834,8541
3,8542
1092,8542
53,8544
5132,8544
159,8545
5746,8545
6949,8547
70,8548
221,8548
10,8553
241,8554
6807,8556
2848,8557
223,8559
268,8559
539,8559
7568,8559
545,8560
393,8561
1483,8561
4958,8561
859,8562
3417,8562
1186,8563
45,8564
373,8565
2346,8565
3,8566
6479,8566
3892,8567
1086,8568
0,8569
1087,8569
1780,8570
7685,8570
1924,8571
3119,8574
6109,8576
1443,8578
241,8580
1347,8580
274,8582
375,8584
8561,8584
393,8585
1033,8586
1695,8587
2148,8587
3053,8587
3346,8587
236,8588
3382,8588
3340,8590
8289,8591
6554,8593
5813,8596
3994,8599
6476,8599
5010,8600
5211,8600
1581,8603
971,8604
5209,8606
5837,8606
367,8607
5510,8607
1126,8608
5101,8609
327,8610
1786,8611
2928,8611
6417,8611
2541,8613
3152,8613
375,8614
17,8618
45,8618
1757,8620
11,8621
6884,8622
404,8623
607,8623
1210,8623
4181,8623
5649,8624
257,8625
1166,8625
6882,8627
247,8629
4706,8629
220,8630
2424,8631
8134,8631
818,8632
840,8632
2521,8632
818,8633
4934,8633
581,8635
410,8637
2580,8637
2235,8638
7694,8639
4778,8640
4555,8641
2656,8643
828,8645
6917,8645
1649,8646
857,8648
3342,8649
6524,8651
12,8652
2331,8652
381,8653
6685,8653
1806,8654
2240,8654
3425,8656
45,8657
4895,8659
192,8660
656,8660
3694,8660
298,8663
4254,8663
8023,8663
646,8669
675,8669
3546,8669
6495,8669
626,8670
107,8671
456,8672
2845,8678
5005,8678
3901,8679
3489,8681
58,8684
733,8684
4772,8684
3031,8686
1327,8687
8430,8690
828,8691
1735,8691
2164,8691
3136,8691
323,8692
6256,8692
11,8693
393,8694
1997,8694
4148,8695
506,8697
5566,8697
6269,8698
943,8699
2808,8699
393,8701
1623,8701
635,8702
656,8704
2107,8704
3041,8706
4944,8706
807,8708
5632,8708
2006,8710
3616,8710
388,8711
7318,8711
543,8712
382,8714
5281,8715
4710,8716
6723,8716
7138,8717
4156,8719
8309,8719
84,8720
3730,8720
707,8721
1780,8721
7779,8722
3,8724
393,8724
12,8725
5127,8725
878,8726
2955,8726
7494,8726
126,8729
8157,8729
2745,8731
3782,8731
3612,8732
5747,8732
2,8733
5869,8736
49,8737
833,8737
2579,8737
975,8738
5407,8738
5463,8738
4698,8739
1327,8740
7598,8740
2697,8743
793,8745
1098,8745
1556,8745
1652,8745
3989,8746
5742,8747
3,8748
4072,8749
3,8750
8561,8751
378,8753
274,8754
3985,8754
22,8756
4368,8756
1934,8758
661,8759
2583,8760
3026,8760
22,8761
108,8764
1560,8766
1793,8767
3707,8767
5738,8768
436,8769
57,8771
5645,8771
7779,8771
4,8773
577,8774
6014,8776
7947,8776
1441,8777
3332,8778
4091,8779
6899,8779
5942,8780
6909,8780
7797,8780
1063,8781
3522,8782
1810,8783
2039,8784
5625,8785
1624,8786
2734,8787
4494,8787
7187,8789
1572,8790
1727,8790
3342,8791
223,8792
1,8793
3738,8793
2771,8797
8087,8797
8216,8797
882,8798
4056,8798
667,8802
4782,8802
18,8803
7118,8803
375,8804
1926,8804
4512,8804
2234,8805
4813,8805
4894,8805
550,8806
180,8808
532,8809
1679,8810
8265,8811
1261,8815
3,8817
221,8817
311,8818
5505,8818
1,8819
1836,8819
3491,8820
2299,8826
8160,8826
4355,8827
1054,8829
2033,8829
6227,8830
7505,8831
2795,8833
963,8835
8433,8836
367,8837
1023,8837
3672,8839
4440,8842
17,8843
262,8843
5846,8843
4373,8844
1053,8846
3421,8846
258,8848
1111,8848
8112,8848
602,8849
3754,8851
5131,8853
893,8855
217,8856
2388,8856
6357,8856
539,8857
452,8860
629,8861
796,8861
4213,8862
1341,8863
7889,8863
4984,8864
3994,8866
3829,8868
60,8869
1735,8869
6488,8869
439,8870
315,8871
7810,8872
7969,8874
2622,8876
390,8877
763,8878
3310,8879
7516,8879
1082,8880
3455,8881
313,8882
331,8882
4167,8883
199,8884
571,8884
4101,8891
6667,8891
325,8895
456,8896
4778,8897
5598,8897
740,8898
1043,8898
6072,8898
236,8899
543,8899
1133,8899
2196,8900
4387,8900
1026,8905
3966,8905
5332,8905
2872,8906
545,8909
7605,8910
7836,8910
4042,8911
1503,8912
818,8915
2319,8915
1086,8916
2002,8916
4266,8916
7206,8917
2327,8918
5551,8918
7472,8918
6352,8922
3336,8923
5621,8923
1382,8924
3,8926
18,8926
1383,8926
2710,8926
4204,8927
7228,8927
331,8928
496,8928
1300,8928
5625,8931
8263,8931
1246,8933
3391,8934
577,8935
8386,8936
1657,8937
6984,8937
7571,8937
916,8939
2683,8939
214,8940
7130,8940
1030,8941
236,8942
11,8943
8917,8943
130,8944
234,8944
7782,8945
61,8946
4843,8946
7559,8946
5917,8948
53,8949
60,8949
646,8949
7532,8950
263,8951
509,8951
818,8951
1086,8951
839,8952
1571,8952
2854,8952
5981,8955
2,8956
479,8956
1275,8956
4625,8957
233,8958
1523,8959
3459,8959
8084,8959
1174,8962
2088,8963
119,8964
8215,8964
1681,8965
2915,8965
31,8966
1934,8966
8263,8966
2222,8967
2739,8967
7799,8967
6818,8968
2884,8969
5595,8969
5937,8969
6801,8969
2,8970
4577,8970
464,8971
4869,8971
7461,8971
1129,8972
3435,8972
96,8973
818,8974
4839,8976
28,8978
5197,8979
279,8980
4402,8980
1307,8982
5369,8982
890,8984
1790,8986
7228,8986
262,8987
665,8987
4592,8987
4596,8989
8047,8989
452,8990
2819,8992
7649,8994
8544,8997
6871,8999
4287,9000
6256,9001
111,9004
781,9004
5306,9004
1092,9005
550,9006
5461,9006
5913,9008
208,9010
819,9010
7024,9010
7638,9010
840,9014
1540,9014
2088,9017
1406,9020
83,9021
6045,9021
8522,9023
2455,9024
3421,9025
166,9026
1621,9026
1326,9027
480,9029
1326,9029
1851,9030
4248,9030
436,9031
2022,9031
1639,9032
4181,9032
323,9033
28,9034
381,9034
76,9036
6829,9036
8599,9037
648,9038
7966,9038
810,9039
984,9039
98,9042
379,9042
998,9043
327,9044
1796,9044
3,9045
4687,9046
1975,9047
504,9048
1275,9049
2265,9050
1066,9051
2638,9051
3901,9051
5634,9051
1886,9053
161,9054
5091,9057
3128,9058
2843,9059
1452,9060
7319,9061
6876,9063
774,9064
2607,9066
153,9068
506,9069
539,9072
2033,9073
279,9074
6357,9075
6532,9075
6072,9076
236,9078
6401,9078
7403,9079
8704,9080
1484,9081
4151,9082
381,9083
823,9083
2196,9083
5941,9087
523,9088
925,9088
6022,9088
7559,9088
1340,9089
667,9090
1624,9090
774,9094
1618,9095
665,9099
72,9100
5591,9100
665,9107
7704,9107
1588,9108
8561,9108
1971,9109
6542,9109
5831,9110
496,9112
443,9113
2435,9113
4670,9113
879,9116
6884,9117
8804,9117
1329,9120
7959,9120
1407,9122
1347,9123
2240,9124
2616,9128
225,9131
504,9131
3877,9131
754,9133
2093,9134
243,9135
1902,9135
8174,9135
807,9136
45,9138
1611,9138
1806,9138
4649,9139
1050,9143
648,9145
86,9146
2107,9146
2729,9146
199,9149
107,9153
7341,9154
8879,9154
581,9155
2778,9155
8593,9157
5029,9159
6163,9159
7053,9161
3687,9163
3733,9163
204,9164
223,9167
8079,9167
941,9171
7107,9171
2193,9172
2964,9173
1266,9174
7598,9174
1898,9176
18,9177
79,9178
405,9178
1934,9179
7382,9181
1816,9183
3,9184
323,9185
3587,9185
843,9186
6240,9186
8669,9186
126,9188
7977,9191
1,9193
1923,9193
8842,9194
5005,9198
5616,9198
317,9199
480,9200
595,9200
7255,9200
5519,9201
0,9203
87,9203
226,9203
7584,9204
1307,9205
1291,9206
740,9207
4728,9207
6917,9208
241,9209
4060,9211
340,9212
4687,9212
8943,9213
754,9214
550,9215
92,9216
7868,9217
913,9218
2618,9218
3719,9218
4966,9218
6026,9220
1123,9221
2696,9221
8750,9221
1389,9222
4728,9223
6100,9223
6646,9223
1719,9224
8941,9224
174,9230
289,9230
7903,9232
2308,9234
1619,9235
2308,9237
7870,9237
6948,9239
331,9240
9200,9240
2182,9242
4531,9242
70,9244
766,9245
7584,9248
7750,9248
644,9252
327,9254
3314,9254
5512,9254
3699,9256
6657,9256
362,9258
5935,9258
4239,9259
593,9260
1486,9260
1822,9260
5032,9260
3053,9262
7223,9262
211,9263
3152,9264
5201,9265
462,9266
4875,9267
6585,9268
4875,9269
8753,9269
8882,9270
378,9271
882,9271
1020,9272
44,9276
4748,9276
5648,9276
481,9278
1129,9280
411,9281
6144,9282
2646,9283
226,9285
8252,9285
0,9287
793,9287
810,9290
914,9293
2319,9293
4670,9298
1340,9299
4578,9300
49,9301
8057,9302
8844,9302
3874,9303
3091,9305
5020,9305
3673,9307
675,9309
3,9310
4494,9310
4300,9311
6607,9311
3706,9313
6829,9316
59,9317
98,9317
3703,9319
12,9320
444,9320
577,9320
1676,9321
5634,9321
509,9322
517,9322
2303,9322
6640,9322
8301,9323
485,9324
3963,9325
17,9327
2075,9327
8564,9327
3010,9328
6448,9330
1486,9332
1789,9333
8114,9333
635,9334
7031,9334
96,9335
3408,9335
57,9337
657,9339
1926,9339
5031,9339
2593,9342
6000,9342
7049,9342
393,9343
3075,9344
4405,9344
4782,9344
388,9346
7966,9350
6122,9351
221,9352
998,9352
1364,9353
1492,9355
1002,9356
7827,9356
174,9357
649,9360
9260,9360
70,9361
504,9361
8115,9361
4222,9362
8768,9362
1340,9363
556,9364
7903,9364
2975,9366
577,9368
232,9369
7753,9369
4871,9370
1174,9372
29,9373
2377,9374
2622,9374
710,9375
1577,9375
6989,9375
2491,9376
3903,9377
7146,9378
0,9379
76,9379
3483,9379
1921,9380
5722,9380
8966,9380
496,9383
5762,9383
5948,9383
615,9385
166,9386
793,9388
2793,9388
7568,9389
8943,9390
1774,9391
1780,9392
72,9393
340,9393
2404,9393
2629,9395
52,9396
1937,9397
4625,9397
4732,9398
119,9399
3522,9401
7232,9403
635,9404
5531,9404
49,9405
272,9406
754,9406
886,9406
3039,9407
5518,9408
5897,9408
6671,9408
3561,9411
214,9413
7319,9414
2967,9415
5230,9415
6084,9415
69,9417
627,9417
7502,9419
70,9420
807,9420
8236,9421
4373,9422
8076,9422
0,9423
1199,9423
7010,9424
3,9425
3395,9425
1020,9427
1415,9427
367,9430
2421,9431
901,9436
5518,9437
9310,9437
2221,9439
2842,9439
577,9440
2771,9441
298,9442
2124,9442
615,9443
251,9444
578,9446
1352,9448
3438,9449
9310,9449
13,9450
111,9450
1206,9450
2904,9450
5391,9451
1187,9452
3,9454
6554,9454
2188,9455
1926,9457
6625,9457
45,9458
5359,9459
126,9461
1554,9463
3888,9463
6148,9463
9442,9463
432,9464
913,9464
2134,9467
7768,9467
615,9468
7690,9469
6211,9470
7973,9471
2421,9473
5458,9473
8818,9473
2329,9474
5637,9474
6659,9476
2136,9477
5373,9478
1077,9479
4781,9480
4222,9482
6699,9482
45,9483
1702,9483
2042,9483
215,9484
1244,9484
3628,9485
131,9487
913,9488
28,9489
2500,9495
5458,9496
371,9497
6749,9497
736,9498
593,9499
8951,9504
5171,9505
6247,9505
8448,9505
7902,9507
2,9508
5029,9509
218,9510
9037,9511
1400,9513
5039,9513
9357,9513
5072,9516
48,9518
2101,9518
180,9521
2177,9526
30,9527
232,9527
2734,9527
818,9528
984,9528
3035,9528
4778,9530
30,9534
4178,9536
7404,9536
2,9541
72,9541
2593,9541
395,9542
2799,9542
141,9544
2120,9544
8150,9544
53,9546
4502,9546
6182,9546
2069,9547
2192,9548
2782,9548
2873,9548
3321,9548
8113,9548
3,9550
538,9552
18,9555
626,9557
5424,9557
8879,9557
3661,9558
189,9560
393,9561
3789,9561
7368,9562
1027,9563
2901,9563
112,9564
420,9565
0,9566
301,9567
2124,9567
796,9571
5869,9571
1156,9572
7083,9572
3218,9576
6651,9576
667,9582
1063,9583
3694,9584
6054,9584
1500,9585
6768,9586
4955,9587
1681,9589
17,9594
4955,9594
6861,9594
363,9597
45,9598
7228,9598
3143,9601
73,9604
3272,9604
4659,9604
8164,9605
8952,9605
3037,9606
8819,9606
1500,9609
7754,9610
1883,9611
4674,9612
3815,9613
3180,9617
9380,9617
279,9619
4887,9619
908,9620
3,9624
388,9624
588,9625
2107,9626
6695,9626
7006,9627
1453,9628
1835,9630
251,9631
7314,9631
7568,9632
223,9633
5950,9633
8586,9633
373,9635
112,9636
72,9638
412,9638
1770,9639
8310,9639
49,9641
4183,9642
6170,9642
0,9643
110,9643
31,9644
438,9644
452,9644
3492,9644
117,9647
439,9647
2716,9648
5219,9648
72,9649
70,9650
1105,9650
17,9651
363,9654
8899,9658
3750,9659
1270,9663
4755,9663
1191,9664
5391,9664
243,9665
3363,9667
330,9668
7536,9668
1708,9669
3325,9669
3509,9669
2,9671
488,9675
2721,9675
420,9677
1129,9678
9383,9679
255,9680
3016,9680
7501,9680
2055,9683
3126,9685
8897,9686
171,9687
9327,9687
9642,9688
276,9691
2421,9691
4596,9693
5025,9694
7363,9694
5778,9695
793,9696
9122,9696
2266,9698
2413,9698
28,9702
656,9702
1165,9702
7799,9702
487,9703
6326,9703
7837,9705
2293,9706
7228,9707
1281,9708
6849,9708
393,9709
2751,9710
4364,9711
5545,9711
2593,9713
8144,9714
5982,9715
22,9717
3290,9717
4400,9718
819,9719
340,9720
4583,9720
7716,9721
2413,9722
3742,9722
45,9723
1420,9723
649,9725
1554,9725
98,9726
4848,9726
3707,9727
3873,9728
462,9730
1565,9733
1653,9733
6331,9734
303,9735
2886,9736
44,9737
577,9737
7897,9739
1489,9740
6841,9740
367,9741
251,9742
4257,9743
9034,9743
164,9744
90,9745
45,9746
2949,9746
4573,9748
5209,9749
7655,9749
6917,9750
3390,9753
53,9754
876,9756
29,9758
2948,9758
108,9759
171,9759
2075,9761
6240,9762
67,9763
8197,9763
1851,9764
3994,9764
4782,9767
5710,9767
5937,9767
7536,9767
890,9770
8745,9770
1975,9771
84,9772
371,9772
8561,9772
3,9774
6960,9777
251,9778
8652,9778
2862,9779
5835,9782
5036,9783
1326,9784
1662,9784
6639,9784
656,9785
3190,9785
3088,9787
263,9792
5694,9793
4068,9797
69,9799
807,9799
2137,9800
87,9801
4484,9801
3438,9803
3394,9806
4630,9807
436,9808
4170,9808
1086,9809
2002,9809
2774,9810
6109,9811
636,9813
6630,9814
9357,9815
3409,9816
455,9818
894,9818
9548,9819
1047,9821
1326,9823
4755,9824
72,9825
815,9825
6769,9826
659,9827
3411,9829
6240,9829
1173,9831
6651,9831
3,9834
452,9835
504,9836
479,9837
6571,9837
8706,9837
2491,9839
8817,9842
543,9843
2300,9843
6604,9843
2,9845
1882,9845
6535,9845
3892,9847
4369,9848
2136,9849
6447,9853
988,9854
4749,9854
476,9855
5131,9855
8169,9855
823,9857
1118,9858
220,9859
754,9859
92,9860
7037,9860
125,9861
4876,9861
6227,9861
4191,9862
4640,9864
543,9865
8521,9865
8522,9865
2068,9866
7819,9866
220,9867
290,9867
2508,9869
3476,9869
226,9870
3119,9871
345,9872
7840,9872
135,9873
367,9873
882,9873
3807,9874
9352,9874
317,9876
2075,9876
2107,9877
6753,9877
5075,9879
4493,9882
126,9884
412,9885
1899,9886
3146,9886
7009,9886
8863,9886
5702,9887
3877,9888
9866,9888
9872,9889
226,9890
3346,9890
1104,9891
2578,9891
7981,9893
3744,9894
5091,9894
849,9896
28,9898
7205,9898
2317,9899
6592,9902
623,9903
107,9904
523,9905
659,9906
1930,9906
7544,9909
768,9910
2388,9910
223,9912
28,9915
7503,9915
7536,9915
1361,9916
4364,9916
6586,9917
49,9919
298,9920
1723,9920
28,9922
2269,9922
4625,9923
116,9925
4710,9926
3585,9929
6421,9929
8512,9929
1218,9931
1342,9931
5871,9931
8906,9932
2539,9934
49,9935
454,9936
930,9936
4520,9936
1,9937
340,9939
1524,9939
3151,9940
5213,9940
6211,9940
1100,9941
2966,9941
69,9944
4178,9944
58,9946
405,9947
7910,9947
667,9950
3162,9950
336,9951
28,9952
110,9953
9528,9956
2876,9957
8385,9957
215,9958
214,9959
1053,9960
5738,9960
4036,9962
7342,9962
958,9967
3679,9967
3081,9968
2833,9970
6868,9972
780,9974
247,9975
5035,9975
5837,9975
3206,9976
5321,9976
3,9979
6699,9979
8701,9979
1,9980
5070,9980
5995,9980
9073,9981
681,9983
593,9984
5977,9984
667,9987
3444,9987
7489,9987
841,9988
379,9989
45,9990
443,9991
28,9993
2795,9994
3704,9994
8332,9995
9305,9996
3712,9997
1383,9998
2188,9998
