0,1
0,2
1,3
2,4
1,5
1,6
2,8
6,9
1,11
1,13
2,13
1,15
6,15
1,16
16,17
3,18
6,18
2,20
17,20
1,21
3,21
1,22
1,24
4,24
4,25
21,25
17,26
20,26
1,28
2,28
17,31
1,32
18,32
3,33
4,33
6,33
22,33
0,35
4,35
1,37
21,39
6,40
37,41
5,42
6,43
13,43
37,44
15,45
4,47
3,48
41,48
13,49
15,49
1,53
5,53
9,53
13,55
37,55
40,56
39,57
31,58
13,59
25,60
44,60
25,64
60,64
6,66
49,67
28,69
17,70
6,72
33,72
59,72
1,73
2,73
2,74
28,74
55,74
28,75
74,75
2,78
35,78
1,82
1,85
28,85
0,86
1,90
35,90
49,90
1,91
5,91
57,91
1,92
9,92
33,92
59,92
20,96
2,100
18,100
13,102
6,103
86,104
72,106
86,109
57,112
57,114
1,118
1,120
57,120
118,120
92,121
8,122
106,122
72,123
92,123
0,125
1,125
40,125
73,125
91,125
1,126
1,128
35,128
15,129
1,131
6,131
28,131
106,131
125,132
9,133
31,133
20,134
57,135
60,136
3,137
33,137
114,138
13,139
8,140
55,140
17,141
18,141
4,142
55,142
13,143
2,144
1,145
44,145
1,146
123,146
142,146
91,147
39,148
6,150
8,150
9,151
32,151
92,151
96,156
2,157
109,157
28,158
75,159
148,160
25,161
2,162
33,163
55,165
21,167
72,167
17,168
43,168
44,168
91,170
91,171
4,177
121,177
43,178
90,178
92,178
96,178
103,178
0,179
85,179
25,180
49,180
74,181
4,182
13,182
125,184
167,185
143,187
55,188
106,188
143,188
44,189
57,190
3,192
35,193
39,193
1,194
140,195
57,196
2,198
193,199
20,201
143,202
146,202
1,203
25,203
31,203
33,203
140,203
20,207
72,208
140,209
2,213
5,213
187,213
92,215
158,215
15,217
33,217
22,218
109,219
22,220
1,221
2,221
220,223
9,224
215,225
11,226
74,226
35,229
1,231
33,234
91,234
146,234
224,234
123,235
91,237
161,237
1,238
39,238
140,239
57,242
72,242
151,242
20,243
0,245
31,245
91,246
224,246
18,247
1,248
138,251
13,252
195,253
146,255
242,255
6,256
25,256
96,259
125,259
92,261
18,262
4,263
35,263
145,263
13,264
73,267
91,267
131,267
18,268
18,269
256,269
59,270
13,272
104,272
13,273
73,275
60,278
91,278
55,279
8,280
2,285
4,285
17,286
272,286
28,287
224,288
57,289
0,291
43,291
188,291
25,292
3,293
168,293
92,295
44,296
78,296
125,297
26,300
242,300
267,301
246,302
11,305
92,305
239,307
1,308
1,309
9,311
1,312
146,312
13,313
305,315
8,317
168,317
1,319
103,320
264,321
221,323
148,324
146,328
213,328
178,329
1,332
59,332
91,332
220,332
17,334
39,336
49,336
309,337
150,338
37,339
291,339
150,342
146,354
242,354
17,355
272,355
134,358
48,359
118,359
198,359
4,362
170,362
31,363
275,364
301,366
0,367
49,369
53,369
312,369
4,371
332,371
151,373
128,375
224,375
168,378
2,382
91,382
73,383
85,383
184,383
296,384
300,384
213,385
255,386
1,388
33,388
167,389
13,390
125,390
3,393
285,393
336,393
178,394
43,400
256,400
13,401
140,402
285,403
313,403
74,404
91,405
177,405
320,405
193,407
246,408
393,408
168,409
187,409
92,410
364,410
293,412
1,415
26,416
146,416
49,417
189,418
389,418
91,419
55,420
21,422
189,423
235,423
220,424
4,425
92,426
49,427
270,427
285,427
296,427
13,428
168,428
20,429
41,430
0,432
382,432
178,436
242,437
74,439
136,439
32,440
137,441
334,441
355,443
180,445
189,445
142,447
6,448
185,449
37,452
3,453
400,454
0,455
402,455
142,456
320,456
302,457
389,457
134,459
134,461
242,461
106,462
252,462
9,463
202,463
305,464
6,466
6,470
6,471
443,472
457,472
263,473
418,474
60,475
428,478
11,479
28,479
18,480
140,480
309,480
466,481
109,483
3,484
142,484
17,485
140,485
161,485
270,485
74,487
6,488
90,489
57,491
91,496
131,497
151,497
339,499
201,500
358,501
1,502
427,502
53,503
16,504
170,505
500,505
358,507
462,508
31,510
114,510
502,510
1,512
91,514
201,519
74,520
296,520
104,522
251,522
334,528
44,529
220,530
480,531
402,532
445,532
6,535
13,535
86,535
457,536
4,537
91,537
3,538
519,538
371,540
134,541
393,542
57,543
123,543
202,544
336,545
151,546
178,546
510,546
6,548
137,549
179,549
1,551
11,554
92,555
332,555
6,557
6,558
441,558
32,559
18,562
291,563
125,564
256,564
315,564
1,566
72,570
261,571
0,574
70,574
109,576
470,576
133,577
267,577
278,578
285,578
151,579
74,580
441,580
13,581
2,584
455,587
1,588
55,589
1,590
44,593
78,593
85,593
300,593
140,595
462,596
1,597
202,598
400,599
540,600
255,601
4,602
125,605
190,605
21,607
140,608
270,608
3,609
91,611
291,612
400,612
26,613
221,613
393,613
44,615
202,616
151,618
17,620
125,621
441,622
72,624
593,625
58,629
4,630
133,630
419,631
168,633
140,636
549,636
59,637
120,638
145,638
26,639
5,641
73,642
546,643
0,645
86,646
362,647
296,648
371,648
593,648
611,648
125,649
263,649
6,650
140,650
180,650
0,653
44,654
441,654
167,655
35,656
613,659
133,662
535,664
4,668
339,669
540,669
0,671
181,671
31,676
267,678
31,679
140,680
131,681
32,683
445,683
599,683
114,684
202,684
142,685
373,686
507,686
300,687
91,689
202,689
317,690
320,690
125,691
681,691
143,692
170,692
687,692
92,694
201,694
275,694
537,694
359,698
680,698
136,702
287,704
417,704
131,709
532,712
195,713
296,715
694,715
180,716
2,718
678,718
26,720
416,720
125,721
4,723
188,723
238,724
453,724
140,725
4,727
641,729
0,730
441,730
489,730
507,731
261,732
612,732
33,733
1,734
44,735
388,735
114,737
497,738
109,741
165,741
549,741
301,743
403,743
39,744
491,744
145,745
264,745
445,746
28,749
167,749
731,749
3,750
22,750
59,754
684,754
39,755
60,755
245,755
147,756
85,761
510,762
255,763
224,766
537,767
25,769
215,769
339,769
18,770
245,770
255,771
455,771
767,771
570,774
150,775
33,776
654,776
134,777
44,778
72,778
432,778
455,778
109,779
309,780
4,782
91,784
32,787
445,787
177,788
238,788
694,789
143,792
6,794
35,794
564,794
1,795
26,795
497,795
31,796
17,797
60,798
8,799
151,800
35,804
472,806
35,807
538,807
767,808
55,809
178,811
261,811
564,812
156,815
558,816
60,817
128,818
625,818
90,821
615,822
92,823
2,825
261,825
72,826
452,826
2,827
1,828
59,829
364,829
1,830
6,830
195,834
125,835
145,835
455,838
497,839
148,840
692,844
252,845
334,845
22,846
255,846
35,847
26,848
11,850
499,851
1,852
125,852
279,853
123,855
775,855
138,856
31,858
35,859
338,859
25,860
73,861
139,861
359,861
455,861
817,863
778,864
827,864
278,867
28,868
60,869
479,869
5,870
109,870
234,870
576,870
151,871
35,872
134,874
177,875
252,875
35,877
382,878
74,880
267,880
402,880
647,880
256,882
33,884
723,885
189,886
612,886
584,887
1,889
125,890
131,890
409,890
178,891
445,891
877,891
418,892
24,895
195,895
488,895
384,898
1,900
151,900
612,900
13,901
595,902
609,902
13,903
749,903
6,904
255,909
393,911
466,911
616,911
332,912
302,913
452,915
432,916
681,917
44,921
339,922
246,924
510,924
140,927
17,928
1,930
262,931
5,933
463,933
44,934
885,934
37,935
557,935
911,935
35,936
519,937
423,938
279,939
18,940
202,940
2,941
48,941
307,941
578,941
237,945
6,946
85,946
797,947
850,947
26,948
483,948
1,949
35,949
272,949
6,951
92,951
3,952
109,952
564,952
647,955
683,955
593,956
861,957
92,958
788,959
267,960
784,961
4,963
33,967
109,969
92,970
92,972
797,972
371,975
542,976
5,980
74,982
131,985
49,989
464,989
402,992
220,993
683,993
933,995
732,996
22,997
478,997
9,998
771,998
229,999
339,999
595,999
648,999
769,999
1,1003
1,1004
880,1004
755,1005
1,1006
140,1008
195,1008
993,1010
246,1012
261,1012
940,1015
106,1016
683,1017
452,1020
20,1021
72,1021
11,1023
797,1023
2,1024
73,1025
69,1026
242,1026
259,1026
92,1027
423,1030
877,1030
125,1032
31,1033
55,1033
78,1035
74,1038
769,1038
125,1039
136,1040
338,1043
538,1043
170,1044
9,1047
131,1048
141,1048
605,1049
1,1050
13,1050
69,1052
90,1052
993,1052
718,1054
834,1054
6,1055
106,1055
613,1055
358,1056
161,1057
55,1058
33,1060
3,1061
125,1062
776,1064
1,1065
1017,1065
720,1067
874,1067
270,1068
188,1070
193,1070
11,1072
931,1072
789,1073
103,1074
642,1075
1,1077
18,1077
371,1077
131,1079
538,1079
880,1079
1,1081
26,1082
179,1083
741,1083
580,1084
92,1085
694,1087
60,1089
448,1090
218,1091
44,1092
49,1092
123,1093
296,1095
570,1095
1040,1095
1064,1098
59,1100
221,1100
49,1101
1047,1101
359,1104
727,1104
259,1105
6,1107
78,1107
26,1108
239,1108
74,1110
471,1111
612,1111
686,1114
1,1115
57,1116
279,1117
1,1119
428,1119
483,1119
945,1119
1047,1122
203,1125
400,1125
11,1126
188,1127
497,1127
57,1129
72,1130
371,1130
1,1133
1104,1133
3,1135
324,1135
267,1136
289,1136
874,1136
430,1137
741,1137
779,1138
886,1140
44,1142
529,1142
31,1146
48,1146
779,1147
961,1147
1074,1149
642,1151
49,1152
215,1152
480,1152
44,1154
992,1155
57,1156
140,1157
947,1157
109,1159
74,1161
795,1161
178,1162
41,1166
532,1166
114,1167
2,1168
92,1168
320,1168
463,1168
2,1169
683,1169
4,1172
11,1172
18,1173
1114,1173
256,1174
13,1176
40,1176
834,1176
91,1179
28,1180
1017,1180
558,1181
53,1183
364,1183
946,1184
4,1185
140,1185
648,1186
1,1187
749,1187
869,1187
31,1188
100,1188
834,1188
934,1188
1125,1189
239,1192
267,1193
13,1194
1,1195
32,1198
544,1198
529,1200
922,1202
59,1205
104,1205
26,1209
1168,1209
443,1210
941,1212
616,1215
650,1216
60,1217
295,1217
86,1218
558,1220
931,1220
74,1221
246,1221
1058,1223
60,1224
131,1224
125,1225
309,1226
359,1227
122,1230
724,1231
92,1233
601,1235
35,1236
252,1236
13,1239
691,1239
969,1240
13,1241
332,1244
48,1246
1057,1246
24,1247
727,1247
497,1248
142,1251
324,1251
203,1252
1183,1252
28,1253
927,1253
767,1254
17,1255
170,1256
57,1257
21,1258
485,1258
286,1260
578,1263
1017,1263
1016,1265
369,1267
55,1269
167,1269
371,1271
28,1272
131,1274
480,1276
320,1277
664,1278
792,1278
727,1279
291,1280
359,1280
35,1285
91,1285
6,1286
733,1287
221,1288
612,1288
242,1289
33,1290
602,1291
737,1292
25,1293
59,1293
305,1297
44,1298
6,1299
92,1299
279,1305
510,1305
382,1306
11,1308
57,1308
584,1308
1280,1308
618,1311
733,1311
496,1312
685,1313
49,1315
455,1315
890,1315
193,1318
248,1319
1216,1319
6,1322
535,1322
177,1323
479,1323
1079,1324
234,1325
336,1325
388,1325
427,1327
540,1328
168,1329
202,1329
776,1329
235,1330
595,1331
544,1332
694,1332
334,1333
400,1335
57,1336
32,1337
1176,1337
1100,1338
25,1340
529,1342
4,1347
613,1349
937,1352
0,1353
407,1353
1083,1354
6,1355
55,1356
355,1356
189,1357
255,1361
777,1361
1,1362
684,1366
85,1370
92,1370
104,1370
179,1370
519,1370
5,1371
114,1375
125,1375
1025,1375
1043,1376
686,1377
193,1378
264,1378
11,1380
145,1381
238,1384
755,1384
1012,1384
264,1386
145,1387
13,1388
1176,1388
612,1389
18,1391
15,1393
911,1394
92,1395
293,1396
502,1398
774,1398
969,1398
1254,1399
2,1400
315,1400
480,1400
704,1401
683,1405
885,1406
1136,1406
28,1407
649,1408
1049,1408
581,1413
123,1414
125,1415
147,1418
202,1419
151,1420
787,1420
1040,1420
671,1422
146,1423
178,1424
125,1425
1236,1425
457,1426
4,1428
188,1428
145,1429
136,1430
1187,1430
138,1431
0,1432
1095,1433
692,1434
114,1435
242,1436
1,1437
158,1437
724,1437
128,1439
8,1441
13,1441
308,1442
692,1443
109,1444
794,1444
1280,1444
403,1447
840,1447
958,1447
146,1448
255,1450
1315,1451
479,1452
20,1453
32,1456
2,1458
43,1458
270,1458
1093,1458
946,1461
332,1462
1244,1466
207,1467
6,1468
224,1470
55,1473
13,1476
167,1476
684,1476
1043,1476
8,1477
334,1479
502,1480
930,1480
146,1481
207,1482
578,1482
1079,1482
1049,1483
21,1484
935,1484
4,1485
103,1486
252,1487
1441,1489
1371,1490
375,1492
794,1492
198,1496
607,1497
483,1498
91,1499
1209,1499
1176,1504
78,1505
193,1505
692,1506
826,1506
146,1507
544,1507
1127,1508
145,1509
35,1511
92,1511
749,1512
457,1515
1016,1515
1231,1515
296,1516
151,1517
771,1517
880,1518
470,1521
301,1522
1101,1523
1038,1524
1263,1524
880,1525
134,1527
17,1533
1221,1533
1251,1535
441,1536
1079,1538
432,1544
886,1545
26,1546
13,1547
1049,1550
364,1551
74,1552
245,1553
308,1554
452,1554
540,1554
687,1554
1021,1554
114,1558
235,1559
202,1560
593,1562
1325,1562
13,1565
151,1565
320,1566
33,1567
1308,1567
33,1568
151,1568
679,1569
57,1571
769,1575
436,1576
1,1578
142,1578
1021,1578
679,1579
125,1581
558,1581
161,1583
11,1585
4,1586
1507,1588
17,1589
359,1589
25,1590
685,1591
1,1592
1400,1593
180,1594
891,1594
1077,1596
151,1598
165,1598
28,1602
146,1602
32,1606
367,1608
1562,1608
903,1609
15,1610
158,1610
4,1611
394,1611
510,1611
74,1613
1396,1613
741,1616
25,1618
364,1618
1,1620
60,1622
131,1624
499,1624
1136,1624
1052,1625
44,1626
125,1626
1405,1629
8,1630
74,1630
137,1630
618,1630
441,1631
443,1631
55,1632
815,1632
25,1633
267,1634
931,1634
134,1635
187,1635
1072,1636
1033,1638
408,1639
1,1640
2,1640
4,1641
142,1644
235,1644
20,1645
31,1645
151,1645
92,1646
1125,1646
579,1648
13,1649
201,1650
1119,1650
1361,1650
25,1651
35,1651
570,1651
1356,1651
1225,1653
1146,1654
770,1655
1620,1655
1061,1656
955,1659
497,1660
263,1662
1554,1663
28,1665
464,1665
1043,1667
59,1669
512,1669
48,1671
605,1672
140,1673
723,1673
1378,1674
1187,1675
1436,1677
1,1678
0,1679
207,1680
1187,1682
90,1684
741,1685
1461,1685
151,1686
416,1686
146,1687
20,1688
441,1688
1252,1688
1444,1688
339,1689
483,1689
963,1689
1594,1689
691,1691
702,1692
643,1693
4,1694
864,1695
4,1699
4,1701
92,1701
485,1701
792,1701
74,1703
911,1704
2,1705
301,1705
0,1706
11,1707
716,1707
11,1708
443,1709
125,1710
605,1710
0,1713
215,1714
1,1715
73,1715
291,1717
473,1717
683,1718
1461,1718
863,1719
1138,1719
136,1721
817,1722
1047,1725
584,1730
778,1730
131,1732
270,1732
147,1735
969,1735
261,1737
157,1738
279,1738
903,1739
378,1742
383,1743
151,1744
1048,1744
1650,1744
49,1746
187,1746
466,1749
613,1750
49,1751
1093,1753
637,1754
305,1755
382,1755
788,1756
242,1757
455,1758
939,1758
1554,1759
724,1760
393,1761
741,1761
1311,1762
45,1763
32,1764
639,1765
1442,1765
134,1767
734,1768
157,1769
439,1769
564,1769
975,1769
1267,1770
57,1771
272,1771
1070,1771
1136,1771
37,1772
193,1773
1378,1773
221,1774
555,1778
1325,1778
1,1779
364,1779
1240,1781
320,1782
902,1782
382,1783
125,1784
131,1785
615,1785
687,1785
1527,1786
1782,1786
1515,1787
70,1788
90,1790
612,1790
861,1790
91,1793
75,1795
131,1797
296,1798
41,1799
32,1800
1490,1800
13,1805
430,1806
1673,1807
32,1808
1194,1808
2,1809
143,1809
989,1809
1533,1810
1269,1812
300,1813
1252,1814
844,1815
367,1817
613,1817
91,1820
252,1820
462,1820
864,1820
91,1821
13,1822
354,1822
497,1824
1308,1825
143,1826
1329,1826
559,1828
1616,1828
1,1829
789,1829
53,1830
588,1830
1744,1832
892,1833
201,1834
462,1836
0,1838
461,1838
1241,1838
418,1841
17,1842
678,1842
55,1844
48,1845
291,1846
727,1847
33,1848
611,1849
33,1850
55,1850
662,1850
669,1850
90,1851
1040,1852
1437,1852
140,1855
5,1856
1,1858
179,1858
650,1858
1280,1858
189,1859
1033,1859
496,1860
1084,1862
479,1864
720,1864
835,1864
1315,1865
1,1868
4,1869
485,1869
935,1869
1381,1869
480,1870
5,1873
57,1873
72,1873
140,1875
1378,1875
4,1876
289,1878
384,1878
20,1879
589,1881
90,1882
125,1882
371,1882
201,1884
6,1887
73,1889
6,1890
1575,1890
33,1891
167,1891
402,1891
563,1894
867,1896
542,1897
1547,1897
698,1899
1240,1900
1742,1901
1850,1902
441,1903
1267,1904
1832,1906
13,1907
157,1907
1774,1907
74,1908
180,1908
1431,1908
1,1910
48,1910
621,1910
2,1911
286,1911
483,1911
1760,1911
246,1912
864,1912
867,1912
400,1913
856,1913
1688,1914
92,1915
939,1915
300,1916
519,1916
847,1916
28,1918
13,1919
1847,1920
1436,1921
1,1922
125,1922
1280,1922
168,1923
146,1924
1043,1924
18,1926
1187,1927
741,1928
1111,1929
302,1930
272,1931
520,1933
1048,1935
815,1936
320,1939
31,1940
993,1941
190,1942
17,1943
123,1943
1044,1943
731,1945
1554,1946
134,1947
1287,1951
43,1952
369,1952
1462,1952
1562,1952
188,1954
358,1954
1181,1954
0,1955
13,1955
1079,1955
1632,1955
402,1956
1858,1958
198,1960
870,1961
33,1964
1435,1965
253,1966
17,1969
684,1970
1216,1970
203,1971
720,1971
1737,1973
1168,1975
449,1976
792,1976
49,1977
201,1977
504,1977
692,1980
463,1981
992,1982
1640,1982
2,1984
1081,1986
1092,1986
945,1988
1370,1988
1355,1989
1761,1991
1701,1992
1908,1992
91,1993
462,1993
580,1996
125,1998
928,2000
6,2001
985,2002
1632,2002
432,2003
120,2004
880,2004
997,2004
1521,2006
1624,2009
1640,2009
502,2011
375,2015
1333,2018
17,2020
886,2020
1939,2021
1185,2022
1497,2022
1370,2023
17,2024
741,2024
1553,2024
415,2027
499,2027
607,2028
691,2028
408,2029
2,2030
142,2031
497,2032
53,2033
141,2033
2,2034
1689,2035
1506,2039
69,2040
540,2040
146,2041
403,2041
1,2042
21,2042
607,2042
1176,2042
1589,2043
1142,2044
1362,2045
999,2046
13,2047
128,2049
145,2051
8,2052
145,2053
1640,2053
90,2055
125,2055
55,2058
267,2059
393,2059
769,2060
812,2060
13,2061
18,2061
6,2062
859,2062
989,2062
142,2064
618,2064
1846,2065
242,2066
1852,2067
90,2070
1645,2071
952,2073
709,2074
60,2078
733,2080
1756,2083
140,2084
272,2086
1787,2090
911,2091
1992,2093
179,2094
441,2098
1562,2098
90,2099
188,2100
262,2100
2030,2100
161,2101
694,2101
733,2103
1832,2103
437,2104
1406,2104
334,2106
1651,2106
1225,2108
874,2109
1251,2109
8,2111
57,2112
1408,2112
1533,2112
749,2113
355,2114
285,2115
1732,2115
263,2119
339,2120
220,2121
92,2122
148,2123
32,2124
497,2125
1738,2128
256,2130
784,2130
1,2131
1868,2131
2042,2131
995,2133
33,2134
255,2135
305,2135
238,2136
1969,2136
25,2137
1271,2139
1396,2141
31,2142
55,2142
60,2142
445,2142
17,2144
33,2144
3,2145
1805,2145
221,2146
797,2147
1057,2147
35,2148
1633,2149
248,2150
125,2151
497,2151
3,2152
1092,2155
92,2156
20,2158
226,2158
1079,2159
123,2160
427,2160
776,2160
535,2164
558,2164
1017,2164
279,2165
686,2165
744,2166
150,2167
960,2167
26,2169
1821,2169
727,2170
1188,2171
0,2173
1858,2173
864,2174
480,2176
1437,2177
57,2178
505,2179
733,2182
1912,2182
2070,2182
151,2183
150,2186
1715,2186
2120,2188
72,2189
85,2189
6,2191
78,2191
1240,2191
1,2193
300,2193
53,2194
687,2194
1092,2196
1236,2196
17,2197
1353,2198
386,2199
17,2200
1665,2201
428,2202
869,2202
933,2202
1915,2202
455,2203
60,2205
270,2205
532,2205
334,2210
2034,2210
1151,2212
20,2214
1187,2214
999,2215
221,2216
613,2216
1790,2216
1,2218
44,2218
59,2218
235,2218
57,2219
291,2219
1507,2219
25,2220
935,2221
1439,2222
55,2224
60,2229
92,2230
9,2231
17,2233
461,2233
213,2236
1384,2236
133,2238
43,2239
389,2243
1444,2243
2,2245
776,2246
463,2247
40,2249
1738,2249
1848,2250
1319,2253
402,2256
423,2257
1172,2257
1,2260
999,2260
291,2261
1515,2264
1915,2264
364,2265
1656,2266
445,2268
1418,2268
134,2269
2247,2270
938,2271
1353,2271
1890,2272
2,2273
1376,2273
1434,2273
37,2275
2253,2276
90,2277
755,2279
187,2284
234,2284
464,2284
609,2284
1050,2284
28,2285
137,2285
286,2286
85,2287
993,2287
57,2289
497,2289
6,2290
74,2290
933,2291
131,2293
993,2294
1335,2295
1456,2295
140,2296
221,2296
1169,2296
485,2297
40,2298
1419,2300
1864,2300
242,2303
1536,2303
146,2305
220,2305
443,2306
1650,2309
49,2311
546,2311
2300,2311
248,2313
531,2314
2145,2314
1713,2316
18,2317
182,2317
2070,2317
423,2322
1742,2322
218,2323
1057,2324
32,2325
601,2326
1844,2326
1559,2328
43,2329
44,2329
1240,2331
867,2332
578,2333
1447,2333
2247,2333
215,2334
2194,2334
334,2335
2214,2335
120,2336
0,2339
53,2341
168,2346
542,2346
1461,2347
35,2348
1,2350
128,2352
0,2353
789,2353
1451,2353
140,2355
1873,2355
131,2356
1554,2357
441,2358
35,2359
681,2359
789,2359
1751,2360
1044,2363
1477,2364
120,2366
428,2368
535,2368
2147,2368
43,2369
272,2369
877,2371
1765,2373
178,2374
548,2374
11,2375
1875,2375
558,2376
208,2379
28,2380
32,2381
1159,2381
60,2382
354,2383
692,2384
1546,2384
55,2385
307,2385
263,2386
2100,2387
1558,2388
131,2389
125,2392
709,2395
40,2396
429,2397
692,2400
133,2401
692,2402
2,2403
448,2403
2384,2405
2046,2406
86,2408
5,2409
334,2409
605,2412
1480,2416
1554,2417
221,2418
1899,2419
455,2423
480,2423
2357,2423
1945,2424
78,2425
184,2426
0,2428
1649,2428
1730,2428
1319,2431
6,2432
8,2432
732,2433
743,2433
2296,2436
74,2438
992,2438
125,2439
90,2440
900,2441
715,2443
92,2444
1315,2444
321,2445
1936,2445
737,2446
1280,2446
67,2447
55,2449
141,2449
2033,2449
1226,2454
1215,2456
334,2457
338,2457
147,2458
35,2459
201,2459
1185,2460
2142,2460
92,2461
2,2467
505,2468
538,2468
1984,2468
53,2470
1195,2470
1738,2470
182,2472
848,2472
262,2473
718,2473
474,2476
779,2476
1125,2476
31,2477
1703,2477
43,2478
1105,2479
53,2481
1992,2482
1217,2484
78,2485
131,2485
178,2486
1370,2490
605,2493
0,2494
2359,2496
13,2497
221,2498
686,2498
1293,2498
1375,2500
867,2501
1251,2503
2098,2503
407,2507
263,2508
125,2512
259,2513
2271,2514
463,2517
733,2517
613,2518
540,2519
1378,2520
445,2521
720,2523
1,2524
993,2524
90,2526
307,2526
2201,2527
1869,2529
1035,2531
1897,2531
2229,2532
1248,2533
43,2536
188,2537
275,2537
2142,2537
767,2538
1507,2538
1554,2538
1970,2542
272,2543
2065,2543
466,2544
412,2545
427,2548
125,2550
1400,2550
150,2551
11,2555
188,2556
6,2557
878,2557
118,2561
383,2562
807,2562
839,2562
220,2563
11,2565
362,2565
999,2566
995,2567
2,2568
1566,2568
1868,2568
92,2570
136,2570
542,2571
1535,2571
129,2573
320,2573
2305,2573
1091,2575
1625,2575
170,2576
1927,2576
32,2577
44,2577
92,2577
472,2577
452,2578
1461,2578
540,2580
902,2580
483,2582
869,2586
15,2588
74,2589
9,2590
1280,2591
733,2592
860,2594
13,2596
1673,2596
25,2597
615,2597
33,2598
125,2599
1361,2600
2,2602
1742,2602
1955,2608
924,2610
2346,2610
8,2611
33,2611
686,2611
60,2613
694,2613
168,2614
1713,2615
474,2618
777,2619
332,2620
2285,2620
429,2621
732,2623
1554,2623
4,2625
57,2625
133,2625
792,2625
1040,2628
2331,2628
519,2629
767,2629
2446,2629
980,2631
125,2632
2417,2632
3,2633
90,2633
1388,2633
140,2634
1518,2640
151,2641
246,2641
201,2643
497,2643
1166,2643
1286,2644
403,2647
302,2648
503,2650
1923,2651
359,2652
827,2652
1017,2653
67,2656
2243,2656
1,2657
18,2657
44,2657
371,2657
43,2658
1185,2660
35,2662
131,2662
151,2662
428,2662
935,2662
388,2663
1187,2663
369,2664
2215,2665
993,2668
884,2669
811,2670
732,2673
927,2680
180,2682
1927,2682
2486,2682
609,2685
709,2687
1152,2687
55,2688
1,2692
1707,2692
91,2695
279,2696
382,2696
2490,2696
25,2697
31,2698
474,2698
2253,2698
317,2699
125,2701
2,2702
466,2704
20,2706
354,2707
936,2707
235,2708
1017,2710
355,2711
366,2711
2136,2711
2150,2712
2517,2712
26,2715
1511,2717
125,2718
418,2719
846,2719
1945,2721
28,2723
25,2726
455,2728
1005,2728
1407,2728
1817,2728
457,2729
877,2729
1928,2729
28,2730
1679,2731
456,2732
963,2732
208,2733
1405,2733
1665,2733
2381,2733
1639,2735
502,2738
145,2740
1119,2740
1799,2740
457,2742
2273,2743
2374,2743
208,2744
150,2746
1,2751
182,2751
441,2752
2472,2752
418,2753
1331,2753
2051,2753
2,2755
6,2756
272,2758
2051,2758
993,2760
1408,2760
2169,2760
141,2763
151,2763
1581,2763
2146,2764
60,2765
125,2767
1420,2767
1562,2767
732,2769
2003,2769
447,2770
416,2771
457,2771
1594,2773
150,2775
2403,2775
1325,2776
1910,2776
2186,2776
328,2777
2537,2777
2120,2778
140,2783
383,2785
1635,2785
1876,2785
305,2788
170,2791
198,2791
671,2793
13,2794
2136,2794
53,2796
405,2796
1079,2796
2,2797
947,2797
31,2799
300,2800
1049,2800
2022,2800
1035,2802
1267,2802
2704,2802
1439,2803
13,2804
31,2806
382,2806
114,2807
1293,2808
1769,2808
208,2810
480,2813
692,2813
220,2814
679,2814
1850,2814
2250,2814
72,2815
92,2815
1461,2815
2743,2816
829,2817
1434,2817
441,2818
2339,2819
694,2821
92,2822
125,2822
2561,2823
371,2824
55,2826
769,2826
2214,2828
17,2829
178,2829
993,2830
91,2832
237,2832
529,2833
945,2833
1319,2834
1838,2835
1984,2835
1641,2836
1091,2837
1805,2838
339,2840
1602,2840
20,2842
2424,2843
55,2844
28,2846
777,2847
39,2848
44,2848
911,2848
970,2849
2563,2850
683,2852
221,2853
1023,2853
6,2854
1480,2855
364,2857
234,2858
2577,2858
146,2860
178,2860
2247,2860
35,2861
1858,2861
0,2862
1910,2862
536,2864
952,2864
28,2865
1809,2865
8,2866
1750,2866
125,2868
935,2869
828,2872
1554,2876
928,2879
1043,2881
143,2882
850,2882
1043,2882
2565,2882
1008,2883
1406,2883
132,2885
1442,2886
109,2887
1955,2887
1970,2888
320,2889
1185,2890
393,2891
2043,2891
60,2892
2083,2892
134,2894
142,2894
564,2894
2296,2894
55,2895
297,2896
2848,2896
55,2898
91,2898
951,2898
1104,2898
92,2900
202,2901
373,2901
1566,2901
2341,2902
383,2903
1220,2907
2167,2907
1428,2910
1633,2910
1851,2910
611,2912
320,2913
2124,2913
1707,2914
609,2917
2218,2917
11,2918
31,2918
267,2918
1278,2919
1836,2920
1991,2920
312,2921
669,2926
864,2926
31,2927
480,2927
305,2931
2067,2931
1,2932
215,2932
74,2933
170,2933
461,2933
1405,2933
202,2934
296,2934
2775,2935
2,2937
519,2937
2074,2937
4,2938
190,2938
455,2938
788,2938
20,2939
28,2939
466,2939
778,2940
1578,2940
930,2941
1632,2943
1908,2944
1945,2945
2123,2945
70,2946
2359,2946
2764,2948
25,2951
4,2952
2562,2953
55,2955
1280,2956
2940,2956
799,2957
2550,2957
1511,2960
180,2961
1183,2961
1738,2963
291,2964
1209,2964
220,2965
369,2965
491,2966
11,2968
2322,2972
26,2974
1024,2974
106,2976
2426,2976
262,2978
2009,2984
53,2986
255,2990
140,2991
291,2992
512,2992
72,2995
1439,2996
455,2997
732,2997
1436,3000
33,3001
410,3002
2834,3002
2381,3003
2631,3003
8,3004
642,3004
1869,3004
1779,3005
538,3006
371,3007
1829,3007
44,3008
2696,3008
2322,3009
2196,3011
720,3013
1354,3013
57,3015
2023,3015
143,3017
1602,3017
73,3020
143,3020
1,3022
2881,3022
33,3025
1482,3026
1769,3029
1984,3029
1161,3031
190,3037
2224,3037
2459,3038
242,3039
1701,3039
1,3040
132,3040
1072,3042
2210,3044
55,3046
799,3047
1257,3049
5,3052
1441,3052
366,3053
729,3053
1754,3053
2621,3055
96,3056
1928,3058
2433,3058
2918,3058
3026,3058
1899,3060
1,3065
1183,3066
255,3067
26,3068
121,3069
1093,3069
1507,3069
2901,3069
15,3070
555,3071
902,3072
947,3072
1645,3072
32,3077
1732,3077
2305,3077
142,3079
1847,3079
2064,3079
123,3080
136,3080
687,3080
911,3080
1092,3080
60,3082
74,3082
384,3084
1767,3084
1054,3085
650,3086
2692,3086
400,3087
178,3090
301,3090
2743,3092
455,3094
2202,3095
2447,3095
92,3096
491,3098
2030,3098
2918,3098
694,3099
1337,3099
1308,3102
293,3103
685,3104
1308,3105
2052,3105
8,3106
723,3106
123,3107
125,3107
2933,3108
3038,3109
383,3112
921,3112
289,3113
580,3113
2476,3114
74,3117
1136,3117
497,3118
2045,3119
455,3123
938,3123
21,3124
131,3126
140,3127
297,3127
2380,3129
332,3130
1848,3130
1559,3132
35,3133
694,3133
189,3134
6,3138
182,3140
1640,3140
287,3141
106,3143
1444,3143
2864,3143
1,3144
18,3144
609,3146
1755,3146
123,3151
1030,3152
2723,3153
1638,3155
31,3156
1257,3159
3002,3160
1265,3161
2438,3162
0,3163
432,3163
114,3164
648,3165
1761,3165
2004,3165
0,3167
145,3168
472,3168
689,3168
33,3169
1016,3170
2355,3170
2484,3170
499,3171
1187,3171
17,3172
2,3173
784,3173
2800,3174
13,3175
1299,3175
1355,3175
2858,3175
2273,3176
2022,3180
1553,3181
1881,3182
1039,3183
43,3184
300,3184
532,3184
1499,3184
593,3186
2202,3186
1480,3189
1010,3190
2122,3190
1795,3191
2,3192
432,3193
2202,3194
2224,3196
20,3197
2957,3197
238,3198
2632,3198
811,3199
519,3200
540,3201
1756,3201
1380,3204
1786,3204
393,3205
2086,3205
59,3206
188,3207
1263,3209
1640,3209
1988,3209
2800,3209
537,3213
724,3214
2664,3216
969,3218
5,3219
92,3219
2769,3222
478,3223
2218,3224
3052,3224
1838,3226
2305,3227
743,3229
3106,3230
1480,3231
1633,3231
33,3232
441,3232
1976,3233
1006,3234
1386,3234
3058,3234
223,3236
564,3236
1522,3236
9,3239
366,3239
32,3240
28,3241
2732,3241
999,3242
2615,3243
2047,3244
218,3245
2376,3245
3143,3245
118,3246
242,3246
1945,3248
92,3249
538,3249
2656,3249
57,3250
255,3251
2976,3252
28,3254
28,3255
418,3256
690,3256
817,3256
358,3258
2271,3259
2771,3259
103,3260
1989,3260
1166,3262
1751,3262
3079,3262
1017,3263
1119,3263
1173,3263
1742,3263
1879,3263
2108,3263
383,3265
2417,3265
15,3267
32,3268
55,3268
2091,3270
18,3271
253,3272
321,3274
1941,3274
1176,3275
118,3277
557,3277
1976,3279
403,3281
1499,3283
92,3284
1398,3284
407,3285
1742,3286
2952,3287
13,3288
505,3288
1578,3288
1521,3289
74,3290
220,3291
1176,3291
2704,3293
2818,3293
1521,3296
1656,3296
3114,3297
1955,3299
74,3302
1356,3302
4,3303
1665,3303
1220,3304
3222,3307
145,3309
131,3310
3275,3311
2735,3313
3038,3313
201,3314
1805,3314
1,3315
11,3316
33,3318
272,3318
532,3318
1562,3318
114,3321
2186,3321
532,3322
1216,3323
1476,3323
2348,3327
510,3330
44,3332
213,3332
2931,3333
6,3334
718,3335
1389,3335
1915,3338
2625,3338
146,3340
28,3341
33,3341
418,3342
692,3343
106,3345
540,3345
1072,3345
864,3346
1730,3348
956,3349
1061,3352
31,3355
1655,3356
452,3358
2348,3359
1405,3360
59,3361
2945,3362
3299,3362
188,3364
2395,3364
178,3366
470,3371
1279,3371
17,3373
1744,3373
2070,3373
1010,3374
3092,3374
1946,3375
2219,3375
26,3378
931,3380
483,3382
1988,3382
2913,3382
992,3383
2494,3383
336,3385
305,3386
683,3386
1673,3387
2103,3387
125,3388
1656,3389
4,3391
339,3394
1172,3396
234,3398
938,3398
2937,3399
3307,3399
246,3401
1413,3401
2872,3401
165,3404
2794,3404
3170,3404
1841,3405
17,3408
690,3409
1093,3410
947,3411
2470,3411
2760,3413
13,3420
886,3424
125,3426
339,3426
2698,3427
3004,3427
1209,3428
564,3429
1384,3429
1408,3429
472,3433
25,3435
2137,3435
762,3436
2449,3437
1807,3439
125,3442
502,3443
776,3443
92,3444
188,3444
2550,3444
6,3445
246,3445
2565,3445
2769,3446
3289,3447
1375,3448
457,3449
43,3451
75,3451
157,3452
296,3452
499,3457
207,3460
2359,3460
2964,3460
125,3461
938,3465
1829,3466
558,3467
2814,3467
605,3468
1406,3468
2806,3468
140,3471
2295,3471
3204,3472
2193,3475
140,3476
767,3477
679,3478
1891,3478
44,3482
74,3482
796,3482
462,3483
3389,3483
804,3484
1073,3484
35,3488
2596,3489
789,3490
100,3493
2580,3494
3348,3494
415,3496
2409,3496
2796,3496
2460,3498
1846,3499
55,3501
456,3501
1188,3501
537,3502
2458,3502
3193,3502
291,3504
2573,3507
1,3508
911,3508
2992,3509
593,3510
1395,3510
542,3512
2285,3512
727,3513
1706,3513
1927,3513
375,3516
1,3517
480,3519
3358,3520
1010,3521
2218,3521
2796,3522
4,3524
44,3526
933,3531
1838,3532
529,3535
2562,3535
2194,3536
1331,3538
480,3543
694,3543
1688,3544
1881,3544
2131,3544
72,3546
2797,3547
2918,3548
141,3551
1444,3551
1955,3552
1,3554
141,3554
178,3554
1319,3556
3037,3556
261,3557
1632,3557
1240,3562
1927,3562
3263,3562
40,3564
1043,3564
1049,3565
72,3567
570,3569
875,3569
470,3572
6,3573
145,3573
1624,3575
59,3576
2061,3576
22,3577
157,3577
497,3577
13,3579
2882,3580
33,3583
538,3583
408,3584
870,3584
2570,3584
3146,3584
1644,3585
369,3588
90,3589
90,3591
1280,3591
157,3593
564,3593
1052,3593
3219,3593
39,3594
499,3594
60,3596
1437,3596
332,3597
886,3597
1665,3597
1598,3598
189,3599
839,3599
2350,3600
106,3601
1848,3601
6,3602
339,3602
995,3602
45,3606
844,3606
92,3607
733,3607
1602,3607
2245,3608
13,3609
146,3609
1506,3611
2009,3611
686,3615
995,3615
3162,3615
121,3617
453,3617
1105,3617
1826,3619
2322,3619
1,3620
334,3620
3000,3620
1639,3621
2599,3621
3544,3621
4,3625
131,3625
202,3626
3348,3626
777,3627
2632,3628
3184,3628
393,3630
31,3631
1904,3631
3079,3632
3084,3632
74,3633
2901,3634
671,3636
741,3636
1386,3636
1398,3636
2433,3636
55,3637
2797,3637
44,3638
558,3639
49,3643
2,3644
103,3645
505,3646
2266,3649
2507,3650
1355,3651
1,3652
125,3654
2210,3654
296,3656
1735,3657
2717,3657
795,3660
895,3661
3335,3661
741,3663
3170,3664
1715,3665
3526,3665
935,3666
31,3667
715,3668
2,3669
17,3669
272,3669
1225,3669
2438,3669
1841,3671
145,3673
332,3674
2009,3674
3482,3674
537,3675
17,3676
1370,3676
2939,3677
564,3678
178,3681
499,3682
557,3684
293,3685
1079,3686
1095,3688
48,3691
1033,3691
1119,3691
2359,3691
2946,3691
319,3693
519,3695
2233,3695
2866,3695
1517,3697
702,3698
3243,3698
3053,3699
2816,3700
31,3701
1560,3701
2002,3701
2698,3702
21,3703
41,3705
3260,3706
49,3707
989,3708
3,3713
564,3713
1799,3713
1982,3713
91,3714
92,3714
2205,3714
3516,3714
958,3716
687,3718
2732,3719
91,3720
2381,3721
259,3722
2409,3725
6,3726
2596,3727
2918,3728
3639,3728
247,3730
1133,3730
1188,3731
992,3733
1263,3733
2083,3733
2578,3734
2018,3735
3079,3735
3593,3735
826,3736
792,3737
2152,3738
787,3739
179,3741
510,3741
1355,3742
2314,3742
11,3743
59,3744
238,3746
941,3748
3249,3749
1842,3751
1215,3754
1640,3754
33,3756
443,3756
2022,3758
358,3759
220,3761
301,3761
2460,3764
2901,3764
125,3765
1458,3765
221,3767
140,3768
474,3768
59,3769
73,3772
1576,3773
1,3775
190,3778
457,3779
2142,3779
371,3782
538,3782
2628,3782
1,3786
1651,3786
92,3787
220,3787
301,3787
1021,3788
91,3789
9,3792
1,3793
891,3793
1035,3793
1073,3794
1578,3794
2806,3794
252,3795
0,3796
650,3796
2,3797
291,3797
848,3797
2498,3798
2769,3799
804,3800
564,3802
1897,3802
1333,3803
1444,3803
911,3804
3285,3805
618,3806
2740,3806
146,3807
255,3810
720,3811
1378,3811
3685,3811
334,3813
412,3816
593,3816
2136,3816
3270,3818
13,3819
91,3819
3288,3820
766,3822
1061,3823
72,3826
2625,3830
993,3831
1423,3831
4,3833
72,3833
2164,3834
2266,3835
329,3840
2565,3841
510,3842
3544,3844
608,3845
3494,3845
895,3848
1829,3848
114,3852
3632,3852
935,3853
2497,3854
2732,3854
104,3857
332,3858
383,3861
1912,3861
187,3863
1489,3863
2139,3863
1763,3864
535,3865
1267,3865
1864,3865
1329,3866
1982,3867
70,3868
1,3869
131,3869
535,3870
648,3871
2218,3871
3196,3871
3593,3872
599,3873
2271,3873
6,3874
1842,3874
2355,3874
389,3875
643,3875
37,3877
544,3877
607,3878
339,3880
1225,3880
1248,3881
1389,3881
2753,3881
92,3883
1254,3883
1525,3883
55,3887
2189,3887
26,3888
2830,3888
3399,3890
1285,3891
1928,3891
2858,3892
366,3893
1458,3893
779,3895
935,3895
0,3897
418,3897
1453,3898
3192,3898
788,3899
2944,3899
33,3900
418,3900
935,3901
3830,3901
3666,3902
2485,3903
1719,3905
1882,3909
1954,3909
2729,3910
8,3911
2816,3912
869,3913
1021,3916
3186,3916
1070,3918
55,3919
1378,3919
671,3920
58,3921
26,3923
746,3923
1507,3923
3854,3925
263,3926
1674,3927
599,3928
90,3929
3335,3931
1033,3932
1240,3933
3321,3934
35,3935
1919,3935
220,3936
2305,3936
2926,3938
2229,3940
2918,3941
669,3942
782,3942
2571,3942
309,3943
1620,3943
3754,3943
1858,3944
125,3945
1554,3945
2297,3945
188,3946
538,3946
769,3946
25,3947
777,3947
1342,3947
1581,3947
202,3950
2952,3953
2347,3955
777,3956
886,3957
1378,3958
3872,3958
1961,3960
812,3961
2374,3962
3617,3962
1432,3963
2051,3963
70,3964
2115,3965
3799,3965
1875,3966
300,3967
903,3970
2991,3971
1407,3972
993,3973
2861,3973
642,3974
2732,3978
502,3979
131,3981
443,3982
40,3985
934,3985
35,3986
85,3986
49,3988
2325,3988
6,3989
2960,3989
1765,3992
2901,3992
3636,3992
443,3993
1324,3996
1111,3997
1490,3998
2459,4000
1799,4001
2145,4003
13,4006
1349,4006
3927,4008
213,4010
267,4011
1176,4012
649,4013
1060,4013
125,4014
338,4014
3870,4018
441,4019
3072,4020
1927,4021
3625,4021
2392,4023
3874,4023
291,4025
2112,4025
3502,4025
3754,4025
2613,4028
13,4029
423,4029
2412,4029
133,4031
3307,4032
3512,4033
55,4034
1515,4035
480,4038
1107,4039
1452,4039
18,4041
1638,4041
235,4042
1649,4042
3691,4042
309,4043
1305,4043
2023,4046
72,4047
611,4047
823,4047
1183,4047
737,4050
3232,4050
3243,4050
415,4051
1923,4053
2167,4053
5,4054
158,4056
1420,4056
57,4057
612,4057
1986,4057
44,4059
540,4059
4,4060
3936,4063
1618,4067
3496,4068
952,4070
55,4072
1786,4072
35,4073
384,4074
452,4074
122,4076
85,4077
3531,4078
400,4080
92,4081
3144,4081
1052,4082
2431,4082
613,4083
423,4084
1782,4084
2778,4085
1521,4086
480,4087
2009,4087
366,4089
72,4090
198,4091
1174,4091
1554,4091
1437,4092
1966,4092
3947,4092
3079,4093
33,4097
147,4098
3813,4098
1624,4102
1829,4103
756,4105
2932,4105
448,4106
870,4106
291,4107
1536,4107
3972,4107
2402,4108
1091,4111
1851,4111
3567,4115
201,4116
1,4118
125,4119
578,4119
1800,4120
2142,4120
70,4122
140,4123
221,4123
612,4124
1515,4124
342,4127
1194,4127
1760,4129
715,4130
3617,4131
789,4134
4102,4136
256,4138
1554,4138
2591,4139
3095,4139
3536,4139
181,4140
32,4141
1976,4142
1461,4146
2494,4146
3881,4147
1184,4150
1838,4151
2952,4151
90,4154
1267,4154
21,4157
683,4159
2178,4159
44,4160
287,4160
293,4161
264,4162
1456,4162
26,4163
3289,4163
15,4164
472,4164
49,4166
1371,4168
3155,4169
3979,4169
32,4171
3854,4173
59,4174
2501,4174
2352,4177
2743,4178
844,4179
1058,4180
427,4181
427,4183
3,4184
1486,4184
686,4185
2381,4185
246,4187
121,4188
60,4189
993,4190
2273,4190
1,4192
2215,4192
1521,4193
2346,4193
3426,4194
2652,4195
3979,4195
992,4196
3006,4196
20,4197
690,4197
1545,4197
358,4198
2578,4203
8,4204
286,4205
3754,4205
2836,4206
4138,4206
555,4208
1458,4210
911,4212
1119,4212
1327,4213
57,4215
26,4217
305,4217
339,4217
3535,4217
1407,4218
3144,4218
3637,4218
53,4219
1566,4219
161,4221
235,4223
2348,4223
3875,4223
187,4224
86,4225
479,4225
535,4227
1940,4227
1742,4228
2538,4232
1897,4233
2682,4234
3132,4235
339,4237
1133,4237
49,4238
625,4238
180,4243
497,4243
749,4243
1221,4244
220,4245
92,4246
57,4249
2055,4250
3086,4253
1187,4254
3698,4255
125,4256
1137,4256
1585,4256
3998,4257
2473,4258
57,4260
947,4260
2403,4261
2731,4263
33,4264
691,4267
4206,4268
125,4269
2134,4269
13,4270
140,4272
1742,4272
25,4274
732,4275
181,4277
3231,4277
3875,4277
3348,4279
1817,4280
811,4281
1271,4281
2444,4281
390,4282
2,4283
3726,4284
2902,4286
1023,4287
170,4289
188,4290
20,4291
6,4292
1456,4292
2194,4292
2432,4293
2202,4294
754,4295
31,4296
125,4296
1545,4296
2122,4296
203,4298
1032,4299
1136,4299
215,4302
2,4303
686,4304
2613,4304
49,4306
60,4306
1640,4306
455,4308
2325,4308
218,4309
85,4310
359,4312
1841,4314
237,4315
1287,4315
2018,4315
187,4316
3593,4317
3923,4317
544,4318
934,4319
2060,4320
55,4321
2039,4322
679,4323
1035,4323
1718,4323
28,4326
933,4326
4074,4326
3146,4328
3090,4329
55,4331
496,4331
2853,4331
13,4332
85,4332
1922,4332
148,4335
499,4335
1644,4335
21,4336
2785,4337
1624,4338
2348,4339
3234,4340
189,4341
463,4341
1079,4341
1881,4341
2049,4341
3274,4341
74,4342
771,4346
432,4347
1370,4347
33,4348
3637,4348
1846,4349
817,4350
1742,4351
13,4352
564,4359
279,4360
125,4362
1946,4362
109,4363
3252,4364
400,4365
4341,4368
288,4369
390,4369
4013,4371
1,4372
3802,4372
466,4373
2373,4373
4212,4373
145,4377
1226,4377
57,4379
2375,4379
1044,4380
1136,4382
2633,4382
3396,4390
6,4391
496,4393
67,4395
4299,4396
275,4397
417,4397
947,4397
1447,4397
13,4399
1072,4399
33,4400
2303,4401
960,4403
1100,4403
279,4404
535,4407
855,4407
4074,4407
8,4408
13,4408
18,4408
875,4408
1820,4409
2588,4409
2409,4413
473,4414
44,4416
608,4416
839,4416
472,4417
3186,4417
3502,4417
4306,4417
74,4418
443,4418
32,4419
3877,4419
73,4420
367,4420
1246,4420
6,4422
462,4423
2860,4424
72,4426
248,4428
13,4429
540,4429
2444,4430
576,4431
2,4434
1236,4435
935,4436
2049,4436
57,4437
1159,4437
3593,4437
37,4438
145,4438
3094,4439
3786,4439
33,4441
1456,4448
8,4449
1624,4450
1701,4451
6,4452
55,4452
1020,4455
136,4457
3263,4458
2796,4459
1117,4461
869,4462
2317,4462
125,4463
73,4465
256,4465
1562,4465
3974,4469
671,4470
1842,4470
332,4471
1678,4474
2656,4474
242,4475
483,4475
1631,4476
4317,4477
32,4478
1955,4479
4,4480
1329,4480
3795,4482
11,4483
1903,4483
4203,4484
738,4485
531,4487
2384,4487
4,4488
452,4488
1437,4488
3742,4488
3802,4488
247,4490
388,4491
683,4491
2629,4491
291,4492
2358,4492
3873,4492
2952,4493
519,4494
1079,4494
3900,4494
2189,4495
1476,4496
456,4497
2484,4497
165,4499
1254,4499
607,4503
1119,4503
1432,4504
8,4507
267,4507
2,4509
581,4509
1565,4510
3399,4511
815,4513
2403,4516
1878,4517
2381,4517
2142,4518
213,4519
680,4519
355,4520
1082,4520
4012,4521
43,4522
1202,4525
3254,4525
1879,4527
1507,4528
3546,4528
137,4531
3429,4531
86,4533
1119,4533
1778,4533
2061,4534
20,4535
1315,4535
2460,4537
418,4538
1325,4538
3992,4539
1023,4540
3244,4540
1008,4542
26,4543
1183,4544
1977,4545
999,4546
2039,4547
188,4549
1269,4551
3361,4553
466,4554
750,4554
2164,4554
4417,4554
1742,4558
270,4560
755,4560
1104,4560
4120,4560
4164,4560
3444,4561
1108,4563
2202,4563
301,4564
312,4564
2059,4565
2064,4568
2494,4570
1111,4571
3637,4572
462,4574
25,4576
1490,4578
794,4579
57,4580
309,4580
285,4582
1406,4582
74,4583
3156,4585
470,4586
1100,4586
1048,4587
1817,4587
2476,4587
193,4588
407,4589
1492,4590
3778,4590
3858,4590
2835,4592
1805,4593
3516,4595
272,4597
579,4598
74,4600
1673,4600
1984,4600
2696,4601
3617,4601
1311,4602
1272,4603
31,4604
1236,4604
4190,4604
264,4605
402,4605
1280,4605
114,4607
4564,4608
4603,4609
1988,4610
3596,4610
1686,4613
3916,4615
2707,4617
1850,4619
2046,4619
1017,4621
1133,4621
4256,4621
131,4622
1578,4622
3706,4622
125,4624
1119,4624
1738,4625
2,4626
1424,4626
3736,4627
3643,4628
91,4630
480,4633
889,4633
3345,4633
4138,4633
242,4635
1800,4637
1133,4638
167,4639
383,4639
1166,4640
1325,4640
2120,4640
4603,4641
355,4642
3236,4643
3639,4643
3601,4644
40,4645
1817,4645
91,4646
1400,4649
1897,4649
885,4650
3090,4650
4641,4652
44,4653
804,4655
1910,4658
2046,4658
2570,4658
935,4662
1568,4662
1682,4662
1183,4663
605,4664
650,4664
91,4665
519,4665
3593,4665
1087,4669
158,4672
1713,4672
4517,4672
947,4674
2836,4675
2894,4676
3348,4676
3447,4676
927,4679
25,4680
3873,4680
3892,4680
1,4682
691,4682
272,4686
1217,4686
621,4688
0,4690
167,4693
410,4697
3818,4697
393,4698
1565,4698
3079,4698
2,4699
845,4699
671,4700
1674,4700
3899,4705
999,4706
4264,4709
1240,4710
3049,4711
1425,4712
2550,4713
40,4715
255,4717
1253,4718
4299,4720
18,4721
1933,4722
2960,4723
2753,4724
201,4725
1239,4725
151,4727
2233,4728
18,4729
2550,4729
40,4732
136,4732
3170,4732
605,4733
2769,4733
2517,4735
3881,4735
253,4737
4605,4738
535,4742
952,4742
287,4743
1845,4743
234,4744
1480,4745
53,4746
3926,4747
4215,4747
17,4750
371,4755
1988,4755
2498,4755
114,4757
324,4758
428,4762
1119,4762
1507,4767
869,4768
877,4768
337,4771
256,4774
1,4776
1765,4776
2326,4776
3733,4777
4649,4778
37,4779
285,4779
70,4782
3636,4783
3998,4783
1050,4785
3345,4787
334,4788
1168,4789
3072,4791
3106,4792
850,4794
497,4795
1732,4795
1943,4795
74,4796
1732,4796
3833,4796
621,4797
2835,4797
2438,4800
2776,4801
1375,4802
91,4804
364,4806
2769,4807
4003,4809
3,4810
2862,4810
1622,4811
1897,4812
3058,4814
2027,4815
741,4816
32,4817
2773,4817
1,4818
123,4820
817,4822
535,4823
989,4823
1240,4823
2565,4823
2778,4823
455,4824
293,4825
570,4825
737,4825
1715,4825
2570,4827
3289,4831
1093,4832
332,4833
2084,4834
2201,4834
2643,4835
3547,4835
26,4836
91,4836
844,4836
685,4837
796,4837
125,4840
1769,4841
3502,4843
3676,4843
2109,4844
6,4845
602,4845
161,4847
445,4847
543,4848
2035,4848
1442,4849
125,4851
2704,4852
13,4853
1021,4855
4417,4855
1,4857
13,4858
429,4858
2927,4858
827,4860
1986,4860
1787,4863
2064,4864
4237,4865
1100,4866
4621,4866
1553,4868
941,4869
1127,4870
328,4871
1038,4873
485,4874
2470,4874
2142,4876
267,4878
2317,4878
3706,4878
2707,4882
4277,4884
72,4886
951,4886
5,4887
4289,4887
687,4888
1370,4889
359,4890
2150,4891
839,4892
1645,4892
5,4893
403,4894
4818,4896
2835,4898
3643,4899
4039,4899
2275,4901
2662,4901
3923,4903
795,4906
3892,4906
4428,4906
952,4907
3184,4907
32,4909
2573,4912
33,4914
389,4914
13,4918
578,4918
4059,4920
1838,4923
2325,4923
393,4927
681,4927
0,4929
145,4929
1559,4932
320,4934
4263,4934
462,4935
812,4938
2285,4938
1730,4940
470,4941
28,4943
443,4943
17,4945
1176,4945
2537,4945
692,4946
2004,4946
1562,4947
143,4948
485,4948
497,4948
1039,4949
3565,4950
1868,4951
2520,4951
3594,4951
4438,4952
2164,4953
28,4954
4238,4955
242,4956
400,4956
871,4956
332,4957
2003,4959
272,4960
2573,4960
3389,4960
817,4962
3799,4962
293,4965
267,4967
432,4967
1687,4969
2743,4971
1111,4973
1820,4976
2938,4976
21,4978
371,4978
4664,4979
789,4980
2202,4981
864,4982
995,4982
1897,4984
2046,4984
4029,4986
2059,4987
33,4990
427,4990
731,4990
198,4991
49,4992
158,4994
1269,4994
4393,4994
3429,4995
2120,4997
1240,4999
2002,5001
4419,5001
4845,5001
1562,5002
3017,5003
8,5004
878,5006
122,5009
104,5010
4725,5010
418,5011
2591,5011
1955,5012
4290,5012
2565,5014
364,5015
31,5016
195,5018
3789,5019
1523,5020
2631,5020
123,5021
2791,5022
224,5024
92,5025
746,5025
500,5026
1101,5028
1554,5030
2374,5030
2728,5033
151,5034
25,5035
125,5035
13,5036
992,5036
293,5039
92,5040
455,5040
142,5041
125,5044
2,5045
2142,5045
1,5046
549,5046
2643,5046
1168,5047
1092,5048
1405,5048
2785,5048
1633,5050
2520,5051
28,5052
293,5052
2061,5052
122,5053
4810,5053
2901,5054
1079,5056
4663,5056
4755,5056
6,5057
3674,5057
834,5058
32,5060
1384,5060
3986,5060
1425,5062
927,5063
13,5065
2276,5065
1913,5066
168,5067
0,5071
3669,5073
947,5075
1554,5076
4860,5078
935,5079
3661,5080
2002,5082
1375,5084
1869,5084
1149,5086
2403,5086
694,5087
0,5088
2920,5088
4033,5089
33,5091
930,5094
1119,5094
2359,5096
2454,5097
122,5101
2926,5101
4934,5101
2137,5104
3677,5104
681,5105
3109,5105
734,5106
1406,5106
1665,5106
2986,5106
320,5107
1255,5107
2423,5107
2984,5107
3881,5107
123,5108
4589,5108
4967,5109
4721,5110
445,5111
72,5112
167,5112
11,5113
25,5116
1622,5116
3893,5116
454,5117
4264,5117
1897,5118
1136,5119
256,5121
1216,5121
4971,5122
427,5123
60,5124
291,5125
1,5128
933,5130
2563,5130
2760,5130
3162,5130
1613,5131
746,5133
92,5134
3330,5134
4558,5134
4465,5135
178,5137
2472,5137
3197,5137
4115,5137
3813,5141
1482,5142
1897,5145
4778,5148
5020,5149
930,5151
2332,5151
148,5152
480,5153
3471,5153
1473,5155
20,5160
2986,5160
49,5161
535,5161
4279,5161
289,5162
3197,5162
4725,5167
145,5168
1751,5170
92,5171
1511,5173
5056,5173
367,5175
13,5178
778,5178
2565,5178
35,5180
140,5180
2424,5181
3303,5181
4469,5181
28,5182
1378,5182
235,5183
3333,5183
3184,5184
2044,5189
4992,5189
293,5191
13,5192
681,5192
3985,5192
4494,5192
3792,5193
44,5195
456,5197
134,5198
3796,5201
2891,5202
679,5203
778,5203
1216,5203
267,5204
114,5206
33,5207
589,5208
4698,5209
3554,5211
123,5212
2078,5214
425,5215
3713,5216
2403,5217
4281,5217
1248,5218
549,5219
3950,5220
221,5221
1355,5222
1554,5223
3731,5224
74,5226
3591,5226
3079,5227
779,5228
3172,5229
4619,5231
1288,5232
455,5233
4906,5233
57,5235
221,5237
4488,5239
788,5241
1713,5241
4676,5241
1,5243
92,5243
1842,5244
2561,5244
4535,5244
118,5245
721,5245
3674,5246
4949,5246
1125,5247
235,5249
546,5249
2369,5249
2403,5249
92,5250
847,5251
4025,5253
320,5254
967,5255
1456,5256
4483,5256
2701,5257
125,5258
2431,5259
3314,5260
55,5263
2238,5263
75,5264
140,5264
85,5265
1638,5266
1841,5267
1,5268
334,5269
263,5270
549,5271
202,5273
263,5273
3,5276
3124,5276
33,5277
3488,5277
4849,5277
44,5281
2194,5282
3701,5282
427,5284
5046,5286
55,5287
958,5290
3947,5290
804,5293
1767,5293
11,5297
3263,5298
28,5301
4948,5301
0,5302
2350,5304
18,5305
794,5305
2986,5305
4169,5306
2861,5307
150,5308
3460,5308
168,5309
902,5313
788,5314
178,5316
1571,5316
1689,5316
92,5317
125,5317
171,5317
3094,5317
1988,5319
226,5320
59,5321
2062,5321
3501,5322
3787,5322
426,5324
741,5329
3321,5329
692,5330
1436,5330
3803,5330
234,5332
934,5332
1286,5333
1553,5333
3705,5333
4408,5333
1216,5334
4776,5334
4864,5334
41,5336
4823,5337
383,5338
4823,5338
1830,5339
788,5342
1553,5343
3887,5344
2707,5345
2743,5345
454,5346
2358,5346
4672,5346
1678,5347
449,5348
2633,5348
529,5350
8,5351
502,5351
2215,5352
5216,5354
3730,5356
4990,5358
870,5359
4965,5360
131,5361
2257,5361
5162,5361
92,5362
1311,5362
4031,5364
5255,5365
462,5366
3189,5367
3234,5368
3947,5368
931,5369
4,5370
625,5371
664,5371
2438,5371
4465,5371
5045,5371
519,5373
5256,5373
2718,5374
4617,5374
131,5375
2550,5378
2918,5378
5040,5378
165,5379
2758,5382
31,5383
279,5384
1008,5384
1456,5384
536,5385
2403,5386
134,5387
702,5387
1,5388
321,5388
1100,5389
1781,5389
2901,5389
497,5391
2872,5393
57,5395
1221,5397
5130,5397
5334,5397
6,5398
3583,5399
464,5402
845,5402
26,5404
202,5404
69,5405
57,5406
3184,5406
263,5407
1405,5407
3168,5408
3675,5408
593,5409
2580,5409
1,5412
1105,5412
2400,5412
463,5413
4118,5413
5277,5415
969,5417
1016,5417
4518,5418
213,5420
253,5420
2494,5421
1902,5424
31,5425
4105,5425
2160,5426
3025,5428
1744,5430
90,5431
1980,5432
4029,5432
4349,5432
4929,5434
1378,5437
2651,5438
4342,5438
3681,5441
2070,5442
3383,5443
3857,5445
3389,5446
221,5447
5420,5447
4068,5448
4123,5448
935,5449
5417,5449
2059,5451
505,5452
3072,5452
1693,5453
4281,5453
789,5454
237,5456
305,5456
1251,5456
403,5457
2573,5457
4899,5457
1581,5458
390,5459
558,5465
4906,5465
1258,5466
3626,5466
1810,5467
1398,5469
1833,5471
1756,5475
1742,5476
5112,5476
74,5477
2888,5477
1325,5480
2828,5482
2657,5483
466,5484
1433,5484
1707,5484
5249,5484
2165,5485
5484,5485
3389,5487
1279,5490
2692,5490
1768,5492
33,5495
3184,5497
1,5498
2817,5498
1251,5500
13,5501
3919,5502
1226,5504
1810,5508
3190,5509
4021,5509
215,5510
3239,5512
2517,5513
2131,5514
4601,5514
2137,5515
2796,5516
1,5519
320,5519
32,5521
4185,5521
1507,5523
6,5526
502,5527
1458,5531
13,5533
255,5533
142,5537
3468,5537
4091,5539
3172,5541
3736,5541
3806,5541
4268,5541
1194,5543
776,5546
4219,5547
691,5548
3873,5548
28,5549
462,5549
6,5552
1437,5554
2137,5555
44,5556
3871,5558
683,5561
92,5562
891,5562
1168,5562
3870,5564
5193,5565
2937,5566
44,5567
1868,5567
4795,5567
3318,5572
4319,5572
1646,5575
3833,5575
2027,5576
4393,5576
2960,5577
5509,5577
137,5580
1133,5580
4635,5580
4858,5582
4,5584
131,5585
5086,5585
1805,5586
4180,5586
6,5587
145,5587
2335,5587
3909,5587
2202,5588
855,5589
453,5590
3714,5592
454,5593
1638,5594
797,5595
3593,5597
6,5598
13,5598
410,5598
869,5598
969,5598
3181,5600
59,5601
3037,5602
1258,5603
178,5604
2443,5604
969,5605
4755,5605
3803,5608
917,5609
1890,5609
1325,5613
2322,5613
1146,5616
35,5617
131,5618
563,5619
1,5620
279,5620
1008,5620
26,5622
455,5622
1280,5623
1311,5625
1779,5626
4982,5626
2711,5628
611,5629
4948,5629
519,5631
503,5632
680,5636
4154,5637
4682,5637
3,5638
261,5638
45,5639
137,5639
3288,5641
5016,5641
3619,5642
1100,5644
3490,5645
182,5646
114,5649
263,5650
3052,5650
3362,5650
1290,5653
2061,5653
178,5654
3335,5654
3609,5656
4178,5656
386,5657
1933,5658
3315,5659
2273,5661
2599,5662
3,5663
18,5664
578,5665
1795,5668
1506,5669
3526,5669
150,5671
3398,5671
160,5673
4277,5673
3668,5674
125,5676
1443,5677
170,5678
1258,5678
3389,5678
3926,5679
5256,5682
1,5687
60,5687
1035,5688
5457,5688
412,5689
777,5689
2800,5689
3394,5689
8,5690
3974,5690
4428,5690
584,5691
4762,5692
225,5693
692,5693
131,5696
2918,5697
1407,5698
1844,5698
537,5699
497,5700
3426,5700
21,5701
4835,5701
605,5703
85,5705
4927,5706
4106,5707
2791,5708
457,5710
669,5712
2191,5713
1333,5715
2285,5715
4535,5715
1030,5716
4437,5717
25,5719
5490,5719
3833,5720
3112,5725
390,5727
3303,5728
4393,5728
1566,5730
3140,5730
1984,5731
90,5732
31,5733
491,5733
4303,5733
4462,5733
309,5734
13,5735
2682,5735
33,5737
1640,5737
6,5739
2615,5739
5321,5739
4317,5741
1419,5742
2835,5743
11,5744
188,5746
1713,5746
2512,5747
694,5751
4458,5753
687,5754
3389,5755
2664,5756
74,5760
3965,5762
4393,5762
170,5763
2142,5763
55,5764
246,5765
2648,5766
2384,5768
5388,5768
2832,5769
2563,5770
729,5771
1506,5771
131,5774
839,5774
1254,5774
5057,5774
301,5776
187,5777
1,5778
927,5778
4225,5779
2,5780
1095,5780
3140,5780
60,5783
4528,5783
393,5784
2729,5784
2657,5785
3084,5785
92,5786
1398,5787
2743,5788
2796,5789
2457,5790
809,5792
393,5793
1633,5793
3596,5793
3795,5796
33,5798
928,5799
142,5800
510,5800
1039,5802
1,5803
2896,5803
1,5804
382,5806
1308,5808
3049,5809
522,5811
1562,5813
2061,5813
393,5814
3901,5815
1216,5817
178,5818
5256,5818
136,5820
178,5820
187,5821
3666,5823
59,5825
911,5825
4369,5825
120,5826
3318,5826
1054,5828
338,5829
145,5830
3285,5830
2115,5835
4950,5836
941,5837
3608,5838
140,5839
4635,5839
3793,5843
835,5844
789,5845
60,5847
3970,5847
457,5850
1142,5851
4698,5852
185,5853
4013,5853
3936,5854
733,5855
224,5856
3606,5857
3928,5858
75,5859
3345,5859
393,5860
6,5863
2785,5864
1649,5865
2271,5865
2279,5866
505,5867
16,5869
2575,5871
1135,5872
607,5874
982,5874
17,5876
5388,5876
90,5877
788,5878
4465,5878
49,5879
2926,5879
1,5880
992,5882
1176,5882
2412,5882
44,5883
279,5886
125,5887
1795,5887
3877,5888
692,5889
1278,5889
60,5890
464,5891
2401,5891
462,5892
2277,5892
2350,5894
2628,5894
3742,5894
245,5899
3436,5901
1391,5902
44,5903
3072,5903
85,5907
234,5907
131,5910
78,5912
499,5912
5876,5913
389,5914
777,5914
3098,5915
3232,5915
3345,5916
4465,5916
13,5917
202,5920
850,5922
5777,5922
2194,5923
4257,5923
5217,5924
1902,5926
3389,5927
462,5928
25,5929
39,5929
2731,5929
3873,5929
3584,5930
4246,5932
123,5933
3193,5934
4169,5934
1805,5935
193,5936
3484,5936
73,5938
2696,5940
5779,5940
4178,5941
131,5943
779,5945
3044,5945
189,5946
1217,5946
613,5947
1955,5947
4732,5947
1,5950
4308,5950
4317,5951
2325,5953
3468,5955
5256,5955
5,5958
683,5959
1489,5959
2219,5960
2324,5960
505,5961
716,5961
125,5964
5404,5964
2346,5970
441,5971
2053,5972
1829,5975
35,5976
1072,5977
9,5978
466,5979
1897,5979
1507,5980
369,5981
4866,5981
151,5983
150,5984
6,5987
3011,5987
90,5989
457,5989
5878,5990
5161,5992
339,5994
4825,5997
1536,5999
3806,5999
2359,6000
4878,6001
5541,6001
602,6002
1,6003
3364,6004
452,6006
960,6006
1908,6006
2940,6007
242,6008
2219,6008
3788,6009
698,6014
3234,6014
2091,6016
3508,6017
587,6018
5393,6018
1611,6022
2403,6022
4212,6022
2484,6023
1973,6024
2353,6024
158,6025
168,6026
612,6026
59,6027
811,6027
180,6028
91,6029
2557,6029
3501,6029
145,6030
1822,6031
136,6032
5637,6032
724,6033
3335,6033
1793,6037
999,6039
2775,6040
5882,6040
15,6041
383,6041
1176,6041
4603,6042
1093,6044
3271,6045
1518,6047
1559,6047
145,6050
2931,6050
334,6051
4495,6052
15,6053
409,6053
2861,6053
131,6054
2901,6056
2577,6057
151,6058
1,6060
4263,6060
4947,6061
441,6063
4762,6063
32,6065
1833,6065
497,6067
562,6068
4738,6068
2571,6070
145,6071
508,6075
3800,6075
5193,6075
72,6078
2231,6086
2124,6087
867,6088
263,6090
2055,6093
767,6094
1252,6095
1841,6095
2317,6096
488,6098
2662,6098
4314,6098
2657,6099
39,6100
285,6100
334,6100
26,6102
4320,6102
1389,6103
207,6104
1964,6104
2990,6104
1356,6105
2643,6105
17,6106
55,6107
3345,6110
18,6111
5566,6113
1,6114
1043,6114
1842,6116
1017,6117
11,6118
732,6118
951,6118
91,6119
2046,6119
4918,6119
221,6120
1435,6120
1750,6120
92,6125
1003,6127
445,6128
1521,6129
2346,6129
5598,6131
4243,6132
2458,6133
383,6136
869,6137
1482,6137
1224,6138
193,6142
544,6143
535,6144
85,6146
3342,6148
239,6149
1497,6150
4639,6151
3669,6152
2165,6153
1869,6154
125,6156
5638,6160
1342,6163
2417,6164
2468,6164
312,6167
510,6167
1183,6169
5698,6169
2035,6170
834,6171
921,6171
1927,6171
2,6173
2264,6173
6146,6175
3232,6176
2146,6177
390,6183
870,6183
3656,6184
1730,6185
2643,6185
5145,6187
778,6189
4429,6189
418,6191
4304,6193
5626,6194
5500,6198
5609,6199
21,6200
91,6200
3070,6200
1562,6201
3923,6201
687,6203
480,6207
168,6210
3246,6210
3477,6211
6024,6211
3943,6214
2512,6215
45,6217
2599,6217
1590,6220
4070,6220
251,6221
1507,6222
2501,6222
4268,6222
1870,6223
2158,6223
4380,6226
1554,6227
91,6228
6107,6228
37,6229
766,6229
28,6230
1151,6232
125,6233
818,6233
1008,6233
1133,6235
4,6237
37,6239
220,6242
4092,6242
5263,6242
470,6243
2470,6247
419,6250
3364,6251
55,6253
161,6253
613,6253
684,6254
1787,6254
3861,6256
4617,6257
2524,6259
1922,6261
178,6263
2484,6263
5223,6263
70,6264
2769,6266
4835,6268
5388,6268
1673,6269
279,6270
2084,6270
3249,6270
4755,6272
463,6273
3593,6273
207,6274
1324,6274
358,6279
4192,6280
611,6281
1010,6281
1846,6281
4319,6281
4960,6281
32,6282
158,6282
2,6283
125,6283
497,6283
1755,6285
2145,6285
1147,6286
2196,6286
2865,6286
3639,6286
537,6287
4864,6287
1824,6288
11,6289
1378,6290
3038,6290
4180,6291
5406,6292
33,6293
358,6298
13,6299
6087,6300
131,6302
1554,6302
2753,6302
723,6303
3620,6303
928,6304
5730,6305
3869,6306
5598,6307
4169,6308
267,6309
3898,6309
1940,6310
5333,6311
5662,6313
2444,6316
134,6318
1,6319
4261,6321
4264,6322
5217,6323
4956,6325
2735,6326
4674,6327
1398,6328
935,6330
215,6331
636,6331
1040,6331
2501,6331
948,6332
4776,6332
1251,6334
109,6335
1437,6336
2881,6336
3080,6337
587,6338
9,6339
1829,6339
1,6341
3020,6343
242,6344
903,6344
73,6346
168,6346
1032,6346
4341,6346
15,6347
140,6347
1169,6348
4697,6348
168,6349
1224,6349
1331,6350
3098,6350
11,6351
625,6351
3067,6351
6269,6351
1477,6352
2403,6358
4742,6358
39,6359
2901,6359
845,6361
2853,6361
3909,6361
1565,6362
1216,6364
1624,6368
334,6369
1247,6371
2853,6372
371,6373
4098,6374
4120,6374
114,6375
263,6377
13,6378
3338,6379
3476,6379
6022,6379
1922,6380
4762,6380
4221,6381
6100,6382
4029,6384
3277,6386
1130,6387
2086,6387
3401,6388
2431,6389
5981,6389
4031,6390
2145,6391
3058,6392
694,6393
1226,6394
3639,6394
26,6395
4601,6395
221,6396
3058,6396
339,6399
2657,6399
3184,6400
4006,6400
2142,6401
3793,6403
2963,6404
4212,6404
6,6405
220,6405
403,6405
278,6407
1507,6407
256,6408
5046,6409
863,6411
669,6412
558,6413
3909,6413
997,6415
5699,6416
5245,6417
1394,6418
188,6419
612,6419
2,6420
2520,6421
884,6422
2565,6422
371,6423
6309,6423
13,6424
4053,6424
4331,6425
140,6426
151,6428
1524,6429
2628,6429
142,6430
2777,6431
2357,6432
3168,6432
1,6433
480,6433
723,6433
25,6437
6,6438
767,6438
1280,6439
5580,6440
20,6442
150,6442
2431,6443
18,6444
778,6444
4418,6444
2002,6445
4675,6445
684,6446
4418,6447
2368,6448
18,6450
2445,6451
6350,6451
246,6454
70,6455
15,6456
1841,6456
3501,6456
4605,6460
4342,6461
5106,6461
730,6462
1,6463
180,6463
2164,6463
40,6466
461,6467
332,6468
519,6469
4373,6472
3985,6473
1461,6475
2303,6475
5116,6476
1136,6478
3052,6478
4586,6479
6392,6479
1356,6481
4475,6481
207,6483
123,6486
4686,6490
6404,6490
1226,6492
3394,6492
5,6493
203,6493
931,6493
3806,6493
2438,6494
3410,6494
6280,6497
20,6500
4967,6500
437,6502
1611,6504
911,6506
263,6511
2266,6513
220,6514
3265,6514
255,6515
732,6515
5124,6516
1258,6517
6418,6517
18,6518
44,6518
2753,6518
74,6522
1784,6523
1765,6524
564,6525
1333,6525
2597,6526
1083,6527
902,6528
1759,6529
15,6530
3,6532
3,6534
2773,6535
8,6538
18,6539
455,6539
5477,6539
400,6541
151,6542
300,6547
4238,6548
25,6550
156,6550
2986,6550
3615,6551
902,6552
6253,6553
151,6554
531,6554
1928,6556
6490,6556
5348,6559
4499,6560
82,6561
1951,6562
3636,6562
55,6565
1858,6566
1912,6568
74,6569
5891,6569
613,6570
2384,6571
4860,6572
1049,6573
4430,6573
5521,6573
384,6575
4041,6577
151,6579
1280,6579
3871,6579
4783,6579
1732,6582
28,6583
2120,6583
5046,6583
6423,6588
136,6589
863,6590
4956,6590
6,6592
24,6592
500,6595
4545,6595
4644,6598
69,6599
1922,6600
32,6602
57,6602
4771,6603
1079,6604
564,6605
1771,6605
1931,6606
6264,6606
778,6607
1851,6607
885,6609
2896,6609
4649,6610
1,6613
3090,6613
1017,6614
1329,6615
497,6616
72,6619
462,6619
3039,6622
3271,6623
3854,6623
4644,6623
1829,6626
1419,6628
5286,6628
1518,6629
466,6630
15,6635
2770,6637
114,6638
0,6639
215,6639
4758,6639
4,6641
167,6642
4994,6643
5109,6644
5217,6644
3170,6645
555,6646
1174,6646
3256,6646
6017,6647
167,6648
378,6648
6053,6649
847,6650
485,6651
911,6651
3583,6651
72,6652
2030,6652
2732,6652
4,6653
125,6654
6610,6655
295,6656
4316,6656
201,6658
4197,6658
43,6660
1394,6660
5409,6660
1133,6661
3,6664
400,6664
2219,6666
6253,6666
167,6667
41,6668
4373,6668
2325,6669
3069,6669
13,6671
1437,6671
1254,6673
125,6675
2965,6675
6348,6679
1017,6680
544,6681
4503,6685
595,6687
1271,6690
3289,6691
3965,6692
5305,6694
118,6695
256,6696
1101,6696
4107,6696
168,6697
3619,6700
5653,6700
935,6701
1111,6701
3226,6703
2938,6705
1241,6706
1473,6706
5821,6708
55,6709
5809,6709
4342,6710
69,6713
178,6714
6511,6714
1185,6716
297,6717
4934,6718
3189,6719
1,6720
5016,6722
2331,6723
1136,6727
4588,6727
891,6728
499,6729
5173,6729
5961,6729
1618,6730
140,6731
178,6731
1052,6731
5118,6731
72,6732
92,6734
371,6734
4308,6734
3944,6735
229,6736
427,6737
416,6738
1515,6738
2,6739
263,6739
296,6739
6128,6739
4470,6741
1183,6743
2369,6744
3332,6745
1589,6746
4001,6746
4492,6746
187,6747
502,6747
2114,6749
72,6750
1119,6750
718,6752
5940,6752
1644,6753
5465,6753
1973,6754
3608,6755
5106,6755
3782,6756
1846,6757
6714,6757
140,6758
355,6758
203,6760
358,6761
558,6761
6263,6761
3289,6762
3564,6762
664,6763
2229,6764
1,6766
686,6766
2,6767
55,6767
2557,6767
3547,6767
1635,6768
362,6773
2565,6773
4831,6778
2238,6779
2732,6783
4449,6783
125,6785
746,6785
1923,6785
769,6786
6785,6786
32,6788
334,6788
2631,6789
3017,6790
3216,6790
505,6791
371,6792
2408,6793
3383,6793
4013,6793
4814,6793
67,6796
2220,6796
147,6797
263,6797
429,6797
90,6798
3636,6799
455,6801
1021,6801
13,6803
2957,6803
17,6804
321,6806
129,6807
4068,6807
1048,6808
612,6809
916,6810
2086,6811
3411,6811
947,6812
3335,6812
850,6815
935,6818
4848,6818
114,6819
170,6819
6423,6819
737,6820
4059,6820
5825,6820
1941,6821
6492,6821
1279,6824
2433,6825
462,6826
307,6831
1842,6831
2062,6833
2346,6833
3998,6833
5654,6834
5915,6834
6490,6835
4363,6837
1,6838
1299,6840
5902,6840
6146,6840
1624,6841
142,6842
267,6842
418,6843
4642,6845
3143,6849
3383,6850
246,6851
5425,6853
33,6854
6570,6854
2806,6855
4014,6855
859,6856
2062,6856
4429,6856
3795,6858
4373,6858
4698,6858
2,6859
35,6859
3058,6859
4637,6859
1428,6861
3673,6861
903,6865
143,6867
3399,6867
1254,6868
32,6872
621,6872
0,6873
28,6873
5301,6873
5305,6873
856,6874
3871,6874
33,6876
1035,6878
6444,6878
6479,6878
234,6879
945,6879
3038,6882
3594,6885
5241,6888
2,6890
2030,6890
6057,6892
2359,6896
4906,6896
0,6900
4260,6901
1754,6902
3881,6903
4021,6903
3209,6904
146,6908
6451,6908
4948,6909
4429,6914
4622,6914
355,6915
28,6916
430,6916
178,6917
6812,6917
220,6918
332,6918
1176,6918
5161,6918
692,6921
2498,6921
15,6923
927,6924
1406,6924
1633,6926
6026,6926
3172,6927
5811,6927
1070,6929
3274,6932
5837,6932
4342,6933
546,6934
5889,6935
1136,6937
4225,6937
461,6939
1770,6939
6096,6939
6571,6939
2561,6940
125,6941
6,6942
157,6942
6445,6942
129,6944
692,6944
1673,6944
787,6947
1280,6947
1480,6948
472,6950
4892,6950
2744,6951
3501,6951
145,6954
337,6955
156,6956
4246,6956
761,6958
6018,6959
2030,6960
3588,6960
3114,6961
5845,6962
75,6963
1055,6964
73,6965
242,6966
354,6966
6359,6966
2091,6967
1136,6969
535,6970
6444,6973
2271,6974
6242,6974
681,6977
2643,6977
474,6980
2083,6981
3335,6982
2150,6983
3429,6983
125,6986
2651,6986
3069,6986
3436,6986
2250,6987
1030,6990
1952,6990
3923,6991
364,6992
74,6993
203,6993
1829,6994
744,6995
2707,6995
3180,6995
5193,6995
3714,6996
1632,6998
3058,6998
4317,6998
25,6999
1061,6999
2470,6999
2644,6999
2083,7001
4568,7001
2024,7003
417,7009
1912,7012
2200,7012
8,7013
2142,7013
2481,7014
3271,7014
995,7015
497,7016
678,7019
221,7020
320,7020
0,7021
2598,7021
4326,7023
510,7025
32,7027
182,7029
193,7031
1271,7032
5263,7032
6701,7033
1954,7034
2247,7034
3232,7035
145,7036
3973,7037
225,7039
2444,7039
685,7042
57,7045
263,7046
1881,7047
3375,7047
5838,7047
3265,7048
238,7049
804,7049
1719,7049
4783,7049
300,7050
861,7050
221,7052
1135,7053
2890,7053
1636,7055
3854,7055
3988,7056
5273,7056
8,7058
497,7060
5961,7060
1375,7062
4,7063
743,7065
4234,7065
2109,7067
6,7068
1847,7069
4038,7070
85,7074
280,7075
1152,7075
441,7076
683,7077
5669,7077
6793,7078
18,7079
683,7079
3584,7079
3401,7080
32,7081
355,7081
5424,7082
6473,7082
1993,7084
270,7085
818,7085
1718,7087
3172,7087
4580,7087
140,7088
1629,7091
975,7092
188,7093
445,7093
5063,7093
267,7094
1554,7094
3844,7094
6599,7094
4142,7095
5040,7098
4074,7100
643,7101
544,7102
177,7105
5598,7105
3988,7106
18,7109
2147,7110
1055,7111
5999,7111
125,7113
767,7114
1553,7114
4012,7115
6227,7117
1267,7118
1566,7118
1185,7119
3501,7120
246,7122
315,7123
3819,7123
4960,7123
3460,7126
2440,7128
2833,7128
3155,7128
5784,7128
4586,7130
2550,7134
4269,7134
146,7135
305,7135
4141,7137
510,7138
1554,7138
72,7141
150,7141
2444,7141
243,7142
3607,7142
481,7143
1982,7144
137,7145
1524,7145
3608,7145
4706,7145
1043,7147
1027,7151
2571,7151
3493,7151
31,7153
535,7153
692,7153
3274,7155
31,7157
92,7159
1396,7159
3346,7159
1425,7160
960,7162
2115,7163
3077,7164
1626,7166
1180,7167
131,7169
2231,7169
5958,7169
3769,7170
3871,7170
6185,7170
1673,7171
2986,7172
5321,7175
2830,7176
1407,7177
959,7178
5048,7178
3265,7180
151,7181
161,7181
483,7181
2974,7181
3,7182
474,7182
1833,7182
3767,7183
5333,7183
3584,7184
426,7186
4518,7186
3936,7187
6995,7188
121,7190
1673,7190
199,7193
6116,7194
1742,7195
49,7196
1656,7196
3,7197
55,7197
2577,7197
5329,7198
1306,7199
6303,7199
2520,7201
1108,7202
1782,7203
4510,7204
256,7206
580,7206
797,7209
2459,7211
5216,7211
999,7213
1220,7213
612,7214
1911,7214
3795,7215
188,7216
4225,7219
4490,7219
9,7220
3349,7220
328,7222
3427,7226
425,7227
1665,7231
2333,7233
4572,7233
178,7236
3892,7237
2776,7238
5,7239
4675,7240
25,7241
4382,7241
5688,7242
911,7243
220,7244
2882,7244
6669,7245
861,7246
1817,7246
1632,7247
2858,7247
109,7249
3246,7252
203,7253
1231,7253
5316,7253
7021,7253
1,7257
5747,7259
1276,7260
5045,7260
5692,7260
1347,7265
2049,7265
4306,7265
201,7269
1751,7269
6322,7269
1924,7274
1137,7275
1786,7276
4105,7276
694,7277
3,7280
57,7280
5587,7280
131,7282
2198,7282
2457,7282
5598,7282
1269,7283
5669,7284
2400,7286
3645,7286
202,7289
1064,7291
4,7292
1594,7293
3056,7293
3385,7293
3482,7293
432,7298
732,7298
1318,7299
3773,7299
6052,7299
7153,7299
6,7300
2074,7300
5567,7303
1,7304
464,7307
1325,7310
6396,7312
605,7314
633,7316
4956,7317
457,7322
3681,7322
1437,7325
3085,7325
4531,7325
15,7326
59,7326
1176,7326
1758,7326
18,7328
109,7328
4465,7328
684,7329
3052,7329
6004,7329
267,7332
31,7336
777,7336
1447,7336
2357,7336
246,7337
4329,7337
122,7338
1744,7339
911,7340
7065,7341
6937,7343
1673,7346
6793,7346
1773,7347
2682,7350
5943,7351
5809,7354
0,7357
291,7357
5277,7357
147,7362
1226,7362
6302,7362
5256,7363
5361,7363
3921,7364
6440,7364
1072,7368
1342,7369
1651,7371
3020,7371
246,7372
480,7372
6348,7374
145,7375
151,7375
252,7375
32,7376
3875,7376
4341,7376
445,7377
3314,7378
125,7381
20,7382
1565,7382
5260,7382
359,7385
73,7386
2651,7386
5802,7387
5407,7388
4572,7390
455,7392
6211,7392
146,7394
3296,7394
921,7396
1188,7396
1761,7396
131,7400
1215,7400
415,7401
1172,7404
131,7405
1456,7407
5184,7407
33,7408
92,7408
1233,7408
264,7409
3861,7410
140,7411
383,7411
650,7411
2030,7411
2039,7411
880,7412
1996,7414
2400,7414
5264,7414
741,7415
3669,7415
5112,7415
158,7416
390,7419
2901,7419
177,7420
3868,7421
6664,7421
816,7423
305,7424
941,7425
1633,7425
6472,7425
5106,7426
0,7427
4849,7427
59,7429
779,7429
904,7431
7325,7431
136,7432
6890,7432
7265,7432
584,7433
1396,7435
6944,7436
291,7438
464,7438
418,7439
1279,7440
720,7442
1846,7442
3646,7443
1610,7444
5336,7444
4676,7445
564,7446
41,7449
4085,7455
1986,7456
4951,7458
4907,7459
1682,7460
2,7461
6550,7461
3322,7462
499,7463
1943,7463
2907,7464
576,7465
1231,7465
796,7466
3309,7468
1646,7469
267,7470
92,7471
125,7471
1795,7471
724,7472
3072,7472
1751,7475
7170,7476
6793,7477
85,7479
3234,7479
5058,7485
6347,7485
2460,7486
13,7487
441,7487
2570,7487
418,7488
4331,7488
4533,7488
6163,7488
1450,7489
2329,7489
6322,7490
1504,7491
1048,7494
852,7496
5062,7497
5521,7498
472,7499
3848,7499
386,7500
168,7501
1897,7501
3141,7501
5405,7501
28,7503
187,7503
1355,7507
885,7508
3597,7508
4891,7509
3348,7512
3643,7512
48,7514
6071,7515
44,7516
650,7516
1442,7518
2219,7518
423,7520
2061,7520
3090,7521
7496,7521
5361,7522
1235,7523
2,7526
6709,7526
6095,7528
3362,7529
1405,7530
5755,7533
1602,7536
2776,7536
4959,7536
6017,7537
3564,7538
378,7540
60,7542
441,7542
7300,7543
2179,7546
33,7548
2847,7548
17,7549
2769,7549
6261,7550
3741,7551
1180,7552
5465,7552
2359,7553
2657,7553
7526,7555
168,7559
4783,7559
1,7562
2,7562
125,7562
776,7563
6189,7563
443,7564
621,7564
5110,7564
2621,7566
6222,7567
846,7570
13,7573
911,7573
32,7575
538,7575
3307,7575
6475,7575
6,7576
613,7578
2777,7578
5650,7579
7119,7580
73,7582
692,7582
7109,7583
48,7584
1709,7584
441,7586
4980,7587
7578,7587
2091,7590
2872,7590
2357,7591
5391,7592
6227,7593
269,7595
2529,7596
485,7597
5035,7597
1784,7599
4465,7600
6348,7600
125,7603
4084,7603
272,7606
704,7606
28,7607
850,7607
869,7607
2457,7608
4476,7609
4755,7609
5878,7610
39,7613
1730,7613
6462,7614
1,7616
4796,7617
681,7620
692,7620
834,7620
1072,7620
3112,7621
767,7622
989,7622
279,7623
2484,7623
777,7627
7260,7628
1842,7631
432,7632
4576,7632
55,7633
733,7637
3898,7637
143,7638
3190,7638
6746,7640
698,7641
3017,7641
3887,7641
1293,7642
3881,7643
684,7644
3155,7644
178,7645
716,7647
2894,7647
5264,7650
441,7651
3761,7651
188,7654
2182,7654
5448,7655
4732,7658
57,7665
1064,7665
4827,7666
732,7667
3593,7667
2826,7668
4400,7668
7070,7668
1241,7669
125,7672
1325,7672
202,7673
6937,7673
145,7675
861,7677
60,7678
889,7681
5119,7682
792,7683
2449,7683
5700,7684
2194,7689
140,7690
158,7690
1073,7690
462,7691
410,7692
872,7692
217,7693
7563,7693
39,7694
142,7694
4337,7694
4436,7694
823,7696
479,7702
1032,7702
716,7703
1420,7705
1235,7706
2,7708
11,7709
5266,7713
7666,7713
2771,7714
3259,7714
3628,7714
6095,7714
2996,7716
4544,7720
145,7722
779,7722
1945,7722
2142,7723
4397,7723
2331,7724
8,7725
4899,7725
6442,7725
280,7726
1725,7726
3950,7727
5742,7728
403,7729
3193,7730
1651,7731
4084,7731
2570,7732
479,7734
995,7736
3988,7738
4990,7739
1398,7740
3132,7743
13,7744
131,7744
339,7744
196,7746
7274,7746
580,7747
956,7747
1546,7747
224,7749
5216,7749
4603,7750
5173,7750
263,7753
35,7755
427,7755
2524,7755
4641,7755
7222,7755
512,7756
4074,7756
143,7757
7427,7757
4162,7758
7203,7759
4587,7760
5389,7760
826,7761
123,7762
1371,7762
291,7765
911,7766
3044,7767
7436,7767
491,7768
90,7771
2712,7771
5889,7771
4400,7772
168,7773
6136,7773
3112,7777
15,7779
1458,7779
1770,7779
359,7781
25,7782
41,7782
90,7782
669,7782
5646,7782
3877,7784
788,7785
1511,7785
429,7786
823,7789
1946,7790
3617,7790
44,7791
1323,7792
2334,7793
53,7798
4084,7798
2182,7799
4364,7799
3106,7800
718,7801
1515,7801
1035,7802
470,7806
3302,7808
5133,7808
1216,7809
3038,7809
6386,7809
7808,7809
74,7810
2957,7810
2,7811
120,7811
427,7811
5373,7813
144,7814
7408,7815
4339,7816
13,7817
5162,7817
2103,7819
817,7820
2433,7820
3332,7821
3544,7825
6429,7828
447,7829
5447,7829
1844,7830
4465,7830
6053,7830
6250,7830
69,7835
5514,7836
1933,7837
362,7838
2588,7838
461,7840
5,7841
3204,7842
2543,7845
44,7847
6926,7847
35,7849
1136,7850
187,7851
11,7853
145,7853
1407,7853
4698,7853
3804,7854
1689,7857
683,7860
6734,7860
3800,7861
6409,7861
0,7862
2322,7862
1279,7863
1168,7864
291,7866
5946,7866
18,7868
5286,7868
501,7870
3094,7871
157,7873
4578,7874
5260,7874
2,7877
2708,7877
605,7878
37,7879
733,7879
3594,7879
792,7881
75,7882
869,7883
1185,7883
2938,7883
355,7884
1325,7884
2901,7885
5286,7886
6528,7886
737,7888
1378,7889
1553,7889
355,7891
59,7893
125,7894
1841,7894
5124,7894
383,7895
741,7895
1677,7895
1,7896
7845,7896
2729,7897
2814,7898
4001,7898
7678,7898
3038,7899
1838,7901
3993,7901
287,7902
1562,7902
676,7903
2650,7903
53,7904
2273,7905
1057,7912
55,7913
1602,7913
1638,7916
47,7918
3950,7919
4393,7919
7912,7919
383,7922
400,7922
403,7922
3593,7923
92,7924
2052,7924
650,7926
7316,7926
2514,7928
2573,7928
7479,7928
3579,7929
7658,7929
371,7930
480,7932
1,7933
146,7933
3716,7933
5958,7933
1,7935
1280,7936
6150,7937
2101,7939
437,7942
4490,7943
2305,7946
272,7947
564,7947
403,7948
6022,7951
6783,7951
378,7952
930,7952
2198,7953
1746,7954
4260,7956
952,7959
6933,7959
13,7960
1395,7963
5587,7964
2112,7965
6413,7965
1286,7966
7421,7966
2,7967
131,7968
182,7969
1,7970
1653,7972
2740,7972
156,7973
1370,7974
2964,7976
143,7979
2150,7980
2799,7980
182,7981
3793,7982
558,7983
2160,7986
2221,7986
332,7989
531,7990
6104,7991
3573,7992
96,7993
869,7994
2123,7995
3863,7996
13,7998
1912,8001
6,8002
2808,8002
5946,8002
1400,8005
7317,8006
5217,8008
2355,8009
74,8012
2578,8012
6450,8012
270,8016
1083,8016
7716,8019
4776,8020
1,8024
7479,8025
151,8026
3209,8028
5785,8028
221,8030
1761,8030
5877,8030
151,8032
234,8032
1092,8032
2179,8032
1858,8033
1635,8034
3769,8034
3296,8036
49,8038
2164,8038
3399,8038
7980,8039
1133,8040
4204,8040
4776,8040
698,8041
3898,8041
170,8043
78,8044
7214,8045
21,8047
6944,8047
3,8048
4225,8048
6960,8049
4238,8050
4818,8051
6350,8051
3313,8052
3496,8052
1738,8054
3,8055
1136,8055
1715,8055
238,8057
18,8058
7070,8059
1431,8060
2363,8062
213,8063
3146,8065
4831,8065
5370,8066
1308,8068
5040,8068
362,8070
6332,8070
1,8072
4639,8072
1161,8074
1640,8074
3699,8074
13,8076
1635,8076
7233,8079
60,8080
2,8082
2580,8082
32,8083
158,8083
168,8083
612,8084
827,8086
4990,8086
320,8087
188,8088
1010,8088
1016,8088
2137,8088
4119,8089
7573,8089
59,8090
3364,8090
1072,8094
17,8097
683,8097
1785,8097
7198,8097
7538,8097
2767,8098
78,8099
90,8099
659,8100
3833,8100
6623,8100
463,8101
3802,8101
549,8102
2,8103
4082,8104
7062,8104
2826,8105
7357,8106
18,8107
535,8107
1795,8107
168,8108
499,8108
2753,8110
5715,8110
1790,8113
2122,8114
3979,8114
1896,8115
542,8116
951,8117
5006,8118
613,8121
1049,8121
1908,8123
4755,8126
4331,8127
177,8128
4718,8129
5946,8129
151,8131
207,8131
85,8132
3275,8132
1044,8133
478,8134
2160,8134
5317,8134
8057,8134
3198,8135
3636,8135
5040,8137
5212,8137
4510,8140
4762,8142
5128,8143
2538,8144
1349,8145
4166,8145
7282,8148
1499,8149
104,8150
2032,8150
7386,8151
2203,8152
2896,8152
28,8154
1693,8156
41,8158
1935,8161
3988,8162
7677,8164
256,8166
6472,8166
7508,8166
2202,8167
11,8168
2862,8168
6514,8169
997,8170
55,8171
4465,8174
5700,8174
6193,8175
1044,8178
33,8179
6253,8179
33,8181
5958,8182
3621,8183
2329,8184
3795,8184
17,8187
59,8188
558,8190
2341,8191
4686,8192
607,8193
796,8193
6,8194
17,8194
1659,8196
5425,8202
1770,8204
4119,8204
151,8206
151,8207
5509,8207
5107,8208
6542,8208
1,8209
1387,8209
7364,8209
683,8210
4308,8210
4849,8210
1039,8211
2571,8211
5637,8211
1992,8213
3607,8213
6,8214
59,8215
3676,8215
297,8216
3786,8216
3877,8216
1765,8218
1133,8219
3970,8219
848,8221
5934,8221
540,8223
3806,8223
2022,8224
2108,8224
5080,8224
7538,8224
6223,8225
3818,8226
4705,8226
4316,8228
540,8229
4982,8229
928,8230
2537,8230
3875,8230
90,8232
870,8235
875,8236
6820,8236
3,8238
33,8241
8229,8241
564,8243
1048,8243
1633,8243
850,8244
5567,8247
4180,8250
2952,8253
3025,8253
1093,8254
5629,8255
26,8256
5960,8257
3373,8258
2,8259
6831,8260
2903,8262
4744,8262
4833,8262
484,8263
2578,8263
3209,8264
168,8266
4601,8268
60,8269
246,8270
402,8270
1116,8271
3792,8271
7582,8272
86,8276
3263,8276
4455,8278
3947,8279
25,8281
683,8281
6538,8281
43,8283
7471,8283
1,8286
3946,8287
4268,8287
7668,8289
441,8290
6290,8290
1756,8291
151,8292
1598,8292
4417,8292
1,8293
418,8293
3086,8295
2,8296
131,8298
474,8298
999,8300
3314,8300
28,8302
215,8302
6163,8302
168,8303
737,8303
7637,8303
4,8304
1973,8306
4408,8307
4173,8309
7102,8309
895,8311
5048,8312
5593,8312
1251,8313
3345,8313
3754,8313
2524,8314
6456,8314
6222,8315
1050,8318
723,8319
1651,8321
2864,8321
32,8323
1795,8326
1444,8329
6916,8330
3274,8332
7922,8332
57,8333
2445,8336
874,8337
933,8337
3360,8337
7238,8338
1554,8339
4945,8339
7668,8339
1632,8340
1878,8340
4286,8340
131,8341
2565,8341
3358,8341
1763,8342
1010,8344
1476,8344
2640,8344
4097,8346
3778,8347
7312,8348
255,8349
1,8351
35,8351
5398,8354
5469,8356
49,8357
497,8357
26,8359
7515,8360
4825,8361
6987,8362
1064,8363
8041,8363
3947,8366
8107,8366
692,8367
145,8368
2913,8369
383,8371
4499,8371
5046,8371
828,8372
6394,8373
7052,8375
7926,8376
2055,8377
2707,8378
202,8381
1441,8383
4644,8384
74,8386
4909,8387
1,8388
564,8391
2201,8391
142,8394
439,8394
4835,8395
3923,8398
1771,8400
441,8401
1337,8401
74,8403
4672,8406
354,8408
959,8408
2369,8408
7982,8409
2918,8410
3020,8410
4050,8411
4331,8411
1100,8412
2173,8412
91,8413
1793,8413
3002,8415
6939,8415
7213,8415
7491,8415
1708,8416
5373,8416
970,8419
5217,8419
1608,8420
6426,8420
8337,8421
301,8422
3090,8422
3932,8422
6336,8422
320,8426
1559,8426
5133,8426
2565,8427
3209,8428
755,8429
1023,8430
1384,8430
256,8431
3741,8434
999,8436
1955,8436
140,8439
4428,8439
140,8440
147,8440
7160,8441
1594,8446
2438,8446
8097,8446
31,8450
607,8450
5282,8450
1992,8451
4603,8451
4729,8453
3155,8454
125,8455
5218,8455
8207,8456
5910,8457
4732,8458
1476,8459
1846,8459
542,8460
789,8460
4858,8460
234,8461
7386,8461
332,8462
3323,8462
4617,8463
6947,8463
143,8465
261,8465
320,8465
1897,8465
308,8466
1630,8466
5364,8466
4341,8468
7219,8468
874,8469
692,8470
1017,8472
2194,8472
3175,8472
1331,8474
1050,8475
1507,8475
5105,8475
7357,8475
2862,8476
7170,8479
1,8480
37,8481
691,8482
2439,8484
648,8485
11,8486
2059,8486
3726,8486
6729,8486
2202,8487
2395,8488
7339,8488
18,8489
189,8489
91,8490
7009,8491
4206,8493
7093,8493
605,8494
1084,8494
26,8495
1760,8495
2070,8495
3931,8496
4906,8496
1251,8497
1678,8497
1826,8499
8465,8499
1651,8500
18,8502
43,8502
4824,8502
15,8503
203,8503
3897,8504
109,8505
3117,8506
3961,8512
4256,8512
1161,8515
5465,8515
616,8518
8229,8518
2937,8519
4572,8522
5373,8522
1964,8525
2891,8525
120,8526
44,8527
2296,8528
148,8529
305,8529
499,8529
15,8530
74,8530
1742,8532
8462,8533
2663,8537
2350,8538
4400,8538
2758,8540
6607,8540
445,8542
3620,8542
1581,8543
5161,8543
134,8546
405,8546
5876,8546
136,8549
2104,8554
11,8555
1127,8555
6298,8555
7196,8555
35,8556
1594,8557
4762,8557
378,8558
558,8558
997,8558
2776,8559
2853,8559
45,8560
3611,8560
1044,8561
6,8563
519,8563
220,8567
2682,8567
67,8568
1,8570
643,8570
827,8571
2101,8571
2602,8572
6017,8573
5245,8574
1209,8576
1910,8577
7135,8577
7276,8577
43,8579
955,8582
7456,8582
8030,8583
7650,8584
3932,8585
125,8586
2926,8588
5725,8590
57,8591
7895,8593
221,8594
3562,8594
7810,8597
4698,8598
5964,8598
8207,8598
999,8600
4103,8600
871,8602
8116,8602
267,8603
5989,8603
1,8604
2467,8605
884,8607
6761,8607
8319,8608
2317,8612
8430,8613
4,8614
3940,8616
669,8619
4586,8619
6746,8619
323,8621
690,8621
1331,8621
7587,8624
67,8626
1742,8626
2326,8626
2707,8626
3818,8627
754,8628
4105,8628
870,8629
6539,8629
5255,8631
5587,8632
7728,8632
44,8633
580,8634
2384,8634
1640,8636
3052,8636
75,8638
134,8638
608,8639
2826,8640
6793,8640
296,8641
1656,8643
1955,8644
3159,8647
1047,8650
263,8651
403,8651
470,8652
2778,8652
91,8653
136,8653
1943,8653
6993,8653
20,8656
6017,8656
2933,8657
4639,8658
3673,8660
1790,8663
2588,8663
2984,8663
4643,8663
44,8665
3601,8665
7725,8665
2084,8666
4399,8666
930,8668
3650,8668
2103,8669
4554,8669
6143,8669
131,8670
1248,8670
725,8671
4317,8671
8116,8671
125,8672
4663,8672
2550,8674
35,8675
2219,8676
2507,8679
6963,8679
1624,8680
291,8682
1,8683
1380,8686
120,8687
7034,8688
1447,8689
136,8690
441,8691
35,8692
537,8692
5151,8692
18,8693
2957,8694
8,8695
1142,8696
2103,8696
5256,8696
45,8699
1136,8700
5780,8700
6995,8701
455,8703
3970,8705
8313,8706
448,8707
4969,8710
4948,8711
2191,8713
1084,8714
821,8715
6290,8715
4308,8716
123,8717
1719,8717
3738,8717
687,8722
5951,8722
6583,8723
463,8724
151,8725
145,8727
5447,8727
4,8729
869,8729
4246,8731
150,8732
1946,8733
3058,8733
74,8735
1975,8736
213,8737
239,8737
1638,8737
2961,8737
4317,8737
2545,8738
6138,8738
1850,8739
766,8742
827,8742
2160,8742
1952,8743
291,8744
5786,8745
33,8747
1166,8747
5844,8748
7879,8750
1,8752
1522,8752
741,8753
5597,8753
6783,8753
5203,8754
8164,8754
74,8755
1,8756
3234,8756
8419,8757
263,8758
8020,8758
5035,8762
57,8763
339,8764
4914,8765
895,8768
2931,8768
427,8769
1371,8770
5184,8772
15,8773
2325,8773
679,8774
1,8775
4951,8775
6856,8775
4,8779
7282,8780
1064,8782
2729,8783
5946,8783
1,8784
1829,8784
3386,8785
3468,8787
3972,8788
1838,8792
6635,8795
3348,8796
7012,8796
167,8797
3637,8798
3822,8801
3327,8802
28,8803
388,8803
168,8805
279,8805
8555,8806
6,8809
256,8810
2886,8812
5808,8812
5649,8815
754,8817
2284,8817
272,8820
3866,8821
686,8823
1136,8824
1844,8824
3153,8824
5779,8824
6042,8824
2777,8825
73,8827
8264,8828
6652,8829
3927,8830
1104,8832
6305,8833
140,8834
1566,8835
2537,8835
5091,8835
5409,8835
307,8836
3288,8836
5671,8836
537,8837
4178,8837
618,8838
3881,8839
6087,8844
1406,8845
4587,8846
6856,8846
332,8847
15,8848
109,8848
6017,8848
2364,8849
1400,8851
3246,8851
43,8853
5258,8853
5465,8853
795,8854
167,8857
2918,8857
3079,8857
0,8858
5018,8858
3385,8859
37,8860
3871,8860
202,8861
92,8865
4519,8865
807,8866
5344,8867
8062,8868
8626,8868
171,8872
685,8872
1286,8872
4457,8872
55,8873
371,8878
6298,8878
8002,8879
2374,8880
140,8881
804,8881
3698,8882
28,8883
1594,8884
1451,8885
1956,8885
2196,8885
2101,8886
993,8887
3175,8889
3962,8891
4047,8891
6547,8892
3299,8893
332,8897
6729,8898
3688,8900
4029,8901
26,8902
3721,8902
7126,8903
33,8904
646,8904
1396,8904
2901,8904
7521,8904
8631,8904
32,8906
319,8907
478,8908
455,8909
723,8909
168,8910
671,8911
5207,8911
121,8914
7237,8916
3751,8917
13,8920
33,8920
1461,8921
7488,8921
7553,8922
6,8923
930,8927
6878,8927
57,8928
4296,8928
4525,8928
33,8929
963,8930
2933,8932
5492,8932
58,8933
261,8933
1,8934
9,8935
4092,8935
6138,8935
8263,8936
91,8938
432,8938
7415,8940
1,8941
3691,8942
85,8943
593,8943
2380,8943
3602,8944
6840,8946
4465,8948
1738,8950
1554,8952
1773,8952
4663,8952
1419,8956
13,8958
7877,8959
563,8961
4959,8961
3867,8962
6144,8962
8314,8962
1554,8964
383,8965
2,8967
5490,8967
131,8969
1136,8971
3496,8971
6187,8971
4256,8973
4417,8973
1,8976
3271,8977
1644,8979
15,8981
2353,8981
538,8982
2275,8982
1136,8984
5847,8984
2796,8985
2145,8986
6833,8986
466,8988
8727,8989
1689,8990
2816,8991
4264,8991
170,8992
1119,8992
7469,8992
1559,8993
462,8994
6351,8994
388,8996
1779,8997
2091,8997
1616,8998
2996,9001
103,9002
5492,9005
4462,9006
1565,9007
508,9009
2030,9009
261,9010
5699,9010
7479,9010
389,9011
611,9012
256,9014
410,9016
771,9016
3029,9017
7094,9017
455,9018
7901,9018
6007,9019
0,9021
684,9021
57,9022
70,9022
4197,9023
5001,9024
2218,9025
20,9026
70,9026
3748,9026
2108,9027
44,9029
479,9030
1125,9031
1093,9033
1458,9034
8211,9035
861,9038
2250,9040
1633,9042
754,9044
6171,9045
5036,9047
221,9049
1050,9049
4342,9050
6274,9051
334,9054
5216,9054
291,9055
389,9055
499,9055
3620,9056
8851,9056
2966,9057
1230,9058
963,9063
3484,9063
104,9064
255,9064
1095,9064
5603,9065
6530,9067
636,9069
242,9071
934,9073
5052,9073
5373,9076
6609,9076
4679,9077
1771,9078
336,9079
2550,9082
2652,9082
7466,9082
229,9083
3020,9083
4238,9083
9,9084
55,9084
3053,9085
2732,9086
2074,9087
3819,9090
947,9091
2668,9091
180,9094
221,9095
4795,9096
485,9097
4190,9097
5317,9098
1340,9099
8986,9099
1,9101
1432,9101
269,9102
4518,9102
4494,9103
355,9104
25,9105
437,9106
272,9107
452,9107
537,9107
589,9107
57,9108
1377,9108
4735,9109
364,9110
1633,9112
1370,9113
5601,9114
3657,9115
3584,9118
1240,9119
3123,9120
57,9121
3277,9121
3628,9121
26,9122
403,9122
3364,9124
4223,9124
544,9128
3965,9128
5541,9128
3797,9129
4296,9130
3631,9131
1436,9132
6193,9136
8519,9137
2317,9138
272,9139
2051,9140
461,9145
13,9146
1522,9146
1710,9147
3946,9147
1632,9148
1240,9150
324,9151
1032,9151
3923,9151
4091,9151
6551,9151
1480,9152
5277,9152
2457,9153
8882,9153
3161,9154
3444,9154
2652,9155
336,9157
3364,9157
6819,9157
1,9159
5107,9160
2030,9161
558,9162
6044,9162
182,9166
5101,9166
2457,9167
5402,9168
270,9169
685,9170
4755,9170
142,9171
3049,9171
4408,9172
8408,9173
4306,9174
85,9175
2182,9175
6479,9176
1739,9177
1986,9177
143,9178
33,9179
3754,9180
1142,9181
158,9186
2785,9186
6727,9186
48,9189
4723,9189
1832,9193
7726,9193
409,9194
1517,9194
9103,9194
3822,9197
580,9198
5625,9198
6964,9199
1084,9201
1616,9201
5256,9201
3617,9202
302,9203
104,9204
1216,9205
5465,9205
4697,9206
8898,9207
5119,9208
8230,9208
1882,9209
8626,9210
3996,9211
3918,9212
1116,9215
3947,9215
6439,9215
7019,9216
4533,9218
3127,9219
3,9220
1136,9220
5107,9220
1010,9221
6444,9221
17,9224
448,9224
505,9224
1695,9224
3631,9225
5118,9226
8012,9226
7641,9227
55,9228
15,9231
3630,9231
8485,9231
3957,9233
5319,9236
992,9239
2565,9239
3186,9239
7928,9239
2380,9240
279,9242
1912,9244
3583,9246
3992,9249
4686,9249
72,9250
1225,9250
1389,9251
91,9254
2934,9256
3927,9256
129,9257
8885,9257
512,9259
6727,9259
3861,9262
28,9263
2266,9263
218,9264
8729,9264
378,9266
607,9266
2179,9266
1226,9267
9152,9267
5001,9272
891,9273
1044,9273
4641,9274
123,9279
3168,9279
109,9280
4106,9280
5,9281
2769,9281
3106,9281
9091,9281
7087,9282
1,9283
2160,9284
7672,9284
8338,9284
1927,9285
188,9286
3650,9286
947,9287
158,9292
1554,9292
4960,9293
1125,9297
2009,9299
182,9301
828,9301
4331,9301
1061,9302
2403,9303
1,9306
358,9307
5598,9307
25,9308
3478,9308
6065,9309
549,9311
6285,9312
6087,9313
8175,9313
8269,9314
3289,9315
7328,9315
2931,9316
7595,9317
3275,9318
11,9319
5543,9319
8400,9323
31,9324
1108,9324
4260,9324
2,9326
903,9327
1119,9329
9108,9329
28,9330
2850,9330
2137,9331
6413,9331
958,9332
8738,9332
91,9333
0,9334
7404,9334
9308,9335
1,9336
5048,9336
1260,9340
6253,9340
8605,9340
1732,9342
1709,9343
2484,9343
8219,9343
3728,9346
106,9348
2815,9348
7666,9348
4643,9349
4029,9350
43,9351
2732,9351
7922,9356
8621,9356
457,9357
5101,9357
6983,9358
1,9359
35,9360
6336,9362
35,9363
7933,9363
33,9364
7141,9364
5201,9366
6423,9366
55,9368
7336,9369
7396,9369
3426,9370
6660,9370
737,9372
3086,9373
3661,9376
4275,9376
779,9378
239,9381
1928,9382
7930,9385
1441,9386
607,9387
1095,9387
3675,9387
859,9388
2657,9388
587,9390
358,9391
1035,9392
1187,9392
5409,9393
1386,9394
5858,9396
8496,9396
4995,9399
134,9400
8472,9400
16,9401
542,9401
5116,9405
8475,9407
536,9410
55,9412
5941,9412
669,9414
91,9415
6173,9415
755,9416
6958,9417
681,9418
5641,9418
418,9419
1769,9419
2341,9419
3086,9419
985,9420
4848,9420
142,9422
1671,9422
4959,9422
1521,9423
5063,9425
2566,9426
3219,9426
4680,9427
90,9428
732,9428
1,9430
125,9433
187,9433
2718,9433
2,9434
4131,9434
6399,9434
681,9435
788,9436
1105,9437
2758,9437
3593,9438
125,9439
402,9440
9040,9443
956,9449
1,9451
125,9451
251,9451
2767,9452
7668,9452
178,9453
1293,9454
6644,9454
3769,9458
136,9459
6750,9459
8829,9459
151,9461
342,9461
2610,9463
5391,9463
5107,9464
733,9465
1515,9466
1651,9468
3681,9470
3361,9471
1209,9473
4959,9473
428,9474
2142,9474
2260,9474
320,9475
4948,9476
309,9477
7928,9477
3307,9478
4315,9478
5490,9478
3631,9480
1323,9481
342,9484
2395,9485
1969,9486
7075,9487
40,9490
2696,9492
6029,9492
1225,9493
5730,9494
187,9495
2146,9496
279,9498
3222,9498
4986,9498
0,9499
1553,9500
4257,9501
3816,9503
423,9505
7873,9507
1240,9509
1405,9509
811,9510
1677,9510
8873,9510
947,9511
2918,9511
2273,9512
7853,9513
5876,9514
8997,9515
3391,9516
49,9519
2003,9519
1665,9520
7972,9523
891,9524
4583,9524
778,9525
6,9526
2573,9526
3761,9527
4801,9527
1744,9529
7449,9529
193,9531
423,9531
7292,9532
57,9533
2608,9534
564,9536
869,9537
3172,9537
5958,9537
1844,9539
3748,9539
2926,9540
4959,9540
2512,9542
6177,9543
6598,9546
2484,9547
41,9548
483,9550
2432,9550
1817,9552
1820,9552
8817,9552
980,9553
4141,9557
609,9558
5735,9558
838,9561
7641,9561
53,9562
864,9562
5878,9562
5321,9563
681,9564
1870,9565
2633,9565
3738,9568
1044,9569
9331,9569
3465,9570
55,9571
57,9571
5587,9571
20,9573
1846,9573
4277,9575
137,9578
3124,9578
1252,9579
53,9581
1730,9581
8395,9583
8671,9583
9350,9587
4164,9588
2,9589
9215,9590
3196,9591
3256,9591
5867,9592
1718,9593
9050,9593
4025,9594
4462,9595
1955,9596
7456,9596
252,9597
4068,9598
8194,9598
4710,9599
462,9601
538,9601
1873,9602
4959,9602
7885,9603
9128,9606
2625,9607
1231,9609
5477,9611
402,9612
1524,9614
11,9618
2826,9619
3146,9621
462,9622
1077,9622
5698,9622
5839,9622
388,9623
779,9625
4494,9626
213,9628
2152,9628
2438,9629
2555,9629
6419,9630
846,9632
2003,9632
7414,9632
43,9633
9019,9633
3897,9635
358,9638
366,9639
1665,9639
2257,9639
4899,9639
74,9640
1248,9641
3695,9641
151,9642
7620,9642
221,9643
3193,9645
109,9646
9210,9646
4053,9647
3608,9648
13,9649
1057,9649
7722,9649
1851,9650
6623,9650
7542,9651
9459,9651
5654,9652
167,9653
497,9653
3314,9654
4633,9654
5741,9654
2927,9655
580,9656
6727,9656
7706,9656
6171,9658
7284,9658
5046,9659
1912,9660
3789,9660
4783,9662
741,9664
9095,9664
3634,9669
7401,9669
178,9670
4025,9670
6926,9670
1610,9671
3508,9671
140,9672
558,9672
5999,9673
161,9674
432,9675
2202,9675
7746,9676
289,9677
472,9680
947,9684
1988,9685
5160,9686
9122,9687
3682,9688
8605,9689
383,9691
1554,9691
60,9692
755,9693
2253,9693
5420,9693
6065,9694
9151,9696
4084,9698
9152,9698
5755,9701
6878,9701
163,9702
6572,9704
7013,9706
1240,9707
1845,9708
1954,9708
1665,9711
371,9713
466,9714
1787,9714
2403,9714
134,9715
8,9716
261,9716
393,9716
613,9716
5119,9718
479,9719
732,9720
5964,9720
6274,9721
2300,9722
540,9724
2643,9724
7991,9724
2018,9725
2743,9727
4675,9727
9407,9727
727,9730
2353,9730
3321,9731
9267,9731
6696,9732
5943,9734
544,9735
3364,9735
2346,9736
5855,9736
31,9738
6942,9739
564,9740
4093,9740
2,9743
485,9746
911,9746
455,9747
1773,9747
4640,9748
818,9749
2250,9749
5654,9750
686,9751
788,9755
4365,9757
5947,9758
858,9759
193,9760
7415,9761
7937,9761
631,9765
2881,9765
3112,9768
140,9773
1,9774
1845,9774
1186,9775
3927,9775
128,9776
817,9776
5058,9776
4395,9778
480,9780
3162,9781
2324,9784
168,9785
1220,9786
6285,9786
7241,9786
5742,9790
8208,9792
74,9793
4223,9793
142,9794
3883,9794
723,9797
334,9798
140,9800
5040,9801
1665,9802
3373,9803
4053,9803
3793,9804
6361,9804
7725,9804
102,9809
59,9810
145,9810
4198,9813
694,9817
2837,9819
1187,9821
9646,9821
7928,9822
13,9825
1903,9827
8484,9827
28,9832
903,9833
6613,9834
9550,9834
60,9835
171,9836
694,9836
6321,9836
483,9839
1746,9840
6710,9840
578,9842
5125,9842
8485,9844
507,9845
5417,9845
6644,9845
8666,9845
1070,9846
2044,9846
57,9848
4818,9848
7668,9848
92,9849
767,9849
412,9851
457,9851
542,9851
1632,9853
5,9855
7016,9855
8994,9857
18,9858
255,9863
2164,9863
3992,9864
13,9869
1384,9869
3520,9869
8270,9870
2104,9871
6421,9873
6996,9873
3232,9874
5183,9875
13,9879
2103,9879
2886,9879
6731,9879
4169,9881
2381,9882
6882,9883
1244,9884
8196,9884
28,9887
429,9887
1858,9887
1125,9891
9638,9892
2718,9894
1609,9895
1559,9896
5485,9897
261,9898
4,9901
869,9901
3621,9901
0,9902
37,9902
140,9903
5625,9904
180,9908
2412,9908
5021,9908
2202,9909
1408,9911
7396,9913
721,9915
1084,9915
1631,9915
3978,9915
1187,9916
2498,9916
3669,9917
6974,9919
237,9920
3554,9921
3923,9921
4951,9921
1897,9923
3749,9923
60,9924
289,9924
445,9924
114,9925
2052,9925
692,9927
1111,9927
1378,9927
9350,9928
5620,9929
1248,9931
312,9934
252,9935
608,9935
2149,9936
9313,9936
8,9937
92,9937
7411,9938
2245,9939
7595,9939
8742,9940
125,9941
951,9941
2006,9941
8210,9941
11,9942
2400,9942
6490,9943
103,9944
3172,9944
7894,9944
992,9945
5689,9945
538,9947
6194,9947
201,9948
6834,9948
2966,9949
1565,9950
8835,9950
92,9951
2815,9952
416,9957
25,9958
4074,9959
7515,9960
198,9961
2145,9961
140,9962
4275,9963
4834,9967
871,9970
7238,9971
8225,9972
818,9976
681,9977
5087,9977
1507,9978
8696,9978
3840,9979
3818,9980
285,9982
1522,9982
8472,9983
35,9984
466,9984
5368,9984
7119,9985
7093,9987
3,9989
1778,9989
432,9990
3190,9991
91,9994
5778,9994
296,9997
686,9997
2003,9998
1,9999
3673,9999
