0,1
0,2
0,3
0,4
0,5
0,7
1,7
0,8
7,9
2,10
4,10
2,12
4,12
2,13
10,13
1,14
3,14
1,16
0,17
1,17
0,19
4,20
2,21
5,21
0,23
21,25
0,26
21,26
8,30
16,30
21,30
23,30
10,31
10,32
12,34
4,36
0,37
3,38
0,40
9,40
16,40
0,41
10,42
0,44
13,44
14,44
23,45
0,47
2,47
3,47
0,50
31,50
21,51
10,53
37,53
0,54
2,54
25,54
12,55
30,55
7,56
41,56
2,57
53,57
1,58
16,58
2,59
4,59
44,60
2,62
4,62
32,65
55,65
56,65
20,66
10,67
14,69
57,69
0,70
8,70
30,71
44,71
0,72
10,72
21,72
47,73
0,74
72,74
0,75
2,75
23,75
67,75
0,76
13,76
30,76
57,78
12,79
17,79
2,80
78,80
7,81
23,81
66,81
0,85
55,85
0,86
7,87
76,87
1,88
10,90
85,90
80,94
1,97
13,97
70,97
2,103
12,103
76,103
8,104
10,104
62,104
76,104
103,106
3,107
75,107
3,109
0,110
55,110
104,112
14,113
0,118
0,119
55,119
70,119
0,122
4,124
70,124
4,126
75,128
44,129
58,129
10,131
30,133
10,137
44,137
55,138
87,138
81,139
10,140
137,140
0,142
7,143
59,143
137,143
76,144
79,144
1,145
17,145
0,148
7,148
74,148
138,148
54,149
7,150
75,150
44,151
62,151
119,151
8,152
0,153
57,153
5,154
67,154
62,156
76,156
23,157
62,157
81,157
151,157
12,160
87,160
10,161
7,163
57,164
1,167
128,167
44,168
88,168
110,168
4,169
0,172
0,173
2,173
30,174
10,176
97,176
1,178
90,178
12,179
7,183
8,183
128,184
23,185
56,186
124,186
76,188
154,188
79,189
4,190
67,190
50,191
110,192
1,193
124,193
62,194
7,196
32,196
1,198
62,198
3,199
70,199
106,200
69,201
45,202
124,202
153,202
8,204
26,204
75,204
23,207
0,208
17,208
71,208
12,210
2,212
7,212
74,215
142,216
200,218
12,223
157,223
218,224
1,225
124,225
69,227
103,228
150,229
1,232
30,232
76,234
76,236
138,237
199,237
72,240
157,240
0,243
72,244
216,245
179,246
234,246
119,247
169,249
104,250
7,251
50,251
30,253
142,254
225,254
103,255
2,256
5,256
55,258
103,258
85,259
106,260
256,262
2,263
9,264
12,264
76,264
212,264
3,265
51,265
190,266
2,267
10,267
154,267
57,268
62,269
19,270
50,271
163,271
7,272
194,272
270,272
5,273
13,274
104,275
0,276
172,277
259,277
19,282
10,284
124,284
0,286
128,287
237,287
10,289
137,289
184,289
0,291
149,291
0,293
97,295
160,295
129,296
157,297
104,298
265,298
124,299
0,300
20,302
21,303
74,303
44,304
60,305
0,307
17,308
8,309
124,310
200,310
12,313
176,313
7,314
56,314
104,315
81,317
256,317
274,317
143,319
145,320
1,322
1,323
59,323
164,323
16,324
53,324
140,325
4,327
173,327
174,328
5,329
9,330
289,330
151,331
0,333
259,333
2,336
223,336
21,338
160,338
8,339
62,340
282,340
2,343
66,344
74,345
227,345
1,346
4,346
225,346
13,347
164,347
72,348
204,348
2,350
79,350
143,351
23,353
86,353
104,353
172,353
87,354
3,361
218,361
282,361
142,362
303,362
10,364
56,366
193,367
3,368
30,368
70,369
1,371
9,374
256,374
10,376
10,378
56,378
67,378
228,379
90,380
259,380
0,381
2,381
2,382
75,382
40,383
76,383
194,384
69,385
13,386
65,386
328,386
62,389
75,389
79,389
122,389
56,390
282,392
30,394
56,395
1,400
2,401
0,403
8,403
16,404
368,405
361,406
109,407
128,407
395,409
103,410
110,410
10,411
81,412
81,413
142,415
244,415
251,415
131,416
17,417
0,418
240,419
20,420
179,422
270,424
7,425
189,425
62,426
151,426
259,429
129,430
59,431
128,431
229,431
244,431
4,434
144,435
86,439
325,439
12,440
90,443
189,443
415,445
368,446
30,449
70,449
173,450
21,451
110,452
10,453
143,453
378,454
325,459
191,460
287,460
322,460
103,462
140,462
218,463
410,463
67,466
0,468
12,473
81,475
34,476
110,476
138,476
173,476
2,477
122,478
229,481
5,482
56,483
119,484
202,485
4,493
104,493
333,493
454,493
10,494
10,496
12,499
333,500
413,500
17,501
131,501
67,503
75,503
19,505
468,505
7,506
110,506
149,507
142,508
70,509
75,511
110,511
2,512
66,512
475,512
2,513
30,514
90,514
324,514
143,515
176,516
0,517
14,517
189,517
30,518
50,519
517,519
2,521
5,521
20,521
30,521
415,522
30,523
289,523
450,523
31,524
249,526
154,527
23,528
56,528
56,531
346,531
5,532
44,532
66,533
1,535
3,536
137,536
106,539
2,540
14,542
55,542
56,542
1,544
142,545
245,545
0,546
7,548
23,548
23,549
56,549
199,549
392,551
264,553
196,556
418,556
183,557
4,562
76,563
140,565
565,566
374,567
106,568
269,568
521,568
23,569
2,570
179,570
31,572
183,572
23,574
78,574
163,580
176,580
44,581
21,582
81,582
85,582
168,584
0,587
70,589
395,589
36,590
189,590
269,590
200,592
315,592
0,593
2,593
17,593
47,593
163,594
178,595
76,596
30,598
66,598
10,599
30,599
582,599
56,600
90,600
327,600
2,602
124,603
138,603
163,603
324,603
10,604
5,606
70,607
142,607
392,607
30,609
4,610
90,610
107,610
75,611
12,612
361,612
204,614
274,614
10,615
81,617
452,617
2,618
17,619
67,619
2,620
30,621
517,621
75,622
81,622
517,622
600,625
2,626
4,626
237,626
369,626
44,628
269,628
350,628
572,628
151,631
618,631
65,632
598,633
10,634
386,636
348,637
258,640
453,640
0,641
58,642
124,642
81,643
383,643
76,645
122,645
1,646
118,646
452,646
12,647
329,648
202,654
291,655
556,656
109,659
496,659
511,659
598,659
614,659
229,660
54,663
4,664
12,666
90,666
199,668
7,669
289,669
386,669
40,670
150,670
225,672
137,673
317,673
138,677
380,678
81,679
21,681
317,682
406,683
106,684
415,684
104,685
449,685
1,686
90,687
106,687
246,688
368,688
592,688
2,689
87,689
20,691
493,691
10,692
325,692
369,693
688,693
19,694
151,694
2,695
51,698
330,698
493,698
549,698
16,699
353,701
516,701
698,702
1,704
143,705
528,705
172,706
212,707
265,707
600,707
40,708
107,708
138,708
44,709
508,710
348,711
189,713
44,715
66,717
347,717
67,718
69,718
453,719
55,721
371,721
30,724
516,724
173,725
666,726
713,726
104,727
12,728
298,728
2,729
269,731
403,731
119,732
202,732
540,732
725,732
269,733
40,734
87,734
104,734
163,735
76,736
81,736
308,737
476,737
269,738
626,738
522,739
10,743
56,747
216,748
679,748
67,752
40,753
62,753
103,754
154,755
224,755
594,755
0,757
8,757
137,757
325,758
4,759
55,760
229,760
614,762
67,763
225,763
81,765
270,765
506,765
677,765
13,766
20,768
38,768
70,768
670,768
5,769
298,770
755,770
70,771
44,772
327,772
380,772
453,772
1,773
755,773
266,776
620,776
10,777
110,783
107,784
386,784
626,786
598,787
87,788
4,789
494,789
685,791
140,792
532,793
69,797
590,797
0,798
131,798
501,798
610,798
229,799
21,800
137,801
289,801
570,801
16,802
389,802
522,802
50,803
81,804
460,804
752,804
17,805
366,805
85,809
40,811
103,812
12,813
14,813
532,813
85,814
589,814
705,814
719,815
0,819
0,822
163,823
593,825
789,825
67,826
12,828
5,831
7,833
157,834
13,836
508,837
44,838
244,838
7,842
62,843
154,843
736,844
90,845
4,846
317,849
369,849
708,849
30,850
31,851
66,852
85,852
368,852
755,855
124,856
251,856
269,856
386,858
789,858
256,861
19,862
828,862
109,865
544,865
852,865
688,866
264,868
505,868
508,868
589,868
693,869
23,872
80,872
327,873
353,873
814,874
17,875
201,877
10,878
75,878
645,879
815,879
7,881
528,881
23,882
654,882
143,886
23,889
494,890
291,892
426,893
142,894
145,895
348,896
515,896
556,897
545,900
191,901
143,902
216,902
476,903
726,903
167,906
731,906
614,907
401,911
866,911
113,913
12,914
20,914
493,914
189,915
380,915
748,915
2,916
138,917
44,919
917,919
768,920
104,921
519,921
282,922
2,923
12,923
179,923
873,923
2,924
14,924
107,924
143,924
865,924
1,925
0,926
10,926
172,926
610,926
20,930
797,930
104,931
501,931
56,932
58,932
734,932
40,938
227,938
462,938
4,939
403,939
446,942
62,944
757,945
755,947
407,948
143,951
314,951
12,952
348,952
20,953
169,953
476,954
736,954
2,956
0,957
475,957
0,958
1,961
54,961
267,961
76,964
460,965
424,966
666,966
732,966
124,968
849,970
338,971
811,971
10,972
415,972
517,973
757,973
485,975
19,977
30,977
140,980
154,980
224,980
237,980
944,980
980,981
521,982
0,983
873,983
103,984
517,988
86,989
56,990
204,991
271,993
589,993
773,993
20,994
4,996
76,996
119,996
21,997
40,997
0,1000
139,1000
670,1000
881,1000
56,1003
566,1003
384,1006
473,1006
128,1007
958,1007
183,1008
85,1009
225,1009
298,1009
531,1009
229,1011
353,1011
493,1011
45,1014
925,1014
368,1016
419,1016
14,1019
75,1019
747,1019
13,1020
476,1021
531,1021
659,1021
2,1023
227,1023
0,1024
964,1024
0,1028
58,1028
200,1028
614,1028
317,1029
926,1030
0,1032
7,1033
71,1035
124,1035
463,1035
1,1036
189,1036
168,1037
4,1040
323,1042
618,1042
514,1043
743,1043
245,1046
65,1047
69,1047
59,1048
289,1051
47,1052
58,1052
137,1052
149,1052
958,1052
70,1057
378,1060
118,1061
556,1061
8,1063
10,1063
694,1065
90,1066
124,1066
228,1067
925,1067
1,1068
706,1068
328,1069
69,1070
8,1071
104,1072
659,1072
906,1074
1068,1074
755,1075
861,1076
920,1077
528,1079
753,1082
600,1083
12,1084
305,1084
34,1087
389,1089
476,1089
590,1089
801,1089
881,1089
289,1090
798,1090
81,1091
51,1092
574,1092
685,1092
755,1092
9,1093
30,1093
323,1095
593,1096
1068,1096
4,1097
23,1097
66,1097
460,1098
626,1098
124,1099
62,1101
2,1102
122,1102
493,1102
549,1103
118,1108
528,1109
300,1110
1101,1110
23,1112
296,1112
622,1112
163,1113
896,1116
76,1117
947,1118
540,1119
66,1120
852,1123
160,1125
70,1126
188,1126
143,1128
468,1128
755,1128
460,1130
10,1133
345,1133
361,1133
10,1135
131,1135
776,1135
1,1136
21,1136
8,1140
734,1141
10,1144
124,1144
660,1146
511,1147
333,1149
875,1151
14,1152
788,1152
0,1158
74,1158
269,1161
403,1163
0,1165
62,1168
878,1169
1006,1169
0,1170
1072,1170
519,1171
528,1172
914,1173
1135,1175
199,1176
0,1178
3,1179
453,1179
980,1180
2,1181
452,1181
189,1183
1046,1184
269,1185
13,1187
119,1187
124,1187
566,1187
453,1189
1087,1191
254,1192
846,1192
40,1194
670,1196
1000,1197
38,1199
86,1199
274,1199
256,1201
81,1203
103,1203
10,1204
131,1205
611,1205
791,1206
966,1209
79,1214
218,1219
3,1220
383,1221
759,1221
419,1224
506,1224
519,1225
151,1226
536,1226
104,1227
600,1229
1048,1232
55,1233
106,1233
254,1233
659,1233
31,1235
403,1236
493,1236
612,1236
760,1237
47,1238
70,1238
2,1239
110,1239
8,1241
191,1241
76,1242
0,1243
173,1247
952,1247
16,1248
768,1248
1169,1248
21,1250
70,1251
614,1251
1074,1252
574,1253
914,1254
271,1256
295,1256
378,1258
10,1259
1247,1259
743,1263
59,1264
183,1264
13,1267
410,1269
798,1269
244,1272
2,1273
523,1273
659,1273
494,1276
103,1277
637,1277
113,1280
143,1280
684,1281
354,1282
110,1283
717,1283
755,1284
179,1285
264,1285
3,1287
501,1288
353,1290
354,1291
119,1292
172,1295
2,1297
75,1297
298,1298
0,1299
26,1299
188,1299
119,1300
157,1300
4,1302
1288,1303
1014,1304
1272,1306
645,1308
1096,1308
2,1309
2,1310
129,1310
13,1311
1,1312
119,1312
229,1312
1133,1312
468,1317
600,1317
553,1319
65,1320
139,1320
485,1320
104,1321
954,1325
190,1326
973,1326
1292,1326
140,1327
886,1327
297,1329
8,1330
679,1331
55,1332
439,1333
682,1333
688,1336
2,1338
59,1338
65,1339
237,1341
505,1342
251,1343
453,1343
1,1344
1247,1346
10,1347
72,1347
784,1347
1338,1348
103,1349
223,1349
104,1350
148,1351
622,1351
55,1352
0,1355
1201,1355
10,1357
25,1357
1151,1359
196,1360
282,1361
523,1361
834,1362
119,1363
789,1363
1011,1366
8,1370
879,1370
237,1371
143,1372
13,1373
160,1373
150,1374
1272,1375
1308,1376
1232,1377
994,1378
689,1380
1256,1380
74,1383
522,1385
76,1386
40,1387
44,1388
174,1388
174,1389
71,1390
330,1390
521,1393
368,1394
56,1396
302,1397
645,1397
131,1400
216,1402
1000,1403
67,1405
179,1406
828,1407
1405,1407
811,1408
225,1409
325,1412
0,1413
521,1413
56,1414
977,1415
9,1416
325,1416
1299,1416
157,1417
66,1418
609,1418
97,1420
833,1420
26,1421
0,1423
201,1424
395,1424
1297,1424
245,1426
493,1426
378,1427
5,1430
10,1431
1030,1431
128,1432
185,1433
0,1434
151,1434
368,1434
1242,1435
131,1438
5,1440
4,1441
129,1442
1232,1442
199,1443
407,1443
454,1443
666,1445
993,1445
269,1448
1097,1449
168,1450
439,1450
865,1450
1147,1450
264,1451
911,1451
12,1452
264,1455
419,1455
1450,1455
677,1456
1007,1456
12,1457
590,1459
163,1460
693,1461
104,1462
354,1462
208,1464
289,1464
330,1464
383,1464
157,1465
66,1467
208,1467
1,1468
1057,1470
194,1471
565,1471
382,1475
736,1476
1295,1476
516,1477
914,1479
545,1480
289,1481
401,1481
1109,1481
1426,1481
228,1483
30,1484
76,1484
307,1484
476,1484
103,1485
494,1487
10,1489
1236,1489
361,1490
0,1491
416,1492
485,1492
861,1492
922,1493
7,1495
295,1497
1135,1499
734,1500
59,1501
67,1501
124,1501
512,1502
237,1503
1361,1503
225,1504
755,1505
1144,1505
143,1506
325,1506
129,1507
865,1508
872,1512
755,1513
787,1513
30,1515
415,1516
1445,1516
103,1517
12,1518
828,1518
922,1518
325,1519
30,1520
415,1520
151,1525
836,1525
76,1527
1,1530
151,1530
196,1532
350,1532
383,1533
150,1535
1113,1535
0,1537
1394,1538
57,1539
1489,1539
78,1540
565,1540
973,1540
26,1542
126,1542
7,1543
237,1543
574,1544
984,1544
5,1545
190,1545
1487,1546
225,1547
975,1547
143,1549
1405,1549
1487,1549
837,1550
688,1553
1102,1553
190,1555
118,1557
40,1559
198,1560
546,1560
26,1563
0,1565
501,1566
37,1567
454,1567
814,1567
2,1568
14,1568
106,1569
189,1570
191,1571
919,1572
71,1573
622,1573
626,1573
1329,1573
688,1575
55,1577
148,1578
419,1578
260,1579
269,1580
407,1580
760,1580
632,1581
54,1582
69,1582
889,1583
1229,1584
1,1587
66,1588
251,1588
0,1589
168,1589
76,1590
743,1590
1405,1590
198,1592
595,1592
17,1594
201,1595
229,1596
980,1596
886,1597
259,1602
110,1603
406,1603
1072,1603
3,1605
103,1607
757,1607
0,1610
1427,1610
81,1611
251,1611
104,1612
94,1613
1,1615
103,1615
1326,1616
406,1618
1299,1618
79,1619
137,1619
202,1619
702,1619
245,1620
264,1621
754,1621
896,1621
66,1622
1102,1622
1588,1622
21,1624
245,1625
1405,1625
736,1626
1299,1626
1072,1627
163,1628
4,1631
254,1631
1264,1633
81,1636
168,1638
196,1640
938,1642
51,1643
890,1643
138,1644
0,1646
582,1646
1445,1647
56,1648
1,1651
378,1651
31,1654
66,1654
10,1656
12,1656
62,1656
267,1658
768,1658
881,1660
21,1661
704,1661
1046,1661
66,1666
798,1666
914,1669
1297,1670
1264,1671
540,1673
833,1674
258,1675
594,1675
300,1677
47,1678
819,1680
1097,1680
70,1682
71,1683
229,1683
30,1685
157,1685
55,1686
1581,1686
338,1687
702,1687
200,1688
757,1689
1224,1690
453,1691
798,1691
128,1693
382,1693
768,1694
418,1695
773,1695
1130,1695
256,1696
574,1696
811,1696
1168,1696
1610,1696
505,1697
622,1697
1003,1697
172,1700
361,1700
640,1700
914,1700
1476,1701
50,1702
258,1702
0,1703
237,1703
59,1704
545,1705
1703,1705
254,1706
628,1706
10,1708
1135,1708
620,1709
7,1710
757,1710
131,1711
454,1713
1284,1714
190,1715
361,1715
1695,1715
129,1716
199,1716
540,1716
426,1717
267,1719
596,1722
755,1723
834,1725
574,1726
62,1727
406,1727
79,1728
429,1730
476,1730
1683,1730
284,1731
545,1733
62,1735
501,1735
789,1736
1006,1736
522,1737
804,1737
13,1743
75,1747
1329,1747
291,1751
1,1752
168,1753
137,1754
234,1755
517,1755
196,1757
0,1758
76,1758
522,1759
731,1759
1066,1759
237,1760
519,1760
593,1760
78,1761
872,1761
34,1762
1669,1762
506,1764
317,1765
768,1767
154,1768
269,1770
980,1770
500,1771
364,1772
482,1772
1697,1772
21,1774
94,1774
234,1774
679,1776
196,1778
369,1778
694,1779
1572,1779
168,1780
1530,1780
1607,1780
237,1781
938,1781
142,1782
154,1783
1151,1783
0,1784
333,1784
1021,1785
493,1786
1144,1786
140,1788
600,1788
55,1789
544,1792
1247,1792
1089,1794
645,1795
224,1796
8,1802
763,1802
1006,1803
1,1804
109,1804
1006,1805
2,1806
443,1807
1677,1807
1068,1808
10,1810
902,1810
247,1811
14,1812
1237,1812
284,1813
199,1814
249,1815
403,1815
237,1816
12,1817
684,1818
1024,1819
914,1820
0,1821
801,1821
1299,1821
70,1822
1380,1822
110,1823
1057,1823
323,1824
1811,1827
0,1831
1021,1832
1184,1833
4,1836
66,1836
814,1836
996,1836
4,1838
71,1839
30,1840
966,1840
224,1845
256,1847
451,1847
76,1848
460,1849
620,1850
1256,1851
20,1853
407,1853
395,1854
293,1855
568,1856
1784,1857
57,1858
71,1858
626,1858
1416,1859
144,1860
303,1860
322,1860
1481,1860
1,1861
40,1862
322,1863
593,1863
726,1863
1292,1863
1497,1863
9,1864
65,1866
56,1867
45,1868
546,1868
598,1869
1284,1873
378,1874
1530,1874
726,1876
1588,1876
889,1877
1,1878
124,1878
269,1878
289,1881
600,1881
1310,1882
501,1884
973,1884
896,1885
5,1888
67,1889
1789,1889
0,1891
58,1891
1539,1891
227,1892
1706,1892
403,1893
1292,1893
1468,1894
76,1896
76,1897
866,1897
65,1898
669,1899
1329,1900
1394,1900
16,1901
519,1901
1581,1903
66,1904
688,1904
12,1905
1263,1905
1821,1905
291,1906
1752,1907
1420,1909
1512,1909
931,1910
1752,1913
687,1914
1544,1914
368,1916
76,1917
178,1917
856,1918
0,1920
323,1920
646,1920
819,1921
65,1922
528,1922
505,1923
300,1925
1802,1927
2,1928
7,1929
932,1929
104,1931
199,1931
431,1931
1097,1931
1616,1932
348,1933
237,1938
81,1940
3,1943
8,1943
97,1943
1918,1945
546,1948
453,1949
272,1950
296,1950
914,1951
4,1952
104,1953
1615,1954
1619,1954
679,1956
494,1957
26,1958
21,1959
1326,1959
532,1960
755,1962
677,1963
1789,1968
346,1971
1084,1971
176,1972
1824,1972
122,1973
759,1975
873,1976
1573,1976
454,1978
71,1979
212,1979
17,1983
65,1983
2,1985
69,1985
760,1985
1236,1986
1501,1987
103,1988
9,1989
333,1989
254,1991
973,1991
2,1994
1607,1997
930,1998
67,2002
76,2005
1588,2005
1206,2006
1753,2007
103,2008
237,2010
200,2011
1711,2011
1782,2011
212,2012
44,2013
1298,2015
1690,2015
1697,2015
1683,2017
7,2019
12,2020
30,2020
902,2020
1747,2021
1224,2025
1607,2025
1727,2025
149,2028
330,2030
284,2032
45,2034
106,2034
425,2034
494,2034
196,2035
5,2038
1416,2039
603,2040
282,2044
2008,2044
104,2045
688,2046
62,2050
1467,2051
476,2055
582,2055
893,2056
1497,2058
10,2060
75,2060
1413,2062
12,2063
500,2063
1607,2063
1622,2063
971,2064
1475,2066
1786,2068
1014,2070
462,2071
738,2071
748,2074
2,2076
1976,2077
369,2078
201,2081
380,2084
528,2084
996,2084
118,2085
1779,2086
0,2091
228,2092
814,2092
2066,2093
819,2094
76,2095
124,2096
964,2098
1866,2098
336,2099
380,2100
325,2101
243,2103
532,2103
103,2104
244,2104
3,2106
747,2107
804,2109
1743,2110
2015,2110
837,2112
1901,2114
473,2115
1066,2115
1233,2116
2,2117
104,2117
350,2119
1205,2119
1057,2120
1479,2124
59,2125
1319,2125
2096,2126
124,2128
2125,2128
7,2129
23,2129
523,2131
1292,2131
1503,2131
843,2134
1098,2134
62,2135
666,2135
718,2135
493,2136
1402,2136
390,2137
1225,2138
792,2139
76,2140
265,2142
823,2142
143,2143
926,2143
2094,2144
149,2145
386,2145
1135,2145
8,2146
17,2146
200,2149
40,2151
725,2151
81,2152
493,2152
8,2153
505,2153
925,2153
1638,2155
74,2156
1869,2156
877,2159
1206,2159
698,2163
748,2163
1066,2167
1320,2168
725,2169
760,2169
56,2170
189,2170
1716,2171
50,2173
194,2174
718,2174
1579,2174
2063,2174
1006,2176
1310,2176
183,2178
1048,2181
2106,2184
1285,2185
259,2186
594,2186
702,2188
1818,2188
395,2190
1273,2190
1481,2190
58,2193
103,2193
194,2195
10,2196
302,2196
1189,2196
157,2197
44,2198
1462,2199
1206,2201
1233,2204
1284,2208
256,2209
20,2210
1581,2210
931,2212
988,2213
1489,2213
10,2215
58,2215
834,2215
76,2216
40,2217
1716,2217
1,2218
562,2218
406,2219
2020,2219
737,2220
453,2224
12,2225
381,2225
1256,2227
23,2229
768,2229
1158,2229
7,2230
570,2230
65,2232
32,2234
1819,2234
229,2235
593,2236
5,2239
53,2240
705,2241
291,2242
845,2242
110,2243
506,2244
1619,2244
1412,2247
190,2249
2063,2249
645,2251
320,2254
798,2255
1873,2255
47,2256
25,2257
1361,2257
14,2258
1863,2259
317,2261
2,2262
12,2262
1537,2262
1920,2262
641,2264
1642,2264
1747,2266
353,2268
74,2272
0,2274
682,2274
386,2275
849,2277
725,2278
1459,2280
75,2281
119,2283
932,2283
1762,2283
10,2285
1084,2286
1133,2286
610,2288
3,2291
325,2292
72,2293
1285,2293
13,2296
191,2296
1661,2298
81,2299
325,2299
708,2300
289,2301
589,2301
1426,2301
264,2302
1021,2302
1117,2303
1037,2304
7,2306
323,2306
2167,2306
2299,2306
23,2307
924,2307
303,2308
430,2308
1590,2310
1,2314
902,2314
506,2315
1505,2315
58,2316
531,2316
677,2317
1394,2317
229,2320
381,2320
1102,2320
2110,2320
137,2322
2314,2324
113,2326
622,2326
1135,2327
90,2328
322,2329
2249,2330
2274,2330
286,2331
1320,2331
2299,2331
17,2332
0,2333
143,2333
1716,2333
12,2334
386,2334
90,2335
81,2336
67,2337
142,2337
21,2338
1233,2338
1831,2338
1248,2339
1647,2339
80,2340
167,2340
62,2341
25,2343
600,2344
634,2344
886,2346
103,2347
1256,2347
54,2348
224,2350
2,2352
23,2353
79,2354
12,2355
2010,2355
1021,2356
12,2359
1747,2359
814,2361
75,2362
85,2364
1638,2367
1716,2367
57,2368
600,2370
726,2370
682,2371
40,2373
129,2375
4,2376
801,2377
1236,2377
67,2378
1780,2380
167,2381
2032,2381
1951,2384
1068,2386
506,2390
2301,2390
66,2392
2301,2394
403,2395
1102,2395
345,2396
1187,2396
119,2397
403,2397
1492,2397
760,2398
924,2398
592,2401
802,2401
303,2403
1233,2405
172,2406
797,2406
1619,2407
32,2408
69,2408
2,2409
179,2409
1297,2409
1581,2409
216,2410
501,2410
924,2410
1696,2412
932,2413
12,2414
683,2414
1845,2417
17,2418
2333,2418
1332,2419
1596,2419
2390,2422
1147,2424
2370,2424
865,2430
2084,2430
71,2431
2186,2431
1226,2432
902,2434
926,2435
1258,2436
1555,2436
1485,2437
81,2438
1822,2438
229,2440
1762,2440
67,2441
506,2442
1179,2442
2303,2442
251,2444
845,2450
229,2453
659,2453
62,2454
229,2456
340,2456
1643,2457
148,2461
23,2462
501,2462
1264,2462
269,2463
2020,2463
67,2465
924,2465
1737,2465
1812,2466
7,2467
232,2467
1543,2467
568,2469
40,2471
755,2471
1308,2472
896,2473
2005,2474
1011,2475
506,2476
593,2477
2274,2477
825,2478
1862,2478
2176,2480
59,2482
66,2484
838,2485
1607,2485
501,2486
718,2486
1683,2486
86,2488
128,2490
505,2490
972,2490
514,2492
1450,2492
1822,2497
128,2498
55,2499
759,2499
1299,2499
1761,2499
2,2501
392,2504
1693,2504
2255,2504
2347,2505
614,2506
1405,2506
2251,2506
289,2508
1312,2509
2278,2509
104,2511
993,2512
1918,2513
654,2517
246,2518
0,2520
425,2521
947,2522
0,2523
106,2524
5,2525
677,2525
103,2527
1802,2530
2210,2530
2,2532
728,2532
1434,2532
2243,2532
542,2533
549,2534
1311,2536
2331,2540
865,2541
3,2542
1989,2542
2,2543
76,2543
1421,2544
168,2545
1539,2545
40,2546
1349,2546
590,2547
1621,2547
40,2551
54,2552
914,2554
1433,2555
245,2556
2281,2557
384,2558
1128,2560
1619,2561
2,2563
17,2564
60,2564
2316,2564
66,2565
129,2565
1661,2565
56,2566
1144,2566
66,2567
163,2568
920,2568
1168,2568
1615,2568
0,2569
21,2569
2331,2569
55,2570
2156,2570
590,2576
1014,2576
247,2577
755,2578
1068,2578
1492,2578
1352,2579
1539,2580
302,2583
1716,2584
2071,2586
1845,2587
81,2588
1331,2588
1976,2588
415,2591
2156,2591
980,2592
1201,2593
10,2595
299,2595
2467,2596
5,2597
128,2597
369,2597
2442,2598
1863,2599
346,2600
303,2601
58,2602
431,2604
1897,2605
1505,2606
67,2608
872,2611
682,2612
200,2614
523,2614
872,2615
2255,2615
755,2616
1029,2616
1765,2616
1096,2617
1300,2617
1802,2617
1503,2618
556,2621
0,2622
951,2622
1297,2622
97,2623
176,2624
53,2626
361,2626
30,2627
384,2627
1295,2627
57,2628
1426,2628
76,2629
1097,2630
475,2631
1723,2632
2465,2633
1125,2634
736,2636
1624,2636
172,2639
62,2640
8,2641
636,2641
1006,2641
1615,2645
574,2646
618,2646
2176,2649
369,2650
664,2650
1363,2650
2236,2650
454,2651
819,2651
70,2652
299,2652
2545,2652
119,2654
81,2655
1581,2655
679,2657
682,2658
4,2659
7,2659
951,2659
1857,2662
975,2664
224,2665
798,2667
10,2669
104,2669
1557,2670
1492,2671
2219,2671
2209,2678
2286,2678
413,2679
10,2682
468,2682
85,2683
2378,2684
30,2686
1237,2687
2063,2687
1201,2688
58,2689
2405,2689
2544,2690
26,2691
76,2691
237,2691
2,2693
2170,2693
0,2694
2440,2694
10,2695
12,2695
265,2695
2314,2695
666,2697
1009,2698
12,2699
419,2701
1093,2702
544,2703
553,2703
2066,2703
153,2704
532,2704
1068,2707
118,2710
75,2713
200,2714
861,2715
53,2717
1097,2717
2,2718
109,2719
1238,2720
2376,2722
1549,2723
2659,2726
1158,2727
1573,2729
5,2730
460,2731
143,2732
920,2732
2521,2732
153,2733
265,2733
1172,2734
1626,2734
131,2735
620,2735
2723,2735
10,2740
1409,2740
218,2741
1812,2742
3,2744
1098,2744
646,2745
2568,2745
1550,2746
81,2747
475,2747
590,2748
418,2749
1084,2749
1329,2750
1901,2751
271,2754
2364,2754
70,2755
16,2756
2296,2761
1,2762
2334,2762
0,2763
2220,2763
14,2764
151,2765
347,2765
994,2765
760,2766
493,2767
40,2770
361,2773
1047,2773
1727,2775
1824,2776
382,2777
566,2777
682,2777
755,2777
14,2779
30,2779
76,2779
2669,2780
237,2781
384,2781
1481,2782
264,2783
737,2783
2,2784
1618,2784
223,2785
2344,2788
103,2792
1310,2793
1592,2793
1090,2794
208,2795
413,2797
0,2798
10,2799
453,2800
2334,2800
2576,2800
1,2803
500,2804
2408,2805
2659,2806
0,2807
1610,2807
8,2811
287,2813
2,2814
2626,2814
1163,2815
392,2816
4,2817
1483,2817
23,2818
1226,2821
313,2822
243,2825
1462,2825
1544,2825
260,2826
157,2827
143,2828
672,2828
2636,2828
702,2829
1481,2829
151,2830
189,2832
2,2833
90,2833
245,2833
500,2833
1,2835
330,2835
849,2837
1187,2840
129,2841
23,2844
202,2844
282,2844
2128,2844
419,2845
17,2846
201,2846
176,2850
1248,2850
154,2853
982,2853
76,2855
938,2855
2509,2856
2,2857
225,2857
2,2858
200,2859
531,2859
1978,2859
2104,2859
21,2862
176,2863
1089,2864
201,2865
431,2865
1752,2865
2104,2865
353,2868
2730,2868
164,2869
183,2869
2773,2869
17,2870
70,2870
17,2871
642,2873
2777,2875
106,2876
1343,2876
1578,2876
828,2877
845,2878
2618,2878
76,2879
104,2879
81,2880
143,2883
1688,2884
168,2885
1431,2886
1539,2886
317,2887
1450,2888
264,2890
1095,2890
2173,2890
23,2892
340,2892
106,2893
473,2893
148,2894
754,2894
23,2895
75,2895
1072,2895
1295,2895
386,2897
65,2898
260,2899
2274,2899
1762,2900
75,2901
688,2903
798,2904
900,2907
1513,2909
1626,2909
289,2910
2892,2910
659,2911
2499,2911
2828,2911
1530,2912
619,2915
1341,2916
1515,2916
296,2917
5,2918
2876,2918
1380,2919
961,2920
2576,2921
1172,2923
1349,2923
659,2924
119,2925
500,2925
2561,2925
14,2932
298,2933
2044,2933
265,2934
760,2936
1043,2936
1373,2937
151,2938
55,2940
2331,2940
37,2941
90,2943
386,2943
50,2944
419,2946
70,2948
71,2948
755,2948
914,2948
1282,2948
1135,2952
2803,2952
493,2953
142,2955
76,2956
415,2956
80,2958
2568,2960
882,2961
0,2962
2933,2962
1247,2963
94,2964
732,2964
381,2965
460,2965
1848,2965
2628,2966
2,2967
378,2967
10,2971
1620,2971
2198,2972
2367,2972
2795,2972
119,2973
1299,2973
2333,2973
2465,2973
16,2974
2450,2974
12,2976
685,2976
382,2978
686,2978
2450,2978
1590,2979
460,2981
659,2981
823,2981
2241,2982
592,2984
1722,2984
154,2985
12,2986
0,2987
2401,2988
1973,2989
2020,2989
129,2991
582,2991
218,2992
79,2994
2463,2995
2898,2995
1989,2996
330,2999
1897,2999
1239,3000
0,3001
2254,3001
2682,3001
5,3003
66,3003
9,3004
893,3005
1549,3005
8,3008
1092,3009
1112,3009
2128,3012
2262,3013
4,3014
1831,3014
12,3015
128,3016
1553,3016
1651,3017
86,3018
58,3019
66,3021
476,3021
56,3024
1276,3025
2208,3027
483,3030
1892,3031
687,3032
289,3035
993,3035
1006,3035
1072,3035
1445,3035
2781,3037
968,3038
57,3039
2616,3039
16,3040
2775,3041
369,3044
972,3044
389,3045
475,3045
322,3047
951,3047
109,3050
1716,3050
2521,3051
23,3052
62,3054
2249,3054
1036,3057
131,3058
1,3059
14,3060
896,3060
12,3061
2215,3061
1130,3062
2465,3062
983,3064
317,3065
915,3065
1112,3065
2344,3067
2,3068
453,3068
1341,3068
14,3069
792,3069
1047,3069
460,3070
104,3072
143,3072
1588,3072
76,3073
404,3073
429,3074
996,3074
2414,3074
59,3075
45,3076
1904,3076
172,3077
2568,3078
562,3079
701,3079
528,3080
2602,3080
771,3081
2044,3082
65,3083
501,3084
2665,3086
295,3088
404,3088
833,3088
2266,3088
71,3091
1226,3092
67,3093
642,3096
815,3098
44,3099
119,3099
1755,3099
2845,3099
2336,3102
1470,3103
3037,3103
106,3106
2317,3107
659,3109
23,3110
2895,3110
57,3111
314,3111
2475,3111
544,3112
1973,3112
2274,3112
1264,3114
30,3116
265,3118
2471,3120
2254,3122
7,3123
149,3126
2682,3126
333,3127
814,3127
190,3128
1061,3128
797,3136
103,3137
2799,3137
2063,3139
179,3140
201,3141
0,3142
452,3142
1418,3143
2734,3143
1370,3145
1487,3148
1542,3148
2952,3148
519,3149
505,3151
2432,3151
2104,3152
13,3153
30,3155
1380,3156
631,3158
1232,3158
244,3159
265,3162
593,3162
688,3162
1363,3163
1443,3163
70,3164
124,3165
245,3165
148,3166
925,3166
1495,3166
1647,3167
1544,3168
689,3169
2542,3169
2991,3169
519,3171
66,3172
1264,3172
10,3174
1711,3174
1016,3176
2346,3176
16,3177
1326,3177
2633,3179
21,3180
2327,3180
2293,3181
3052,3183
590,3184
1780,3184
30,3185
873,3185
2844,3186
2695,3187
103,3188
119,3188
600,3191
2117,3191
287,3193
12,3194
1,3195
594,3195
1350,3196
1685,3197
2239,3197
30,3200
269,3200
713,3200
1610,3200
51,3201
2764,3201
10,3202
620,3202
1030,3202
4,3205
5,3206
463,3206
2698,3206
439,3207
67,3208
2616,3208
9,3209
145,3209
154,3209
1333,3209
76,3211
545,3211
1116,3211
1282,3217
124,3218
8,3220
1697,3220
659,3222
2744,3222
977,3225
0,3226
237,3226
210,3229
258,3233
528,3233
1735,3233
7,3234
1489,3236
1251,3237
2961,3237
791,3239
1108,3240
1960,3240
453,3241
2159,3241
2588,3243
973,3244
2566,3245
2948,3245
607,3246
67,3247
618,3247
1003,3249
1433,3249
2338,3249
0,3250
753,3251
494,3253
168,3257
1848,3262
2333,3262
269,3266
67,3268
681,3269
610,3270
646,3270
183,3274
200,3277
1341,3278
536,3279
951,3279
2074,3279
2093,3279
1611,3280
1832,3280
10,3281
154,3281
1133,3282
119,3283
179,3283
76,3285
1380,3285
104,3287
269,3287
1481,3287
1495,3287
198,3288
7,3292
797,3292
931,3292
938,3293
1450,3293
2068,3293
1929,3294
0,3295
1300,3299
2482,3300
395,3302
2128,3302
2326,3302
631,3303
17,3304
90,3304
106,3304
381,3304
196,3305
1553,3305
151,3306
961,3306
2,3307
1170,3308
512,3310
1906,3310
453,3313
2,3315
501,3315
2084,3317
176,3318
4,3320
1426,3320
506,3321
983,3322
1349,3322
1258,3324
118,3325
2370,3325
1276,3327
1592,3327
2264,3331
493,3332
2145,3334
521,3335
1620,3337
2564,3339
1348,3342
251,3344
67,3345
269,3346
62,3348
2109,3348
3,3349
142,3351
21,3353
1450,3353
1920,3353
1299,3354
2598,3355
1459,3359
1,3360
804,3363
2241,3363
282,3364
2450,3364
346,3365
1768,3365
1863,3365
1985,3365
258,3367
76,3368
964,3368
509,3370
1716,3370
71,3372
81,3372
517,3372
574,3373
914,3373
2338,3373
2690,3373
128,3375
791,3375
1333,3376
53,3377
361,3378
76,3382
378,3382
610,3382
2398,3382
2580,3382
229,3384
425,3384
67,3385
493,3385
1836,3385
3193,3387
508,3388
179,3389
532,3389
682,3391
1184,3392
1011,3393
2138,3395
2799,3396
31,3397
1170,3397
1913,3397
582,3403
3174,3406
76,3408
2019,3409
131,3410
768,3410
45,3411
685,3411
1978,3411
2115,3411
598,3412
565,3413
2775,3414
153,3415
282,3415
463,3415
23,3416
1481,3416
66,3417
2344,3417
122,3418
1761,3418
0,3420
381,3420
1456,3420
138,3422
225,3422
882,3423
148,3427
1432,3427
66,3428
407,3428
1815,3429
1349,3430
10,3431
802,3431
0,3432
659,3434
1295,3434
2220,3434
76,3435
980,3435
1501,3437
2394,3437
2320,3438
2465,3438
1003,3439
30,3440
755,3441
1416,3441
3099,3441
303,3447
1341,3448
2156,3448
1199,3449
2208,3449
320,3450
643,3450
2885,3450
3169,3451
353,3453
380,3453
500,3455
801,3456
858,3456
1347,3456
21,3457
604,3461
13,3462
215,3463
325,3463
369,3464
1481,3464
2895,3465
426,3466
791,3466
1615,3466
2499,3466
3073,3466
62,3469
253,3469
913,3470
1671,3470
1028,3471
1832,3472
2659,3473
218,3474
1237,3475
1762,3476
65,3477
4,3478
62,3479
304,3482
819,3482
961,3482
269,3483
1878,3484
2453,3484
1563,3486
12,3488
143,3490
0,3493
23,3493
150,3493
682,3493
1821,3496
2946,3497
57,3498
229,3498
1297,3498
104,3499
980,3499
1503,3500
920,3502
2135,3502
2375,3505
2,3506
8,3506
85,3506
930,3506
124,3507
348,3508
872,3508
2991,3508
32,3512
476,3512
2434,3512
10,3515
20,3515
1079,3515
1683,3515
2434,3515
10,3518
1802,3518
2694,3521
3415,3521
1620,3522
1669,3522
1690,3522
305,3524
2068,3524
2742,3524
3496,3525
505,3527
1092,3527
1615,3527
0,3528
202,3528
1067,3528
415,3530
789,3530
1089,3530
17,3532
74,3534
3274,3536
517,3537
1024,3537
76,3538
143,3540
56,3543
1671,3543
21,3544
1905,3544
1413,3545
2063,3545
30,3546
574,3546
1607,3547
361,3549
1341,3549
1689,3549
0,3550
50,3550
246,3550
1233,3552
508,3553
381,3554
2898,3554
2991,3554
179,3555
23,3556
81,3556
302,3556
951,3559
973,3559
2135,3559
1269,3564
932,3565
90,3566
568,3566
536,3567
1848,3567
483,3568
109,3569
519,3569
1247,3569
129,3570
1032,3570
1201,3571
269,3572
67,3574
2456,3574
2807,3576
172,3577
1581,3577
1273,3579
1326,3581
1811,3581
129,3582
2103,3585
505,3586
1,3590
3483,3591
1959,3592
594,3593
174,3594
1433,3595
157,3596
2850,3596
634,3599
3065,3599
0,3601
640,3601
51,3603
1953,3603
1863,3608
2125,3608
0,3609
2,3609
40,3609
45,3609
76,3611
1251,3611
1971,3611
600,3612
1269,3612
3389,3612
1963,3616
1972,3616
1716,3617
2750,3617
0,3619
626,3620
2,3622
2964,3622
3,3624
1457,3624
1736,3624
2704,3624
168,3625
172,3625
1227,3625
868,3626
2703,3626
1696,3627
10,3628
1021,3628
0,3629
2068,3630
542,3635
678,3635
2215,3635
1387,3637
2063,3637
1359,3638
245,3641
3004,3644
104,3645
3322,3647
1375,3649
2588,3649
12,3650
2198,3650
3110,3650
968,3651
2910,3651
55,3654
154,3657
1489,3657
1907,3659
2247,3662
1096,3663
2193,3665
2308,3666
228,3667
453,3667
1492,3667
1960,3669
333,3672
3001,3672
76,3673
1273,3673
1373,3673
80,3674
1687,3674
78,3675
0,3676
53,3676
275,3678
3035,3678
3566,3679
298,3681
556,3681
954,3682
3515,3683
2169,3684
980,3686
104,3687
1248,3688
2336,3688
2225,3689
2473,3691
684,3692
1329,3692
2112,3692
614,3693
3466,3694
1000,3695
361,3696
1101,3696
76,3697
669,3697
886,3697
2627,3699
183,3700
1772,3700
2654,3700
924,3701
2659,3701
1858,3702
245,3703
1752,3705
1920,3706
212,3709
264,3709
5,3710
1063,3711
13,3712
20,3715
500,3715
568,3715
2163,3715
654,3716
698,3716
1607,3717
3434,3717
103,3718
347,3718
468,3718
199,3721
228,3721
574,3721
3109,3722
75,3723
1248,3723
3068,3726
0,3727
10,3730
643,3730
1462,3731
659,3732
784,3732
1220,3732
2046,3735
0,3736
1863,3736
194,3737
317,3739
468,3739
1545,3741
2463,3741
1161,3742
2948,3743
1282,3744
1696,3746
3364,3749
14,3751
2431,3752
153,3753
249,3753
925,3753
3499,3753
30,3755
618,3757
868,3757
766,3758
10,3759
3305,3759
97,3760
2530,3760
804,3761
3579,3761
0,3763
2151,3763
2918,3763
44,3765
1619,3765
646,3766
902,3767
2557,3768
1656,3769
2331,3770
2375,3770
3180,3772
1076,3773
76,3774
310,3774
1433,3774
3585,3775
1254,3776
66,3778
1876,3779
879,3780
1460,3780
1752,3780
2196,3780
2234,3780
76,3782
415,3784
381,3785
565,3785
724,3785
1631,3785
1643,3787
131,3788
734,3788
445,3789
476,3792
3299,3793
3715,3793
914,3795
50,3796
713,3796
168,3797
368,3797
845,3797
1553,3798
2131,3799
596,3802
919,3806
643,3807
3659,3807
501,3808
2921,3808
453,3810
688,3810
3368,3810
286,3813
2058,3813
1518,3815
958,3817
21,3818
322,3818
1505,3818
1263,3820
1906,3820
44,3821
157,3821
3,3822
264,3823
915,3826
914,3827
2190,3827
2597,3827
3609,3828
2509,3829
2775,3831
921,3832
1836,3832
517,3833
1950,3833
1619,3835
1489,3836
284,3838
1597,3838
128,3839
1922,3840
1621,3841
143,3842
1361,3844
1096,3846
1434,3846
2586,3846
3305,3848
0,3849
237,3849
692,3850
517,3853
2215,3853
2225,3853
157,3855
302,3855
1272,3855
0,3856
1685,3856
2602,3856
353,3858
532,3858
3016,3858
931,3859
1101,3859
614,3861
1205,3863
1877,3863
2626,3866
3673,3867
237,3868
603,3868
845,3868
506,3873
1063,3874
1831,3874
1927,3874
2050,3874
2104,3875
2695,3875
0,3876
353,3876
380,3876
345,3878
519,3879
3081,3880
693,3881
737,3881
889,3882
659,3883
2671,3883
3031,3886
104,3887
7,3888
3148,3888
142,3890
2436,3893
513,3894
801,3894
607,3895
3143,3895
3466,3895
3616,3895
666,3896
1259,3896
2401,3896
2915,3896
2303,3900
2542,3900
8,3901
453,3901
1501,3903
2783,3903
237,3904
506,3904
2588,3904
3682,3905
338,3906
0,3909
176,3909
736,3909
196,3910
256,3910
2828,3910
1061,3912
3469,3912
156,3913
1300,3914
2626,3914
632,3915
698,3917
3110,3917
85,3918
0,3919
85,3919
234,3920
419,3920
2964,3920
383,3921
3730,3921
0,3922
20,3922
10,3923
26,3923
3078,3923
297,3924
2339,3924
646,3925
3721,3925
70,3926
76,3926
9,3928
902,3928
3681,3928
2,3930
265,3930
1716,3930
1931,3930
157,3931
968,3931
3030,3931
845,3932
150,3933
1046,3933
128,3935
2540,3939
2868,3939
21,3940
3111,3941
416,3943
1312,3943
10,3946
1495,3948
79,3949
1068,3949
148,3950
21,3951
3782,3953
142,3954
833,3955
3524,3958
415,3959
453,3959
797,3965
567,3966
2795,3966
191,3967
10,3968
545,3968
284,3969
1343,3969
3528,3969
3616,3970
2465,3971
2687,3973
156,3974
350,3974
3025,3975
3525,3975
1264,3976
143,3978
669,3981
3099,3981
3001,3982
542,3983
2521,3985
322,3986
1471,3987
2418,3988
2524,3989
2,3992
3768,3992
567,3994
430,3996
819,3996
149,4000
453,4000
3780,4000
73,4002
443,4003
2901,4003
307,4005
1956,4005
2,4006
265,4007
521,4007
1502,4007
198,4008
2751,4010
4,4012
17,4012
45,4013
4003,4013
2229,4014
2286,4014
2412,4014
705,4015
961,4018
247,4019
47,4020
2169,4020
3,4021
2266,4021
435,4024
3148,4024
62,4026
598,4027
2119,4027
1743,4028
386,4031
1052,4031
2598,4032
1076,4033
3975,4035
452,4037
736,4037
453,4038
460,4038
1696,4044
1175,4045
2278,4045
1904,4046
103,4047
562,4047
1247,4048
70,4049
173,4049
3025,4049
519,4050
2020,4050
9,4052
590,4053
3004,4053
1251,4054
14,4056
232,4056
947,4056
79,4057
513,4057
1962,4057
3257,4059
44,4060
631,4060
216,4061
2450,4061
1459,4062
103,4063
691,4063
721,4063
1136,4063
1189,4063
3595,4063
1471,4064
453,4065
2499,4065
2717,4067
440,4068
1905,4068
273,4070
1272,4073
2453,4074
1,4077
600,4077
2170,4078
2879,4078
3418,4079
113,4082
460,4082
1495,4082
493,4084
787,4084
12,4087
403,4087
2467,4087
183,4092
361,4094
5,4096
229,4096
234,4096
3826,4097
76,4099
961,4099
1282,4101
2,4102
621,4102
1607,4105
1068,4106
1,4107
3954,4107
897,4108
3981,4108
2,4109
2803,4110
1361,4111
81,4113
124,4113
1950,4113
2,4114
1857,4114
2568,4114
54,4115
382,4115
688,4115
333,4116
731,4116
834,4116
1661,4116
2987,4116
1910,4117
2462,4117
1272,4118
1989,4120
7,4121
416,4121
2967,4121
3346,4124
0,4125
1225,4126
0,4127
3325,4127
199,4128
2501,4128
2578,4128
4128,4129
1573,4131
415,4132
890,4134
137,4135
3753,4135
59,4136
3438,4136
74,4137
2566,4141
224,4142
339,4142
593,4143
1420,4143
737,4145
514,4146
1821,4146
320,4149
566,4149
2730,4149
150,4150
590,4150
1759,4150
3731,4150
3466,4151
872,4152
66,4154
2974,4154
493,4156
1495,4158
143,4159
1302,4160
2301,4160
17,4161
3069,4162
1931,4163
154,4164
2109,4164
2703,4164
0,4165
2168,4165
3611,4165
13,4166
1697,4167
1863,4168
361,4170
2764,4170
143,4171
3838,4171
183,4172
173,4173
3200,4175
3887,4175
431,4177
961,4178
460,4180
812,4180
1201,4180
1184,4182
1863,4185
66,4186
2,4187
32,4188
2093,4188
980,4189
2307,4189
666,4190
3700,4190
189,4191
1351,4194
2727,4194
253,4195
2580,4195
3288,4197
2490,4198
2747,4199
3009,4199
3365,4199
1000,4201
2862,4203
865,4205
1983,4208
2557,4208
460,4210
3973,4210
1397,4212
4110,4212
30,4213
2850,4214
2,4215
103,4216
2543,4216
30,4218
67,4218
4097,4219
3624,4222
14,4223
3718,4224
12,4227
1361,4228
1493,4229
76,4230
97,4230
1815,4230
12,4231
798,4231
3744,4231
8,4234
104,4234
2235,4238
3195,4239
430,4240
3850,4241
298,4243
914,4244
3,4245
3211,4245
379,4248
62,4251
200,4251
3579,4251
443,4252
2356,4254
4,4256
1501,4256
3031,4256
1669,4258
2952,4258
1661,4261
924,4264
1029,4265
1097,4265
2565,4265
0,4266
917,4269
1096,4270
1786,4270
56,4271
1068,4271
143,4273
1125,4273
1711,4274
557,4279
516,4280
81,4284
726,4284
3568,4284
1588,4285
3243,4285
3525,4285
30,4286
1520,4286
3205,4287
972,4288
752,4290
21,4291
4218,4292
3418,4293
3624,4295
3858,4295
1101,4297
2591,4299
2853,4302
269,4303
126,4305
168,4307
2,4310
142,4310
212,4310
3609,4310
2569,4311
619,4314
151,4318
229,4318
2578,4318
59,4321
403,4323
1256,4323
343,4324
1048,4324
269,4325
1128,4325
2181,4325
4105,4326
777,4327
3169,4327
3572,4328
3831,4328
262,4329
453,4329
3521,4331
3016,4332
2355,4333
144,4334
453,4336
2465,4337
1021,4338
1476,4338
1,4339
208,4341
3202,4341
81,4342
600,4343
914,4343
30,4344
505,4344
2525,4344
688,4345
3746,4345
2933,4346
47,4350
215,4350
693,4350
3466,4350
269,4351
1133,4351
926,4352
1768,4353
1753,4354
174,4355
1687,4355
3855,4355
417,4356
5,4359
1462,4360
4087,4361
3220,4362
143,4363
2,4364
819,4364
3818,4364
74,4366
2299,4366
3434,4366
4318,4366
1487,4367
2876,4367
237,4368
1985,4368
2333,4368
1607,4369
3391,4370
5,4372
3718,4374
2,4376
2440,4377
801,4378
865,4379
874,4379
143,4380
106,4382
282,4382
291,4382
189,4383
415,4383
2086,4383
768,4384
1420,4384
3076,4384
4256,4385
128,4386
1920,4388
593,4389
3641,4389
1643,4393
87,4395
768,4395
346,4396
1125,4396
104,4398
546,4398
75,4399
512,4401
713,4402
791,4402
3822,4403
3744,4404
3,4405
8,4405
755,4405
902,4405
1784,4406
350,4408
2682,4410
2,4411
395,4411
415,4413
603,4413
3304,4417
0,4419
600,4419
1341,4420
59,4421
701,4422
1513,4424
1762,4425
540,4426
174,4429
4094,4429
12,4434
532,4434
3701,4434
1326,4435
1845,4436
3324,4436
110,4437
514,4438
865,4439
109,4442
1484,4443
755,4444
23,4445
246,4445
3488,4445
760,4449
797,4449
3222,4450
245,4451
104,4452
79,4453
2109,4453
237,4454
267,4454
594,4454
3710,4454
546,4456
1543,4456
1620,4457
813,4458
1547,4458
2,4461
728,4461
1232,4461
21,4462
475,4462
2274,4462
4189,4462
76,4464
4213,4464
1768,4465
4024,4465
2604,4468
1163,4469
1084,4470
56,4471
1774,4471
40,4472
3093,4473
2274,4475
2485,4476
2239,4477
2499,4477
2390,4479
79,4480
1416,4480
218,4481
3608,4482
168,4483
1051,4483
439,4484
1233,4484
2870,4485
873,4486
1181,4486
104,4487
493,4487
2274,4487
3498,4487
425,4489
2330,4490
3387,4490
296,4493
76,4497
2243,4498
2576,4498
476,4499
3222,4499
3611,4500
1,4501
0,4503
3793,4503
1622,4504
70,4507
327,4507
390,4508
567,4509
1503,4510
2996,4511
3331,4511
259,4513
172,4514
1000,4515
1611,4515
1299,4516
183,4517
3306,4518
515,4519
2274,4519
2763,4519
45,4520
4007,4521
476,4522
119,4523
595,4523
1792,4523
1152,4525
109,4526
693,4526
980,4527
2879,4527
2370,4528
521,4529
1899,4530
3581,4531
3959,4531
3710,4532
8,4538
760,4538
1792,4538
4499,4538
247,4542
30,4543
3206,4545
801,4547
71,4548
287,4548
1061,4548
852,4549
2865,4549
1695,4550
626,4552
104,4555
2,4556
1297,4557
516,4559
3950,4560
4063,4561
1503,4562
1997,4562
1297,4563
1225,4566
3524,4566
1588,4567
4461,4567
914,4568
2098,4568
1481,4571
225,4572
4422,4572
1297,4576
1616,4577
183,4578
10,4579
3612,4581
549,4583
23,4589
1021,4589
4295,4590
0,4591
263,4591
1448,4591
2243,4591
2521,4591
3808,4592
144,4593
2044,4593
3512,4594
1118,4598
3924,4598
669,4599
21,4600
643,4600
919,4600
568,4602
2176,4602
659,4603
596,4604
1656,4605
3348,4605
34,4606
483,4606
1988,4606
4149,4606
154,4607
0,4608
348,4608
1097,4608
1407,4612
2344,4613
4127,4613
208,4615
2453,4615
506,4617
2936,4617
0,4618
0,4619
1133,4620
701,4621
1092,4622
2545,4622
4523,4622
956,4623
4021,4623
240,4624
3935,4624
3609,4625
53,4626
2331,4626
104,4628
679,4628
996,4628
4602,4628
1607,4629
3019,4632
3992,4632
2,4633
103,4633
1783,4633
4185,4634
129,4636
0,4637
1457,4637
420,4640
7,4641
768,4643
75,4644
1671,4644
2450,4644
4270,4644
4411,4645
1036,4646
4128,4647
10,4648
104,4649
590,4649
1643,4650
1776,4650
2169,4652
1578,4653
1206,4657
2215,4657
4256,4657
593,4661
3453,4661
30,4662
684,4663
3856,4663
14,4664
122,4665
701,4666
2125,4667
3920,4667
1931,4669
103,4673
196,4674
506,4674
1774,4675
4285,4675
395,4676
3217,4676
2302,4677
62,4678
2909,4678
3464,4678
475,4681
540,4681
3019,4681
2691,4684
645,4685
2797,4685
666,4686
90,4687
1860,4688
85,4689
2547,4689
2641,4689
3201,4690
3285,4690
13,4692
16,4692
415,4693
1397,4695
4334,4696
264,4697
3493,4698
758,4699
2556,4699
78,4700
2098,4700
4171,4700
74,4702
237,4702
129,4703
494,4703
512,4703
1248,4703
3789,4703
237,4704
1928,4704
1774,4705
1876,4706
2800,4706
26,4710
4579,4713
196,4714
1660,4714
1089,4715
265,4716
4063,4718
3478,4719
1021,4721
1175,4721
14,4722
1810,4722
2,4723
3780,4724
3,4727
879,4727
218,4728
528,4729
1727,4729
4402,4729
0,4730
50,4730
2628,4730
1484,4733
3888,4733
672,4736
1579,4736
1247,4737
2302,4737
189,4738
55,4739
1068,4742
1753,4742
1866,4742
3753,4742
3435,4745
980,4748
289,4749
2414,4749
831,4750
3,4751
595,4752
1658,4752
2,4753
2618,4756
3796,4756
4109,4757
865,4758
1287,4758
1661,4758
2,4761
419,4762
3143,4763
2511,4764
2375,4765
3881,4767
501,4768
142,4769
4350,4769
2541,4770
4052,4770
287,4772
1060,4772
1076,4772
2899,4772
4429,4772
872,4773
1361,4774
5,4775
12,4775
348,4777
460,4777
76,4778
1627,4778
314,4779
791,4779
718,4780
7,4782
2450,4782
0,4784
3831,4786
1299,4789
1525,4791
1885,4791
3353,4791
2,4798
3692,4798
4703,4798
287,4801
4230,4801
66,4802
1187,4803
104,4804
229,4804
3074,4805
254,4806
834,4806
3883,4806
67,4808
2742,4808
4749,4808
12,4809
3932,4811
460,4813
3061,4813
2370,4814
1764,4815
2030,4816
460,4817
1812,4817
1020,4818
643,4820
4623,4821
574,4825
1352,4825
304,4826
1515,4826
2566,4826
3571,4826
1481,4827
330,4829
403,4829
2765,4829
66,4830
2740,4830
2909,4830
81,4831
1409,4831
2436,4832
633,4833
4280,4833
1455,4834
244,4835
2450,4835
3506,4835
1900,4838
2868,4838
3919,4839
3686,4840
592,4841
1168,4843
66,4844
685,4844
1341,4844
2450,4844
409,4845
3996,4846
874,4847
3761,4848
3935,4850
1021,4851
1588,4851
542,4852
404,4853
1695,4853
1933,4855
4160,4855
10,4856
2338,4860
789,4861
3073,4861
3850,4861
21,4863
157,4863
2,4866
2465,4866
2536,4867
1434,4868
961,4870
1499,4870
190,4871
693,4873
13,4874
4063,4875
10,4879
193,4879
914,4880
13,4881
3855,4881
2,4882
2747,4882
196,4884
2364,4884
2628,4884
2777,4887
4567,4887
3453,4889
17,4890
12,4891
53,4891
173,4891
383,4893
3566,4893
3429,4894
4137,4894
4714,4895
3331,4897
319,4898
110,4899
1882,4901
3172,4901
109,4902
626,4902
1285,4904
310,4905
494,4905
3788,4905
1545,4906
124,4907
1503,4907
282,4908
2650,4909
3112,4909
873,4910
0,4912
3793,4913
103,4914
1549,4914
3416,4914
1061,4917
198,4919
20,4920
327,4920
980,4920
2580,4920
300,4923
926,4925
855,4926
922,4926
1854,4926
598,4929
104,4931
109,4931
670,4931
2974,4933
378,4934
1426,4934
4013,4934
2093,4935
685,4940
204,4942
3141,4942
10,4943
429,4943
626,4943
2071,4943
87,4947
1979,4947
1616,4948
138,4950
404,4952
66,4953
2764,4953
4770,4954
2326,4955
3992,4956
194,4958
348,4959
659,4960
2286,4960
688,4961
76,4963
1258,4964
1373,4966
66,4969
2135,4969
14,4970
191,4970
1867,4971
1,4972
728,4972
980,4973
1789,4975
1047,4976
4617,4976
1093,4977
1415,4977
3197,4977
1863,4978
9,4979
3015,4980
2567,4984
2577,4985
789,4986
4354,4986
1144,4989
3278,4989
3017,4990
3283,4991
3197,4992
1061,4993
3813,4993
17,4994
669,4994
297,4996
3793,4997
0,4999
56,4999
1273,5000
4173,5001
861,5002
3021,5002
4106,5002
1021,5003
3365,5003
920,5004
1581,5004
476,5005
265,5006
961,5007
201,5011
3151,5012
179,5014
1097,5016
1697,5016
1683,5017
759,5019
619,5020
2520,5020
58,5021
1256,5023
243,5024
2604,5024
923,5025
78,5026
961,5026
980,5026
345,5028
512,5029
1063,5029
2522,5029
44,5030
208,5031
1332,5032
2564,5034
3624,5035
62,5036
1906,5037
2933,5038
505,5039
2401,5039
3521,5041
23,5042
361,5042
923,5043
3158,5045
3629,5046
76,5047
1651,5047
8,5048
16,5048
183,5048
919,5048
274,5051
947,5053
2441,5053
879,5054
4563,5054
4931,5054
3137,5055
2344,5056
2012,5057
4901,5057
1098,5060
1151,5061
2467,5061
3037,5061
792,5062
1023,5062
2336,5062
2378,5062
4099,5062
0,5063
40,5063
500,5065
604,5066
2659,5070
1708,5071
2557,5071
0,5072
23,5072
1786,5072
2678,5072
2992,5072
1881,5073
2740,5073
3581,5077
4780,5077
1135,5079
2344,5079
2936,5079
596,5080
3001,5080
1385,5081
3508,5081
1471,5084
20,5086
5,5088
777,5089
7,5091
645,5093
4851,5096
3896,5097
4020,5098
1804,5099
2718,5099
2274,5100
4480,5100
5029,5100
3493,5101
5061,5104
1610,5105
763,5106
2682,5106
2714,5106
645,5107
3599,5108
45,5109
75,5110
110,5110
1117,5110
1373,5110
2844,5111
642,5112
4887,5112
2616,5113
454,5114
462,5114
1006,5116
229,5120
3742,5120
4068,5121
104,5123
12,5124
760,5125
868,5125
788,5126
190,5127
1204,5127
2058,5127
4364,5127
144,5130
748,5131
1905,5132
3744,5135
62,5136
1006,5138
4,5139
540,5140
590,5140
30,5141
980,5141
5057,5142
19,5143
620,5143
323,5145
1247,5145
10,5146
142,5147
3657,5150
1225,5151
2186,5151
548,5152
8,5153
1006,5153
3208,5155
3364,5155
682,5157
3506,5158
3909,5160
873,5162
2453,5163
2870,5165
1901,5166
4097,5166
719,5167
2220,5170
4186,5170
1204,5172
1405,5172
168,5173
1256,5174
17,5175
4581,5175
951,5176
603,5177
1,5178
2545,5178
5174,5178
0,5179
1904,5180
752,5183
1470,5184
3172,5185
4568,5185
4438,5186
5,5187
273,5187
688,5187
2773,5188
104,5189
151,5189
1567,5189
1087,5191
2230,5191
3700,5191
2119,5192
5,5193
65,5196
4977,5196
229,5197
4442,5198
36,5199
4899,5199
138,5202
415,5202
966,5202
1615,5203
2857,5203
3727,5204
119,5205
1497,5205
103,5209
5012,5209
508,5212
1685,5212
2989,5212
149,5213
517,5213
3694,5214
4279,5214
961,5215
1520,5215
2134,5217
2336,5217
2,5218
3923,5218
40,5224
1904,5224
2134,5224
3187,5225
5012,5225
348,5226
3325,5226
378,5227
1380,5227
1781,5228
198,5229
4979,5230
1638,5231
110,5232
179,5232
3,5233
4384,5234
886,5235
151,5238
1456,5239
2702,5242
732,5244
208,5246
1442,5248
9,5249
2714,5251
3438,5251
8,5252
3382,5254
1686,5255
1752,5256
791,5258
3001,5260
3035,5261
3068,5261
2005,5262
138,5263
1021,5263
659,5264
1175,5264
1269,5264
4105,5265
65,5266
4979,5266
2125,5267
103,5268
3921,5270
14,5272
32,5272
1989,5272
3416,5272
246,5273
4162,5274
846,5275
3,5276
2735,5278
2071,5279
517,5280
594,5280
852,5283
505,5284
2894,5286
3050,5286
7,5288
291,5289
2432,5290
12,5291
902,5291
2125,5291
296,5292
1264,5292
81,5293
3506,5295
1046,5296
5202,5296
1357,5297
3506,5297
500,5298
300,5301
4774,5301
5131,5301
590,5302
3969,5303
70,5304
157,5305
2641,5305
142,5306
582,5306
70,5307
4121,5307
1821,5309
3202,5309
2640,5310
2,5311
30,5312
128,5312
1329,5313
5079,5313
269,5315
340,5315
2545,5315
1706,5316
718,5317
4438,5317
40,5318
519,5319
419,5320
2650,5320
519,5322
1146,5322
2303,5323
4648,5323
901,5324
157,5325
3305,5325
190,5328
3746,5328
1780,5330
2230,5330
2465,5330
2933,5330
265,5331
2784,5332
3780,5332
289,5334
56,5335
3385,5335
4285,5336
4382,5336
3453,5337
1416,5342
2933,5343
460,5345
21,5346
1067,5347
21,5350
2007,5350
2909,5351
3543,5351
4020,5353
1743,5354
1693,5355
70,5356
4947,5358
930,5359
3074,5359
5227,5359
1468,5360
3274,5360
5196,5361
4703,5362
973,5363
2551,5363
62,5364
157,5365
2185,5366
119,5367
754,5368
75,5369
3820,5369
595,5372
2703,5372
79,5373
4622,5373
3387,5375
395,5376
273,5377
4761,5377
3434,5378
361,5379
1433,5380
2096,5380
2104,5381
1811,5382
598,5383
3411,5387
3502,5388
149,5389
2984,5389
256,5392
348,5393
4121,5393
9,5395
2817,5395
3111,5395
2106,5397
819,5399
2412,5400
2331,5401
2186,5402
4901,5406
2,5407
1128,5407
225,5409
3093,5409
594,5410
892,5411
2243,5412
3721,5412
1003,5414
5301,5414
145,5415
4910,5415
914,5416
390,5419
694,5419
902,5419
2244,5420
3596,5421
295,5423
4568,5423
1976,5424
2689,5424
361,5427
3506,5427
5251,5427
2964,5428
191,5429
3827,5429
1491,5430
1818,5430
55,5431
542,5431
925,5432
361,5433
1247,5433
1611,5434
4844,5434
1119,5436
460,5438
1063,5438
119,5439
287,5439
1812,5439
5360,5440
3174,5441
3441,5442
1,5444
768,5444
1755,5444
2474,5444
179,5448
1451,5448
10,5449
2063,5449
2566,5449
4480,5449
1481,5450
2336,5452
4,5453
3193,5453
5337,5456
74,5457
1170,5457
2050,5458
2186,5458
4990,5459
5389,5460
198,5462
1811,5463
3904,5466
119,5467
505,5467
2081,5468
4212,5469
2094,5472
2888,5473
5409,5476
1661,5479
865,5480
1046,5480
5020,5480
5444,5481
103,5482
119,5482
1857,5483
1028,5484
1236,5484
143,5485
2386,5485
3418,5485
1767,5487
2145,5488
2475,5488
0,5489
3498,5490
4952,5491
129,5493
2145,5493
69,5495
1610,5495
2463,5495
109,5496
5,5497
1112,5498
694,5499
957,5501
1868,5501
5198,5501
5,5504
148,5504
2135,5504
4027,5505
4703,5505
119,5507
3525,5507
4590,5507
264,5508
1710,5508
5198,5508
168,5509
1683,5509
2314,5509
4568,5509
190,5511
1325,5511
2703,5511
12,5515
81,5515
556,5516
3746,5516
157,5518
351,5518
381,5518
1900,5518
5261,5519
618,5520
646,5520
915,5520
4893,5522
4632,5527
4010,5528
244,5529
137,5530
2486,5532
4284,5533
406,5534
1487,5534
2035,5534
2135,5534
2,5535
323,5536
460,5536
684,5539
4592,5539
289,5540
2566,5540
1343,5541
1643,5541
76,5544
8,5545
1299,5545
4293,5545
71,5547
3876,5547
1172,5550
4550,5552
142,5553
1373,5554
1573,5554
890,5555
4756,5557
3524,5558
3359,5559
1179,5561
5091,5562
1,5563
19,5563
2104,5563
5048,5563
1282,5564
868,5568
1052,5569
1147,5569
1706,5569
2897,5569
2370,5570
1565,5572
237,5574
1616,5574
189,5575
1424,5576
269,5577
4634,5577
843,5578
269,5579
2093,5579
128,5583
415,5583
216,5584
476,5584
3689,5584
3709,5584
58,5586
1236,5586
2303,5587
70,5589
246,5589
702,5589
2795,5589
4389,5589
2499,5591
2974,5591
298,5593
3,5594
2274,5596
5318,5598
731,5603
3506,5603
1619,5604
0,5605
3457,5606
1567,5607
176,5608
768,5608
2522,5609
5226,5611
513,5612
3140,5612
3774,5612
4383,5612
3009,5614
3245,5614
4444,5615
4649,5615
1,5616
325,5617
1092,5617
2168,5617
4124,5618
3673,5621
1628,5622
1621,5623
2169,5624
460,5625
0,5626
1540,5627
2595,5627
3428,5627
251,5629
505,5630
911,5631
67,5632
532,5634
4661,5636
395,5637
2664,5637
1786,5639
5322,5639
1347,5641
62,5643
265,5643
865,5644
5508,5645
5541,5645
7,5646
1973,5647
4510,5647
2,5648
849,5650
2578,5650
3197,5650
2,5651
2198,5655
896,5656
5002,5657
1,5659
62,5661
545,5661
1989,5661
5643,5661
143,5662
1891,5663
3237,5663
3905,5663
565,5664
646,5664
31,5665
2344,5666
659,5667
1135,5668
2293,5668
677,5669
1716,5669
2764,5670
10,5671
4344,5671
1492,5675
5359,5677
1847,5678
172,5679
3197,5679
223,5681
17,5682
3506,5682
3735,5682
3008,5683
21,5684
66,5684
2576,5684
5,5687
415,5687
2795,5687
369,5688
5472,5689
1456,5690
59,5691
0,5692
156,5694
417,5694
2689,5694
1326,5695
890,5696
76,5698
614,5700
2408,5700
4008,5700
81,5701
3601,5701
5360,5701
512,5703
2109,5703
196,5705
2142,5705
610,5707
1588,5707
1,5709
109,5709
5650,5709
3596,5711
12,5712
17,5712
5108,5712
7,5713
23,5713
403,5715
5127,5715
173,5716
4180,5716
12,5717
183,5717
237,5719
849,5719
5651,5720
924,5721
702,5722
3992,5724
879,5725
1068,5725
1424,5725
383,5729
3549,5729
4121,5729
1020,5731
2277,5736
1952,5737
0,5739
3050,5739
30,5741
1973,5741
4014,5742
70,5744
522,5744
229,5745
103,5746
1940,5746
21,5747
425,5747
1544,5747
0,5752
1135,5754
990,5756
1792,5757
3478,5758
4606,5758
418,5760
246,5761
10,5762
1185,5763
3827,5764
59,5767
865,5770
4895,5770
2375,5771
4379,5771
4,5774
607,5775
198,5777
2092,5777
621,5778
1,5780
199,5780
512,5782
3700,5782
256,5783
4014,5783
5145,5784
5429,5787
1703,5788
243,5789
930,5789
1716,5789
4648,5789
4310,5791
4163,5793
237,5794
3858,5795
2707,5796
4873,5797
404,5798
2186,5798
76,5799
3650,5799
269,5800
2566,5800
10,5801
1250,5801
3611,5801
406,5802
958,5803
5196,5803
736,5804
5563,5806
755,5807
2715,5807
4487,5810
5016,5810
5378,5810
5197,5811
528,5813
1203,5813
2682,5813
528,5815
54,5816
14,5817
2215,5819
5399,5821
4451,5822
0,5823
160,5823
512,5824
1677,5825
2765,5825
2741,5826
2096,5827
4438,5827
3730,5828
167,5829
901,5829
416,5830
10,5833
53,5833
3827,5833
4910,5834
5170,5835
1172,5837
348,5839
348,5840
106,5842
246,5842
483,5842
2327,5842
3496,5842
390,5844
2911,5845
3766,5846
3524,5847
574,5848
5719,5848
3905,5849
4826,5849
2066,5850
282,5855
168,5856
5586,5856
1656,5859
3797,5859
3176,5863
1072,5864
314,5866
1481,5867
3303,5867
4791,5867
3143,5868
3780,5868
3917,5869
2,5870
4831,5872
21,5873
3896,5873
819,5874
1029,5876
81,5878
143,5878
805,5879
1983,5879
4191,5879
1450,5882
3052,5883
4454,5886
2742,5887
4087,5888
5557,5888
3651,5889
1227,5890
265,5891
5043,5891
23,5892
549,5892
19,5893
5835,5894
112,5895
5125,5897
798,5898
2196,5898
2506,5898
4425,5898
4730,5899
2185,5900
4909,5900
1418,5904
698,5906
138,5908
66,5910
1366,5910
2727,5911
528,5912
926,5913
3883,5913
4993,5915
5,5918
289,5918
614,5920
1571,5921
2704,5921
1,5922
167,5922
7,5923
473,5923
1089,5923
511,5924
1284,5925
7,5927
69,5930
198,5935
501,5935
567,5936
4444,5938
4271,5941
804,5943
56,5945
429,5946
3568,5946
4465,5949
695,5950
74,5951
540,5952
225,5953
3624,5953
1158,5955
947,5956
1373,5956
2316,5956
596,5958
270,5959
789,5962
81,5964
5189,5967
3753,5969
118,5971
293,5972
3073,5972
59,5977
269,5977
265,5980
768,5980
2846,5981
293,5983
2266,5983
3065,5983
5301,5983
2409,5984
3497,5984
223,5986
1595,5986
2135,5987
2277,5988
4021,5991
109,5993
501,5993
2264,5995
4542,5995
1366,5996
2556,5998
1071,5999
1615,5999
1823,5999
2597,5999
3202,5999
889,6000
1387,6001
3796,6001
4891,6001
5701,6001
2,6002
40,6003
2717,6005
3931,6005
145,6006
173,6008
2044,6009
2960,6009
6003,6009
1102,6012
1394,6013
5399,6014
154,6015
1956,6016
1779,6017
5946,6018
5547,6019
0,6022
961,6023
2566,6023
271,6024
4165,6024
1752,6025
1128,6027
4411,6027
5950,6027
1892,6028
2131,6028
3753,6028
137,6029
2314,6029
2727,6030
5695,6030
2545,6031
124,6032
542,6032
1233,6032
582,6033
1973,6033
3156,6033
3765,6033
190,6035
521,6037
2593,6037
1503,6040
2017,6040
3040,6041
368,6050
4117,6051
1416,6052
2173,6052
3270,6053
1147,6056
1445,6057
1832,6057
2176,6057
906,6058
1299,6059
4199,6059
620,6060
9,6061
10,6062
16,6062
4307,6064
4756,6065
5959,6065
856,6066
1827,6066
0,6067
1128,6067
119,6075
1607,6075
452,6078
0,6079
4798,6079
4934,6080
1163,6081
2543,6082
1792,6084
163,6085
1484,6085
2046,6086
17,6087
2285,6087
3549,6087
417,6088
973,6088
3416,6088
4751,6090
2249,6093
2465,6093
4364,6094
4393,6094
890,6096
87,6099
124,6099
5921,6099
4914,6100
2646,6101
5246,6101
4445,6103
1920,6104
296,6105
138,6106
3821,6106
6032,6107
85,6108
3676,6108
5709,6108
5952,6108
956,6110
4723,6110
453,6111
4310,6111
5771,6111
3415,6112
390,6113
773,6114
3434,6114
4681,6114
149,6116
1374,6118
2051,6118
5336,6119
194,6124
353,6124
2060,6125
2215,6125
119,6126
1373,6126
1006,6128
1638,6128
2251,6130
1341,6131
2055,6131
5883,6131
5458,6132
23,6133
3515,6133
593,6138
2547,6138
30,6139
4271,6139
2274,6140
3080,6140
1900,6141
70,6143
3171,6143
2472,6146
1,6147
3279,6147
1747,6148
30,6150
1780,6151
3821,6151
1366,6152
3262,6153
1247,6155
3974,6156
2331,6158
1390,6159
4395,6159
2142,6160
1495,6161
76,6164
1618,6166
4078,6168
25,6169
45,6169
2030,6169
1480,6171
1487,6171
4256,6171
1172,6172
4280,6172
3566,6173
804,6175
972,6175
1021,6182
4736,6183
5509,6183
1135,6184
1460,6184
2777,6184
4644,6184
1242,6186
3241,6186
2314,6188
903,6189
2991,6189
3723,6190
106,6191
23,6194
1151,6194
2060,6194
3257,6196
151,6198
2,6199
4396,6202
4778,6203
16,6204
715,6204
914,6207
1063,6207
4769,6208
303,6209
4934,6209
3,6210
14,6210
982,6210
5627,6210
2071,6211
2662,6211
4366,6211
2961,6212
4050,6212
5747,6213
1,6214
5906,6214
75,6215
164,6215
828,6215
3861,6215
1786,6216
3689,6217
3624,6219
3883,6219
2171,6220
902,6222
44,6223
1505,6223
4999,6224
244,6225
2714,6225
5266,6225
17,6226
1723,6226
773,6227
2315,6228
4063,6228
56,6229
303,6229
104,6230
269,6231
3855,6234
3118,6236
5872,6238
5,6239
1113,6239
0,6240
4161,6241
524,6242
1543,6242
1733,6243
631,6244
666,6245
1619,6245
659,6247
792,6247
915,6247
2063,6248
2063,6249
648,6250
5439,6251
1950,6253
2641,6253
3288,6253
90,6254
106,6256
2104,6256
1557,6257
418,6259
2181,6260
3136,6260
3283,6260
3441,6260
1042,6261
1888,6261
4557,6261
237,6262
1573,6264
2564,6265
67,6267
892,6267
2953,6268
2450,6270
789,6271
109,6273
6184,6274
3909,6276
65,6280
378,6280
1989,6280
297,6283
2972,6283
17,6286
50,6286
659,6289
119,6290
401,6290
5687,6291
2691,6292
1276,6293
1484,6293
2897,6294
6242,6296
620,6297
1011,6298
4848,6299
406,6300
200,6301
3883,6301
2811,6303
5203,6304
3,6307
4344,6307
5518,6308
10,6309
981,6309
246,6311
8,6312
5593,6313
798,6314
81,6316
6216,6316
3218,6317
106,6318
143,6320
2499,6320
65,6326
3052,6326
677,6328
1857,6328
2174,6328
3103,6328
1449,6330
2135,6330
688,6331
1833,6332
4700,6332
3659,6333
246,6334
2362,6334
2,6335
0,6336
2751,6337
4990,6338
610,6339
143,6340
17,6343
338,6344
5709,6345
324,6346
1349,6346
4366,6347
5369,6347
245,6348
5316,6348
264,6349
1857,6349
1495,6353
1618,6356
198,6357
3112,6357
3274,6357
0,6359
1963,6359
21,6360
788,6360
1247,6360
2063,6361
6228,6363
50,6365
76,6365
2184,6366
2044,6367
2315,6367
86,6368
201,6368
0,6369
85,6369
2859,6369
196,6370
972,6370
131,6371
5120,6372
383,6375
773,6375
21,6377
1495,6377
5162,6377
5930,6377
20,6380
542,6383
2370,6383
5,6384
599,6384
1697,6386
5042,6386
3,6389
768,6390
2974,6394
3515,6395
4703,6395
659,6397
3795,6399
4802,6399
1126,6400
4222,6401
1779,6403
189,6406
1540,6406
2476,6406
689,6407
322,6408
2764,6408
3274,6408
5935,6408
303,6409
1571,6409
3555,6411
2846,6412
4310,6412
269,6413
3233,6413
3855,6413
5217,6413
5416,6413
2978,6415
3581,6415
5493,6415
1435,6418
2825,6419
12,6420
19,6422
610,6422
2104,6422
5956,6422
269,6423
291,6424
5516,6424
272,6425
3107,6425
5764,6425
1146,6426
1954,6426
1588,6427
4461,6427
1535,6428
5589,6429
2,6430
5024,6430
542,6431
3486,6432
2,6433
297,6433
2532,6433
254,6434
1309,6434
6299,6435
12,6436
2098,6436
980,6437
54,6438
1489,6442
426,6444
582,6446
3585,6446
6228,6446
1705,6448
5496,6449
6085,6449
176,6450
6413,6451
1431,6452
5501,6453
76,6456
1373,6457
3930,6457
5993,6458
6261,6459
75,6461
3226,6461
5651,6462
1590,6463
3868,6463
2876,6465
2135,6467
1487,6468
2829,6468
4350,6468
1092,6469
1696,6470
3099,6470
2370,6471
4729,6472
94,6473
143,6474
2561,6478
2800,6479
325,6484
3045,6484
4633,6484
2521,6485
4096,6485
2298,6486
4366,6486
902,6489
3554,6490
951,6495
419,6496
1267,6498
2440,6498
5330,6498
62,6499
411,6499
1135,6501
303,6503
1298,6505
1006,6507
143,6508
347,6508
30,6510
5850,6511
218,6512
110,6513
1021,6513
2450,6516
4890,6518
5906,6518
151,6519
1341,6522
129,6523
5264,6523
40,6525
4364,6528
4350,6530
1467,6531
81,6532
119,6533
183,6535
5,6538
110,6538
368,6538
5946,6538
1737,6539
4288,6541
1032,6542
3493,6543
6093,6543
106,6544
85,6545
1710,6546
6099,6546
150,6547
12,6548
2096,6549
4779,6551
264,6554
1555,6554
5803,6554
8,6556
3996,6556
5,6557
2442,6558
1000,6559
1299,6561
2410,6561
282,6563
522,6563
4840,6563
5295,6563
1753,6564
160,6566
1573,6566
3155,6566
2125,6567
1151,6568
10,6569
519,6569
2720,6569
4685,6571
522,6572
1098,6572
4737,6573
142,6575
797,6575
2485,6575
2465,6576
56,6577
173,6579
1889,6579
2412,6579
4087,6579
12,6580
1671,6580
738,6581
2,6582
2317,6583
603,6584
3072,6584
757,6585
401,6586
4329,6589
5198,6590
2155,6591
4194,6591
1128,6593
350,6594
1284,6594
3715,6594
4212,6594
1269,6596
1747,6596
103,6597
4591,6597
430,6599
163,6600
765,6600
3861,6601
3920,6605
395,6606
1423,6606
66,6607
3498,6608
289,6610
5366,6610
4,6611
1518,6611
17,6612
1555,6612
4716,6612
669,6613
4361,6615
1607,6616
2060,6616
10,6617
3137,6618
1311,6620
1464,6621
3528,6621
1877,6622
151,6624
1722,6624
6059,6626
3465,6627
419,6628
1607,6628
5518,6629
3370,6632
140,6634
384,6634
771,6634
3051,6637
819,6639
1565,6639
1716,6640
4245,6644
6000,6645
443,6646
973,6648
9,6649
1036,6649
5276,6651
2597,6652
2650,6652
2543,6653
70,6654
3307,6655
3596,6655
5657,6655
2422,6657
4422,6659
2039,6660
701,6661
5191,6661
1761,6663
988,6664
70,6666
384,6667
1503,6667
5879,6669
754,6670
1693,6672
47,6673
2,6674
2871,6674
3303,6675
4364,6675
2094,6677
7,6679
2302,6682
5746,6682
70,6684
1811,6684
173,6687
772,6687
97,6689
1489,6689
325,6690
517,6691
1326,6691
2230,6691
310,6693
6226,6693
348,6695
6111,6695
4137,6697
425,6698
4730,6699
106,6702
688,6702
1135,6702
3599,6702
4910,6703
4763,6704
4454,6706
3427,6707
886,6708
2833,6708
3483,6708
5879,6708
2209,6712
6051,6712
8,6713
1770,6713
5682,6713
2,6714
119,6714
1,6715
183,6715
3697,6715
250,6718
3901,6719
67,6721
1697,6721
5844,6723
1921,6724
3637,6725
2,6726
270,6726
2044,6726
3559,6727
889,6731
4,6732
4350,6732
106,6733
247,6733
2293,6734
0,6735
232,6735
3544,6735
945,6739
2453,6742
4456,6742
718,6744
19,6747
30,6747
2,6748
5780,6750
2453,6751
2565,6751
694,6753
2898,6753
3994,6753
3065,6754
4422,6755
5028,6755
773,6759
3715,6761
3925,6762
315,6766
8,6768
2298,6768
1867,6769
2557,6770
3730,6770
5272,6771
501,6772
1199,6772
3068,6772
232,6773
178,6774
4687,6775
71,6777
5157,6778
5,6779
1550,6780
3346,6780
6126,6780
199,6781
1627,6783
3831,6783
603,6785
1380,6786
3037,6786
410,6788
544,6791
2569,6791
516,6793
913,6793
81,6794
1355,6794
3659,6794
724,6795
3112,6795
3710,6795
4700,6796
4613,6797
6110,6799
5158,6801
3293,6803
4355,6807
5215,6809
5337,6809
1644,6811
2720,6811
216,6812
6286,6812
1405,6813
289,6814
626,6817
4,6820
5952,6822
0,6823
2570,6823
3365,6823
124,6825
126,6826
3715,6827
5163,6828
10,6829
5971,6829
4114,6831
2015,6832
621,6834
6248,6834
5895,6836
1047,6837
5317,6838
4113,6839
5459,6839
5355,6840
2564,6841
2910,6842
590,6843
3285,6843
3001,6845
269,6848
1715,6849
5811,6849
148,6850
3556,6851
65,6853
5687,6859
185,6860
994,6860
21,6862
2910,6862
6143,6862
3515,6864
1297,6866
2066,6866
1405,6867
4934,6867
324,6868
873,6868
6430,6869
574,6870
760,6871
4366,6871
204,6873
707,6873
1877,6874
6334,6875
85,6876
110,6878
305,6879
3051,6880
6634,6880
0,6883
5705,6883
109,6885
40,6886
419,6886
626,6886
4,6887
66,6887
30,6891
4500,6891
81,6892
322,6893
590,6894
1779,6894
3466,6895
681,6896
670,6899
1503,6899
3345,6899
4162,6899
1071,6902
69,6904
755,6904
2333,6906
1540,6909
6413,6909
5842,6910
66,6913
2338,6914
3427,6915
2833,6916
4152,6916
789,6917
237,6918
3910,6918
191,6919
4953,6920
683,6922
1533,6922
3079,6922
323,6923
1109,6923
200,6924
3522,6924
1239,6925
3581,6925
3,6926
4613,6926
2115,6928
2765,6929
3431,6929
4556,6929
143,6931
1284,6931
3574,6931
1203,6933
2242,6933
2707,6937
5016,6937
17,6938
2320,6939
4325,6940
30,6943
4205,6946
4752,6950
3166,6951
3375,6951
381,6952
4848,6952
951,6953
53,6954
574,6954
5436,6955
110,6956
3415,6956
3674,6957
1945,6958
3412,6959
2467,6960
124,6961
1725,6962
3718,6962
2171,6963
3318,6963
1432,6964
3676,6965
737,6967
2938,6967
1284,6968
1308,6970
1427,6971
1021,6972
1128,6972
1501,6972
3498,6972
5707,6972
74,6973
0,6974
31,6974
75,6976
1906,6977
1804,6978
56,6980
1021,6980
6706,6980
1092,6982
1546,6984
2408,6984
983,6986
4,6990
1661,6991
6970,6991
2430,6992
6207,6995
926,6996
3564,6996
2159,6997
5,6999
868,7000
23,7002
1976,7004
2628,7004
382,7007
1101,7008
153,7009
2565,7009
2687,7010
13,7012
2367,7012
2687,7013
5,7015
646,7015
1272,7015
4617,7016
395,7017
2956,7018
225,7020
924,7021
1409,7021
3505,7021
930,7022
66,7023
1147,7023
138,7024
689,7024
5879,7025
104,7027
659,7027
319,7029
23,7030
347,7030
931,7030
6018,7030
6413,7031
1700,7032
1,7033
45,7033
2098,7033
4730,7036
148,7038
374,7039
3739,7039
5661,7039
4542,7043
5114,7044
6140,7044
6566,7045
4369,7046
5950,7046
1972,7048
6952,7050
3483,7051
1152,7053
1226,7053
0,7055
1068,7055
6997,7055
1619,7056
0,7057
1341,7058
5563,7058
1860,7059
2742,7059
3753,7060
67,7062
906,7062
4979,7064
70,7068
522,7068
313,7069
317,7069
2976,7069
932,7070
596,7073
60,7074
1615,7074
7017,7074
4499,7075
1789,7077
328,7078
1007,7078
1063,7080
494,7081
2678,7082
3411,7083
45,7084
1855,7086
4,7087
2490,7087
4372,7087
1716,7088
7064,7088
3796,7091
2901,7093
5709,7095
129,7099
1697,7099
2956,7100
62,7101
702,7102
1256,7102
1547,7105
1831,7106
3502,7106
5569,7108
0,7109
258,7110
19,7111
244,7111
3303,7111
5202,7113
144,7114
10,7115
1108,7115
2095,7116
4285,7116
12,7117
1326,7117
2243,7117
5631,7118
282,7120
1854,7121
76,7123
381,7123
6114,7123
7007,7126
0,7128
157,7129
508,7129
2293,7130
3,7131
104,7131
143,7131
216,7131
4600,7131
5,7134
882,7134
2651,7134
598,7135
4542,7135
40,7136
5993,7139
7129,7139
23,7143
4993,7144
4,7146
44,7146
30,7147
542,7147
3788,7147
4328,7150
4942,7150
173,7151
669,7153
3735,7154
931,7155
4518,7155
6780,7155
253,7156
846,7157
58,7161
2472,7162
6498,7162
2,7164
5265,7164
6837,7164
4693,7165
189,7166
2196,7166
3299,7166
237,7168
1126,7168
3850,7168
297,7169
1475,7169
531,7170
6084,7170
0,7171
4523,7172
6801,7172
1264,7173
2732,7173
1543,7175
3616,7176
4190,7176
6465,7176
7023,7177
13,7178
5872,7178
172,7179
5856,7179
6059,7179
247,7181
57,7184
1607,7184
3954,7185
966,7188
2695,7188
3186,7189
3650,7189
2961,7190
3202,7190
3780,7190
3788,7190
6734,7190
4359,7193
1884,7196
1,7198
189,7199
5077,7200
512,7201
2215,7202
2408,7206
1229,7207
7,7209
6958,7209
104,7211
645,7211
4742,7211
1427,7213
6473,7213
21,7214
62,7215
6183,7215
2156,7216
10,7218
1719,7219
237,7220
1372,7220
1983,7221
3410,7222
4198,7222
198,7224
593,7224
26,7225
30,7226
154,7226
1624,7226
5081,7227
6230,7227
3431,7228
5202,7228
6336,7228
692,7229
1251,7229
1889,7229
2063,7231
6425,7231
3579,7233
5591,7233
3788,7235
6528,7235
196,7236
4216,7236
333,7237
874,7237
0,7238
6974,7238
54,7240
1677,7240
143,7241
1292,7241
2545,7241
1347,7242
3765,7242
5021,7242
5791,7246
2974,7248
258,7249
6430,7249
70,7251
106,7251
3191,7252
6708,7252
142,7254
361,7255
6125,7256
3112,7258
2370,7259
6366,7259
6754,7259
4542,7260
1863,7262
882,7264
1686,7264
3247,7264
5971,7264
1420,7266
40,7268
865,7268
258,7269
5842,7269
2333,7270
4470,7272
1019,7273
1061,7273
2671,7275
3098,7276
542,7277
20,7279
2650,7279
4830,7283
5438,7283
688,7285
1636,7285
6724,7286
2,7288
3571,7289
5473,7290
1807,7294
951,7295
2972,7296
3823,7297
769,7299
5636,7302
695,7303
5057,7303
6931,7304
3506,7305
54,7306
1319,7308
2669,7308
0,7310
386,7310
51,7311
454,7311
3293,7312
4049,7313
4517,7313
3554,7314
1144,7318
1640,7318
6708,7318
1405,7320
3903,7320
485,7321
1711,7321
2367,7321
10,7323
882,7323
3512,7323
14,7325
302,7327
1893,7328
6839,7330
6931,7331
5711,7333
4195,7335
5323,7335
590,7337
1092,7337
21,7338
452,7339
2544,7340
6510,7341
208,7343
2432,7344
189,7347
2046,7348
3304,7350
2046,7351
2301,7354
3630,7354
3951,7354
4110,7354
7236,7354
517,7355
2117,7356
1677,7358
1779,7358
4189,7359
1701,7360
4007,7360
368,7361
460,7361
2556,7361
208,7362
269,7362
273,7362
5867,7362
30,7365
145,7367
1933,7367
3274,7369
7302,7369
4364,7370
4405,7370
5717,7371
5,7375
619,7375
4227,7375
4234,7375
183,7378
4078,7378
23,7379
20,7380
3202,7383
5720,7385
1263,7387
23,7388
7273,7388
119,7389
4808,7389
76,7390
201,7391
296,7391
3985,7392
1619,7393
151,7396
1021,7397
70,7398
2333,7398
1387,7400
435,7402
4953,7403
69,7404
348,7405
1264,7405
2281,7405
3711,7405
1087,7406
1347,7409
4419,7409
7237,7409
610,7410
814,7413
4334,7413
3730,7414
4101,7415
4318,7416
789,7417
1443,7421
519,7423
6837,7423
17,7424
2343,7424
798,7425
7044,7425
4334,7427
12,7428
1960,7428
1112,7431
378,7433
40,7436
176,7436
5799,7436
2156,7438
3924,7438
3932,7438
2841,7439
7015,7439
55,7440
811,7442
1420,7443
6485,7443
2063,7444
1931,7445
3206,7446
3807,7446
1239,7447
2991,7447
6424,7447
1537,7452
3753,7452
506,7453
5496,7453
2010,7454
4049,7454
5557,7454
30,7456
403,7457
4593,7457
176,7458
129,7460
21,7462
151,7462
2698,7462
3209,7462
3471,7462
3088,7463
3982,7463
6359,7464
2215,7465
843,7466
3930,7468
6655,7468
460,7469
1697,7471
1,7472
2664,7472
403,7473
460,7473
79,7474
395,7476
2370,7476
3896,7476
2592,7477
4500,7479
4622,7480
439,7482
1906,7482
106,7483
1061,7486
2015,7487
2409,7488
6780,7488
6708,7491
1130,7492
4914,7493
4162,7494
338,7495
4345,7495
2093,7496
3325,7496
310,7497
5177,7499
849,7500
972,7500
12,7501
6001,7501
5096,7502
6452,7503
6548,7504
172,7505
2918,7505
2,7506
144,7507
4369,7508
237,7509
4992,7509
1043,7510
2911,7511
2373,7512
3251,7512
21,7514
516,7514
1619,7518
993,7519
1170,7520
21,7523
1224,7523
3434,7525
4402,7525
6104,7525
973,7526
1893,7526
154,7527
297,7527
1312,7527
1755,7527
142,7528
1960,7528
4624,7528
5977,7528
6261,7528
631,7529
1854,7529
6317,7530
119,7531
3283,7531
5342,7531
1484,7534
2249,7534
996,7537
5563,7538
16,7540
5444,7540
1009,7541
874,7542
5066,7542
5761,7542
2868,7543
2868,7546
5868,7546
410,7547
517,7547
2101,7547
2695,7548
568,7549
142,7553
2577,7554
323,7556
4302,7559
74,7561
188,7561
737,7561
6058,7561
2564,7562
1727,7565
4633,7565
4490,7568
599,7569
1308,7569
3031,7569
4829,7569
1443,7570
5771,7570
6425,7571
265,7574
645,7574
50,7576
66,7577
3556,7577
5,7580
246,7580
3176,7580
196,7581
1087,7581
6184,7581
389,7582
938,7583
1351,7584
1592,7586
2565,7587
3895,7590
4212,7591
338,7593
369,7593
1490,7593
2695,7593
3647,7593
1545,7594
3188,7595
1884,7599
417,7600
419,7602
7273,7602
44,7603
313,7604
982,7605
4108,7606
2045,7607
6867,7607
3695,7608
324,7609
5705,7610
1136,7611
3585,7611
3717,7611
1,7612
57,7612
1643,7613
2697,7614
6041,7615
4285,7617
4324,7617
4636,7617
3,7618
5799,7619
325,7622
2286,7622
501,7625
938,7625
4499,7625
2331,7627
3950,7627
3,7628
1697,7628
3931,7628
788,7630
2817,7630
2522,7632
419,7633
4774,7633
251,7634
0,7637
66,7637
3599,7637
6495,7637
3174,7638
1833,7639
4866,7639
143,7640
4835,7641
7171,7642
1084,7644
3167,7644
4,7645
6703,7647
4166,7649
5328,7649
12,7652
10,7653
274,7654
7258,7654
3774,7655
684,7656
2671,7656
1725,7657
30,7658
2936,7658
2034,7660
1096,7661
72,7662
1468,7663
3222,7663
1711,7664
5497,7665
381,7666
425,7666
2565,7668
3166,7669
3241,7669
4942,7669
5436,7669
5700,7669
26,7671
4,7672
265,7672
2375,7672
3554,7673
112,7676
528,7677
2298,7677
4310,7677
1029,7678
137,7683
5212,7683
6356,7683
7225,7683
6328,7685
1061,7686
2334,7686
2595,7686
3935,7688
256,7690
2,7692
3165,7692
5719,7692
3799,7694
4703,7694
2068,7695
2442,7695
574,7697
2523,7697
512,7698
507,7699
3241,7699
8,7700
1487,7703
2008,7704
2,7705
269,7705
74,7707
153,7707
5719,7707
1252,7708
5142,7708
5593,7709
5,7714
1030,7714
1697,7714
838,7715
5746,7715
628,7716
4737,7716
296,7717
1725,7717
6862,7719
319,7720
2217,7721
5230,7721
6691,7724
354,7725
2208,7726
4613,7726
4669,7726
223,7728
3142,7728
3828,7729
6682,7729
143,7730
522,7730
3,7731
4271,7731
5719,7731
10,7733
2196,7734
516,7735
682,7735
5053,7735
1448,7736
2691,7737
6000,7738
6412,7738
40,7739
1808,7740
1581,7743
684,7745
79,7747
1464,7748
1821,7748
3831,7749
6016,7750
679,7753
659,7754
5480,7754
2395,7755
128,7756
3966,7756
12,7757
90,7757
5847,7758
124,7759
3564,7759
1393,7761
3741,7763
4770,7763
395,7764
308,7769
4758,7769
3742,7770
6375,7771
368,7773
5972,7773
30,7774
3065,7775
659,7776
3193,7776
7534,7777
0,7778
234,7779
3822,7779
3709,7781
404,7782
1752,7782
1832,7783
1416,7785
1607,7785
732,7786
1097,7786
473,7787
2669,7787
76,7789
2846,7789
2,7790
4934,7790
23,7792
5900,7792
1282,7793
4519,7793
129,7796
66,7797
69,7797
3559,7797
5395,7797
2355,7802
7018,7802
1363,7803
4704,7804
2691,7807
325,7808
693,7808
951,7809
106,7812
183,7812
4675,7813
5617,7813
4405,7814
362,7815
71,7816
378,7816
183,7817
149,7818
4476,7818
961,7820
6017,7820
1560,7822
245,7823
951,7823
611,7824
2333,7825
3727,7825
348,7828
1592,7828
381,7829
2691,7829
1495,7830
3982,7831
3359,7832
5325,7832
12,7833
3038,7833
3441,7833
6479,7833
2368,7834
865,7838
380,7839
5,7840
85,7840
17,7841
353,7841
3270,7843
0,7844
407,7844
3657,7846
3858,7847
2299,7849
325,7853
819,7853
6894,7853
13,7854
5466,7856
1135,7857
4844,7857
1735,7858
2554,7858
322,7859
5063,7862
531,7863
0,7864
2229,7864
104,7866
737,7866
1366,7866
7671,7869
7503,7872
300,7873
4345,7873
4503,7873
8,7876
1432,7876
1325,7881
1563,7881
3061,7881
4657,7881
16,7882
7118,7882
374,7883
62,7886
1616,7886
1786,7886
245,7887
768,7887
1620,7887
2370,7887
3241,7889
6899,7889
3222,7890
4461,7892
4581,7892
5746,7892
7881,7893
567,7894
3833,7894
7725,7894
1,7896
44,7896
6548,7896
6928,7896
3799,7897
7320,7897
1185,7898
16,7899
70,7899
5191,7900
1636,7901
3611,7901
6970,7902
7201,7902
1857,7904
2465,7905
3599,7907
1543,7908
256,7909
3315,7909
4145,7909
7728,7909
2486,7910
2627,7911
57,7912
1845,7912
4830,7912
2055,7916
3240,7919
50,7921
1989,7923
3202,7923
4230,7926
5598,7926
659,7927
707,7929
868,7930
1251,7931
3780,7931
3277,7934
81,7935
6328,7935
5709,7936
265,7937
154,7938
3905,7938
5709,7938
404,7941
997,7941
2,7942
361,7945
6909,7946
1,7948
743,7949
2695,7949
192,7953
622,7955
6151,7955
5574,7957
1220,7958
70,7959
4545,7959
2181,7960
1135,7961
3612,7961
791,7962
2462,7962
4127,7963
4499,7963
6075,7963
17,7964
3861,7967
5350,7970
2241,7973
5071,7973
3774,7975
2035,7977
3552,7977
3647,7977
7348,7977
598,7981
5483,7981
2125,7982
284,7983
1349,7983
143,7984
291,7984
4078,7984
460,7985
9,7986
6349,7988
143,7991
582,7993
3110,7995
157,8001
1042,8003
5079,8005
2,8007
17,8007
12,8008
21,8009
106,8009
677,8009
2058,8009
2163,8011
4844,8012
1540,8014
1716,8017
3715,8017
837,8018
5012,8019
2320,8020
3110,8021
3774,8021
1,8022
7007,8022
1226,8025
4097,8029
7290,8029
1656,8030
4256,8031
110,8032
5823,8032
3156,8034
5618,8035
6933,8036
2184,8037
6611,8038
1349,8040
3785,8040
379,8042
1950,8045
70,8047
7027,8047
1093,8048
16,8049
14,8050
223,8051
237,8051
1481,8051
85,8052
368,8053
1607,8053
5898,8055
2330,8056
4527,8057
4212,8058
322,8059
984,8060
150,8061
3715,8061
5511,8061
5539,8061
659,8064
2568,8067
5624,8067
3879,8070
7570,8070
1622,8071
590,8072
3306,8073
1007,8076
4868,8077
4078,8078
0,8079
3185,8079
6384,8079
4458,8080
1432,8081
103,8082
2362,8082
2190,8083
2030,8084
6713,8084
1348,8086
5081,8086
5783,8086
6009,8086
7735,8086
23,8090
612,8090
5170,8090
2456,8094
4366,8098
157,8099
3346,8100
6469,8100
1900,8101
2714,8104
4125,8104
6616,8104
10,8105
4830,8105
3391,8107
5587,8109
1888,8110
7694,8110
8057,8111
229,8116
776,8116
7362,8116
2145,8117
6926,8117
6059,8118
6926,8118
104,8119
62,8120
654,8121
3903,8122
1079,8124
6210,8125
194,8128
2107,8128
3883,8128
2948,8130
5842,8130
50,8133
460,8133
1804,8134
659,8139
2717,8139
2961,8139
2933,8140
6208,8140
544,8144
7783,8145
1014,8148
1481,8148
4667,8150
893,8152
920,8152
1588,8153
3283,8153
453,8154
2616,8154
0,8157
297,8157
493,8157
21,8158
23,8160
5199,8160
272,8161
757,8162
2025,8164
267,8165
972,8165
4189,8165
3948,8166
4078,8166
2817,8167
633,8169
1899,8169
2063,8171
6062,8171
30,8174
3287,8174
5964,8174
4035,8178
395,8179
4798,8179
3985,8180
7209,8180
3788,8181
1786,8182
5081,8183
3021,8184
157,8186
3209,8188
6108,8188
6280,8188
10,8189
196,8190
6933,8190
7406,8190
1168,8191
1633,8191
996,8193
7211,8193
7658,8193
4177,8194
600,8196
852,8196
4327,8197
666,8198
755,8198
7493,8199
21,8200
66,8202
129,8203
7,8204
1089,8205
2314,8205
3686,8205
4737,8205
5007,8205
142,8206
6151,8206
7030,8206
5563,8207
1199,8208
7988,8208
2714,8209
4439,8212
814,8213
4623,8215
3931,8216
6359,8216
865,8218
1545,8219
620,8220
3274,8220
6173,8223
3853,8224
6507,8224
1590,8228
3568,8229
1495,8230
1693,8231
5132,8231
6386,8232
6395,8232
6029,8233
788,8234
3635,8234
3694,8234
4389,8234
1579,8235
5496,8235
4542,8236
5872,8236
1727,8237
521,8238
3331,8238
460,8240
70,8241
828,8241
2333,8241
5304,8241
1997,8242
291,8243
1651,8244
2800,8244
1021,8245
3188,8246
269,8247
6332,8250
2649,8251
1831,8255
200,8257
14,8259
1420,8260
137,8261
4,8262
188,8262
5892,8262
3669,8263
6286,8263
30,8265
322,8265
6667,8265
834,8267
190,8269
3778,8269
5780,8269
7896,8269
4884,8270
5496,8270
244,8272
1940,8272
8110,8272
5509,8273
3315,8275
7505,8275
270,8277
717,8277
7184,8277
4018,8278
789,8279
5448,8282
369,8283
505,8284
361,8286
819,8286
3617,8286
5035,8286
600,8287
5663,8287
819,8288
75,8289
3821,8289
2186,8290
1459,8292
106,8294
3624,8294
6434,8294
5055,8296
3506,8297
6368,8299
3695,8302
505,8303
81,8308
4942,8308
7088,8308
1232,8311
293,8313
2782,8313
4402,8313
5501,8314
687,8315
1677,8317
8,8319
688,8319
60,8321
2303,8321
2865,8322
1092,8324
3753,8324
889,8325
1500,8325
6151,8325
6473,8325
2020,8326
7131,8326
419,8327
1158,8328
2380,8329
5507,8329
2933,8331
2856,8333
4764,8333
5251,8333
7803,8333
7705,8334
4210,8336
1256,8337
3976,8338
4364,8338
1151,8339
7421,8339
142,8341
4013,8342
7748,8342
1443,8343
6886,8344
8277,8345
882,8346
1539,8346
6467,8347
106,8350
5688,8350
40,8352
2985,8352
5758,8352
791,8353
798,8361
7808,8361
168,8363
0,8364
1962,8364
3218,8365
6579,8365
2525,8368
7864,8369
1567,8370
6371,8370
2015,8371
6245,8371
788,8372
2511,8372
1097,8373
3912,8373
6733,8374
140,8375
1003,8378
1697,8378
1884,8378
8,8380
1607,8381
317,8382
4834,8382
172,8383
4063,8383
855,8384
704,8387
980,8387
6458,8387
13,8391
110,8391
4142,8391
7938,8391
62,8392
103,8393
368,8393
3193,8394
7882,8394
512,8395
0,8396
1325,8397
3858,8398
5412,8398
7697,8399
1,8400
6336,8400
4175,8403
145,8404
804,8407
129,8408
6511,8408
291,8411
2293,8411
137,8412
368,8412
2717,8412
798,8414
5021,8414
124,8415
4762,8415
994,8417
5569,8417
0,8418
3422,8418
256,8419
2326,8419
994,8421
7726,8421
8233,8421
7033,8423
2912,8426
1622,8427
1697,8429
2879,8430
7311,8432
3931,8433
1311,8434
264,8437
4594,8438
5261,8438
3285,8439
1192,8443
3508,8443
5193,8443
582,8444
5198,8444
3992,8445
103,8446
227,8448
2936,8448
5466,8448
4087,8449
9,8452
5898,8452
1427,8453
62,8454
110,8455
348,8456
6366,8456
2251,8457
129,8459
2152,8460
819,8464
118,8465
1341,8466
1052,8467
1621,8467
2296,8471
3172,8472
4718,8472
7015,8473
7733,8473
1697,8474
76,8477
2652,8477
7750,8477
7091,8478
1225,8479
2536,8479
275,8480
886,8480
5890,8481
4198,8482
4750,8483
1520,8484
244,8485
920,8487
1588,8487
2659,8487
368,8488
7273,8488
6433,8490
44,8492
4934,8494
1092,8497
834,8500
70,8502
2604,8502
6108,8502
30,8503
4410,8503
5460,8503
6131,8504
439,8507
314,8508
322,8509
4389,8510
3428,8512
67,8513
124,8513
7057,8513
7188,8513
805,8514
7656,8514
5234,8515
1342,8517
0,8518
6739,8520
4372,8521
106,8522
3574,8525
274,8527
2521,8527
10,8528
2865,8528
6368,8528
5127,8529
3279,8532
8164,8534
4280,8537
131,8538
1752,8539
74,8540
4195,8541
5532,8541
66,8542
947,8542
4563,8544
2682,8547
124,8548
176,8549
850,8549
1656,8550
2961,8550
7561,8552
5662,8553
129,8554
2695,8557
3283,8557
4833,8557
6202,8558
3,8559
4778,8559
475,8560
2215,8560
3700,8561
67,8562
1390,8562
532,8563
7995,8563
154,8564
5053,8564
154,8565
229,8566
3411,8566
3469,8567
19,8568
8052,8568
7853,8570
769,8573
3430,8573
4826,8573
505,8574
118,8575
4960,8577
620,8578
797,8579
237,8580
920,8581
4613,8583
163,8584
7190,8584
4603,8586
1836,8587
3524,8587
485,8588
1696,8588
628,8592
4634,8592
6081,8594
659,8595
1669,8595
1716,8595
2117,8597
4984,8597
2678,8599
97,8600
2775,8600
8333,8602
3283,8603
3590,8604
2063,8605
1067,8607
325,8608
932,8609
1021,8609
5261,8609
3073,8610
6566,8611
1495,8612
1417,8613
3585,8613
3888,8613
4049,8615
2704,8616
5563,8616
5801,8616
229,8617
2188,8617
4113,8618
4256,8618
5859,8619
1084,8623
2209,8623
6108,8623
5725,8624
694,8625
199,8626
1373,8627
6243,8627
183,8628
269,8628
4730,8628
0,8633
545,8634
2744,8634
154,8635
5789,8635
67,8636
291,8636
3896,8636
69,8639
2723,8639
2557,8641
913,8642
1292,8643
296,8644
4177,8644
2032,8645
85,8646
2339,8646
4769,8646
4,8649
2703,8649
5224,8649
323,8652
7168,8652
7529,8652
2465,8656
1892,8657
2627,8657
3896,8660
540,8661
7577,8663
1978,8664
271,8667
2994,8669
1021,8670
4798,8670
4806,8670
812,8671
4366,8671
4509,8671
5651,8671
3061,8677
6000,8677
4420,8680
386,8681
681,8682
1497,8682
4970,8682
5325,8686
320,8689
1907,8690
2974,8690
5935,8691
7044,8693
545,8695
1833,8695
5594,8696
2352,8698
3,8701
4114,8702
8196,8702
1881,8703
2338,8703
4310,8703
1024,8705
1284,8705
1658,8706
4,8708
799,8708
1569,8708
1326,8710
5203,8711
5342,8714
6887,8715
3930,8718
1989,8719
224,8722
598,8722
2144,8722
1543,8724
2125,8724
2333,8724
7793,8724
3838,8725
7487,8726
2845,8729
1716,8730
1426,8731
565,8734
2375,8734
3744,8736
7672,8737
5439,8738
5632,8739
7977,8740
3069,8741
920,8742
4161,8742
6572,8742
58,8743
698,8743
4256,8743
4756,8743
3116,8745
753,8747
849,8747
30,8751
3612,8751
777,8752
1226,8752
3427,8753
8183,8753
1297,8754
328,8755
1434,8757
4556,8757
8691,8757
296,8758
4149,8758
4545,8758
325,8759
3207,8759
26,8760
930,8760
7577,8760
322,8762
232,8763
251,8763
119,8764
2299,8765
5829,8766
2665,8768
3409,8769
4379,8770
7447,8770
5303,8773
6116,8773
189,8776
453,8776
622,8776
4405,8776
234,8779
705,8779
2588,8782
1906,8783
62,8786
2960,8786
2364,8787
4310,8787
5073,8788
2044,8789
4053,8790
5889,8791
2773,8793
3364,8794
6152,8795
1253,8796
2063,8797
3888,8798
405,8799
119,8800
7285,8803
2598,8806
5859,8806
528,8807
2020,8807
2895,8807
3996,8807
1236,8810
568,8811
3412,8812
4,8813
4934,8813
759,8815
0,8816
517,8817
3855,8819
2407,8820
12,8824
71,8824
66,8827
980,8832
1272,8832
3796,8832
4417,8833
5627,8833
7881,8835
1209,8836
3890,8837
531,8838
2209,8840
5651,8840
7854,8840
2442,8841
4813,8842
1455,8843
7754,8843
868,8844
439,8845
973,8846
2465,8846
7561,8846
8345,8846
30,8847
4182,8847
264,8848
1284,8848
5157,8848
8708,8848
5209,8850
272,8852
2816,8854
6469,8854
5720,8855
1416,8857
2247,8857
4723,8857
2865,8858
1051,8859
2063,8862
189,8863
3518,8863
7729,8867
30,8868
3985,8868
6490,8868
5439,8869
3746,8871
90,8873
284,8874
6202,8874
765,8876
66,8877
12,8884
229,8884
328,8885
3068,8885
1610,8887
3149,8887
234,8888
2829,8888
3188,8888
4774,8888
637,8889
6691,8889
4721,8890
5719,8890
5507,8891
4598,8892
62,8893
103,8894
5217,8895
2249,8896
1802,8897
50,8899
503,8899
12,8900
198,8903
988,8903
1170,8904
1102,8905
5746,8905
3165,8906
3910,8908
3780,8911
4856,8911
2588,8912
307,8913
896,8914
7428,8914
1226,8916
1426,8916
8550,8916
298,8919
2168,8920
2098,8921
524,8923
4128,8924
234,8925
3796,8925
5504,8925
129,8926
6572,8926
240,8928
8231,8928
1319,8929
3904,8929
7547,8929
47,8931
5,8933
1471,8933
10,8936
1658,8936
256,8937
287,8937
8326,8938
1061,8940
7356,8940
9,8941
544,8941
1760,8942
2873,8944
10,8945
143,8945
2890,8946
5430,8946
320,8947
879,8947
3741,8948
66,8949
4687,8949
4960,8950
2327,8951
4146,8952
188,8956
1581,8958
151,8959
1487,8959
8807,8961
5577,8962
6407,8962
85,8963
713,8963
1363,8964
3741,8964
3905,8964
8527,8965
80,8967
5458,8967
75,8969
5165,8969
7044,8969
3,8970
10,8971
1092,8971
4499,8971
8383,8971
8863,8971
8848,8973
798,8976
2174,8976
3088,8979
7881,8979
2465,8980
12,8981
753,8984
5835,8984
143,8985
2457,8985
6349,8985
1700,8986
76,8987
886,8987
452,8990
1135,8990
4769,8990
8400,8990
273,8991
369,8992
3349,8993
2217,8995
3905,8996
5337,8996
5724,8997
789,8999
1951,8999
4454,9000
0,9001
110,9006
157,9006
4621,9007
4374,9008
6703,9009
1363,9010
6616,9010
1128,9011
3414,9013
2499,9014
3721,9016
2826,9018
4256,9019
6412,9021
501,9023
1043,9023
1755,9023
345,9025
4718,9027
6974,9027
6262,9030
787,9031
532,9033
70,9034
2465,9034
5770,9034
5155,9035
1487,9038
6899,9039
4523,9040
7424,9040
2932,9041
76,9042
23,9044
6002,9045
7476,9045
850,9046
5016,9046
5938,9046
10,9047
2597,9048
4210,9048
4920,9048
66,9051
5097,9051
574,9052
1513,9052
1168,9054
3285,9054
4623,9054
55,9055
2216,9055
7548,9059
23,9061
5709,9066
6194,9070
104,9071
4579,9071
2463,9074
106,9076
1788,9076
7507,9077
6349,9078
836,9079
4791,9079
5212,9079
4188,9080
8819,9080
57,9081
4214,9085
7347,9085
50,9089
3528,9089
889,9092
2912,9092
3576,9092
8609,9092
1973,9094
246,9096
72,9099
4934,9099
5057,9099
5227,9099
3202,9100
168,9101
173,9102
4248,9102
1007,9103
4589,9104
6079,9105
291,9106
53,9107
234,9107
3739,9107
5813,9109
282,9110
4704,9110
8594,9111
191,9112
2330,9112
476,9113
1175,9114
4049,9115
5079,9116
8877,9116
296,9119
5297,9119
128,9122
1866,9123
2952,9123
8959,9123
2074,9124
1725,9133
17,9137
8,9140
5518,9140
30,9144
1727,9144
4689,9144
689,9146
2795,9147
296,9148
1006,9148
2,9150
361,9151
2124,9152
1021,9154
4985,9154
7577,9154
103,9156
4366,9156
5938,9156
3996,9157
3288,9159
6781,9159
1108,9160
4393,9160
522,9162
768,9162
4978,9162
8905,9163
1501,9164
1854,9164
7528,9164
4352,9167
8105,9167
5367,9169
3923,9171
1487,9172
333,9173
392,9174
5073,9175
659,9179
1836,9180
406,9182
3103,9183
5515,9183
4910,9184
23,9185
3601,9185
4721,9185
8411,9185
8944,9185
4808,9186
2011,9187
3570,9189
5315,9190
6250,9191
7155,9192
58,9194
2865,9194
2568,9195
234,9197
598,9198
2991,9198
140,9199
229,9200
1901,9200
4826,9200
6893,9200
2241,9201
2339,9201
237,9202
2216,9203
2570,9204
886,9205
7378,9208
4499,9210
3712,9213
1892,9214
4752,9214
10,9215
3894,9215
3859,9217
4188,9218
6143,9218
58,9219
142,9220
3346,9222
62,9226
97,9226
2019,9228
5641,9230
5867,9230
406,9233
5433,9233
110,9235
2050,9238
4572,9238
4764,9238
3305,9239
4486,9240
5999,9240
5057,9241
8942,9241
1940,9242
6138,9242
614,9243
4677,9243
2008,9247
519,9249
21,9260
1192,9260
8644,9262
852,9263
3566,9263
565,9268
2283,9269
3410,9269
8942,9273
1263,9274
2236,9274
2509,9276
8278,9276
1505,9278
3608,9278
6253,9278
8414,9278
8532,9281
212,9285
386,9285
1109,9285
3718,9285
2952,9287
3988,9287
5325,9290
4485,9291
2125,9292
659,9294
6634,9294
2893,9295
54,9296
1620,9297
8857,9301
8894,9302
1765,9303
3601,9304
3982,9304
1096,9307
351,9308
109,9309
345,9309
25,9312
1113,9312
3744,9313
1607,9314
2266,9314
1170,9316
2911,9317
7857,9319
5003,9322
1570,9325
4593,9325
9179,9325
145,9326
128,9327
2134,9327
896,9332
2186,9332
3678,9332
4831,9332
14,9333
1762,9333
6556,9333
1644,9334
595,9337
1669,9337
2545,9338
6446,9339
198,9340
1102,9340
6124,9340
874,9341
1042,9341
340,9344
3506,9345
7015,9345
12,9347
500,9347
0,9350
44,9351
5873,9354
565,9355
3030,9355
7749,9356
2,9357
208,9357
8326,9358
143,9359
4003,9359
4419,9360
106,9361
2885,9362
289,9364
4791,9364
4212,9367
659,9368
12,9369
7318,9371
8265,9371
3079,9372
40,9373
258,9375
6458,9375
110,9376
1505,9376
3287,9376
5656,9376
1603,9377
4285,9377
5476,9377
17,9378
56,9383
124,9383
138,9384
771,9384
2058,9386
6667,9387
852,9388
7266,9389
924,9390
1475,9390
269,9391
0,9393
8770,9393
5784,9394
4752,9396
4471,9397
2699,9398
1385,9399
9399,9400
1226,9401
6571,9401
6622,9401
317,9402
66,9403
245,9403
76,9404
3430,9404
5485,9404
6461,9404
3464,9407
8448,9407
1985,9408
2869,9409
8057,9412
2100,9413
9023,9413
2518,9415
5112,9415
5604,9416
204,9418
380,9420
1292,9420
128,9422
7756,9422
6056,9424
1989,9425
6660,9425
2761,9426
3881,9427
1135,9432
3283,9432
514,9434
7068,9435
1297,9436
4947,9436
1006,9437
1326,9439
251,9440
6194,9441
8503,9441
12,9442
62,9443
7320,9445
6990,9446
21,9447
1187,9448
2544,9448
1989,9449
3035,9449
4164,9449
3112,9450
3818,9452
1003,9453
1868,9453
868,9455
882,9456
6637,9457
5170,9458
7146,9458
6211,9459
2370,9463
1503,9464
1877,9464
3789,9464
1321,9465
1508,9467
7715,9467
260,9469
5238,9469
8467,9469
60,9472
484,9472
1168,9474
47,9475
574,9475
1638,9475
23,9476
1087,9476
2734,9476
768,9477
4385,9478
2,9480
3730,9481
3434,9483
3052,9484
641,9486
2506,9486
5534,9487
3785,9488
4,9492
532,9493
1727,9494
0,9497
23,9500
5252,9501
4909,9502
4600,9503
7179,9503
196,9504
4884,9504
476,9505
403,9506
954,9506
3581,9507
4748,9507
0,9509
5,9511
3608,9511
2,9512
6563,9513
71,9514
2040,9514
9201,9514
10,9515
2331,9516
6317,9517
6469,9517
5716,9519
7211,9519
12,9520
2775,9520
5900,9524
3868,9525
1238,9527
1693,9528
1405,9531
1455,9531
4422,9531
23,9532
62,9533
3901,9533
12,9534
1299,9534
7151,9535
1352,9536
1501,9540
2865,9540
350,9542
5849,9542
1710,9544
189,9546
191,9548
317,9549
5127,9549
7190,9549
142,9550
1204,9551
951,9553
4531,9554
269,9555
7779,9558
6030,9559
1067,9561
12,9562
1233,9562
3188,9562
3065,9564
7493,9564
6248,9568
143,9570
4325,9571
5407,9572
1412,9575
1812,9576
148,9578
452,9578
755,9578
4769,9582
6919,9585
94,9586
9316,9586
8308,9587
8752,9587
2025,9591
3088,9591
1047,9596
1464,9596
55,9597
85,9598
3346,9598
914,9600
3968,9601
590,9605
6773,9605
5596,9606
6726,9607
3004,9608
227,9609
4346,9609
10,9610
106,9612
4452,9613
4772,9613
118,9616
9189,9616
873,9617
3364,9618
7131,9618
1492,9620
1850,9620
6925,9620
0,9621
378,9622
681,9622
6961,9622
1755,9624
8510,9624
7892,9625
0,9627
253,9627
1263,9627
8038,9627
212,9628
6727,9628
8105,9628
5487,9629
7256,9629
6015,9630
4287,9631
19,9632
142,9632
8557,9632
1264,9633
2600,9633
528,9635
4188,9637
4,9638
13,9638
1464,9639
614,9641
5365,9644
8474,9645
30,9648
23,9649
32,9650
1997,9650
701,9652
10,9653
3684,9654
3920,9654
5709,9654
7095,9655
119,9656
1570,9657
8876,9657
154,9659
1476,9662
6299,9662
3322,9665
755,9666
2654,9669
2749,9669
776,9670
4782,9670
4736,9674
3068,9676
7527,9677
1175,9678
2765,9678
4114,9679
1716,9680
7251,9682
157,9687
1863,9687
7561,9687
124,9688
30,9689
570,9689
3353,9689
5612,9691
9174,9691
58,9692
76,9692
2030,9692
3570,9692
246,9693
4137,9693
1163,9694
7178,9695
3928,9696
6640,9696
5694,9697
3721,9698
540,9702
7790,9702
9388,9702
3420,9707
453,9710
3427,9710
3751,9711
1192,9715
4661,9715
9260,9715
4191,9716
168,9717
1256,9717
1677,9717
122,9718
2744,9723
3601,9723
148,9725
1490,9725
5707,9725
20,9726
56,9728
1730,9728
4959,9728
106,9729
0,9730
1297,9731
2060,9731
8206,9731
8708,9731
2331,9732
4891,9733
23,9734
10,9737
5532,9737
843,9742
21,9743
5109,9743
1781,9745
3285,9745
8594,9747
71,9748
914,9748
4150,9748
7077,9749
6682,9750
7015,9751
4510,9753
443,9754
855,9757
8007,9758
5855,9759
8852,9759
670,9760
7311,9760
1467,9761
6841,9761
119,9762
1052,9762
269,9763
1700,9763
4557,9763
800,9765
3493,9766
284,9768
8969,9768
5198,9771
6110,9771
7577,9771
1621,9773
7238,9774
1169,9775
882,9776
1518,9776
3172,9776
76,9777
9536,9777
1893,9778
189,9780
4102,9780
4559,9780
6886,9781
2694,9782
2865,9783
5218,9783
8005,9783
14,9784
204,9784
3732,9785
69,9786
298,9787
747,9787
5086,9787
3417,9791
7816,9793
493,9794
8329,9795
0,9796
47,9796
6085,9796
21,9797
2006,9797
2131,9797
3068,9797
3110,9797
383,9800
460,9800
1292,9800
44,9805
6367,9806
2991,9807
8578,9807
1905,9808
1455,9809
1588,9810
378,9811
3988,9813
5935,9813
4782,9816
6216,9818
3,9820
851,9820
7442,9820
1583,9823
5337,9823
3438,9824
4851,9824
2442,9825
3568,9827
13,9828
104,9828
7581,9830
7721,9830
3241,9831
2627,9832
3299,9832
4166,9833
12,9836
122,9836
7233,9836
317,9838
4485,9838
4489,9838
6825,9839
7476,9839
7957,9839
7423,9840
1616,9842
814,9843
67,9846
304,9846
9773,9846
4145,9848
4530,9848
9737,9848
76,9849
757,9849
881,9849
12,9851
258,9851
4078,9852
9449,9853
1320,9854
6659,9855
1169,9856
6721,9856
3447,9857
34,9858
532,9858
1297,9858
4934,9858
6108,9859
246,9861
333,9861
2972,9861
4657,9864
6706,9864
6280,9865
5100,9866
6576,9866
2938,9868
3141,9868
5563,9868
8333,9868
8764,9871
10,9872
5520,9872
17,9873
2501,9874
3016,9874
7269,9874
8671,9874
12,9875
694,9875
1135,9875
3061,9878
3850,9878
9610,9879
1530,9880
7378,9880
7410,9880
3731,9881
3926,9881
598,9884
2463,9884
6616,9884
2291,9886
142,9887
282,9887
3206,9887
5270,9888
1400,9890
2254,9890
4481,9890
378,9891
3136,9891
109,9894
1349,9897
3700,9897
1035,9898
196,9899
932,9899
6651,9900
1264,9902
5783,9902
2465,9903
531,9904
7569,9904
9418,9906
8634,9909
9873,9910
1654,9914
566,9915
6223,9915
2703,9916
4841,9916
2034,9918
791,9919
3773,9920
7833,9920
6361,9923
6755,9925
544,9926
124,9927
323,9928
384,9929
4380,9929
914,9930
1751,9930
1963,9930
3651,9931
4021,9931
833,9934
4027,9934
7295,9934
13,9935
264,9935
142,9938
598,9938
76,9939
1320,9943
62,9944
787,9944
9938,9945
85,9946
9325,9946
8391,9949
56,9952
7844,9952
7709,9956
6116,9957
3612,9958
3701,9958
2650,9959
6346,9961
2134,9962
4470,9962
6226,9963
6375,9965
6489,9966
2938,9968
75,9970
3068,9970
103,9971
5844,9971
3397,9972
4007,9972
40,9974
1575,9975
2813,9976
9163,9976
1891,9977
1686,9978
2,9979
1149,9980
30,9981
9761,9983
1989,9984
70,9986
119,9987
454,9988
4359,9988
188,9989
8418,9990
9123,9991
5319,9992
6761,9992
196,9993
1284,9995
57,9998
151,9998
44,9999
