0,1
0,2
0,3
0,4
1,6
0,7
0,9
3,11
4,11
0,12
4,12
11,12
11,14
0,15
0,17
0,21
1,22
9,23
0,24
23,24
0,25
0,26
0,28
23,29
1,31
11,31
6,33
17,33
23,35
0,36
9,36
33,36
0,37
0,38
4,39
26,39
36,39
17,43
1,44
24,46
36,46
0,51
24,51
23,52
26,52
25,54
24,56
33,58
51,58
0,59
9,60
14,62
24,63
25,63
0,66
9,66
22,66
29,66
4,67
6,67
0,68
1,69
24,69
63,69
58,70
29,71
38,74
11,75
11,76
0,78
7,80
29,81
31,81
58,82
69,82
0,83
7,84
63,84
14,85
39,85
46,87
51,87
0,88
1,88
28,90
58,90
88,90
0,91
58,93
1,95
3,96
23,97
58,98
33,99
0,100
21,100
63,100
26,102
9,105
11,105
82,105
0,106
71,107
0,108
15,108
36,109
95,111
24,113
33,113
37,113
0,114
11,114
26,114
36,115
95,119
3,122
114,124
6,126
84,126
91,128
12,129
95,129
0,131
14,131
36,131
102,131
98,132
39,133
84,134
11,137
36,138
58,138
100,138
7,139
39,139
95,139
12,141
7,142
105,143
102,146
7,148
58,151
95,151
36,152
14,153
24,153
75,154
0,155
6,155
63,156
51,157
52,158
0,159
6,159
98,161
153,161
1,162
24,162
139,163
75,164
106,164
129,167
105,168
26,169
59,170
0,172
6,172
131,172
133,173
139,173
156,173
102,174
12,176
87,176
23,178
114,178
58,179
173,181
15,182
0,184
139,184
15,185
11,186
25,186
172,186
80,187
0,191
63,191
0,193
39,193
157,193
71,194
66,197
100,198
191,200
26,201
63,201
31,202
0,203
108,203
33,204
51,204
58,204
63,207
153,207
1,208
153,208
0,209
75,209
24,210
0,211
35,211
82,211
170,211
3,214
197,214
172,215
88,216
36,217
38,218
9,219
88,219
201,220
39,221
119,222
38,223
131,223
138,223
15,225
100,225
0,226
24,226
143,227
113,228
7,230
204,234
0,237
75,238
109,239
153,239
1,241
219,244
11,246
84,246
193,246
0,251
9,252
2,253
6,254
1,255
6,256
7,256
25,256
46,256
143,256
2,260
58,260
186,261
4,262
186,262
0,264
129,264
131,264
186,264
122,266
6,267
63,267
28,269
63,270
129,271
4,275
17,275
69,275
216,276
0,278
26,278
51,278
148,279
12,280
15,281
260,282
126,285
4,286
81,287
1,289
75,290
69,291
90,291
285,291
113,292
279,292
25,293
181,293
264,293
0,294
52,294
186,294
208,294
143,298
35,299
287,299
0,302
0,303
105,303
176,303
2,304
11,304
14,305
266,306
11,308
23,309
128,309
12,310
185,310
15,311
82,312
198,312
23,313
305,313
38,314
126,315
221,315
0,316
58,317
153,318
266,319
26,320
227,320
122,322
203,322
153,323
131,324
169,324
0,325
9,325
322,325
12,326
28,326
122,326
173,326
51,327
58,328
153,329
204,331
303,333
0,335
167,335
237,335
226,336
6,337
129,337
23,339
239,339
95,344
186,344
193,344
11,347
11,349
226,350
0,351
217,351
176,354
335,354
63,357
95,359
211,359
26,360
0,363
238,363
26,365
26,366
67,366
63,368
33,369
132,369
219,369
7,370
309,370
310,372
1,374
131,375
139,375
28,378
58,379
4,382
113,382
221,382
0,384
24,384
0,386
82,386
208,386
1,387
37,387
46,388
85,388
105,388
17,390
9,391
39,391
337,391
384,391
126,392
299,392
90,395
23,397
279,397
256,400
293,400
23,402
271,402
21,403
36,405
58,405
91,405
153,406
9,407
375,407
4,408
23,408
303,408
0,409
75,411
223,411
221,412
279,413
155,414
0,415
28,416
0,417
129,417
0,419
75,419
63,420
354,420
239,421
0,422
51,423
325,423
131,424
208,426
87,427
322,430
411,430
81,432
239,432
336,433
58,434
4,436
44,438
256,438
114,439
6,440
59,440
9,441
95,441
113,443
201,443
24,444
38,446
63,446
0,447
95,448
253,450
88,454
173,455
11,456
201,457
405,457
66,459
4,462
11,462
106,462
11,465
182,465
4,467
46,468
318,468
44,469
270,469
7,470
237,471
76,472
133,472
433,472
126,475
291,475
138,479
182,479
386,482
23,483
68,483
119,484
78,487
28,490
239,492
278,493
169,498
475,502
4,503
0,505
95,505
349,506
69,509
44,510
172,510
308,511
448,515
271,516
56,518
4,519
375,522
39,524
90,524
90,525
172,525
31,526
88,526
22,528
153,528
143,531
185,532
516,532
46,533
148,533
132,535
202,536
28,537
416,541
211,542
256,542
29,543
7,544
325,545
91,546
82,547
299,547
28,548
36,548
52,548
173,548
227,548
320,549
129,550
23,551
78,551
448,552
173,554
388,554
131,556
133,558
148,559
193,562
163,563
266,564
139,565
143,565
26,568
184,569
39,570
51,570
7,571
221,571
269,571
11,572
302,573
25,575
405,576
4,577
4,578
24,579
82,579
52,580
95,581
221,581
227,581
6,583
12,583
309,583
294,584
419,584
379,585
29,586
24,587
62,587
69,587
253,587
471,587
66,588
0,589
0,590
143,590
0,591
446,592
26,593
326,593
386,593
303,595
405,595
114,597
3,598
46,598
204,598
0,599
33,599
174,601
310,601
0,602
84,602
138,603
303,603
382,603
59,605
375,605
105,606
0,607
450,607
366,609
443,610
548,611
35,612
246,612
363,613
3,614
9,614
193,617
593,617
6,618
87,618
269,619
270,619
178,620
417,621
446,621
28,625
62,625
0,627
0,629
1,630
287,633
95,635
419,636
618,636
209,637
306,640
325,645
586,645
29,646
0,649
11,649
630,649
90,653
139,655
294,656
349,656
227,657
532,657
0,659
46,659
28,662
128,662
143,662
267,663
33,664
52,664
75,664
80,664
573,665
384,667
0,670
469,670
291,671
432,673
0,674
129,675
354,675
26,678
303,680
532,680
264,681
325,683
6,684
11,684
593,685
598,685
28,686
204,686
472,686
131,687
0,690
0,691
24,691
39,693
369,695
12,697
6,699
427,699
36,700
4,701
7,701
360,704
326,706
614,707
479,709
239,711
526,711
14,714
563,714
0,715
6,715
204,715
262,716
67,717
194,717
306,717
299,718
52,720
185,720
619,720
687,721
408,723
541,724
9,726
122,726
427,726
132,727
186,727
417,728
228,729
673,729
578,730
717,732
36,733
11,735
699,736
727,736
67,740
84,741
278,742
46,744
412,744
106,745
36,747
310,747
237,748
25,750
28,750
227,751
270,751
310,751
25,754
52,754
193,755
411,755
569,755
6,756
172,756
39,757
214,757
723,757
498,758
0,759
256,760
347,761
715,761
0,762
131,762
602,762
282,763
350,763
411,763
620,764
11,765
0,766
193,767
331,767
9,768
148,769
578,770
58,772
99,772
75,773
382,773
256,774
619,774
635,774
279,775
286,775
357,775
169,778
227,778
0,779
68,779
750,779
31,781
554,782
172,783
0,785
664,785
285,788
63,790
773,791
234,792
354,792
372,792
645,792
1,797
26,797
44,797
24,799
28,800
25,801
36,801
221,802
17,804
221,804
323,806
7,807
4,808
759,809
204,810
436,813
35,814
81,814
469,815
262,817
0,818
62,818
707,819
58,820
790,821
28,822
637,822
402,824
51,826
39,827
59,828
143,829
90,830
204,833
23,835
416,836
619,836
256,837
664,838
15,840
11,841
223,841
198,843
35,845
71,845
270,845
587,845
655,845
71,846
366,846
193,848
828,849
0,850
91,852
1,853
25,853
88,853
443,855
1,857
193,861
198,861
558,866
375,867
36,869
0,870
131,871
148,872
347,875
379,876
630,876
801,877
51,878
36,880
37,880
612,882
541,884
748,885
26,887
598,887
857,887
226,888
193,890
0,891
548,891
0,892
74,892
391,892
108,895
226,895
95,896
173,896
609,897
711,900
9,902
303,902
143,905
239,905
126,906
552,907
568,909
223,910
359,911
416,912
680,912
765,914
593,915
223,916
426,916
775,916
63,918
52,919
129,919
162,920
799,921
911,921
6,922
564,922
0,923
620,923
131,924
84,928
313,933
528,935
59,936
765,937
106,938
193,938
569,938
664,938
448,940
193,941
790,941
809,941
310,942
799,944
9,945
11,945
918,945
52,947
169,947
306,947
24,949
172,949
153,951
169,952
11,953
138,953
211,953
266,953
186,955
382,955
211,956
220,956
430,958
143,959
99,960
548,961
618,961
12,962
137,962
28,963
309,963
326,963
200,964
310,964
0,966
587,966
717,966
840,966
326,968
98,969
246,970
419,970
563,971
33,973
46,973
109,973
318,980
325,980
337,980
554,980
617,981
25,985
66,985
239,987
614,987
963,987
6,988
402,989
0,991
33,991
36,992
408,992
24,994
955,995
126,996
510,996
204,1000
294,1002
455,1003
468,1007
0,1011
4,1011
129,1011
203,1011
81,1012
100,1013
663,1014
9,1015
23,1015
256,1015
15,1018
100,1018
763,1018
450,1022
0,1023
84,1023
354,1024
469,1024
326,1025
12,1027
271,1027
23,1029
113,1029
287,1033
583,1033
548,1035
0,1038
80,1038
337,1038
226,1039
579,1039
941,1039
7,1040
587,1041
0,1042
9,1044
87,1045
326,1047
916,1047
953,1049
4,1050
337,1050
484,1051
221,1054
853,1054
24,1056
773,1057
535,1059
267,1060
588,1060
11,1061
26,1062
219,1063
293,1065
1014,1065
502,1066
845,1066
751,1069
1018,1074
208,1075
522,1075
124,1078
416,1078
510,1079
131,1081
23,1082
90,1082
518,1084
736,1084
255,1086
262,1086
84,1088
186,1088
880,1088
369,1092
645,1094
769,1094
1,1095
69,1095
751,1095
985,1098
39,1099
522,1099
532,1099
11,1100
58,1100
313,1102
172,1103
543,1104
25,1108
558,1108
923,1108
129,1109
717,1109
760,1110
533,1111
732,1111
548,1113
800,1116
0,1117
58,1117
173,1117
773,1117
370,1118
465,1118
729,1119
822,1119
173,1120
552,1120
114,1121
37,1122
541,1122
114,1123
848,1123
223,1124
587,1124
671,1125
579,1126
633,1126
941,1130
66,1131
855,1131
4,1132
3,1135
12,1135
186,1136
256,1136
392,1136
569,1136
841,1139
131,1140
193,1141
310,1141
1057,1141
113,1144
173,1144
609,1144
52,1145
270,1145
952,1145
612,1146
294,1147
409,1149
76,1150
209,1150
845,1151
1088,1151
63,1152
0,1153
11,1153
0,1155
91,1155
208,1157
655,1158
1117,1159
23,1162
156,1162
173,1162
391,1163
51,1164
128,1164
95,1165
2,1167
1123,1167
169,1168
370,1169
114,1170
400,1170
52,1173
384,1173
208,1174
849,1174
201,1177
471,1177
717,1177
469,1178
944,1181
276,1182
938,1183
991,1184
0,1186
9,1187
382,1187
244,1189
366,1189
0,1191
756,1193
966,1193
382,1194
128,1196
369,1200
173,1201
605,1201
51,1203
178,1203
326,1203
36,1205
1002,1206
6,1208
519,1210
193,1211
953,1211
619,1212
289,1213
601,1213
941,1214
78,1217
1111,1219
100,1221
303,1221
209,1222
701,1223
952,1223
56,1224
91,1225
25,1229
336,1230
755,1231
36,1232
204,1233
880,1234
1050,1235
24,1236
63,1236
35,1237
914,1239
97,1240
193,1240
853,1240
159,1242
670,1243
382,1244
405,1246
700,1246
612,1247
0,1248
173,1248
221,1248
1178,1248
314,1249
148,1250
78,1251
133,1251
198,1252
559,1253
792,1254
81,1257
168,1258
400,1259
143,1262
169,1262
306,1262
314,1264
71,1267
294,1267
255,1268
63,1269
129,1269
543,1269
1240,1269
12,1270
304,1270
1208,1270
1,1271
6,1271
581,1271
299,1273
303,1273
619,1273
51,1275
170,1277
665,1279
673,1280
1141,1280
1108,1281
1069,1282
717,1283
765,1283
106,1284
139,1284
773,1285
164,1287
391,1287
388,1289
469,1289
6,1290
84,1290
119,1290
108,1291
25,1295
115,1295
573,1297
751,1297
1262,1299
59,1300
333,1300
845,1300
949,1301
9,1302
172,1304
325,1307
564,1307
155,1309
186,1310
756,1310
9,1312
1011,1315
7,1316
26,1317
375,1319
87,1320
129,1320
26,1321
153,1322
7,1324
63,1324
211,1324
326,1324
0,1327
193,1328
655,1328
721,1328
765,1328
105,1330
182,1330
956,1330
1018,1331
44,1337
155,1337
691,1337
122,1338
522,1338
0,1339
58,1339
1291,1339
299,1340
655,1340
706,1340
256,1341
0,1342
989,1342
1084,1342
598,1343
132,1345
7,1346
12,1346
335,1346
1302,1346
33,1349
657,1349
39,1350
91,1352
549,1353
198,1354
21,1355
569,1355
846,1356
1244,1356
39,1359
814,1362
1111,1362
24,1364
46,1364
953,1366
409,1368
532,1368
46,1369
95,1369
1100,1369
39,1372
126,1375
46,1376
0,1377
172,1377
430,1377
129,1380
711,1380
209,1383
51,1385
6,1386
228,1387
720,1389
785,1390
1271,1395
1355,1396
1123,1399
735,1401
533,1402
211,1403
108,1406
1383,1407
12,1408
221,1409
455,1409
618,1410
1057,1410
1237,1412
193,1413
23,1414
58,1415
981,1415
1359,1415
1162,1416
432,1417
541,1417
537,1418
9,1419
97,1419
211,1420
253,1420
951,1420
162,1421
469,1422
0,1426
26,1427
1018,1427
38,1428
405,1430
610,1431
33,1432
1262,1433
433,1436
25,1437
11,1438
58,1438
350,1438
510,1440
841,1441
718,1442
840,1442
870,1442
23,1444
24,1444
102,1444
662,1444
82,1445
882,1445
375,1446
28,1447
285,1447
541,1447
269,1449
66,1450
756,1451
105,1453
201,1453
139,1454
845,1454
203,1455
876,1455
59,1457
1099,1457
63,1461
618,1465
0,1466
91,1466
339,1466
483,1466
963,1466
23,1467
24,1467
598,1469
922,1469
6,1470
750,1470
587,1472
1131,1472
601,1473
479,1475
35,1476
11,1477
37,1477
450,1477
483,1477
510,1479
1018,1480
1213,1480
581,1481
143,1483
1210,1483
84,1484
131,1484
304,1484
956,1485
170,1486
1466,1487
209,1488
33,1489
388,1489
1100,1489
28,1490
469,1490
0,1492
549,1492
450,1494
558,1496
208,1501
23,1502
25,1502
765,1502
1108,1502
294,1503
326,1504
1162,1504
84,1506
214,1506
139,1508
148,1508
443,1508
1213,1508
139,1509
382,1509
28,1511
691,1511
35,1513
156,1513
36,1514
169,1515
299,1515
1147,1515
419,1517
462,1517
602,1517
765,1518
887,1520
1324,1521
878,1522
275,1524
837,1524
797,1525
172,1526
781,1526
1297,1526
2,1527
169,1527
169,1530
918,1530
720,1532
1024,1532
81,1533
966,1534
589,1538
113,1539
115,1541
484,1541
843,1544
217,1545
877,1545
51,1546
450,1546
400,1547
1117,1550
36,1553
326,1553
33,1554
407,1555
443,1555
1532,1555
172,1556
1546,1556
685,1559
24,1561
357,1561
6,1564
775,1566
773,1567
1113,1567
1441,1567
11,1568
156,1570
276,1570
278,1572
114,1574
58,1576
6,1577
23,1577
221,1577
1417,1577
29,1579
39,1579
1517,1579
93,1580
17,1583
597,1583
172,1584
6,1585
1409,1586
24,1588
633,1589
1502,1591
440,1592
484,1593
0,1594
95,1595
82,1596
3,1597
541,1598
416,1600
587,1601
219,1603
90,1604
100,1605
848,1605
987,1606
95,1607
568,1608
779,1608
1,1610
850,1610
1469,1611
28,1614
31,1614
63,1614
85,1616
887,1616
1419,1616
186,1617
23,1620
704,1622
981,1622
662,1623
6,1624
37,1624
1066,1625
1355,1625
82,1627
169,1627
991,1628
169,1629
438,1629
733,1635
186,1636
255,1636
1290,1637
209,1639
1501,1639
63,1640
313,1640
294,1643
0,1644
223,1645
408,1645
354,1646
981,1646
755,1647
779,1647
1059,1647
28,1649
1108,1651
67,1652
1328,1655
1649,1655
12,1656
935,1657
1606,1658
1508,1660
227,1664
1466,1664
299,1667
95,1668
1213,1673
0,1675
133,1675
867,1675
84,1676
1616,1676
193,1678
6,1679
131,1679
290,1679
0,1680
63,1680
320,1680
1284,1681
1117,1682
0,1684
14,1684
105,1684
1283,1684
139,1685
386,1687
617,1687
36,1688
75,1688
114,1688
524,1688
202,1689
33,1690
87,1690
841,1690
581,1691
306,1692
76,1693
35,1696
721,1696
28,1697
755,1697
450,1698
204,1701
1290,1702
1696,1703
597,1704
1246,1704
52,1705
450,1705
797,1706
1447,1707
6,1709
556,1710
23,1714
1222,1714
114,1715
270,1718
290,1718
775,1718
952,1718
1555,1718
0,1719
417,1719
450,1719
270,1720
448,1720
1538,1720
450,1721
1002,1721
522,1722
718,1722
87,1723
655,1723
1369,1723
139,1724
0,1725
573,1726
992,1727
876,1729
1399,1729
129,1730
0,1731
532,1731
375,1732
163,1737
0,1738
1586,1738
7,1739
143,1739
299,1740
58,1741
1094,1741
83,1742
408,1743
599,1744
664,1745
760,1746
1730,1746
0,1747
711,1747
1556,1748
39,1749
483,1750
138,1751
1453,1753
397,1754
24,1755
1680,1755
11,1756
1466,1761
469,1762
1262,1765
67,1766
142,1766
1383,1766
326,1768
148,1769
162,1769
1230,1769
1740,1769
302,1770
271,1772
63,1773
1749,1776
807,1777
1282,1777
209,1780
1450,1780
208,1782
469,1782
1088,1782
170,1783
155,1785
9,1786
662,1788
1075,1790
80,1791
11,1792
532,1792
1707,1792
1235,1793
66,1795
208,1795
254,1795
1066,1795
1117,1795
1508,1795
379,1797
33,1800
1223,1800
1530,1801
750,1804
1125,1804
1457,1804
897,1806
0,1808
326,1810
423,1812
303,1813
0,1814
267,1814
363,1814
1331,1814
1544,1815
333,1816
1698,1819
39,1823
98,1823
63,1824
1078,1825
1364,1825
1718,1825
11,1828
335,1829
1409,1829
1,1830
617,1830
23,1832
172,1832
1444,1832
1795,1832
256,1835
52,1838
129,1838
522,1838
1355,1838
6,1839
278,1839
54,1840
0,1841
62,1844
143,1846
996,1851
1555,1852
1780,1852
774,1853
1375,1853
735,1858
379,1860
1611,1862
155,1865
1580,1866
310,1867
987,1867
12,1868
1611,1868
1337,1869
775,1870
225,1871
326,1874
988,1874
576,1875
29,1877
172,1877
774,1877
246,1878
23,1881
1177,1882
1284,1884
892,1885
1131,1886
184,1888
1780,1888
1231,1890
1655,1891
1170,1892
607,1893
153,1899
347,1899
548,1899
870,1900
33,1901
148,1902
843,1902
1300,1902
1123,1905
579,1907
1047,1911
1155,1911
619,1913
911,1913
945,1913
1174,1913
630,1914
1768,1917
115,1918
173,1918
179,1918
91,1919
1718,1919
276,1922
420,1922
131,1923
12,1924
11,1925
1622,1926
26,1927
63,1929
754,1930
1027,1931
605,1933
138,1934
4,1936
23,1936
239,1938
1139,1938
0,1940
29,1940
748,1940
1917,1940
1933,1940
9,1942
26,1942
58,1945
370,1945
9,1946
1421,1946
1586,1950
82,1953
700,1953
1950,1953
424,1954
11,1956
325,1956
549,1957
446,1958
254,1960
155,1961
636,1965
11,1966
25,1967
108,1967
439,1967
1502,1969
124,1970
46,1971
234,1971
756,1972
1339,1972
1589,1972
1706,1972
618,1973
211,1974
375,1974
105,1975
996,1975
571,1976
765,1976
24,1977
335,1977
963,1977
941,1978
0,1979
198,1979
11,1980
1164,1980
28,1983
587,1984
138,1985
1065,1986
450,1987
700,1992
105,1993
256,1994
278,1995
645,1995
1341,1995
0,1996
67,1996
911,1996
1041,1997
1349,1999
773,2001
1444,2003
337,2004
524,2004
887,2004
1934,2007
818,2008
237,2009
6,2010
1545,2010
1561,2010
756,2011
267,2012
446,2014
69,2015
95,2016
870,2016
417,2017
532,2017
736,2018
963,2019
9,2021
0,2022
1223,2022
1741,2024
287,2025
570,2026
0,2028
765,2028
1993,2028
877,2029
372,2030
563,2030
1221,2031
1262,2031
911,2032
173,2034
691,2034
0,2035
1340,2036
155,2037
433,2038
63,2039
66,2039
989,2039
814,2040
1167,2040
217,2041
335,2044
1606,2046
981,2047
211,2049
315,2049
510,2049
113,2053
409,2054
809,2055
548,2057
1086,2057
1485,2057
841,2058
133,2059
36,2061
610,2061
691,2061
1421,2061
1492,2061
742,2062
935,2064
781,2065
6,2066
106,2066
382,2066
1643,2068
214,2069
1225,2070
764,2071
9,2072
35,2072
853,2072
38,2074
51,2074
239,2074
264,2074
1244,2074
271,2075
493,2075
756,2075
755,2076
1162,2077
33,2083
1271,2085
981,2088
1369,2092
721,2093
26,2097
164,2097
310,2097
717,2097
84,2098
465,2098
655,2098
12,2099
985,2100
895,2101
39,2102
876,2102
981,2103
52,2104
571,2105
24,2106
113,2108
963,2108
1899,2110
581,2112
1047,2112
1869,2112
562,2113
2036,2114
24,2116
25,2117
78,2117
583,2117
52,2120
547,2120
193,2121
846,2121
1511,2121
601,2122
1417,2123
1940,2124
131,2125
1203,2128
1643,2128
285,2129
0,2132
23,2132
1484,2132
469,2135
1039,2135
573,2137
0,2139
11,2139
28,2141
700,2142
992,2142
256,2145
1343,2147
1647,2148
1466,2149
439,2150
459,2150
1271,2150
23,2151
1453,2151
12,2152
139,2152
1427,2152
765,2155
75,2156
264,2157
336,2157
58,2158
882,2158
475,2163
563,2164
207,2167
84,2168
714,2169
1113,2169
559,2170
2108,2170
0,2171
63,2171
956,2171
1769,2171
132,2173
684,2173
763,2174
208,2175
139,2177
1135,2177
197,2178
1290,2179
1,2180
58,2180
1556,2180
584,2181
715,2182
459,2186
1457,2186
36,2187
912,2187
33,2189
1047,2190
11,2191
1033,2192
1270,2193
1414,2195
1546,2195
593,2198
1236,2200
1721,2200
2152,2201
169,2202
970,2203
1940,2203
266,2205
0,2208
312,2208
1488,2208
2069,2208
208,2209
605,2209
1718,2210
1189,2211
63,2212
386,2215
963,2215
1421,2215
335,2216
105,2217
1060,2217
1349,2217
1731,2217
822,2218
1486,2218
299,2219
785,2219
548,2221
1066,2221
1703,2221
2038,2225
2049,2226
579,2227
1913,2227
773,2228
895,2228
670,2229
1235,2232
325,2233
756,2233
2210,2233
107,2235
1999,2235
549,2237
635,2237
438,2238
1508,2238
262,2239
1158,2241
139,2244
2004,2245
0,2246
818,2246
1476,2246
740,2247
363,2248
587,2248
285,2249
2238,2249
139,2254
387,2255
156,2256
1356,2257
2193,2257
95,2258
427,2258
306,2265
571,2265
1974,2265
1489,2266
1905,2266
129,2267
1501,2268
1731,2268
603,2269
0,2270
218,2270
7,2273
822,2276
1123,2276
1993,2276
1117,2277
292,2278
2035,2278
1917,2279
99,2284
409,2285
1,2286
51,2286
172,2286
256,2286
1865,2286
537,2287
921,2289
285,2291
0,2297
285,2297
1213,2297
153,2298
320,2298
102,2299
2077,2302
326,2307
436,2307
2,2311
336,2311
1698,2311
751,2312
822,2314
63,2315
28,2316
792,2316
24,2317
754,2317
788,2319
1033,2319
892,2321
940,2322
1223,2322
87,2324
0,2326
519,2326
2098,2328
28,2329
0,2330
129,2330
1205,2330
1484,2330
407,2335
162,2336
35,2339
1118,2339
1417,2339
25,2341
357,2341
52,2343
164,2343
750,2343
1355,2347
28,2348
1014,2349
11,2351
139,2351
223,2352
279,2352
963,2353
1782,2353
0,2354
59,2354
31,2356
142,2356
707,2356
95,2358
382,2358
172,2359
1673,2359
779,2360
1409,2361
1377,2364
172,2365
81,2367
548,2367
1287,2367
388,2369
386,2370
1302,2371
1703,2371
216,2372
469,2376
717,2376
667,2378
1556,2380
1899,2381
2039,2383
1164,2385
1369,2385
1616,2385
1731,2385
763,2386
1273,2386
717,2387
612,2388
1684,2388
219,2389
85,2390
26,2391
1284,2392
2316,2393
58,2394
1913,2395
699,2396
1580,2396
388,2398
148,2399
25,2402
887,2402
1082,2402
877,2404
1041,2404
278,2408
543,2408
985,2409
316,2410
721,2410
0,2411
153,2412
1442,2412
162,2414
841,2414
2364,2415
203,2416
262,2416
945,2416
1766,2416
720,2418
884,2418
1283,2420
773,2421
937,2421
1622,2422
2351,2422
0,2424
579,2424
164,2426
721,2427
1,2428
0,2429
878,2429
1739,2431
735,2433
1484,2434
143,2435
95,2436
1610,2436
1953,2439
95,2440
2208,2443
633,2444
261,2447
715,2448
1149,2450
1390,2450
387,2451
1705,2452
1732,2452
576,2453
366,2455
113,2456
1680,2456
733,2458
114,2459
2453,2459
193,2460
985,2460
1719,2460
1205,2462
1814,2462
33,2463
1454,2464
1088,2465
775,2466
1682,2469
765,2470
1025,2470
1244,2471
2152,2472
680,2473
1749,2475
1,2477
4,2477
203,2478
387,2478
105,2481
106,2481
2233,2481
581,2482
256,2483
1782,2483
153,2484
1611,2486
84,2487
303,2487
0,2489
344,2490
44,2491
772,2495
386,2499
0,2500
142,2500
645,2500
809,2501
0,2503
1684,2503
193,2504
1530,2504
570,2505
1273,2505
33,2506
2319,2507
2505,2507
2181,2509
961,2510
63,2513
173,2513
2269,2513
44,2515
322,2516
2267,2516
84,2518
598,2519
605,2519
532,2521
767,2521
193,2522
1579,2522
36,2525
173,2525
699,2525
772,2527
430,2529
1312,2530
172,2534
1874,2536
707,2538
1545,2538
1485,2540
39,2541
1119,2541
1251,2542
1060,2545
0,2546
773,2547
1780,2547
37,2548
39,2548
119,2548
2171,2550
161,2551
633,2551
1755,2552
2504,2553
1,2554
350,2554
432,2554
1647,2555
1422,2556
251,2557
335,2557
12,2558
635,2559
1742,2559
2297,2559
877,2561
1927,2563
949,2566
0,2568
617,2568
1042,2568
331,2570
386,2570
627,2570
801,2571
1888,2571
95,2573
1113,2573
2210,2573
26,2574
105,2574
113,2574
455,2576
441,2577
797,2578
578,2579
1111,2579
318,2580
1956,2580
2102,2580
2221,2580
2227,2580
138,2581
2195,2583
2227,2583
256,2584
987,2584
2244,2585
174,2586
366,2586
0,2587
51,2588
1745,2590
2411,2590
0,2591
2,2591
114,2591
1025,2592
1242,2592
51,2593
1680,2593
736,2596
0,2599
114,2600
446,2600
129,2604
781,2604
471,2605
2408,2605
1044,2606
221,2608
172,2612
336,2612
387,2612
26,2614
28,2615
1,2616
1,2617
602,2617
1247,2620
2021,2620
271,2621
1514,2621
2453,2621
95,2623
941,2623
420,2624
386,2628
1832,2629
687,2632
26,2633
227,2633
459,2633
1707,2633
69,2636
2291,2636
2617,2636
1444,2637
270,2640
4,2641
2219,2641
1664,2642
299,2643
37,2644
2518,2646
2169,2648
1236,2649
191,2651
388,2651
139,2652
6,2653
443,2653
583,2653
1252,2653
266,2656
24,2657
750,2657
2329,2657
186,2658
1162,2658
325,2659
788,2662
75,2663
253,2663
310,2663
510,2663
1832,2663
772,2664
955,2664
56,2667
214,2668
1508,2668
673,2671
71,2674
848,2674
1492,2675
0,2677
799,2678
1345,2680
2464,2684
63,2688
204,2688
1247,2688
1812,2688
502,2689
1248,2689
1927,2689
7,2690
2069,2690
2353,2690
1972,2691
571,2693
36,2694
2040,2694
2098,2694
1,2696
379,2697
1978,2697
2198,2699
244,2700
405,2702
2010,2702
1449,2706
614,2708
1165,2708
1976,2708
122,2709
614,2709
12,2711
2258,2711
541,2712
24,2717
2460,2717
176,2718
916,2720
1399,2720
11,2721
391,2721
941,2721
1231,2721
306,2722
850,2723
1203,2723
128,2725
1075,2725
239,2727
522,2728
2152,2728
238,2729
1162,2730
1466,2732
388,2736
548,2736
468,2737
845,2737
2174,2738
391,2739
1800,2739
472,2740
2169,2740
193,2741
1484,2742
2221,2743
2448,2744
462,2746
733,2746
1868,2746
1867,2747
2396,2747
1577,2748
2737,2748
0,2749
867,2752
2093,2753
128,2754
637,2754
1222,2754
1978,2755
2114,2760
26,2761
2152,2762
581,2763
1289,2763
756,2764
350,2765
85,2768
2035,2770
318,2771
1033,2771
1960,2771
153,2773
174,2773
581,2773
1011,2774
2093,2776
664,2777
727,2778
143,2780
294,2780
219,2782
589,2782
2483,2782
448,2783
11,2784
1595,2784
256,2785
287,2785
1832,2785
2106,2786
2453,2786
7,2788
602,2790
318,2791
2170,2792
15,2793
1629,2793
201,2794
11,2795
1577,2795
1718,2795
2416,2795
286,2796
765,2796
78,2798
876,2798
1088,2798
98,2802
138,2804
354,2804
1525,2804
1614,2804
2157,2804
953,2805
1187,2806
1622,2809
287,2810
35,2813
2229,2813
733,2816
0,2817
470,2817
97,2818
208,2818
593,2818
24,2819
326,2820
194,2821
400,2822
532,2824
416,2825
949,2825
202,2826
1719,2828
2428,2828
537,2829
1284,2829
142,2830
2771,2830
1533,2831
29,2833
1768,2834
1236,2836
28,2837
223,2837
1015,2838
155,2839
384,2839
1315,2839
799,2841
326,2842
1647,2842
405,2843
2093,2844
0,2845
635,2845
797,2845
843,2845
2837,2845
720,2848
216,2849
680,2850
875,2853
2773,2853
1338,2856
2106,2856
1739,2858
3,2860
39,2860
673,2860
785,2860
1234,2864
7,2865
454,2865
1295,2866
12,2867
1451,2868
2795,2869
1023,2871
949,2872
2098,2872
1546,2873
78,2874
1047,2874
0,2878
46,2880
82,2880
424,2881
15,2882
2326,2882
58,2883
792,2883
2170,2883
1800,2884
11,2886
1187,2886
6,2887
736,2891
1399,2891
989,2892
294,2895
2699,2895
91,2896
1122,2896
7,2897
1364,2897
1814,2898
1556,2900
988,2901
1136,2903
1345,2904
226,2905
290,2905
1025,2907
2031,2907
266,2909
1041,2909
1125,2910
563,2911
471,2912
1119,2912
1623,2912
2782,2914
563,2915
386,2917
1247,2920
569,2921
2408,2922
2689,2922
1173,2923
1926,2923
227,2924
1839,2925
2903,2926
484,2927
1997,2929
612,2930
2516,2930
1851,2931
1299,2932
1832,2933
2248,2933
1304,2934
318,2935
2169,2935
291,2936
2098,2936
71,2937
384,2937
510,2939
532,2939
337,2941
1741,2941
2351,2941
1704,2943
1936,2946
2830,2946
256,2947
956,2948
26,2949
1284,2954
204,2956
391,2956
2128,2957
1025,2958
6,2959
26,2960
2299,2960
129,2961
173,2963
349,2965
1640,2971
2408,2971
31,2972
765,2975
164,2977
1527,2977
936,2978
1375,2980
1504,2981
2455,2981
1869,2986
354,2988
0,2990
36,2990
270,2990
172,2992
325,2992
1346,2994
2957,2994
326,2995
1312,2995
1782,2995
1117,2996
1065,2999
1383,2999
1123,3001
139,3002
375,3002
518,3002
1623,3003
686,3005
871,3007
656,3008
2720,3008
36,3009
912,3009
14,3010
1065,3011
1273,3012
162,3014
809,3014
525,3015
1244,3015
1,3016
178,3018
2657,3019
584,3020
349,3021
402,3021
2238,3021
407,3028
253,3031
2367,3031
532,3032
759,3034
365,3035
2416,3035
152,3037
191,3037
0,3039
15,3039
333,3040
980,3040
751,3041
81,3043
2717,3043
66,3045
2689,3045
11,3048
475,3048
2192,3049
36,3051
1913,3052
0,3055
1141,3055
221,3056
583,3056
1203,3057
256,3058
1795,3058
2922,3060
417,3061
953,3061
751,3062
124,3063
822,3063
1611,3063
1,3064
22,3066
81,3066
1972,3066
1636,3068
11,3069
146,3069
363,3069
1950,3069
11,3070
1640,3071
1484,3074
11,3075
291,3075
1997,3075
2860,3077
114,3079
912,3079
2436,3079
357,3081
1269,3081
701,3083
2711,3084
1451,3086
11,3087
26,3087
39,3087
1015,3087
2941,3088
432,3091
132,3093
1741,3093
0,3095
23,3096
6,3097
2557,3097
386,3098
2132,3099
28,3100
388,3100
1922,3100
1636,3103
1252,3104
1135,3105
1956,3105
15,3107
226,3107
618,3109
662,3111
0,3112
2740,3112
241,3113
973,3113
3061,3113
941,3115
1925,3116
469,3118
1577,3121
169,3122
792,3122
890,3123
299,3125
1386,3125
318,3126
1647,3126
132,3129
667,3129
1978,3131
153,3132
1655,3132
1436,3133
1457,3133
1730,3133
193,3134
2909,3135
1676,3137
720,3138
2897,3138
155,3139
2934,3141
52,3142
589,3142
2016,3142
1768,3145
1283,3146
75,3147
28,3148
1974,3148
427,3149
922,3149
239,3150
37,3151
762,3151
1372,3151
169,3152
225,3153
131,3158
1269,3160
510,3161
711,3162
155,3164
2483,3164
1118,3167
763,3168
1720,3168
388,3169
1466,3169
579,3170
988,3170
2909,3170
155,3171
392,3171
440,3171
0,3172
28,3174
1113,3174
2319,3174
1044,3175
989,3176
1205,3176
2689,3176
1960,3178
35,3180
254,3180
1113,3181
185,3182
2810,3182
0,3183
1280,3183
2568,3187
1047,3188
548,3189
799,3189
1399,3190
1205,3191
1320,3192
1476,3192
3086,3193
1967,3195
1703,3196
52,3198
1355,3198
2385,3198
106,3199
7,3200
755,3201
482,3202
1065,3202
133,3203
1741,3205
1229,3206
387,3207
1905,3208
1974,3209
159,3210
914,3211
2038,3211
2393,3211
1213,3216
211,3218
219,3218
612,3219
1339,3220
918,3222
1011,3222
133,3225
203,3226
335,3226
143,3228
439,3229
2182,3229
1718,3230
2929,3230
1960,3232
1269,3233
7,3234
1814,3235
715,3236
384,3238
1476,3238
569,3242
1556,3242
52,3243
62,3243
23,3245
2711,3246
757,3248
1315,3250
0,3251
988,3254
1527,3256
673,3258
178,3259
349,3259
299,3260
1369,3262
69,3263
331,3263
408,3263
221,3264
773,3264
2123,3264
25,3270
303,3270
2754,3270
208,3271
114,3272
299,3272
989,3272
887,3273
115,3275
331,3278
2996,3278
28,3280
90,3280
1246,3280
129,3281
187,3281
2623,3282
799,3283
2180,3283
354,3285
51,3286
1853,3286
1987,3286
1445,3288
2170,3288
2495,3289
484,3290
4,3292
1158,3292
941,3293
75,3294
23,3295
0,3296
751,3296
0,3297
269,3298
525,3300
850,3301
2354,3301
598,3303
756,3304
287,3305
602,3305
58,3306
139,3306
285,3307
363,3307
1289,3308
3107,3308
1297,3311
24,3313
219,3313
2728,3313
619,3314
792,3314
1877,3314
3188,3315
294,3316
2667,3316
988,3317
2098,3317
0,3319
620,3319
792,3319
294,3320
1123,3320
920,3321
3126,3321
2934,3324
71,3325
7,3326
386,3327
133,3328
878,3329
2448,3330
619,3331
287,3332
1731,3332
2385,3332
510,3333
662,3333
395,3334
938,3334
1867,3338
612,3339
2297,3339
1501,3344
0,3345
291,3345
2784,3348
1123,3349
6,3350
1103,3350
2175,3351
790,3352
161,3353
69,3354
720,3354
724,3355
1685,3356
2818,3357
75,3359
291,3359
2322,3359
3254,3359
592,3360
155,3361
475,3363
2248,3364
701,3365
3272,3365
3270,3366
1502,3369
2422,3369
129,3370
468,3370
1824,3370
1720,3371
159,3372
742,3374
39,3375
186,3375
577,3375
581,3375
36,3376
1427,3376
1301,3378
90,3380
370,3382
853,3386
2490,3386
3100,3386
1923,3388
133,3390
275,3390
139,3391
1877,3394
2402,3395
413,3396
217,3398
3037,3399
256,3403
214,3405
2113,3407
1622,3408
1600,3409
6,3410
483,3410
335,3411
1342,3411
1470,3412
2120,3414
1126,3415
3243,3415
153,3416
1768,3417
75,3420
78,3421
172,3421
457,3421
3272,3421
71,3423
3048,3423
2157,3424
24,3425
143,3426
1345,3427
2408,3428
9,3429
359,3429
2017,3429
95,3430
173,3430
537,3431
699,3431
1213,3431
256,3432
66,3436
3365,3438
0,3445
612,3447
2247,3447
1399,3449
1421,3450
3445,3450
1118,3451
71,3452
2557,3452
132,3454
85,3457
552,3457
1011,3458
1170,3459
2525,3459
3069,3459
38,3460
2227,3461
2690,3462
1919,3464
1488,3466
223,3468
90,3469
325,3469
81,3470
1577,3470
715,3471
2694,3471
239,3474
733,3474
792,3474
845,3474
1262,3474
1741,3474
3457,3476
2352,3477
24,3478
126,3481
102,3482
1346,3482
1131,3483
24,3485
472,3485
69,3486
1380,3487
432,3488
153,3489
2922,3490
619,3491
1888,3491
2170,3492
107,3495
2653,3495
82,3497
173,3497
3474,3497
2905,3499
131,3500
2557,3501
129,3502
325,3502
2939,3502
203,3504
935,3504
772,3505
90,3508
1022,3508
1449,3510
1867,3511
3112,3512
337,3513
3246,3513
3070,3514
1065,3516
151,3518
85,3519
3066,3520
219,3521
335,3521
409,3521
1444,3521
911,3524
2163,3525
51,3526
446,3527
3147,3527
1412,3529
456,3530
1123,3532
2694,3532
39,3535
156,3536
944,3536
95,3538
2157,3539
0,3543
370,3544
726,3544
1203,3545
1252,3547
989,3548
1355,3551
1201,3554
1922,3554
2690,3554
36,3555
1721,3557
2297,3557
2378,3557
2996,3557
966,3559
1283,3559
1285,3559
2010,3559
360,3560
2010,3560
457,3562
1353,3562
326,3564
97,3565
131,3566
1240,3566
21,3568
1,3570
211,3572
581,3578
2559,3578
38,3581
2009,3582
3133,3582
420,3583
3360,3583
201,3585
620,3586
3370,3586
39,3587
1950,3588
1445,3590
2554,3591
1281,3592
855,3595
1205,3595
484,3596
11,3599
215,3599
1304,3599
3226,3599
2381,3601
469,3603
583,3603
2326,3603
824,3606
593,3608
1225,3609
2763,3611
1328,3614
25,3615
134,3615
912,3617
2771,3617
687,3618
2039,3618
941,3619
1135,3619
756,3621
779,3622
2152,3622
129,3623
335,3626
1011,3626
2483,3626
1749,3628
12,3629
155,3629
349,3630
2249,3630
2287,3631
28,3633
733,3633
1100,3633
735,3634
113,3635
37,3636
1213,3636
1640,3637
6,3639
1444,3639
1741,3639
97,3640
581,3640
1364,3641
2439,3641
799,3643
4,3646
325,3647
471,3649
309,3650
685,3651
471,3652
524,3653
62,3654
3345,3657
1,3658
438,3659
656,3661
1011,3662
51,3664
0,3665
1088,3665
3636,3665
46,3666
2,3667
3161,3668
699,3669
1832,3669
2809,3669
468,3673
613,3673
1111,3673
1797,3673
23,3674
3421,3674
181,3675
386,3675
6,3676
774,3676
2217,3676
1655,3677
3568,3678
279,3680
3427,3680
3375,3681
2150,3684
2809,3684
182,3685
0,3687
938,3687
1899,3687
26,3689
554,3690
912,3690
2,3693
37,3695
1300,3695
6,3696
716,3696
941,3697
318,3700
1383,3701
105,3702
66,3703
369,3704
3293,3704
226,3706
757,3706
1011,3707
1170,3708
797,3713
156,3714
3272,3714
1104,3715
2351,3715
1118,3716
446,3718
1242,3719
1956,3720
2770,3721
1038,3722
357,3723
510,3724
1862,3725
2386,3725
2402,3726
2547,3726
326,3727
2675,3727
11,3728
1349,3729
1610,3730
3396,3736
1033,3739
579,3742
294,3743
763,3743
0,3744
2200,3744
3369,3745
715,3746
2810,3746
1304,3747
155,3752
310,3752
985,3752
1814,3754
2782,3755
0,3756
24,3756
90,3756
1747,3757
386,3763
2568,3764
3641,3764
1545,3765
581,3766
169,3767
36,3769
1331,3769
1426,3771
1647,3771
1867,3772
1502,3773
81,3775
3378,3775
36,3776
419,3776
2793,3776
2404,3777
75,3778
3105,3780
95,3781
52,3785
82,3787
455,3787
1741,3787
1025,3789
325,3790
1123,3790
3142,3791
1450,3792
211,3794
1567,3794
3794,3795
181,3796
720,3796
23,3797
128,3798
202,3798
673,3801
1205,3803
182,3804
533,3805
0,3806
3633,3807
413,3815
181,3816
612,3816
63,3817
84,3818
0,3819
2825,3819
337,3820
1069,3820
151,3821
724,3821
126,3822
2784,3823
143,3824
0,3825
2386,3826
882,3827
2163,3828
2463,3829
2694,3829
895,3830
981,3830
2946,3830
419,3831
58,3832
861,3832
966,3832
3087,3832
38,3834
119,3834
51,3835
390,3836
1517,3837
2297,3837
2455,3837
324,3838
697,3838
1066,3839
912,3843
1705,3843
1206,3845
1044,3847
655,3848
657,3848
2871,3850
114,3851
6,3853
1328,3855
2178,3855
817,3857
941,3858
1780,3858
384,3859
1922,3859
260,3861
1546,3862
76,3863
2504,3864
26,3866
773,3867
350,3868
1270,3868
11,3870
775,3874
1395,3874
2747,3874
2783,3874
469,3875
409,3876
3601,3876
912,3877
2038,3878
3172,3881
1,3884
313,3884
1047,3884
139,3885
2912,3886
201,3887
1301,3889
388,3890
2574,3891
119,3892
1679,3892
2416,3893
1508,3895
131,3896
143,3897
3608,3899
3205,3901
70,3902
262,3902
2113,3902
537,3904
686,3904
2061,3904
0,3905
635,3906
392,3907
1014,3907
1262,3908
587,3909
717,3911
26,3914
841,3914
1060,3914
153,3915
176,3915
0,3918
1328,3919
156,3923
407,3923
1229,3924
3349,3924
563,3926
66,3930
2675,3930
1235,3932
129,3933
260,3933
11,3935
3466,3936
109,3937
39,3938
270,3938
186,3940
571,3940
223,3941
987,3941
23,3942
1755,3942
1,3943
814,3946
1065,3946
7,3947
828,3948
3471,3948
351,3950
382,3952
2720,3952
39,3955
571,3955
587,3956
1907,3957
287,3958
375,3958
670,3958
707,3958
1002,3959
6,3961
526,3962
2170,3962
3495,3962
1697,3964
579,3965
325,3966
2326,3966
23,3967
95,3967
98,3967
44,3972
867,3973
51,3975
1673,3976
3590,3976
892,3978
944,3978
26,3980
2490,3980
2580,3981
2364,3984
208,3986
1721,3986
0,3987
2367,3989
331,3991
543,3991
2434,3991
67,3992
2322,3992
31,3993
172,3993
2414,3993
2215,3994
3805,3994
1038,3995
95,3997
382,3997
2024,3998
3167,4000
326,4001
1414,4001
1466,4002
1643,4002
3599,4006
203,4008
1284,4008
1768,4008
2732,4008
944,4009
2653,4009
1504,4012
0,4013
413,4015
115,4016
319,4016
3907,4017
0,4018
29,4018
2678,4018
548,4022
1205,4022
99,4024
2036,4025
2074,4025
386,4026
1290,4028
246,4030
573,4031
1600,4031
912,4033
2121,4034
700,4035
139,4037
203,4037
1147,4037
276,4040
35,4044
524,4046
518,4047
299,4048
1484,4050
1477,4053
84,4054
645,4054
1832,4054
532,4056
246,4058
227,4059
3037,4059
6,4061
90,4061
169,4061
162,4062
46,4067
25,4068
1776,4068
2132,4068
3907,4070
306,4071
4,4072
198,4072
750,4074
1117,4075
1673,4075
465,4076
1706,4076
1890,4076
315,4079
3933,4079
316,4080
237,4083
202,4084
2464,4084
26,4085
1015,4085
162,4088
846,4088
558,4089
1892,4090
2818,4091
2841,4091
3412,4091
2221,4092
0,4093
3933,4101
1040,4104
2668,4105
3012,4105
3134,4105
4059,4105
469,4106
2297,4106
2389,4107
1614,4109
2700,4109
133,4115
953,4115
1051,4115
3923,4116
382,4118
303,4119
1553,4120
100,4122
299,4124
3412,4124
138,4125
1977,4125
921,4126
1399,4126
2571,4128
3590,4129
299,4133
1210,4133
172,4134
39,4135
707,4135
1174,4138
1960,4138
223,4139
1566,4146
3037,4147
24,4148
1438,4148
490,4149
1,4153
598,4154
720,4155
1770,4160
686,4161
583,4162
4154,4164
846,4166
0,4168
907,4169
1942,4169
3011,4173
267,4174
360,4175
659,4176
3991,4176
129,4180
382,4180
484,4181
636,4181
6,4182
74,4182
84,4183
1402,4183
66,4184
3281,4184
26,4186
1795,4187
1721,4188
1792,4188
3118,4188
3319,4188
3208,4190
1,4191
2663,4194
0,4196
1884,4197
221,4198
655,4199
169,4200
2773,4200
1688,4201
2352,4203
2740,4203
3843,4203
1451,4205
587,4207
618,4208
1444,4208
132,4209
525,4209
1300,4209
1501,4209
113,4211
484,4212
3652,4213
2286,4214
2604,4214
4031,4218
148,4220
38,4221
3142,4223
3192,4223
67,4225
2402,4225
846,4226
278,4227
1824,4227
105,4228
293,4228
2266,4228
551,4229
4002,4230
3992,4231
3097,4234
3559,4234
3631,4235
3415,4237
113,4238
1444,4238
1922,4241
370,4242
1187,4242
0,4243
191,4243
773,4243
186,4244
3372,4244
0,4245
1449,4245
2319,4246
2782,4247
818,4249
1113,4251
2132,4251
270,4256
726,4256
2880,4256
1273,4257
583,4258
1164,4261
1023,4262
1364,4262
3693,4262
3904,4262
2440,4263
617,4264
84,4266
203,4267
1331,4267
1476,4269
4018,4272
204,4274
113,4278
769,4278
1189,4281
750,4282
1066,4282
95,4283
69,4287
1485,4288
226,4289
1765,4289
2029,4289
3915,4289
1023,4291
153,4292
3174,4292
2782,4293
2429,4294
785,4295
1066,4295
1269,4295
3228,4295
363,4296
2016,4298
2102,4299
255,4300
2939,4300
80,4301
172,4303
2422,4303
2554,4303
3415,4303
583,4307
3195,4307
3722,4308
4299,4308
2098,4310
1577,4311
1995,4311
1213,4312
2689,4315
1867,4316
3958,4318
333,4319
684,4319
208,4321
457,4322
890,4322
228,4324
266,4324
655,4324
2633,4324
597,4326
656,4326
4147,4326
262,4327
1322,4329
1399,4329
3270,4330
1773,4331
3011,4331
9,4334
35,4336
1141,4336
3723,4336
446,4337
35,4338
544,4338
655,4339
2546,4339
3930,4339
11,4341
24,4341
533,4341
126,4342
1236,4342
469,4343
2351,4343
24,4344
1643,4345
1867,4346
4241,4346
1,4347
3151,4347
3566,4347
384,4348
3009,4348
757,4349
3327,4349
1869,4350
2258,4350
23,4352
617,4353
246,4354
0,4357
2217,4357
3118,4357
3652,4357
4183,4357
97,4358
198,4358
3490,4359
98,4360
169,4361
1383,4361
3547,4364
1629,4366
3376,4366
0,4367
28,4367
3958,4367
1223,4368
52,4369
3729,4369
764,4371
1445,4371
4,4373
1113,4373
3234,4375
173,4376
2249,4377
221,4379
1466,4379
2098,4384
635,4385
203,4386
0,4387
970,4387
6,4390
4242,4390
1525,4391
71,4392
3134,4392
3100,4393
2699,4394
191,4395
1494,4397
3980,4397
2361,4399
987,4400
446,4401
4225,4403
4348,4404
2433,4405
1242,4407
294,4408
655,4408
4,4409
131,4409
1696,4410
953,4411
0,4412
940,4415
172,4417
100,4419
201,4422
4124,4422
2238,4424
4319,4424
1047,4427
2135,4427
129,4430
3722,4430
2548,4432
2689,4432
2761,4434
845,4435
105,4436
326,4436
1705,4437
1950,4439
2447,4439
2699,4439
113,4442
686,4444
0,4446
63,4446
114,4446
128,4446
2268,4447
907,4450
962,4450
1011,4450
202,4451
417,4454
2402,4454
4446,4454
1270,4460
1328,4461
6,4463
132,4463
3599,4463
1832,4467
866,4468
2248,4468
178,4470
287,4471
714,4471
221,4472
172,4474
937,4477
4067,4477
1118,4478
1698,4478
2784,4478
90,4479
3868,4481
90,4482
75,4483
855,4484
1675,4484
2409,4484
664,4485
1675,4486
3715,4486
270,4487
1186,4488
3011,4490
2804,4492
84,4493
402,4493
221,4494
775,4494
2453,4496
3313,4496
987,4498
1421,4498
995,4500
239,4501
133,4503
211,4504
2483,4504
1731,4505
58,4507
1525,4507
4300,4508
2664,4509
598,4510
308,4512
3293,4513
1422,4514
4161,4514
1250,4515
4225,4515
3320,4517
4446,4517
1673,4518
3454,4518
405,4519
1033,4519
3258,4521
1186,4522
471,4525
571,4525
223,4527
1433,4527
0,4528
214,4528
525,4528
0,4530
287,4530
316,4531
769,4531
1741,4531
63,4532
684,4532
1892,4534
278,4535
1206,4537
366,4538
169,4541
1321,4543
2853,4543
935,4545
1675,4545
128,4546
63,4547
1302,4547
1457,4547
655,4549
320,4551
1108,4552
1835,4554
1331,4556
1780,4556
2217,4557
742,4558
2198,4559
378,4561
882,4562
867,4564
1203,4564
1761,4564
382,4565
955,4565
129,4566
51,4567
275,4567
2434,4567
2,4569
1913,4569
940,4570
214,4572
2108,4573
336,4574
848,4575
537,4576
1340,4577
2170,4577
1065,4581
6,4583
3868,4583
36,4584
95,4584
207,4584
2937,4584
4155,4585
448,4587
3987,4587
1280,4589
3415,4589
4357,4593
980,4594
756,4595
2024,4595
2163,4595
878,4596
526,4599
579,4600
619,4600
1235,4601
3292,4601
1835,4602
601,4604
1646,4604
2504,4606
225,4609
552,4609
78,4611
1770,4611
0,4615
23,4616
128,4618
963,4618
3111,4618
66,4622
754,4622
3428,4622
25,4623
3226,4624
267,4625
3286,4625
417,4629
548,4630
2124,4632
113,4633
1117,4634
1625,4634
1749,4634
2518,4635
2917,4635
3374,4635
306,4636
853,4637
1417,4637
1795,4639
1808,4640
578,4641
448,4642
1750,4643
3519,4643
337,4644
1485,4644
2249,4645
254,4646
2031,4646
1414,4648
3902,4649
293,4650
3037,4650
4584,4651
2352,4652
129,4653
1819,4654
3704,4654
113,4655
2568,4655
387,4656
502,4660
1502,4661
52,4662
392,4662
1203,4662
1556,4662
153,4664
756,4664
906,4665
131,4666
2518,4669
2258,4671
66,4672
63,4673
35,4675
684,4676
3428,4677
424,4679
635,4681
1015,4683
1386,4683
966,4684
542,4685
1082,4685
2783,4686
4484,4686
4,4688
139,4689
532,4689
138,4690
1249,4690
3591,4691
221,4692
2782,4694
4373,4694
718,4697
9,4699
872,4699
1450,4708
26,4709
113,4711
4634,4711
107,4712
3283,4715
2364,4716
525,4717
2874,4717
2935,4717
469,4718
1111,4718
392,4719
3483,4719
159,4720
3112,4721
3722,4721
293,4722
2069,4723
2049,4724
845,4725
11,4726
138,4726
636,4727
1240,4727
3314,4727
2717,4728
3706,4728
4345,4733
219,4735
762,4735
3771,4736
2516,4737
46,4738
335,4738
484,4738
751,4738
1433,4738
1508,4738
37,4739
3615,4740
202,4743
1525,4743
3327,4746
1766,4747
193,4748
1639,4748
291,4751
67,4752
1466,4753
2999,4753
475,4754
872,4754
4694,4755
9,4758
3203,4758
2525,4759
221,4760
1170,4763
1331,4764
809,4771
1066,4774
37,4775
1804,4776
271,4777
225,4778
408,4778
1065,4780
2408,4780
910,4781
2736,4781
0,4782
619,4782
587,4783
912,4783
271,4784
0,4785
1470,4785
3425,4786
15,4787
3429,4789
2929,4790
699,4792
1502,4792
699,4794
270,4795
938,4795
178,4796
2215,4797
1720,4799
505,4801
1556,4808
2353,4808
3304,4808
1629,4809
4352,4809
6,4810
2541,4810
2688,4810
450,4811
465,4812
1816,4812
0,4813
1178,4813
988,4815
12,4817
2412,4817
1902,4818
126,4819
306,4819
1933,4820
4315,4820
1940,4821
1741,4822
3058,4822
3283,4822
4348,4822
1721,4824
4477,4825
4,4827
270,4833
0,4836
3226,4838
4088,4839
214,4840
2447,4840
0,4841
2934,4841
193,4842
1808,4842
612,4844
3122,4844
124,4845
3641,4845
4278,4846
1136,4850
4635,4850
4755,4850
2934,4852
2999,4852
4595,4853
1251,4854
1917,4854
4395,4854
3412,4855
1555,4856
139,4857
655,4859
792,4859
4679,4861
1117,4862
1038,4863
3875,4863
131,4865
895,4865
2763,4865
417,4866
1825,4866
3674,4867
1684,4868
1494,4870
587,4871
2175,4871
559,4872
2990,4872
655,4874
2580,4876
2387,4877
2586,4880
1858,4881
9,4882
22,4882
2653,4884
1466,4885
1940,4886
1203,4887
2612,4888
4646,4888
24,4889
7,4890
172,4891
201,4891
1299,4891
4002,4894
686,4895
656,4896
598,4897
1676,4898
2367,4898
208,4899
941,4900
203,4901
4810,4901
1269,4902
1466,4903
757,4904
23,4905
2737,4905
239,4906
95,4911
115,4912
1570,4912
148,4913
549,4913
1846,4913
4882,4913
4891,4914
4857,4916
2475,4917
1795,4918
11,4920
516,4924
4336,4924
2009,4926
630,4928
601,4929
2203,4930
2519,4931
81,4932
2168,4933
4530,4933
2561,4934
1341,4935
161,4936
67,4937
1607,4939
1940,4939
1066,4940
1328,4941
446,4942
382,4943
1868,4943
1995,4945
2367,4945
2788,4947
1484,4948
988,4951
1780,4951
3428,4952
317,4953
350,4953
1290,4953
4611,4953
2961,4954
193,4955
1362,4957
1610,4957
427,4958
4748,4958
936,4959
1664,4959
3816,4962
0,4964
3583,4967
63,4968
1977,4968
2860,4968
3958,4970
223,4971
2975,4974
890,4975
46,4977
119,4979
2689,4980
6,4981
4958,4983
4625,4984
2285,4985
775,4986
2367,4986
4572,4986
1186,4987
2903,4987
3481,4987
890,4988
2484,4989
3070,4989
132,4991
3454,4991
1273,4992
704,4994
0,4995
39,4995
956,4996
603,4997
4,4998
204,4998
4197,4998
971,5003
1546,5003
292,5004
1346,5004
1749,5004
2360,5004
4463,5004
148,5007
2152,5007
773,5010
484,5011
1203,5012
1372,5012
2747,5013
3075,5014
4030,5014
6,5015
773,5016
3743,5016
139,5017
193,5018
535,5020
941,5020
1273,5020
106,5021
762,5021
518,5023
1453,5023
767,5027
3066,5028
25,5029
2700,5032
2907,5032
405,5034
33,5035
2746,5037
4624,5038
302,5042
1961,5043
129,5044
1356,5045
9,5046
114,5047
1421,5047
3083,5047
12,5049
84,5049
797,5049
1940,5049
602,5050
12,5051
620,5051
470,5055
4866,5055
270,5056
1243,5056
4679,5057
58,5059
4269,5059
2483,5060
4662,5060
3354,5064
23,5065
845,5065
326,5068
1450,5068
3544,5068
469,5070
1066,5070
2110,5075
4913,5076
1399,5078
1258,5080
2098,5080
4724,5080
186,5081
2171,5086
1469,5087
845,5088
4740,5089
533,5091
707,5091
2152,5091
2012,5092
4531,5095
968,5096
306,5099
23,5100
423,5101
370,5104
434,5104
2049,5105
3142,5105
1100,5106
5056,5106
2911,5109
310,5110
1727,5110
432,5112
344,5113
4512,5113
100,5114
306,5114
326,5114
2911,5116
270,5118
172,5123
522,5124
935,5124
951,5124
156,5125
1268,5125
944,5126
1942,5128
4109,5128
2,5129
3585,5129
1145,5130
1773,5130
221,5132
214,5135
4852,5135
105,5137
1795,5137
2809,5137
90,5139
618,5139
5101,5140
1479,5141
2747,5141
416,5142
1117,5142
3816,5142
204,5143
5106,5143
773,5144
11,5145
636,5145
3037,5146
537,5147
24,5148
4122,5148
326,5149
1362,5151
4278,5151
1408,5152
95,5153
1804,5153
129,5154
522,5155
3994,5155
234,5156
416,5156
4,5157
3630,5159
310,5162
2727,5162
3020,5162
6,5163
9,5166
23,5166
304,5167
3987,5167
4348,5167
9,5168
2782,5169
3536,5169
617,5170
1372,5170
3562,5173
0,5174
2453,5175
2028,5176
2860,5177
4242,5179
4809,5179
3491,5180
1517,5181
411,5184
2723,5184
1,5185
4625,5185
4913,5187
419,5188
2137,5189
620,5191
3527,5191
56,5192
23,5194
4665,5195
1624,5196
4930,5196
375,5198
148,5199
892,5199
4120,5200
21,5201
558,5201
1187,5201
598,5202
114,5204
98,5205
3713,5207
4002,5208
25,5209
3825,5209
1614,5210
2421,5211
2856,5211
237,5212
3828,5212
3940,5212
2267,5214
3696,5218
350,5220
3601,5220
3474,5223
24,5225
173,5225
1340,5232
153,5234
1476,5236
66,5237
264,5238
748,5239
427,5240
937,5241
326,5243
1210,5243
1940,5243
129,5244
2556,5245
114,5246
9,5248
1339,5248
1066,5249
1454,5250
6,5251
239,5254
3474,5254
635,5255
4933,5255
441,5256
4722,5258
11,5260
312,5261
4125,5262
1785,5263
5003,5263
2249,5265
3361,5267
126,5268
2040,5269
387,5270
2434,5270
618,5271
1741,5272
2784,5272
1240,5275
56,5276
2761,5276
4859,5276
63,5277
306,5278
2039,5279
278,5280
335,5282
1517,5283
707,5284
409,5285
3354,5285
3489,5285
1853,5286
2729,5286
4090,5286
294,5289
1579,5289
2098,5289
3862,5289
63,5290
2152,5290
3126,5291
3725,5292
4833,5294
547,5296
2668,5297
11,5298
2708,5299
2696,5304
3126,5305
4554,5305
66,5306
619,5308
1749,5308
524,5311
3907,5311
107,5312
3821,5313
2668,5314
920,5315
619,5318
193,5319
1617,5320
185,5323
2937,5323
33,5324
325,5324
1271,5324
2911,5324
3930,5324
131,5325
966,5325
5020,5331
278,5332
3135,5332
3631,5332
1649,5333
179,5335
204,5335
720,5335
2248,5335
598,5336
1,5337
11,5338
3834,5338
126,5339
1208,5340
11,5341
52,5341
2066,5341
1,5342
765,5342
1065,5342
323,5343
1271,5343
992,5345
785,5346
2189,5346
409,5347
3356,5347
4935,5351
968,5352
3772,5352
524,5353
7,5354
23,5355
51,5355
132,5355
172,5359
1285,5359
3084,5359
4484,5359
4859,5362
2559,5364
2720,5364
1974,5365
3052,5365
4238,5365
0,5366
3,5369
524,5370
1545,5370
227,5371
2649,5376
3634,5376
11,5377
211,5377
525,5378
857,5378
2805,5379
1144,5381
2490,5381
537,5383
1625,5384
1780,5384
2061,5385
4812,5390
1680,5391
1867,5391
2839,5395
5032,5395
126,5397
1235,5397
114,5399
3958,5399
4622,5399
2558,5402
5142,5407
2420,5409
3502,5410
1284,5412
4530,5413
102,5414
4481,5415
51,5418
2909,5418
4711,5419
1,5421
173,5421
1269,5422
754,5424
3304,5424
3193,5425
1782,5427
3474,5427
3566,5427
1890,5428
5236,5430
5424,5430
985,5431
4437,5431
2459,5432
23,5435
38,5435
963,5435
459,5436
3432,5436
24,5437
3781,5437
1,5438
419,5438
375,5440
173,5442
293,5442
980,5443
142,5444
3271,5445
39,5447
723,5447
2246,5447
4085,5447
155,5448
266,5448
1972,5450
304,5452
995,5453
4530,5453
176,5457
635,5457
533,5458
2754,5458
3483,5460
1285,5461
985,5462
2074,5465
4953,5466
673,5467
2361,5468
1,5469
44,5469
3636,5469
75,5471
1213,5471
119,5472
153,5472
2712,5473
227,5474
471,5476
905,5476
28,5477
221,5479
4324,5479
23,5480
324,5480
1972,5480
3980,5481
1649,5482
1727,5483
278,5488
407,5489
3673,5489
2633,5491
172,5494
1484,5494
142,5495
24,5499
2608,5499
3170,5500
4324,5501
757,5503
2171,5503
369,5504
966,5504
3043,5505
3989,5506
11,5507
5336,5507
4201,5508
673,5509
5175,5509
618,5510
1868,5510
4446,5510
122,5511
5306,5514
1111,5516
484,5517
126,5518
293,5518
620,5518
5267,5520
5276,5521
584,5522
2408,5523
173,5524
2792,5526
5312,5526
66,5531
179,5532
0,5533
2773,5534
178,5535
4525,5535
4810,5535
3457,5536
748,5538
1933,5538
1566,5539
1719,5539
565,5540
576,5540
448,5541
2737,5543
3313,5544
799,5546
2039,5547
2237,5547
2886,5547
4387,5548
727,5549
176,5551
4084,5552
742,5553
1766,5553
2860,5553
26,5555
3641,5555
1936,5557
4595,5562
5042,5562
17,5563
169,5563
3316,5564
36,5566
347,5566
1065,5566
46,5569
325,5570
3680,5571
3976,5574
3958,5575
522,5577
2440,5577
799,5579
1051,5580
1979,5580
74,5582
2329,5583
7,5584
503,5585
1049,5587
1408,5588
2410,5588
2939,5589
2289,5590
3449,5590
4105,5590
0,5591
966,5591
3819,5591
193,5592
239,5594
1,5601
172,5606
323,5606
1741,5608
119,5610
51,5612
1377,5612
450,5613
1918,5614
4354,5614
139,5619
1047,5619
2792,5619
260,5620
1567,5620
1724,5620
637,5622
3639,5624
155,5630
211,5630
62,5631
1755,5632
2864,5632
3146,5633
2049,5634
3066,5634
3976,5634
1407,5635
2709,5635
5135,5636
750,5638
985,5639
1453,5640
0,5641
2424,5641
963,5642
2845,5642
5225,5642
1117,5643
1800,5645
1977,5645
602,5646
933,5647
1961,5647
0,5648
1095,5648
400,5650
3684,5650
1415,5651
1766,5651
230,5652
3562,5653
193,5654
593,5657
1657,5657
0,5660
3285,5660
1706,5661
290,5663
3962,5664
810,5665
686,5666
714,5666
4349,5666
276,5668
142,5669
2227,5669
2453,5670
598,5671
1769,5671
2266,5672
168,5674
940,5677
1063,5677
2038,5677
3904,5677
968,5679
1744,5679
3295,5682
328,5683
4106,5683
176,5684
655,5684
3079,5684
35,5686
204,5687
636,5687
4407,5687
46,5688
131,5688
1213,5689
2895,5689
2886,5690
3795,5690
3011,5692
3012,5693
5151,5693
386,5697
5645,5698
1285,5699
720,5700
4200,5700
742,5701
2771,5701
0,5702
3396,5706
11,5707
23,5708
392,5709
1341,5709
2943,5709
2011,5710
1608,5712
294,5715
255,5716
2416,5717
3011,5718
3858,5719
143,5720
237,5721
490,5722
1014,5723
723,5724
1824,5729
2740,5729
591,5732
2867,5732
1407,5733
143,5735
618,5735
2071,5735
4557,5735
3176,5736
1277,5737
4934,5737
4,5739
228,5739
1704,5740
278,5742
914,5743
2784,5743
2483,5744
132,5745
2897,5745
36,5747
4618,5748
315,5749
366,5750
579,5750
1589,5752
12,5754
109,5754
659,5754
5163,5755
0,5760
1517,5760
1610,5761
2228,5761
7,5763
680,5763
3532,5763
571,5764
1312,5764
4988,5764
1869,5766
7,5768
1135,5768
4716,5768
128,5769
108,5771
1113,5772
1465,5773
0,5776
1246,5778
5003,5778
1956,5779
3052,5780
533,5781
3904,5782
323,5786
583,5787
2664,5787
755,5788
447,5789
469,5789
5286,5789
1290,5790
239,5791
1647,5791
4274,5793
278,5794
1684,5794
4785,5795
4861,5795
1972,5798
4166,5798
4404,5799
278,5800
1088,5800
1233,5801
5016,5802
645,5803
5169,5804
1355,5805
38,5806
173,5806
1419,5806
484,5809
720,5809
3205,5809
169,5810
246,5810
3328,5810
5141,5812
37,5813
3307,5813
0,5815
26,5816
38,5817
1494,5818
3867,5818
115,5819
414,5819
2108,5820
38,5821
3084,5821
203,5822
186,5823
1918,5823
2248,5824
0,5826
5431,5826
182,5827
3495,5827
4,5828
592,5828
225,5829
392,5829
1747,5829
1515,5830
1899,5830
2448,5831
1307,5833
853,5834
1108,5834
516,5837
956,5838
2578,5839
4357,5839
100,5840
5011,5841
4662,5844
291,5845
211,5846
359,5846
0,5847
720,5849
3188,5849
1882,5850
2074,5852
2720,5852
1580,5854
792,5855
3016,5855
878,5856
69,5857
3729,5857
2541,5860
2421,5861
5674,5863
6,5864
384,5865
1960,5867
292,5869
579,5870
941,5870
3940,5870
1502,5871
912,5873
0,5874
4616,5876
1066,5877
2421,5877
5080,5877
4953,5878
1812,5879
2566,5879
7,5880
39,5880
4018,5881
0,5884
1469,5884
1744,5887
349,5888
2505,5888
2516,5888
5543,5889
2171,5890
2,5892
3313,5892
1120,5893
306,5895
4852,5895
5666,5895
182,5901
3669,5901
173,5902
3286,5904
2825,5906
792,5908
4225,5908
35,5909
33,5912
370,5912
2098,5914
601,5917
323,5918
153,5919
4625,5919
2897,5922
239,5923
605,5923
2412,5923
169,5924
113,5927
12,5928
4656,5928
2547,5929
2824,5929
4743,5929
155,5930
5435,5930
1047,5931
2393,5931
5806,5933
5709,5934
3096,5937
95,5938
58,5939
2897,5943
2903,5943
989,5944
800,5947
571,5949
1862,5950
3832,5950
335,5951
386,5951
1604,5951
4174,5952
4387,5952
537,5955
1399,5955
0,5957
4629,5957
457,5958
39,5961
1269,5961
427,5962
4951,5962
2573,5964
4984,5965
5747,5966
63,5968
2917,5970
537,5971
1203,5971
5453,5973
12,5974
131,5974
3843,5974
1,5975
35,5975
533,5976
1485,5976
3559,5976
438,5978
3687,5978
440,5980
59,5981
941,5981
291,5982
949,5982
46,5985
319,5985
382,5986
4528,5986
6,5987
1113,5987
1635,5987
0,5988
1273,5988
1485,5988
46,5989
2780,5990
1997,5993
1907,5994
2975,5994
161,5995
294,5995
3370,5996
5839,5996
139,5998
4504,5999
310,6000
310,6002
1956,6002
172,6005
465,6008
1324,6008
475,6009
1731,6009
1905,6011
4727,6011
219,6012
2058,6012
2579,6012
630,6013
772,6013
227,6017
1108,6017
552,6019
194,6020
4059,6020
88,6021
1484,6022
4758,6022
4446,6024
2443,6025
756,6027
46,6029
3219,6029
1113,6030
5702,6030
2227,6033
17,6036
4930,6036
52,6037
2335,6037
335,6039
4528,6039
3070,6041
172,6042
1570,6042
63,6043
2784,6043
3798,6044
4261,6044
5683,6045
24,6047
2074,6047
2965,6047
5201,6047
598,6048
963,6051
577,6052
4953,6053
5407,6053
124,6056
4385,6056
614,6058
5538,6058
5989,6058
1221,6059
1113,6061
2563,6061
6037,6061
1117,6062
193,6068
1117,6068
5830,6068
469,6070
347,6071
1640,6072
4484,6072
1203,6074
2322,6074
25,6075
39,6075
760,6075
5854,6075
36,6076
7,6078
97,6079
5424,6079
471,6082
2483,6084
3079,6085
3272,6085
3521,6086
95,6089
2579,6089
382,6093
2605,6093
3332,6095
1,6097
2361,6097
1731,6098
524,6099
3904,6100
6027,6101
2903,6102
128,6103
305,6103
62,6105
841,6105
5276,6105
448,6108
1113,6109
239,6110
1824,6110
0,6111
973,6112
4373,6112
6074,6113
836,6114
877,6114
537,6115
3405,6115
1364,6117
39,6118
621,6118
3490,6118
3958,6118
337,6120
39,6123
129,6123
1222,6123
3228,6123
490,6126
1780,6126
3976,6127
234,6128
614,6128
178,6131
980,6132
3726,6134
5202,6135
51,6138
51,6139
51,6141
114,6141
1732,6142
3933,6142
2069,6143
51,6144
2736,6144
36,6145
1273,6146
4958,6148
78,6150
866,6150
1566,6151
664,6153
1484,6155
2691,6156
4122,6156
1878,6157
3365,6158
1116,6161
2450,6161
3491,6161
2525,6162
0,6164
4282,6165
278,6166
2017,6166
2035,6166
114,6170
1113,6170
1244,6171
1773,6171
2170,6171
1639,6173
95,6176
2393,6177
1027,6178
26,6179
3635,6179
285,6182
2960,6184
256,6185
122,6186
4079,6186
610,6187
4784,6187
2784,6188
132,6190
3222,6193
4227,6197
5370,6198
2975,6200
182,6203
315,6203
2802,6203
2897,6203
1585,6204
3420,6205
1242,6206
2923,6206
3497,6206
455,6207
5343,6207
3142,6209
1479,6214
5510,6215
6068,6215
1270,6218
3386,6219
4785,6220
9,6221
310,6221
139,6222
95,6223
3535,6225
536,6226
2910,6227
5966,6227
5514,6229
172,6231
221,6231
1705,6231
1341,6232
3955,6232
1580,6233
326,6234
5938,6235
105,6236
143,6238
1622,6239
153,6241
237,6241
5004,6241
0,6243
3356,6244
4025,6244
336,6245
1369,6246
3100,6247
5869,6250
4630,6251
1122,6252
2148,6252
28,6255
1636,6255
1103,6256
3091,6256
4294,6258
1223,6260
3876,6260
3396,6261
2298,6264
736,6265
3167,6265
4740,6265
246,6268
1123,6268
71,6271
678,6271
3715,6272
1141,6273
2507,6273
28,6275
2093,6276
106,6277
1113,6277
1914,6278
139,6280
1223,6280
184,6282
336,6282
1515,6282
2483,6282
3298,6283
3899,6283
1977,6284
3100,6286
0,6291
11,6292
5590,6293
17,6295
469,6295
2490,6296
3104,6296
184,6297
3133,6299
0,6301
21,6301
1108,6302
462,6303
3218,6308
3474,6309
143,6311
215,6311
988,6311
3483,6312
1240,6313
3902,6321
755,6323
3777,6324
774,6325
1838,6327
3559,6328
46,6329
1110,6330
133,6331
1094,6331
1679,6333
5834,6333
59,6334
12,6335
23,6336
3544,6336
58,6337
294,6337
587,6337
711,6337
1355,6337
4135,6337
601,6338
1385,6338
4149,6339
5132,6339
5347,6340
223,6341
1922,6341
3193,6341
287,6342
3121,6342
1,6343
146,6343
2783,6343
46,6344
1496,6344
2903,6345
9,6347
38,6347
2652,6347
3126,6347
325,6348
1438,6348
87,6349
6204,6349
3878,6350
2085,6351
3474,6351
106,6352
0,6355
450,6355
973,6356
1246,6356
350,6357
4515,6357
5092,6357
3907,6361
5867,6361
409,6362
2886,6363
4385,6363
223,6364
2936,6364
617,6365
1301,6365
4813,6365
2227,6366
4000,6366
33,6368
4,6370
24,6370
1223,6370
1,6377
649,6377
673,6379
755,6381
262,6382
729,6383
349,6384
548,6385
427,6386
12,6387
5414,6387
824,6388
1304,6388
2286,6391
3823,6392
3530,6394
573,6395
1780,6395
325,6396
988,6396
1585,6397
1780,6397
2200,6397
203,6398
2773,6398
941,6399
3087,6399
291,6400
3133,6400
1611,6401
2752,6402
80,6408
837,6408
1486,6408
63,6409
12,6411
1476,6411
1938,6411
3639,6411
6352,6411
2995,6415
581,6416
1559,6416
4711,6416
37,6417
2041,6417
138,6420
1,6421
2736,6421
132,6427
2193,6428
4898,6430
81,6431
1470,6431
1643,6431
5289,6431
1922,6434
204,6436
414,6438
2747,6439
711,6442
1832,6442
645,6443
1086,6443
3188,6445
736,6447
1432,6447
2521,6447
502,6453
172,6455
3338,6455
29,6461
169,6461
1117,6461
1453,6462
797,6464
1517,6465
0,6466
2269,6467
102,6468
6328,6469
6011,6471
12,6472
12,6473
292,6475
3378,6475
5469,6475
1561,6478
168,6481
1345,6483
5473,6485
4532,6487
584,6488
4395,6488
1066,6491
6273,6491
618,6492
0,6493
4577,6495
148,6497
586,6497
3193,6498
4782,6498
6384,6498
95,6500
5299,6501
344,6503
3350,6503
5795,6503
2684,6504
1354,6505
131,6506
2105,6506
37,6507
1576,6507
920,6509
6356,6514
1269,6515
3041,6515
3730,6515
5460,6515
762,6516
773,6516
251,6518
4935,6519
2022,6521
3018,6522
139,6526
427,6527
583,6527
583,6530
620,6530
0,6531
7,6531
278,6531
768,6531
5469,6531
1337,6532
1407,6533
5297,6533
597,6534
1680,6535
11,6537
12,6537
1750,6537
1938,6537
326,6538
2307,6538
3100,6539
2030,6540
1527,6545
6,6547
386,6548
1517,6548
4970,6549
1,6550
378,6551
441,6552
5051,6552
4068,6553
4637,6554
6052,6555
420,6556
613,6556
4987,6557
2157,6558
875,6562
4552,6562
5829,6562
659,6563
911,6563
1152,6563
773,6564
1135,6564
204,6567
516,6567
181,6568
1477,6568
5612,6568
3474,6571
51,6572
1938,6572
2478,6572
251,6573
966,6573
1974,6573
2157,6573
6351,6573
2,6574
3316,6575
462,6576
4953,6576
1316,6577
90,6578
326,6578
162,6584
182,6585
2747,6588
4091,6588
83,6589
3008,6589
6365,6589
747,6590
294,6591
1706,6592
2387,6592
71,6593
5768,6594
29,6595
85,6596
0,6597
584,6600
1730,6600
2727,6601
2860,6601
6260,6601
1832,6602
359,6604
1550,6604
469,6605
1224,6605
267,6606
966,6606
2322,6606
33,6607
132,6608
4625,6608
203,6610
0,6612
7,6615
5830,6615
3621,6616
5700,6616
22,6617
1769,6617
2152,6617
2747,6618
306,6620
522,6620
2015,6620
2895,6620
4303,6620
90,6621
4825,6623
781,6624
601,6626
850,6627
4882,6627
4850,6628
95,6629
4532,6629
1123,6630
510,6631
735,6631
82,6632
2792,6632
985,6633
0,6635
5564,6635
1328,6636
133,6638
2483,6638
2896,6638
1594,6639
2720,6641
4,6643
1555,6644
3012,6644
2934,6645
87,6647
4842,6647
63,6649
963,6652
3525,6652
2903,6653
153,6656
211,6656
1484,6657
88,6658
148,6658
2545,6658
24,6659
4637,6659
169,6660
309,6663
1426,6663
3633,6663
1977,6664
24,6666
109,6666
382,6667
6400,6667
181,6668
3421,6668
989,6670
6283,6670
1252,6671
3313,6671
4809,6672
5538,6674
36,6675
2929,6675
309,6676
326,6676
440,6676
2557,6676
533,6677
4368,6678
5951,6678
4503,6679
0,6681
155,6682
699,6682
98,6683
319,6683
6012,6683
662,6684
132,6685
571,6685
6030,6688
3281,6691
852,6692
6488,6692
2860,6693
90,6694
133,6695
951,6697
2516,6697
3020,6699
4091,6699
88,6700
1082,6700
4954,6701
227,6702
5517,6703
3500,6704
28,6705
522,6705
4648,6705
4818,6705
4846,6706
1532,6707
6173,6708
239,6711
1135,6711
3329,6711
5431,6711
6572,6711
559,6712
2319,6713
4181,6715
6,6716
22,6716
100,6716
169,6716
4482,6716
44,6717
1488,6719
2061,6719
1135,6720
3619,6720
5469,6721
2152,6722
2388,6722
4795,6723
6244,6724
2995,6725
6516,6725
1349,6726
569,6730
818,6730
1676,6732
4871,6732
416,6733
3246,6733
720,6735
3684,6735
11,6736
2723,6736
63,6737
278,6737
5962,6740
2866,6741
0,6742
26,6744
3018,6745
3100,6745
326,6747
1065,6748
5563,6748
81,6749
542,6749
4091,6751
15,6756
454,6757
4373,6757
12,6758
4018,6758
2521,6759
4930,6759
186,6760
6282,6761
194,6762
2098,6764
3704,6765
6126,6766
763,6767
1704,6767
510,6770
4914,6770
5606,6771
36,6772
1611,6772
2453,6772
208,6773
664,6776
4945,6776
36,6778
829,6781
906,6781
4662,6782
1502,6783
46,6784
2897,6784
4574,6787
172,6788
617,6788
6355,6788
1280,6789
4738,6791
402,6792
1913,6796
1248,6798
1610,6798
1476,6801
0,6803
99,6804
953,6807
1205,6807
3296,6807
131,6808
717,6808
292,6809
726,6810
5402,6810
2519,6812
2941,6812
234,6813
686,6813
6245,6813
5483,6814
799,6816
2883,6816
3858,6817
1741,6819
2867,6819
4822,6820
70,6821
1108,6824
6408,6824
2895,6825
872,6827
24,6828
339,6828
2459,6829
237,6831
1,6832
24,6832
264,6834
533,6834
565,6836
1222,6836
172,6837
5507,6837
4558,6841
3450,6842
51,6843
5335,6843
891,6844
59,6846
895,6846
3369,6846
537,6847
2351,6847
66,6848
179,6850
6278,6850
1577,6851
2453,6851
6585,6851
106,6852
1680,6853
2903,6853
36,6856
75,6856
1,6858
841,6861
619,6863
6,6864
2844,6864
143,6865
4777,6865
411,6866
659,6867
5254,6867
1577,6868
4616,6869
5566,6869
128,6870
1502,6870
4018,6870
5566,6870
1718,6871
29,6872
1441,6878
4182,6878
51,6879
548,6880
256,6882
1399,6882
109,6884
2802,6884
5719,6884
1251,6885
91,6887
3361,6889
68,6891
4820,6891
510,6892
1187,6892
3474,6892
372,6894
325,6898
3359,6898
66,6899
4278,6899
325,6901
1139,6901
2390,6901
4230,6902
349,6904
95,6905
750,6905
6515,6905
5276,6906
6772,6906
6901,6906
382,6908
1878,6909
6141,6909
46,6910
5208,6910
505,6911
39,6912
845,6912
655,6913
2723,6913
75,6914
270,6914
1377,6915
956,6916
1011,6916
25,6917
39,6917
354,6917
3630,6918
6819,6918
1324,6919
3701,6921
548,6922
963,6922
618,6925
1901,6927
2210,6927
3360,6928
549,6929
5481,6929
804,6932
4825,6932
17,6935
227,6935
4030,6935
148,6936
335,6936
659,6936
801,6936
95,6939
1477,6941
673,6942
2105,6942
63,6944
223,6945
1546,6947
764,6949
2421,6949
4088,6949
0,6950
5436,6950
82,6953
0,6954
23,6954
1162,6954
11,6955
1673,6955
3313,6956
6455,6960
1135,6962
11,6963
37,6964
3527,6964
310,6965
337,6966
4292,6966
427,6967
949,6967
3361,6967
131,6968
2450,6968
114,6970
6341,6972
6522,6972
2173,6973
4228,6975
294,6976
3481,6976
6939,6976
4634,6977
4074,6978
5407,6978
6176,6978
483,6981
221,6982
457,6982
1244,6982
1617,6983
4056,6983
6767,6983
386,6984
773,6985
4460,6985
0,6986
1339,6986
1933,6986
1044,6987
5624,6987
3176,6990
1942,6992
6299,6992
193,6993
6398,6993
2557,6994
2791,6994
4644,6994
279,6995
2700,6995
4636,6995
1977,6996
4738,6998
11,6999
656,7001
3301,7001
370,7003
1978,7006
5562,7007
0,7008
11,7008
5794,7009
148,7011
655,7011
733,7011
26,7013
126,7014
0,7015
4723,7015
5841,7015
524,7017
1751,7017
612,7018
1025,7018
9,7019
6556,7019
23,7021
88,7021
1401,7022
5958,7026
2702,7028
446,7029
3141,7029
1162,7030
11,7032
303,7032
3305,7032
5541,7032
1517,7033
221,7034
4093,7034
95,7035
4324,7035
2019,7036
4685,7038
2098,7039
2123,7039
736,7041
4174,7042
239,7043
375,7043
450,7043
1438,7043
6976,7044
933,7045
772,7048
6676,7048
440,7049
1980,7051
2193,7054
114,7056
2675,7056
3132,7056
1118,7057
1742,7057
354,7058
1942,7058
779,7059
139,7061
5532,7062
113,7064
6,7067
882,7067
2773,7067
2600,7068
3230,7070
564,7071
256,7073
4349,7073
39,7074
2038,7074
3107,7074
558,7075
4262,7076
6954,7076
587,7078
11,7079
1383,7080
1614,7080
6978,7081
2152,7083
992,7084
2487,7084
2495,7085
3769,7086
541,7087
2937,7093
4243,7094
4316,7094
3766,7095
1011,7096
3051,7096
6621,7097
3174,7098
6075,7098
1729,7099
711,7100
326,7101
569,7101
3063,7104
5648,7104
81,7105
673,7105
0,7107
256,7108
3211,7108
3776,7109
3819,7112
4214,7112
2092,7113
2658,7113
962,7114
1024,7116
6985,7116
306,7117
1262,7118
1324,7119
3292,7119
1804,7122
100,7123
4012,7123
204,7124
2909,7124
853,7125
2796,7125
1108,7126
5438,7127
6462,7127
867,7131
1414,7131
2105,7131
5370,7131
6394,7131
143,7133
1099,7133
1832,7133
4482,7133
1922,7134
2208,7135
6265,7135
2999,7136
63,7137
7029,7137
533,7138
3657,7138
80,7139
636,7139
1792,7139
1047,7141
2408,7141
970,7143
7073,7143
1065,7144
5608,7144
28,7147
12,7148
318,7148
2755,7149
6964,7149
3205,7150
6,7151
4665,7151
5153,7151
1721,7152
1,7154
2860,7155
1972,7157
6647,7161
4289,7162
4327,7162
313,7163
1585,7163
126,7165
4866,7165
1117,7167
2396,7167
173,7168
2829,7169
4357,7171
548,7172
549,7172
6660,7173
264,7174
877,7174
448,7175
58,7176
1488,7176
1174,7177
1561,7177
6,7178
1399,7178
3914,7178
2996,7180
3704,7182
278,7183
172,7184
3791,7184
3614,7186
1193,7188
2319,7188
254,7190
1100,7192
1270,7192
2837,7192
773,7195
1995,7195
3464,7195
172,7196
959,7196
4105,7196
344,7198
275,7199
1203,7199
0,7200
176,7200
5543,7200
848,7203
1251,7203
1174,7206
3189,7209
4088,7209
6936,7209
17,7210
416,7210
1123,7210
2605,7210
7,7211
2897,7211
2415,7213
5591,7215
5342,7217
391,7218
155,7219
1865,7219
3775,7219
0,7223
1667,7224
6469,7225
1078,7228
2513,7228
26,7230
450,7230
4547,7230
1814,7231
66,7232
39,7233
532,7233
209,7240
2103,7241
5155,7241
6273,7241
3838,7242
193,7243
4293,7243
3858,7244
7176,7244
801,7246
5286,7246
4,7247
28,7249
6986,7249
5809,7250
7231,7250
4517,7251
5007,7251
9,7252
5324,7253
955,7254
2157,7254
765,7257
1580,7257
2385,7257
2186,7259
552,7260
765,7260
2507,7260
2657,7260
2085,7261
25,7264
204,7265
359,7266
133,7268
5822,7269
1731,7270
303,7271
4509,7272
2246,7274
6488,7274
5943,7275
172,7276
1082,7277
2922,7278
4238,7278
1940,7280
1769,7282
5272,7282
2031,7284
5479,7286
126,7288
469,7290
2856,7290
5042,7290
4417,7291
1414,7292
4930,7292
6141,7292
1622,7293
1780,7294
2728,7295
4349,7296
6291,7296
2668,7298
3980,7298
4310,7299
186,7301
6995,7301
4723,7303
333,7304
4357,7304
148,7305
2856,7305
3615,7305
3747,7305
2408,7306
3198,7306
6027,7306
115,7308
914,7309
2015,7309
6355,7313
1,7314
11,7315
7290,7315
3976,7317
7241,7319
39,7323
2629,7323
6906,7323
5016,7324
6,7325
9,7326
238,7326
0,7329
3566,7329
3061,7332
5343,7332
219,7334
471,7335
6097,7336
4493,7337
214,7338
3582,7338
4281,7338
2495,7339
4200,7339
640,7340
1415,7340
5479,7340
0,7341
1646,7341
857,7342
1942,7342
6438,7342
3202,7344
266,7345
1795,7348
2266,7348
2452,7348
735,7349
602,7350
4531,7352
637,7354
2424,7354
108,7355
1761,7355
4392,7355
81,7357
75,7359
5049,7359
1721,7360
3052,7360
122,7361
1922,7362
4546,7362
3457,7364
438,7365
1658,7365
35,7368
505,7370
1515,7370
4262,7371
36,7372
148,7372
225,7374
7165,7374
711,7375
3226,7378
1201,7379
7199,7382
3,7386
24,7387
1925,7387
4783,7388
0,7390
25,7390
24,7393
3431,7393
0,7395
87,7395
278,7395
1814,7395
870,7399
5020,7399
1608,7400
172,7401
201,7402
1290,7402
1942,7402
4690,7403
4723,7405
2010,7406
6400,7407
6652,7407
0,7409
119,7409
143,7409
911,7410
2415,7411
5142,7411
52,7412
3915,7412
985,7413
1489,7413
2367,7413
1145,7415
138,7418
3967,7420
335,7422
960,7422
3562,7422
24,7424
2061,7425
462,7426
7178,7428
1213,7432
6,7433
39,7435
4101,7435
193,7437
5135,7437
405,7439
760,7440
0,7441
2747,7442
25,7443
293,7443
6548,7446
11,7447
670,7448
56,7449
113,7451
23,7452
861,7453
2319,7453
3599,7453
4090,7454
131,7455
2663,7455
2720,7458
3202,7458
6204,7459
1913,7462
2021,7463
1369,7464
971,7465
2699,7466
711,7468
3369,7468
1741,7469
26,7470
129,7470
720,7472
1940,7473
7424,7473
742,7475
541,7476
3415,7476
1023,7477
1047,7477
4245,7477
1244,7478
6204,7479
6711,7481
1617,7482
139,7483
1399,7484
1922,7484
3334,7484
680,7485
959,7486
1304,7486
51,7487
3980,7487
1678,7488
23,7489
1000,7489
1342,7489
325,7490
980,7490
3908,7491
4256,7492
633,7494
3107,7495
6126,7496
2200,7498
1469,7500
455,7501
214,7502
2728,7502
129,7504
552,7504
2760,7504
6600,7504
3619,7505
430,7507
23,7508
655,7510
1956,7510
2773,7510
5577,7511
1324,7512
5906,7514
294,7515
326,7517
1186,7518
0,7519
1600,7519
2322,7520
4408,7522
5878,7522
756,7523
4410,7523
99,7524
4262,7525
6,7526
2747,7527
193,7529
211,7529
2322,7530
4200,7532
792,7533
3264,7533
1812,7534
4148,7534
6916,7534
1100,7535
1517,7535
2617,7535
4324,7535
7422,7535
39,7536
2937,7540
6913,7540
416,7542
630,7544
1162,7546
139,7547
7001,7547
3687,7549
711,7550
1282,7550
2316,7551
6399,7551
402,7553
7,7554
695,7556
3599,7557
6658,7557
665,7558
3222,7559
68,7560
6061,7560
17,7561
52,7562
1063,7562
6384,7562
2810,7563
193,7565
1203,7567
1328,7567
4985,7567
234,7568
2434,7568
5021,7569
58,7570
203,7570
4242,7570
292,7577
2664,7577
1930,7578
51,7579
1217,7580
46,7581
4059,7581
691,7584
726,7585
7253,7585
178,7586
1795,7587
153,7588
1273,7588
548,7589
7219,7589
7309,7589
2920,7591
1100,7593
2516,7594
63,7597
779,7597
17,7598
310,7599
5023,7599
6356,7601
63,7602
6807,7603
756,7607
1287,7607
4815,7607
3991,7610
4662,7610
618,7614
0,7615
1719,7616
78,7617
5201,7617
29,7618
6311,7619
1995,7620
6361,7621
6814,7621
850,7626
1610,7628
36,7630
970,7630
589,7631
6352,7631
887,7632
7291,7632
6455,7633
2568,7635
4371,7636
256,7638
99,7639
2903,7640
4901,7641
6964,7641
432,7642
2408,7642
3365,7642
2152,7645
267,7646
51,7647
2668,7648
4644,7648
113,7655
1819,7656
382,7657
1441,7657
1625,7657
4282,7658
4795,7658
193,7659
4813,7660
6357,7660
129,7661
2156,7661
944,7663
99,7664
1884,7664
4407,7665
39,7666
157,7668
4493,7669
4758,7669
3657,7670
182,7673
5579,7674
5608,7674
5643,7675
1484,7677
7534,7677
4943,7678
51,7680
316,7681
1675,7686
5064,7686
613,7689
3190,7689
3293,7690
5436,7691
4154,7692
3061,7693
4451,7693
3582,7694
271,7695
6356,7696
159,7698
4061,7698
711,7699
783,7700
4336,7700
0,7701
3208,7703
0,7705
3592,7706
6865,7707
1790,7708
806,7709
1162,7709
1881,7712
1011,7713
11,7714
3853,7715
26,7716
211,7716
2992,7716
6784,7716
6976,7716
587,7717
2246,7717
872,7718
1867,7718
1387,7720
5424,7724
2694,7726
1741,7732
2516,7733
1673,7735
2728,7736
1345,7737
2678,7737
3339,7737
4739,7737
287,7739
686,7740
1264,7741
2049,7741
2711,7741
0,7742
306,7742
5830,7742
244,7744
2860,7744
846,7746
1023,7746
2500,7746
5957,7749
66,7750
1640,7752
2795,7752
5291,7752
7589,7752
129,7753
4294,7753
131,7755
3876,7756
4792,7757
9,7760
4146,7764
3116,7767
26,7768
2168,7769
7105,7770
955,7771
1607,7771
2152,7771
1975,7773
2791,7774
911,7776
4691,7777
5469,7777
5065,7778
1280,7780
5976,7780
2470,7781
5438,7781
2936,7785
75,7786
320,7789
107,7790
5779,7790
7621,7791
51,7792
5214,7795
655,7796
1100,7796
1283,7796
1853,7796
3075,7796
4725,7798
6819,7798
7674,7798
7011,7799
818,7800
3281,7801
5335,7801
419,7802
193,7806
3474,7806
1235,7807
619,7808
3170,7810
1881,7813
6976,7813
7301,7813
1777,7814
7073,7817
2903,7818
3,7820
170,7821
756,7821
785,7821
2328,7826
1396,7827
6329,7827
2907,7828
3669,7828
2102,7830
933,7832
7593,7833
757,7835
6737,7835
2519,7838
3020,7839
4352,7840
2175,7842
5453,7842
5884,7843
916,7844
223,7845
6347,7846
178,7848
193,7848
1237,7849
1838,7850
2152,7851
469,7853
6126,7854
799,7856
308,7857
153,7858
7213,7858
0,7859
2415,7859
5421,7859
2972,7860
153,7861
5491,7862
2561,7863
720,7864
937,7864
1967,7864
2098,7864
2965,7864
2024,7865
1432,7866
7523,7867
173,7868
312,7868
465,7868
24,7869
39,7869
2192,7869
4109,7869
4505,7869
720,7870
7453,7870
2717,7872
7044,7872
3457,7873
7180,7877
533,7878
6118,7881
66,7882
4853,7883
750,7884
1508,7884
84,7887
6975,7887
3176,7889
635,7890
5473,7890
802,7895
52,7897
3543,7897
684,7899
12,7900
46,7900
5517,7901
7269,7901
261,7902
1485,7902
3226,7902
4733,7902
11,7904
4001,7904
239,7905
1741,7905
2297,7905
58,7907
6275,7907
2145,7908
5147,7909
1647,7910
4468,7910
3530,7912
6880,7912
0,7913
1420,7913
2189,7916
1610,7917
1721,7917
6892,7919
1490,7920
846,7922
91,7923
33,7926
2351,7926
4783,7927
3409,7928
4437,7930
176,7931
1974,7931
4577,7932
5109,7932
7458,7932
303,7933
2689,7936
2833,7936
7184,7936
4436,7937
443,7938
5789,7938
1741,7940
966,7942
775,7943
3483,7943
2074,7944
4988,7945
1355,7947
0,7951
52,7952
139,7953
87,7954
4573,7954
4755,7954
331,7956
7119,7956
0,7958
3722,7960
5660,7960
7639,7963
3,7965
1342,7965
802,7967
469,7968
5943,7968
6555,7968
6399,7969
138,7970
5665,7971
173,7972
450,7972
601,7973
3657,7973
71,7974
221,7975
3626,7975
4229,7976
4995,7977
5700,7977
6396,7977
1,7982
36,7983
5132,7984
1147,7985
5029,7988
7698,7988
1586,7989
2148,7989
99,7990
3049,7990
320,7991
221,7992
169,7993
5939,7994
326,7995
1205,7995
409,7996
1658,7997
2102,7997
2287,7997
748,7999
3843,8000
1235,8002
775,8004
3020,8009
382,8010
4926,8010
37,8013
184,8014
44,8015
4783,8016
736,8018
1271,8019
1205,8024
4324,8024
5254,8024
202,8025
226,8025
279,8027
227,8028
4622,8028
5431,8028
770,8032
2016,8032
1229,8033
1800,8034
4149,8034
5339,8034
5431,8035
471,8037
100,8038
207,8038
619,8038
2712,8038
1603,8040
3825,8040
6089,8040
2700,8042
2860,8042
5275,8042
4408,8043
3160,8044
3805,8046
505,8047
591,8049
4034,8050
1913,8051
7997,8051
69,8052
2098,8052
4446,8052
6493,8052
2558,8055
169,8057
4392,8058
549,8059
6623,8059
241,8062
923,8064
2218,8064
90,8065
1113,8065
7877,8065
1223,8066
4748,8066
3696,8067
2286,8069
131,8070
709,8071
3283,8071
208,8072
1047,8072
583,8073
1684,8073
2238,8074
6784,8075
490,8077
1399,8077
1824,8078
234,8079
7746,8079
3606,8080
1320,8082
4625,8082
24,8083
760,8083
3321,8084
7210,8084
4931,8085
5494,8085
5431,8086
143,8089
67,8090
2633,8090
541,8091
1740,8091
1150,8092
4792,8093
1027,8095
221,8096
1118,8096
1515,8097
7030,8097
3726,8100
781,8101
6144,8102
1246,8104
336,8105
4738,8105
155,8109
391,8109
3334,8110
4348,8110
7299,8111
2289,8112
2752,8112
4068,8112
853,8114
2011,8114
6,8115
995,8115
1647,8115
1213,8116
3998,8116
1044,8117
28,8118
28,8120
1680,8120
256,8122
51,8123
0,8125
1,8125
936,8125
3532,8125
60,8127
90,8127
1284,8127
1324,8128
2152,8128
5185,8129
1271,8135
3039,8135
4743,8135
7713,8135
5220,8137
1679,8138
6,8139
4061,8141
5146,8141
24,8144
5106,8145
6621,8145
131,8146
161,8146
1196,8148
1291,8148
2245,8149
6963,8149
581,8153
7043,8153
126,8154
3958,8154
2798,8160
1566,8161
366,8162
4161,8162
2319,8163
7916,8163
271,8165
756,8166
186,8168
6976,8172
1956,8173
5065,8174
2540,8175
4771,8175
3248,8179
5635,8179
2860,8181
2605,8182
4241,8182
6672,8182
715,8183
4606,8183
3639,8185
1489,8189
2102,8190
2643,8191
1331,8193
1086,8194
3103,8196
226,8197
1141,8197
1117,8198
2072,8199
131,8201
699,8201
469,8202
17,8203
119,8203
2396,8207
3272,8207
6985,8208
81,8209
67,8210
7936,8210
1066,8211
2936,8211
0,8215
1,8216
5377,8216
1269,8217
779,8220
0,8221
757,8221
3382,8221
5201,8222
1890,8223
52,8224
748,8224
0,8226
255,8228
241,8230
3411,8230
3992,8230
4203,8234
7997,8238
4989,8240
11,8241
2768,8241
384,8242
2102,8243
7533,8243
8153,8243
6572,8244
99,8245
3359,8245
5760,8245
1414,8246
2061,8246
3272,8247
947,8249
3420,8251
169,8253
1301,8253
6703,8253
7618,8253
1086,8257
742,8259
1583,8259
2688,8259
775,8261
1136,8263
0,8264
133,8265
2038,8267
1235,8269
6509,8272
3773,8273
3958,8273
5311,8273
1466,8275
3582,8275
6455,8276
3899,8277
7953,8278
1177,8279
5547,8279
861,8282
6283,8282
414,8283
1780,8284
2142,8284
2385,8284
2929,8285
0,8287
63,8287
5254,8287
105,8288
1977,8289
1359,8294
387,8298
1167,8299
5641,8299
2802,8303
1509,8304
462,8309
7405,8310
39,8313
510,8313
564,8315
988,8315
44,8318
4810,8320
5821,8320
105,8322
699,8322
1362,8322
5998,8322
23,8323
1355,8324
4326,8324
3843,8325
169,8326
5427,8327
1773,8329
4017,8329
6445,8329
4417,8330
113,8331
184,8335
4635,8335
4854,8337
7011,8337
271,8338
849,8338
4034,8340
4188,8341
1117,8342
2720,8342
1750,8343
1933,8346
5810,8346
0,8347
882,8349
23,8350
3272,8350
209,8351
552,8351
2689,8353
5188,8353
4432,8354
309,8355
892,8356
3483,8356
782,8357
1546,8358
3822,8358
129,8359
4348,8360
156,8361
67,8362
81,8362
24,8364
44,8366
95,8368
4727,8369
6187,8369
8228,8369
792,8372
2929,8373
24,8375
6846,8377
4725,8378
1244,8381
1069,8383
2516,8384
2221,8386
1,8387
5663,8387
3554,8388
7942,8388
571,8389
1203,8390
822,8391
2276,8391
3061,8391
6357,8391
36,8394
587,8395
2728,8395
6204,8397
7974,8400
17,8403
253,8403
727,8403
3211,8404
1750,8405
1509,8406
33,8408
46,8409
2554,8409
6889,8409
6882,8413
1698,8414
313,8415
3100,8416
0,8417
2557,8417
207,8419
8128,8419
105,8420
3020,8420
193,8421
951,8421
1014,8422
1580,8422
1627,8422
4547,8422
6905,8422
100,8423
0,8424
7559,8424
67,8425
3562,8425
5323,8425
6955,8425
3631,8428
1264,8429
629,8430
309,8431
156,8432
4,8433
2404,8433
4008,8434
5447,8436
6399,8436
1933,8440
6492,8440
133,8441
316,8441
91,8442
618,8444
0,8446
172,8446
3396,8446
51,8449
2795,8451
1147,8454
1489,8456
35,8457
762,8457
1003,8458
4931,8458
3150,8459
0,8462
1116,8463
2956,8463
1284,8465
4394,8465
726,8466
3011,8466
114,8467
128,8467
2540,8467
2664,8467
3375,8467
5012,8467
7698,8467
3752,8470
309,8472
5359,8472
6355,8475
0,8478
7269,8479
526,8481
941,8481
6824,8481
387,8482
6206,8482
8249,8483
35,8485
6702,8486
985,8488
469,8489
664,8490
1222,8490
1832,8491
193,8492
1372,8492
2203,8493
7240,8496
587,8497
6245,8499
347,8500
3399,8500
44,8501
2821,8501
5501,8501
4199,8502
1355,8504
7176,8506
1167,8507
1015,8508
203,8510
2415,8510
6515,8511
59,8513
3425,8514
8409,8514
5364,8515
7247,8515
63,8517
129,8519
2882,8519
148,8520
204,8522
5286,8523
1919,8524
2604,8524
148,8525
7422,8526
5419,8527
36,8528
750,8528
5761,8531
1583,8533
4138,8533
6361,8533
4349,8534
6975,8534
4030,8535
683,8541
2995,8542
5810,8542
1145,8544
9,8546
39,8546
36,8547
951,8547
3208,8547
3839,8547
1555,8548
8059,8548
8467,8548
1,8549
172,8549
6156,8549
6719,8549
8127,8549
173,8551
4926,8551
3037,8552
8241,8552
39,8553
1250,8557
715,8558
2257,8558
5507,8558
3332,8561
7923,8564
0,8566
347,8566
1289,8566
2307,8566
113,8569
359,8569
4792,8569
7,8571
63,8571
1002,8571
4106,8571
1595,8572
1720,8572
2015,8573
2061,8574
2439,8574
26,8577
439,8577
5457,8577
4138,8578
2741,8579
2844,8580
312,8581
3281,8582
8091,8582
0,8583
36,8583
439,8584
1247,8584
39,8585
1913,8587
6548,8587
6455,8588
528,8590
1356,8590
1223,8591
7689,8591
7736,8591
4943,8592
214,8593
37,8595
8091,8595
3171,8596
3560,8596
169,8597
1206,8599
3608,8599
9,8600
1113,8600
5779,8601
23,8603
549,8604
618,8604
3424,8604
5047,8604
5802,8604
1487,8607
7180,8609
3293,8612
417,8613
2011,8616
3595,8616
941,8618
267,8619
4983,8619
3233,8620
0,8621
0,8623
251,8623
1300,8623
52,8627
720,8627
23,8628
67,8628
1623,8632
5469,8632
8548,8632
46,8633
745,8633
5220,8633
7200,8633
2652,8634
36,8635
326,8636
5437,8640
193,8641
471,8641
3329,8642
63,8643
310,8643
25,8646
469,8646
4841,8646
1453,8647
193,8648
5747,8648
1,8650
1492,8651
1922,8652
227,8654
6905,8654
3164,8658
5167,8658
6164,8659
2741,8660
4846,8662
2077,8663
5364,8663
7210,8664
3980,8666
6864,8666
292,8670
841,8670
5855,8670
8619,8670
191,8671
1047,8672
1120,8673
4408,8674
244,8676
0,8677
751,8677
1035,8677
3923,8678
1033,8682
3878,8683
0,8684
6166,8684
792,8685
4105,8687
955,8690
5895,8691
6617,8691
7276,8692
4624,8695
386,8696
3554,8697
1762,8698
6720,8699
1956,8700
6631,8700
5943,8702
7290,8702
7484,8702
3272,8704
1135,8705
2773,8705
6351,8705
322,8707
2422,8707
5065,8707
24,8708
315,8713
7817,8713
6,8714
6617,8714
216,8715
5824,8715
7276,8715
7846,8715
686,8716
2460,8716
0,8717
52,8717
5761,8717
8082,8718
2439,8719
172,8721
4841,8721
7,8722
5661,8723
313,8725
3147,8725
6562,8726
254,8727
941,8727
8125,8727
1489,8728
8223,8728
1466,8729
1750,8729
0,8730
1890,8730
4665,8730
5049,8730
667,8732
328,8733
46,8734
7692,8735
2785,8737
237,8738
4711,8738
7078,8738
8153,8739
3151,8740
6002,8740
4723,8741
1213,8743
3071,8743
8552,8744
131,8748
569,8748
7368,8748
0,8750
3492,8751
3676,8753
2633,8754
765,8755
6515,8755
7504,8756
430,8757
9,8758
2039,8764
7771,8764
2730,8765
2460,8767
3631,8767
4327,8767
1131,8768
1925,8773
2200,8773
3416,8773
4299,8773
2451,8774
386,8775
846,8775
2729,8775
6737,8776
58,8777
2289,8777
5830,8777
6985,8777
614,8779
7868,8781
2995,8782
6330,8784
1401,8786
5958,8786
593,8787
4,8788
227,8788
3730,8788
5577,8790
186,8791
5318,8791
5543,8791
2410,8792
960,8793
3411,8793
5995,8795
1355,8798
772,8799
1135,8799
970,8800
5553,8803
6447,8805
1678,8806
2782,8806
3859,8806
291,8808
1065,8808
8338,8812
1307,8813
5059,8813
1455,8814
2924,8814
2926,8816
8500,8816
3356,8818
4405,8818
2376,8820
5142,8821
388,8822
636,8824
159,8825
3730,8827
3532,8829
1913,8831
1120,8832
4953,8832
605,8833
85,8834
5291,8836
940,8837
2961,8837
1567,8838
5167,8838
1290,8839
7180,8840
8721,8840
0,8841
877,8841
941,8841
2785,8842
8636,8842
5003,8843
8717,8843
4567,8844
113,8847
1545,8847
8472,8847
1269,8849
4699,8850
7942,8850
9,8852
3714,8852
114,8854
8163,8856
1116,8858
2490,8859
720,8861
81,8862
2860,8865
3596,8868
5272,8868
1433,8870
131,8872
3246,8872
6131,8872
7240,8873
5314,8874
24,8878
3112,8880
8282,8880
8358,8881
940,8883
2904,8884
4900,8884
6573,8884
3771,8885
8600,8887
1967,8889
271,8890
584,8890
8024,8892
3815,8893
227,8894
5135,8895
2838,8897
1269,8898
2804,8898
8517,8899
7853,8900
754,8901
583,8903
8791,8903
226,8904
1622,8906
97,8907
941,8907
6251,8907
6809,8907
3254,8909
5839,8911
2763,8912
3226,8912
8422,8914
3606,8915
1033,8920
4263,8920
434,8922
7217,8922
1476,8925
1979,8925
5902,8925
7176,8926
8282,8929
635,8930
3412,8932
1340,8934
1718,8935
4468,8935
7656,8935
326,8936
711,8936
5431,8937
5531,8937
8415,8937
524,8938
2684,8938
2999,8938
5465,8938
6402,8938
8322,8940
2123,8941
90,8942
956,8943
2773,8943
5458,8944
51,8946
71,8946
131,8946
627,8947
4634,8947
1158,8948
5908,8949
0,8950
9,8950
8264,8951
8327,8955
548,8957
1018,8957
63,8960
23,8961
25,8961
8893,8961
63,8962
1324,8964
2741,8964
1108,8966
2849,8966
3535,8966
602,8968
6572,8969
911,8970
6705,8970
2219,8972
754,8973
1922,8973
4572,8973
4891,8973
5827,8974
2513,8975
2239,8977
640,8978
4168,8978
0,8980
4819,8980
2872,8981
4104,8981
763,8982
2297,8982
5989,8982
278,8984
7,8985
6493,8985
907,8987
4581,8988
5776,8988
78,8990
4644,8991
5857,8991
8046,8991
3729,8992
5220,8993
3058,8994
1545,8995
23,8997
861,8997
52,8999
63,8999
1355,9003
2824,9005
5046,9005
966,9010
2066,9012
1721,9013
1780,9013
715,9014
765,9015
1135,9016
5481,9016
2186,9018
25,9019
372,9019
1583,9021
3884,9021
5265,9021
1,9022
2322,9022
2297,9023
4958,9023
7276,9024
1312,9028
78,9029
1762,9029
2064,9030
2653,9030
3478,9030
4106,9030
2920,9031
204,9032
1450,9032
4930,9032
6638,9034
6347,9035
2599,9036
185,9038
1410,9038
5939,9039
416,9040
3087,9040
7131,9040
11,9041
131,9041
2471,9041
209,9042
7995,9043
6861,9046
8715,9046
2623,9048
7232,9049
1721,9050
1925,9050
23,9052
1675,9052
2754,9052
6171,9053
1441,9055
3554,9055
5129,9056
4859,9058
2504,9059
1088,9060
2408,9061
4795,9061
8441,9061
619,9062
239,9064
6538,9064
2408,9065
3828,9065
5004,9065
1234,9069
4337,9069
4393,9069
6,9070
1978,9071
6820,9071
953,9072
270,9074
569,9076
2907,9076
5938,9076
25,9077
4451,9077
8454,9078
877,9079
326,9085
3192,9085
1331,9086
8304,9086
375,9087
6691,9089
143,9091
5577,9091
1011,9092
1033,9092
3171,9092
7937,9093
1891,9094
255,9095
7877,9095
5821,9098
11,9100
28,9101
8973,9101
1867,9103
173,9104
479,9106
1780,9106
1414,9108
6656,9111
3704,9113
8573,9113
6683,9114
3646,9116
8943,9116
5980,9119
3689,9121
6722,9121
1511,9122
2203,9122
409,9123
1705,9123
8816,9126
172,9132
234,9132
1556,9132
792,9138
3350,9138
3746,9139
39,9140
214,9141
1477,9141
5318,9141
6311,9142
138,9143
3181,9145
8264,9146
4479,9147
1987,9150
2699,9152
1,9154
7379,9154
715,9155
4326,9155
1610,9156
7032,9156
6110,9157
11,9158
563,9158
3416,9158
153,9159
310,9160
33,9163
532,9165
3832,9165
3959,9165
2297,9166
884,9167
4119,9167
5185,9167
524,9170
6461,9170
7209,9170
1545,9171
24,9173
128,9173
8038,9176
223,9177
1386,9178
5990,9178
8149,9179
462,9183
69,9184
2538,9185
3819,9185
7303,9185
3681,9186
3554,9188
289,9190
790,9190
2554,9190
209,9191
221,9193
469,9194
519,9195
3304,9195
3767,9197
1866,9198
3980,9198
7462,9199
39,9201
2975,9201
4109,9201
5023,9202
5118,9202
2004,9205
1611,9206
1100,9207
7420,9207
234,9208
1978,9208
5318,9208
822,9209
735,9213
4209,9213
1447,9214
5844,9214
26,9218
2038,9218
4444,9218
602,9220
1033,9220
2152,9221
592,9225
6141,9225
8091,9227
2171,9229
8472,9229
8765,9229
1113,9230
6361,9234
1236,9236
6284,9237
378,9238
9069,9241
156,9242
0,9243
5080,9243
8548,9243
2289,9247
113,9249
3471,9250
1824,9251
1862,9254
5768,9254
4581,9256
619,9257
128,9259
1025,9259
3491,9262
8161,9263
7607,9264
176,9265
483,9265
448,9267
3474,9267
4412,9268
0,9270
193,9270
1627,9270
1808,9272
3354,9272
598,9273
1919,9273
6355,9274
751,9275
618,9276
2386,9276
7269,9276
2178,9277
1515,9278
4570,9278
2824,9283
4739,9283
6803,9285
911,9287
980,9287
1517,9287
214,9288
7512,9288
291,9290
1224,9290
0,9291
1419,9291
3689,9291
153,9293
133,9297
755,9298
450,9299
51,9301
1140,9301
2941,9303
1,9304
279,9307
5504,9309
750,9310
113,9311
8446,9311
5754,9312
2554,9314
3354,9314
6344,9315
6705,9315
402,9318
8096,9318
9019,9318
119,9319
1119,9319
12,9320
5068,9320
1118,9321
9214,9323
1187,9324
1484,9325
126,9328
1163,9328
6,9329
448,9330
416,9331
6904,9332
928,9333
1625,9334
4079,9336
4913,9336
4234,9339
36,9341
5335,9341
2752,9342
4989,9342
8814,9346
1304,9347
1852,9347
7184,9347
246,9348
6349,9348
6498,9349
8368,9352
4,9353
1614,9354
785,9357
3260,9357
2171,9359
4403,9359
953,9360
25,9362
197,9362
4243,9363
1623,9364
2168,9364
2628,9364
35,9365
3329,9365
551,9366
3837,9366
386,9369
1065,9369
293,9370
105,9372
3390,9373
717,9374
1731,9374
636,9378
2426,9378
8065,9378
2880,9380
1527,9381
74,9382
2922,9383
75,9384
3420,9387
1331,9388
4738,9389
7842,9389
8466,9390
2495,9391
3272,9393
9272,9393
71,9394
143,9394
8806,9394
9288,9396
656,9397
3595,9398
2170,9401
2217,9401
0,9402
2763,9402
4569,9402
558,9408
0,9409
502,9410
8764,9410
8829,9410
9049,9410
66,9411
439,9411
8852,9411
9042,9411
419,9413
126,9414
2856,9414
8925,9415
8551,9416
335,9417
4168,9417
5179,9417
323,9421
2257,9423
8432,9423
8604,9423
9185,9423
4743,9424
9076,9425
3308,9427
8932,9427
751,9428
59,9431
4625,9435
7294,9435
7198,9436
6,9437
610,9439
193,9441
519,9442
3293,9442
3657,9444
1688,9445
5291,9446
6767,9449
1316,9451
6649,9452
2556,9453
2860,9454
335,9456
2011,9458
2720,9461
63,9462
106,9463
718,9463
172,9464
204,9464
6114,9465
1282,9467
1284,9467
980,9469
8942,9469
6215,9470
4775,9471
1,9472
63,9472
818,9474
1240,9474
7813,9474
9453,9474
25,9475
26,9475
5473,9475
39,9476
971,9476
1832,9478
6399,9478
3320,9479
0,9481
8114,9481
278,9482
3226,9482
0,9483
2276,9484
95,9485
8920,9485
2120,9486
87,9492
715,9492
4567,9492
8197,9495
3176,9496
80,9498
99,9498
6758,9498
3884,9501
483,9502
8547,9502
3420,9503
331,9504
1639,9505
3696,9506
3061,9507
6917,9507
5068,9509
138,9511
9492,9512
1116,9516
176,9518
2408,9518
4825,9518
8854,9518
26,9520
7,9522
2849,9522
128,9523
3220,9524
3978,9524
133,9526
1472,9526
1496,9526
6504,9526
1741,9527
7453,9527
26,9528
26,9529
9197,9529
405,9530
1867,9530
3599,9530
6531,9530
2922,9531
63,9532
3492,9532
292,9533
6,9534
1304,9534
7452,9535
39,9536
996,9536
6716,9537
3483,9539
219,9540
5092,9540
3011,9542
4901,9542
3452,9543
3915,9544
387,9545
4685,9545
4567,9546
3020,9548
717,9551
4228,9554
1476,9555
8777,9555
9366,9555
6720,9556
4,9557
9389,9557
4105,9558
506,9559
684,9559
7553,9559
3676,9560
4866,9560
218,9561
876,9563
39,9565
1116,9566
7317,9566
419,9567
7663,9567
7413,9569
152,9571
5735,9571
537,9572
2169,9572
102,9573
133,9573
155,9573
3641,9573
581,9574
5086,9576
938,9577
2845,9577
7969,9577
9106,9577
8072,9580
1647,9581
7413,9581
139,9586
1556,9587
2171,9587
1970,9588
331,9589
1047,9590
5566,9590
1375,9591
1655,9591
93,9593
750,9593
503,9594
6509,9594
7508,9595
286,9596
8741,9596
5020,9598
6061,9598
5402,9600
7168,9601
4373,9602
153,9603
1050,9604
5985,9604
1765,9605
8507,9605
8549,9605
2217,9608
3018,9609
3075,9609
3190,9612
75,9613
962,9613
937,9614
882,9619
270,9620
46,9621
4795,9621
5260,9621
2198,9623
5749,9623
402,9625
2102,9625
4945,9625
59,9626
1680,9626
9061,9626
1445,9627
219,9628
31,9629
3746,9629
114,9630
2813,9631
763,9632
6186,9632
276,9633
2099,9633
3012,9633
3614,9634
4300,9635
1203,9636
5205,9636
5269,9636
1449,9637
3657,9638
4168,9639
4585,9641
7677,9642
680,9643
11,9644
896,9644
46,9645
234,9645
775,9647
193,9652
9039,9652
8350,9653
271,9654
861,9654
4871,9654
102,9656
4061,9657
717,9658
26,9663
4501,9663
8920,9663
4263,9667
866,9668
215,9670
0,9671
3083,9672
1421,9674
2174,9675
6462,9678
8360,9678
2319,9679
7660,9679
2102,9680
9445,9680
673,9685
3559,9685
3967,9685
37,9686
6,9687
1246,9689
169,9691
2742,9691
407,9693
359,9694
4660,9696
5721,9699
8641,9699
1890,9702
2217,9702
326,9705
9106,9706
114,9708
1,9711
6617,9711
1301,9714
6745,9714
7777,9714
920,9715
4472,9715
5841,9715
3964,9719
744,9721
1340,9721
3666,9722
9714,9722
314,9724
7969,9725
3962,9726
6068,9726
1987,9727
4738,9729
24,9733
46,9733
325,9733
3386,9733
2697,9734
2653,9735
35,9736
1454,9736
7648,9738
8062,9738
9023,9740
9641,9741
7578,9742
7900,9742
3631,9744
3547,9745
7973,9745
1233,9747
271,9749
3935,9750
2939,9751
1451,9752
3815,9752
6447,9752
1616,9756
7332,9756
9364,9756
822,9757
2070,9757
3319,9759
9605,9759
221,9761
386,9762
8872,9762
605,9763
9347,9763
3171,9765
31,9767
155,9767
6716,9767
2074,9768
3051,9771
24,9772
35,9772
3474,9772
9756,9778
1975,9779
8228,9780
2837,9781
9629,9782
964,9785
1141,9785
2586,9785
23,9787
525,9787
673,9787
949,9787
3084,9789
138,9793
3626,9794
4315,9795
711,9796
2174,9796
5722,9797
6171,9797
156,9798
59,9799
4719,9801
9529,9801
0,9802
2754,9803
413,9805
4784,9805
4587,9806
9023,9806
5461,9807
9543,9809
46,9810
5831,9811
548,9812
326,9813
33,9815
2525,9817
6966,9818
8058,9818
9605,9818
5167,9819
9818,9820
593,9821
3141,9821
1117,9822
1768,9822
1243,9823
3421,9824
8221,9824
0,9825
2641,9825
2699,9825
84,9827
132,9827
1018,9828
2547,9830
1047,9831
8517,9831
1577,9832
2265,9832
7174,9832
24,9833
3729,9834
7064,9834
386,9835
1469,9835
2881,9835
37,9837
1729,9837
1273,9840
2209,9844
3524,9845
3591,9845
1369,9846
1469,9846
1640,9847
2570,9848
354,9849
4953,9849
9819,9849
12,9851
271,9851
4845,9851
541,9852
4169,9852
128,9856
727,9856
0,9857
28,9857
5970,9857
95,9858
450,9858
1911,9858
7305,9858
35,9862
2463,9862
4902,9862
633,9863
1065,9863
2460,9863
6819,9864
278,9865
9046,9865
209,9866
4214,9867
58,9868
413,9868
1710,9868
84,9869
4251,9869
1235,9871
1967,9871
3011,9871
44,9872
7253,9872
7838,9873
1213,9874
1559,9874
1396,9876
29,9879
7557,9879
6837,9880
2860,9882
2336,9883
2721,9883
9085,9883
8942,9884
17,9886
2108,9886
1205,9890
1614,9890
4771,9890
11,9891
6533,9892
23,9894
1668,9896
5861,9896
3087,9897
9,9898
686,9899
9,9900
39,9904
306,9905
1213,9905
1223,9905
326,9907
537,9909
3591,9909
5518,9909
5837,9909
4645,9911
24,9912
5016,9912
6507,9913
9310,9915
3229,9917
4408,9918
5989,9918
7395,9919
5147,9922
6914,9923
1625,9924
2158,9925
4737,9925
579,9929
279,9930
6804,9930
8764,9931
745,9932
3313,9936
182,9937
742,9937
3911,9938
5159,9941
7395,9941
139,9943
25,9946
185,9946
750,9948
350,9949
208,9950
799,9950
1664,9950
3559,9950
7048,9950
6784,9951
7902,9953
2570,9954
4300,9954
699,9955
701,9955
2415,9955
6656,9955
5619,9956
161,9958
3639,9958
294,9959
8500,9959
0,9960
992,9960
1924,9964
4188,9965
2943,9966
6716,9966
35,9967
8349,9967
3825,9970
6337,9970
968,9971
5243,9972
204,9973
91,9974
4955,9974
5132,9976
4243,9977
603,9978
39,9980
15,9982
6748,9985
5509,9987
7535,9987
115,9990
6632,9990
8065,9990
1340,9991
2509,9991
4871,9991
78,9993
5239,9995
7698,9995
71,9996
2152,9996
8812,9996
4061,9997
1657,9998
5590,9998
9637,9998
707,9999
