0,90
1,266
2,132
3,30
4,21
5,84
6,70
7,0
8,54
9,0
10,0
11,9
12,6
13,13
14,54
15,43
16,24
17,111
18,3
19,10
20,36
21,0
22,22
23,0
24,28
25,32
26,36
27,0
28,0
29,0
30,73
31,0
32,40
33,8
34,1
35,29
36,38
37,23
38,0
39,10
40,9
41,58
42,28
43,0
44,24
45,0
46,47
47,0
48,0
49,0
50,0
51,54
52,10
53,1
54,5
55,0
56,0
57,6
58,18
59,10
60,34
61,16
62,54
63,2
64,15
65,0
66,7
67,13
68,0
69,5
70,4
71,17
72,35
73,0
74,12
75,68
76,5
77,29
78,32
79,10
80,0
81,6
82,23
83,0
84,0
85,4
86,0
87,8
88,14
89,15
90,23
91,23
92,14
93,0
94,0
95,0
96,23
97,0
98,4
99,0
100,28
101,1
102,0
103,3
104,12
105,4
106,0
107,6
108,0
109,8
110,15
111,0
112,2
113,2
114,6
115,15
116,30
117,1
118,20
119,22
120,11
121,1
122,1
123,0
124,0
125,0
126,11
127,0
128,24
129,0
130,21
131,8
132,4
133,10
134,2
135,23
136,2
137,17
138,3
139,22
140,2
141,0
142,0
143,5
144,0
145,3
146,13
147,9
148,0
149,0
150,1
151,0
152,27
153,0
154,0
155,42
156,2
157,26
158,4
159,0
160,5
161,0
162,1
163,0
164,9
165,27
166,9
167,0
168,9
169,0
170,5
171,27
172,0
173,0
174,4
175,0
176,0
177,12
178,13
179,5
180,28
181,0
182,0
183,22
184,0
185,18
186,22
187,10
188,5
189,1
190,16
191,6
192,4
193,11
194,14
195,0
196,0
197,0
198,0
199,0
200,11
201,12
202,4
203,2
204,1
205,16
206,11
207,0
208,0
209,0
210,3
211,2
212,1
213,1
214,0
215,0
216,20
217,0
218,11
219,0
220,6
221,3
222,4
223,6
224,0
225,3
226,30
227,17
228,0
229,0
230,0
231,0
232,8
233,0
234,0
235,2
236,3
237,21
238,0
239,12
240,0
241,24
242,14
243,7
244,6
245,3
246,2
247,14
248,8
249,0
250,4
251,0
252,3
253,0
254,7
255,18
256,0
257,0
258,0
259,1
260,19
261,3
262,0
263,13
264,6
265,1
266,21
267,2
268,6
269,19
270,0
271,4
272,0
273,1
274,1
275,13
276,15
277,1
278,4
279,0
280,0
281,11
282,10
283,0
284,13
285,12
286,4
287,0
288,0
289,5
290,1
291,2
292,0
293,2
294,14
295,1
296,9
297,31
298,5
299,0
300,3
301,2
302,0
303,1
304,4
305,16
306,0
307,1
308,0
309,0
310,4
311,0
312,3
313,4
314,0
315,0
316,0
317,3
318,13
319,2
320,0
321,2
322,5
323,4
324,2
325,15
326,0
327,6
328,3
329,4
330,7
331,9
332,42
333,13
334,2
335,4
336,2
337,6
338,2
339,0
340,0
341,0
342,17
343,0
344,15
345,0
346,3
347,0
348,1
349,0
350,4
351,0
352,20
353,4
354,17
355,8
356,6
357,0
358,5
359,24
360,11
361,0
362,16
363,4
364,1
365,2
366,0
367,6
368,3
369,0
370,10
371,25
372,4
373,0
374,0
375,24
376,0
377,22
378,5
379,1
380,0
381,12
382,6
383,17
384,1
385,0
386,3
387,0
388,6
389,2
390,0
391,4
392,1
393,5
394,6
395,12
396,5
397,0
398,0
399,0
400,0
401,0
402,24
403,0
404,13
405,0
406,12
407,2
408,6
409,0
410,0
411,2
412,5
413,0
414,0
415,3
416,30
417,0
418,0
419,0
420,2
421,0
422,7
423,0
424,0
425,5
426,2
427,19
428,0
429,3
430,8
431,1
432,0
433,6
434,11
435,15
436,13
437,1
438,5
439,0
440,9
441,4
442,0
443,2
444,12
445,0
446,3
447,8
448,7
449,19
450,4
451,3
452,26
453,3
454,13
455,12
456,12
457,4
458,0
459,0
460,24
461,1
462,14
463,3
464,0
465,0
466,2
467,0
468,8
469,3
470,0
471,3
472,7
473,2
474,2
475,0
476,16
477,0
478,23
479,0
480,0
481,0
482,0
483,4
484,2
485,0
486,9
487,9
488,5
489,0
490,2
491,0
492,1
493,1
494,4
495,22
496,16
497,6
498,0
499,0
500,0
501,0
502,6
503,0
504,12
505,8
506,0
507,0
508,2
509,6
510,16
511,1
512,4
513,0
514,2
515,8
516,0
517,13
518,1
519,3
520,16
521,5
522,3
523,6
524,5
525,4
526,0
527,1
528,14
529,4
530,0
531,0
532,5
533,0
534,6
535,0
536,2
537,0
538,0
539,0
540,0
541,0
542,0
543,2
544,0
545,0
546,5
547,0
548,0
549,0
550,3
551,12
552,16
553,0
554,5
555,9
556,17
557,10
558,0
559,0
560,25
561,2
562,4
563,0
564,5
565,13
566,4
567,0
568,6
569,0
570,0
571,5
572,2
573,5
574,4
575,0
576,0
577,28
578,3
579,7
580,0
581,1
582,1
583,7
584,2
585,5
586,7
587,2
588,0
589,1
590,0
591,19
592,2
593,20
594,9
595,0
596,0
597,13
598,8
599,33
600,0
601,0
602,21
603,5
604,1
605,1
606,0
607,5
608,9
609,0
610,6
611,1
612,20
613,1
614,1
615,21
616,0
617,0
618,0
619,1
620,6
621,0
622,0
623,11
624,4
625,1
626,0
627,21
628,10
629,2
630,4
631,2
632,1
633,5
634,0
635,5
636,0
637,0
638,10
639,7
640,7
641,7
642,2
643,2
644,0
645,6
646,16
647,0
648,3
649,0
650,0
651,0
652,2
653,3
654,6
655,13
656,0
657,3
658,0
659,0
660,1
661,1
662,0
663,3
664,11
665,0
666,5
667,0
668,13
669,0
670,10
671,5
672,0
673,4
674,0
675,5
676,0
677,2
678,2
679,10
680,15
681,1
682,0
683,0
684,17
685,0
686,0
687,6
688,8
689,10
690,9
691,0
692,1
693,1
694,0
695,4
696,5
697,0
698,1
699,1
700,0
701,0
702,6
703,0
704,3
705,0
706,0
707,3
708,2
709,4
710,5
711,3
712,3
713,2
714,13
715,10
716,7
717,0
718,8
719,1
720,6
721,6
722,0
723,11
724,5
725,5
726,7
727,2
728,3
729,0
730,3
731,3
732,0
733,0
734,4
735,13
736,9
737,9
738,3
739,0
740,7
741,2
742,7
743,4
744,5
745,0
746,7
747,0
748,0
749,0
750,0
751,0
752,3
753,0
754,0
755,12
756,1
757,5
758,2
759,0
760,6
761,0
762,1
763,7
764,4
765,1
766,0
767,1
768,2
769,0
770,2
771,1
772,0
773,4
774,0
775,5
776,3
777,2
778,10
779,14
780,2
781,7
782,6
783,1
784,0
785,2
786,1
787,0
788,0
789,0
790,13
791,3
792,1
793,0
794,3
795,0
796,2
797,6
798,0
799,4
800,7
801,0
802,0
803,6
804,12
805,3
806,0
807,0
808,0
809,5
810,0
811,1
812,6
813,2
814,5
815,3
816,0
817,0
818,9
819,1
820,3
821,2
822,3
823,1
824,0
825,9
826,6
827,0
828,1
829,5
830,2
831,6
832,0
833,0
834,0
835,5
836,11
837,1
838,1
839,4
840,1
841,1
842,4
843,1
844,5
845,1
846,1
847,7
848,0
849,1
850,2
851,4
852,0
853,6
854,9
855,3
856,0
857,0
858,0
859,0
860,1
861,2
862,0
863,0
864,2
865,6
866,0
867,7
868,0
869,0
870,1
871,1
872,6
873,14
874,14
875,0
876,6
877,6
878,1
879,0
880,2
881,1
882,10
883,2
884,3
885,0
886,1
887,0
888,3
889,6
890,3
891,0
892,3
893,0
894,2
895,5
896,3
897,0
898,6
899,0
900,1
901,0
902,4
903,5
904,0
905,0
906,2
907,5
908,12
909,2
910,6
911,0
912,0
913,7
914,3
915,0
916,0
917,3
918,11
919,0
920,3
921,1
922,0
923,1
924,4
925,0
926,1
927,1
928,0
929,3
930,1
931,0
932,0
933,0
934,0
935,2
936,12
937,2
938,1
939,8
940,20
941,11
942,3
943,0
944,6
945,12
946,5
947,7
948,1
949,0
950,3
951,2
952,3
953,5
954,10
955,0
956,0
957,0
958,1
959,0
960,1
961,3
962,0
963,0
964,0
965,0
966,0
967,0
968,3
969,0
970,3
971,5
972,6
973,0
974,4
975,0
976,6
977,9
978,3
979,9
980,0
981,1
982,3
983,0
984,1
985,2
986,0
987,0
988,4
989,1
990,0
991,2
992,5
993,4
994,2
995,5
996,2
997,9
998,5
999,2
1000,0
1001,0
1002,8
1003,4
1004,0
1005,2
1006,4
1007,0
1008,5
1009,9
1010,2
1011,2
1012,1
1013,12
1014,6
1015,0
1016,1
1017,3
1018,0
1019,6
1020,3
1021,0
1022,3
1023,0
1024,8
1025,0
1026,4
1027,0
1028,0
1029,8
1030,3
1031,0
1032,0
1033,2
1034,0
1035,2
1036,0
1037,1
1038,2
1039,0
1040,0
1041,2
1042,4
1043,4
1044,0
1045,2
1046,2
1047,3
1048,2
1049,2
1050,0
1051,1
1052,9
1053,0
1054,2
1055,2
1056,0
1057,0
1058,4
1059,4
1060,14
1061,0
1062,0
1063,2
1064,0
1065,0
1066,2
1067,0
1068,3
1069,0
1070,5
1071,0
1072,1
1073,9
1074,0
1075,0
1076,11
1077,9
1078,2
1079,1
1080,0
1081,0
1082,1
1083,3
1084,2
1085,19
1086,0
1087,13
1088,2
1089,0
1090,5
1091,0
1092,0
1093,3
1094,0
1095,3
1096,12
1097,11
1098,4
1099,2
1100,2
1101,0
1102,0
1103,3
1104,0
1105,1
1106,7
1107,4
1108,0
1109,2
1110,10
1111,0
1112,0
1113,2
1114,8
1115,1
1116,1
1117,0
1118,1
1119,1
1120,2
1121,13
1122,1
1123,0
1124,1
1125,1
1126,11
1127,0
1128,6
1129,6
1130,14
1131,0
1132,1
1133,3
1134,0
1135,3
1136,0
1137,14
1138,0
1139,5
1140,1
1141,2
1142,1
1143,0
1144,0
1145,0
1146,0
1147,0
1148,0
1149,0
1150,0
1151,4
1152,0
1153,0
1154,2
1155,4
1156,5
1157,0
1158,3
1159,4
1160,0
1161,7
1162,0
1163,0
1164,0
1165,0
1166,5
1167,4
1168,0
1169,6
1170,6
1171,0
1172,0
1173,5
1174,1
1175,0
1176,1
1177,2
1178,0
1179,0
1180,2
1181,0
1182,0
1183,2
1184,0
1185,3
1186,1
1187,4
1188,3
1189,10
1190,1
1191,6
1192,12
1193,0
1194,0
1195,2
1196,1
1197,0
1198,7
1199,0
1200,1
1201,0
1202,1
1203,6
1204,2
1205,8
1206,1
1207,4
1208,2
1209,11
1210,6
1211,0
1212,0
1213,2
1214,0
1215,0
1216,6
1217,0
1218,6
1219,3
1220,0
1221,6
1222,6
1223,7
1224,0
1225,3
1226,0
1227,0
1228,4
1229,0
1230,0
1231,0
1232,2
1233,0
1234,1
1235,2
1236,1
1237,0
1238,0
1239,0
1240,0
1241,12
1242,0
1243,0
1244,0
1245,9
1246,8
1247,7
1248,6
1249,5
1250,10
1251,1
1252,0
1253,7
1254,0
1255,3
1256,2
1257,0
1258,4
1259,11
1260,0
1261,0
1262,0
1263,8
1264,6
1265,11
1266,1
1267,1
1268,0
1269,2
1270,4
1271,0
1272,3
1273,2
1274,1
1275,4
1276,0
1277,5
1278,8
1279,1
1280,2
1281,1
1282,0
1283,1
1284,5
1285,0
1286,9
1287,0
1288,0
1289,4
1290,5
1291,0
1292,0
1293,1
1294,4
1295,3
1296,2
1297,0
1298,4
1299,1
1300,10
1301,4
1302,4
1303,0
1304,9
1305,0
1306,1
1307,0
1308,9
1309,11
1310,2
1311,0
1312,5
1313,0
1314,2
1315,1
1316,1
1317,2
1318,0
1319,9
1320,0
1321,0
1322,4
1323,3
1324,1
1325,4
1326,0
1327,0
1328,0
1329,0
1330,0
1331,6
1332,2
1333,2
1334,1
1335,2
1336,1
1337,1
1338,2
1339,7
1340,3
1341,0
1342,4
1343,0
1344,0
1345,7
1346,0
1347,0
1348,11
1349,5
1350,0
1351,0
1352,0
1353,9
1354,2
1355,3
1356,0
1357,0
1358,2
1359,6
1360,0
1361,2
1362,3
1363,0
1364,16
1365,1
1366,0
1367,6
1368,11
1369,5
1370,2
1371,2
1372,3
1373,12
1374,4
1375,3
1376,0
1377,2
1378,0
1379,0
1380,2
1381,0
1382,0
1383,0
1384,0
1385,2
1386,1
1387,6
1388,4
1389,3
1390,3
1391,11
1392,5
1393,3
1394,3
1395,1
1396,6
1397,4
1398,2
1399,4
1400,0
1401,0
1402,1
1403,0
1404,11
1405,1
1406,0
1407,1
1408,6
1409,6
1410,0
1411,0
1412,6
1413,9
1414,2
1415,0
1416,1
1417,2
1418,0
1419,15
1420,0
1421,4
1422,3
1423,5
1424,10
1425,7
1426,1
1427,4
1428,5
1429,0
1430,1
1431,0
1432,0
1433,4
1434,0
1435,1
1436,2
1437,0
1438,1
1439,0
1440,0
1441,5
1442,1
1443,1
1444,1
1445,5
1446,0
1447,5
1448,6
1449,3
1450,9
1451,0
1452,2
1453,4
1454,0
1455,5
1456,0
1457,0
1458,0
1459,15
1460,8
1461,0
1462,4
1463,4
1464,0
1465,10
1466,5
1467,0
1468,2
1469,2
1470,13
1471,0
1472,1
1473,1
1474,2
1475,3
1476,0
1477,0
1478,0
1479,1
1480,8
1481,1
1482,0
1483,8
1484,3
1485,1
1486,0
1487,6
1488,4
1489,2
1490,0
1491,0
1492,3
1493,0
1494,0
1495,1
1496,7
1497,0
1498,4
1499,0
1500,1
1501,0
1502,1
1503,2
1504,9
1505,4
1506,1
1507,2
1508,2
1509,0
1510,2
1511,7
1512,5
1513,0
1514,0
1515,2
1516,0
1517,9
1518,4
1519,1
1520,4
1521,3
1522,1
1523,5
1524,0
1525,0
1526,0
1527,0
1528,2
1529,0
1530,5
1531,1
1532,9
1533,4
1534,5
1535,1
1536,6
1537,0
1538,5
1539,2
1540,2
1541,0
1542,0
1543,0
1544,2
1545,2
1546,10
1547,1
1548,0
1549,0
1550,3
1551,3
1552,3
1553,0
1554,7
1555,0
1556,0
1557,1
1558,3
1559,0
1560,5
1561,0
1562,1
1563,5
1564,2
1565,0
1566,3
1567,4
1568,0
1569,5
1570,1
1571,2
1572,0
1573,0
1574,8
1575,3
1576,5
1577,3
1578,3
1579,4
1580,6
1581,5
1582,4
1583,0
1584,1
1585,3
1586,1
1587,6
1588,10
1589,2
1590,0
1591,2
1592,3
1593,0
1594,3
1595,3
1596,5
1597,0
1598,4
1599,4
1600,0
1601,1
1602,0
1603,0
1604,3
1605,0
1606,0
1607,0
1608,0
1609,3
1610,0
1611,5
1612,0
1613,2
1614,0
1615,0
1616,0
1617,0
1618,1
1619,1
1620,0
1621,4
1622,1
1623,2
1624,0
1625,0
1626,5
1627,8
1628,0
1629,2
1630,0
1631,2
1632,4
1633,3
1634,6
1635,0
1636,0
1637,0
1638,0
1639,3
1640,1
1641,0
1642,0
1643,0
1644,0
1645,0
1646,2
1647,5
1648,0
1649,0
1650,0
1651,3
1652,10
1653,4
1654,0
1655,2
1656,0
1657,0
1658,0
1659,0
1660,2
1661,2
1662,3
1663,0
1664,2
1665,6
1666,5
1667,1
1668,0
1669,10
1670,4
1671,2
1672,1
1673,4
1674,0
1675,10
1676,2
1677,0
1678,1
1679,2
1680,2
1681,0
1682,0
1683,0
1684,0
1685,0
1686,4
1687,0
1688,0
1689,3
1690,6
1691,0
1692,0
1693,4
1694,3
1695,4
1696,1
1697,3
1698,4
1699,0
1700,0
1701,0
1702,6
1703,0
1704,3
1705,0
1706,0
1707,5
1708,4
1709,4
1710,2
1711,0
1712,2
1713,2
1714,5
1715,5
1716,2
1717,8
1718,6
1719,0
1720,2
1721,9
1722,1
1723,8
1724,1
1725,3
1726,5
1727,1
1728,0
1729,1
1730,0
1731,0
1732,9
1733,6
1734,0
1735,7
1736,1
1737,0
1738,3
1739,3
1740,3
1741,0
1742,3
1743,1
1744,7
1745,2
1746,0
1747,14
1748,0
1749,2
1750,3
1751,3
1752,6
1753,1
1754,0
1755,1
1756,0
1757,2
1758,2
1759,0
1760,3
1761,5
1762,1
1763,1
1764,0
1765,0
1766,4
1767,0
1768,1
1769,1
1770,1
1771,0
1772,0
1773,0
1774,0
1775,5
1776,0
1777,0
1778,1
1779,0
1780,0
1781,0
1782,6
1783,1
1784,0
1785,2
1786,3
1787,0
1788,5
1789,0
1790,3
1791,0
1792,0
1793,0
1794,2
1795,0
1796,4
1797,0
1798,2
1799,3
1800,4
1801,1
1802,0
1803,8
1804,12
1805,1
1806,0
1807,2
1808,8
1809,2
1810,7
1811,0
1812,6
1813,0
1814,6
1815,7
1816,0
1817,12
1818,0
1819,1
1820,4
1821,2
1822,3
1823,1
1824,4
1825,5
1826,1
1827,2
1828,0
1829,0
1830,0
1831,2
1832,0
1833,0
1834,7
1835,3
1836,1
1837,2
1838,10
1839,4
1840,5
1841,1
1842,0
1843,0
1844,3
1845,8
1846,1
1847,5
1848,0
1849,2
1850,0
1851,2
1852,5
1853,0
1854,0
1855,3
1856,0
1857,0
1858,0
1859,6
1860,0
1861,0
1862,2
1863,11
1864,1
1865,0
1866,2
1867,10
1868,1
1869,13
1870,8
1871,2
1872,0
1873,0
1874,2
1875,4
1876,0
1877,3
1878,0
1879,0
1880,5
1881,0
1882,2
1883,0
1884,1
1885,2
1886,0
1887,0
1888,2
1889,0
1890,1
1891,0
1892,0
1893,0
1894,0
1895,3
1896,6
1897,1
1898,2
1899,0
1900,5
1901,2
1902,0
1903,0
1904,0
1905,1
1906,0
1907,2
1908,6
1909,0
1910,1
1911,4
1912,0
1913,0
1914,12
1915,0
1916,0
1917,1
1918,0
1919,4
1920,3
1921,3
1922,0
1923,8
1924,0
1925,0
1926,7
1927,0
1928,2
1929,2
1930,5
1931,1
1932,0
1933,0
1934,0
1935,9
1936,0
1937,1
1938,0
1939,0
1940,0
1941,2
1942,0
1943,0
1944,7
1945,0
1946,1
1947,3
1948,1
1949,3
1950,3
1951,11
1952,8
1953,3
1954,5
1955,5
1956,0
1957,5
1958,4
1959,0
1960,6
1961,0
1962,2
1963,6
1964,2
1965,2
1966,0
1967,1
1968,0
1969,3
1970,2
1971,2
1972,0
1973,0
1974,5
1975,3
1976,1
1977,5
1978,2
1979,4
1980,1
1981,1
1982,0
1983,2
1984,4
1985,1
1986,0
1987,0
1988,0
1989,8
1990,4
1991,0
1992,1
1993,1
1994,2
1995,0
1996,1
1997,0
1998,0
1999,2
2000,1
2001,14
2002,0
2003,0
2004,6
2005,1
2006,0
2007,4
2008,7
2009,0
2010,1
2011,3
2012,3
2013,0
2014,6
2015,0
2016,6
2017,0
2018,11
2019,1
2020,0
2021,2
2022,6
2023,1
2024,9
2025,5
2026,1
2027,0
2028,0
2029,0
2030,0
2031,0
2032,2
2033,2
2034,0
2035,0
2036,3
2037,0
2038,4
2039,0
2040,0
2041,1
2042,0
2043,0
2044,1
2045,0
2046,0
2047,10
2048,0
2049,4
2050,0
2051,0
2052,1
2053,4
2054,2
2055,2
2056,7
2057,1
2058,0
2059,2
2060,13
2061,4
2062,0
2063,0
2064,0
2065,1
2066,0
2067,9
2068,0
2069,3
2070,0
2071,0
2072,0
2073,2
2074,3
2075,1
2076,0
2077,0
2078,0
2079,8
2080,4
2081,0
2082,4
2083,1
2084,0
2085,2
2086,5
2087,0
2088,4
2089,0
2090,0
2091,0
2092,0
2093,0
2094,4
2095,2
2096,0
2097,0
2098,1
2099,5
2100,0
2101,5
2102,5
2103,2
2104,3
2105,0
2106,4
2107,0
2108,8
2109,0
2110,2
2111,0
2112,1
2113,4
2114,4
2115,0
2116,1
2117,0
2118,3
2119,10
2120,6
2121,0
2122,2
2123,3
2124,4
2125,3
2126,7
2127,1
2128,0
2129,9
2130,3
2131,0
2132,9
2133,4
2134,0
2135,0
2136,4
2137,1
2138,4
2139,0
2140,0
2141,1
2142,0
2143,0
2144,2
2145,1
2146,1
2147,4
2148,0
2149,3
2150,1
2151,0
2152,3
2153,1
2154,0
2155,5
2156,2
2157,0
2158,0
2159,0
2160,0
2161,0
2162,0
2163,2
2164,1
2165,0
2166,0
2167,3
2168,7
2169,4
2170,1
2171,2
2172,1
2173,0
2174,1
2175,5
2176,7
2177,1
2178,0
2179,2
2180,0
2181,4
2182,2
2183,7
2184,4
2185,2
2186,2
2187,2
2188,0
2189,1
2190,1
2191,1
2192,0
2193,5
2194,4
2195,4
2196,0
2197,0
2198,8
2199,1
2200,1
2201,1
2202,7
2203,0
2204,8
2205,0
2206,17
2207,0
2208,4
2209,1
2210,1
2211,0
2212,0
2213,5
2214,0
2215,0
2216,0
2217,1
2218,4
2219,6
2220,10
2221,0
2222,8
2223,1
2224,0
2225,0
2226,0
2227,0
2228,2
2229,2
2230,0
2231,0
2232,2
2233,4
2234,3
2235,0
2236,2
2237,0
2238,0
2239,3
2240,5
2241,1
2242,0
2243,5
2244,14
2245,1
2246,3
2247,0
2248,0
2249,0
2250,0
2251,0
2252,5
2253,0
2254,1
2255,0
2256,2
2257,0
2258,0
2259,1
2260,5
2261,0
2262,2
2263,2
2264,2
2265,0
2266,0
2267,0
2268,1
2269,3
2270,4
2271,3
2272,0
2273,0
2274,1
2275,2
2276,0
2277,0
2278,5
2279,2
2280,0
2281,1
2282,6
2283,6
2284,0
2285,1
2286,2
2287,6
2288,6
2289,0
2290,0
2291,2
2292,1
2293,1
2294,2
2295,1
2296,0
2297,3
2298,0
2299,6
2300,10
2301,6
2302,4
2303,0
2304,0
2305,0
2306,8
2307,0
2308,0
2309,5
2310,0
2311,0
2312,0
2313,0
2314,1
2315,2
2316,8
2317,0
2318,0
2319,8
2320,0
2321,3
2322,6
2323,5
2324,1
2325,6
2326,0
2327,2
2328,7
2329,0
2330,0
2331,3
2332,2
2333,1
2334,0
2335,7
2336,5
2337,4
2338,0
2339,2
2340,0
2341,0
2342,0
2343,0
2344,0
2345,0
2346,0
2347,0
2348,1
2349,1
2350,1
2351,0
2352,0
2353,2
2354,0
2355,5
2356,1
2357,3
2358,0
2359,7
2360,1
2361,1
2362,0
2363,1
2364,2
2365,1
2366,5
2367,0
2368,0
2369,2
2370,9
2371,10
2372,1
2373,2
2374,0
2375,1
2376,2
2377,0
2378,2
2379,0
2380,0
2381,0
2382,4
2383,0
2384,0
2385,0
2386,0
2387,4
2388,3
2389,4
2390,7
2391,4
2392,2
2393,3
2394,0
2395,5
2396,1
2397,1
2398,4
2399,0
2400,2
2401,0
2402,0
2403,2
2404,0
2405,0
2406,5
2407,1
2408,3
2409,0
2410,0
2411,3
2412,1
2413,0
2414,5
2415,1
2416,1
2417,0
2418,3
2419,0
2420,2
2421,0
2422,1
2423,4
2424,0
2425,0
2426,6
2427,2
2428,2
2429,4
2430,4
2431,0
2432,5
2433,2
2434,3
2435,0
2436,0
2437,0
2438,0
2439,4
2440,2
2441,6
2442,1
2443,0
2444,0
2445,0
2446,8
2447,1
2448,0
2449,1
2450,5
2451,1
2452,3
2453,3
2454,0
2455,0
2456,1
2457,4
2458,4
2459,5
2460,0
2461,1
2462,2
2463,2
2464,9
2465,0
2466,5
2467,1
2468,0
2469,4
2470,3
2471,4
2472,4
2473,0
2474,0
2475,9
2476,0
2477,12
2478,0
2479,1
2480,0
2481,6
2482,5
2483,1
2484,0
2485,3
2486,2
2487,0
2488,0
2489,0
2490,6
2491,6
2492,2
2493,2
2494,1
2495,5
2496,6
2497,0
2498,0
2499,3
2500,10
2501,5
2502,0
2503,0
2504,1
2505,3
2506,0
2507,0
2508,4
2509,1
2510,3
2511,0
2512,0
2513,3
2514,3
2515,2
2516,0
2517,5
2518,1
2519,6
2520,2
2521,3
2522,12
2523,3
2524,0
2525,3
2526,0
2527,1
2528,7
2529,0
2530,3
2531,0
2532,1
2533,0
2534,0
2535,5
2536,4
2537,0
2538,0
2539,0
2540,2
2541,0
2542,2
2543,0
2544,0
2545,0
2546,3
2547,4
2548,0
2549,0
2550,3
2551,3
2552,0
2553,3
2554,0
2555,0
2556,0
2557,2
2558,1
2559,6
2560,4
2561,10
2562,4
2563,0
2564,1
2565,2
2566,3
2567,0
2568,2
2569,8
2570,0
2571,5
2572,0
2573,1
2574,1
2575,3
2576,2
2577,2
2578,0
2579,2
2580,2
2581,0
2582,0
2583,1
2584,4
2585,2
2586,1
2587,0
2588,1
2589,2
2590,1
2591,4
2592,0
2593,0
2594,1
2595,1
2596,0
2597,4
2598,2
2599,2
2600,2
2601,5
2602,0
2603,2
2604,4
2605,1
2606,3
2607,0
2608,3
2609,3
2610,0
2611,1
2612,2
2613,6
2614,5
2615,2
2616,1
2617,3
2618,2
2619,6
2620,1
2621,1
2622,5
2623,0
2624,0
2625,5
2626,2
2627,0
2628,1
2629,0
2630,10
2631,1
2632,0
2633,2
2634,0
2635,1
2636,3
2637,0
2638,4
2639,3
2640,0
2641,1
2642,0
2643,6
2644,0
2645,0
2646,1
2647,1
2648,0
2649,2
2650,3
2651,1
2652,0
2653,1
2654,8
2655,1
2656,3
2657,4
2658,1
2659,5
2660,0
2661,0
2662,0
2663,0
2664,0
2665,3
2666,0
2667,2
2668,4
2669,6
2670,7
2671,1
2672,1
2673,0
2674,6
2675,1
2676,1
2677,1
2678,0
2679,2
2680,1
2681,0
2682,4
2683,4
2684,0
2685,0
2686,0
2687,1
2688,0
2689,2
2690,0
2691,0
2692,2
2693,0
2694,0
2695,0
2696,0
2697,4
2698,2
2699,3
2700,0
2701,2
2702,4
2703,0
2704,2
2705,0
2706,3
2707,2
2708,4
2709,0
2710,7
2711,2
2712,1
2713,8
2714,1
2715,0
2716,5
2717,1
2718,0
2719,2
2720,1
2721,3
2722,2
2723,5
2724,0
2725,0
2726,3
2727,0
2728,3
2729,0
2730,0
2731,1
2732,7
2733,0
2734,0
2735,7
2736,1
2737,1
2738,0
2739,12
2740,0
2741,0
2742,1
2743,0
2744,1
2745,2
2746,5
2747,4
2748,4
2749,3
2750,1
2751,0
2752,0
2753,0
2754,3
2755,0
2756,3
2757,3
2758,2
2759,3
2760,1
2761,2
2762,1
2763,2
2764,4
2765,0
2766,3
2767,3
2768,2
2769,2
2770,1
2771,2
2772,0
2773,1
2774,0
2775,1
2776,4
2777,1
2778,0
2779,0
2780,1
2781,0
2782,3
2783,2
2784,13
2785,0
2786,5
2787,0
2788,3
2789,4
2790,0
2791,4
2792,1
2793,0
2794,6
2795,1
2796,0
2797,0
2798,3
2799,3
2800,0
2801,3
2802,4
2803,2
2804,2
2805,0
2806,0
2807,3
2808,0
2809,5
2810,3
2811,1
2812,6
2813,5
2814,0
2815,3
2816,0
2817,0
2818,2
2819,1
2820,2
2821,0
2822,2
2823,3
2824,2
2825,3
2826,2
2827,0
2828,2
2829,3
2830,0
2831,4
2832,5
2833,0
2834,2
2835,0
2836,1
2837,1
2838,3
2839,0
2840,0
2841,0
2842,0
2843,0
2844,8
2845,0
2846,3
2847,3
2848,0
2849,0
2850,3
2851,0
2852,0
2853,2
2854,3
2855,3
2856,0
2857,2
2858,4
2859,0
2860,3
2861,4
2862,0
2863,8
2864,7
2865,1
2866,3
2867,13
2868,2
2869,2
2870,0
2871,2
2872,2
2873,1
2874,1
2875,3
2876,7
2877,5
2878,5
2879,0
2880,0
2881,2
2882,4
2883,4
2884,4
2885,1
2886,4
2887,1
2888,2
2889,0
2890,1
2891,0
2892,2
2893,0
2894,1
2895,4
2896,0
2897,1
2898,2
2899,0
2900,3
2901,5
2902,2
2903,1
2904,1
2905,0
2906,0
2907,0
2908,5
2909,1
2910,2
2911,1
2912,1
2913,0
2914,0
2915,3
2916,1
2917,7
2918,0
2919,1
2920,1
2921,6
2922,3
2923,2
2924,0
2925,2
2926,1
2927,1
2928,0
2929,2
2930,0
2931,1
2932,4
2933,1
2934,0
2935,2
2936,8
2937,0
2938,0
2939,10
2940,0
2941,1
2942,2
2943,5
2944,0
2945,3
2946,1
2947,0
2948,0
2949,3
2950,1
2951,1
2952,0
2953,1
2954,0
2955,4
2956,1
2957,1
2958,3
2959,1
2960,0
2961,3
2962,0
2963,2
2964,3
2965,5
2966,0
2967,0
2968,8
2969,2
2970,0
2971,0
2972,3
2973,1
2974,0
2975,0
2976,3
2977,0
2978,0
2979,1
2980,0
2981,0
2982,1
2983,0
2984,0
2985,1
2986,1
2987,6
2988,1
2989,4
2990,0
2991,1
2992,2
2993,0
2994,0
2995,1
2996,2
2997,0
2998,0
2999,1
3000,2
3001,2
3002,0
3003,0
3004,0
3005,0
3006,2
3007,12
3008,1
3009,3
3010,0
3011,2
3012,0
3013,1
3014,0
3015,0
3016,2
3017,2
3018,3
3019,0
3020,0
3021,0
3022,5
3023,4
3024,1
3025,6
3026,2
3027,0
3028,0
3029,1
3030,2
3031,4
3032,3
3033,1
3034,2
3035,3
3036,0
3037,1
3038,3
3039,5
3040,2
3041,0
3042,6
3043,0
3044,2
3045,6
3046,1
3047,1
3048,1
3049,1
3050,1
3051,2
3052,2
3053,0
3054,7
3055,1
3056,0
3057,0
3058,3
3059,1
3060,2
3061,4
3062,2
3063,1
3064,3
3065,3
3066,0
3067,2
3068,0
3069,3
3070,0
3071,0
3072,5
3073,2
3074,0
3075,2
3076,0
3077,2
3078,2
3079,4
3080,4
3081,2
3082,0
3083,3
3084,3
3085,1
3086,0
3087,2
3088,3
3089,9
3090,1
3091,2
3092,0
3093,9
3094,1
3095,0
3096,2
3097,0
3098,0
3099,0
3100,0
3101,10
3102,3
3103,6
3104,0
3105,0
3106,0
3107,8
3108,2
3109,0
3110,0
3111,0
3112,0
3113,2
3114,2
3115,0
3116,6
3117,0
3118,1
3119,5
3120,2
3121,1
3122,0
3123,2
3124,2
3125,5
3126,0
3127,0
3128,2
3129,5
3130,2
3131,4
3132,1
3133,1
3134,2
3135,0
3136,6
3137,1
3138,0
3139,0
3140,2
3141,1
3142,1
3143,0
3144,1
3145,5
3146,0
3147,1
3148,2
3149,1
3150,3
3151,0
3152,1
3153,1
3154,0
3155,2
3156,1
3157,4
3158,6
3159,0
3160,1
3161,1
3162,1
3163,0
3164,0
3165,0
3166,0
3167,0
3168,0
3169,0
3170,2
3171,0
3172,0
3173,2
3174,0
3175,0
3176,2
3177,1
3178,0
3179,0
3180,2
3181,1
3182,5
3183,0
3184,0
3185,2
3186,0
3187,0
3188,0
3189,1
3190,8
3191,0
3192,3
3193,3
3194,4
3195,0
3196,3
3197,1
3198,1
3199,0
3200,3
3201,3
3202,0
3203,1
3204,1
3205,5
3206,6
3207,1
3208,4
3209,0
3210,0
3211,6
3212,1
3213,3
3214,8
3215,0
3216,0
3217,0
3218,1
3219,6
3220,1
3221,2
3222,2
3223,1
3224,0
3225,1
3226,0
3227,0
3228,1
3229,0
3230,1
3231,3
3232,0
3233,2
3234,0
3235,0
3236,1
3237,2
3238,6
3239,1
3240,0
3241,0
3242,0
3243,5
3244,1
3245,1
3246,2
3247,0
3248,3
3249,8
3250,2
3251,1
3252,0
3253,0
3254,4
3255,2
3256,1
3257,0
3258,0
3259,0
3260,0
3261,1
3262,1
3263,3
3264,4
3265,1
3266,4
3267,1
3268,3
3269,1
3270,1
3271,4
3272,5
3273,5
3274,0
3275,4
3276,1
3277,2
3278,0
3279,2
3280,2
3281,3
3282,0
3283,1
3284,0
3285,2
3286,0
3287,1
3288,0
3289,1
3290,2
3291,0
3292,7
3293,0
3294,0
3295,5
3296,3
3297,1
3298,4
3299,1
3300,1
3301,3
3302,4
3303,3
3304,5
3305,6
3306,1
3307,5
3308,1
3309,0
3310,3
3311,0
3312,0
3313,2
3314,0
3315,0
3316,0
3317,4
3318,4
3319,2
3320,2
3321,1
3322,0
3323,6
3324,2
3325,2
3326,3
3327,0
3328,6
3329,0
3330,5
3331,1
3332,1
3333,1
3334,0
3335,0
3336,2
3337,1
3338,0
3339,8
3340,0
3341,6
3342,1
3343,0
3344,0
3345,1
3346,1
3347,4
3348,1
3349,5
3350,0
3351,0
3352,0
3353,0
3354,7
3355,0
3356,3
3357,5
3358,0
3359,1
3360,0
3361,3
3362,6
3363,4
3364,3
3365,3
3366,0
3367,3
3368,0
3369,1
3370,4
3371,2
3372,5
3373,2
3374,1
3375,4
3376,1
3377,3
3378,5
3379,7
3380,1
3381,0
3382,0
3383,2
3384,0
3385,2
3386,1
3387,2
3388,6
3389,3
3390,4
3391,0
3392,0
3393,2
3394,1
3395,5
3396,11
3397,0
3398,1
3399,1
3400,1
3401,1
3402,0
3403,0
3404,0
3405,2
3406,0
3407,1
3408,1
3409,1
3410,1
3411,0
3412,2
3413,9
3414,0
3415,2
3416,2
3417,3
3418,1
3419,3
3420,2
3421,4
3422,8
3423,4
3424,0
3425,0
3426,0
3427,1
3428,0
3429,1
3430,6
3431,0
3432,2
3433,0
3434,0
3435,7
3436,2
3437,12
3438,0
3439,0
3440,0
3441,0
3442,0
3443,0
3444,0
3445,0
3446,0
3447,7
3448,3
3449,3
3450,3
3451,2
3452,0
3453,3
3454,2
3455,2
3456,3
3457,2
3458,1
3459,1
3460,1
3461,6
3462,9
3463,0
3464,4
3465,7
3466,4
3467,2
3468,0
3469,1
3470,1
3471,1
3472,5
3473,0
3474,0
3475,4
3476,1
3477,2
3478,1
3479,0
3480,0
3481,2
3482,4
3483,1
3484,8
3485,0
3486,0
3487,0
3488,8
3489,0
3490,0
3491,0
3492,2
3493,3
3494,0
3495,6
3496,4
3497,0
3498,2
3499,1
3500,2
3501,0
3502,3
3503,8
3504,2
3505,0
3506,0
3507,1
3508,5
3509,0
3510,0
3511,1
3512,0
3513,2
3514,4
3515,4
3516,0
3517,0
3518,1
3519,11
3520,3
3521,4
3522,0
3523,2
3524,0
3525,0
3526,2
3527,0
3528,0
3529,0
3530,4
3531,1
3532,0
3533,4
3534,3
3535,3
3536,2
3537,0
3538,0
3539,4
3540,3
3541,1
3542,0
3543,2
3544,0
3545,0
3546,4
3547,0
3548,3
3549,4
3550,1
3551,0
3552,0
3553,5
3554,0
3555,3
3556,1
3557,0
3558,0
3559,2
3560,2
3561,0
3562,1
3563,1
3564,4
3565,4
3566,0
3567,0
3568,3
3569,5
3570,7
3571,2
3572,0
3573,0
3574,1
3575,0
3576,0
3577,3
3578,5
3579,3
3580,3
3581,1
3582,0
3583,3
3584,0
3585,0
3586,5
3587,4
3588,5
3589,0
3590,1
3591,1
3592,4
3593,0
3594,1
3595,2
3596,1
3597,1
3598,1
3599,7
3600,2
3601,7
3602,0
3603,2
3604,2
3605,3
3606,4
3607,1
3608,7
3609,3
3610,1
3611,0
3612,0
3613,1
3614,4
3615,1
3616,0
3617,1
3618,0
3619,1
3620,1
3621,3
3622,2
3623,2
3624,3
3625,0
3626,0
3627,1
3628,0
3629,0
3630,3
3631,2
3632,1
3633,3
3634,1
3635,0
3636,0
3637,1
3638,5
3639,8
3640,4
3641,5
3642,0
3643,1
3644,2
3645,2
3646,1
3647,0
3648,0
3649,0
3650,0
3651,1
3652,0
3653,0
3654,1
3655,5
3656,1
3657,4
3658,0
3659,5
3660,7
3661,5
3662,1
3663,1
3664,1
3665,1
3666,0
3667,1
3668,1
3669,5
3670,0
3671,3
3672,0
3673,2
3674,3
3675,9
3676,4
3677,0
3678,7
3679,1
3680,0
3681,0
3682,0
3683,11
3684,1
3685,0
3686,1
3687,6
3688,0
3689,0
3690,1
3691,1
3692,3
3693,1
3694,0
3695,2
3696,4
3697,0
3698,3
3699,2
3700,0
3701,2
3702,2
3703,2
3704,0
3705,2
3706,0
3707,0
3708,2
3709,4
3710,0
3711,1
3712,0
3713,0
3714,0
3715,0
3716,0
3717,0
3718,1
3719,0
3720,4
3721,0
3722,0
3723,1
3724,0
3725,4
3726,3
3727,0
3728,5
3729,0
3730,5
3731,1
3732,1
3733,1
3734,1
3735,1
3736,0
3737,1
3738,1
3739,2
3740,0
3741,2
3742,0
3743,0
3744,0
3745,6
3746,3
3747,0
3748,0
3749,0
3750,2
3751,0
3752,3
3753,0
3754,6
3755,0
3756,1
3757,1
3758,0
3759,4
3760,5
3761,1
3762,0
3763,3
3764,3
3765,1
3766,0
3767,0
3768,0
3769,2
3770,3
3771,1
3772,0
3773,1
3774,0
3775,0
3776,2
3777,0
3778,0
3779,1
3780,0
3781,2
3782,5
3783,0
3784,0
3785,1
3786,0
3787,3
3788,5
3789,1
3790,1
3791,0
3792,4
3793,0
3794,0
3795,1
3796,0
3797,5
3798,2
3799,3
3800,1
3801,1
3802,0
3803,1
3804,0
3805,3
3806,5
3807,1
3808,3
3809,0
3810,2
3811,1
3812,0
3813,0
3814,0
3815,7
3816,1
3817,2
3818,0
3819,3
3820,1
3821,6
3822,3
3823,3
3824,1
3825,0
3826,1
3827,0
3828,0
3829,0
3830,1
3831,2
3832,6
3833,0
3834,4
3835,2
3836,4
3837,1
3838,5
3839,3
3840,0
3841,1
3842,1
3843,3
3844,2
3845,1
3846,1
3847,0
3848,1
3849,4
3850,5
3851,5
3852,1
3853,1
3854,2
3855,2
3856,0
3857,8
3858,0
3859,0
3860,7
3861,3
3862,0
3863,0
3864,0
3865,3
3866,1
3867,3
3868,0
3869,1
3870,2
3871,0
3872,1
3873,1
3874,2
3875,3
3876,0
3877,0
3878,2
3879,0
3880,0
3881,0
3882,0
3883,0
3884,0
3885,0
3886,0
3887,2
3888,0
3889,1
3890,0
3891,0
3892,2
3893,1
3894,6
3895,0
3896,0
3897,3
3898,0
3899,0
3900,8
3901,1
3902,0
3903,1
3904,0
3905,0
3906,1
3907,4
3908,2
3909,1
3910,1
3911,0
3912,3
3913,1
3914,2
3915,0
3916,2
3917,0
3918,0
3919,5
3920,0
3921,0
3922,1
3923,0
3924,3
3925,1
3926,1
3927,1
3928,0
3929,0
3930,1
3931,3
3932,0
3933,2
3934,0
3935,0
3936,3
3937,0
3938,4
3939,3
3940,1
3941,2
3942,1
3943,6
3944,4
3945,0
3946,2
3947,2
3948,1
3949,6
3950,0
3951,6
3952,1
3953,4
3954,1
3955,0
3956,0
3957,2
3958,6
3959,1
3960,0
3961,2
3962,0
3963,4
3964,1
3965,1
3966,6
3967,3
3968,2
3969,1
3970,2
3971,3
3972,0
3973,0
3974,0
3975,0
3976,5
3977,1
3978,5
3979,2
3980,8
3981,2
3982,0
3983,5
3984,0
3985,0
3986,3
3987,1
3988,0
3989,1
3990,0
3991,0
3992,0
3993,6
3994,1
3995,1
3996,0
3997,0
3998,2
3999,3
4000,7
4001,1
4002,0
4003,0
4004,1
4005,1
4006,1
4007,0
4008,0
4009,3
4010,2
4011,0
4012,0
4013,0
4014,2
4015,0
4016,0
4017,1
4018,2
4019,2
4020,2
4021,1
4022,3
4023,0
4024,3
4025,4
4026,0
4027,0
4028,1
4029,1
4030,0
4031,0
4032,2
4033,3
4034,2
4035,1
4036,2
4037,0
4038,1
4039,3
4040,6
4041,2
4042,0
4043,0
4044,0
4045,2
4046,2
4047,1
4048,2
4049,1
4050,0
4051,5
4052,0
4053,1
4054,1
4055,5
4056,2
4057,0
4058,1
4059,3
4060,1
4061,0
4062,3
4063,1
4064,2
4065,3
4066,0
4067,1
4068,1
4069,1
4070,0
4071,5
4072,0
4073,2
4074,0
4075,5
4076,5
4077,1
4078,1
4079,0
4080,0
4081,4
4082,5
4083,7
4084,0
4085,4
4086,0
4087,0
4088,2
4089,4
4090,0
4091,0
4092,2
4093,0
4094,1
4095,0
4096,0
4097,2
4098,1
4099,2
4100,1
4101,1
4102,0
4103,6
4104,1
4105,2
4106,0
4107,2
4108,2
4109,1
4110,0
4111,2
4112,2
4113,0
4114,0
4115,2
4116,4
4117,2
4118,4
4119,0
4120,7
4121,4
4122,2
4123,7
4124,2
4125,1
4126,0
4127,2
4128,5
4129,4
4130,1
4131,1
4132,0
4133,0
4134,3
4135,0
4136,2
4137,0
4138,0
4139,3
4140,4
4141,0
4142,1
4143,6
4144,1
4145,3
4146,1
4147,0
4148,1
4149,1
4150,9
4151,4
4152,1
4153,2
4154,0
4155,0
4156,0
4157,1
4158,2
4159,1
4160,2
4161,3
4162,5
4163,1
4164,1
4165,0
4166,3
4167,0
4168,2
4169,2
4170,1
4171,0
4172,0
4173,0
4174,0
4175,5
4176,3
4177,1
4178,5
4179,1
4180,5
4181,1
4182,0
4183,0
4184,1
4185,1
4186,3
4187,1
4188,0
4189,1
4190,3
4191,3
4192,4
4193,2
4194,3
4195,0
4196,0
4197,1
4198,4
4199,3
4200,2
4201,2
4202,0
4203,2
4204,0
4205,0
4206,0
4207,0
4208,1
4209,3
4210,1
4211,1
4212,1
4213,0
4214,8
4215,0
4216,0
4217,1
4218,3
4219,0
4220,2
4221,0
4222,1
4223,0
4224,0
4225,0
4226,0
4227,3
4228,0
4229,5
4230,3
4231,0
4232,5
4233,1
4234,2
4235,2
4236,3
4237,1
4238,2
4239,1
4240,2
4241,3
4242,0
4243,2
4244,2
4245,5
4246,1
4247,1
4248,6
4249,1
4250,0
4251,5
4252,3
4253,7
4254,0
4255,1
4256,2
4257,0
4258,1
4259,2
4260,1
4261,0
4262,1
4263,2
4264,1
4265,3
4266,1
4267,1
4268,2
4269,0
4270,0
4271,12
4272,0
4273,1
4274,2
4275,2
4276,0
4277,0
4278,1
4279,1
4280,2
4281,0
4282,2
4283,0
4284,7
4285,0
4286,3
4287,0
4288,1
4289,5
4290,1
4291,1
4292,0
4293,0
4294,1
4295,0
4296,2
4297,1
4298,0
4299,0
4300,0
4301,4
4302,0
4303,1
4304,2
4305,3
4306,2
4307,3
4308,0
4309,0
4310,0
4311,2
4312,2
4313,0
4314,0
4315,0
4316,0
4317,1
4318,0
4319,0
4320,0
4321,1
4322,1
4323,1
4324,1
4325,0
4326,5
4327,0
4328,2
4329,2
4330,1
4331,1
4332,1
4333,0
4334,2
4335,0
4336,1
4337,5
4338,2
4339,5
4340,1
4341,0
4342,0
4343,7
4344,0
4345,1
4346,0
4347,0
4348,3
4349,1
4350,1
4351,3
4352,5
4353,1
4354,0
4355,5
4356,4
4357,0
4358,1
4359,1
4360,0
4361,1
4362,1
4363,0
4364,2
4365,0
4366,0
4367,4
4368,1
4369,0
4370,2
4371,0
4372,0
4373,0
4374,2
4375,0
4376,2
4377,0
4378,0
4379,1
4380,1
4381,1
4382,0
4383,1
4384,1
4385,0
4386,0
4387,1
4388,2
4389,0
4390,2
4391,3
4392,2
4393,1
4394,3
4395,3
4396,1
4397,0
4398,1
4399,3
4400,4
4401,0
4402,1
4403,0
4404,0
4405,1
4406,0
4407,0
4408,3
4409,2
4410,3
4411,0
4412,0
4413,1
4414,1
4415,5
4416,2
4417,0
4418,0
4419,1
4420,2
4421,0
4422,1
4423,0
4424,0
4425,0
4426,0
4427,1
4428,0
4429,0
4430,3
4431,0
4432,2
4433,3
4434,3
4435,0
4436,0
4437,1
4438,0
4439,2
4440,0
4441,2
4442,1
4443,2
4444,1
4445,2
4446,0
4447,0
4448,8
4449,4
4450,0
4451,4
4452,2
4453,0
4454,3
4455,2
4456,3
4457,2
4458,2
4459,1
4460,0
4461,4
4462,0
4463,4
4464,0
4465,2
4466,0
4467,0
4468,1
4469,0
4470,1
4471,1
4472,1
4473,0
4474,0
4475,1
4476,0
4477,1
4478,2
4479,1
4480,3
4481,0
4482,1
4483,2
4484,0
4485,3
4486,0
4487,3
4488,0
4489,0
4490,0
4491,2
4492,0
4493,2
4494,0
4495,5
4496,1
4497,1
4498,2
4499,0
4500,0
4501,0
4502,2
4503,1
4504,1
4505,1
4506,2
4507,0
4508,0
4509,1
4510,3
4511,1
4512,13
4513,0
4514,1
4515,0
4516,5
4517,0
4518,5
4519,2
4520,1
4521,0
4522,0
4523,5
4524,0
4525,2
4526,1
4527,1
4528,5
4529,1
4530,1
4531,0
4532,2
4533,6
4534,1
4535,0
4536,5
4537,2
4538,4
4539,0
4540,2
4541,1
4542,1
4543,0
4544,1
4545,2
4546,1
4547,1
4548,2
4549,3
4550,2
4551,7
4552,1
4553,1
4554,0
4555,1
4556,3
4557,1
4558,0
4559,1
4560,3
4561,4
4562,0
4563,0
4564,0
4565,0
4566,0
4567,0
4568,3
4569,1
4570,6
4571,3
4572,1
4573,6
4574,2
4575,3
4576,1
4577,0
4578,3
4579,0
4580,0
4581,7
4582,0
4583,4
4584,2
4585,0
4586,2
4587,3
4588,2
4589,6
4590,0
4591,0
4592,1
4593,5
4594,2
4595,3
4596,2
4597,3
4598,0
4599,0
4600,0
4601,7
4602,1
4603,4
4604,2
4605,0
4606,2
4607,0
4608,0
4609,0
4610,0
4611,1
4612,0
4613,7
4614,5
4615,0
4616,0
4617,1
4618,7
4619,3
4620,6
4621,0
4622,0
4623,0
4624,0
4625,1
4626,0
4627,2
4628,1
4629,0
4630,0
4631,0
4632,2
4633,1
4634,3
4635,1
4636,0
4637,1
4638,0
4639,0
4640,0
4641,0
4642,1
4643,1
4644,0
4645,0
4646,0
4647,2
4648,0
4649,0
4650,1
4651,3
4652,1
4653,3
4654,4
4655,1
4656,1
4657,2
4658,0
4659,0
4660,0
4661,4
4662,0
4663,0
4664,1
4665,0
4666,2
4667,3
4668,2
4669,0
4670,4
4671,3
4672,3
4673,1
4674,1
4675,3
4676,0
4677,3
4678,1
4679,1
4680,0
4681,0
4682,0
4683,0
4684,0
4685,1
4686,0
4687,0
4688,0
4689,1
4690,0
4691,1
4692,8
4693,3
4694,4
4695,5
4696,0
4697,1
4698,3
4699,0
4700,2
4701,1
4702,0
4703,2
4704,0
4705,3
4706,2
4707,0
4708,2
4709,0
4710,7
4711,1
4712,0
4713,0
4714,2
4715,1
4716,3
4717,2
4718,1
4719,5
4720,2
4721,0
4722,0
4723,0
4724,0
4725,0
4726,2
4727,0
4728,1
4729,0
4730,1
4731,1
4732,4
4733,2
4734,0
4735,0
4736,1
4737,1
4738,2
4739,0
4740,1
4741,2
4742,0
4743,3
4744,5
4745,2
4746,6
4747,1
4748,2
4749,2
4750,1
4751,0
4752,0
4753,0
4754,0
4755,1
4756,2
4757,4
4758,2
4759,0
4760,2
4761,2
4762,3
4763,0
4764,6
4765,0
4766,2
4767,1
4768,2
4769,2
4770,1
4771,0
4772,1
4773,5
4774,0
4775,4
4776,0
4777,0
4778,1
4779,7
4780,1
4781,1
4782,0
4783,1
4784,2
4785,3
4786,3
4787,4
4788,2
4789,0
4790,1
4791,0
4792,3
4793,2
4794,3
4795,3
4796,1
4797,0
4798,5
4799,2
4800,4
4801,0
4802,0
4803,2
4804,0
4805,1
4806,0
4807,5
4808,1
4809,0
4810,0
4811,2
4812,0
4813,0
4814,2
4815,2
4816,1
4817,1
4818,0
4819,0
4820,1
4821,2
4822,0
4823,1
4824,0
4825,2
4826,3
4827,1
4828,3
4829,2
4830,1
4831,1
4832,1
4833,0
4834,5
4835,0
4836,3
4837,0
4838,1
4839,0
4840,1
4841,3
4842,1
4843,0
4844,2
4845,1
4846,1
4847,4
4848,3
4849,1
4850,2
4851,1
4852,1
4853,2
4854,2
4855,0
4856,2
4857,2
4858,1
4859,0
4860,3
4861,0
4862,0
4863,0
4864,2
4865,0
4866,0
4867,0
4868,3
4869,0
4870,0
4871,2
4872,0
4873,4
4874,0
4875,0
4876,1
4877,1
4878,4
4879,1
4880,1
4881,2
4882,2
4883,4
4884,4
4885,1
4886,4
4887,0
4888,1
4889,1
4890,2
4891,0
4892,0
4893,1
4894,0
4895,1
4896,2
4897,0
4898,0
4899,3
4900,0
4901,0
4902,5
4903,1
4904,4
4905,0
4906,1
4907,3
4908,0
4909,3
4910,0
4911,5
4912,1
4913,7
4914,1
4915,3
4916,3
4917,2
4918,6
4919,3
4920,3
4921,1
4922,4
4923,3
4924,0
4925,0
4926,3
4927,0
4928,1
4929,0
4930,0
4931,1
4932,5
4933,0
4934,0
4935,4
4936,0
4937,3
4938,2
4939,1
4940,2
4941,2
4942,6
4943,0
4944,0
4945,0
4946,6
4947,2
4948,1
4949,0
4950,1
4951,7
4952,4
4953,0
4954,2
4955,0
4956,0
4957,4
4958,7
4959,0
4960,4
4961,1
4962,2
4963,1
4964,1
4965,2
4966,1
4967,0
4968,5
4969,3
4970,1
4971,5
4972,3
4973,0
4974,1
4975,2
4976,0
4977,0
4978,3
4979,2
4980,2
4981,1
4982,2
4983,2
4984,3
4985,2
4986,3
4987,1
4988,0
4989,2
4990,2
4991,0
4992,2
4993,2
4994,2
4995,2
4996,2
4997,4
4998,1
4999,0
5000,3
5001,4
5002,1
5003,4
5004,0
5005,3
5006,0
5007,2
5008,3
5009,0
5010,2
5011,1
5012,3
5013,0
5014,3
5015,3
5016,1
5017,2
5018,2
5019,2
5020,2
5021,3
5022,2
5023,1
5024,2
5025,0
5026,7
5027,1
5028,0
5029,2
5030,0
5031,2
5032,4
5033,0
5034,1
5035,2
5036,0
5037,5
5038,1
5039,2
5040,2
5041,0
5042,7
5043,0
5044,0
5045,0
5046,0
5047,3
5048,6
5049,2
5050,1
5051,2
5052,2
5053,2
5054,0
5055,0
5056,3
5057,4
5058,0
5059,2
5060,1
5061,4
5062,0
5063,0
5064,2
5065,3
5066,0
5067,2
5068,1
5069,1
5070,0
5071,2
5072,1
5073,0
5074,5
5075,2
5076,0
5077,0
5078,0
5079,0
5080,1
5081,2
5082,2
5083,0
5084,3
5085,0
5086,1
5087,2
5088,0
5089,2
5090,2
5091,2
5092,1
5093,1
5094,4
5095,5
5096,6
5097,4
5098,1
5099,0
5100,1
5101,1
5102,0
5103,1
5104,2
5105,0
5106,0
5107,0
5108,0
5109,0
5110,5
5111,2
5112,0
5113,1
5114,2
5115,3
5116,1
5117,0
5118,1
5119,1
5120,0
5121,2
5122,2
5123,0
5124,1
5125,2
5126,1
5127,4
5128,2
5129,1
5130,2
5131,0
5132,0
5133,0
5134,0
5135,1
5136,0
5137,0
5138,3
5139,0
5140,1
5141,8
5142,0
5143,1
5144,1
5145,0
5146,2
5147,2
5148,2
5149,0
5150,0
5151,2
5152,1
5153,2
5154,4
5155,1
5156,0
5157,1
5158,0
5159,2
5160,4
5161,1
5162,12
5163,2
5164,4
5165,4
5166,0
5167,1
5168,0
5169,0
5170,0
5171,0
5172,1
5173,0
5174,0
5175,1
5176,0
5177,1
5178,0
5179,0
5180,1
5181,1
5182,0
5183,1
5184,0
5185,0
5186,4
5187,3
5188,1
5189,0
5190,0
5191,0
5192,3
5193,1
5194,4
5195,1
5196,2
5197,0
5198,1
5199,0
5200,0
5201,0
5202,0
5203,2
5204,0
5205,3
5206,2
5207,0
5208,0
5209,0
5210,0
5211,0
5212,0
5213,0
5214,3
5215,4
5216,1
5217,0
5218,3
5219,3
5220,1
5221,2
5222,2
5223,2
5224,3
5225,0
5226,2
5227,0
5228,0
5229,0
5230,2
5231,4
5232,0
5233,1
5234,1
5235,0
5236,4
5237,1
5238,0
5239,0
5240,0
5241,0
5242,0
5243,1
5244,5
5245,3
5246,0
5247,0
5248,3
5249,0
5250,2
5251,3
5252,1
5253,1
5254,1
5255,0
5256,2
5257,0
5258,2
5259,1
5260,0
5261,1
5262,2
5263,4
5264,1
5265,5
5266,1
5267,0
5268,0
5269,2
5270,0
5271,0
5272,1
5273,1
5274,2
5275,1
5276,0
5277,2
5278,1
5279,1
5280,0
5281,1
5282,1
5283,0
5284,0
5285,4
5286,0
5287,0
5288,1
5289,0
5290,0
5291,1
5292,0
5293,3
5294,0
5295,0
5296,1
5297,0
5298,3
5299,2
5300,2
5301,0
5302,0
5303,4
5304,3
5305,0
5306,0
5307,0
5308,2
5309,2
5310,1
5311,0
5312,0
5313,0
5314,1
5315,1
5316,0
5317,0
5318,2
5319,1
5320,2
5321,0
5322,0
5323,0
5324,0
5325,3
5326,1
5327,2
5328,1
5329,0
5330,0
5331,2
5332,2
5333,1
5334,3
5335,2
5336,3
5337,2
5338,0
5339,1
5340,1
5341,0
5342,1
5343,3
5344,2
5345,1
5346,1
5347,2
5348,1
5349,0
5350,0
5351,0
5352,0
5353,4
5354,0
5355,0
5356,1
5357,1
5358,2
5359,2
5360,0
5361,4
5362,1
5363,5
5364,3
5365,4
5366,0
5367,1
5368,2
5369,4
5370,3
5371,0
5372,4
5373,0
5374,1
5375,1
5376,0
5377,2
5378,1
5379,2
5380,1
5381,2
5382,0
5383,0
5384,0
5385,3
5386,0
5387,0
5388,6
5389,3
5390,8
5391,3
5392,4
5393,0
5394,1
5395,1
5396,0
5397,3
5398,1
5399,2
5400,4
5401,1
5402,2
5403,0
5404,1
5405,4
5406,1
5407,0
5408,0
5409,0
5410,1
5411,2
5412,2
5413,1
5414,1
5415,0
5416,0
5417,6
5418,3
5419,2
5420,3
5421,3
5422,1
5423,1
5424,3
5425,3
5426,1
5427,0
5428,5
5429,1
5430,1
5431,2
5432,6
5433,0
5434,0
5435,0
5436,0
5437,2
5438,0
5439,1
5440,0
5441,2
5442,1
5443,2
5444,3
5445,0
5446,3
5447,2
5448,1
5449,0
5450,1
5451,0
5452,1
5453,5
5454,3
5455,1
5456,2
5457,2
5458,1
5459,1
5460,0
5461,1
5462,0
5463,2
5464,1
5465,1
5466,1
5467,0
5468,0
5469,0
5470,2
5471,2
5472,1
5473,0
5474,0
5475,4
5476,4
5477,0
5478,0
5479,2
5480,2
5481,3
5482,1
5483,0
5484,0
5485,5
5486,1
5487,7
5488,1
5489,0
5490,1
5491,3
5492,2
5493,2
5494,0
5495,1
5496,3
5497,3
5498,3
5499,2
5500,0
5501,2
5502,1
5503,1
5504,1
5505,0
5506,2
5507,1
5508,0
5509,0
5510,0
5511,0
5512,2
5513,0
5514,3
5515,3
5516,0
5517,0
5518,0
5519,1
5520,1
5521,5
5522,0
5523,0
5524,4
5525,0
5526,1
5527,1
5528,0
5529,0
5530,0
5531,0
5532,3
5533,1
5534,3
5535,2
5536,5
5537,6
5538,0
5539,1
5540,0
5541,0
5542,2
5543,2
5544,3
5545,1
5546,3
5547,0
5548,1
5549,0
5550,6
5551,0
5552,1
5553,3
5554,2
5555,4
5556,0
5557,0
5558,0
5559,3
5560,2
5561,0
5562,3
5563,1
5564,2
5565,0
5566,0
5567,2
5568,1
5569,0
5570,2
5571,0
5572,4
5573,1
5574,2
5575,1
5576,0
5577,1
5578,4
5579,1
5580,0
5581,2
5582,2
5583,2
5584,1
5585,2
5586,6
5587,2
5588,1
5589,0
5590,2
5591,4
5592,2
5593,1
5594,0
5595,0
5596,3
5597,6
5598,0
5599,1
5600,1
5601,1
5602,1
5603,1
5604,2
5605,1
5606,2
5607,3
5608,1
5609,0
5610,1
5611,4
5612,1
5613,1
5614,5
5615,0
5616,1
5617,0
5618,5
5619,1
5620,0
5621,2
5622,5
5623,1
5624,0
5625,0
5626,0
5627,0
5628,0
5629,0
5630,1
5631,0
5632,3
5633,0
5634,0
5635,0
5636,3
5637,3
5638,1
5639,3
5640,0
5641,0
5642,0
5643,4
5644,3
5645,1
5646,0
5647,1
5648,3
5649,1
5650,2
5651,0
5652,1
5653,0
5654,3
5655,0
5656,2
5657,1
5658,1
5659,4
5660,3
5661,3
5662,2
5663,1
5664,0
5665,0
5666,0
5667,0
5668,0
5669,0
5670,2
5671,3
5672,5
5673,1
5674,2
5675,1
5676,2
5677,1
5678,1
5679,0
5680,0
5681,0
5682,4
5683,0
5684,1
5685,1
5686,2
5687,2
5688,3
5689,2
5690,3
5691,2
5692,2
5693,1
5694,0
5695,2
5696,0
5697,1
5698,0
5699,0
5700,3
5701,0
5702,0
5703,1
5704,0
5705,0
5706,0
5707,0
5708,0
5709,3
5710,2
5711,4
5712,1
5713,1
5714,1
5715,1
5716,2
5717,0
5718,4
5719,0
5720,3
5721,5
5722,2
5723,1
5724,0
5725,1
5726,4
5727,0
5728,2
5729,2
5730,1
5731,2
5732,0
5733,0
5734,0
5735,1
5736,2
5737,2
5738,0
5739,2
5740,0
5741,3
5742,1
5743,0
5744,1
5745,0
5746,2
5747,3
5748,0
5749,0
5750,1
5751,1
5752,3
5753,0
5754,2
5755,0
5756,1
5757,0
5758,0
5759,1
5760,1
5761,3
5762,0
5763,0
5764,0
5765,1
5766,2
5767,2
5768,0
5769,0
5770,2
5771,0
5772,0
5773,2
5774,1
5775,0
5776,2
5777,5
5778,0
5779,4
5780,0
5781,2
5782,2
5783,1
5784,0
5785,0
5786,0
5787,0
5788,0
5789,0
5790,2
5791,0
5792,1
5793,0
5794,1
5795,0
5796,3
5797,0
5798,0
5799,2
5800,0
5801,0
5802,2
5803,0
5804,7
5805,0
5806,1
5807,1
5808,0
5809,2
5810,3
5811,1
5812,1
5813,2
5814,1
5815,0
5816,1
5817,0
5818,1
5819,1
5820,3
5821,1
5822,6
5823,1
5824,0
5825,0
5826,0
5827,2
5828,6
5829,2
5830,0
5831,2
5832,1
5833,2
5834,0
5835,0
5836,1
5837,0
5838,0
5839,1
5840,3
5841,4
5842,0
5843,0
5844,2
5845,5
5846,1
5847,1
5848,1
5849,1
5850,3
5851,0
5852,0
5853,0
5854,1
5855,0
5856,4
5857,1
5858,1
5859,1
5860,2
5861,1
5862,0
5863,0
5864,0
5865,0
5866,0
5867,2
5868,0
5869,0
5870,0
5871,1
5872,0
5873,2
5874,0
5875,1
5876,0
5877,0
5878,1
5879,0
5880,1
5881,0
5882,0
5883,1
5884,1
5885,2
5886,4
5887,0
5888,1
5889,2
5890,0
5891,1
5892,4
5893,1
5894,3
5895,4
5896,1
5897,1
5898,3
5899,2
5900,3
5901,0
5902,1
5903,7
5904,0
5905,2
5906,0
5907,0
5908,0
5909,2
5910,2
5911,0
5912,2
5913,1
5914,1
5915,0
5916,2
5917,2
5918,2
5919,1
5920,0
5921,3
5922,4
5923,0
5924,1
5925,4
5926,2
5927,0
5928,0
5929,2
5930,2
5931,2
5932,3
5933,3
5934,0
5935,1
5936,4
5937,0
5938,0
5939,2
5940,4
5941,0
5942,3
5943,0
5944,1
5945,5
5946,0
5947,2
5948,2
5949,2
5950,5
5951,3
5952,3
5953,1
5954,3
5955,4
5956,2
5957,6
5958,1
5959,0
5960,2
5961,1
5962,3
5963,0
5964,0
5965,1
5966,0
5967,1
5968,0
5969,1
5970,0
5971,1
5972,0
5973,1
5974,1
5975,0
5976,3
5977,2
5978,3
5979,3
5980,0
5981,1
5982,2
5983,1
5984,1
5985,2
5986,1
5987,1
5988,4
5989,0
5990,1
5991,1
5992,0
5993,0
5994,2
5995,0
5996,2
5997,1
5998,2
5999,1
6000,0
6001,1
6002,1
6003,2
6004,1
6005,3
6006,0
6007,0
6008,3
6009,0
6010,1
6011,2
6012,0
6013,0
6014,0
6015,1
6016,0
6017,4
6018,5
6019,2
6020,1
6021,2
6022,0
6023,1
6024,2
6025,1
6026,1
6027,0
6028,0
6029,3
6030,0
6031,0
6032,0
6033,4
6034,1
6035,4
6036,2
6037,0
6038,0
6039,2
6040,0
6041,3
6042,0
6043,0
6044,1
6045,0
6046,0
6047,3
6048,0
6049,1
6050,1
6051,5
6052,0
6053,0
6054,2
6055,2
6056,5
6057,2
6058,5
6059,5
6060,0
6061,0
6062,1
6063,0
6064,2
6065,1
6066,4
6067,2
6068,2
6069,1
6070,0
6071,0
6072,2
6073,2
6074,1
6075,2
6076,0
6077,0
6078,1
6079,0
6080,4
6081,1
6082,1
6083,2
6084,1
6085,1
6086,3
6087,0
6088,5
6089,1
6090,1
6091,0
6092,3
6093,2
6094,0
6095,0
6096,2
6097,0
6098,1
6099,0
6100,1
6101,2
6102,6
6103,0
6104,0
6105,3
6106,1
6107,3
6108,1
6109,2
6110,1
6111,1
6112,2
6113,1
6114,0
6115,1
6116,3
6117,2
6118,4
6119,1
6120,1
6121,1
6122,4
6123,4
6124,0
6125,0
6126,0
6127,5
6128,3
6129,3
6130,0
6131,2
6132,3
6133,0
6134,1
6135,2
6136,1
6137,0
6138,0
6139,1
6140,1
6141,0
6142,1
6143,1
6144,3
6145,2
6146,1
6147,2
6148,2
6149,0
6150,0
6151,0
6152,4
6153,0
6154,2
6155,1
6156,4
6157,0
6158,4
6159,0
6160,0
6161,4
6162,3
6163,3
6164,0
6165,0
6166,0
6167,1
6168,1
6169,1
6170,1
6171,3
6172,1
6173,1
6174,1
6175,1
6176,0
6177,2
6178,1
6179,2
6180,0
6181,1
6182,4
6183,3
6184,0
6185,3
6186,1
6187,0
6188,0
6189,3
6190,1
6191,1
6192,0
6193,0
6194,1
6195,0
6196,3
6197,1
6198,1
6199,2
6200,0
6201,1
6202,3
6203,0
6204,0
6205,0
6206,0
6207,0
6208,5
6209,0
6210,3
6211,0
6212,1
6213,2
6214,4
6215,2
6216,0
6217,3
6218,4
6219,1
6220,2
6221,4
6222,5
6223,0
6224,1
6225,3
6226,2
6227,2
6228,0
6229,0
6230,1
6231,2
6232,0
6233,1
6234,1
6235,1
6236,2
6237,1
6238,0
6239,3
6240,0
6241,0
6242,0
6243,2
6244,1
6245,1
6246,0
6247,1
6248,3
6249,0
6250,0
6251,2
6252,4
6253,5
6254,0
6255,1
6256,2
6257,0
6258,1
6259,0
6260,1
6261,1
6262,0
6263,0
6264,1
6265,0
6266,1
6267,4
6268,1
6269,4
6270,2
6271,0
6272,0
6273,0
6274,6
6275,0
6276,0
6277,5
6278,4
6279,3
6280,1
6281,1
6282,2
6283,2
6284,0
6285,3
6286,1
6287,0
6288,2
6289,0
6290,0
6291,1
6292,1
6293,0
6294,0
6295,0
6296,4
6297,3
6298,1
6299,0
6300,1
6301,2
6302,1
6303,0
6304,1
6305,0
6306,1
6307,0
6308,0
6309,1
6310,1
6311,0
6312,1
6313,0
6314,1
6315,0
6316,1
6317,0
6318,0
6319,1
6320,1
6321,0
6322,0
6323,0
6324,0
6325,0
6326,2
6327,0
6328,0
6329,2
6330,3
6331,0
6332,1
6333,3
6334,5
6335,1
6336,0
6337,4
6338,1
6339,0
6340,1
6341,0
6342,0
6343,1
6344,0
6345,0
6346,1
6347,1
6348,0
6349,4
6350,0
6351,1
6352,1
6353,1
6354,1
6355,1
6356,3
6357,0
6358,4
6359,0
6360,0
6361,0
6362,1
6363,2
6364,2
6365,0
6366,2
6367,0
6368,0
6369,0
6370,0
6371,2
6372,2
6373,1
6374,2
6375,1
6376,3
6377,0
6378,0
6379,1
6380,0
6381,0
6382,1
6383,0
6384,3
6385,1
6386,0
6387,0
6388,0
6389,0
6390,2
6391,0
6392,3
6393,3
6394,3
6395,2
6396,4
6397,0
6398,1
6399,0
6400,1
6401,2
6402,0
6403,1
6404,0
6405,3
6406,1
6407,0
6408,0
6409,0
6410,1
6411,0
6412,1
6413,3
6414,1
6415,0
6416,0
6417,0
6418,3
6419,3
6420,1
6421,1
6422,0
6423,0
6424,1
6425,1
6426,2
6427,5
6428,0
6429,0
6430,1
6431,0
6432,3
6433,0
6434,1
6435,0
6436,0
6437,0
6438,0
6439,2
6440,2
6441,1
6442,2
6443,1
6444,0
6445,0
6446,0
6447,0
6448,1
6449,1
6450,0
6451,8
6452,1
6453,1
6454,0
6455,1
6456,2
6457,2
6458,0
6459,0
6460,0
6461,0
6462,1
6463,0
6464,0
6465,1
6466,0
6467,1
6468,0
6469,0
6470,2
6471,1
6472,0
6473,0
6474,3
6475,1
6476,4
6477,3
6478,1
6479,3
6480,1
6481,1
6482,0
6483,3
6484,2
6485,2
6486,0
6487,0
6488,1
6489,6
6490,2
6491,1
6492,3
6493,5
6494,1
6495,1
6496,1
6497,4
6498,4
6499,2
6500,4
6501,0
6502,0
6503,0
6504,1
6505,0
6506,3
6507,2
6508,4
6509,0
6510,1
6511,0
6512,2
6513,6
6514,0
6515,0
6516,0
6517,3
6518,1
6519,3
6520,1
6521,1
6522,0
6523,5
6524,4
6525,0
6526,2
6527,4
6528,3
6529,1
6530,2
6531,3
6532,0
6533,1
6534,0
6535,0
6536,2
6537,0
6538,1
6539,1
6540,3
6541,1
6542,1
6543,2
6544,1
6545,1
6546,2
6547,1
6548,0
6549,0
6550,1
6551,2
6552,0
6553,1
6554,0
6555,4
6556,2
6557,0
6558,0
6559,3
6560,3
6561,0
6562,2
6563,1
6564,1
6565,1
6566,1
6567,0
6568,1
6569,2
6570,1
6571,0
6572,1
6573,0
6574,1
6575,4
6576,5
6577,1
6578,1
6579,0
6580,3
6581,1
6582,0
6583,1
6584,0
6585,1
6586,4
6587,1
6588,0
6589,1
6590,1
6591,3
6592,1
6593,3
6594,1
6595,2
6596,1
6597,0
6598,2
6599,0
6600,1
6601,0
6602,4
6603,3
6604,1
6605,4
6606,1
6607,1
6608,0
6609,2
6610,0
6611,0
6612,1
6613,1
6614,0
6615,3
6616,1
6617,0
6618,0
6619,0
6620,1
6621,1
6622,0
6623,2
6624,4
6625,0
6626,3
6627,2
6628,0
6629,3
6630,0
6631,3
6632,1
6633,0
6634,1
6635,0
6636,0
6637,1
6638,0
6639,0
6640,2
6641,0
6642,0
6643,0
6644,0
6645,1
6646,0
6647,0
6648,5
6649,1
6650,2
6651,4
6652,0
6653,1
6654,0
6655,2
6656,0
6657,3
6658,0
6659,1
6660,0
6661,2
6662,2
6663,0
6664,0
6665,1
6666,1
6667,1
6668,0
6669,0
6670,1
6671,2
6672,5
6673,1
6674,1
6675,1
6676,0
6677,5
6678,1
6679,0
6680,0
6681,1
6682,2
6683,1
6684,2
6685,0
6686,2
6687,3
6688,1
6689,0
6690,2
6691,2
6692,0
6693,0
6694,0
6695,3
6696,4
6697,4
6698,2
6699,0
6700,2
6701,2
6702,0
6703,0
6704,1
6705,3
6706,1
6707,1
6708,2
6709,0
6710,4
6711,3
6712,2
6713,4
6714,1
6715,1
6716,2
6717,1
6718,1
6719,0
6720,4
6721,4
6722,3
6723,0
6724,1
6725,1
6726,1
6727,1
6728,1
6729,1
6730,1
6731,0
6732,0
6733,2
6734,1
6735,1
6736,0
6737,0
6738,0
6739,1
6740,0
6741,2
6742,0
6743,1
6744,0
6745,0
6746,0
6747,3
6748,2
6749,0
6750,2
6751,0
6752,0
6753,1
6754,3
6755,1
6756,0
6757,3
6758,1
6759,1
6760,4
6761,0
6762,1
6763,2
6764,4
6765,1
6766,1
6767,1
6768,1
6769,5
6770,0
6771,0
6772,1
6773,2
6774,2
6775,3
6776,0
6777,0
6778,0
6779,1
6780,3
6781,1
6782,1
6783,1
6784,4
6785,0
6786,0
6787,1
6788,2
6789,3
6790,1
6791,4
6792,1
6793,2
6794,0
6795,0
6796,0
6797,1
6798,3
6799,1
6800,1
6801,1
6802,4
6803,0
6804,1
6805,1
6806,2
6807,1
6808,2
6809,5
6810,1
6811,0
6812,1
6813,0
6814,2
6815,0
6816,0
6817,1
6818,0
6819,0
6820,2
6821,1
6822,2
6823,1
6824,1
6825,2
6826,1
6827,1
6828,3
6829,1
6830,2
6831,1
6832,3
6833,1
6834,0
6835,1
6836,1
6837,0
6838,1
6839,3
6840,0
6841,0
6842,2
6843,1
6844,1
6845,1
6846,0
6847,0
6848,2
6849,0
6850,3
6851,3
6852,0
6853,0
6854,1
6855,1
6856,4
6857,7
6858,4
6859,0
6860,2
6861,0
6862,0
6863,1
6864,0
6865,2
6866,0
6867,3
6868,0
6869,1
6870,0
6871,2
6872,1
6873,1
6874,1
6875,0
6876,0
6877,3
6878,1
6879,1
6880,1
6881,1
6882,0
6883,0
6884,0
6885,0
6886,1
6887,1
6888,3
6889,0
6890,2
6891,0
6892,0
6893,0
6894,3
6895,0
6896,1
6897,0
6898,2
6899,1
6900,0
6901,0
6902,0
6903,0
6904,2
6905,1
6906,0
6907,2
6908,0
6909,2
6910,0
6911,2
6912,0
6913,2
6914,5
6915,1
6916,0
6917,0
6918,4
6919,0
6920,4
6921,1
6922,0
6923,3
6924,0
6925,0
6926,0
6927,0
6928,1
6929,1
6930,0
6931,0
6932,1
6933,2
6934,2
6935,0
6936,0
6937,1
6938,0
6939,2
6940,1
6941,0
6942,1
6943,4
6944,0
6945,0
6946,1
6947,1
6948,0
6949,1
6950,0
6951,0
6952,0
6953,0
6954,3
6955,1
6956,0
6957,1
6958,6
6959,2
6960,1
6961,1
6962,3
6963,3
6964,0
6965,1
6966,0
6967,0
6968,5
6969,2
6970,6
6971,1
6972,1
6973,1
6974,2
6975,1
6976,0
6977,0
6978,2
6979,0
6980,1
6981,0
6982,0
6983,0
6984,2
6985,0
6986,1
6987,0
6988,2
6989,3
6990,5
6991,1
6992,2
6993,1
6994,0
6995,1
6996,1
6997,2
6998,1
6999,4
7000,0
7001,1
7002,4
7003,4
7004,3
7005,1
7006,0
7007,0
7008,1
7009,0
7010,2
7011,4
7012,1
7013,0
7014,3
7015,0
7016,5
7017,0
7018,1
7019,0
7020,0
7021,1
7022,3
7023,0
7024,1
7025,1
7026,4
7027,0
7028,0
7029,2
7030,1
7031,1
7032,0
7033,1
7034,3
7035,2
7036,0
7037,2
7038,1
7039,2
7040,2
7041,0
7042,2
7043,2
7044,0
7045,1
7046,4
7047,1
7048,1
7049,2
7050,2
7051,1
7052,3
7053,1
7054,4
7055,1
7056,0
7057,1
7058,0
7059,2
7060,0
7061,2
7062,3
7063,2
7064,1
7065,0
7066,1
7067,0
7068,1
7069,0
7070,1
7071,1
7072,5
7073,1
7074,2
7075,0
7076,0
7077,3
7078,3
7079,1
7080,2
7081,0
7082,0
7083,1
7084,1
7085,2
7086,3
7087,2
7088,0
7089,0
7090,3
7091,1
7092,0
7093,1
7094,0
7095,0
7096,1
7097,1
7098,0
7099,0
7100,1
7101,4
7102,1
7103,1
7104,0
7105,1
7106,6
7107,0
7108,0
7109,0
7110,1
7111,2
7112,1
7113,0
7114,1
7115,3
7116,4
7117,3
7118,1
7119,1
7120,0
7121,0
7122,0
7123,0
7124,0
7125,2
7126,2
7127,2
7128,5
7129,1
7130,0
7131,1
7132,0
7133,3
7134,0
7135,0
7136,0
7137,0
7138,3
7139,1
7140,2
7141,1
7142,2
7143,1
7144,1
7145,0
7146,0
7147,1
7148,0
7149,3
7150,0
7151,0
7152,0
7153,1
7154,0
7155,1
7156,2
7157,1
7158,0
7159,3
7160,0
7161,0
7162,2
7163,1
7164,2
7165,1
7166,0
7167,3
7168,1
7169,0
7170,1
7171,0
7172,2
7173,0
7174,3
7175,3
7176,0
7177,1
7178,2
7179,0
7180,1
7181,1
7182,1
7183,0
7184,2
7185,2
7186,3
7187,2
7188,1
7189,1
7190,1
7191,1
7192,3
7193,2
7194,0
7195,3
7196,1
7197,1
7198,1
7199,1
7200,2
7201,2
7202,1
7203,1
7204,1
7205,0
7206,0
7207,1
7208,1
7209,0
7210,0
7211,0
7212,2
7213,0
7214,3
7215,5
7216,2
7217,1
7218,0
7219,1
7220,0
7221,1
7222,0
7223,0
7224,1
7225,3
7226,1
7227,3
7228,2
7229,3
7230,2
7231,1
7232,0
7233,1
7234,1
7235,0
7236,0
7237,0
7238,1
7239,0
7240,0
7241,2
7242,2
7243,2
7244,1
7245,1
7246,3
7247,0
7248,1
7249,2
7250,3
7251,1
7252,1
7253,1
7254,1
7255,0
7256,1
7257,0
7258,3
7259,0
7260,0
7261,2
7262,3
7263,1
7264,5
7265,3
7266,1
7267,4
7268,0
7269,1
7270,2
7271,0
7272,2
7273,2
7274,1
7275,1
7276,0
7277,1
7278,0
7279,1
7280,0
7281,9
7282,2
7283,1
7284,0
7285,1
7286,0
7287,4
7288,3
7289,1
7290,1
7291,2
7292,0
7293,0
7294,1
7295,5
7296,3
7297,3
7298,0
7299,0
7300,1
7301,4
7302,0
7303,1
7304,1
7305,2
7306,2
7307,3
7308,2
7309,0
7310,0
7311,1
7312,0
7313,3
7314,1
7315,0
7316,2
7317,3
7318,0
7319,1
7320,1
7321,0
7322,1
7323,0
7324,3
7325,2
7326,1
7327,4
7328,1
7329,0
7330,0
7331,2
7332,0
7333,3
7334,0
7335,2
7336,0
7337,0
7338,2
7339,4
7340,0
7341,3
7342,0
7343,1
7344,2
7345,0
7346,0
7347,0
7348,1
7349,2
7350,0
7351,2
7352,1
7353,2
7354,0
7355,1
7356,2
7357,5
7358,1
7359,1
7360,0
7361,4
7362,1
7363,1
7364,2
7365,1
7366,3
7367,0
7368,2
7369,2
7370,3
7371,0
7372,2
7373,0
7374,2
7375,3
7376,1
7377,0
7378,0
7379,2
7380,3
7381,0
7382,0
7383,0
7384,1
7385,3
7386,1
7387,1
7388,1
7389,0
7390,1
7391,1
7392,0
7393,0
7394,0
7395,1
7396,0
7397,1
7398,0
7399,0
7400,1
7401,1
7402,0
7403,2
7404,0
7405,1
7406,3
7407,0
7408,0
7409,1
7410,1
7411,0
7412,0
7413,2
7414,0
7415,1
7416,0
7417,2
7418,0
7419,0
7420,1
7421,0
7422,0
7423,4
7424,0
7425,0
7426,2
7427,1
7428,2
7429,1
7430,0
7431,1
7432,1
7433,2
7434,1
7435,1
7436,1
7437,2
7438,1
7439,1
7440,2
7441,0
7442,1
7443,0
7444,0
7445,0
7446,2
7447,0
7448,0
7449,0
7450,0
7451,1
7452,0
7453,0
7454,1
7455,2
7456,0
7457,1
7458,0
7459,4
7460,0
7461,2
7462,0
7463,0
7464,3
7465,1
7466,2
7467,4
7468,0
7469,2
7470,1
7471,2
7472,0
7473,0
7474,2
7475,1
7476,0
7477,2
7478,2
7479,1
7480,2
7481,1
7482,2
7483,1
7484,2
7485,1
7486,1
7487,2
7488,0
7489,1
7490,1
7491,1
7492,1
7493,0
7494,0
7495,0
7496,0
7497,3
7498,0
7499,0
7500,2
7501,1
7502,2
7503,1
7504,1
7505,3
7506,1
7507,5
7508,0
7509,1
7510,1
7511,1
7512,1
7513,1
7514,1
7515,1
7516,2
7517,0
7518,0
7519,0
7520,2
7521,4
7522,1
7523,0
7524,1
7525,0
7526,0
7527,0
7528,1
7529,1
7530,1
7531,1
7532,0
7533,1
7534,1
7535,1
7536,2
7537,2
7538,1
7539,1
7540,1
7541,2
7542,2
7543,0
7544,0
7545,1
7546,0
7547,0
7548,0
7549,3
7550,2
7551,2
7552,1
7553,1
7554,1
7555,0
7556,2
7557,0
7558,0
7559,1
7560,0
7561,0
7562,0
7563,1
7564,1
7565,0
7566,2
7567,1
7568,2
7569,1
7570,0
7571,2
7572,0
7573,3
7574,1
7575,0
7576,0
7577,1
7578,1
7579,2
7580,2
7581,1
7582,1
7583,2
7584,1
7585,2
7586,2
7587,5
7588,2
7589,3
7590,1
7591,0
7592,2
7593,0
7594,0
7595,1
7596,2
7597,0
7598,0
7599,0
7600,3
7601,0
7602,2
7603,0
7604,1
7605,0
7606,0
7607,1
7608,2
7609,0
7610,1
7611,0
7612,2
7613,4
7614,1
7615,1
7616,1
7617,1
7618,3
7619,2
7620,0
7621,1
7622,3
7623,0
7624,0
7625,0
7626,3
7627,0
7628,2
7629,0
7630,0
7631,2
7632,1
7633,0
7634,0
7635,0
7636,1
7637,1
7638,2
7639,1
7640,0
7641,0
7642,0
7643,2
7644,2
7645,0
7646,3
7647,3
7648,0
7649,3
7650,1
7651,0
7652,1
7653,0
7654,2
7655,0
7656,1
7657,2
7658,2
7659,1
7660,0
7661,3
7662,0
7663,1
7664,1
7665,0
7666,1
7667,2
7668,1
7669,0
7670,0
7671,0
7672,1
7673,1
7674,1
7675,1
7676,1
7677,1
7678,0
7679,2
7680,2
7681,1
7682,1
7683,0
7684,0
7685,1
7686,0
7687,3
7688,3
7689,3
7690,1
7691,2
7692,0
7693,2
7694,3
7695,1
7696,0
7697,2
7698,4
7699,2
7700,3
7701,0
7702,2
7703,1
7704,0
7705,0
7706,1
7707,1
7708,0
7709,1
7710,2
7711,2
7712,0
7713,0
7714,4
7715,0
7716,5
7717,1
7718,3
7719,1
7720,0
7721,1
7722,1
7723,2
7724,2
7725,2
7726,0
7727,0
7728,2
7729,1
7730,2
7731,1
7732,1
7733,1
7734,0
7735,2
7736,0
7737,2
7738,2
7739,1
7740,2
7741,0
7742,1
7743,0
7744,0
7745,2
7746,0
7747,1
7748,0
7749,1
7750,1
7751,3
7752,4
7753,1
7754,0
7755,2
7756,1
7757,0
7758,2
7759,2
7760,2
7761,0
7762,0
7763,0
7764,3
7765,0
7766,1
7767,0
7768,1
7769,1
7770,1
7771,1
7772,2
7773,0
7774,1
7775,3
7776,0
7777,2
7778,1
7779,0
7780,2
7781,1
7782,1
7783,2
7784,2
7785,2
7786,1
7787,0
7788,2
7789,1
7790,2
7791,0
7792,1
7793,0
7794,1
7795,3
7796,0
7797,2
7798,1
7799,2
7800,2
7801,1
7802,0
7803,1
7804,3
7805,0
7806,3
7807,1
7808,3
7809,3
7810,2
7811,0
7812,1
7813,2
7814,0
7815,1
7816,0
7817,0
7818,3
7819,1
7820,0
7821,1
7822,0
7823,6
7824,2
7825,0
7826,2
7827,1
7828,1
7829,4
7830,1
7831,0
7832,0
7833,1
7834,3
7835,0
7836,1
7837,2
7838,1
7839,0
7840,2
7841,1
7842,0
7843,0
7844,1
7845,0
7846,1
7847,3
7848,1
7849,0
7850,2
7851,2
7852,3
7853,3
7854,4
7855,3
7856,2
7857,0
7858,0
7859,1
7860,0
7861,0
7862,0
7863,1
7864,4
7865,1
7866,1
7867,0
7868,0
7869,0
7870,2
7871,0
7872,1
7873,0
7874,0
7875,0
7876,3
7877,0
7878,1
7879,1
7880,0
7881,4
7882,0
7883,0
7884,0
7885,1
7886,1
7887,4
7888,1
7889,2
7890,0
7891,1
7892,1
7893,1
7894,1
7895,0
7896,3
7897,2
7898,0
7899,1
7900,1
7901,1
7902,0
7903,3
7904,4
7905,1
7906,1
7907,0
7908,0
7909,1
7910,0
7911,1
7912,1
7913,1
7914,0
7915,4
7916,2
7917,3
7918,2
7919,0
7920,0
7921,2
7922,0
7923,4
7924,1
7925,2
7926,1
7927,0
7928,4
7929,0
7930,3
7931,0
7932,0
7933,1
7934,0
7935,4
7936,0
7937,1
7938,1
7939,1
7940,0
7941,2
7942,4
7943,0
7944,1
7945,1
7946,1
7947,2
7948,1
7949,0
7950,1
7951,0
7952,0
7953,0
7954,1
7955,0
7956,0
7957,1
7958,3
7959,0
7960,1
7961,1
7962,1
7963,2
7964,0
7965,1
7966,0
7967,1
7968,1
7969,1
7970,2
7971,2
7972,0
7973,1
7974,0
7975,0
7976,1
7977,1
7978,1
7979,0
7980,1
7981,2
7982,1
7983,1
7984,0
7985,1
7986,0
7987,0
7988,4
7989,1
7990,1
7991,1
7992,2
7993,3
7994,1
7995,0
7996,2
7997,0
7998,0
7999,1
8000,1
8001,1
8002,2
8003,1
8004,1
8005,2
8006,0
8007,3
8008,0
8009,1
8010,4
8011,0
8012,0
8013,0
8014,3
8015,3
8016,1
8017,1
8018,0
8019,0
8020,1
8021,0
8022,2
8023,2
8024,2
8025,1
8026,0
8027,3
8028,4
8029,1
8030,4
8031,1
8032,1
8033,0
8034,1
8035,0
8036,0
8037,2
8038,0
8039,2
8040,2
8041,0
8042,1
8043,1
8044,1
8045,3
8046,1
8047,0
8048,0
8049,0
8050,0
8051,2
8052,1
8053,1
8054,0
8055,0
8056,2
8057,2
8058,1
8059,1
8060,2
8061,0
8062,1
8063,3
8064,4
8065,0
8066,1
8067,1
8068,1
8069,0
8070,0
8071,1
8072,1
8073,0
8074,1
8075,0
8076,2
8077,0
8078,4
8079,1
8080,1
8081,0
8082,2
8083,0
8084,0
8085,2
8086,0
8087,1
8088,1
8089,2
8090,0
8091,2
8092,2
8093,1
8094,1
8095,0
8096,1
8097,0
8098,0
8099,0
8100,0
8101,1
8102,0
8103,2
8104,1
8105,0
8106,2
8107,0
8108,1
8109,1
8110,1
8111,1
8112,0
8113,0
8114,0
8115,0
8116,2
8117,1
8118,2
8119,1
8120,1
8121,1
8122,1
8123,0
8124,0
8125,0
8126,3
8127,1
8128,1
8129,0
8130,0
8131,2
8132,2
8133,4
8134,0
8135,2
8136,1
8137,2
8138,0
8139,4
8140,0
8141,0
8142,1
8143,0
8144,3
8145,0
8146,1
8147,0
8148,2
8149,1
8150,2
8151,1
8152,0
8153,1
8154,1
8155,1
8156,1
8157,0
8158,3
8159,1
8160,2
8161,0
8162,2
8163,2
8164,3
8165,3
8166,2
8167,5
8168,3
8169,2
8170,1
8171,1
8172,2
8173,0
8174,0
8175,0
8176,3
8177,2
8178,2
8179,1
8180,0
8181,0
8182,0
8183,0
8184,1
8185,2
8186,1
8187,1
8188,0
8189,0
8190,1
8191,0
8192,1
8193,2
8194,2
8195,1
8196,0
8197,1
8198,0
8199,0
8200,3
8201,6
8202,1
8203,0
8204,0
8205,4
8206,0
8207,1
8208,1
8209,2
8210,1
8211,0
8212,0
8213,0
8214,1
8215,0
8216,0
8217,0
8218,0
8219,3
8220,0
8221,1
8222,0
8223,0
8224,0
8225,1
8226,1
8227,2
8228,1
8229,2
8230,0
8231,0
8232,0
8233,2
8234,0
8235,0
8236,1
8237,2
8238,1
8239,0
8240,1
8241,2
8242,0
8243,1
8244,1
8245,0
8246,1
8247,0
8248,1
8249,2
8250,0
8251,2
8252,0
8253,2
8254,4
8255,2
8256,0
8257,3
8258,0
8259,1
8260,0
8261,0
8262,1
8263,3
8264,0
8265,1
8266,1
8267,3
8268,1
8269,1
8270,0
8271,1
8272,0
8273,3
8274,0
8275,4
8276,0
8277,1
8278,3
8279,1
8280,2
8281,1
8282,2
8283,0
8284,3
8285,2
8286,0
8287,1
8288,1
8289,5
8290,0
8291,0
8292,3
8293,3
8294,2
8295,1
8296,1
8297,0
8298,1
8299,3
8300,1
8301,1
8302,0
8303,3
8304,0
8305,3
8306,1
8307,0
8308,1
8309,1
8310,2
8311,1
8312,0
8313,2
8314,0
8315,2
8316,0
8317,2
8318,5
8319,0
8320,1
8321,1
8322,1
8323,0
8324,0
8325,3
8326,0
8327,2
8328,0
8329,3
8330,2
8331,0
8332,0
8333,0
8334,1
8335,2
8336,2
8337,1
8338,0
8339,2
8340,0
8341,1
8342,2
8343,0
8344,0
8345,0
8346,4
8347,2
8348,4
8349,0
8350,1
8351,1
8352,0
8353,1
8354,3
8355,1
8356,1
8357,0
8358,3
8359,1
8360,1
8361,2
8362,0
8363,0
8364,1
8365,1
8366,0
8367,3
8368,0
8369,0
8370,1
8371,2
8372,2
8373,0
8374,1
8375,3
8376,3
8377,0
8378,1
8379,1
8380,0
8381,1
8382,3
8383,0
8384,1
8385,2
8386,2
8387,2
8388,4
8389,1
8390,1
8391,2
8392,0
8393,1
8394,0
8395,0
8396,3
8397,0
8398,1
8399,0
8400,0
8401,1
8402,0
8403,1
8404,1
8405,2
8406,1
8407,1
8408,3
8409,2
8410,0
8411,1
8412,0
8413,0
8414,1
8415,0
8416,3
8417,4
8418,0
8419,1
8420,0
8421,3
8422,0
8423,1
8424,0
8425,2
8426,1
8427,1
8428,0
8429,2
8430,5
8431,1
8432,0
8433,0
8434,0
8435,0
8436,0
8437,0
8438,1
8439,4
8440,2
8441,0
8442,1
8443,2
8444,1
8445,0
8446,0
8447,0
8448,0
8449,2
8450,1
8451,1
8452,0
8453,1
8454,0
8455,0
8456,0
8457,0
8458,4
8459,3
8460,0
8461,1
8462,1
8463,4
8464,0
8465,0
8466,2
8467,1
8468,3
8469,2
8470,0
8471,1
8472,1
8473,2
8474,2
8475,0
8476,1
8477,1
8478,1
8479,0
8480,2
8481,1
8482,0
8483,0
8484,0
8485,2
8486,1
8487,1
8488,0
8489,0
8490,0
8491,2
8492,3
8493,0
8494,2
8495,0
8496,0
8497,1
8498,0
8499,0
8500,0
8501,0
8502,1
8503,3
8504,1
8505,0
8506,2
8507,2
8508,1
8509,0
8510,0
8511,1
8512,1
8513,0
8514,1
8515,1
8516,2
8517,0
8518,0
8519,1
8520,1
8521,2
8522,0
8523,0
8524,1
8525,0
8526,1
8527,2
8528,0
8529,1
8530,1
8531,2
8532,1
8533,2
8534,0
8535,0
8536,0
8537,0
8538,1
8539,2
8540,1
8541,1
8542,1
8543,2
8544,1
8545,0
8546,1
8547,2
8548,3
8549,0
8550,0
8551,0
8552,0
8553,2
8554,0
8555,0
8556,0
8557,0
8558,2
8559,2
8560,0
8561,2
8562,1
8563,1
8564,3
8565,0
8566,1
8567,2
8568,1
8569,1
8570,1
8571,1
8572,3
8573,0
8574,0
8575,0
8576,0
8577,2
8578,0
8579,0
8580,2
8581,0
8582,1
8583,1
8584,0
8585,0
8586,0
8587,1
8588,0
8589,0
8590,0
8591,0
8592,2
8593,0
8594,1
8595,0
8596,1
8597,1
8598,2
8599,0
8600,1
8601,0
8602,0
8603,1
8604,0
8605,1
8606,0
8607,3
8608,1
8609,2
8610,2
8611,1
8612,0
8613,1
8614,2
8615,1
8616,0
8617,0
8618,0
8619,2
8620,1
8621,2
8622,0
8623,0
8624,3
8625,0
8626,0
8627,1
8628,0
8629,1
8630,3
8631,0
8632,3
8633,1
8634,1
8635,0
8636,2
8637,2
8638,0
8639,1
8640,0
8641,1
8642,1
8643,2
8644,0
8645,1
8646,0
8647,0
8648,3
8649,1
8650,0
8651,1
8652,0
8653,0
8654,0
8655,1
8656,0
8657,1
8658,2
8659,0
8660,2
8661,1
8662,0
8663,2
8664,1
8665,1
8666,5
8667,1
8668,1
8669,2
8670,3
8671,3
8672,1
8673,0
8674,1
8675,4
8676,1
8677,2
8678,0
8679,1
8680,0
8681,0
8682,2
8683,0
8684,1
8685,0
8686,1
8687,2
8688,0
8689,0
8690,4
8691,1
8692,1
8693,1
8694,0
8695,1
8696,2
8697,2
8698,4
8699,1
8700,2
8701,1
8702,2
8703,3
8704,0
8705,0
8706,2
8707,2
8708,0
8709,1
8710,1
8711,0
8712,2
8713,4
8714,0
8715,4
8716,0
8717,1
8718,0
8719,1
8720,4
8721,0
8722,1
8723,0
8724,1
8725,1
8726,0
8727,2
8728,1
8729,2
8730,2
8731,1
8732,1
8733,1
8734,2
8735,1
8736,1
8737,0
8738,3
8739,1
8740,0
8741,3
8742,1
8743,1
8744,1
8745,1
8746,1
8747,1
8748,0
8749,1
8750,1
8751,2
8752,4
8753,0
8754,2
8755,2
8756,0
8757,2
8758,0
8759,0
8760,4
8761,1
8762,0
8763,2
8764,1
8765,1
8766,1
8767,0
8768,4
8769,1
8770,1
8771,1
8772,2
8773,2
8774,1
8775,2
8776,1
8777,2
8778,2
8779,0
8780,3
8781,0
8782,1
8783,2
8784,1
8785,0
8786,0
8787,0
8788,0
8789,2
8790,0
8791,1
8792,0
8793,0
8794,0
8795,1
8796,4
8797,1
8798,3
8799,1
8800,1
8801,1
8802,4
8803,0
8804,1
8805,2
8806,1
8807,1
8808,0
8809,1
8810,1
8811,0
8812,1
8813,2
8814,0
8815,3
8816,0
8817,1
8818,1
8819,2
8820,4
8821,0
8822,1
8823,0
8824,1
8825,2
8826,1
8827,2
8828,0
8829,4
8830,0
8831,2
8832,2
8833,1
8834,2
8835,1
8836,2
8837,2
8838,1
8839,1
8840,0
8841,0
8842,0
8843,1
8844,1
8845,1
8846,0
8847,1
8848,1
8849,0
8850,1
8851,0
8852,0
8853,4
8854,1
8855,3
8856,3
8857,2
8858,0
8859,0
8860,0
8861,0
8862,0
8863,0
8864,0
8865,0
8866,0
8867,1
8868,1
8869,0
8870,3
8871,1
8872,0
8873,0
8874,0
8875,0
8876,1
8877,1
8878,2
8879,0
8880,0
8881,2
8882,0
8883,1
8884,3
8885,1
8886,0
8887,1
8888,2
8889,4
8890,1
8891,1
8892,0
8893,1
8894,1
8895,2
8896,2
8897,2
8898,1
8899,1
8900,1
8901,1
8902,3
8903,0
8904,3
8905,0
8906,2
8907,0
8908,1
8909,0
8910,2
8911,1
8912,1
8913,0
8914,1
8915,0
8916,0
8917,2
8918,0
8919,1
8920,1
8921,2
8922,1
8923,0
8924,2
8925,2
8926,1
8927,0
8928,2
8929,1
8930,4
8931,0
8932,1
8933,0
8934,0
8935,3
8936,0
8937,2
8938,1
8939,0
8940,1
8941,1
8942,0
8943,0
8944,1
8945,0
8946,1
8947,0
8948,2
8949,0
8950,1
8951,0
8952,1
8953,1
8954,3
8955,0
8956,2
8957,2
8958,2
8959,1
8960,2
8961,1
8962,0
8963,2
8964,1
8965,1
8966,0
8967,2
8968,1
8969,2
8970,1
8971,2
8972,1
8973,0
8974,1
8975,0
8976,2
8977,2
8978,1
8979,3
8980,0
8981,1
8982,1
8983,3
8984,0
8985,1
8986,1
8987,0
8988,3
8989,0
8990,0
8991,3
8992,2
8993,1
8994,0
8995,1
8996,2
8997,1
8998,0
8999,1
9000,0
9001,2
9002,0
9003,1
9004,1
9005,0
9006,3
9007,1
9008,1
9009,2
9010,0
9011,1
9012,2
9013,1
9014,2
9015,2
9016,0
9017,1
9018,0
9019,2
9020,0
9021,2
9022,0
9023,1
9024,0
9025,0
9026,0
9027,4
9028,1
9029,0
9030,4
9031,1
9032,1
9033,0
9034,1
9035,3
9036,2
9037,1
9038,1
9039,0
9040,3
9041,0
9042,0
9043,0
9044,1
9045,0
9046,1
9047,0
9048,2
9049,0
9050,1
9051,0
9052,2
9053,1
9054,1
9055,0
9056,3
9057,1
9058,0
9059,0
9060,1
9061,0
9062,0
9063,2
9064,1
9065,3
9066,1
9067,1
9068,0
9069,2
9070,0
9071,1
9072,2
9073,0
9074,2
9075,0
9076,0
9077,1
9078,1
9079,2
9080,1
9081,0
9082,1
9083,2
9084,0
9085,0
9086,2
9087,3
9088,1
9089,2
9090,3
9091,1
9092,0
9093,1
9094,2
9095,2
9096,0
9097,2
9098,1
9099,3
9100,2
9101,3
9102,3
9103,1
9104,0
9105,0
9106,1
9107,1
9108,2
9109,2
9110,2
9111,1
9112,1
9113,2
9114,2
9115,0
9116,1
9117,2
9118,1
9119,1
9120,0
9121,0
9122,1
9123,2
9124,1
9125,0
9126,1
9127,0
9128,2
9129,0
9130,3
9131,2
9132,0
9133,0
9134,1
9135,2
9136,1
9137,1
9138,0
9139,0
9140,1
9141,1
9142,1
9143,2
9144,2
9145,1
9146,1
9147,1
9148,1
9149,2
9150,0
9151,1
9152,1
9153,2
9154,1
9155,0
9156,0
9157,2
9158,0
9159,0
9160,0
9161,0
9162,0
9163,1
9164,1
9165,0
9166,0
9167,0
9168,0
9169,0
9170,1
9171,1
9172,1
9173,3
9174,0
9175,1
9176,1
9177,5
9178,1
9179,3
9180,2
9181,2
9182,1
9183,2
9184,1
9185,0
9186,0
9187,2
9188,4
9189,0
9190,0
9191,0
9192,1
9193,1
9194,0
9195,1
9196,0
9197,4
9198,0
9199,1
9200,0
9201,1
9202,0
9203,1
9204,0
9205,0
9206,0
9207,0
9208,1
9209,1
9210,1
9211,1
9212,2
9213,0
9214,1
9215,3
9216,3
9217,1
9218,1
9219,0
9220,1
9221,0
9222,1
9223,0
9224,1
9225,2
9226,1
9227,2
9228,0
9229,1
9230,0
9231,2
9232,0
9233,1
9234,2
9235,0
9236,1
9237,1
9238,1
9239,1
9240,1
9241,2
9242,0
9243,1
9244,1
9245,2
9246,0
9247,1
9248,1
9249,0
9250,0
9251,1
9252,0
9253,1
9254,1
9255,3
9256,3
9257,0
9258,0
9259,0
9260,1
9261,1
9262,0
9263,1
9264,0
9265,2
9266,0
9267,2
9268,0
9269,3
9270,4
9271,0
9272,0
9273,0
9274,0
9275,2
9276,2
9277,1
9278,0
9279,1
9280,0
9281,0
9282,1
9283,3
9284,1
9285,2
9286,0
9287,2
9288,2
9289,0
9290,2
9291,0
9292,1
9293,1
9294,3
9295,0
9296,0
9297,0
9298,1
9299,0
9300,1
9301,1
9302,5
9303,0
9304,1
9305,2
9306,1
9307,1
9308,1
9309,0
9310,2
9311,0
9312,2
9313,1
9314,3
9315,0
9316,0
9317,2
9318,1
9319,0
9320,2
9321,1
9322,1
9323,2
9324,1
9325,2
9326,0
9327,0
9328,1
9329,3
9330,1
9331,0
9332,3
9333,0
9334,0
9335,2
9336,1
9337,0
9338,0
9339,3
9340,2
9341,0
9342,0
9343,2
9344,0
9345,2
9346,2
9347,2
9348,0
9349,1
9350,3
9351,1
9352,0
9353,1
9354,3
9355,2
9356,0
9357,1
9358,1
9359,0
9360,1
9361,0
9362,1
9363,1
9364,1
9365,3
9366,1
9367,1
9368,1
9369,0
9370,0
9371,1
9372,1
9373,1
9374,2
9375,0
9376,1
9377,0
9378,0
9379,1
9380,1
9381,0
9382,0
9383,0
9384,1
9385,3
9386,1
9387,0
9388,0
9389,0
9390,0
9391,3
9392,2
9393,1
9394,1
9395,1
9396,3
9397,2
9398,1
9399,0
9400,0
9401,0
9402,0
9403,1
9404,0
9405,3
9406,0
9407,0
9408,2
9409,4
9410,1
9411,1
9412,2
9413,2
9414,0
9415,2
9416,1
9417,5
9418,0
9419,0
9420,3
9421,1
9422,5
9423,1
9424,1
9425,1
9426,3
9427,2
9428,1
9429,1
9430,2
9431,0
9432,2
9433,0
9434,1
9435,1
9436,0
9437,0
9438,1
9439,1
9440,2
9441,3
9442,0
9443,1
9444,1
9445,0
9446,1
9447,0
9448,1
9449,0
9450,0
9451,1
9452,2
9453,1
9454,5
9455,2
9456,1
9457,2
9458,0
9459,3
9460,0
9461,0
9462,0
9463,0
9464,1
9465,0
9466,2
9467,2
9468,1
9469,1
9470,1
9471,0
9472,3
9473,1
9474,1
9475,2
9476,0
9477,3
9478,1
9479,2
9480,2
9481,0
9482,0
9483,2
9484,1
9485,1
9486,0
9487,2
9488,0
9489,0
9490,2
9491,0
9492,1
9493,0
9494,2
9495,0
9496,0
9497,2
9498,1
9499,2
9500,2
9501,1
9502,2
9503,0
9504,0
9505,1
9506,1
9507,1
9508,1
9509,0
9510,0
9511,1
9512,0
9513,0
9514,1
9515,2
9516,0
9517,0
9518,0
9519,2
9520,3
9521,0
9522,0
9523,1
9524,0
9525,0
9526,2
9527,1
9528,2
9529,0
9530,1
9531,0
9532,2
9533,4
9534,3
9535,0
9536,1
9537,2
9538,1
9539,0
9540,1
9541,1
9542,0
9543,4
9544,0
9545,0
9546,2
9547,0
9548,2
9549,3
9550,2
9551,0
9552,1
9553,1
9554,1
9555,0
9556,1
9557,0
9558,0
9559,0
9560,1
9561,0
9562,0
9563,1
9564,2
9565,0
9566,1
9567,1
9568,0
9569,0
9570,1
9571,1
9572,0
9573,4
9574,4
9575,0
9576,3
9577,0
9578,3
9579,1
9580,0
9581,1
9582,1
9583,0
9584,1
9585,3
9586,1
9587,1
9588,0
9589,0
9590,1
9591,0
9592,0
9593,3
9594,1
9595,0
9596,2
9597,0
9598,1
9599,0
9600,1
9601,0
9602,4
9603,0
9604,0
9605,1
9606,0
9607,0
9608,5
9609,0
9610,1
9611,0
9612,2
9613,1
9614,2
9615,0
9616,2
9617,0
9618,1
9619,1
9620,0
9621,0
9622,0
9623,1
9624,1
9625,1
9626,2
9627,1
9628,0
9629,0
9630,2
9631,1
9632,0
9633,1
9634,2
9635,0
9636,0
9637,2
9638,0
9639,1
9640,1
9641,0
9642,0
9643,0
9644,1
9645,1
9646,1
9647,2
9648,2
9649,1
9650,1
9651,0
9652,0
9653,1
9654,1
9655,1
9656,0
9657,2
9658,0
9659,0
9660,0
9661,0
9662,1
9663,2
9664,3
9665,0
9666,2
9667,2
9668,3
9669,0
9670,0
9671,0
9672,1
9673,3
9674,0
9675,1
9676,1
9677,1
9678,0
9679,1
9680,0
9681,1
9682,1
9683,0
9684,1
9685,0
9686,1
9687,1
9688,1
9689,1
9690,1
9691,2
9692,3
9693,0
9694,0
9695,1
9696,1
9697,2
9698,0
9699,3
9700,3
9701,0
9702,2
9703,0
9704,0
9705,0
9706,2
9707,0
9708,1
9709,2
9710,1
9711,0
9712,1
9713,1
9714,2
9715,2
9716,0
9717,0
9718,3
9719,1
9720,0
9721,0
9722,1
9723,1
9724,4
9725,1
9726,1
9727,1
9728,0
9729,1
9730,1
9731,2
9732,0
9733,1
9734,3
9735,1
9736,2
9737,1
9738,1
9739,0
9740,0
9741,1
9742,3
9743,0
9744,0
9745,1
9746,0
9747,1
9748,2
9749,2
9750,0
9751,2
9752,1
9753,0
9754,2
9755,1
9756,1
9757,1
9758,1
9759,1
9760,1
9761,0
9762,0
9763,3
9764,1
9765,3
9766,2
9767,3
9768,2
9769,0
9770,1
9771,1
9772,2
9773,2
9774,2
9775,3
9776,0
9777,1
9778,1
9779,0
9780,1
9781,1
9782,1
9783,3
9784,1
9785,2
9786,1
9787,1
9788,2
9789,1
9790,1
9791,0
9792,2
9793,3
9794,0
9795,0
9796,2
9797,1
9798,0
9799,0
9800,0
9801,2
9802,0
9803,1
9804,1
9805,1
9806,0
9807,2
9808,1
9809,1
9810,1
9811,1
9812,0
9813,0
9814,1
9815,0
9816,1
9817,1
9818,2
9819,2
9820,0
9821,0
9822,0
9823,0
9824,1
9825,1
9826,0
9827,1
9828,0
9829,1
9830,1
9831,0
9832,0
9833,2
9834,2
9835,1
9836,1
9837,0
9838,2
9839,1
9840,2
9841,2
9842,1
9843,4
9844,0
9845,1
9846,0
9847,1
9848,1
9849,2
9850,0
9851,0
9852,1
9853,1
9854,3
9855,1
9856,1
9857,0
9858,4
9859,1
9860,0
9861,0
9862,0
9863,1
9864,2
9865,2
9866,1
9867,0
9868,2
9869,0
9870,2
9871,0
9872,2
9873,1
9874,3
9875,0
9876,1
9877,0
9878,0
9879,1
9880,1
9881,2
9882,1
9883,3
9884,0
9885,1
9886,0
9887,0
9888,1
9889,1
9890,0
9891,0
9892,0
9893,2
9894,3
9895,1
9896,1
9897,1
9898,0
9899,2
9900,1
9901,0
9902,1
9903,1
9904,1
9905,0
9906,2
9907,0
9908,0
9909,0
9910,4
9911,2
9912,1
9913,0
9914,3
9915,1
9916,2
9917,2
9918,1
9919,1
9920,1
9921,1
9922,3
9923,1
9924,0
9925,1
9926,1
9927,3
9928,0
9929,0
9930,1
9931,0
9932,4
9933,0
9934,2
9935,0
9936,1
9937,0
9938,1
9939,0
9940,2
9941,0
9942,0
9943,1
9944,0
9945,2
9946,0
9947,0
9948,2
9949,2
9950,1
9951,0
9952,1
9953,0
9954,0
9955,0
9956,2
9957,1
9958,0
9959,1
9960,5
9961,0
9962,1
9963,2
9964,2
9965,1
9966,1
9967,1
9968,0
9969,1
9970,0
9971,0
9972,4
9973,0
9974,0
9975,4
9976,1
9977,2
9978,0
9979,1
9980,2
9981,3
9982,3
9983,1
9984,1
9985,0
9986,0
9987,2
9988,1
9989,1
9990,1
9991,3
9992,1
9993,0
9994,1
9995,1
9996,1
9997,1
9998,3
9999,0
