0,251
1,62
2,4
3,7
4,173
5,0
6,41
7,16
8,19
9,0
10,2
11,66
12,0
13,0
14,0
15,0
16,0
17,42
18,21
19,4
20,0
21,60
22,0
23,0
24,55
25,40
26,0
27,0
28,155
29,0
30,4
31,0
32,39
33,0
34,23
35,0
36,48
37,4
38,74
39,3
40,0
41,35
42,0
43,0
44,25
45,7
46,0
47,16
48,11
49,17
50,0
51,1
52,19
53,0
54,15
55,33
56,19
57,9
58,0
59,0
60,0
61,23
62,0
63,0
64,0
65,4
66,16
67,25
68,30
69,47
70,0
71,48
72,15
73,0
74,0
75,6
76,0
77,23
78,0
79,8
80,5
81,1
82,0
83,2
84,7
85,2
86,39
87,0
88,42
89,0
90,0
91,0
92,0
93,21
94,0
95,0
96,4
97,0
98,0
99,14
100,4
101,0
102,4
103,0
104,0
105,0
106,13
107,16
108,0
109,59
110,18
111,14
112,1
113,80
114,0
115,0
116,4
117,0
118,5
119,19
120,34
121,2
122,25
123,14
124,9
125,2
126,7
127,4
128,5
129,0
130,0
131,1
132,0
133,3
134,0
135,0
136,22
137,8
138,0
139,4
140,15
141,4
142,0
143,5
144,0
145,13
146,1
147,0
148,25
149,0
150,0
151,37
152,15
153,39
154,10
155,0
156,0
157,18
158,5
159,0
160,4
161,2
162,34
163,0
164,0
165,3
166,1
167,0
168,11
169,24
170,8
171,42
172,0
173,0
174,5
175,0
176,0
177,7
178,0
179,2
180,8
181,4
182,25
183,10
184,5
185,0
186,6
187,4
188,0
189,0
190,12
191,18
192,2
193,0
194,18
195,27
196,0
197,6
198,28
199,4
200,0
201,2
202,33
203,6
204,0
205,5
206,17
207,13
208,10
209,1
210,6
211,0
212,8
213,0
214,4
215,0
216,5
217,2
218,3
219,11
220,20
221,6
222,0
223,0
224,0
225,5
226,4
227,1
228,0
229,0
230,15
231,3
232,9
233,0
234,9
235,0
236,20
237,12
238,11
239,5
240,8
241,0
242,18
243,17
244,1
245,0
246,0
247,12
248,0
249,0
250,0
251,19
252,11
253,0
254,5
255,1
256,9
257,4
258,16
259,1
260,0
261,2
262,3
263,3
264,2
265,31
266,12
267,22
268,29
269,9
270,0
271,0
272,0
273,11
274,12
275,0
276,11
277,13
278,0
279,0
280,0
281,8
282,0
283,7
284,5
285,0
286,15
287,0
288,13
289,8
290,3
291,5
292,0
293,22
294,31
295,1
296,6
297,0
298,30
299,24
300,0
301,4
302,0
303,7
304,16
305,13
306,3
307,9
308,2
309,2
310,0
311,6
312,7
313,3
314,0
315,7
316,16
317,0
318,6
319,5
320,1
321,0
322,0
323,0
324,2
325,28
326,0
327,5
328,11
329,20
330,0
331,1
332,0
333,3
334,12
335,9
336,0
337,5
338,1
339,0
340,7
341,11
342,10
343,0
344,0
345,3
346,4
347,8
348,0
349,1
350,4
351,8
352,3
353,0
354,13
355,9
356,3
357,2
358,0
359,0
360,3
361,13
362,12
363,7
364,0
365,1
366,0
367,0
368,13
369,2
370,0
371,7
372,3
373,0
374,5
375,2
376,12
377,0
378,12
379,0
380,1
381,8
382,5
383,2
384,2
385,0
386,16
387,9
388,0
389,2
390,5
391,10
392,2
393,1
394,2
395,8
396,2
397,1
398,9
399,2
400,16
401,4
402,24
403,0
404,6
405,6
406,5
407,0
408,0
409,22
410,0
411,8
412,4
413,6
414,0
415,10
416,5
417,0
418,1
419,0
420,0
421,0
422,0
423,1
424,2
425,8
426,0
427,1
428,0
429,0
430,2
431,29
432,0
433,14
434,18
435,0
436,0
437,1
438,13
439,15
440,1
441,5
442,0
443,0
444,2
445,4
446,4
447,0
448,0
449,19
450,10
451,0
452,9
453,4
454,6
455,0
456,0
457,0
458,11
459,0
460,4
461,1
462,13
463,3
464,1
465,9
466,24
467,19
468,32
469,0
470,1
471,0
472,3
473,0
474,0
475,0
476,3
477,7
478,6
479,8
480,4
481,12
482,0
483,0
484,5
485,6
486,10
487,3
488,8
489,0
490,7
491,1
492,7
493,0
494,2
495,0
496,0
497,1
498,4
499,16
500,0
501,0
502,2
503,4
504,0
505,0
506,13
507,2
508,8
509,5
510,0
511,5
512,0
513,8
514,1
515,3
516,2
517,0
518,5
519,0
520,0
521,3
522,7
523,0
524,2
525,0
526,4
527,1
528,17
529,0
530,2
531,7
532,3
533,2
534,23
535,10
536,0
537,2
538,1
539,0
540,0
541,0
542,17
543,0
544,5
545,0
546,10
547,4
548,23
549,0
550,0
551,0
552,0
553,1
554,0
555,18
556,2
557,0
558,9
559,1
560,0
561,16
562,0
563,7
564,11
565,0
566,6
567,1
568,9
569,2
570,1
571,9
572,8
573,0
574,0
575,0
576,0
577,6
578,26
579,0
580,10
581,5
582,0
583,0
584,11
585,0
586,9
587,0
588,0
589,18
590,0
591,1
592,0
593,0
594,0
595,8
596,8
597,0
598,9
599,8
600,0
601,0
602,4
603,0
604,0
605,1
606,2
607,3
608,18
609,11
610,4
611,8
612,1
613,8
614,8
615,0
616,6
617,26
618,2
619,3
620,0
621,5
622,29
623,8
624,1
625,0
626,4
627,0
628,15
629,0
630,4
631,5
632,10
633,0
634,15
635,10
636,0
637,0
638,0
639,16
640,2
641,18
642,10
643,0
644,3
645,12
646,0
647,3
648,11
649,5
650,1
651,0
652,0
653,0
654,4
655,5
656,3
657,2
658,11
659,4
660,2
661,22
662,3
663,4
664,0
665,3
666,0
667,11
668,14
669,0
670,2
671,9
672,2
673,0
674,0
675,1
676,2
677,1
678,5
679,9
680,0
681,7
682,0
683,0
684,2
685,0
686,2
687,12
688,0
689,2
690,0
691,1
692,0
693,0
694,0
695,6
696,4
697,0
698,1
699,8
700,0
701,6
702,7
703,10
704,2
705,3
706,0
707,11
708,5
709,6
710,9
711,10
712,0
713,4
714,0
715,7
716,7
717,10
718,4
719,4
720,0
721,0
722,0
723,3
724,0
725,2
726,0
727,0
728,0
729,12
730,1
731,0
732,3
733,0
734,0
735,2
736,1
737,0
738,2
739,0
740,0
741,2
742,0
743,5
744,3
745,1
746,7
747,0
748,0
749,0
750,0
751,0
752,0
753,1
754,10
755,4
756,4
757,15
758,2
759,0
760,12
761,0
762,1
763,6
764,5
765,0
766,0
767,0
768,3
769,7
770,0
771,4
772,3
773,2
774,0
775,0
776,0
777,1
778,0
779,2
780,4
781,1
782,3
783,8
784,7
785,0
786,0
787,9
788,12
789,17
790,0
791,4
792,2
793,0
794,11
795,0
796,0
797,12
798,2
799,0
800,6
801,5
802,1
803,0
804,11
805,0
806,0
807,5
808,0
809,30
810,12
811,1
812,6
813,2
814,0
815,1
816,0
817,8
818,2
819,0
820,8
821,7
822,14
823,1
824,5
825,0
826,4
827,0
828,0
829,4
830,0
831,0
832,0
833,0
834,0
835,2
836,7
837,0
838,10
839,5
840,1
841,6
842,0
843,3
844,6
845,1
846,3
847,0
848,4
849,0
850,0
851,4
852,3
853,2
854,0
855,3
856,6
857,0
858,0
859,3
860,4
861,2
862,0
863,0
864,14
865,9
866,0
867,0
868,3
869,0
870,6
871,0
872,0
873,1
874,13
875,0
876,0
877,3
878,6
879,15
880,11
881,0
882,4
883,2
884,6
885,5
886,2
887,0
888,8
889,8
890,0
891,12
892,2
893,1
894,0
895,0
896,4
897,2
898,13
899,0
900,0
901,5
902,0
903,5
904,0
905,5
906,0
907,4
908,6
909,0
910,19
911,0
912,1
913,11
914,3
915,1
916,1
917,0
918,5
919,0
920,12
921,0
922,0
923,0
924,9
925,2
926,1
927,5
928,0
929,0
930,4
931,0
932,15
933,0
934,2
935,5
936,7
937,1
938,10
939,4
940,0
941,3
942,0
943,1
944,3
945,7
946,14
947,5
948,3
949,6
950,2
951,6
952,3
953,0
954,8
955,4
956,0
957,1
958,7
959,0
960,0
961,3
962,8
963,0
964,0
965,5
966,1
967,3
968,0
969,0
970,0
971,0
972,1
973,1
974,1
975,0
976,0
977,0
978,4
979,0
980,8
981,3
982,0
983,2
984,7
985,0
986,2
987,5
988,0
989,3
990,9
991,0
992,0
993,11
994,0
995,2
996,3
997,9
998,3
999,1
1000,1
1001,5
1002,10
1003,0
1004,0
1005,0
1006,0
1007,0
1008,0
1009,5
1010,2
1011,0
1012,8
1013,11
1014,11
1015,7
1016,6
1017,0
1018,0
1019,0
1020,4
1021,8
1022,5
1023,13
1024,0
1025,1
1026,1
1027,1
1028,3
1029,0
1030,0
1031,2
1032,0
1033,1
1034,2
1035,1
1036,5
1037,3
1038,0
1039,36
1040,6
1041,3
1042,1
1043,20
1044,0
1045,2
1046,10
1047,3
1048,16
1049,0
1050,6
1051,3
1052,4
1053,8
1054,3
1055,6
1056,0
1057,0
1058,4
1059,0
1060,5
1061,18
1062,2
1063,0
1064,0
1065,3
1066,2
1067,3
1068,2
1069,4
1070,6
1071,8
1072,0
1073,2
1074,0
1075,4
1076,0
1077,3
1078,0
1079,5
1080,3
1081,4
1082,11
1083,0
1084,2
1085,0
1086,0
1087,0
1088,5
1089,0
1090,8
1091,5
1092,5
1093,0
1094,0
1095,6
1096,8
1097,8
1098,0
1099,0
1100,0
1101,4
1102,1
1103,3
1104,0
1105,0
1106,0
1107,0
1108,0
1109,0
1110,0
1111,2
1112,5
1113,9
1114,0
1115,6
1116,3
1117,6
1118,0
1119,4
1120,12
1121,7
1122,1
1123,0
1124,6
1125,10
1126,0
1127,10
1128,0
1129,0
1130,0
1131,9
1132,1
1133,6
1134,3
1135,3
1136,1
1137,9
1138,3
1139,0
1140,5
1141,8
1142,3
1143,4
1144,4
1145,0
1146,3
1147,0
1148,2
1149,2
1150,4
1151,1
1152,4
1153,2
1154,1
1155,3
1156,2
1157,1
1158,0
1159,2
1160,3
1161,5
1162,7
1163,0
1164,1
1165,4
1166,3
1167,1
1168,18
1169,4
1170,0
1171,3
1172,3
1173,3
1174,3
1175,0
1176,0
1177,0
1178,0
1179,1
1180,5
1181,3
1182,0
1183,4
1184,1
1185,2
1186,0
1187,0
1188,8
1189,3
1190,2
1191,1
1192,11
1193,2
1194,0
1195,0
1196,4
1197,0
1198,5
1199,4
1200,0
1201,2
1202,1
1203,0
1204,0
1205,0
1206,0
1207,0
1208,8
1209,0
1210,0
1211,4
1212,1
1213,3
1214,0
1215,2
1216,0
1217,0
1218,5
1219,1
1220,0
1221,2
1222,1
1223,0
1224,0
1225,0
1226,0
1227,2
1228,4
1229,0
1230,7
1231,0
1232,7
1233,1
1234,3
1235,11
1236,5
1237,5
1238,4
1239,1
1240,4
1241,11
1242,11
1243,0
1244,0
1245,0
1246,1
1247,0
1248,1
1249,5
1250,5
1251,0
1252,2
1253,3
1254,4
1255,2
1256,0
1257,1
1258,2
1259,9
1260,10
1261,2
1262,9
1263,5
1264,6
1265,0
1266,4
1267,0
1268,5
1269,10
1270,2
1271,0
1272,0
1273,3
1274,0
1275,4
1276,3
1277,5
1278,2
1279,0
1280,0
1281,0
1282,0
1283,4
1284,2
1285,0
1286,2
1287,1
1288,3
1289,1
1290,2
1291,0
1292,5
1293,0
1294,0
1295,3
1296,2
1297,1
1298,0
1299,5
1300,2
1301,6
1302,3
1303,1
1304,1
1305,0
1306,4
1307,3
1308,2
1309,1
1310,2
1311,0
1312,0
1313,2
1314,3
1315,0
1316,2
1317,0
1318,0
1319,5
1320,0
1321,7
1322,1
1323,2
1324,0
1325,5
1326,2
1327,3
1328,1
1329,9
1330,3
1331,1
1332,8
1333,0
1334,2
1335,0
1336,3
1337,1
1338,0
1339,1
1340,0
1341,0
1342,10
1343,6
1344,2
1345,4
1346,1
1347,1
1348,0
1349,1
1350,0
1351,1
1352,5
1353,2
1354,0
1355,3
1356,0
1357,5
1358,2
1359,1
1360,3
1361,1
1362,0
1363,2
1364,3
1365,0
1366,0
1367,5
1368,5
1369,0
1370,7
1371,0
1372,0
1373,0
1374,3
1375,6
1376,2
1377,1
1378,0
1379,0
1380,2
1381,6
1382,4
1383,2
1384,5
1385,0
1386,12
1387,2
1388,0
1389,5
1390,5
1391,3
1392,0
1393,3
1394,2
1395,5
1396,1
1397,8
1398,3
1399,5
1400,8
1401,0
1402,2
1403,3
1404,0
1405,1
1406,0
1407,0
1408,0
1409,0
1410,0
1411,3
1412,8
1413,1
1414,2
1415,2
1416,3
1417,0
1418,3
1419,0
1420,5
1421,3
1422,0
1423,3
1424,1
1425,0
1426,3
1427,5
1428,2
1429,3
1430,0
1431,0
1432,2
1433,2
1434,3
1435,0
1436,0
1437,1
1438,0
1439,5
1440,0
1441,2
1442,3
1443,2
1444,1
1445,5
1446,0
1447,0
1448,1
1449,5
1450,1
1451,1
1452,3
1453,6
1454,0
1455,2
1456,1
1457,3
1458,0
1459,14
1460,0
1461,0
1462,2
1463,3
1464,0
1465,8
1466,14
1467,1
1468,0
1469,0
1470,1
1471,1
1472,0
1473,0
1474,3
1475,0
1476,0
1477,1
1478,0
1479,0
1480,1
1481,0
1482,0
1483,3
1484,3
1485,4
1486,2
1487,0
1488,2
1489,13
1490,0
1491,6
1492,5
1493,5
1494,0
1495,0
1496,1
1497,1
1498,0
1499,3
1500,7
1501,6
1502,2
1503,1
1504,1
1505,16
1506,7
1507,0
1508,4
1509,0
1510,0
1511,0
1512,0
1513,8
1514,11
1515,3
1516,0
1517,0
1518,4
1519,3
1520,0
1521,0
1522,3
1523,0
1524,6
1525,5
1526,1
1527,7
1528,5
1529,6
1530,5
1531,0
1532,1
1533,0
1534,2
1535,0
1536,1
1537,3
1538,3
1539,4
1540,3
1541,4
1542,7
1543,1
1544,0
1545,1
1546,5
1547,3
1548,3
1549,1
1550,7
1551,2
1552,1
1553,0
1554,0
1555,8
1556,3
1557,3
1558,6
1559,1
1560,0
1561,2
1562,3
1563,2
1564,0
1565,3
1566,0
1567,0
1568,0
1569,0
1570,2
1571,8
1572,2
1573,3
1574,3
1575,0
1576,1
1577,3
1578,0
1579,8
1580,0
1581,0
1582,0
1583,3
1584,8
1585,0
1586,2
1587,0
1588,14
1589,13
1590,3
1591,3
1592,5
1593,0
1594,3
1595,4
1596,2
1597,5
1598,1
1599,0
1600,9
1601,4
1602,0
1603,1
1604,1
1605,0
1606,3
1607,3
1608,1
1609,0
1610,0
1611,0
1612,1
1613,0
1614,3
1615,2
1616,2
1617,6
1618,2
1619,0
1620,0
1621,2
1622,0
1623,0
1624,2
1625,5
1626,0
1627,0
1628,3
1629,2
1630,0
1631,1
1632,8
1633,0
1634,0
1635,3
1636,5
1637,0
1638,8
1639,2
1640,3
1641,2
1642,3
1643,2
1644,0
1645,0
1646,1
1647,4
1648,0
1649,1
1650,0
1651,0
1652,0
1653,9
1654,4
1655,4
1656,6
1657,6
1658,5
1659,1
1660,7
1661,8
1662,1
1663,0
1664,2
1665,4
1666,0
1667,0
1668,13
1669,1
1670,2
1671,3
1672,2
1673,0
1674,3
1675,4
1676,1
1677,4
1678,1
1679,0
1680,2
1681,4
1682,8
1683,9
1684,6
1685,0
1686,2
1687,0
1688,0
1689,1
1690,0
1691,1
1692,2
1693,0
1694,0
1695,5
1696,0
1697,0
1698,1
1699,0
1700,1
1701,1
1702,0
1703,6
1704,7
1705,1
1706,2
1707,0
1708,15
1709,0
1710,2
1711,2
1712,7
1713,0
1714,1
1715,5
1716,0
1717,0
1718,2
1719,0
1720,5
1721,9
1722,0
1723,0
1724,0
1725,3
1726,1
1727,3
1728,1
1729,0
1730,1
1731,0
1732,0
1733,11
1734,5
1735,5
1736,3
1737,4
1738,0
1739,0
1740,4
1741,0
1742,3
1743,0
1744,0
1745,1
1746,2
1747,0
1748,17
1749,12
1750,0
1751,1
1752,0
1753,0
1754,0
1755,2
1756,1
1757,0
1758,0
1759,2
1760,1
1761,0
1762,0
1763,0
1764,3
1765,4
1766,0
1767,0
1768,3
1769,0
1770,2
1771,0
1772,0
1773,0
1774,0
1775,0
1776,0
1777,3
1778,0
1779,1
1780,0
1781,0
1782,3
1783,0
1784,1
1785,0
1786,1
1787,1
1788,5
1789,0
1790,0
1791,0
1792,2
1793,0
1794,1
1795,2
1796,8
1797,9
1798,4
1799,1
1800,16
1801,6
1802,0
1803,2
1804,8
1805,3
1806,0
1807,1
1808,2
1809,2
1810,9
1811,0
1812,1
1813,0
1814,0
1815,0
1816,4
1817,2
1818,0
1819,3
1820,4
1821,8
1822,10
1823,8
1824,0
1825,0
1826,6
1827,2
1828,0
1829,0
1830,1
1831,1
1832,0
1833,2
1834,0
1835,0
1836,15
1837,11
1838,1
1839,1
1840,0
1841,12
1842,9
1843,4
1844,1
1845,4
1846,5
1847,1
1848,4
1849,0
1850,0
1851,0
1852,0
1853,5
1854,0
1855,2
1856,1
1857,4
1858,1
1859,0
1860,0
1861,8
1862,2
1863,0
1864,9
1865,0
1866,0
1867,0
1868,2
1869,1
1870,1
1871,0
1872,2
1873,8
1874,4
1875,0
1876,6
1877,3
1878,0
1879,0
1880,3
1881,0
1882,1
1883,0
1884,1
1885,0
1886,0
1887,4
1888,0
1889,0
1890,0
1891,1
1892,0
1893,3
1894,4
1895,0
1896,2
1897,0
1898,0
1899,0
1900,0
1901,0
1902,8
1903,1
1904,3
1905,3
1906,1
1907,9
1908,1
1909,0
1910,2
1911,1
1912,3
1913,7
1914,2
1915,0
1916,7
1917,5
1918,2
1919,1
1920,0
1921,1
1922,2
1923,4
1924,2
1925,4
1926,9
1927,4
1928,0
1929,1
1930,0
1931,2
1932,1
1933,0
1934,3
1935,6
1936,7
1937,0
1938,0
1939,2
1940,1
1941,0
1942,3
1943,1
1944,0
1945,2
1946,10
1947,0
1948,5
1949,2
1950,0
1951,1
1952,0
1953,5
1954,0
1955,0
1956,0
1957,3
1958,0
1959,0
1960,3
1961,2
1962,1
1963,0
1964,0
1965,13
1966,3
1967,7
1968,8
1969,2
1970,9
1971,6
1972,0
1973,0
1974,0
1975,0
1976,4
1977,1
1978,5
1979,5
1980,0
1981,2
1982,3
1983,3
1984,2
1985,2
1986,0
1987,1
1988,4
1989,0
1990,2
1991,0
1992,4
1993,5
1994,1
1995,0
1996,0
1997,0
1998,2
1999,0
2000,2
2001,1
2002,1
2003,5
2004,0
2005,0
2006,2
2007,2
2008,6
2009,0
2010,0
2011,0
2012,0
2013,0
2014,5
2015,0
2016,0
2017,2
2018,0
2019,2
2020,6
2021,2
2022,3
2023,8
2024,6
2025,2
2026,9
2027,6
2028,6
2029,0
2030,5
2031,6
2032,2
2033,0
2034,5
2035,0
2036,1
2037,1
2038,0
2039,0
2040,2
2041,2
2042,0
2043,2
2044,0
2045,2
2046,4
2047,0
2048,2
2049,3
2050,0
2051,0
2052,0
2053,4
2054,1
2055,0
2056,1
2057,5
2058,2
2059,5
2060,0
2061,0
2062,4
2063,0
2064,2
2065,7
2066,9
2067,2
2068,2
2069,0
2070,0
2071,1
2072,0
2073,0
2074,0
2075,1
2076,2
2077,0
2078,5
2079,3
2080,0
2081,1
2082,0
2083,1
2084,6
2085,0
2086,7
2087,0
2088,4
2089,3
2090,1
2091,1
2092,4
2093,2
2094,4
2095,1
2096,1
2097,0
2098,0
2099,0
2100,0
2101,3
2102,3
2103,0
2104,3
2105,0
2106,0
2107,2
2108,0
2109,2
2110,2
2111,3
2112,0
2113,8
2114,4
2115,1
2116,1
2117,5
2118,4
2119,1
2120,1
2121,0
2122,6
2123,9
2124,4
2125,2
2126,3
2127,0
2128,2
2129,5
2130,0
2131,0
2132,0
2133,3
2134,0
2135,2
2136,10
2137,0
2138,2
2139,4
2140,3
2141,2
2142,7
2143,1
2144,0
2145,0
2146,4
2147,6
2148,0
2149,0
2150,0
2151,9
2152,0
2153,0
2154,5
2155,1
2156,1
2157,3
2158,0
2159,5
2160,0
2161,3
2162,5
2163,0
2164,2
2165,8
2166,4
2167,0
2168,4
2169,4
2170,4
2171,2
2172,0
2173,0
2174,8
2175,0
2176,0
2177,2
2178,1
2179,0
2180,5
2181,6
2182,4
2183,0
2184,3
2185,0
2186,4
2187,0
2188,0
2189,5
2190,3
2191,4
2192,4
2193,0
2194,0
2195,0
2196,2
2197,10
2198,1
2199,0
2200,6
2201,0
2202,2
2203,7
2204,2
2205,0
2206,0
2207,1
2208,3
2209,3
2210,1
2211,0
2212,0
2213,0
2214,3
2215,2
2216,3
2217,2
2218,1
2219,1
2220,1
2221,3
2222,4
2223,2
2224,3
2225,0
2226,2
2227,2
2228,1
2229,0
2230,0
2231,0
2232,2
2233,1
2234,10
2235,1
2236,0
2237,0
2238,0
2239,2
2240,2
2241,3
2242,1
2243,4
2244,0
2245,3
2246,4
2247,2
2248,3
2249,3
2250,3
2251,9
2252,0
2253,0
2254,2
2255,2
2256,1
2257,0
2258,3
2259,0
2260,0
2261,2
2262,7
2263,0
2264,3
2265,1
2266,0
2267,7
2268,1
2269,0
2270,4
2271,0
2272,4
2273,0
2274,1
2275,10
2276,3
2277,0
2278,4
2279,1
2280,1
2281,2
2282,0
2283,1
2284,1
2285,8
2286,2
2287,2
2288,1
2289,4
2290,3
2291,0
2292,0
2293,0
2294,7
2295,0
2296,0
2297,0
2298,0
2299,2
2300,1
2301,3
2302,7
2303,5
2304,4
2305,2
2306,8
2307,6
2308,4
2309,0
2310,0
2311,0
2312,0
2313,4
2314,0
2315,2
2316,8
2317,2
2318,0
2319,2
2320,1
2321,4
2322,0
2323,0
2324,0
2325,7
2326,13
2327,3
2328,2
2329,1
2330,6
2331,1
2332,1
2333,4
2334,0
2335,1
2336,0
2337,3
2338,0
2339,0
2340,3
2341,2
2342,0
2343,5
2344,4
2345,0
2346,0
2347,1
2348,7
2349,1
2350,1
2351,2
2352,1
2353,0
2354,4
2355,6
2356,1
2357,0
2358,0
2359,4
2360,1
2361,4
2362,0
2363,1
2364,0
2365,0
2366,1
2367,0
2368,0
2369,0
2370,0
2371,0
2372,5
2373,0
2374,3
2375,0
2376,0
2377,1
2378,5
2379,12
2380,3
2381,4
2382,5
2383,7
2384,2
2385,2
2386,6
2387,2
2388,0
2389,0
2390,7
2391,4
2392,6
2393,4
2394,2
2395,0
2396,2
2397,0
2398,0
2399,2
2400,0
2401,3
2402,1
2403,0
2404,0
2405,1
2406,0
2407,0
2408,1
2409,0
2410,1
2411,0
2412,0
2413,2
2414,1
2415,0
2416,0
2417,5
2418,0
2419,0
2420,1
2421,0
2422,4
2423,1
2424,1
2425,8
2426,1
2427,4
2428,0
2429,9
2430,0
2431,7
2432,11
2433,0
2434,2
2435,5
2436,0
2437,0
2438,5
2439,4
2440,1
2441,0
2442,3
2443,2
2444,0
2445,2
2446,2
2447,0
2448,2
2449,0
2450,0
2451,0
2452,0
2453,3
2454,3
2455,10
2456,3
2457,1
2458,7
2459,9
2460,0
2461,1
2462,0
2463,2
2464,2
2465,0
2466,1
2467,8
2468,1
2469,3
2470,0
2471,2
2472,6
2473,0
2474,5
2475,9
2476,2
2477,4
2478,3
2479,1
2480,14
2481,0
2482,6
2483,2
2484,0
2485,0
2486,7
2487,1
2488,4
2489,2
2490,0
2491,0
2492,5
2493,0
2494,1
2495,0
2496,1
2497,0
2498,0
2499,2
2500,8
2501,0
2502,4
2503,0
2504,3
2505,1
2506,4
2507,0
2508,3
2509,3
2510,0
2511,0
2512,3
2513,0
2514,5
2515,0
2516,4
2517,2
2518,0
2519,0
2520,3
2521,2
2522,1
2523,15
2524,0
2525,1
2526,0
2527,4
2528,3
2529,2
2530,0
2531,0
2532,0
2533,2
2534,0
2535,1
2536,0
2537,2
2538,0
2539,0
2540,6
2541,1
2542,2
2543,4
2544,6
2545,8
2546,0
2547,0
2548,0
2549,3
2550,2
2551,1
2552,0
2553,0
2554,0
2555,2
2556,0
2557,0
2558,0
2559,0
2560,0
2561,1
2562,0
2563,0
2564,1
2565,8
2566,5
2567,1
2568,2
2569,8
2570,2
2571,2
2572,0
2573,0
2574,1
2575,6
2576,0
2577,1
2578,0
2579,2
2580,5
2581,0
2582,0
2583,1
2584,0
2585,0
2586,0
2587,0
2588,2
2589,2
2590,4
2591,0
2592,1
2593,8
2594,0
2595,0
2596,0
2597,7
2598,1
2599,22
2600,0
2601,2
2602,1
2603,6
2604,4
2605,0
2606,0
2607,3
2608,1
2609,8
2610,0
2611,4
2612,1
2613,2
2614,4
2615,0
2616,0
2617,0
2618,0
2619,0
2620,0
2621,2
2622,0
2623,1
2624,4
2625,0
2626,0
2627,8
2628,10
2629,2
2630,1
2631,7
2632,4
2633,0
2634,0
2635,2
2636,2
2637,3
2638,5
2639,5
2640,8
2641,1
2642,6
2643,4
2644,2
2645,1
2646,2
2647,4
2648,2
2649,1
2650,0
2651,7
2652,1
2653,2
2654,0
2655,1
2656,0
2657,1
2658,3
2659,8
2660,7
2661,3
2662,0
2663,0
2664,0
2665,5
2666,0
2667,4
2668,0
2669,2
2670,1
2671,0
2672,1
2673,0
2674,2
2675,2
2676,2
2677,0
2678,0
2679,0
2680,0
2681,2
2682,0
2683,0
2684,1
2685,2
2686,2
2687,0
2688,1
2689,2
2690,2
2691,0
2692,0
2693,7
2694,0
2695,10
2696,2
2697,5
2698,0
2699,1
2700,1
2701,2
2702,0
2703,5
2704,1
2705,6
2706,0
2707,1
2708,3
2709,1
2710,0
2711,4
2712,5
2713,1
2714,0
2715,1
2716,1
2717,4
2718,4
2719,1
2720,1
2721,3
2722,0
2723,3
2724,4
2725,2
2726,0
2727,1
2728,0
2729,3
2730,2
2731,0
2732,0
2733,0
2734,0
2735,5
2736,3
2737,5
2738,1
2739,0
2740,2
2741,4
2742,0
2743,2
2744,3
2745,4
2746,0
2747,2
2748,0
2749,1
2750,1
2751,1
2752,1
2753,0
2754,5
2755,2
2756,1
2757,4
2758,0
2759,4
2760,7
2761,7
2762,2
2763,0
2764,0
2765,2
2766,0
2767,2
2768,0
2769,3
2770,0
2771,0
2772,0
2773,0
2774,3
2775,1
2776,0
2777,4
2778,1
2779,2
2780,4
2781,0
2782,1
2783,0
2784,1
2785,5
2786,3
2787,3
2788,0
2789,0
2790,8
2791,5
2792,2
2793,0
2794,2
2795,0
2796,3
2797,3
2798,2
2799,0
2800,0
2801,0
2802,2
2803,2
2804,2
2805,2
2806,0
2807,0
2808,2
2809,0
2810,0
2811,0
2812,2
2813,0
2814,0
2815,0
2816,3
2817,0
2818,5
2819,0
2820,2
2821,0
2822,1
2823,10
2824,3
2825,0
2826,0
2827,5
2828,5
2829,1
2830,1
2831,1
2832,2
2833,2
2834,0
2835,1
2836,3
2837,0
2838,1
2839,0
2840,2
2841,2
2842,0
2843,0
2844,5
2845,3
2846,4
2847,1
2848,4
2849,1
2850,1
2851,3
2852,1
2853,0
2854,0
2855,6
2856,0
2857,1
2858,1
2859,2
2860,6
2861,3
2862,0
2863,0
2864,0
2865,0
2866,1
2867,0
2868,4
2869,0
2870,1
2871,5
2872,2
2873,1
2874,0
2875,0
2876,0
2877,1
2878,0
2879,0
2880,0
2881,2
2882,1
2883,9
2884,5
2885,6
2886,5
2887,1
2888,3
2889,2
2890,3
2891,0
2892,2
2893,2
2894,9
2895,1
2896,1
2897,0
2898,2
2899,1
2900,0
2901,4
2902,0
2903,3
2904,3
2905,0
2906,3
2907,3
2908,1
2909,2
2910,6
2911,0
2912,1
2913,0
2914,4
2915,0
2916,0
2917,4
2918,0
2919,0
2920,2
2921,3
2922,0
2923,0
2924,2
2925,0
2926,0
2927,0
2928,0
2929,0
2930,1
2931,4
2932,2
2933,2
2934,1
2935,0
2936,2
2937,3
2938,2
2939,1
2940,1
2941,2
2942,0
2943,1
2944,2
2945,0
2946,0
2947,1
2948,5
2949,0
2950,0
2951,3
2952,0
2953,1
2954,1
2955,1
2956,4
2957,4
2958,0
2959,3
2960,0
2961,3
2962,3
2963,2
2964,1
2965,1
2966,1
2967,2
2968,0
2969,0
2970,4
2971,2
2972,2
2973,0
2974,0
2975,0
2976,4
2977,0
2978,0
2979,0
2980,0
2981,1
2982,0
2983,0
2984,2
2985,0
2986,1
2987,2
2988,0
2989,4
2990,2
2991,1
2992,0
2993,9
2994,7
2995,7
2996,0
2997,8
2998,0
2999,0
3000,0
3001,1
3002,3
3003,4
3004,5
3005,1
3006,0
3007,2
3008,1
3009,2
3010,0
3011,0
3012,2
3013,1
3014,0
3015,5
3016,3
3017,1
3018,7
3019,0
3020,2
3021,2
3022,2
3023,3
3024,3
3025,0
3026,0
3027,3
3028,4
3029,0
3030,2
3031,0
3032,3
3033,6
3034,0
3035,0
3036,5
3037,1
3038,2
3039,1
3040,0
3041,1
3042,2
3043,0
3044,4
3045,1
3046,0
3047,0
3048,1
3049,1
3050,3
3051,0
3052,1
3053,0
3054,0
3055,0
3056,1
3057,7
3058,0
3059,0
3060,1
3061,0
3062,2
3063,3
3064,10
3065,0
3066,0
3067,0
3068,4
3069,2
3070,1
3071,3
3072,1
3073,0
3074,0
3075,5
3076,0
3077,4
3078,1
3079,2
3080,1
3081,3
3082,2
3083,0
3084,2
3085,3
3086,0
3087,1
3088,3
3089,0
3090,1
3091,3
3092,0
3093,0
3094,0
3095,0
3096,3
3097,0
3098,11
3099,0
3100,0
3101,1
3102,6
3103,0
3104,1
3105,0
3106,0
3107,2
3108,2
3109,0
3110,2
3111,3
3112,0
3113,5
3114,0
3115,0
3116,2
3117,1
3118,1
3119,3
3120,0
3121,0
3122,1
3123,1
3124,0
3125,0
3126,0
3127,3
3128,1
3129,5
3130,0
3131,1
3132,0
3133,4
3134,1
3135,3
3136,0
3137,0
3138,5
3139,0
3140,5
3141,4
3142,9
3143,3
3144,0
3145,2
3146,0
3147,4
3148,4
3149,2
3150,0
3151,2
3152,1
3153,1
3154,2
3155,0
3156,1
3157,1
3158,4
3159,9
3160,2
3161,1
3162,6
3163,0
3164,3
3165,1
3166,0
3167,0
3168,4
3169,4
3170,3
3171,1
3172,0
3173,2
3174,9
3175,1
3176,1
3177,0
3178,0
3179,0
3180,5
3181,3
3182,1
3183,0
3184,1
3185,2
3186,0
3187,2
3188,0
3189,0
3190,0
3191,0
3192,7
3193,4
3194,0
3195,1
3196,0
3197,0
3198,1
3199,0
3200,1
3201,2
3202,1
3203,1
3204,2
3205,2
3206,3
3207,0
3208,0
3209,2
3210,2
3211,0
3212,3
3213,3
3214,1
3215,3
3216,2
3217,1
3218,0
3219,1
3220,1
3221,4
3222,2
3223,0
3224,0
3225,3
3226,1
3227,0
3228,0
3229,1
3230,3
3231,0
3232,0
3233,4
3234,0
3235,0
3236,0
3237,1
3238,0
3239,0
3240,4
3241,2
3242,1
3243,1
3244,1
3245,1
3246,1
3247,0
3248,9
3249,2
3250,0
3251,0
3252,1
3253,8
3254,3
3255,4
3256,2
3257,0
3258,0
3259,0
3260,1
3261,1
3262,0
3263,0
3264,6
3265,0
3266,2
3267,0
3268,1
3269,1
3270,1
3271,0
3272,0
3273,0
3274,0
3275,0
3276,0
3277,1
3278,1
3279,1
3280,0
3281,2
3282,1
3283,0
3284,1
3285,1
3286,6
3287,0
3288,6
3289,4
3290,0
3291,3
3292,9
3293,1
3294,0
3295,0
3296,3
3297,3
3298,0
3299,1
3300,1
3301,0
3302,2
3303,1
3304,4
3305,3
3306,0
3307,6
3308,0
3309,1
3310,5
3311,0
3312,0
3313,2
3314,1
3315,0
3316,3
3317,1
3318,0
3319,1
3320,5
3321,5
3322,0
3323,6
3324,0
3325,4
3326,8
3327,0
3328,0
3329,2
3330,0
3331,0
3332,4
3333,1
3334,2
3335,1
3336,2
3337,0
3338,1
3339,1
3340,2
3341,2
3342,0
3343,0
3344,1
3345,10
3346,0
3347,3
3348,4
3349,3
3350,0
3351,0
3352,2
3353,2
3354,4
3355,1
3356,0
3357,0
3358,1
3359,2
3360,1
3361,0
3362,2
3363,0
3364,2
3365,0
3366,2
3367,0
3368,2
3369,4
3370,0
3371,2
3372,1
3373,0
3374,9
3375,2
3376,0
3377,1
3378,2
3379,0
3380,3
3381,7
3382,2
3383,1
3384,2
3385,0
3386,1
3387,3
3388,1
3389,1
3390,7
3391,0
3392,3
3393,7
3394,0
3395,2
3396,4
3397,1
3398,1
3399,0
3400,0
3401,0
3402,7
3403,2
3404,0
3405,3
3406,1
3407,4
3408,2
3409,1
3410,3
3411,0
3412,2
3413,2
3414,3
3415,0
3416,0
3417,0
3418,3
3419,1
3420,2
3421,0
3422,0
3423,2
3424,4
3425,0
3426,0
3427,4
3428,1
3429,0
3430,10
3431,0
3432,0
3433,2
3434,1
3435,0
3436,0
3437,0
3438,1
3439,0
3440,0
3441,1
3442,0
3443,2
3444,0
3445,0
3446,0
3447,0
3448,0
3449,3
3450,0
3451,1
3452,1
3453,0
3454,2
3455,3
3456,1
3457,0
3458,0
3459,4
3460,0
3461,0
3462,0
3463,0
3464,0
3465,0
3466,4
3467,1
3468,1
3469,4
3470,1
3471,2
3472,2
3473,0
3474,2
3475,2
3476,0
3477,6
3478,2
3479,2
3480,0
3481,2
3482,2
3483,7
3484,2
3485,1
3486,6
3487,0
3488,0
3489,0
3490,0
3491,1
3492,1
3493,0
3494,2
3495,2
3496,1
3497,1
3498,2
3499,0
3500,0
3501,4
3502,1
3503,2
3504,2
3505,0
3506,7
3507,1
3508,7
3509,1
3510,0
3511,0
3512,4
3513,4
3514,5
3515,1
3516,0
3517,2
3518,6
3519,2
3520,0
3521,4
3522,0
3523,5
3524,1
3525,1
3526,0
3527,1
3528,4
3529,0
3530,0
3531,0
3532,5
3533,5
3534,1
3535,6
3536,2
3537,0
3538,2
3539,6
3540,1
3541,1
3542,0
3543,0
3544,0
3545,5
3546,1
3547,8
3548,7
3549,0
3550,1
3551,3
3552,2
3553,0
3554,0
3555,4
3556,2
3557,7
3558,1
3559,0
3560,5
3561,0
3562,0
3563,2
3564,5
3565,8
3566,0
3567,0
3568,1
3569,2
3570,2
3571,4
3572,0
3573,0
3574,0
3575,7
3576,0
3577,4
3578,3
3579,4
3580,3
3581,1
3582,3
3583,0
3584,5
3585,0
3586,0
3587,9
3588,2
3589,1
3590,2
3591,2
3592,3
3593,1
3594,1
3595,0
3596,0
3597,0
3598,0
3599,4
3600,0
3601,3
3602,0
3603,4
3604,0
3605,2
3606,3
3607,1
3608,1
3609,0
3610,2
3611,1
3612,0
3613,2
3614,1
3615,0
3616,0
3617,0
3618,0
3619,3
3620,1
3621,1
3622,1
3623,0
3624,0
3625,0
3626,4
3627,3
3628,0
3629,0
3630,3
3631,2
3632,0
3633,1
3634,2
3635,3
3636,2
3637,0
3638,0
3639,2
3640,0
3641,0
3642,3
3643,1
3644,1
3645,2
3646,1
3647,0
3648,3
3649,3
3650,1
3651,0
3652,1
3653,0
3654,0
3655,2
3656,0
3657,4
3658,0
3659,4
3660,1
3661,2
3662,3
3663,1
3664,0
3665,0
3666,6
3667,2
3668,2
3669,0
3670,0
3671,5
3672,4
3673,0
3674,4
3675,1
3676,0
3677,2
3678,2
3679,0
3680,1
3681,1
3682,3
3683,1
3684,2
3685,2
3686,8
3687,6
3688,0
3689,1
3690,0
3691,1
3692,0
3693,0
3694,3
3695,0
3696,5
3697,0
3698,0
3699,1
3700,0
3701,1
3702,1
3703,0
3704,1
3705,6
3706,4
3707,0
3708,0
3709,0
3710,0
3711,0
3712,3
3713,1
3714,5
3715,1
3716,0
3717,10
3718,2
3719,2
3720,3
3721,0
3722,0
3723,4
3724,8
3725,1
3726,2
3727,1
3728,1
3729,0
3730,2
3731,3
3732,4
3733,0
3734,0
3735,0
3736,2
3737,3
3738,1
3739,6
3740,1
3741,1
3742,3
3743,6
3744,7
3745,1
3746,1
3747,0
3748,0
3749,3
3750,0
3751,2
3752,0
3753,0
3754,3
3755,2
3756,0
3757,0
3758,2
3759,0
3760,7
3761,3
3762,2
3763,1
3764,5
3765,1
3766,2
3767,0
3768,1
3769,1
3770,3
3771,1
3772,1
3773,0
3774,4
3775,0
3776,2
3777,0
3778,0
3779,0
3780,0
3781,0
3782,3
3783,3
3784,1
3785,5
3786,2
3787,0
3788,4
3789,0
3790,0
3791,0
3792,0
3793,3
3794,1
3795,1
3796,1
3797,1
3798,1
3799,4
3800,1
3801,6
3802,1
3803,1
3804,3
3805,0
3806,3
3807,3
3808,2
3809,2
3810,0
3811,3
3812,2
3813,5
3814,0
3815,0
3816,3
3817,4
3818,3
3819,1
3820,3
3821,1
3822,2
3823,4
3824,0
3825,3
3826,0
3827,1
3828,0
3829,0
3830,2
3831,3
3832,5
3833,2
3834,0
3835,0
3836,1
3837,2
3838,0
3839,0
3840,0
3841,0
3842,0
3843,3
3844,1
3845,1
3846,2
3847,0
3848,0
3849,4
3850,2
3851,0
3852,1
3853,3
3854,1
3855,1
3856,1
3857,1
3858,0
3859,1
3860,0
3861,0
3862,1
3863,2
3864,0
3865,1
3866,1
3867,0
3868,1
3869,1
3870,4
3871,3
3872,0
3873,0
3874,1
3875,1
3876,5
3877,6
3878,0
3879,4
3880,2
3881,1
3882,5
3883,0
3884,0
3885,0
3886,0
3887,0
3888,2
3889,0
3890,3
3891,1
3892,3
3893,3
3894,2
3895,0
3896,0
3897,1
3898,0
3899,5
3900,3
3901,1
3902,0
3903,0
3904,1
3905,3
3906,2
3907,1
3908,2
3909,0
3910,1
3911,0
3912,0
3913,1
3914,4
3915,1
3916,2
3917,1
3918,2
3919,0
3920,0
3921,1
3922,4
3923,1
3924,1
3925,0
3926,3
3927,2
3928,1
3929,0
3930,5
3931,2
3932,3
3933,0
3934,2
3935,0
3936,2
3937,0
3938,0
3939,1
3940,1
3941,0
3942,0
3943,3
3944,1
3945,1
3946,0
3947,2
3948,0
3949,0
3950,0
3951,2
3952,1
3953,3
3954,7
3955,4
3956,2
3957,2
3958,0
3959,2
3960,2
3961,1
3962,2
3963,0
3964,1
3965,2
3966,2
3967,3
3968,0
3969,3
3970,3
3971,2
3972,5
3973,0
3974,1
3975,3
3976,1
3977,5
3978,2
3979,0
3980,0
3981,1
3982,3
3983,2
3984,2
3985,1
3986,0
3987,0
3988,0
3989,2
3990,0
3991,0
3992,0
3993,3
3994,6
3995,0
3996,0
3997,0
3998,0
3999,0
4000,0
4001,2
4002,0
4003,0
4004,0
4005,0
4006,1
4007,0
4008,0
4009,2
4010,0
4011,0
4012,0
4013,2
4014,2
4015,0
4016,3
4017,3
4018,0
4019,2
4020,2
4021,3
4022,2
4023,8
4024,0
4025,0
4026,0
4027,1
4028,0
4029,2
4030,3
4031,0
4032,2
4033,3
4034,0
4035,1
4036,0
4037,0
4038,7
4039,0
4040,0
4041,1
4042,3
4043,0
4044,2
4045,3
4046,0
4047,1
4048,0
4049,1
4050,0
4051,1
4052,0
4053,0
4054,1
4055,1
4056,2
4057,2
4058,0
4059,3
4060,3
4061,0
4062,0
4063,2
4064,3
4065,3
4066,2
4067,0
4068,3
4069,4
4070,0
4071,1
4072,4
4073,4
4074,1
4075,2
4076,0
4077,2
4078,3
4079,1
4080,0
4081,3
4082,4
4083,0
4084,3
4085,1
4086,1
4087,1
4088,0
4089,0
4090,1
4091,3
4092,0
4093,1
4094,2
4095,5
4096,3
4097,0
4098,0
4099,1
4100,1
4101,0
4102,1
4103,0
4104,1
4105,0
4106,0
4107,2
4108,2
4109,5
4110,6
4111,0
4112,1
4113,0
4114,1
4115,3
4116,0
4117,2
4118,0
4119,3
4120,2
4121,1
4122,0
4123,0
4124,2
4125,0
4126,8
4127,0
4128,0
4129,2
4130,5
4131,0
4132,0
4133,2
4134,3
4135,7
4136,1
4137,0
4138,2
4139,0
4140,1
4141,1
4142,0
4143,2
4144,2
4145,1
4146,0
4147,3
4148,6
4149,1
4150,0
4151,0
4152,0
4153,1
4154,1
4155,6
4156,1
4157,0
4158,3
4159,0
4160,0
4161,11
4162,4
4163,2
4164,0
4165,1
4166,2
4167,4
4168,2
4169,1
4170,1
4171,5
4172,5
4173,1
4174,10
4175,0
4176,6
4177,2
4178,2
4179,0
4180,7
4181,3
4182,0
4183,0
4184,2
4185,3
4186,3
4187,4
4188,2
4189,0
4190,3
4191,0
4192,1
4193,2
4194,1
4195,0
4196,0
4197,0
4198,3
4199,1
4200,0
4201,2
4202,4
4203,0
4204,1
4205,2
4206,0
4207,1
4208,0
4209,3
4210,1
4211,4
4212,0
4213,1
4214,4
4215,0
4216,1
4217,1
4218,2
4219,2
4220,2
4221,0
4222,1
4223,3
4224,1
4225,0
4226,0
4227,1
4228,0
4229,1
4230,1
4231,0
4232,0
4233,2
4234,0
4235,5
4236,0
4237,0
4238,0
4239,0
4240,2
4241,3
4242,1
4243,0
4244,0
4245,1
4246,5
4247,3
4248,4
4249,0
4250,0
4251,9
4252,3
4253,2
4254,5
4255,6
4256,6
4257,3
4258,7
4259,0
4260,4
4261,2
4262,3
4263,0
4264,3
4265,4
4266,1
4267,0
4268,0
4269,0
4270,0
4271,0
4272,0
4273,3
4274,1
4275,4
4276,0
4277,1
4278,0
4279,2
4280,1
4281,2
4282,2
4283,2
4284,3
4285,0
4286,1
4287,2
4288,1
4289,9
4290,3
4291,1
4292,3
4293,2
4294,1
4295,5
4296,0
4297,0
4298,1
4299,0
4300,0
4301,0
4302,2
4303,4
4304,0
4305,2
4306,3
4307,1
4308,0
4309,1
4310,6
4311,1
4312,1
4313,0
4314,1
4315,5
4316,0
4317,0
4318,3
4319,1
4320,1
4321,2
4322,2
4323,1
4324,0
4325,0
4326,1
4327,0
4328,5
4329,1
4330,0
4331,4
4332,2
4333,0
4334,1
4335,2
4336,8
4337,1
4338,0
4339,0
4340,0
4341,0
4342,3
4343,2
4344,0
4345,1
4346,0
4347,0
4348,3
4349,4
4350,0
4351,1
4352,2
4353,6
4354,2
4355,2
4356,1
4357,2
4358,0
4359,0
4360,12
4361,3
4362,4
4363,0
4364,0
4365,5
4366,1
4367,3
4368,5
4369,0
4370,4
4371,2
4372,1
4373,3
4374,0
4375,0
4376,2
4377,1
4378,0
4379,1
4380,0
4381,0
4382,1
4383,2
4384,2
4385,1
4386,2
4387,1
4388,0
4389,2
4390,0
4391,0
4392,1
4393,0
4394,0
4395,2
4396,0
4397,2
4398,4
4399,3
4400,1
4401,1
4402,0
4403,1
4404,2
4405,0
4406,2
4407,2
4408,0
4409,2
4410,4
4411,5
4412,3
4413,0
4414,1
4415,2
4416,0
4417,3
4418,1
4419,7
4420,0
4421,0
4422,0
4423,0
4424,0
4425,2
4426,3
4427,0
4428,0
4429,0
4430,0
4431,0
4432,0
4433,2
4434,1
4435,2
4436,2
4437,0
4438,0
4439,0
4440,1
4441,1
4442,7
4443,0
4444,7
4445,0
4446,5
4447,4
4448,0
4449,1
4450,0
4451,0
4452,0
4453,0
4454,2
4455,1
4456,0
4457,1
4458,1
4459,0
4460,0
4461,1
4462,2
4463,4
4464,2
4465,1
4466,0
4467,6
4468,0
4469,0
4470,1
4471,2
4472,0
4473,0
4474,3
4475,2
4476,1
4477,5
4478,2
4479,4
4480,7
4481,2
4482,0
4483,3
4484,2
4485,0
4486,2
4487,3
4488,5
4489,6
4490,1
4491,0
4492,1
4493,0
4494,0
4495,1
4496,1
4497,2
4498,1
4499,5
4500,5
4501,0
4502,0
4503,0
4504,0
4505,0
4506,3
4507,0
4508,0
4509,5
4510,1
4511,2
4512,0
4513,0
4514,0
4515,1
4516,4
4517,2
4518,1
4519,4
4520,3
4521,1
4522,0
4523,4
4524,1
4525,5
4526,1
4527,0
4528,0
4529,0
4530,4
4531,0
4532,1
4533,0
4534,0
4535,4
4536,2
4537,1
4538,3
4539,5
4540,4
4541,3
4542,4
4543,1
4544,1
4545,1
4546,3
4547,1
4548,1
4549,2
4550,1
4551,0
4552,0
4553,4
4554,0
4555,0
4556,1
4557,1
4558,3
4559,0
4560,0
4561,1
4562,1
4563,3
4564,4
4565,1
4566,2
4567,3
4568,2
4569,0
4570,2
4571,0
4572,0
4573,3
4574,3
4575,2
4576,0
4577,1
4578,0
4579,0
4580,0
4581,2
4582,0
4583,2
4584,3
4585,0
4586,1
4587,0
4588,0
4589,2
4590,5
4591,1
4592,2
4593,0
4594,0
4595,1
4596,4
4597,0
4598,0
4599,0
4600,0
4601,3
4602,0
4603,3
4604,0
4605,0
4606,2
4607,0
4608,0
4609,2
4610,0
4611,1
4612,5
4613,1
4614,2
4615,2
4616,4
4617,5
4618,0
4619,1
4620,0
4621,1
4622,2
4623,2
4624,0
4625,1
4626,4
4627,0
4628,2
4629,2
4630,5
4631,4
4632,2
4633,1
4634,4
4635,5
4636,2
4637,2
4638,0
4639,0
4640,1
4641,0
4642,0
4643,0
4644,1
4645,0
4646,1
4647,3
4648,1
4649,7
4650,1
4651,0
4652,0
4653,2
4654,0
4655,2
4656,0
4657,1
4658,0
4659,1
4660,0
4661,1
4662,6
4663,1
4664,1
4665,2
4666,2
4667,0
4668,0
4669,3
4670,5
4671,1
4672,3
4673,1
4674,3
4675,0
4676,4
4677,6
4678,0
4679,0
4680,0
4681,3
4682,1
4683,2
4684,0
4685,0
4686,1
4687,0
4688,2
4689,1
4690,0
4691,0
4692,0
4693,1
4694,0
4695,4
4696,2
4697,0
4698,2
4699,0
4700,1
4701,0
4702,0
4703,2
4704,0
4705,0
4706,9
4707,1
4708,4
4709,0
4710,2
4711,0
4712,0
4713,1
4714,4
4715,0
4716,0
4717,1
4718,0
4719,0
4720,1
4721,1
4722,1
4723,1
4724,0
4725,2
4726,1
4727,0
4728,4
4729,4
4730,2
4731,2
4732,0
4733,0
4734,0
4735,1
4736,4
4737,0
4738,3
4739,0
4740,1
4741,1
4742,2
4743,0
4744,2
4745,0
4746,0
4747,0
4748,1
4749,1
4750,0
4751,4
4752,0
4753,1
4754,0
4755,2
4756,0
4757,0
4758,3
4759,4
4760,1
4761,3
4762,1
4763,0
4764,0
4765,1
4766,4
4767,2
4768,1
4769,3
4770,0
4771,2
4772,0
4773,0
4774,2
4775,0
4776,1
4777,0
4778,0
4779,0
4780,1
4781,0
4782,1
4783,3
4784,0
4785,1
4786,3
4787,0
4788,1
4789,0
4790,0
4791,6
4792,0
4793,1
4794,1
4795,0
4796,1
4797,0
4798,0
4799,0
4800,1
4801,2
4802,1
4803,0
4804,2
4805,2
4806,0
4807,1
4808,0
4809,3
4810,6
4811,0
4812,4
4813,0
4814,1
4815,1
4816,0
4817,0
4818,0
4819,1
4820,5
4821,1
4822,0
4823,3
4824,1
4825,0
4826,1
4827,0
4828,4
4829,2
4830,0
4831,0
4832,0
4833,1
4834,2
4835,2
4836,0
4837,0
4838,3
4839,1
4840,0
4841,2
4842,1
4843,0
4844,0
4845,1
4846,0
4847,0
4848,2
4849,1
4850,0
4851,4
4852,3
4853,0
4854,3
4855,0
4856,0
4857,0
4858,2
4859,1
4860,6
4861,2
4862,3
4863,2
4864,7
4865,1
4866,1
4867,0
4868,1
4869,1
4870,2
4871,2
4872,1
4873,1
4874,3
4875,0
4876,0
4877,4
4878,0
4879,5
4880,1
4881,4
4882,2
4883,0
4884,2
4885,2
4886,0
4887,0
4888,1
4889,0
4890,4
4891,0
4892,1
4893,2
4894,1
4895,0
4896,0
4897,2
4898,0
4899,0
4900,0
4901,7
4902,8
4903,1
4904,2
4905,0
4906,1
4907,0
4908,0
4909,1
4910,3
4911,2
4912,0
4913,0
4914,1
4915,1
4916,2
4917,0
4918,4
4919,0
4920,1
4921,0
4922,6
4923,0
4924,2
4925,1
4926,3
4927,0
4928,0
4929,2
4930,6
4931,0
4932,0
4933,3
4934,0
4935,0
4936,2
4937,4
4938,1
4939,1
4940,2
4941,0
4942,5
4943,0
4944,1
4945,1
4946,0
4947,3
4948,2
4949,0
4950,0
4951,0
4952,1
4953,1
4954,1
4955,2
4956,0
4957,1
4958,2
4959,3
4960,0
4961,0
4962,5
4963,2
4964,0
4965,0
4966,0
4967,1
4968,1
4969,2
4970,1
4971,0
4972,1
4973,1
4974,0
4975,0
4976,2
4977,1
4978,0
4979,2
4980,5
4981,1
4982,0
4983,2
4984,1
4985,0
4986,0
4987,0
4988,0
4989,1
4990,2
4991,0
4992,0
4993,0
4994,0
4995,0
4996,0
4997,0
4998,2
4999,1
5000,1
5001,4
5002,2
5003,2
5004,0
5005,4
5006,1
5007,1
5008,0
5009,0
5010,2
5011,2
5012,2
5013,0
5014,0
5015,7
5016,0
5017,1
5018,1
5019,0
5020,0
5021,2
5022,1
5023,1
5024,3
5025,0
5026,3
5027,0
5028,3
5029,2
5030,0
5031,2
5032,0
5033,2
5034,0
5035,0
5036,0
5037,0
5038,1
5039,0
5040,1
5041,0
5042,2
5043,1
5044,0
5045,0
5046,2
5047,1
5048,4
5049,2
5050,2
5051,0
5052,1
5053,0
5054,0
5055,0
5056,5
5057,0
5058,0
5059,3
5060,1
5061,1
5062,1
5063,0
5064,4
5065,2
5066,1
5067,2
5068,0
5069,4
5070,1
5071,1
5072,1
5073,1
5074,0
5075,0
5076,1
5077,4
5078,3
5079,0
5080,3
5081,1
5082,0
5083,0
5084,0
5085,1
5086,1
5087,2
5088,2
5089,11
5090,0
5091,0
5092,0
5093,2
5094,0
5095,0
5096,0
5097,4
5098,0
5099,1
5100,3
5101,5
5102,2
5103,2
5104,1
5105,0
5106,5
5107,3
5108,5
5109,1
5110,1
5111,1
5112,0
5113,0
5114,2
5115,0
5116,0
5117,3
5118,3
5119,0
5120,0
5121,0
5122,0
5123,0
5124,4
5125,1
5126,0
5127,2
5128,1
5129,0
5130,0
5131,1
5132,1
5133,2
5134,1
5135,1
5136,3
5137,0
5138,4
5139,3
5140,2
5141,2
5142,3
5143,2
5144,0
5145,1
5146,1
5147,0
5148,0
5149,4
5150,3
5151,3
5152,1
5153,2
5154,1
5155,0
5156,0
5157,2
5158,1
5159,0
5160,0
5161,1
5162,3
5163,0
5164,3
5165,1
5166,5
5167,1
5168,6
5169,0
5170,1
5171,0
5172,1
5173,1
5174,1
5175,0
5176,3
5177,1
5178,3
5179,1
5180,0
5181,1
5182,1
5183,1
5184,1
5185,0
5186,2
5187,0
5188,2
5189,0
5190,1
5191,0
5192,0
5193,3
5194,1
5195,0
5196,6
5197,1
5198,1
5199,2
5200,0
5201,0
5202,1
5203,2
5204,1
5205,2
5206,2
5207,0
5208,1
5209,3
5210,0
5211,2
5212,0
5213,2
5214,0
5215,0
5216,2
5217,2
5218,3
5219,0
5220,3
5221,0
5222,0
5223,1
5224,0
5225,2
5226,0
5227,1
5228,2
5229,0
5230,5
5231,0
5232,3
5233,0
5234,2
5235,6
5236,1
5237,1
5238,0
5239,0
5240,4
5241,1
5242,0
5243,2
5244,0
5245,0
5246,0
5247,0
5248,1
5249,2
5250,2
5251,0
5252,2
5253,1
5254,3
5255,3
5256,2
5257,1
5258,0
5259,0
5260,0
5261,2
5262,1
5263,3
5264,0
5265,1
5266,2
5267,2
5268,1
5269,3
5270,1
5271,1
5272,2
5273,3
5274,2
5275,1
5276,2
5277,1
5278,4
5279,3
5280,0
5281,1
5282,1
5283,2
5284,1
5285,0
5286,5
5287,4
5288,3
5289,1
5290,0
5291,2
5292,0
5293,3
5294,2
5295,2
5296,0
5297,1
5298,2
5299,0
5300,3
5301,2
5302,2
5303,1
5304,2
5305,1
5306,0
5307,2
5308,5
5309,1
5310,5
5311,1
5312,0
5313,3
5314,0
5315,0
5316,1
5317,1
5318,0
5319,2
5320,0
5321,1
5322,2
5323,2
5324,0
5325,0
5326,4
5327,2
5328,3
5329,3
5330,1
5331,0
5332,2
5333,2
5334,0
5335,0
5336,0
5337,0
5338,0
5339,1
5340,1
5341,6
5342,1
5343,0
5344,0
5345,1
5346,1
5347,2
5348,3
5349,0
5350,4
5351,4
5352,0
5353,3
5354,0
5355,0
5356,1
5357,0
5358,2
5359,0
5360,3
5361,0
5362,2
5363,1
5364,0
5365,1
5366,2
5367,0
5368,3
5369,2
5370,1
5371,3
5372,1
5373,1
5374,2
5375,2
5376,1
5377,2
5378,2
5379,0
5380,0
5381,2
5382,2
5383,1
5384,1
5385,0
5386,0
5387,1
5388,4
5389,0
5390,0
5391,1
5392,1
5393,0
5394,0
5395,0
5396,1
5397,0
5398,1
5399,1
5400,1
5401,3
5402,0
5403,0
5404,0
5405,1
5406,1
5407,5
5408,1
5409,0
5410,0
5411,0
5412,1
5413,3
5414,3
5415,0
5416,1
5417,2
5418,1
5419,1
5420,0
5421,1
5422,0
5423,2
5424,1
5425,2
5426,1
5427,0
5428,3
5429,1
5430,0
5431,0
5432,3
5433,0
5434,2
5435,2
5436,1
5437,2
5438,1
5439,0
5440,2
5441,0
5442,0
5443,0
5444,1
5445,1
5446,1
5447,1
5448,0
5449,3
5450,0
5451,0
5452,2
5453,2
5454,0
5455,1
5456,1
5457,4
5458,2
5459,0
5460,1
5461,1
5462,1
5463,0
5464,1
5465,2
5466,2
5467,0
5468,5
5469,1
5470,1
5471,1
5472,4
5473,0
5474,1
5475,0
5476,0
5477,3
5478,0
5479,0
5480,0
5481,0
5482,1
5483,0
5484,2
5485,0
5486,0
5487,2
5488,0
5489,0
5490,1
5491,0
5492,2
5493,1
5494,2
5495,0
5496,5
5497,0
5498,4
5499,2
5500,1
5501,2
5502,1
5503,1
5504,2
5505,2
5506,0
5507,0
5508,2
5509,2
5510,1
5511,2
5512,0
5513,0
5514,0
5515,1
5516,0
5517,4
5518,1
5519,1
5520,0
5521,3
5522,1
5523,0
5524,0
5525,0
5526,3
5527,0
5528,3
5529,1
5530,4
5531,1
5532,1
5533,1
5534,2
5535,4
5536,2
5537,0
5538,2
5539,1
5540,0
5541,0
5542,4
5543,1
5544,0
5545,2
5546,2
5547,1
5548,0
5549,0
5550,0
5551,0
5552,0
5553,2
5554,4
5555,3
5556,3
5557,2
5558,0
5559,1
5560,2
5561,1
5562,0
5563,0
5564,0
5565,1
5566,5
5567,3
5568,1
5569,0
5570,3
5571,0
5572,0
5573,1
5574,0
5575,0
5576,5
5577,2
5578,0
5579,1
5580,0
5581,0
5582,1
5583,1
5584,0
5585,0
5586,1
5587,1
5588,0
5589,1
5590,0
5591,4
5592,2
5593,2
5594,0
5595,1
5596,1
5597,4
5598,0
5599,5
5600,2
5601,0
5602,0
5603,4
5604,0
5605,0
5606,4
5607,1
5608,2
5609,0
5610,4
5611,3
5612,1
5613,2
5614,0
5615,1
5616,1
5617,1
5618,1
5619,0
5620,4
5621,0
5622,0
5623,4
5624,2
5625,1
5626,2
5627,3
5628,3
5629,0
5630,0
5631,5
5632,0
5633,9
5634,1
5635,1
5636,3
5637,0
5638,2
5639,1
5640,1
5641,1
5642,1
5643,2
5644,1
5645,4
5646,0
5647,4
5648,1
5649,2
5650,0
5651,1
5652,2
5653,0
5654,0
5655,3
5656,1
5657,0
5658,2
5659,1
5660,0
5661,3
5662,1
5663,2
5664,4
5665,2
5666,1
5667,0
5668,3
5669,1
5670,0
5671,0
5672,1
5673,1
5674,1
5675,1
5676,1
5677,1
5678,2
5679,4
5680,2
5681,0
5682,0
5683,3
5684,2
5685,1
5686,1
5687,0
5688,0
5689,1
5690,5
5691,0
5692,3
5693,1
5694,0
5695,2
5696,1
5697,1
5698,0
5699,1
5700,2
5701,4
5702,1
5703,3
5704,1
5705,2
5706,0
5707,0
5708,0
5709,0
5710,5
5711,1
5712,0
5713,2
5714,1
5715,8
5716,0
5717,0
5718,1
5719,1
5720,0
5721,0
5722,1
5723,0
5724,0
5725,1
5726,1
5727,0
5728,1
5729,0
5730,0
5731,1
5732,3
5733,0
5734,0
5735,1
5736,2
5737,0
5738,3
5739,0
5740,0
5741,3
5742,1
5743,1
5744,0
5745,0
5746,2
5747,2
5748,0
5749,0
5750,2
5751,0
5752,2
5753,1
5754,2
5755,2
5756,1
5757,1
5758,0
5759,0
5760,0
5761,0
5762,5
5763,3
5764,0
5765,1
5766,1
5767,1
5768,2
5769,1
5770,1
5771,1
5772,5
5773,4
5774,2
5775,3
5776,2
5777,0
5778,0
5779,3
5780,0
5781,0
5782,0
5783,4
5784,1
5785,2
5786,1
5787,4
5788,1
5789,1
5790,0
5791,0
5792,0
5793,0
5794,1
5795,2
5796,2
5797,4
5798,1
5799,0
5800,0
5801,0
5802,0
5803,0
5804,3
5805,1
5806,0
5807,5
5808,1
5809,0
5810,1
5811,1
5812,5
5813,2
5814,4
5815,0
5816,5
5817,1
5818,0
5819,0
5820,1
5821,1
5822,2
5823,0
5824,0
5825,3
5826,1
5827,6
5828,1
5829,0
5830,0
5831,0
5832,3
5833,0
5834,3
5835,0
5836,3
5837,1
5838,0
5839,0
5840,1
5841,2
5842,1
5843,1
5844,5
5845,0
5846,3
5847,1
5848,6
5849,2
5850,0
5851,1
5852,1
5853,0
5854,1
5855,2
5856,1
5857,3
5858,2
5859,0
5860,0
5861,1
5862,0
5863,2
5864,1
5865,0
5866,7
5867,1
5868,0
5869,0
5870,1
5871,0
5872,4
5873,0
5874,0
5875,1
5876,0
5877,1
5878,1
5879,0
5880,0
5881,1
5882,1
5883,8
5884,1
5885,1
5886,0
5887,3
5888,0
5889,0
5890,0
5891,0
5892,1
5893,0
5894,3
5895,0
5896,0
5897,0
5898,0
5899,0
5900,7
5901,0
5902,2
5903,2
5904,0
5905,2
5906,3
5907,2
5908,1
5909,0
5910,0
5911,0
5912,0
5913,0
5914,1
5915,1
5916,1
5917,0
5918,0
5919,2
5920,0
5921,0
5922,2
5923,2
5924,5
5925,3
5926,2
5927,3
5928,2
5929,2
5930,7
5931,2
5932,1
5933,6
5934,2
5935,1
5936,0
5937,0
5938,0
5939,0
5940,2
5941,0
5942,1
5943,4
5944,0
5945,0
5946,0
5947,0
5948,0
5949,2
5950,1
5951,0
5952,6
5953,2
5954,0
5955,0
5956,0
5957,0
5958,1
5959,0
5960,3
5961,2
5962,3
5963,5
5964,2
5965,0
5966,0
5967,3
5968,5
5969,2
5970,2
5971,2
5972,0
5973,4
5974,1
5975,0
5976,0
5977,1
5978,1
5979,0
5980,1
5981,3
5982,1
5983,0
5984,0
5985,1
5986,1
5987,2
5988,0
5989,0
5990,3
5991,1
5992,0
5993,2
5994,1
5995,0
5996,2
5997,2
5998,0
5999,0
6000,1
6001,0
6002,1
6003,8
6004,1
6005,1
6006,0
6007,3
6008,0
6009,0
6010,2
6011,0
6012,1
6013,2
6014,0
6015,3
6016,3
6017,1
6018,4
6019,1
6020,0
6021,0
6022,0
6023,4
6024,0
6025,0
6026,1
6027,1
6028,1
6029,0
6030,2
6031,3
6032,3
6033,0
6034,1
6035,1
6036,0
6037,0
6038,0
6039,0
6040,3
6041,2
6042,3
6043,2
6044,2
6045,2
6046,0
6047,0
6048,2
6049,0
6050,1
6051,2
6052,0
6053,0
6054,1
6055,2
6056,1
6057,3
6058,0
6059,0
6060,0
6061,3
6062,0
6063,0
6064,5
6065,0
6066,1
6067,3
6068,2
6069,3
6070,2
6071,0
6072,0
6073,2
6074,3
6075,1
6076,2
6077,3
6078,3
6079,2
6080,0
6081,1
6082,3
6083,1
6084,0
6085,3
6086,3
6087,0
6088,0
6089,2
6090,3
6091,0
6092,0
6093,2
6094,1
6095,0
6096,2
6097,2
6098,2
6099,3
6100,1
6101,2
6102,5
6103,1
6104,1
6105,0
6106,0
6107,0
6108,1
6109,0
6110,1
6111,2
6112,0
6113,3
6114,0
6115,0
6116,0
6117,4
6118,1
6119,2
6120,0
6121,0
6122,1
6123,5
6124,1
6125,2
6126,0
6127,0
6128,0
6129,4
6130,1
6131,0
6132,1
6133,0
6134,2
6135,1
6136,5
6137,0
6138,7
6139,0
6140,0
6141,1
6142,0
6143,1
6144,1
6145,0
6146,1
6147,0
6148,2
6149,0
6150,0
6151,1
6152,0
6153,3
6154,4
6155,0
6156,3
6157,0
6158,1
6159,2
6160,0
6161,0
6162,3
6163,1
6164,0
6165,3
6166,1
6167,2
6168,2
6169,0
6170,0
6171,1
6172,0
6173,3
6174,2
6175,0
6176,0
6177,0
6178,0
6179,0
6180,5
6181,1
6182,2
6183,1
6184,4
6185,1
6186,1
6187,3
6188,0
6189,0
6190,1
6191,0
6192,1
6193,0
6194,1
6195,0
6196,6
6197,0
6198,3
6199,0
6200,0
6201,1
6202,2
6203,2
6204,1
6205,1
6206,0
6207,3
6208,1
6209,0
6210,0
6211,0
6212,2
6213,0
6214,0
6215,2
6216,3
6217,1
6218,1
6219,0
6220,0
6221,0
6222,4
6223,1
6224,0
6225,3
6226,1
6227,1
6228,1
6229,3
6230,3
6231,3
6232,0
6233,0
6234,3
6235,0
6236,0
6237,1
6238,0
6239,1
6240,0
6241,0
6242,1
6243,3
6244,3
6245,3
6246,1
6247,3
6248,0
6249,1
6250,3
6251,0
6252,1
6253,0
6254,1
6255,1
6256,0
6257,1
6258,0
6259,3
6260,0
6261,0
6262,0
6263,0
6264,0
6265,1
6266,0
6267,5
6268,4
6269,1
6270,0
6271,0
6272,3
6273,0
6274,0
6275,2
6276,5
6277,1
6278,0
6279,0
6280,0
6281,2
6282,0
6283,3
6284,5
6285,5
6286,0
6287,3
6288,2
6289,0
6290,3
6291,1
6292,1
6293,1
6294,1
6295,2
6296,1
6297,1
6298,1
6299,3
6300,5
6301,2
6302,0
6303,2
6304,2
6305,1
6306,1
6307,2
6308,1
6309,4
6310,1
6311,0
6312,0
6313,0
6314,0
6315,2
6316,0
6317,0
6318,4
6319,1
6320,2
6321,1
6322,0
6323,0
6324,2
6325,0
6326,3
6327,1
6328,2
6329,1
6330,1
6331,2
6332,0
6333,0
6334,0
6335,1
6336,0
6337,2
6338,4
6339,2
6340,0
6341,1
6342,1
6343,2
6344,2
6345,1
6346,1
6347,0
6348,0
6349,3
6350,2
6351,4
6352,0
6353,1
6354,1
6355,2
6356,0
6357,1
6358,2
6359,0
6360,0
6361,1
6362,1
6363,0
6364,0
6365,1
6366,1
6367,0
6368,2
6369,0
6370,0
6371,2
6372,2
6373,0
6374,2
6375,0
6376,3
6377,3
6378,2
6379,4
6380,1
6381,1
6382,0
6383,2
6384,1
6385,2
6386,0
6387,3
6388,2
6389,4
6390,0
6391,0
6392,4
6393,0
6394,0
6395,4
6396,2
6397,1
6398,2
6399,5
6400,0
6401,1
6402,1
6403,3
6404,2
6405,0
6406,1
6407,0
6408,3
6409,0
6410,0
6411,1
6412,3
6413,1
6414,0
6415,4
6416,0
6417,0
6418,2
6419,0
6420,3
6421,0
6422,2
6423,1
6424,0
6425,0
6426,1
6427,1
6428,0
6429,4
6430,1
6431,3
6432,1
6433,3
6434,2
6435,0
6436,0
6437,0
6438,3
6439,0
6440,0
6441,0
6442,0
6443,1
6444,3
6445,1
6446,3
6447,0
6448,3
6449,1
6450,0
6451,0
6452,1
6453,2
6454,1
6455,0
6456,2
6457,0
6458,4
6459,5
6460,4
6461,2
6462,2
6463,0
6464,0
6465,0
6466,3
6467,1
6468,0
6469,1
6470,3
6471,2
6472,1
6473,1
6474,0
6475,0
6476,0
6477,3
6478,2
6479,2
6480,0
6481,1
6482,0
6483,1
6484,2
6485,2
6486,1
6487,1
6488,3
6489,2
6490,3
6491,0
6492,4
6493,4
6494,0
6495,0
6496,0
6497,1
6498,0
6499,0
6500,0
6501,1
6502,1
6503,0
6504,1
6505,0
6506,1
6507,2
6508,5
6509,3
6510,3
6511,0
6512,1
6513,6
6514,2
6515,0
6516,4
6517,0
6518,1
6519,1
6520,1
6521,3
6522,0
6523,0
6524,1
6525,3
6526,3
6527,3
6528,0
6529,0
6530,1
6531,1
6532,1
6533,2
6534,3
6535,1
6536,0
6537,1
6538,2
6539,0
6540,3
6541,3
6542,1
6543,1
6544,0
6545,1
6546,1
6547,1
6548,0
6549,1
6550,0
6551,5
6552,0
6553,0
6554,4
6555,1
6556,0
6557,0
6558,3
6559,2
6560,1
6561,0
6562,3
6563,2
6564,1
6565,2
6566,0
6567,0
6568,1
6569,0
6570,0
6571,1
6572,3
6573,3
6574,0
6575,2
6576,0
6577,0
6578,1
6579,1
6580,2
6581,1
6582,0
6583,0
6584,0
6585,1
6586,2
6587,0
6588,0
6589,2
6590,0
6591,2
6592,1
6593,2
6594,0
6595,5
6596,1
6597,1
6598,3
6599,1
6600,2
6601,0
6602,1
6603,0
6604,0
6605,2
6606,0
6607,0
6608,1
6609,2
6610,2
6611,6
6612,0
6613,1
6614,1
6615,2
6616,0
6617,0
6618,0
6619,0
6620,2
6621,0
6622,2
6623,3
6624,3
6625,2
6626,1
6627,0
6628,0
6629,1
6630,0
6631,0
6632,3
6633,1
6634,2
6635,1
6636,0
6637,5
6638,1
6639,1
6640,1
6641,0
6642,0
6643,2
6644,2
6645,0
6646,1
6647,0
6648,0
6649,2
6650,0
6651,4
6652,2
6653,2
6654,1
6655,0
6656,1
6657,0
6658,1
6659,4
6660,1
6661,2
6662,0
6663,3
6664,5
6665,6
6666,1
6667,1
6668,0
6669,3
6670,0
6671,1
6672,0
6673,1
6674,2
6675,1
6676,2
6677,0
6678,1
6679,0
6680,0
6681,0
6682,4
6683,2
6684,0
6685,2
6686,2
6687,0
6688,2
6689,3
6690,2
6691,0
6692,0
6693,0
6694,0
6695,0
6696,2
6697,1
6698,1
6699,1
6700,2
6701,0
6702,0
6703,0
6704,1
6705,5
6706,2
6707,1
6708,0
6709,1
6710,0
6711,3
6712,0
6713,1
6714,0
6715,0
6716,0
6717,0
6718,1
6719,0
6720,2
6721,0
6722,3
6723,0
6724,2
6725,0
6726,1
6727,1
6728,0
6729,4
6730,2
6731,1
6732,2
6733,3
6734,1
6735,0
6736,2
6737,0
6738,0
6739,0
6740,0
6741,1
6742,0
6743,1
6744,0
6745,3
6746,3
6747,0
6748,3
6749,0
6750,0
6751,3
6752,1
6753,1
6754,1
6755,0
6756,1
6757,4
6758,0
6759,3
6760,0
6761,0
6762,1
6763,2
6764,3
6765,0
6766,5
6767,1
6768,3
6769,1
6770,2
6771,2
6772,0
6773,2
6774,0
6775,1
6776,0
6777,2
6778,1
6779,1
6780,3
6781,3
6782,2
6783,1
6784,0
6785,0
6786,0
6787,2
6788,1
6789,1
6790,2
6791,0
6792,3
6793,0
6794,0
6795,3
6796,1
6797,1
6798,0
6799,3
6800,2
6801,2
6802,0
6803,2
6804,0
6805,2
6806,1
6807,2
6808,0
6809,1
6810,1
6811,0
6812,0
6813,2
6814,4
6815,1
6816,0
6817,1
6818,2
6819,0
6820,0
6821,2
6822,0
6823,2
6824,0
6825,1
6826,0
6827,1
6828,0
6829,5
6830,3
6831,0
6832,0
6833,2
6834,0
6835,0
6836,0
6837,0
6838,0
6839,0
6840,2
6841,0
6842,3
6843,1
6844,0
6845,2
6846,1
6847,1
6848,0
6849,1
6850,0
6851,1
6852,2
6853,3
6854,0
6855,3
6856,1
6857,0
6858,0
6859,4
6860,1
6861,1
6862,0
6863,1
6864,0
6865,0
6866,0
6867,0
6868,1
6869,1
6870,1
6871,1
6872,1
6873,0
6874,3
6875,3
6876,5
6877,0
6878,0
6879,1
6880,1
6881,3
6882,0
6883,0
6884,2
6885,2
6886,1
6887,0
6888,1
6889,1
6890,0
6891,0
6892,5
6893,1
6894,0
6895,0
6896,1
6897,0
6898,5
6899,2
6900,1
6901,2
6902,0
6903,0
6904,3
6905,0
6906,1
6907,2
6908,0
6909,3
6910,2
6911,0
6912,4
6913,0
6914,2
6915,0
6916,0
6917,1
6918,3
6919,0
6920,1
6921,0
6922,0
6923,2
6924,6
6925,0
6926,0
6927,0
6928,3
6929,1
6930,1
6931,0
6932,2
6933,1
6934,0
6935,0
6936,0
6937,0
6938,3
6939,1
6940,1
6941,0
6942,0
6943,0
6944,0
6945,0
6946,1
6947,0
6948,1
6949,1
6950,0
6951,4
6952,0
6953,4
6954,0
6955,3
6956,1
6957,1
6958,0
6959,1
6960,1
6961,0
6962,0
6963,4
6964,0
6965,1
6966,0
6967,1
6968,1
6969,1
6970,0
6971,1
6972,8
6973,2
6974,0
6975,0
6976,0
6977,1
6978,1
6979,1
6980,1
6981,0
6982,0
6983,2
6984,0
6985,3
6986,1
6987,1
6988,2
6989,1
6990,0
6991,0
6992,0
6993,0
6994,1
6995,0
6996,1
6997,0
6998,1
6999,1
7000,2
7001,1
7002,2
7003,1
7004,3
7005,1
7006,3
7007,0
7008,1
7009,4
7010,0
7011,0
7012,1
7013,2
7014,3
7015,1
7016,0
7017,4
7018,1
7019,0
7020,0
7021,0
7022,0
7023,3
7024,2
7025,0
7026,4
7027,2
7028,0
7029,2
7030,1
7031,0
7032,3
7033,1
7034,0
7035,0
7036,3
7037,1
7038,3
7039,0
7040,1
7041,0
7042,4
7043,1
7044,2
7045,1
7046,1
7047,1
7048,3
7049,1
7050,0
7051,2
7052,4
7053,0
7054,1
7055,3
7056,1
7057,4
7058,0
7059,1
7060,0
7061,1
7062,0
7063,0
7064,0
7065,1
7066,1
7067,1
7068,0
7069,1
7070,0
7071,1
7072,0
7073,1
7074,1
7075,3
7076,0
7077,1
7078,0
7079,1
7080,3
7081,1
7082,1
7083,2
7084,0
7085,1
7086,1
7087,3
7088,0
7089,0
7090,1
7091,2
7092,3
7093,3
7094,0
7095,1
7096,4
7097,2
7098,2
7099,0
7100,1
7101,0
7102,0
7103,1
7104,0
7105,0
7106,1
7107,1
7108,1
7109,1
7110,3
7111,3
7112,3
7113,1
7114,2
7115,0
7116,0
7117,2
7118,0
7119,2
7120,0
7121,1
7122,5
7123,1
7124,0
7125,1
7126,1
7127,0
7128,2
7129,1
7130,1
7131,0
7132,3
7133,0
7134,0
7135,2
7136,1
7137,0
7138,2
7139,1
7140,3
7141,0
7142,2
7143,1
7144,0
7145,1
7146,0
7147,0
7148,1
7149,2
7150,0
7151,1
7152,1
7153,2
7154,0
7155,4
7156,0
7157,3
7158,0
7159,0
7160,2
7161,2
7162,5
7163,1
7164,0
7165,1
7166,0
7167,0
7168,0
7169,0
7170,0
7171,3
7172,2
7173,3
7174,0
7175,2
7176,1
7177,3
7178,1
7179,0
7180,3
7181,0
7182,4
7183,2
7184,1
7185,0
7186,0
7187,3
7188,2
7189,0
7190,2
7191,0
7192,0
7193,0
7194,1
7195,0
7196,1
7197,0
7198,1
7199,1
7200,2
7201,1
7202,1
7203,1
7204,2
7205,3
7206,2
7207,0
7208,0
7209,0
7210,1
7211,3
7212,2
7213,0
7214,0
7215,1
7216,0
7217,1
7218,2
7219,1
7220,2
7221,1
7222,1
7223,3
7224,2
7225,1
7226,3
7227,0
7228,0
7229,1
7230,1
7231,1
7232,3
7233,0
7234,0
7235,2
7236,2
7237,2
7238,1
7239,0
7240,0
7241,1
7242,1
7243,1
7244,0
7245,1
7246,1
7247,1
7248,2
7249,2
7250,0
7251,0
7252,3
7253,0
7254,1
7255,4
7256,3
7257,0
7258,2
7259,0
7260,1
7261,0
7262,2
7263,0
7264,2
7265,1
7266,3
7267,1
7268,0
7269,1
7270,0
7271,3
7272,1
7273,2
7274,0
7275,0
7276,2
7277,0
7278,2
7279,2
7280,0
7281,2
7282,1
7283,0
7284,1
7285,3
7286,2
7287,0
7288,2
7289,1
7290,5
7291,0
7292,3
7293,2
7294,3
7295,0
7296,1
7297,3
7298,1
7299,0
7300,1
7301,2
7302,1
7303,1
7304,0
7305,3
7306,0
7307,4
7308,1
7309,1
7310,1
7311,1
7312,0
7313,1
7314,3
7315,2
7316,0
7317,0
7318,0
7319,1
7320,1
7321,0
7322,2
7323,3
7324,0
7325,0
7326,0
7327,4
7328,1
7329,2
7330,1
7331,1
7332,0
7333,0
7334,0
7335,1
7336,0
7337,1
7338,1
7339,2
7340,1
7341,1
7342,1
7343,2
7344,0
7345,2
7346,0
7347,5
7348,0
7349,0
7350,0
7351,0
7352,0
7353,0
7354,1
7355,0
7356,1
7357,1
7358,0
7359,2
7360,0
7361,0
7362,1
7363,3
7364,1
7365,1
7366,5
7367,0
7368,1
7369,0
7370,4
7371,1
7372,0
7373,0
7374,2
7375,1
7376,3
7377,1
7378,1
7379,3
7380,4
7381,0
7382,0
7383,3
7384,4
7385,3
7386,1
7387,1
7388,0
7389,1
7390,0
7391,0
7392,2
7393,1
7394,1
7395,0
7396,3
7397,0
7398,1
7399,0
7400,1
7401,3
7402,0
7403,0
7404,1
7405,1
7406,1
7407,0
7408,4
7409,1
7410,1
7411,0
7412,1
7413,4
7414,1
7415,4
7416,0
7417,0
7418,0
7419,0
7420,1
7421,1
7422,0
7423,1
7424,0
7425,1
7426,0
7427,0
7428,0
7429,3
7430,0
7431,1
7432,0
7433,2
7434,3
7435,0
7436,1
7437,0
7438,2
7439,0
7440,2
7441,3
7442,1
7443,1
7444,0
7445,2
7446,1
7447,1
7448,0
7449,0
7450,3
7451,3
7452,2
7453,1
7454,0
7455,0
7456,1
7457,0
7458,1
7459,0
7460,3
7461,2
7462,2
7463,0
7464,2
7465,0
7466,1
7467,1
7468,3
7469,3
7470,0
7471,2
7472,0
7473,0
7474,0
7475,2
7476,3
7477,2
7478,1
7479,1
7480,3
7481,1
7482,2
7483,0
7484,2
7485,3
7486,1
7487,1
7488,2
7489,0
7490,1
7491,1
7492,2
7493,0
7494,0
7495,0
7496,0
7497,0
7498,0
7499,1
7500,1
7501,2
7502,2
7503,1
7504,1
7505,0
7506,8
7507,1
7508,1
7509,1
7510,1
7511,0
7512,4
7513,1
7514,1
7515,0
7516,4
7517,0
7518,0
7519,0
7520,1
7521,3
7522,2
7523,3
7524,3
7525,1
7526,1
7527,2
7528,1
7529,3
7530,0
7531,0
7532,3
7533,1
7534,2
7535,1
7536,2
7537,1
7538,2
7539,1
7540,0
7541,0
7542,0
7543,0
7544,3
7545,1
7546,0
7547,0
7548,0
7549,1
7550,1
7551,0
7552,2
7553,1
7554,0
7555,1
7556,2
7557,2
7558,2
7559,1
7560,3
7561,1
7562,3
7563,1
7564,1
7565,1
7566,1
7567,0
7568,0
7569,0
7570,5
7571,2
7572,3
7573,0
7574,3
7575,1
7576,1
7577,2
7578,0
7579,1
7580,2
7581,0
7582,1
7583,2
7584,1
7585,2
7586,1
7587,2
7588,0
7589,0
7590,0
7591,0
7592,2
7593,0
7594,0
7595,2
7596,1
7597,3
7598,5
7599,0
7600,0
7601,3
7602,0
7603,3
7604,2
7605,3
7606,1
7607,2
7608,0
7609,0
7610,0
7611,0
7612,0
7613,0
7614,2
7615,0
7616,1
7617,2
7618,1
7619,2
7620,1
7621,0
7622,1
7623,3
7624,0
7625,3
7626,0
7627,2
7628,0
7629,1
7630,2
7631,2
7632,1
7633,2
7634,1
7635,0
7636,0
7637,1
7638,2
7639,3
7640,1
7641,3
7642,2
7643,2
7644,1
7645,0
7646,0
7647,4
7648,6
7649,1
7650,1
7651,0
7652,2
7653,1
7654,1
7655,2
7656,0
7657,0
7658,2
7659,0
7660,3
7661,1
7662,4
7663,0
7664,0
7665,0
7666,2
7667,2
7668,2
7669,1
7670,2
7671,3
7672,1
7673,1
7674,1
7675,2
7676,0
7677,2
7678,1
7679,0
7680,0
7681,1
7682,1
7683,0
7684,0
7685,1
7686,0
7687,1
7688,0
7689,1
7690,0
7691,0
7692,1
7693,3
7694,0
7695,0
7696,0
7697,1
7698,0
7699,0
7700,1
7701,0
7702,2
7703,1
7704,0
7705,2
7706,2
7707,0
7708,1
7709,2
7710,0
7711,3
7712,0
7713,2
7714,0
7715,0
7716,1
7717,1
7718,0
7719,3
7720,0
7721,1
7722,0
7723,2
7724,0
7725,0
7726,1
7727,1
7728,0
7729,2
7730,0
7731,1
7732,2
7733,2
7734,0
7735,2
7736,2
7737,0
7738,2
7739,0
7740,1
7741,2
7742,2
7743,2
7744,4
7745,0
7746,0
7747,1
7748,0
7749,0
7750,1
7751,1
7752,1
7753,1
7754,2
7755,2
7756,1
7757,2
7758,1
7759,2
7760,2
7761,0
7762,0
7763,2
7764,2
7765,3
7766,0
7767,0
7768,1
7769,0
7770,3
7771,1
7772,0
7773,3
7774,1
7775,4
7776,0
7777,1
7778,3
7779,1
7780,0
7781,1
7782,1
7783,0
7784,0
7785,2
7786,0
7787,2
7788,1
7789,0
7790,1
7791,2
7792,0
7793,1
7794,1
7795,0
7796,1
7797,3
7798,0
7799,3
7800,1
7801,1
7802,0
7803,3
7804,0
7805,1
7806,1
7807,1
7808,0
7809,1
7810,4
7811,0
7812,1
7813,1
7814,2
7815,0
7816,2
7817,0
7818,0
7819,0
7820,2
7821,1
7822,0
7823,3
7824,0
7825,4
7826,1
7827,0
7828,0
7829,4
7830,2
7831,1
7832,3
7833,2
7834,1
7835,2
7836,1
7837,2
7838,0
7839,1
7840,1
7841,2
7842,0
7843,0
7844,0
7845,2
7846,1
7847,3
7848,1
7849,1
7850,0
7851,3
7852,1
7853,1
7854,0
7855,0
7856,1
7857,1
7858,1
7859,3
7860,0
7861,5
7862,3
7863,1
7864,1
7865,2
7866,0
7867,0
7868,2
7869,1
7870,2
7871,0
7872,0
7873,3
7874,0
7875,1
7876,0
7877,3
7878,0
7879,0
7880,1
7881,0
7882,0
7883,0
7884,3
7885,1
7886,1
7887,2
7888,1
7889,1
7890,1
7891,0
7892,1
7893,0
7894,1
7895,1
7896,0
7897,1
7898,3
7899,0
7900,0
7901,0
7902,0
7903,0
7904,1
7905,0
7906,1
7907,0
7908,1
7909,1
7910,0
7911,1
7912,0
7913,3
7914,1
7915,1
7916,1
7917,2
7918,1
7919,3
7920,1
7921,0
7922,2
7923,0
7924,1
7925,1
7926,1
7927,2
7928,2
7929,2
7930,0
7931,2
7932,1
7933,2
7934,1
7935,0
7936,0
7937,2
7938,0
7939,0
7940,1
7941,1
7942,3
7943,2
7944,4
7945,5
7946,0
7947,1
7948,1
7949,1
7950,2
7951,0
7952,0
7953,0
7954,1
7955,1
7956,0
7957,0
7958,0
7959,1
7960,4
7961,1
7962,5
7963,1
7964,0
7965,1
7966,1
7967,0
7968,1
7969,1
7970,0
7971,1
7972,0
7973,0
7974,2
7975,0
7976,5
7977,0
7978,1
7979,0
7980,0
7981,0
7982,1
7983,1
7984,0
7985,2
7986,3
7987,1
7988,2
7989,0
7990,2
7991,0
7992,1
7993,1
7994,1
7995,2
7996,3
7997,0
7998,0
7999,1
8000,3
8001,1
8002,1
8003,0
8004,0
8005,2
8006,2
8007,0
8008,0
8009,0
8010,2
8011,2
8012,0
8013,0
8014,0
8015,1
8016,0
8017,2
8018,0
8019,1
8020,0
8021,1
8022,1
8023,3
8024,1
8025,1
8026,3
8027,1
8028,4
8029,0
8030,0
8031,0
8032,0
8033,2
8034,2
8035,0
8036,0
8037,0
8038,4
8039,2
8040,3
8041,1
8042,0
8043,1
8044,0
8045,1
8046,0
8047,0
8048,1
8049,0
8050,2
8051,1
8052,1
8053,1
8054,1
8055,1
8056,1
8057,0
8058,0
8059,1
8060,0
8061,1
8062,0
8063,0
8064,1
8065,1
8066,0
8067,2
8068,0
8069,1
8070,1
8071,1
8072,1
8073,1
8074,0
8075,1
8076,0
8077,0
8078,1
8079,2
8080,2
8081,1
8082,3
8083,0
8084,2
8085,0
8086,1
8087,1
8088,0
8089,0
8090,0
8091,3
8092,2
8093,3
8094,2
8095,0
8096,1
8097,3
8098,1
8099,1
8100,1
8101,3
8102,3
8103,4
8104,2
8105,2
8106,4
8107,0
8108,3
8109,1
8110,0
8111,0
8112,0
8113,1
8114,3
8115,2
8116,1
8117,1
8118,1
8119,0
8120,4
8121,1
8122,3
8123,2
8124,3
8125,0
8126,1
8127,2
8128,0
8129,2
8130,0
8131,0
8132,0
8133,1
8134,4
8135,1
8136,1
8137,2
8138,0
8139,0
8140,2
8141,0
8142,1
8143,0
8144,1
8145,2
8146,2
8147,0
8148,1
8149,0
8150,0
8151,2
8152,2
8153,1
8154,1
8155,0
8156,2
8157,2
8158,2
8159,2
8160,0
8161,0
8162,2
8163,0
8164,1
8165,3
8166,0
8167,1
8168,0
8169,0
8170,0
8171,3
8172,2
8173,1
8174,1
8175,2
8176,4
8177,1
8178,0
8179,0
8180,1
8181,1
8182,0
8183,0
8184,0
8185,0
8186,0
8187,0
8188,1
8189,1
8190,0
8191,0
8192,0
8193,0
8194,1
8195,1
8196,1
8197,0
8198,0
8199,1
8200,1
8201,0
8202,1
8203,0
8204,0
8205,1
8206,1
8207,0
8208,2
8209,2
8210,1
8211,0
8212,0
8213,1
8214,3
8215,1
8216,1
8217,1
8218,1
8219,1
8220,2
8221,1
8222,1
8223,1
8224,2
8225,1
8226,3
8227,1
8228,1
8229,1
8230,2
8231,3
8232,0
8233,0
8234,0
8235,2
8236,1
8237,0
8238,2
8239,1
8240,0
8241,2
8242,3
8243,1
8244,0
8245,0
8246,0
8247,0
8248,3
8249,3
8250,0
8251,2
8252,1
8253,0
8254,2
8255,0
8256,0
8257,0
8258,1
8259,1
8260,0
8261,2
8262,1
8263,1
8264,0
8265,3
8266,3
8267,3
8268,1
8269,1
8270,0
8271,1
8272,1
8273,0
8274,2
8275,0
8276,0
8277,3
8278,1
8279,2
8280,1
8281,1
8282,2
8283,1
8284,0
8285,0
8286,2
8287,2
8288,1
8289,0
8290,4
8291,4
8292,1
8293,1
8294,1
8295,2
8296,0
8297,4
8298,0
8299,3
8300,0
8301,1
8302,3
8303,1
8304,0
8305,0
8306,0
8307,2
8308,1
8309,0
8310,0
8311,0
8312,1
8313,1
8314,0
8315,0
8316,1
8317,2
8318,0
8319,2
8320,1
8321,0
8322,1
8323,1
8324,0
8325,3
8326,1
8327,0
8328,4
8329,0
8330,1
8331,1
8332,0
8333,0
8334,3
8335,0
8336,2
8337,0
8338,2
8339,0
8340,1
8341,4
8342,1
8343,0
8344,0
8345,0
8346,0
8347,1
8348,0
8349,4
8350,0
8351,0
8352,0
8353,0
8354,0
8355,0
8356,0
8357,1
8358,1
8359,2
8360,0
8361,2
8362,2
8363,0
8364,1
8365,1
8366,2
8367,0
8368,1
8369,2
8370,2
8371,0
8372,1
8373,1
8374,1
8375,1
8376,1
8377,0
8378,4
8379,0
8380,1
8381,3
8382,1
8383,0
8384,0
8385,0
8386,0
8387,3
8388,0
8389,3
8390,1
8391,1
8392,2
8393,2
8394,0
8395,2
8396,2
8397,1
8398,2
8399,0
8400,0
8401,0
8402,4
8403,0
8404,1
8405,1
8406,0
8407,0
8408,2
8409,0
8410,1
8411,2
8412,1
8413,0
8414,0
8415,5
8416,0
8417,1
8418,2
8419,1
8420,1
8421,1
8422,3
8423,1
8424,2
8425,2
8426,1
8427,1
8428,1
8429,2
8430,1
8431,0
8432,2
8433,2
8434,5
8435,2
8436,3
8437,2
8438,1
8439,1
8440,0
8441,0
8442,1
8443,0
8444,1
8445,1
8446,1
8447,0
8448,4
8449,0
8450,1
8451,1
8452,0
8453,0
8454,3
8455,0
8456,0
8457,1
8458,0
8459,0
8460,4
8461,2
8462,1
8463,2
8464,1
8465,0
8466,2
8467,1
8468,2
8469,3
8470,1
8471,2
8472,1
8473,1
8474,0
8475,2
8476,3
8477,0
8478,4
8479,1
8480,0
8481,1
8482,0
8483,1
8484,1
8485,3
8486,1
8487,0
8488,3
8489,4
8490,0
8491,1
8492,0
8493,0
8494,0
8495,2
8496,1
8497,2
8498,1
8499,2
8500,1
8501,0
8502,2
8503,2
8504,1
8505,0
8506,0
8507,1
8508,1
8509,0
8510,0
8511,1
8512,3
8513,5
8514,2
8515,0
8516,1
8517,0
8518,1
8519,3
8520,0
8521,1
8522,2
8523,2
8524,0
8525,1
8526,1
8527,0
8528,2
8529,0
8530,1
8531,3
8532,2
8533,3
8534,0
8535,1
8536,1
8537,0
8538,1
8539,0
8540,2
8541,1
8542,2
8543,3
8544,2
8545,1
8546,0
8547,1
8548,0
8549,0
8550,1
8551,0
8552,0
8553,1
8554,1
8555,2
8556,0
8557,0
8558,0
8559,1
8560,0
8561,1
8562,0
8563,3
8564,0
8565,2
8566,2
8567,2
8568,2
8569,0
8570,1
8571,2
8572,0
8573,1
8574,2
8575,0
8576,0
8577,2
8578,1
8579,2
8580,3
8581,1
8582,2
8583,3
8584,0
8585,1
8586,4
8587,1
8588,1
8589,0
8590,2
8591,0
8592,1
8593,2
8594,0
8595,0
8596,2
8597,3
8598,0
8599,0
8600,0
8601,1
8602,2
8603,1
8604,0
8605,0
8606,0
8607,1
8608,5
8609,0
8610,0
8611,1
8612,0
8613,1
8614,1
8615,0
8616,0
8617,2
8618,1
8619,2
8620,0
8621,1
8622,0
8623,1
8624,0
8625,0
8626,1
8627,0
8628,2
8629,0
8630,0
8631,1
8632,0
8633,1
8634,3
8635,3
8636,1
8637,0
8638,0
8639,2
8640,0
8641,2
8642,2
8643,0
8644,1
8645,1
8646,3
8647,3
8648,0
8649,0
8650,2
8651,1
8652,0
8653,2
8654,0
8655,0
8656,1
8657,1
8658,0
8659,3
8660,0
8661,2
8662,0
8663,3
8664,0
8665,0
8666,1
8667,0
8668,2
8669,1
8670,0
8671,1
8672,0
8673,3
8674,0
8675,0
8676,2
8677,3
8678,1
8679,3
8680,3
8681,0
8682,0
8683,0
8684,0
8685,0
8686,2
8687,2
8688,1
8689,1
8690,2
8691,0
8692,3
8693,4
8694,0
8695,0
8696,0
8697,1
8698,0
8699,0
8700,1
8701,1
8702,0
8703,0
8704,3
8705,0
8706,1
8707,3
8708,1
8709,2
8710,1
8711,1
8712,1
8713,0
8714,1
8715,3
8716,1
8717,0
8718,4
8719,0
8720,0
8721,4
8722,1
8723,2
8724,0
8725,2
8726,2
8727,1
8728,2
8729,0
8730,0
8731,2
8732,1
8733,0
8734,0
8735,0
8736,0
8737,1
8738,0
8739,0
8740,0
8741,1
8742,2
8743,1
8744,1
8745,4
8746,1
8747,0
8748,0
8749,0
8750,0
8751,2
8752,0
8753,1
8754,1
8755,0
8756,4
8757,0
8758,2
8759,1
8760,2
8761,0
8762,0
8763,1
8764,0
8765,2
8766,4
8767,0
8768,1
8769,2
8770,1
8771,0
8772,4
8773,3
8774,1
8775,0
8776,0
8777,1
8778,0
8779,2
8780,2
8781,0
8782,0
8783,0
8784,0
8785,1
8786,0
8787,0
8788,3
8789,0
8790,1
8791,1
8792,0
8793,1
8794,0
8795,2
8796,3
8797,0
8798,3
8799,0
8800,1
8801,0
8802,0
8803,0
8804,0
8805,2
8806,2
8807,2
8808,0
8809,0
8810,4
8811,0
8812,2
8813,1
8814,1
8815,1
8816,1
8817,0
8818,5
8819,1
8820,1
8821,2
8822,1
8823,1
8824,2
8825,0
8826,0
8827,1
8828,1
8829,1
8830,2
8831,0
8832,0
8833,0
8834,2
8835,1
8836,2
8837,1
8838,0
8839,0
8840,1
8841,1
8842,0
8843,0
8844,0
8845,0
8846,0
8847,0
8848,3
8849,0
8850,2
8851,4
8852,0
8853,2
8854,0
8855,1
8856,0
8857,0
8858,1
8859,1
8860,3
8861,2
8862,1
8863,1
8864,1
8865,3
8866,3
8867,1
8868,1
8869,0
8870,0
8871,0
8872,0
8873,3
8874,2
8875,1
8876,0
8877,0
8878,1
8879,2
8880,2
8881,1
8882,1
8883,0
8884,0
8885,1
8886,3
8887,0
8888,1
8889,3
8890,0
8891,1
8892,2
8893,1
8894,0
8895,2
8896,2
8897,3
8898,0
8899,0
8900,0
8901,0
8902,1
8903,0
8904,0
8905,2
8906,2
8907,1
8908,2
8909,3
8910,1
8911,2
8912,1
8913,1
8914,3
8915,0
8916,0
8917,2
8918,1
8919,1
8920,0
8921,1
8922,1
8923,0
8924,1
8925,1
8926,1
8927,1
8928,1
8929,0
8930,2
8931,1
8932,0
8933,0
8934,0
8935,1
8936,1
8937,0
8938,3
8939,2
8940,3
8941,2
8942,1
8943,0
8944,0
8945,0
8946,4
8947,3
8948,0
8949,0
8950,1
8951,0
8952,1
8953,2
8954,0
8955,0
8956,2
8957,0
8958,2
8959,1
8960,0
8961,3
8962,0
8963,3
8964,3
8965,1
8966,2
8967,1
8968,0
8969,1
8970,1
8971,2
8972,0
8973,1
8974,0
8975,2
8976,1
8977,0
8978,1
8979,0
8980,2
8981,1
8982,1
8983,0
8984,1
8985,3
8986,0
8987,0
8988,0
8989,2
8990,2
8991,1
8992,0
8993,1
8994,4
8995,1
8996,0
8997,2
8998,1
8999,0
9000,1
9001,0
9002,0
9003,1
9004,4
9005,0
9006,1
9007,1
9008,0
9009,2
9010,0
9011,1
9012,1
9013,3
9014,5
9015,1
9016,2
9017,0
9018,1
9019,2
9020,1
9021,1
9022,0
9023,0
9024,0
9025,0
9026,1
9027,0
9028,2
9029,0
9030,2
9031,2
9032,1
9033,1
9034,3
9035,2
9036,0
9037,0
9038,2
9039,2
9040,3
9041,1
9042,0
9043,0
9044,1
9045,0
9046,0
9047,2
9048,0
9049,2
9050,0
9051,3
9052,3
9053,1
9054,3
9055,2
9056,1
9057,1
9058,3
9059,0
9060,1
9061,1
9062,2
9063,1
9064,1
9065,0
9066,2
9067,1
9068,2
9069,2
9070,0
9071,1
9072,2
9073,0
9074,1
9075,1
9076,1
9077,2
9078,1
9079,0
9080,0
9081,0
9082,2
9083,0
9084,1
9085,1
9086,0
9087,2
9088,1
9089,2
9090,2
9091,0
9092,1
9093,0
9094,1
9095,1
9096,0
9097,0
9098,2
9099,0
9100,1
9101,1
9102,0
9103,1
9104,1
9105,2
9106,0
9107,1
9108,1
9109,3
9110,1
9111,0
9112,1
9113,1
9114,0
9115,2
9116,1
9117,2
9118,1
9119,1
9120,3
9121,0
9122,1
9123,0
9124,1
9125,1
9126,0
9127,0
9128,0
9129,0
9130,0
9131,1
9132,3
9133,1
9134,1
9135,0
9136,0
9137,0
9138,0
9139,2
9140,0
9141,3
9142,1
9143,1
9144,1
9145,0
9146,0
9147,0
9148,1
9149,1
9150,1
9151,0
9152,1
9153,2
9154,0
9155,1
9156,0
9157,0
9158,1
9159,1
9160,1
9161,1
9162,0
9163,1
9164,2
9165,2
9166,0
9167,2
9168,0
9169,1
9170,2
9171,1
9172,1
9173,1
9174,1
9175,1
9176,0
9177,1
9178,2
9179,4
9180,1
9181,0
9182,3
9183,2
9184,4
9185,2
9186,0
9187,2
9188,3
9189,2
9190,0
9191,1
9192,1
9193,0
9194,1
9195,1
9196,1
9197,1
9198,3
9199,1
9200,1
9201,0
9202,0
9203,1
9204,4
9205,2
9206,0
9207,0
9208,0
9209,0
9210,0
9211,0
9212,0
9213,0
9214,3
9215,1
9216,2
9217,0
9218,1
9219,1
9220,3
9221,1
9222,0
9223,1
9224,1
9225,3
9226,2
9227,0
9228,2
9229,1
9230,1
9231,0
9232,2
9233,3
9234,0
9235,0
9236,1
9237,1
9238,1
9239,0
9240,0
9241,1
9242,0
9243,2
9244,1
9245,1
9246,4
9247,0
9248,1
9249,2
9250,1
9251,2
9252,1
9253,1
9254,0
9255,1
9256,0
9257,1
9258,1
9259,0
9260,2
9261,2
9262,2
9263,0
9264,1
9265,2
9266,2
9267,1
9268,1
9269,1
9270,0
9271,2
9272,3
9273,0
9274,2
9275,0
9276,0
9277,1
9278,0
9279,1
9280,1
9281,0
9282,0
9283,0
9284,2
9285,0
9286,1
9287,2
9288,1
9289,0
9290,0
9291,0
9292,1
9293,0
9294,3
9295,2
9296,0
9297,1
9298,2
9299,2
9300,1
9301,1
9302,1
9303,2
9304,1
9305,1
9306,1
9307,1
9308,0
9309,2
9310,1
9311,4
9312,1
9313,1
9314,3
9315,0
9316,1
9317,1
9318,0
9319,2
9320,2
9321,0
9322,0
9323,0
9324,0
9325,0
9326,1
9327,1
9328,0
9329,1
9330,1
9331,2
9332,0
9333,2
9334,2
9335,3
9336,1
9337,1
9338,1
9339,1
9340,0
9341,0
9342,0
9343,1
9344,1
9345,0
9346,2
9347,1
9348,1
9349,2
9350,2
9351,2
9352,0
9353,2
9354,3
9355,1
9356,1
9357,4
9358,1
9359,1
9360,3
9361,1
9362,2
9363,2
9364,0
9365,3
9366,2
9367,0
9368,0
9369,0
9370,1
9371,1
9372,0
9373,1
9374,1
9375,2
9376,1
9377,0
9378,0
9379,2
9380,2
9381,0
9382,2
9383,1
9384,3
9385,0
9386,1
9387,0
9388,0
9389,2
9390,0
9391,2
9392,0
9393,1
9394,0
9395,0
9396,0
9397,1
9398,1
9399,0
9400,2
9401,1
9402,3
9403,2
9404,2
9405,1
9406,1
9407,1
9408,0
9409,0
9410,1
9411,0
9412,0
9413,4
9414,1
9415,0
9416,1
9417,1
9418,0
9419,0
9420,1
9421,0
9422,0
9423,0
9424,1
9425,0
9426,0
9427,3
9428,0
9429,0
9430,3
9431,0
9432,2
9433,1
9434,1
9435,0
9436,1
9437,2
9438,2
9439,1
9440,0
9441,0
9442,1
9443,0
9444,0
9445,0
9446,2
9447,0
9448,0
9449,0
9450,2
9451,2
9452,3
9453,2
9454,0
9455,2
9456,3
9457,1
9458,2
9459,2
9460,1
9461,1
9462,2
9463,0
9464,2
9465,1
9466,1
9467,0
9468,0
9469,0
9470,1
9471,0
9472,0
9473,0
9474,1
9475,3
9476,0
9477,2
9478,0
9479,0
9480,2
9481,2
9482,0
9483,0
9484,1
9485,0
9486,0
9487,0
9488,2
9489,1
9490,0
9491,1
9492,0
9493,5
9494,0
9495,3
9496,2
9497,2
9498,0
9499,1
9500,0
9501,1
9502,1
9503,1
9504,2
9505,2
9506,1
9507,1
9508,0
9509,1
9510,3
9511,2
9512,2
9513,0
9514,1
9515,1
9516,2
9517,2
9518,1
9519,4
9520,1
9521,0
9522,0
9523,0
9524,5
9525,1
9526,4
9527,1
9528,4
9529,3
9530,3
9531,0
9532,1
9533,0
9534,1
9535,0
9536,2
9537,3
9538,0
9539,0
9540,1
9541,2
9542,1
9543,1
9544,2
9545,0
9546,5
9547,1
9548,1
9549,0
9550,1
9551,4
9552,1
9553,1
9554,0
9555,0
9556,1
9557,0
9558,0
9559,4
9560,2
9561,1
9562,2
9563,0
9564,0
9565,3
9566,0
9567,0
9568,1
9569,0
9570,1
9571,0
9572,1
9573,0
9574,1
9575,0
9576,0
9577,4
9578,3
9579,1
9580,1
9581,0
9582,1
9583,1
9584,1
9585,0
9586,1
9587,1
9588,1
9589,2
9590,0
9591,0
9592,0
9593,1
9594,1
9595,0
9596,1
9597,0
9598,1
9599,0
9600,1
9601,1
9602,3
9603,0
9604,3
9605,3
9606,2
9607,1
9608,1
9609,0
9610,2
9611,3
9612,1
9613,1
9614,0
9615,1
9616,2
9617,0
9618,1
9619,0
9620,0
9621,0
9622,1
9623,1
9624,2
9625,1
9626,0
9627,0
9628,0
9629,0
9630,0
9631,0
9632,0
9633,2
9634,2
9635,2
9636,2
9637,0
9638,0
9639,0
9640,1
9641,1
9642,0
9643,1
9644,0
9645,1
9646,1
9647,1
9648,1
9649,2
9650,0
9651,1
9652,1
9653,2
9654,1
9655,0
9656,1
9657,1
9658,2
9659,1
9660,0
9661,0
9662,1
9663,0
9664,0
9665,1
9666,1
9667,1
9668,3
9669,1
9670,0
9671,1
9672,1
9673,0
9674,0
9675,0
9676,1
9677,1
9678,0
9679,2
9680,2
9681,0
9682,0
9683,3
9684,1
9685,3
9686,1
9687,0
9688,2
9689,0
9690,1
9691,0
9692,0
9693,0
9694,0
9695,0
9696,1
9697,2
9698,0
9699,1
9700,2
9701,1
9702,2
9703,1
9704,0
9705,0
9706,1
9707,1
9708,2
9709,0
9710,1
9711,2
9712,0
9713,3
9714,2
9715,2
9716,1
9717,3
9718,0
9719,3
9720,0
9721,3
9722,2
9723,2
9724,2
9725,0
9726,0
9727,1
9728,1
9729,1
9730,3
9731,1
9732,2
9733,1
9734,0
9735,0
9736,1
9737,0
9738,1
9739,2
9740,0
9741,0
9742,2
9743,1
9744,3
9745,1
9746,3
9747,0
9748,1
9749,0
9750,2
9751,1
9752,2
9753,1
9754,1
9755,3
9756,0
9757,0
9758,1
9759,0
9760,1
9761,2
9762,4
9763,1
9764,3
9765,2
9766,0
9767,1
9768,2
9769,0
9770,2
9771,2
9772,1
9773,3
9774,1
9775,0
9776,2
9777,2
9778,1
9779,0
9780,0
9781,1
9782,0
9783,0
9784,2
9785,0
9786,0
9787,2
9788,1
9789,0
9790,3
9791,1
9792,0
9793,1
9794,4
9795,1
9796,0
9797,1
9798,1
9799,3
9800,1
9801,3
9802,0
9803,2
9804,2
9805,2
9806,0
9807,0
9808,1
9809,1
9810,0
9811,0
9812,1
9813,2
9814,0
9815,0
9816,1
9817,0
9818,1
9819,0
9820,1
9821,4
9822,2
9823,1
9824,2
9825,0
9826,1
9827,0
9828,0
9829,0
9830,0
9831,1
9832,0
9833,3
9834,0
9835,0
9836,0
9837,1
9838,0
9839,0
9840,0
9841,2
9842,1
9843,1
9844,0
9845,2
9846,4
9847,0
9848,0
9849,2
9850,1
9851,1
9852,1
9853,3
9854,1
9855,0
9856,0
9857,3
9858,2
9859,1
9860,1
9861,0
9862,3
9863,1
9864,1
9865,1
9866,2
9867,2
9868,1
9869,1
9870,1
9871,1
9872,5
9873,1
9874,2
9875,3
9876,0
9877,1
9878,1
9879,0
9880,0
9881,2
9882,1
9883,3
9884,1
9885,2
9886,0
9887,2
9888,0
9889,0
9890,0
9891,1
9892,1
9893,0
9894,1
9895,1
9896,1
9897,1
9898,2
9899,1
9900,1
9901,0
9902,0
9903,0
9904,0
9905,1
9906,4
9907,1
9908,0
9909,0
9910,1
9911,3
9912,1
9913,2
9914,2
9915,0
9916,1
9917,1
9918,0
9919,2
9920,1
9921,0
9922,0
9923,0
9924,2
9925,0
9926,1
9927,0
9928,0
9929,0
9930,0
9931,0
9932,1
9933,1
9934,1
9935,3
9936,3
9937,1
9938,1
9939,1
9940,1
9941,0
9942,0
9943,2
9944,0
9945,0
9946,0
9947,0
9948,3
9949,1
9950,2
9951,1
9952,0
9953,1
9954,1
9955,1
9956,1
9957,0
9958,1
9959,0
9960,2
9961,1
9962,6
9963,1
9964,1
9965,0
9966,3
9967,0
9968,1
9969,0
9970,2
9971,1
9972,2
9973,1
9974,1
9975,0
9976,4
9977,0
9978,2
9979,1
9980,1
9981,1
9982,1
9983,2
9984,3
9985,3
9986,1
9987,0
9988,0
9989,0
9990,0
9991,0
9992,1
9993,1
9994,0
9995,0
9996,1
9997,0
9998,1
9999,0
