0,44
1,124
2,161
3,68
4,5
5,96
6,45
7,104
8,0
9,73
10,0
11,0
12,0
13,109
14,120
15,0
16,9
17,0
18,0
19,0
20,0
21,1
22,22
23,49
24,3
25,14
26,29
27,0
28,5
29,9
30,2
31,0
32,58
33,27
34,37
35,0
36,60
37,0
38,0
39,2
40,56
41,0
42,1
43,0
44,0
45,15
46,43
47,4
48,0
49,22
50,31
51,49
52,0
53,0
54,0
55,0
56,0
57,40
58,0
59,12
60,0
61,0
62,13
63,0
64,0
65,12
66,6
67,17
68,14
69,46
70,8
71,14
72,5
73,26
74,24
75,0
76,7
77,30
78,18
79,10
80,21
81,16
82,12
83,0
84,0
85,0
86,0
87,6
88,10
89,0
90,4
91,5
92,9
93,0
94,0
95,21
96,0
97,19
98,45
99,8
100,0
101,4
102,5
103,17
104,0
105,2
106,0
107,2
108,0
109,17
110,0
111,19
112,32
113,3
114,8
115,24
116,1
117,6
118,3
119,5
120,0
121,0
122,32
123,0
124,0
125,27
126,24
127,0
128,14
129,7
130,8
131,0
132,4
133,0
134,32
135,0
136,0
137,36
138,42
139,6
140,36
141,15
142,4
143,21
144,0
145,12
146,2
147,7
148,15
149,16
150,0
151,9
152,0
153,1
154,35
155,2
156,7
157,3
158,0
159,0
160,28
161,9
162,9
163,6
164,3
165,7
166,32
167,2
168,0
169,0
170,1
171,0
172,7
173,4
174,0
175,0
176,7
177,4
178,6
179,0
180,4
181,12
182,14
183,2
184,6
185,4
186,30
187,0
188,11
189,0
190,15
191,16
192,0
193,15
194,0
195,0
196,0
197,2
198,0
199,38
200,7
201,11
202,0
203,0
204,0
205,2
206,1
207,0
208,19
209,15
210,0
211,8
212,19
213,0
214,21
215,0
216,8
217,0
218,0
219,5
220,16
221,4
222,13
223,13
224,0
225,7
226,2
227,20
228,0
229,4
230,0
231,0
232,6
233,16
234,19
235,27
236,0
237,0
238,0
239,0
240,0
241,8
242,5
243,0
244,0
245,0
246,5
247,0
248,13
249,3
250,0
251,0
252,2
253,3
254,23
255,6
256,9
257,0
258,4
259,8
260,7
261,3
262,0
263,3
264,6
265,0
266,2
267,31
268,8
269,10
270,4
271,38
272,3
273,4
274,5
275,0
276,22
277,5
278,3
279,3
280,0
281,0
282,4
283,7
284,0
285,0
286,0
287,2
288,21
289,4
290,4
291,4
292,0
293,0
294,0
295,29
296,2
297,1
298,7
299,0
300,6
301,9
302,1
303,22
304,0
305,13
306,0
307,0
308,12
309,21
310,4
311,12
312,0
313,2
314,13
315,8
316,1
317,6
318,0
319,3
320,3
321,0
322,3
323,0
324,1
325,16
326,6
327,1
328,3
329,0
330,1
331,27
332,0
333,0
334,11
335,9
336,0
337,0
338,10
339,3
340,11
341,0
342,9
343,2
344,3
345,0
346,7
347,9
348,25
349,0
350,0
351,0
352,0
353,8
354,27
355,1
356,0
357,13
358,7
359,0
360,25
361,6
362,11
363,10
364,3
365,0
366,13
367,8
368,10
369,1
370,20
371,2
372,0
373,6
374,11
375,0
376,0
377,1
378,0
379,7
380,4
381,0
382,12
383,13
384,0
385,0
386,0
387,7
388,0
389,0
390,1
391,18
392,11
393,6
394,4
395,4
396,4
397,0
398,0
399,3
400,0
401,0
402,4
403,0
404,10
405,8
406,1
407,0
408,6
409,10
410,13
411,6
412,11
413,12
414,0
415,4
416,0
417,1
418,1
419,13
420,0
421,6
422,3
423,6
424,1
425,8
426,0
427,8
428,5
429,0
430,3
431,9
432,0
433,4
434,8
435,1
436,8
437,19
438,0
439,5
440,0
441,11
442,14
443,5
444,0
445,2
446,0
447,6
448,2
449,2
450,4
451,4
452,0
453,0
454,3
455,0
456,0
457,2
458,2
459,2
460,3
461,3
462,23
463,0
464,5
465,6
466,0
467,4
468,1
469,0
470,13
471,3
472,4
473,7
474,2
475,0
476,3
477,6
478,9
479,3
480,3
481,18
482,6
483,14
484,8
485,0
486,0
487,4
488,4
489,0
490,6
491,9
492,0
493,9
494,23
495,7
496,5
497,6
498,6
499,9
500,5
501,6
502,8
503,4
504,0
505,0
506,5
507,0
508,10
509,8
510,3
511,0
512,4
513,0
514,2
515,1
516,3
517,3
518,3
519,26
520,0
521,18
522,0
523,8
524,1
525,0
526,0
527,0
528,0
529,2
530,3
531,11
532,2
533,9
534,1
535,4
536,4
537,20
538,0
539,0
540,18
541,0
542,12
543,5
544,0
545,16
546,6
547,2
548,1
549,3
550,15
551,0
552,11
553,0
554,17
555,17
556,0
557,3
558,1
559,5
560,0
561,0
562,0
563,19
564,2
565,0
566,7
567,4
568,6
569,8
570,0
571,1
572,3
573,0
574,0
575,6
576,0
577,10
578,7
579,21
580,7
581,0
582,0
583,2
584,7
585,3
586,11
587,7
588,0
589,2
590,4
591,1
592,7
593,0
594,2
595,9
596,39
597,8
598,2
599,1
600,4
601,7
602,1
603,7
604,2
605,13
606,0
607,0
608,4
609,10
610,0
611,6
612,7
613,2
614,0
615,16
616,2
617,7
618,2
619,2
620,1
621,11
622,1
623,0
624,5
625,0
626,0
627,0
628,0
629,4
630,3
631,0
632,1
633,1
634,5
635,1
636,0
637,13
638,18
639,0
640,10
641,0
642,2
643,0
644,10
645,12
646,0
647,3
648,0
649,0
650,0
651,2
652,0
653,1
654,0
655,0
656,0
657,2
658,2
659,4
660,0
661,0
662,11
663,0
664,5
665,0
666,0
667,15
668,0
669,0
670,3
671,5
672,8
673,1
674,20
675,2
676,2
677,0
678,3
679,0
680,4
681,0
682,2
683,6
684,2
685,2
686,0
687,1
688,2
689,0
690,0
691,1
692,0
693,0
694,6
695,25
696,13
697,0
698,0
699,1
700,3
701,0
702,5
703,2
704,4
705,0
706,0
707,5
708,0
709,1
710,0
711,6
712,3
713,0
714,1
715,0
716,0
717,3
718,1
719,13
720,3
721,0
722,2
723,18
724,0
725,0
726,0
727,1
728,9
729,6
730,0
731,0
732,0
733,8
734,7
735,0
736,5
737,6
738,8
739,27
740,0
741,0
742,0
743,11
744,1
745,20
746,24
747,15
748,10
749,0
750,0
751,0
752,11
753,2
754,0
755,3
756,0
757,1
758,1
759,1
760,12
761,0
762,8
763,0
764,1
765,7
766,18
767,5
768,0
769,8
770,2
771,5
772,8
773,7
774,8
775,6
776,2
777,11
778,6
779,2
780,1
781,4
782,10
783,1
784,0
785,9
786,1
787,2
788,1
789,1
790,2
791,1
792,0
793,1
794,3
795,2
796,3
797,0
798,3
799,0
800,0
801,4
802,0
803,4
804,3
805,0
806,0
807,8
808,4
809,3
810,10
811,1
812,1
813,2
814,2
815,2
816,6
817,7
818,0
819,1
820,15
821,14
822,0
823,3
824,7
825,5
826,5
827,3
828,0
829,0
830,0
831,0
832,11
833,0
834,7
835,14
836,0
837,0
838,4
839,0
840,0
841,8
842,0
843,0
844,3
845,2
846,5
847,4
848,0
849,0
850,6
851,0
852,3
853,0
854,0
855,12
856,2
857,0
858,12
859,0
860,4
861,0
862,0
863,6
864,4
865,2
866,0
867,13
868,6
869,1
870,3
871,13
872,13
873,3
874,15
875,0
876,0
877,1
878,1
879,5
880,0
881,2
882,5
883,0
884,0
885,0
886,8
887,0
888,2
889,1
890,11
891,1
892,2
893,1
894,0
895,1
896,7
897,0
898,0
899,0
900,7
901,0
902,5
903,4
904,0
905,4
906,2
907,11
908,11
909,3
910,0
911,0
912,5
913,6
914,0
915,5
916,2
917,0
918,0
919,2
920,0
921,4
922,3
923,4
924,2
925,0
926,4
927,3
928,5
929,0
930,0
931,4
932,0
933,3
934,0
935,8
936,1
937,0
938,0
939,0
940,9
941,3
942,0
943,0
944,1
945,0
946,6
947,8
948,5
949,3
950,9
951,17
952,15
953,0
954,2
955,0
956,1
957,0
958,1
959,1
960,0
961,4
962,12
963,3
964,0
965,2
966,4
967,0
968,6
969,0
970,0
971,4
972,0
973,11
974,0
975,0
976,2
977,0
978,1
979,3
980,3
981,9
982,0
983,2
984,4
985,0
986,0
987,8
988,0
989,0
990,0
991,0
992,2
993,0
994,1
995,4
996,8
997,5
998,0
999,0
1000,4
1001,0
1002,11
1003,0
1004,0
1005,18
1006,8
1007,9
1008,2
1009,0
1010,1
1011,1
1012,3
1013,8
1014,0
1015,8
1016,4
1017,4
1018,0
1019,0
1020,0
1021,2
1022,0
1023,0
1024,1
1025,5
1026,0
1027,0
1028,1
1029,0
1030,1
1031,0
1032,17
1033,7
1034,5
1035,6
1036,0
1037,5
1038,0
1039,5
1040,0
1041,6
1042,7
1043,16
1044,0
1045,0
1046,5
1047,2
1048,0
1049,12
1050,0
1051,8
1052,7
1053,5
1054,0
1055,6
1056,4
1057,2
1058,4
1059,8
1060,7
1061,0
1062,3
1063,8
1064,1
1065,2
1066,4
1067,6
1068,0
1069,10
1070,0
1071,0
1072,1
1073,3
1074,0
1075,4
1076,5
1077,5
1078,3
1079,0
1080,3
1081,5
1082,9
1083,2
1084,0
1085,3
1086,3
1087,14
1088,6
1089,1
1090,4
1091,0
1092,5
1093,3
1094,0
1095,4
1096,1
1097,0
1098,3
1099,2
1100,0
1101,0
1102,0
1103,0
1104,8
1105,2
1106,5
1107,1
1108,1
1109,0
1110,4
1111,0
1112,9
1113,0
1114,0
1115,8
1116,1
1117,0
1118,0
1119,8
1120,3
1121,3
1122,0
1123,0
1124,0
1125,1
1126,4
1127,0
1128,5
1129,0
1130,1
1131,2
1132,6
1133,23
1134,0
1135,0
1136,0
1137,9
1138,1
1139,0
1140,2
1141,3
1142,1
1143,9
1144,5
1145,0
1146,2
1147,5
1148,5
1149,0
1150,0
1151,0
1152,0
1153,0
1154,0
1155,22
1156,1
1157,0
1158,1
1159,1
1160,5
1161,0
1162,3
1163,0
1164,0
1165,10
1166,4
1167,2
1168,0
1169,0
1170,6
1171,0
1172,0
1173,2
1174,1
1175,11
1176,5
1177,8
1178,8
1179,1
1180,0
1181,1
1182,7
1183,0
1184,3
1185,4
1186,8
1187,23
1188,9
1189,0
1190,2
1191,0
1192,0
1193,0
1194,2
1195,2
1196,4
1197,0
1198,2
1199,0
1200,2
1201,0
1202,0
1203,0
1204,1
1205,7
1206,8
1207,0
1208,0
1209,10
1210,0
1211,5
1212,5
1213,6
1214,1
1215,4
1216,0
1217,8
1218,2
1219,5
1220,0
1221,5
1222,7
1223,0
1224,0
1225,0
1226,9
1227,0
1228,1
1229,0
1230,1
1231,2
1232,5
1233,14
1234,4
1235,9
1236,1
1237,0
1238,4
1239,1
1240,4
1241,0
1242,0
1243,0
1244,0
1245,1
1246,6
1247,3
1248,2
1249,0
1250,0
1251,3
1252,2
1253,7
1254,0
1255,2
1256,0
1257,11
1258,1
1259,0
1260,0
1261,3
1262,0
1263,0
1264,1
1265,5
1266,0
1267,6
1268,0
1269,6
1270,0
1271,2
1272,1
1273,9
1274,6
1275,2
1276,1
1277,8
1278,0
1279,5
1280,0
1281,0
1282,0
1283,4
1284,0
1285,0
1286,8
1287,8
1288,5
1289,3
1290,1
1291,6
1292,7
1293,0
1294,2
1295,0
1296,0
1297,0
1298,3
1299,1
1300,2
1301,0
1302,3
1303,4
1304,4
1305,1
1306,6
1307,5
1308,0
1309,0
1310,0
1311,2
1312,2
1313,0
1314,8
1315,4
1316,0
1317,3
1318,6
1319,0
1320,1
1321,0
1322,5
1323,7
1324,0
1325,0
1326,0
1327,0
1328,3
1329,9
1330,0
1331,0
1332,0
1333,1
1334,0
1335,1
1336,2
1337,0
1338,0
1339,5
1340,0
1341,2
1342,2
1343,3
1344,0
1345,9
1346,0
1347,0
1348,3
1349,0
1350,1
1351,5
1352,0
1353,7
1354,2
1355,5
1356,0
1357,0
1358,0
1359,0
1360,0
1361,0
1362,0
1363,0
1364,3
1365,0
1366,0
1367,3
1368,1
1369,4
1370,1
1371,9
1372,1
1373,1
1374,1
1375,2
1376,3
1377,14
1378,1
1379,0
1380,0
1381,7
1382,9
1383,1
1384,0
1385,0
1386,2
1387,2
1388,2
1389,2
1390,5
1391,17
1392,2
1393,3
1394,1
1395,1
1396,2
1397,1
1398,5
1399,4
1400,4
1401,5
1402,2
1403,0
1404,1
1405,0
1406,3
1407,0
1408,4
1409,3
1410,3
1411,3
1412,7
1413,0
1414,0
1415,0
1416,2
1417,0
1418,10
1419,0
1420,5
1421,1
1422,3
1423,2
1424,6
1425,0
1426,0
1427,1
1428,5
1429,1
1430,0
1431,0
1432,16
1433,3
1434,0
1435,3
1436,0
1437,1
1438,1
1439,3
1440,0
1441,5
1442,1
1443,8
1444,1
1445,4
1446,0
1447,4
1448,2
1449,0
1450,4
1451,1
1452,2
1453,2
1454,0
1455,4
1456,0
1457,5
1458,0
1459,2
1460,4
1461,5
1462,0
1463,0
1464,2
1465,0
1466,6
1467,4
1468,0
1469,3
1470,6
1471,3
1472,0
1473,0
1474,0
1475,4
1476,1
1477,1
1478,0
1479,0
1480,1
1481,0
1482,0
1483,0
1484,14
1485,9
1486,1
1487,3
1488,8
1489,5
1490,0
1491,4
1492,1
1493,15
1494,0
1495,8
1496,5
1497,13
1498,0
1499,0
1500,0
1501,4
1502,1
1503,3
1504,3
1505,0
1506,1
1507,0
1508,6
1509,0
1510,0
1511,2
1512,1
1513,0
1514,1
1515,6
1516,0
1517,0
1518,1
1519,0
1520,0
1521,7
1522,1
1523,5
1524,8
1525,2
1526,0
1527,4
1528,0
1529,0
1530,3
1531,8
1532,1
1533,0
1534,0
1535,1
1536,1
1537,4
1538,1
1539,3
1540,0
1541,1
1542,1
1543,5
1544,0
1545,2
1546,0
1547,0
1548,1
1549,0
1550,0
1551,0
1552,0
1553,3
1554,8
1555,4
1556,5
1557,8
1558,1
1559,1
1560,0
1561,1
1562,2
1563,1
1564,3
1565,2
1566,4
1567,0
1568,0
1569,0
1570,2
1571,0
1572,0
1573,0
1574,0
1575,1
1576,5
1577,3
1578,1
1579,2
1580,0
1581,0
1582,0
1583,0
1584,2
1585,1
1586,0
1587,1
1588,1
1589,3
1590,2
1591,3
1592,1
1593,2
1594,7
1595,1
1596,0
1597,6
1598,0
1599,1
1600,2
1601,2
1602,0
1603,1
1604,0
1605,0
1606,4
1607,0
1608,7
1609,0
1610,4
1611,0
1612,1
1613,10
1614,9
1615,2
1616,0
1617,6
1618,0
1619,2
1620,5
1621,2
1622,5
1623,0
1624,0
1625,3
1626,0
1627,0
1628,6
1629,3
1630,0
1631,2
1632,5
1633,0
1634,7
1635,2
1636,4
1637,3
1638,2
1639,8
1640,1
1641,3
1642,0
1643,0
1644,1
1645,11
1646,2
1647,1
1648,18
1649,9
1650,2
1651,0
1652,8
1653,7
1654,3
1655,0
1656,1
1657,2
1658,1
1659,5
1660,0
1661,0
1662,0
1663,4
1664,2
1665,5
1666,3
1667,2
1668,0
1669,5
1670,5
1671,2
1672,0
1673,1
1674,8
1675,16
1676,1
1677,0
1678,0
1679,7
1680,4
1681,0
1682,2
1683,1
1684,0
1685,6
1686,0
1687,1
1688,3
1689,0
1690,0
1691,7
1692,12
1693,0
1694,0
1695,6
1696,0
1697,1
1698,1
1699,1
1700,0
1701,9
1702,2
1703,0
1704,0
1705,0
1706,4
1707,5
1708,1
1709,6
1710,5
1711,2
1712,7
1713,3
1714,8
1715,0
1716,4
1717,2
1718,13
1719,3
1720,1
1721,0
1722,0
1723,0
1724,0
1725,0
1726,2
1727,3
1728,8
1729,9
1730,2
1731,2
1732,1
1733,2
1734,4
1735,0
1736,7
1737,1
1738,0
1739,0
1740,3
1741,0
1742,0
1743,12
1744,2
1745,2
1746,7
1747,0
1748,0
1749,2
1750,2
1751,5
1752,3
1753,7
1754,4
1755,8
1756,2
1757,0
1758,5
1759,2
1760,1
1761,0
1762,1
1763,6
1764,0
1765,2
1766,0
1767,5
1768,1
1769,0
1770,3
1771,4
1772,5
1773,2
1774,1
1775,2
1776,2
1777,1
1778,9
1779,0
1780,0
1781,0
1782,2
1783,0
1784,5
1785,2
1786,4
1787,13
1788,3
1789,2
1790,2
1791,10
1792,10
1793,0
1794,1
1795,1
1796,0
1797,0
1798,0
1799,6
1800,1
1801,4
1802,3
1803,1
1804,0
1805,0
1806,0
1807,4
1808,4
1809,1
1810,2
1811,2
1812,4
1813,2
1814,2
1815,0
1816,0
1817,0
1818,10
1819,2
1820,7
1821,0
1822,0
1823,0
1824,0
1825,0
1826,2
1827,1
1828,1
1829,2
1830,5
1831,1
1832,6
1833,7
1834,6
1835,0
1836,2
1837,1
1838,3
1839,3
1840,0
1841,5
1842,0
1843,0
1844,0
1845,0
1846,4
1847,2
1848,0
1849,13
1850,1
1851,0
1852,1
1853,0
1854,3
1855,6
1856,1
1857,8
1858,3
1859,1
1860,7
1861,0
1862,0
1863,0
1864,0
1865,0
1866,0
1867,3
1868,3
1869,0
1870,0
1871,0
1872,1
1873,1
1874,0
1875,6
1876,1
1877,0
1878,6
1879,6
1880,10
1881,2
1882,5
1883,0
1884,1
1885,5
1886,1
1887,4
1888,0
1889,2
1890,2
1891,3
1892,1
1893,3
1894,2
1895,0
1896,2
1897,0
1898,6
1899,5
1900,1
1901,1
1902,0
1903,0
1904,6
1905,0
1906,0
1907,0
1908,1
1909,5
1910,0
1911,0
1912,1
1913,6
1914,0
1915,3
1916,1
1917,2
1918,5
1919,8
1920,0
1921,4
1922,1
1923,3
1924,0
1925,0
1926,2
1927,0
1928,5
1929,4
1930,0
1931,0
1932,4
1933,0
1934,0
1935,0
1936,1
1937,0
1938,6
1939,0
1940,3
1941,0
1942,1
1943,0
1944,2
1945,6
1946,0
1947,0
1948,7
1949,13
1950,5
1951,0
1952,2
1953,1
1954,0
1955,0
1956,2
1957,4
1958,0
1959,5
1960,2
1961,8
1962,2
1963,1
1964,6
1965,3
1966,1
1967,5
1968,2
1969,3
1970,0
1971,0
1972,0
1973,1
1974,0
1975,0
1976,0
1977,4
1978,0
1979,0
1980,4
1981,5
1982,0
1983,0
1984,0
1985,0
1986,1
1987,2
1988,0
1989,1
1990,3
1991,2
1992,0
1993,7
1994,3
1995,0
1996,6
1997,6
1998,4
1999,0
2000,0
2001,0
2002,3
2003,2
2004,4
2005,7
2006,6
2007,2
2008,1
2009,5
2010,3
2011,6
2012,6
2013,3
2014,1
2015,0
2016,0
2017,5
2018,0
2019,0
2020,0
2021,6
2022,1
2023,4
2024,0
2025,0
2026,6
2027,2
2028,4
2029,1
2030,0
2031,0
2032,3
2033,0
2034,2
2035,1
2036,0
2037,0
2038,1
2039,1
2040,2
2041,0
2042,7
2043,5
2044,0
2045,0
2046,0
2047,1
2048,6
2049,3
2050,0
2051,0
2052,1
2053,0
2054,8
2055,2
2056,3
2057,0
2058,0
2059,3
2060,7
2061,0
2062,3
2063,1
2064,0
2065,0
2066,5
2067,0
2068,3
2069,1
2070,2
2071,0
2072,0
2073,4
2074,0
2075,0
2076,1
2077,3
2078,1
2079,4
2080,0
2081,3
2082,0
2083,1
2084,0
2085,0
2086,0
2087,3
2088,1
2089,0
2090,9
2091,7
2092,1
2093,7
2094,2
2095,1
2096,3
2097,8
2098,0
2099,2
2100,0
2101,1
2102,0
2103,3
2104,0
2105,1
2106,0
2107,3
2108,6
2109,0
2110,2
2111,1
2112,4
2113,2
2114,1
2115,0
2116,1
2117,5
2118,0
2119,0
2120,3
2121,0
2122,1
2123,0
2124,0
2125,4
2126,1
2127,0
2128,9
2129,0
2130,0
2131,0
2132,1
2133,2
2134,0
2135,9
2136,3
2137,3
2138,0
2139,2
2140,0
2141,0
2142,0
2143,2
2144,3
2145,2
2146,2
2147,8
2148,1
2149,0
2150,11
2151,0
2152,0
2153,7
2154,10
2155,0
2156,5
2157,5
2158,6
2159,0
2160,0
2161,2
2162,0
2163,3
2164,1
2165,0
2166,3
2167,1
2168,0
2169,2
2170,0
2171,0
2172,0
2173,0
2174,0
2175,0
2176,5
2177,1
2178,2
2179,0
2180,3
2181,3
2182,6
2183,0
2184,4
2185,3
2186,2
2187,2
2188,0
2189,0
2190,2
2191,5
2192,0
2193,0
2194,2
2195,1
2196,1
2197,3
2198,6
2199,0
2200,8
2201,3
2202,12
2203,7
2204,2
2205,0
2206,8
2207,0
2208,2
2209,0
2210,0
2211,4
2212,0
2213,1
2214,3
2215,0
2216,1
2217,5
2218,2
2219,5
2220,7
2221,3
2222,0
2223,1
2224,6
2225,1
2226,3
2227,0
2228,3
2229,12
2230,1
2231,3
2232,6
2233,4
2234,3
2235,1
2236,11
2237,2
2238,0
2239,3
2240,0
2241,0
2242,0
2243,5
2244,0
2245,1
2246,2
2247,3
2248,7
2249,0
2250,3
2251,0
2252,0
2253,9
2254,1
2255,2
2256,4
2257,7
2258,7
2259,2
2260,0
2261,0
2262,2
2263,4
2264,2
2265,4
2266,2
2267,5
2268,0
2269,3
2270,1
2271,0
2272,2
2273,4
2274,1
2275,5
2276,1
2277,0
2278,1
2279,4
2280,1
2281,0
2282,3
2283,0
2284,3
2285,1
2286,1
2287,1
2288,0
2289,4
2290,1
2291,0
2292,0
2293,1
2294,1
2295,1
2296,0
2297,3
2298,7
2299,3
2300,2
2301,5
2302,8
2303,1
2304,3
2305,0
2306,0
2307,12
2308,2
2309,1
2310,0
2311,2
2312,0
2313,7
2314,3
2315,7
2316,0
2317,0
2318,3
2319,7
2320,0
2321,0
2322,0
2323,0
2324,0
2325,2
2326,0
2327,1
2328,4
2329,2
2330,4
2331,5
2332,1
2333,1
2334,0
2335,0
2336,1
2337,3
2338,0
2339,1
2340,2
2341,4
2342,4
2343,1
2344,3
2345,10
2346,1
2347,0
2348,3
2349,1
2350,1
2351,3
2352,0
2353,4
2354,1
2355,0
2356,0
2357,8
2358,1
2359,3
2360,0
2361,0
2362,2
2363,0
2364,1
2365,1
2366,0
2367,0
2368,6
2369,4
2370,0
2371,0
2372,7
2373,0
2374,3
2375,0
2376,2
2377,9
2378,3
2379,1
2380,3
2381,2
2382,0
2383,1
2384,3
2385,0
2386,2
2387,0
2388,0
2389,7
2390,0
2391,0
2392,0
2393,4
2394,15
2395,0
2396,2
2397,3
2398,1
2399,0
2400,1
2401,3
2402,2
2403,3
2404,0
2405,1
2406,2
2407,6
2408,0
2409,0
2410,1
2411,1
2412,0
2413,2
2414,0
2415,0
2416,4
2417,1
2418,1
2419,0
2420,7
2421,0
2422,0
2423,4
2424,3
2425,6
2426,5
2427,0
2428,5
2429,5
2430,0
2431,2
2432,0
2433,0
2434,1
2435,0
2436,2
2437,0
2438,0
2439,1
2440,3
2441,3
2442,2
2443,4
2444,0
2445,2
2446,1
2447,3
2448,1
2449,5
2450,2
2451,0
2452,4
2453,1
2454,0
2455,0
2456,4
2457,3
2458,4
2459,8
2460,2
2461,0
2462,1
2463,0
2464,1
2465,5
2466,12
2467,3
2468,0
2469,1
2470,5
2471,2
2472,2
2473,2
2474,0
2475,0
2476,0
2477,0
2478,2
2479,4
2480,3
2481,2
2482,6
2483,1
2484,1
2485,0
2486,0
2487,9
2488,6
2489,4
2490,1
2491,0
2492,0
2493,1
2494,0
2495,1
2496,1
2497,0
2498,1
2499,14
2500,0
2501,0
2502,0
2503,1
2504,4
2505,11
2506,3
2507,0
2508,1
2509,0
2510,1
2511,1
2512,6
2513,1
2514,1
2515,0
2516,0
2517,4
2518,0
2519,4
2520,1
2521,4
2522,2
2523,3
2524,1
2525,0
2526,0
2527,0
2528,5
2529,0
2530,0
2531,0
2532,10
2533,0
2534,0
2535,0
2536,5
2537,1
2538,2
2539,1
2540,3
2541,0
2542,3
2543,1
2544,5
2545,6
2546,1
2547,1
2548,0
2549,0
2550,0
2551,1
2552,0
2553,4
2554,5
2555,4
2556,1
2557,0
2558,0
2559,4
2560,0
2561,3
2562,4
2563,1
2564,4
2565,1
2566,4
2567,1
2568,0
2569,4
2570,2
2571,7
2572,2
2573,0
2574,0
2575,3
2576,0
2577,0
2578,0
2579,2
2580,6
2581,0
2582,0
2583,0
2584,0
2585,1
2586,0
2587,1
2588,1
2589,3
2590,2
2591,2
2592,3
2593,1
2594,9
2595,3
2596,1
2597,0
2598,0
2599,0
2600,0
2601,2
2602,0
2603,1
2604,0
2605,0
2606,1
2607,1
2608,2
2609,4
2610,0
2611,0
2612,0
2613,2
2614,0
2615,4
2616,1
2617,4
2618,3
2619,0
2620,0
2621,11
2622,0
2623,4
2624,2
2625,10
2626,2
2627,0
2628,0
2629,3
2630,0
2631,1
2632,3
2633,2
2634,2
2635,0
2636,5
2637,4
2638,0
2639,2
2640,2
2641,0
2642,3
2643,0
2644,1
2645,0
2646,0
2647,0
2648,3
2649,0
2650,2
2651,0
2652,7
2653,7
2654,3
2655,9
2656,0
2657,0
2658,2
2659,5
2660,1
2661,1
2662,1
2663,4
2664,2
2665,1
2666,3
2667,0
2668,2
2669,0
2670,2
2671,3
2672,4
2673,3
2674,0
2675,5
2676,0
2677,0
2678,0
2679,2
2680,1
2681,1
2682,1
2683,0
2684,1
2685,4
2686,2
2687,0
2688,1
2689,2
2690,3
2691,5
2692,3
2693,0
2694,2
2695,0
2696,5
2697,10
2698,0
2699,2
2700,0
2701,5
2702,0
2703,4
2704,0
2705,0
2706,1
2707,0
2708,3
2709,8
2710,0
2711,0
2712,0
2713,4
2714,8
2715,2
2716,0
2717,0
2718,0
2719,4
2720,0
2721,2
2722,2
2723,4
2724,0
2725,0
2726,0
2727,1
2728,6
2729,6
2730,0
2731,7
2732,1
2733,1
2734,0
2735,1
2736,1
2737,4
2738,2
2739,1
2740,0
2741,2
2742,2
2743,2
2744,0
2745,3
2746,1
2747,1
2748,2
2749,1
2750,10
2751,2
2752,1
2753,2
2754,2
2755,2
2756,0
2757,0
2758,1
2759,1
2760,7
2761,2
2762,0
2763,4
2764,0
2765,8
2766,0
2767,0
2768,4
2769,4
2770,1
2771,1
2772,0
2773,0
2774,5
2775,0
2776,1
2777,5
2778,1
2779,1
2780,5
2781,4
2782,3
2783,9
2784,0
2785,4
2786,1
2787,0
2788,5
2789,0
2790,5
2791,4
2792,0
2793,6
2794,4
2795,0
2796,4
2797,1
2798,1
2799,3
2800,0
2801,1
2802,0
2803,1
2804,5
2805,0
2806,8
2807,4
2808,1
2809,5
2810,0
2811,0
2812,8
2813,0
2814,2
2815,3
2816,0
2817,0
2818,3
2819,1
2820,1
2821,4
2822,3
2823,2
2824,11
2825,0
2826,6
2827,0
2828,4
2829,1
2830,6
2831,2
2832,1
2833,5
2834,3
2835,0
2836,1
2837,0
2838,1
2839,3
2840,5
2841,0
2842,0
2843,2
2844,4
2845,0
2846,4
2847,1
2848,0
2849,1
2850,1
2851,0
2852,4
2853,1
2854,1
2855,1
2856,4
2857,7
2858,4
2859,0
2860,1
2861,1
2862,2
2863,0
2864,2
2865,2
2866,0
2867,2
2868,0
2869,3
2870,2
2871,0
2872,3
2873,0
2874,3
2875,2
2876,0
2877,1
2878,0
2879,3
2880,2
2881,0
2882,0
2883,0
2884,1
2885,1
2886,0
2887,4
2888,0
2889,6
2890,4
2891,6
2892,1
2893,4
2894,0
2895,1
2896,0
2897,1
2898,4
2899,1
2900,0
2901,2
2902,0
2903,0
2904,3
2905,0
2906,0
2907,1
2908,5
2909,2
2910,2
2911,3
2912,0
2913,2
2914,0
2915,3
2916,0
2917,2
2918,9
2919,3
2920,8
2921,1
2922,2
2923,4
2924,6
2925,0
2926,0
2927,1
2928,0
2929,7
2930,3
2931,0
2932,5
2933,1
2934,2
2935,0
2936,0
2937,1
2938,14
2939,1
2940,1
2941,1
2942,0
2943,3
2944,4
2945,3
2946,1
2947,0
2948,7
2949,1
2950,0
2951,2
2952,1
2953,3
2954,3
2955,2
2956,0
2957,3
2958,3
2959,5
2960,0
2961,0
2962,0
2963,2
2964,5
2965,4
2966,0
2967,0
2968,0
2969,1
2970,0
2971,6
2972,1
2973,0
2974,1
2975,0
2976,3
2977,6
2978,4
2979,3
2980,8
2981,2
2982,4
2983,4
2984,2
2985,2
2986,0
2987,0
2988,1
2989,3
2990,1
2991,8
2992,0
2993,6
2994,2
2995,0
2996,1
2997,4
2998,5
2999,0
3000,0
3001,4
3002,4
3003,2
3004,6
3005,0
3006,4
3007,1
3008,1
3009,0
3010,2
3011,6
3012,0
3013,2
3014,0
3015,0
3016,1
3017,3
3018,0
3019,3
3020,4
3021,1
3022,3
3023,0
3024,3
3025,1
3026,0
3027,1
3028,2
3029,0
3030,1
3031,6
3032,2
3033,0
3034,10
3035,1
3036,2
3037,6
3038,7
3039,2
3040,0
3041,4
3042,7
3043,0
3044,3
3045,3
3046,0
3047,0
3048,1
3049,7
3050,3
3051,3
3052,0
3053,2
3054,1
3055,4
3056,1
3057,0
3058,1
3059,2
3060,0
3061,0
3062,0
3063,1
3064,1
3065,1
3066,0
3067,6
3068,0
3069,0
3070,3
3071,6
3072,1
3073,2
3074,0
3075,1
3076,1
3077,3
3078,4
3079,3
3080,7
3081,1
3082,3
3083,0
3084,2
3085,0
3086,0
3087,1
3088,1
3089,2
3090,2
3091,0
3092,4
3093,4
3094,0
3095,2
3096,0
3097,6
3098,3
3099,0
3100,5
3101,1
3102,2
3103,1
3104,0
3105,0
3106,3
3107,0
3108,1
3109,1
3110,1
3111,0
3112,0
3113,0
3114,1
3115,1
3116,1
3117,6
3118,0
3119,1
3120,0
3121,6
3122,4
3123,5
3124,0
3125,0
3126,0
3127,0
3128,1
3129,1
3130,0
3131,2
3132,0
3133,3
3134,4
3135,1
3136,4
3137,3
3138,0
3139,0
3140,2
3141,1
3142,3
3143,0
3144,0
3145,3
3146,0
3147,1
3148,0
3149,0
3150,1
3151,5
3152,0
3153,0
3154,0
3155,1
3156,0
3157,0
3158,0
3159,1
3160,5
3161,2
3162,2
3163,2
3164,0
3165,2
3166,1
3167,4
3168,0
3169,1
3170,0
3171,0
3172,0
3173,4
3174,0
3175,1
3176,0
3177,2
3178,4
3179,0
3180,0
3181,1
3182,5
3183,1
3184,0
3185,3
3186,0
3187,2
3188,5
3189,0
3190,1
3191,0
3192,3
3193,5
3194,3
3195,2
3196,0
3197,2
3198,1
3199,2
3200,0
3201,6
3202,2
3203,1
3204,0
3205,0
3206,2
3207,1
3208,4
3209,2
3210,3
3211,3
3212,4
3213,0
3214,0
3215,2
3216,1
3217,2
3218,0
3219,3
3220,0
3221,8
3222,2
3223,3
3224,1
3225,0
3226,3
3227,7
3228,3
3229,4
3230,0
3231,0
3232,0
3233,5
3234,0
3235,0
3236,1
3237,2
3238,0
3239,1
3240,0
3241,0
3242,1
3243,0
3244,0
3245,0
3246,1
3247,0
3248,1
3249,0
3250,2
3251,4
3252,1
3253,0
3254,0
3255,1
3256,0
3257,1
3258,2
3259,8
3260,1
3261,1
3262,1
3263,3
3264,3
3265,6
3266,3
3267,1
3268,0
3269,3
3270,1
3271,3
3272,0
3273,3
3274,9
3275,0
3276,7
3277,1
3278,4
3279,7
3280,0
3281,0
3282,0
3283,1
3284,0
3285,0
3286,1
3287,1
3288,2
3289,0
3290,0
3291,5
3292,5
3293,0
3294,0
3295,0
3296,0
3297,3
3298,0
3299,0
3300,0
3301,2
3302,3
3303,3
3304,2
3305,6
3306,1
3307,0
3308,4
3309,0
3310,0
3311,4
3312,0
3313,3
3314,0
3315,0
3316,0
3317,2
3318,0
3319,4
3320,0
3321,4
3322,0
3323,0
3324,0
3325,0
3326,0
3327,1
3328,0
3329,0
3330,0
3331,0
3332,0
3333,0
3334,0
3335,0
3336,3
3337,1
3338,0
3339,0
3340,3
3341,1
3342,0
3343,0
3344,0
3345,3
3346,3
3347,1
3348,0
3349,6
3350,4
3351,0
3352,0
3353,0
3354,7
3355,2
3356,2
3357,4
3358,3
3359,5
3360,4
3361,0
3362,3
3363,2
3364,2
3365,0
3366,6
3367,0
3368,6
3369,0
3370,4
3371,0
3372,3
3373,3
3374,2
3375,3
3376,1
3377,0
3378,2
3379,2
3380,0
3381,0
3382,0
3383,1
3384,0
3385,6
3386,2
3387,0
3388,3
3389,3
3390,0
3391,4
3392,0
3393,0
3394,2
3395,1
3396,3
3397,2
3398,3
3399,5
3400,0
3401,0
3402,1
3403,0
3404,2
3405,1
3406,0
3407,3
3408,0
3409,3
3410,2
3411,4
3412,0
3413,1
3414,0
3415,0
3416,9
3417,0
3418,1
3419,0
3420,2
3421,1
3422,0
3423,0
3424,0
3425,0
3426,0
3427,0
3428,0
3429,3
3430,0
3431,2
3432,0
3433,6
3434,0
3435,2
3436,0
3437,3
3438,3
3439,0
3440,0
3441,0
3442,0
3443,0
3444,1
3445,0
3446,2
3447,5
3448,9
3449,4
3450,1
3451,0
3452,1
3453,0
3454,0
3455,2
3456,2
3457,1
3458,1
3459,3
3460,0
3461,0
3462,0
3463,1
3464,0
3465,2
3466,0
3467,0
3468,2
3469,0
3470,0
3471,1
3472,0
3473,0
3474,2
3475,0
3476,2
3477,3
3478,0
3479,1
3480,0
3481,0
3482,0
3483,1
3484,0
3485,1
3486,0
3487,1
3488,1
3489,0
3490,1
3491,2
3492,3
3493,5
3494,0
3495,0
3496,2
3497,1
3498,1
3499,0
3500,0
3501,4
3502,0
3503,3
3504,5
3505,1
3506,1
3507,1
3508,2
3509,1
3510,2
3511,2
3512,1
3513,0
3514,2
3515,0
3516,0
3517,1
3518,1
3519,0
3520,1
3521,0
3522,0
3523,1
3524,8
3525,5
3526,0
3527,1
3528,1
3529,0
3530,0
3531,3
3532,4
3533,0
3534,4
3535,6
3536,2
3537,3
3538,0
3539,0
3540,11
3541,0
3542,0
3543,5
3544,1
3545,2
3546,1
3547,1
3548,2
3549,3
3550,1
3551,0
3552,1
3553,1
3554,1
3555,5
3556,1
3557,0
3558,1
3559,0
3560,1
3561,0
3562,0
3563,1
3564,3
3565,3
3566,0
3567,0
3568,0
3569,6
3570,0
3571,4
3572,7
3573,1
3574,1
3575,0
3576,0
3577,3
3578,4
3579,4
3580,1
3581,0
3582,0
3583,0
3584,0
3585,0
3586,0
3587,2
3588,1
3589,1
3590,1
3591,0
3592,0
3593,1
3594,0
3595,0
3596,5
3597,0
3598,0
3599,4
3600,0
3601,5
3602,1
3603,0
3604,1
3605,1
3606,3
3607,1
3608,2
3609,2
3610,0
3611,0
3612,1
3613,0
3614,1
3615,2
3616,2
3617,1
3618,2
3619,1
3620,0
3621,0
3622,0
3623,0
3624,4
3625,2
3626,4
3627,2
3628,0
3629,3
3630,0
3631,1
3632,0
3633,0
3634,2
3635,5
3636,1
3637,0
3638,12
3639,3
3640,0
3641,0
3642,1
3643,2
3644,0
3645,0
3646,0
3647,2
3648,0
3649,2
3650,0
3651,1
3652,2
3653,0
3654,7
3655,4
3656,0
3657,0
3658,9
3659,1
3660,0
3661,0
3662,3
3663,2
3664,6
3665,0
3666,2
3667,1
3668,2
3669,9
3670,0
3671,2
3672,1
3673,1
3674,3
3675,0
3676,0
3677,0
3678,4
3679,1
3680,0
3681,5
3682,7
3683,1
3684,0
3685,1
3686,0
3687,0
3688,3
3689,0
3690,2
3691,2
3692,0
3693,5
3694,1
3695,3
3696,0
3697,0
3698,0
3699,1
3700,1
3701,0
3702,0
3703,0
3704,2
3705,2
3706,5
3707,2
3708,2
3709,3
3710,0
3711,1
3712,1
3713,1
3714,0
3715,0
3716,3
3717,0
3718,2
3719,1
3720,0
3721,1
3722,3
3723,2
3724,0
3725,6
3726,0
3727,2
3728,6
3729,1
3730,1
3731,7
3732,0
3733,5
3734,3
3735,1
3736,0
3737,0
3738,0
3739,1
3740,0
3741,2
3742,1
3743,0
3744,0
3745,3
3746,4
3747,3
3748,5
3749,0
3750,4
3751,0
3752,4
3753,6
3754,1
3755,0
3756,1
3757,5
3758,0
3759,0
3760,10
3761,6
3762,4
3763,3
3764,1
3765,2
3766,2
3767,1
3768,4
3769,1
3770,0
3771,5
3772,1
3773,0
3774,0
3775,1
3776,0
3777,0
3778,4
3779,2
3780,0
3781,0
3782,2
3783,1
3784,1
3785,4
3786,0
3787,3
3788,0
3789,0
3790,0
3791,1
3792,2
3793,1
3794,2
3795,0
3796,2
3797,3
3798,4
3799,1
3800,1
3801,1
3802,0
3803,3
3804,4
3805,1
3806,1
3807,0
3808,5
3809,1
3810,0
3811,0
3812,0
3813,3
3814,2
3815,0
3816,0
3817,3
3818,1
3819,6
3820,3
3821,1
3822,1
3823,1
3824,0
3825,2
3826,0
3827,0
3828,0
3829,1
3830,5
3831,3
3832,3
3833,2
3834,1
3835,5
3836,0
3837,3
3838,0
3839,1
3840,4
3841,2
3842,0
3843,3
3844,0
3845,0
3846,1
3847,1
3848,4
3849,1
3850,1
3851,5
3852,2
3853,1
3854,0
3855,0
3856,0
3857,4
3858,1
3859,0
3860,2
3861,2
3862,1
3863,2
3864,0
3865,1
3866,0
3867,1
3868,3
3869,0
3870,1
3871,6
3872,3
3873,3
3874,0
3875,0
3876,0
3877,2
3878,1
3879,1
3880,5
3881,2
3882,1
3883,0
3884,3
3885,1
3886,2
3887,0
3888,0
3889,1
3890,0
3891,1
3892,0
3893,0
3894,0
3895,2
3896,2
3897,1
3898,0
3899,1
3900,0
3901,0
3902,2
3903,1
3904,1
3905,1
3906,1
3907,1
3908,0
3909,0
3910,0
3911,1
3912,3
3913,3
3914,0
3915,3
3916,0
3917,1
3918,0
3919,0
3920,1
3921,0
3922,3
3923,1
3924,2
3925,0
3926,2
3927,2
3928,3
3929,3
3930,1
3931,0
3932,3
3933,1
3934,0
3935,4
3936,0
3937,5
3938,0
3939,2
3940,0
3941,1
3942,4
3943,1
3944,1
3945,0
3946,3
3947,0
3948,3
3949,3
3950,1
3951,3
3952,0
3953,0
3954,0
3955,7
3956,2
3957,0
3958,0
3959,5
3960,2
3961,0
3962,0
3963,3
3964,3
3965,1
3966,1
3967,0
3968,0
3969,1
3970,0
3971,0
3972,0
3973,0
3974,1
3975,0
3976,0
3977,6
3978,6
3979,2
3980,1
3981,2
3982,1
3983,2
3984,3
3985,0
3986,1
3987,3
3988,2
3989,2
3990,1
3991,1
3992,2
3993,1
3994,2
3995,7
3996,3
3997,6
3998,0
3999,6
4000,0
4001,2
4002,0
4003,0
4004,0
4005,3
4006,4
4007,2
4008,1
4009,2
4010,10
4011,3
4012,6
4013,1
4014,1
4015,2
4016,3
4017,0
4018,0
4019,5
4020,0
4021,3
4022,3
4023,2
4024,0
4025,0
4026,3
4027,7
4028,0
4029,0
4030,4
4031,2
4032,5
4033,0
4034,2
4035,0
4036,3
4037,0
4038,1
4039,1
4040,0
4041,0
4042,1
4043,4
4044,0
4045,5
4046,0
4047,0
4048,0
4049,0
4050,0
4051,0
4052,0
4053,1
4054,0
4055,0
4056,0
4057,4
4058,0
4059,2
4060,1
4061,0
4062,3
4063,1
4064,4
4065,4
4066,5
4067,3
4068,1
4069,2
4070,2
4071,0
4072,0
4073,1
4074,3
4075,0
4076,3
4077,0
4078,4
4079,1
4080,0
4081,3
4082,1
4083,0
4084,0
4085,0
4086,0
4087,0
4088,1
4089,5
4090,3
4091,4
4092,2
4093,5
4094,0
4095,7
4096,3
4097,0
4098,8
4099,1
4100,2
4101,0
4102,0
4103,0
4104,0
4105,4
4106,0
4107,3
4108,2
4109,2
4110,0
4111,0
4112,0
4113,0
4114,0
4115,0
4116,2
4117,0
4118,1
4119,0
4120,0
4121,0
4122,0
4123,1
4124,1
4125,0
4126,0
4127,0
4128,0
4129,0
4130,0
4131,1
4132,0
4133,0
4134,1
4135,0
4136,0
4137,0
4138,1
4139,0
4140,2
4141,1
4142,2
4143,2
4144,2
4145,0
4146,4
4147,0
4148,0
4149,2
4150,5
4151,1
4152,0
4153,0
4154,1
4155,0
4156,3
4157,1
4158,1
4159,3
4160,0
4161,1
4162,2
4163,3
4164,0
4165,0
4166,2
4167,1
4168,0
4169,1
4170,5
4171,0
4172,6
4173,3
4174,3
4175,0
4176,1
4177,1
4178,2
4179,2
4180,1
4181,4
4182,1
4183,2
4184,3
4185,1
4186,1
4187,2
4188,4
4189,1
4190,0
4191,2
4192,0
4193,1
4194,1
4195,0
4196,4
4197,1
4198,2
4199,2
4200,0
4201,0
4202,1
4203,5
4204,4
4205,0
4206,2
4207,0
4208,1
4209,3
4210,0
4211,1
4212,3
4213,0
4214,0
4215,0
4216,0
4217,6
4218,0
4219,1
4220,0
4221,0
4222,4
4223,4
4224,1
4225,3
4226,4
4227,5
4228,3
4229,1
4230,0
4231,0
4232,4
4233,3
4234,0
4235,4
4236,0
4237,1
4238,0
4239,1
4240,1
4241,2
4242,1
4243,5
4244,3
4245,1
4246,0
4247,4
4248,0
4249,2
4250,5
4251,3
4252,6
4253,1
4254,0
4255,0
4256,4
4257,0
4258,4
4259,5
4260,2
4261,0
4262,0
4263,0
4264,0
4265,3
4266,4
4267,1
4268,0
4269,3
4270,0
4271,0
4272,0
4273,2
4274,0
4275,1
4276,0
4277,0
4278,6
4279,1
4280,2
4281,2
4282,1
4283,0
4284,3
4285,2
4286,4
4287,2
4288,0
4289,2
4290,0
4291,1
4292,0
4293,0
4294,0
4295,0
4296,3
4297,1
4298,4
4299,8
4300,4
4301,1
4302,1
4303,3
4304,3
4305,3
4306,4
4307,7
4308,0
4309,0
4310,2
4311,0
4312,3
4313,0
4314,4
4315,2
4316,0
4317,7
4318,1
4319,1
4320,6
4321,2
4322,0
4323,4
4324,0
4325,6
4326,0
4327,2
4328,3
4329,0
4330,0
4331,1
4332,1
4333,0
4334,2
4335,0
4336,0
4337,1
4338,1
4339,4
4340,0
4341,3
4342,4
4343,6
4344,4
4345,1
4346,0
4347,4
4348,0
4349,0
4350,4
4351,3
4352,6
4353,2
4354,0
4355,1
4356,0
4357,4
4358,1
4359,3
4360,3
4361,0
4362,1
4363,0
4364,0
4365,2
4366,0
4367,0
4368,2
4369,0
4370,2
4371,0
4372,0
4373,3
4374,0
4375,6
4376,0
4377,7
4378,0
4379,1
4380,0
4381,0
4382,2
4383,6
4384,1
4385,3
4386,2
4387,1
4388,2
4389,0
4390,0
4391,5
4392,0
4393,0
4394,3
4395,0
4396,3
4397,0
4398,3
4399,2
4400,0
4401,1
4402,2
4403,0
4404,0
4405,0
4406,0
4407,0
4408,3
4409,2
4410,2
4411,2
4412,2
4413,4
4414,2
4415,1
4416,2
4417,1
4418,5
4419,0
4420,7
4421,1
4422,1
4423,0
4424,4
4425,0
4426,0
4427,1
4428,4
4429,2
4430,1
4431,0
4432,1
4433,0
4434,1
4435,0
4436,2
4437,4
4438,1
4439,0
4440,0
4441,3
4442,3
4443,0
4444,2
4445,1
4446,4
4447,0
4448,1
4449,1
4450,1
4451,3
4452,0
4453,1
4454,2
4455,1
4456,4
4457,2
4458,3
4459,0
4460,2
4461,0
4462,3
4463,2
4464,0
4465,2
4466,0
4467,0
4468,1
4469,3
4470,0
4471,0
4472,1
4473,3
4474,0
4475,0
4476,0
4477,5
4478,0
4479,0
4480,0
4481,3
4482,3
4483,0
4484,4
4485,0
4486,1
4487,2
4488,1
4489,0
4490,0
4491,0
4492,1
4493,1
4494,3
4495,1
4496,2
4497,1
4498,0
4499,0
4500,3
4501,5
4502,0
4503,3
4504,3
4505,1
4506,1
4507,1
4508,1
4509,0
4510,1
4511,4
4512,0
4513,2
4514,5
4515,1
4516,0
4517,0
4518,3
4519,0
4520,0
4521,2
4522,7
4523,3
4524,3
4525,0
4526,0
4527,11
4528,0
4529,3
4530,2
4531,3
4532,0
4533,3
4534,1
4535,1
4536,1
4537,2
4538,2
4539,1
4540,2
4541,1
4542,2
4543,2
4544,3
4545,0
4546,1
4547,1
4548,0
4549,0
4550,0
4551,2
4552,4
4553,0
4554,1
4555,0
4556,7
4557,0
4558,1
4559,4
4560,0
4561,0
4562,3
4563,0
4564,0
4565,1
4566,0
4567,0
4568,1
4569,3
4570,0
4571,1
4572,2
4573,6
4574,4
4575,0
4576,2
4577,0
4578,0
4579,1
4580,3
4581,2
4582,0
4583,2
4584,0
4585,1
4586,5
4587,0
4588,0
4589,0
4590,1
4591,3
4592,0
4593,1
4594,2
4595,1
4596,2
4597,2
4598,5
4599,1
4600,1
4601,7
4602,1
4603,2
4604,0
4605,1
4606,7
4607,3
4608,0
4609,0
4610,2
4611,0
4612,1
4613,1
4614,2
4615,0
4616,0
4617,2
4618,1
4619,3
4620,0
4621,0
4622,0
4623,0
4624,2
4625,0
4626,3
4627,0
4628,3
4629,4
4630,1
4631,1
4632,0
4633,0
4634,0
4635,1
4636,2
4637,0
4638,2
4639,0
4640,1
4641,0
4642,4
4643,1
4644,3
4645,4
4646,2
4647,4
4648,4
4649,0
4650,3
4651,0
4652,1
4653,4
4654,1
4655,0
4656,2
4657,0
4658,3
4659,0
4660,0
4661,1
4662,0
4663,2
4664,2
4665,1
4666,0
4667,2
4668,5
4669,0
4670,3
4671,0
4672,1
4673,0
4674,2
4675,0
4676,0
4677,1
4678,5
4679,1
4680,2
4681,3
4682,1
4683,0
4684,8
4685,2
4686,0
4687,0
4688,2
4689,3
4690,2
4691,2
4692,3
4693,0
4694,0
4695,1
4696,5
4697,4
4698,0
4699,0
4700,0
4701,2
4702,2
4703,3
4704,0
4705,0
4706,0
4707,0
4708,1
4709,4
4710,0
4711,0
4712,0
4713,1
4714,3
4715,0
4716,2
4717,0
4718,3
4719,1
4720,0
4721,3
4722,0
4723,0
4724,0
4725,1
4726,0
4727,0
4728,0
4729,0
4730,3
4731,0
4732,2
4733,2
4734,0
4735,0
4736,3
4737,1
4738,0
4739,4
4740,4
4741,3
4742,2
4743,1
4744,5
4745,1
4746,3
4747,2
4748,0
4749,2
4750,2
4751,4
4752,2
4753,3
4754,2
4755,0
4756,2
4757,2
4758,1
4759,0
4760,0
4761,1
4762,1
4763,1
4764,0
4765,0
4766,0
4767,3
4768,0
4769,0
4770,2
4771,1
4772,2
4773,0
4774,1
4775,1
4776,0
4777,0
4778,0
4779,0
4780,1
4781,0
4782,0
4783,5
4784,3
4785,0
4786,3
4787,4
4788,0
4789,0
4790,0
4791,0
4792,0
4793,5
4794,0
4795,0
4796,7
4797,0
4798,2
4799,3
4800,1
4801,0
4802,3
4803,1
4804,0
4805,1
4806,7
4807,0
4808,3
4809,0
4810,2
4811,3
4812,1
4813,1
4814,5
4815,2
4816,2
4817,1
4818,4
4819,0
4820,0
4821,1
4822,1
4823,0
4824,0
4825,0
4826,5
4827,4
4828,2
4829,2
4830,0
4831,4
4832,3
4833,3
4834,0
4835,0
4836,0
4837,0
4838,1
4839,0
4840,0
4841,8
4842,2
4843,0
4844,1
4845,0
4846,2
4847,0
4848,0
4849,0
4850,2
4851,2
4852,0
4853,1
4854,0
4855,5
4856,1
4857,1
4858,1
4859,1
4860,5
4861,0
4862,0
4863,0
4864,1
4865,0
4866,2
4867,1
4868,0
4869,0
4870,0
4871,1
4872,2
4873,1
4874,0
4875,2
4876,2
4877,3
4878,0
4879,0
4880,5
4881,0
4882,5
4883,1
4884,2
4885,0
4886,0
4887,0
4888,0
4889,0
4890,1
4891,1
4892,3
4893,6
4894,3
4895,4
4896,1
4897,1
4898,1
4899,2
4900,0
4901,2
4902,0
4903,2
4904,0
4905,0
4906,2
4907,6
4908,2
4909,0
4910,0
4911,0
4912,3
4913,0
4914,1
4915,3
4916,0
4917,1
4918,1
4919,0
4920,1
4921,0
4922,1
4923,2
4924,1
4925,0
4926,2
4927,2
4928,2
4929,0
4930,0
4931,3
4932,1
4933,0
4934,2
4935,2
4936,1
4937,1
4938,0
4939,2
4940,3
4941,1
4942,2
4943,2
4944,1
4945,1
4946,2
4947,0
4948,1
4949,0
4950,1
4951,0
4952,0
4953,2
4954,1
4955,2
4956,1
4957,1
4958,3
4959,3
4960,0
4961,8
4962,0
4963,2
4964,0
4965,0
4966,1
4967,1
4968,2
4969,2
4970,0
4971,0
4972,1
4973,0
4974,0
4975,0
4976,0
4977,0
4978,0
4979,0
4980,0
4981,0
4982,0
4983,3
4984,1
4985,0
4986,1
4987,0
4988,0
4989,0
4990,4
4991,1
4992,1
4993,3
4994,0
4995,0
4996,0
4997,1
4998,3
4999,0
5000,1
5001,0
5002,0
5003,1
5004,1
5005,0
5006,1
5007,0
5008,2
5009,0
5010,2
5011,0
5012,6
5013,0
5014,3
5015,1
5016,5
5017,0
5018,0
5019,0
5020,0
5021,0
5022,4
5023,1
5024,2
5025,1
5026,1
5027,0
5028,0
5029,1
5030,1
5031,3
5032,4
5033,0
5034,3
5035,0
5036,0
5037,1
5038,1
5039,1
5040,0
5041,1
5042,0
5043,1
5044,1
5045,0
5046,0
5047,1
5048,2
5049,3
5050,0
5051,1
5052,1
5053,0
5054,1
5055,0
5056,2
5057,1
5058,0
5059,1
5060,2
5061,2
5062,1
5063,1
5064,0
5065,0
5066,1
5067,3
5068,1
5069,1
5070,0
5071,0
5072,3
5073,2
5074,3
5075,0
5076,1
5077,0
5078,0
5079,2
5080,0
5081,0
5082,2
5083,0
5084,3
5085,0
5086,1
5087,0
5088,1
5089,0
5090,6
5091,1
5092,1
5093,1
5094,2
5095,0
5096,0
5097,1
5098,2
5099,0
5100,1
5101,1
5102,3
5103,0
5104,1
5105,4
5106,2
5107,7
5108,0
5109,0
5110,0
5111,0
5112,0
5113,0
5114,1
5115,0
5116,1
5117,0
5118,0
5119,3
5120,0
5121,1
5122,3
5123,0
5124,1
5125,4
5126,0
5127,0
5128,0
5129,2
5130,0
5131,2
5132,0
5133,2
5134,2
5135,2
5136,0
5137,2
5138,1
5139,1
5140,1
5141,0
5142,1
5143,3
5144,1
5145,1
5146,2
5147,0
5148,0
5149,1
5150,3
5151,1
5152,2
5153,0
5154,1
5155,1
5156,0
5157,0
5158,2
5159,1
5160,2
5161,2
5162,2
5163,0
5164,2
5165,0
5166,2
5167,1
5168,0
5169,0
5170,0
5171,1
5172,2
5173,0
5174,3
5175,0
5176,2
5177,2
5178,0
5179,1
5180,3
5181,1
5182,1
5183,0
5184,2
5185,4
5186,0
5187,1
5188,0
5189,2
5190,5
5191,3
5192,2
5193,2
5194,0
5195,2
5196,0
5197,1
5198,3
5199,0
5200,0
5201,1
5202,2
5203,0
5204,1
5205,0
5206,0
5207,0
5208,2
5209,0
5210,2
5211,0
5212,2
5213,0
5214,0
5215,1
5216,2
5217,0
5218,1
5219,5
5220,0
5221,1
5222,3
5223,0
5224,3
5225,4
5226,1
5227,2
5228,3
5229,0
5230,1
5231,2
5232,2
5233,2
5234,2
5235,1
5236,4
5237,1
5238,3
5239,0
5240,0
5241,0
5242,1
5243,0
5244,1
5245,2
5246,8
5247,0
5248,1
5249,2
5250,3
5251,1
5252,0
5253,1
5254,0
5255,1
5256,2
5257,1
5258,1
5259,3
5260,3
5261,0
5262,4
5263,0
5264,0
5265,5
5266,5
5267,4
5268,1
5269,0
5270,1
5271,0
5272,1
5273,0
5274,0
5275,1
5276,2
5277,2
5278,2
5279,8
5280,0
5281,0
5282,3
5283,1
5284,0
5285,2
5286,0
5287,4
5288,1
5289,0
5290,0
5291,2
5292,0
5293,1
5294,2
5295,0
5296,3
5297,4
5298,0
5299,1
5300,0
5301,0
5302,1
5303,5
5304,1
5305,0
5306,0
5307,0
5308,0
5309,0
5310,0
5311,0
5312,1
5313,1
5314,0
5315,0
5316,0
5317,0
5318,1
5319,0
5320,1
5321,1
5322,5
5323,0
5324,2
5325,0
5326,1
5327,2
5328,1
5329,1
5330,1
5331,0
5332,0
5333,3
5334,2
5335,0
5336,1
5337,1
5338,5
5339,6
5340,3
5341,0
5342,2
5343,3
5344,2
5345,1
5346,4
5347,0
5348,0
5349,5
5350,1
5351,0
5352,0
5353,1
5354,1
5355,2
5356,1
5357,2
5358,1
5359,0
5360,0
5361,1
5362,2
5363,4
5364,0
5365,1
5366,0
5367,2
5368,1
5369,3
5370,2
5371,0
5372,0
5373,8
5374,2
5375,4
5376,1
5377,1
5378,4
5379,1
5380,2
5381,0
5382,1
5383,2
5384,0
5385,1
5386,0
5387,0
5388,0
5389,0
5390,1
5391,1
5392,0
5393,1
5394,0
5395,1
5396,1
5397,1
5398,1
5399,0
5400,1
5401,2
5402,4
5403,4
5404,2
5405,0
5406,1
5407,1
5408,1
5409,1
5410,0
5411,5
5412,2
5413,3
5414,1
5415,0
5416,0
5417,0
5418,2
5419,2
5420,3
5421,1
5422,0
5423,0
5424,0
5425,2
5426,1
5427,1
5428,0
5429,1
5430,1
5431,0
5432,1
5433,0
5434,0
5435,2
5436,0
5437,0
5438,0
5439,2
5440,1
5441,0
5442,0
5443,0
5444,5
5445,1
5446,1
5447,1
5448,2
5449,2
5450,2
5451,3
5452,0
5453,1
5454,3
5455,1
5456,0
5457,2
5458,0
5459,3
5460,3
5461,1
5462,1
5463,0
5464,1
5465,1
5466,0
5467,0
5468,0
5469,3
5470,2
5471,3
5472,0
5473,6
5474,4
5475,0
5476,0
5477,0
5478,0
5479,2
5480,1
5481,2
5482,1
5483,0
5484,0
5485,0
5486,2
5487,2
5488,1
5489,4
5490,1
5491,0
5492,0
5493,2
5494,0
5495,1
5496,4
5497,2
5498,1
5499,0
5500,2
5501,0
5502,4
5503,3
5504,0
5505,0
5506,1
5507,1
5508,0
5509,2
5510,1
5511,2
5512,0
5513,0
5514,0
5515,3
5516,3
5517,0
5518,1
5519,2
5520,4
5521,1
5522,2
5523,0
5524,0
5525,0
5526,0
5527,2
5528,0
5529,1
5530,0
5531,2
5532,2
5533,0
5534,0
5535,0
5536,0
5537,0
5538,5
5539,0
5540,1
5541,0
5542,0
5543,2
5544,0
5545,1
5546,1
5547,5
5548,2
5549,0
5550,0
5551,1
5552,2
5553,0
5554,2
5555,1
5556,5
5557,0
5558,0
5559,1
5560,4
5561,0
5562,0
5563,3
5564,2
5565,1
5566,1
5567,2
5568,0
5569,0
5570,0
5571,2
5572,0
5573,2
5574,1
5575,1
5576,0
5577,0
5578,0
5579,1
5580,1
5581,4
5582,4
5583,4
5584,1
5585,0
5586,0
5587,1
5588,0
5589,0
5590,0
5591,2
5592,0
5593,2
5594,0
5595,1
5596,0
5597,1
5598,0
5599,2
5600,4
5601,3
5602,0
5603,0
5604,0
5605,0
5606,1
5607,0
5608,2
5609,0
5610,0
5611,1
5612,1
5613,0
5614,2
5615,1
5616,0
5617,1
5618,1
5619,2
5620,1
5621,3
5622,1
5623,3
5624,0
5625,2
5626,0
5627,2
5628,2
5629,2
5630,2
5631,0
5632,6
5633,0
5634,0
5635,1
5636,1
5637,1
5638,2
5639,1
5640,2
5641,1
5642,3
5643,1
5644,0
5645,1
5646,2
5647,6
5648,0
5649,1
5650,0
5651,0
5652,0
5653,1
5654,0
5655,1
5656,2
5657,0
5658,6
5659,5
5660,0
5661,0
5662,1
5663,1
5664,1
5665,1
5666,2
5667,0
5668,2
5669,2
5670,0
5671,1
5672,0
5673,1
5674,3
5675,2
5676,1
5677,3
5678,0
5679,3
5680,3
5681,2
5682,1
5683,0
5684,4
5685,0
5686,2
5687,1
5688,2
5689,0
5690,1
5691,2
5692,2
5693,0
5694,3
5695,4
5696,0
5697,2
5698,0
5699,1
5700,0
5701,2
5702,2
5703,0
5704,0
5705,1
5706,0
5707,0
5708,3
5709,3
5710,0
5711,1
5712,1
5713,1
5714,1
5715,0
5716,1
5717,3
5718,2
5719,3
5720,2
5721,0
5722,6
5723,0
5724,2
5725,3
5726,0
5727,2
5728,1
5729,0
5730,2
5731,3
5732,0
5733,0
5734,1
5735,2
5736,1
5737,0
5738,2
5739,4
5740,0
5741,3
5742,0
5743,2
5744,0
5745,0
5746,1
5747,0
5748,4
5749,0
5750,0
5751,2
5752,1
5753,1
5754,5
5755,0
5756,1
5757,1
5758,0
5759,3
5760,2
5761,2
5762,0
5763,1
5764,4
5765,0
5766,0
5767,0
5768,1
5769,1
5770,3
5771,0
5772,0
5773,0
5774,1
5775,0
5776,2
5777,0
5778,0
5779,3
5780,3
5781,1
5782,1
5783,0
5784,1
5785,2
5786,1
5787,1
5788,1
5789,2
5790,1
5791,0
5792,4
5793,1
5794,3
5795,3
5796,1
5797,3
5798,1
5799,0
5800,0
5801,3
5802,3
5803,0
5804,1
5805,3
5806,0
5807,1
5808,1
5809,1
5810,0
5811,0
5812,1
5813,3
5814,2
5815,0
5816,3
5817,4
5818,0
5819,1
5820,2
5821,0
5822,1
5823,1
5824,1
5825,2
5826,2
5827,0
5828,1
5829,0
5830,0
5831,2
5832,0
5833,1
5834,0
5835,0
5836,2
5837,0
5838,2
5839,1
5840,1
5841,1
5842,0
5843,0
5844,2
5845,4
5846,2
5847,3
5848,0
5849,0
5850,0
5851,1
5852,2
5853,2
5854,0
5855,0
5856,2
5857,4
5858,1
5859,2
5860,4
5861,1
5862,1
5863,2
5864,0
5865,0
5866,0
5867,0
5868,3
5869,5
5870,0
5871,1
5872,2
5873,0
5874,2
5875,0
5876,0
5877,1
5878,0
5879,0
5880,0
5881,0
5882,3
5883,0
5884,2
5885,1
5886,1
5887,1
5888,3
5889,1
5890,1
5891,1
5892,4
5893,0
5894,1
5895,2
5896,1
5897,0
5898,1
5899,6
5900,2
5901,1
5902,5
5903,0
5904,1
5905,0
5906,1
5907,1
5908,1
5909,2
5910,1
5911,0
5912,5
5913,10
5914,4
5915,2
5916,2
5917,1
5918,7
5919,6
5920,1
5921,1
5922,0
5923,1
5924,5
5925,3
5926,1
5927,4
5928,1
5929,0
5930,3
5931,2
5932,4
5933,0
5934,3
5935,3
5936,0
5937,1
5938,2
5939,3
5940,3
5941,1
5942,1
5943,4
5944,1
5945,1
5946,0
5947,0
5948,0
5949,0
5950,3
5951,1
5952,1
5953,1
5954,2
5955,1
5956,3
5957,0
5958,1
5959,2
5960,4
5961,0
5962,3
5963,7
5964,0
5965,0
5966,5
5967,1
5968,2
5969,2
5970,1
5971,7
5972,1
5973,2
5974,1
5975,3
5976,1
5977,2
5978,1
5979,0
5980,3
5981,0
5982,1
5983,1
5984,1
5985,0
5986,3
5987,2
5988,4
5989,5
5990,1
5991,0
5992,0
5993,0
5994,0
5995,1
5996,0
5997,0
5998,0
5999,0
6000,3
6001,1
6002,2
6003,2
6004,1
6005,2
6006,2
6007,0
6008,1
6009,0
6010,0
6011,2
6012,0
6013,0
6014,3
6015,2
6016,0
6017,0
6018,2
6019,0
6020,3
6021,2
6022,2
6023,0
6024,3
6025,2
6026,1
6027,0
6028,1
6029,0
6030,0
6031,0
6032,1
6033,1
6034,5
6035,1
6036,0
6037,0
6038,0
6039,1
6040,3
6041,0
6042,3
6043,0
6044,0
6045,3
6046,2
6047,0
6048,2
6049,2
6050,3
6051,0
6052,2
6053,2
6054,0
6055,2
6056,1
6057,0
6058,0
6059,1
6060,2
6061,1
6062,1
6063,2
6064,0
6065,1
6066,3
6067,0
6068,0
6069,3
6070,0
6071,1
6072,2
6073,1
6074,4
6075,4
6076,4
6077,0
6078,1
6079,3
6080,1
6081,1
6082,3
6083,0
6084,0
6085,1
6086,3
6087,2
6088,2
6089,2
6090,3
6091,1
6092,1
6093,0
6094,1
6095,0
6096,1
6097,1
6098,1
6099,1
6100,2
6101,1
6102,0
6103,0
6104,0
6105,0
6106,1
6107,1
6108,1
6109,0
6110,3
6111,3
6112,4
6113,0
6114,1
6115,2
6116,5
6117,0
6118,0
6119,0
6120,3
6121,0
6122,0
6123,0
6124,0
6125,0
6126,2
6127,3
6128,1
6129,0
6130,0
6131,2
6132,1
6133,2
6134,1
6135,3
6136,0
6137,0
6138,0
6139,0
6140,4
6141,2
6142,1
6143,1
6144,0
6145,0
6146,1
6147,3
6148,2
6149,0
6150,0
6151,1
6152,1
6153,1
6154,7
6155,1
6156,0
6157,0
6158,0
6159,0
6160,3
6161,2
6162,1
6163,3
6164,0
6165,0
6166,1
6167,3
6168,0
6169,1
6170,0
6171,0
6172,3
6173,1
6174,2
6175,0
6176,1
6177,1
6178,0
6179,1
6180,1
6181,3
6182,0
6183,0
6184,1
6185,2
6186,1
6187,3
6188,0
6189,4
6190,0
6191,1
6192,0
6193,1
6194,2
6195,0
6196,1
6197,0
6198,0
6199,2
6200,1
6201,2
6202,2
6203,0
6204,3
6205,2
6206,2
6207,0
6208,3
6209,0
6210,4
6211,0
6212,1
6213,0
6214,0
6215,1
6216,0
6217,1
6218,2
6219,1
6220,1
6221,3
6222,2
6223,1
6224,1
6225,2
6226,1
6227,2
6228,0
6229,1
6230,4
6231,1
6232,1
6233,1
6234,0
6235,0
6236,1
6237,1
6238,1
6239,0
6240,0
6241,7
6242,2
6243,3
6244,0
6245,0
6246,1
6247,1
6248,0
6249,0
6250,1
6251,3
6252,1
6253,1
6254,2
6255,1
6256,3
6257,2
6258,2
6259,0
6260,5
6261,1
6262,4
6263,3
6264,4
6265,0
6266,0
6267,0
6268,0
6269,3
6270,1
6271,0
6272,1
6273,0
6274,3
6275,1
6276,2
6277,0
6278,1
6279,0
6280,0
6281,0
6282,3
6283,0
6284,0
6285,1
6286,1
6287,1
6288,0
6289,2
6290,1
6291,2
6292,3
6293,0
6294,3
6295,5
6296,1
6297,0
6298,1
6299,1
6300,0
6301,0
6302,1
6303,0
6304,3
6305,0
6306,0
6307,1
6308,3
6309,0
6310,4
6311,0
6312,2
6313,0
6314,2
6315,2
6316,1
6317,2
6318,1
6319,2
6320,0
6321,2
6322,1
6323,3
6324,0
6325,0
6326,2
6327,2
6328,1
6329,2
6330,1
6331,1
6332,1
6333,0
6334,3
6335,0
6336,1
6337,2
6338,1
6339,1
6340,0
6341,0
6342,1
6343,0
6344,0
6345,2
6346,4
6347,0
6348,2
6349,0
6350,0
6351,0
6352,1
6353,6
6354,1
6355,1
6356,1
6357,1
6358,1
6359,0
6360,0
6361,2
6362,1
6363,1
6364,0
6365,2
6366,0
6367,0
6368,2
6369,5
6370,1
6371,0
6372,2
6373,0
6374,2
6375,3
6376,1
6377,0
6378,0
6379,0
6380,0
6381,2
6382,0
6383,2
6384,0
6385,0
6386,0
6387,1
6388,1
6389,0
6390,2
6391,0
6392,1
6393,0
6394,3
6395,3
6396,1
6397,0
6398,0
6399,2
6400,1
6401,1
6402,1
6403,1
6404,1
6405,2
6406,1
6407,0
6408,2
6409,2
6410,0
6411,1
6412,3
6413,1
6414,1
6415,0
6416,3
6417,0
6418,4
6419,0
6420,0
6421,1
6422,0
6423,2
6424,0
6425,2
6426,0
6427,1
6428,2
6429,3
6430,1
6431,0
6432,1
6433,0
6434,1
6435,1
6436,2
6437,0
6438,3
6439,2
6440,0
6441,0
6442,1
6443,2
6444,1
6445,3
6446,0
6447,1
6448,3
6449,2
6450,0
6451,5
6452,0
6453,0
6454,0
6455,0
6456,3
6457,1
6458,0
6459,3
6460,2
6461,0
6462,1
6463,0
6464,0
6465,1
6466,0
6467,0
6468,0
6469,1
6470,0
6471,0
6472,0
6473,1
6474,1
6475,0
6476,1
6477,0
6478,2
6479,1
6480,1
6481,1
6482,0
6483,2
6484,0
6485,0
6486,1
6487,3
6488,1
6489,2
6490,1
6491,3
6492,2
6493,0
6494,0
6495,1
6496,1
6497,1
6498,3
6499,4
6500,0
6501,3
6502,2
6503,0
6504,0
6505,1
6506,1
6507,1
6508,0
6509,0
6510,2
6511,3
6512,3
6513,0
6514,2
6515,1
6516,0
6517,3
6518,0
6519,2
6520,0
6521,2
6522,0
6523,2
6524,0
6525,2
6526,2
6527,0
6528,1
6529,0
6530,3
6531,0
6532,1
6533,1
6534,0
6535,1
6536,1
6537,0
6538,2
6539,1
6540,1
6541,0
6542,2
6543,1
6544,3
6545,0
6546,2
6547,2
6548,2
6549,5
6550,2
6551,1
6552,2
6553,2
6554,2
6555,2
6556,2
6557,1
6558,0
6559,1
6560,1
6561,0
6562,1
6563,2
6564,0
6565,3
6566,1
6567,2
6568,0
6569,0
6570,1
6571,0
6572,0
6573,1
6574,0
6575,0
6576,2
6577,0
6578,0
6579,5
6580,0
6581,1
6582,5
6583,0
6584,1
6585,3
6586,2
6587,2
6588,1
6589,2
6590,3
6591,0
6592,0
6593,0
6594,0
6595,0
6596,2
6597,0
6598,0
6599,1
6600,0
6601,2
6602,1
6603,4
6604,2
6605,1
6606,1
6607,1
6608,0
6609,2
6610,1
6611,1
6612,3
6613,1
6614,0
6615,4
6616,0
6617,3
6618,1
6619,2
6620,0
6621,2
6622,2
6623,1
6624,1
6625,1
6626,0
6627,0
6628,4
6629,1
6630,0
6631,0
6632,4
6633,0
6634,0
6635,1
6636,1
6637,0
6638,0
6639,0
6640,1
6641,2
6642,1
6643,1
6644,0
6645,0
6646,0
6647,2
6648,1
6649,0
6650,0
6651,1
6652,1
6653,2
6654,2
6655,3
6656,2
6657,0
6658,1
6659,0
6660,2
6661,2
6662,5
6663,1
6664,1
6665,0
6666,0
6667,1
6668,1
6669,1
6670,2
6671,5
6672,1
6673,2
6674,2
6675,1
6676,1
6677,1
6678,1
6679,0
6680,4
6681,0
6682,2
6683,0
6684,0
6685,1
6686,3
6687,1
6688,1
6689,0
6690,0
6691,0
6692,2
6693,0
6694,2
6695,0
6696,0
6697,2
6698,0
6699,2
6700,3
6701,3
6702,1
6703,0
6704,0
6705,1
6706,0
6707,0
6708,0
6709,2
6710,0
6711,0
6712,2
6713,1
6714,1
6715,1
6716,2
6717,1
6718,0
6719,1
6720,0
6721,0
6722,4
6723,1
6724,1
6725,2
6726,0
6727,0
6728,0
6729,0
6730,1
6731,1
6732,0
6733,3
6734,0
6735,4
6736,2
6737,1
6738,1
6739,0
6740,2
6741,2
6742,0
6743,1
6744,3
6745,2
6746,2
6747,1
6748,1
6749,1
6750,2
6751,0
6752,1
6753,1
6754,0
6755,3
6756,5
6757,1
6758,0
6759,1
6760,3
6761,4
6762,0
6763,0
6764,1
6765,1
6766,0
6767,3
6768,0
6769,2
6770,0
6771,2
6772,2
6773,2
6774,0
6775,0
6776,0
6777,2
6778,1
6779,3
6780,0
6781,0
6782,2
6783,2
6784,1
6785,0
6786,0
6787,1
6788,0
6789,0
6790,0
6791,1
6792,1
6793,0
6794,2
6795,2
6796,1
6797,1
6798,2
6799,4
6800,1
6801,5
6802,1
6803,0
6804,3
6805,1
6806,1
6807,0
6808,4
6809,2
6810,1
6811,4
6812,0
6813,3
6814,0
6815,0
6816,5
6817,0
6818,0
6819,0
6820,0
6821,1
6822,0
6823,1
6824,2
6825,0
6826,1
6827,7
6828,1
6829,4
6830,0
6831,0
6832,0
6833,3
6834,2
6835,0
6836,1
6837,2
6838,1
6839,0
6840,2
6841,0
6842,4
6843,3
6844,1
6845,2
6846,2
6847,2
6848,3
6849,0
6850,3
6851,0
6852,0
6853,1
6854,1
6855,0
6856,0
6857,0
6858,0
6859,1
6860,1
6861,0
6862,2
6863,0
6864,0
6865,0
6866,0
6867,0
6868,3
6869,2
6870,0
6871,0
6872,3
6873,4
6874,3
6875,0
6876,1
6877,0
6878,0
6879,0
6880,1
6881,0
6882,0
6883,1
6884,1
6885,1
6886,2
6887,2
6888,0
6889,1
6890,3
6891,0
6892,2
6893,1
6894,0
6895,2
6896,0
6897,1
6898,0
6899,0
6900,2
6901,3
6902,2
6903,3
6904,2
6905,2
6906,0
6907,1
6908,0
6909,4
6910,3
6911,0
6912,2
6913,0
6914,1
6915,1
6916,0
6917,3
6918,1
6919,2
6920,1
6921,2
6922,1
6923,3
6924,1
6925,0
6926,1
6927,0
6928,3
6929,0
6930,2
6931,3
6932,0
6933,1
6934,1
6935,0
6936,1
6937,0
6938,0
6939,1
6940,2
6941,1
6942,3
6943,1
6944,0
6945,0
6946,0
6947,1
6948,3
6949,0
6950,4
6951,0
6952,0
6953,1
6954,1
6955,1
6956,2
6957,1
6958,2
6959,2
6960,2
6961,0
6962,5
6963,0
6964,3
6965,0
6966,0
6967,0
6968,2
6969,0
6970,0
6971,0
6972,0
6973,0
6974,3
6975,3
6976,1
6977,1
6978,3
6979,2
6980,0
6981,0
6982,4
6983,0
6984,1
6985,2
6986,1
6987,2
6988,1
6989,1
6990,2
6991,1
6992,0
6993,0
6994,1
6995,0
6996,1
6997,2
6998,1
6999,0
7000,1
7001,2
7002,5
7003,2
7004,2
7005,1
7006,2
7007,3
7008,1
7009,0
7010,0
7011,1
7012,2
7013,3
7014,0
7015,0
7016,1
7017,1
7018,5
7019,1
7020,1
7021,1
7022,1
7023,2
7024,1
7025,2
7026,0
7027,2
7028,1
7029,4
7030,1
7031,2
7032,3
7033,1
7034,0
7035,0
7036,2
7037,0
7038,4
7039,1
7040,1
7041,1
7042,1
7043,1
7044,0
7045,1
7046,2
7047,2
7048,0
7049,0
7050,0
7051,1
7052,2
7053,0
7054,0
7055,1
7056,0
7057,2
7058,0
7059,2
7060,1
7061,1
7062,1
7063,1
7064,1
7065,0
7066,4
7067,0
7068,1
7069,0
7070,0
7071,1
7072,2
7073,1
7074,2
7075,0
7076,2
7077,1
7078,0
7079,0
7080,0
7081,0
7082,1
7083,0
7084,1
7085,0
7086,0
7087,1
7088,1
7089,0
7090,1
7091,1
7092,3
7093,5
7094,7
7095,0
7096,1
7097,2
7098,1
7099,0
7100,1
7101,1
7102,1
7103,3
7104,0
7105,0
7106,2
7107,0
7108,2
7109,0
7110,3
7111,1
7112,1
7113,4
7114,3
7115,0
7116,1
7117,1
7118,0
7119,3
7120,1
7121,0
7122,1
7123,2
7124,2
7125,0
7126,1
7127,1
7128,1
7129,1
7130,2
7131,0
7132,1
7133,0
7134,3
7135,0
7136,1
7137,3
7138,2
7139,0
7140,1
7141,1
7142,1
7143,2
7144,1
7145,0
7146,3
7147,4
7148,1
7149,1
7150,0
7151,0
7152,1
7153,0
7154,0
7155,1
7156,0
7157,1
7158,0
7159,1
7160,1
7161,0
7162,0
7163,2
7164,2
7165,0
7166,2
7167,4
7168,2
7169,8
7170,2
7171,2
7172,1
7173,0
7174,1
7175,0
7176,0
7177,1
7178,0
7179,0
7180,0
7181,1
7182,0
7183,0
7184,2
7185,0
7186,0
7187,3
7188,3
7189,2
7190,2
7191,2
7192,2
7193,5
7194,0
7195,0
7196,1
7197,0
7198,4
7199,1
7200,5
7201,2
7202,4
7203,2
7204,0
7205,1
7206,1
7207,0
7208,0
7209,1
7210,1
7211,0
7212,1
7213,0
7214,1
7215,0
7216,2
7217,0
7218,1
7219,0
7220,2
7221,0
7222,1
7223,0
7224,4
7225,2
7226,1
7227,3
7228,4
7229,1
7230,2
7231,1
7232,0
7233,1
7234,3
7235,1
7236,3
7237,1
7238,0
7239,0
7240,1
7241,3
7242,0
7243,0
7244,0
7245,2
7246,0
7247,3
7248,0
7249,0
7250,0
7251,1
7252,0
7253,0
7254,1
7255,1
7256,5
7257,0
7258,2
7259,1
7260,1
7261,0
7262,0
7263,4
7264,0
7265,0
7266,1
7267,0
7268,4
7269,1
7270,2
7271,0
7272,0
7273,2
7274,0
7275,0
7276,1
7277,2
7278,2
7279,2
7280,0
7281,1
7282,2
7283,1
7284,0
7285,1
7286,0
7287,1
7288,0
7289,2
7290,0
7291,2
7292,0
7293,2
7294,1
7295,1
7296,0
7297,0
7298,2
7299,1
7300,1
7301,1
7302,9
7303,0
7304,2
7305,0
7306,0
7307,0
7308,2
7309,1
7310,2
7311,3
7312,2
7313,0
7314,0
7315,0
7316,0
7317,3
7318,3
7319,1
7320,1
7321,0
7322,0
7323,2
7324,2
7325,3
7326,0
7327,3
7328,1
7329,1
7330,0
7331,0
7332,2
7333,0
7334,2
7335,1
7336,2
7337,0
7338,3
7339,1
7340,0
7341,0
7342,2
7343,0
7344,3
7345,3
7346,1
7347,3
7348,1
7349,2
7350,1
7351,1
7352,1
7353,1
7354,1
7355,1
7356,1
7357,0
7358,2
7359,0
7360,0
7361,0
7362,3
7363,3
7364,1
7365,2
7366,1
7367,0
7368,1
7369,3
7370,3
7371,1
7372,1
7373,0
7374,1
7375,3
7376,0
7377,1
7378,0
7379,0
7380,2
7381,0
7382,0
7383,0
7384,0
7385,3
7386,0
7387,1
7388,1
7389,2
7390,1
7391,0
7392,0
7393,0
7394,1
7395,2
7396,1
7397,0
7398,0
7399,1
7400,0
7401,1
7402,0
7403,0
7404,1
7405,0
7406,0
7407,2
7408,3
7409,1
7410,3
7411,1
7412,0
7413,0
7414,1
7415,0
7416,0
7417,1
7418,1
7419,0
7420,1
7421,1
7422,2
7423,0
7424,0
7425,1
7426,1
7427,0
7428,3
7429,4
7430,2
7431,1
7432,5
7433,3
7434,1
7435,0
7436,0
7437,3
7438,3
7439,0
7440,0
7441,1
7442,3
7443,2
7444,1
7445,0
7446,1
7447,1
7448,1
7449,2
7450,1
7451,4
7452,2
7453,1
7454,0
7455,6
7456,2
7457,0
7458,3
7459,2
7460,0
7461,0
7462,1
7463,2
7464,0
7465,2
7466,2
7467,1
7468,2
7469,1
7470,1
7471,1
7472,1
7473,1
7474,0
7475,1
7476,0
7477,3
7478,3
7479,0
7480,1
7481,1
7482,3
7483,0
7484,2
7485,2
7486,2
7487,0
7488,0
7489,1
7490,2
7491,1
7492,1
7493,0
7494,0
7495,0
7496,2
7497,0
7498,2
7499,0
7500,0
7501,1
7502,1
7503,4
7504,0
7505,2
7506,0
7507,0
7508,0
7509,0
7510,0
7511,1
7512,2
7513,0
7514,1
7515,2
7516,0
7517,0
7518,1
7519,0
7520,0
7521,2
7522,1
7523,0
7524,2
7525,3
7526,3
7527,0
7528,0
7529,0
7530,1
7531,1
7532,4
7533,1
7534,0
7535,0
7536,2
7537,0
7538,1
7539,0
7540,1
7541,1
7542,4
7543,2
7544,4
7545,2
7546,0
7547,1
7548,1
7549,0
7550,0
7551,2
7552,2
7553,0
7554,0
7555,0
7556,2
7557,0
7558,0
7559,1
7560,0
7561,1
7562,0
7563,1
7564,0
7565,0
7566,3
7567,2
7568,3
7569,3
7570,0
7571,2
7572,1
7573,2
7574,0
7575,0
7576,0
7577,1
7578,2
7579,2
7580,0
7581,0
7582,1
7583,4
7584,2
7585,0
7586,1
7587,2
7588,0
7589,0
7590,0
7591,0
7592,0
7593,1
7594,0
7595,0
7596,1
7597,0
7598,0
7599,0
7600,2
7601,3
7602,1
7603,3
7604,1
7605,2
7606,3
7607,1
7608,1
7609,2
7610,3
7611,2
7612,3
7613,2
7614,1
7615,0
7616,4
7617,4
7618,0
7619,0
7620,1
7621,1
7622,0
7623,1
7624,4
7625,4
7626,2
7627,1
7628,0
7629,1
7630,1
7631,2
7632,3
7633,4
7634,0
7635,1
7636,4
7637,2
7638,2
7639,0
7640,1
7641,2
7642,5
7643,2
7644,0
7645,2
7646,0
7647,1
7648,1
7649,1
7650,0
7651,0
7652,0
7653,0
7654,0
7655,1
7656,0
7657,2
7658,0
7659,0
7660,1
7661,0
7662,1
7663,1
7664,0
7665,0
7666,2
7667,2
7668,1
7669,1
7670,0
7671,0
7672,0
7673,1
7674,0
7675,0
7676,1
7677,0
7678,1
7679,2
7680,4
7681,1
7682,0
7683,0
7684,1
7685,2
7686,0
7687,0
7688,1
7689,2
7690,3
7691,0
7692,1
7693,3
7694,2
7695,0
7696,0
7697,0
7698,0
7699,1
7700,0
7701,0
7702,1
7703,1
7704,2
7705,0
7706,6
7707,3
7708,0
7709,0
7710,0
7711,3
7712,0
7713,2
7714,1
7715,0
7716,0
7717,0
7718,1
7719,0
7720,1
7721,2
7722,2
7723,0
7724,1
7725,1
7726,0
7727,1
7728,1
7729,0
7730,0
7731,0
7732,0
7733,3
7734,0
7735,1
7736,5
7737,1
7738,0
7739,1
7740,0
7741,5
7742,0
7743,0
7744,1
7745,2
7746,1
7747,2
7748,2
7749,3
7750,3
7751,2
7752,0
7753,1
7754,0
7755,0
7756,2
7757,0
7758,1
7759,3
7760,0
7761,0
7762,3
7763,0
7764,1
7765,1
7766,3
7767,0
7768,1
7769,2
7770,1
7771,1
7772,1
7773,1
7774,0
7775,1
7776,1
7777,3
7778,0
7779,0
7780,0
7781,2
7782,0
7783,1
7784,2
7785,2
7786,2
7787,4
7788,1
7789,2
7790,2
7791,5
7792,0
7793,1
7794,1
7795,2
7796,0
7797,0
7798,1
7799,0
7800,3
7801,1
7802,0
7803,1
7804,1
7805,0
7806,0
7807,0
7808,2
7809,2
7810,1
7811,0
7812,3
7813,1
7814,0
7815,0
7816,0
7817,0
7818,3
7819,3
7820,2
7821,0
7822,1
7823,0
7824,2
7825,0
7826,0
7827,1
7828,0
7829,0
7830,2
7831,1
7832,2
7833,2
7834,1
7835,1
7836,1
7837,0
7838,2
7839,0
7840,1
7841,1
7842,1
7843,0
7844,0
7845,2
7846,0
7847,1
7848,0
7849,0
7850,0
7851,1
7852,1
7853,1
7854,1
7855,0
7856,1
7857,2
7858,0
7859,2
7860,1
7861,1
7862,3
7863,1
7864,1
7865,1
7866,1
7867,1
7868,0
7869,2
7870,0
7871,1
7872,2
7873,4
7874,0
7875,1
7876,0
7877,0
7878,1
7879,1
7880,0
7881,0
7882,1
7883,2
7884,1
7885,3
7886,3
7887,0
7888,1
7889,0
7890,0
7891,0
7892,0
7893,0
7894,0
7895,0
7896,0
7897,0
7898,0
7899,1
7900,1
7901,1
7902,2
7903,1
7904,0
7905,0
7906,0
7907,2
7908,1
7909,2
7910,0
7911,2
7912,1
7913,1
7914,2
7915,1
7916,0
7917,0
7918,5
7919,1
7920,1
7921,0
7922,0
7923,3
7924,1
7925,0
7926,0
7927,2
7928,1
7929,2
7930,0
7931,3
7932,0
7933,3
7934,1
7935,1
7936,1
7937,1
7938,1
7939,3
7940,0
7941,0
7942,2
7943,2
7944,0
7945,0
7946,1
7947,1
7948,0
7949,0
7950,0
7951,3
7952,0
7953,0
7954,3
7955,4
7956,0
7957,2
7958,1
7959,1
7960,0
7961,1
7962,2
7963,2
7964,0
7965,0
7966,0
7967,3
7968,0
7969,1
7970,1
7971,2
7972,2
7973,0
7974,1
7975,2
7976,0
7977,0
7978,1
7979,3
7980,4
7981,0
7982,1
7983,4
7984,1
7985,2
7986,3
7987,0
7988,1
7989,0
7990,0
7991,2
7992,5
7993,0
7994,0
7995,3
7996,1
7997,0
7998,2
7999,0
8000,1
8001,2
8002,2
8003,2
8004,1
8005,1
8006,0
8007,1
8008,0
8009,1
8010,0
8011,4
8012,1
8013,0
8014,2
8015,2
8016,0
8017,1
8018,2
8019,5
8020,0
8021,1
8022,2
8023,0
8024,0
8025,1
8026,1
8027,1
8028,0
8029,3
8030,0
8031,0
8032,0
8033,1
8034,0
8035,0
8036,3
8037,0
8038,0
8039,0
8040,0
8041,0
8042,3
8043,0
8044,2
8045,2
8046,1
8047,0
8048,0
8049,1
8050,0
8051,1
8052,1
8053,1
8054,1
8055,0
8056,2
8057,1
8058,1
8059,0
8060,1
8061,0
8062,2
8063,2
8064,2
8065,0
8066,2
8067,0
8068,0
8069,0
8070,1
8071,1
8072,1
8073,0
8074,1
8075,1
8076,2
8077,0
8078,0
8079,2
8080,0
8081,1
8082,2
8083,2
8084,2
8085,0
8086,0
8087,0
8088,1
8089,2
8090,1
8091,1
8092,0
8093,1
8094,1
8095,0
8096,0
8097,1
8098,2
8099,0
8100,1
8101,1
8102,2
8103,0
8104,1
8105,0
8106,1
8107,0
8108,1
8109,2
8110,0
8111,2
8112,0
8113,2
8114,1
8115,1
8116,1
8117,0
8118,0
8119,1
8120,1
8121,2
8122,3
8123,0
8124,1
8125,1
8126,0
8127,0
8128,2
8129,1
8130,3
8131,0
8132,0
8133,1
8134,1
8135,1
8136,1
8137,1
8138,0
8139,2
8140,1
8141,0
8142,4
8143,0
8144,1
8145,7
8146,1
8147,1
8148,2
8149,0
8150,1
8151,2
8152,1
8153,4
8154,0
8155,4
8156,0
8157,5
8158,0
8159,0
8160,2
8161,0
8162,1
8163,2
8164,0
8165,4
8166,2
8167,1
8168,1
8169,0
8170,4
8171,0
8172,1
8173,1
8174,2
8175,5
8176,0
8177,1
8178,1
8179,3
8180,0
8181,2
8182,0
8183,0
8184,0
8185,0
8186,1
8187,1
8188,2
8189,0
8190,1
8191,0
8192,0
8193,1
8194,0
8195,1
8196,0
8197,1
8198,2
8199,0
8200,0
8201,1
8202,2
8203,3
8204,1
8205,3
8206,0
8207,0
8208,4
8209,1
8210,1
8211,3
8212,2
8213,0
8214,2
8215,2
8216,1
8217,2
8218,0
8219,3
8220,3
8221,2
8222,2
8223,0
8224,2
8225,0
8226,2
8227,0
8228,1
8229,6
8230,0
8231,1
8232,1
8233,0
8234,0
8235,1
8236,0
8237,5
8238,2
8239,0
8240,1
8241,2
8242,0
8243,1
8244,1
8245,0
8246,1
8247,2
8248,0
8249,3
8250,3
8251,0
8252,1
8253,0
8254,0
8255,0
8256,2
8257,1
8258,2
8259,2
8260,2
8261,0
8262,4
8263,0
8264,0
8265,1
8266,0
8267,1
8268,0
8269,1
8270,1
8271,1
8272,2
8273,0
8274,0
8275,3
8276,0
8277,2
8278,0
8279,1
8280,0
8281,3
8282,1
8283,1
8284,0
8285,1
8286,1
8287,0
8288,1
8289,1
8290,6
8291,2
8292,0
8293,0
8294,0
8295,1
8296,1
8297,1
8298,1
8299,1
8300,2
8301,0
8302,1
8303,1
8304,1
8305,1
8306,0
8307,1
8308,1
8309,1
8310,4
8311,1
8312,0
8313,0
8314,0
8315,1
8316,0
8317,0
8318,3
8319,6
8320,4
8321,0
8322,5
8323,1
8324,1
8325,1
8326,1
8327,0
8328,1
8329,1
8330,2
8331,1
8332,2
8333,0
8334,2
8335,1
8336,1
8337,0
8338,0
8339,1
8340,1
8341,1
8342,1
8343,2
8344,0
8345,0
8346,2
8347,1
8348,1
8349,2
8350,0
8351,0
8352,1
8353,0
8354,0
8355,0
8356,0
8357,0
8358,1
8359,0
8360,1
8361,2
8362,3
8363,0
8364,1
8365,1
8366,0
8367,1
8368,0
8369,1
8370,0
8371,2
8372,1
8373,1
8374,0
8375,2
8376,0
8377,3
8378,5
8379,1
8380,0
8381,0
8382,0
8383,0
8384,2
8385,0
8386,2
8387,1
8388,3
8389,1
8390,2
8391,3
8392,3
8393,0
8394,1
8395,2
8396,2
8397,1
8398,2
8399,1
8400,1
8401,2
8402,0
8403,0
8404,1
8405,0
8406,0
8407,1
8408,1
8409,1
8410,2
8411,1
8412,1
8413,0
8414,0
8415,0
8416,1
8417,0
8418,0
8419,1
8420,0
8421,0
8422,0
8423,1
8424,0
8425,2
8426,1
8427,0
8428,0
8429,1
8430,1
8431,0
8432,1
8433,1
8434,0
8435,1
8436,2
8437,1
8438,1
8439,0
8440,1
8441,1
8442,2
8443,0
8444,0
8445,1
8446,2
8447,3
8448,0
8449,1
8450,1
8451,0
8452,1
8453,0
8454,3
8455,0
8456,0
8457,1
8458,1
8459,0
8460,1
8461,0
8462,0
8463,0
8464,0
8465,1
8466,1
8467,0
8468,0
8469,1
8470,1
8471,2
8472,0
8473,2
8474,0
8475,1
8476,2
8477,4
8478,0
8479,0
8480,2
8481,0
8482,0
8483,3
8484,1
8485,1
8486,0
8487,2
8488,1
8489,3
8490,1
8491,4
8492,0
8493,0
8494,0
8495,1
8496,0
8497,0
8498,0
8499,0
8500,2
8501,1
8502,0
8503,1
8504,0
8505,2
8506,0
8507,1
8508,0
8509,1
8510,1
8511,1
8512,1
8513,1
8514,1
8515,1
8516,0
8517,0
8518,2
8519,0
8520,1
8521,0
8522,2
8523,0
8524,0
8525,0
8526,2
8527,0
8528,1
8529,0
8530,1
8531,2
8532,0
8533,0
8534,0
8535,2
8536,2
8537,1
8538,1
8539,0
8540,1
8541,4
8542,1
8543,0
8544,1
8545,0
8546,1
8547,1
8548,1
8549,0
8550,3
8551,1
8552,0
8553,0
8554,0
8555,2
8556,2
8557,0
8558,0
8559,0
8560,0
8561,1
8562,0
8563,0
8564,0
8565,0
8566,2
8567,2
8568,0
8569,1
8570,1
8571,2
8572,3
8573,1
8574,1
8575,3
8576,0
8577,0
8578,1
8579,0
8580,0
8581,1
8582,1
8583,1
8584,2
8585,1
8586,1
8587,0
8588,1
8589,1
8590,1
8591,4
8592,1
8593,0
8594,0
8595,2
8596,1
8597,2
8598,0
8599,0
8600,1
8601,1
8602,3
8603,2
8604,3
8605,1
8606,0
8607,0
8608,1
8609,2
8610,4
8611,0
8612,0
8613,0
8614,1
8615,0
8616,0
8617,0
8618,1
8619,2
8620,2
8621,0
8622,0
8623,0
8624,1
8625,1
8626,2
8627,0
8628,1
8629,0
8630,0
8631,0
8632,0
8633,1
8634,0
8635,1
8636,3
8637,3
8638,0
8639,1
8640,1
8641,1
8642,0
8643,4
8644,3
8645,1
8646,2
8647,1
8648,2
8649,1
8650,0
8651,2
8652,0
8653,2
8654,1
8655,2
8656,2
8657,1
8658,0
8659,0
8660,1
8661,1
8662,0
8663,0
8664,3
8665,2
8666,1
8667,0
8668,0
8669,1
8670,2
8671,0
8672,0
8673,1
8674,1
8675,3
8676,0
8677,0
8678,1
8679,0
8680,1
8681,1
8682,3
8683,0
8684,0
8685,2
8686,0
8687,0
8688,4
8689,1
8690,2
8691,0
8692,1
8693,2
8694,2
8695,0
8696,1
8697,2
8698,1
8699,1
8700,3
8701,1
8702,0
8703,1
8704,1
8705,1
8706,1
8707,0
8708,0
8709,3
8710,1
8711,2
8712,2
8713,1
8714,0
8715,1
8716,4
8717,0
8718,0
8719,2
8720,1
8721,4
8722,2
8723,1
8724,2
8725,0
8726,3
8727,2
8728,0
8729,1
8730,1
8731,0
8732,2
8733,0
8734,1
8735,1
8736,0
8737,0
8738,2
8739,3
8740,1
8741,1
8742,1
8743,1
8744,1
8745,1
8746,1
8747,1
8748,0
8749,1
8750,1
8751,1
8752,2
8753,1
8754,2
8755,0
8756,0
8757,0
8758,1
8759,2
8760,0
8761,1
8762,2
8763,2
8764,1
8765,0
8766,1
8767,2
8768,2
8769,2
8770,2
8771,0
8772,2
8773,1
8774,0
8775,0
8776,1
8777,4
8778,0
8779,0
8780,1
8781,1
8782,0
8783,2
8784,0
8785,0
8786,3
8787,0
8788,2
8789,1
8790,3
8791,0
8792,1
8793,1
8794,0
8795,0
8796,1
8797,3
8798,1
8799,1
8800,3
8801,0
8802,3
8803,0
8804,1
8805,1
8806,0
8807,2
8808,0
8809,1
8810,0
8811,1
8812,0
8813,0
8814,0
8815,0
8816,1
8817,2
8818,0
8819,0
8820,1
8821,2
8822,3
8823,0
8824,4
8825,1
8826,0
8827,1
8828,0
8829,3
8830,2
8831,1
8832,1
8833,2
8834,0
8835,0
8836,0
8837,3
8838,0
8839,0
8840,2
8841,0
8842,2
8843,0
8844,4
8845,0
8846,3
8847,0
8848,1
8849,1
8850,0
8851,1
8852,0
8853,1
8854,1
8855,0
8856,1
8857,2
8858,0
8859,2
8860,3
8861,2
8862,0
8863,0
8864,0
8865,0
8866,1
8867,3
8868,1
8869,2
8870,3
8871,0
8872,3
8873,1
8874,0
8875,3
8876,2
8877,1
8878,1
8879,0
8880,0
8881,0
8882,0
8883,2
8884,0
8885,3
8886,3
8887,2
8888,0
8889,1
8890,0
8891,0
8892,0
8893,2
8894,2
8895,1
8896,1
8897,0
8898,2
8899,1
8900,0
8901,0
8902,3
8903,2
8904,3
8905,1
8906,0
8907,0
8908,1
8909,0
8910,1
8911,2
8912,2
8913,4
8914,2
8915,3
8916,3
8917,0
8918,2
8919,0
8920,2
8921,1
8922,2
8923,2
8924,1
8925,1
8926,1
8927,0
8928,1
8929,0
8930,0
8931,0
8932,0
8933,1
8934,1
8935,5
8936,1
8937,2
8938,1
8939,1
8940,0
8941,3
8942,0
8943,2
8944,1
8945,1
8946,0
8947,0
8948,1
8949,1
8950,0
8951,0
8952,1
8953,1
8954,0
8955,1
8956,2
8957,0
8958,0
8959,1
8960,2
8961,1
8962,0
8963,1
8964,0
8965,0
8966,0
8967,0
8968,0
8969,0
8970,2
8971,0
8972,4
8973,2
8974,2
8975,0
8976,0
8977,0
8978,0
8979,3
8980,1
8981,2
8982,0
8983,1
8984,0
8985,0
8986,0
8987,1
8988,1
8989,3
8990,1
8991,2
8992,1
8993,0
8994,0
8995,1
8996,0
8997,0
8998,5
8999,4
9000,2
9001,1
9002,1
9003,0
9004,1
9005,2
9006,1
9007,1
9008,1
9009,1
9010,1
9011,0
9012,1
9013,2
9014,2
9015,0
9016,2
9017,1
9018,0
9019,2
9020,0
9021,2
9022,0
9023,0
9024,3
9025,0
9026,2
9027,0
9028,2
9029,0
9030,1
9031,1
9032,2
9033,0
9034,1
9035,2
9036,2
9037,1
9038,2
9039,3
9040,0
9041,0
9042,1
9043,0
9044,1
9045,0
9046,0
9047,1
9048,0
9049,0
9050,0
9051,1
9052,2
9053,1
9054,0
9055,1
9056,1
9057,2
9058,0
9059,2
9060,1
9061,1
9062,0
9063,0
9064,1
9065,1
9066,1
9067,1
9068,2
9069,0
9070,0
9071,0
9072,1
9073,3
9074,2
9075,1
9076,1
9077,0
9078,1
9079,1
9080,0
9081,1
9082,0
9083,0
9084,1
9085,4
9086,0
9087,1
9088,1
9089,0
9090,0
9091,0
9092,1
9093,0
9094,1
9095,5
9096,2
9097,2
9098,0
9099,1
9100,1
9101,1
9102,0
9103,1
9104,3
9105,1
9106,0
9107,0
9108,1
9109,0
9110,1
9111,1
9112,3
9113,0
9114,1
9115,1
9116,1
9117,1
9118,0
9119,1
9120,1
9121,1
9122,3
9123,0
9124,0
9125,1
9126,2
9127,2
9128,5
9129,0
9130,0
9131,1
9132,3
9133,3
9134,3
9135,1
9136,1
9137,3
9138,0
9139,0
9140,4
9141,1
9142,0
9143,2
9144,2
9145,2
9146,0
9147,3
9148,1
9149,0
9150,1
9151,0
9152,2
9153,2
9154,2
9155,1
9156,1
9157,0
9158,1
9159,0
9160,1
9161,3
9162,0
9163,1
9164,0
9165,2
9166,0
9167,2
9168,0
9169,0
9170,0
9171,0
9172,2
9173,0
9174,1
9175,0
9176,2
9177,1
9178,1
9179,0
9180,3
9181,1
9182,1
9183,1
9184,0
9185,3
9186,3
9187,1
9188,1
9189,1
9190,0
9191,1
9192,1
9193,0
9194,1
9195,3
9196,1
9197,0
9198,0
9199,1
9200,1
9201,2
9202,0
9203,0
9204,1
9205,1
9206,3
9207,2
9208,3
9209,1
9210,1
9211,2
9212,0
9213,0
9214,0
9215,3
9216,0
9217,2
9218,3
9219,1
9220,0
9221,1
9222,0
9223,1
9224,1
9225,1
9226,1
9227,1
9228,1
9229,1
9230,0
9231,1
9232,1
9233,1
9234,1
9235,0
9236,1
9237,3
9238,1
9239,0
9240,2
9241,1
9242,3
9243,1
9244,0
9245,1
9246,1
9247,0
9248,0
9249,2
9250,3
9251,3
9252,0
9253,0
9254,1
9255,0
9256,2
9257,0
9258,0
9259,0
9260,0
9261,0
9262,1
9263,1
9264,1
9265,1
9266,2
9267,0
9268,0
9269,4
9270,2
9271,1
9272,1
9273,1
9274,0
9275,1
9276,1
9277,2
9278,2
9279,0
9280,1
9281,2
9282,2
9283,0
9284,1
9285,1
9286,0
9287,1
9288,2
9289,0
9290,4
9291,0
9292,3
9293,0
9294,1
9295,1
9296,1
9297,1
9298,0
9299,0
9300,1
9301,4
9302,2
9303,1
9304,0
9305,3
9306,1
9307,0
9308,3
9309,2
9310,1
9311,2
9312,0
9313,1
9314,0
9315,0
9316,1
9317,0
9318,1
9319,2
9320,1
9321,1
9322,0
9323,2
9324,2
9325,0
9326,1
9327,1
9328,1
9329,1
9330,1
9331,2
9332,0
9333,3
9334,0
9335,0
9336,1
9337,1
9338,2
9339,1
9340,0
9341,1
9342,2
9343,0
9344,1
9345,0
9346,2
9347,0
9348,2
9349,7
9350,3
9351,1
9352,1
9353,1
9354,1
9355,1
9356,1
9357,0
9358,1
9359,4
9360,1
9361,4
9362,2
9363,2
9364,0
9365,1
9366,0
9367,0
9368,1
9369,0
9370,1
9371,3
9372,0
9373,1
9374,0
9375,1
9376,1
9377,2
9378,4
9379,1
9380,1
9381,1
9382,2
9383,0
9384,0
9385,1
9386,2
9387,0
9388,1
9389,1
9390,1
9391,0
9392,1
9393,1
9394,1
9395,1
9396,0
9397,2
9398,0
9399,1
9400,0
9401,1
9402,3
9403,2
9404,1
9405,0
9406,1
9407,0
9408,2
9409,4
9410,1
9411,2
9412,0
9413,2
9414,2
9415,1
9416,1
9417,1
9418,0
9419,1
9420,0
9421,1
9422,3
9423,1
9424,0
9425,0
9426,1
9427,0
9428,0
9429,1
9430,3
9431,1
9432,0
9433,0
9434,1
9435,2
9436,3
9437,0
9438,1
9439,5
9440,2
9441,0
9442,0
9443,2
9444,2
9445,0
9446,2
9447,1
9448,2
9449,0
9450,0
9451,1
9452,1
9453,0
9454,0
9455,0
9456,1
9457,0
9458,1
9459,1
9460,1
9461,2
9462,1
9463,1
9464,1
9465,1
9466,1
9467,3
9468,1
9469,2
9470,0
9471,0
9472,1
9473,0
9474,1
9475,1
9476,0
9477,2
9478,0
9479,2
9480,1
9481,0
9482,2
9483,0
9484,1
9485,1
9486,0
9487,2
9488,1
9489,0
9490,0
9491,1
9492,2
9493,3
9494,1
9495,1
9496,1
9497,0
9498,2
9499,1
9500,1
9501,1
9502,2
9503,0
9504,3
9505,2
9506,1
9507,0
9508,1
9509,1
9510,3
9511,4
9512,1
9513,0
9514,1
9515,0
9516,3
9517,0
9518,0
9519,1
9520,3
9521,3
9522,1
9523,0
9524,0
9525,1
9526,0
9527,0
9528,1
9529,2
9530,2
9531,1
9532,0
9533,1
9534,0
9535,0
9536,1
9537,1
9538,0
9539,6
9540,2
9541,0
9542,2
9543,4
9544,0
9545,1
9546,4
9547,3
9548,1
9549,1
9550,0
9551,0
9552,2
9553,0
9554,3
9555,0
9556,2
9557,2
9558,4
9559,1
9560,2
9561,1
9562,1
9563,1
9564,1
9565,2
9566,0
9567,2
9568,1
9569,0
9570,1
9571,0
9572,1
9573,0
9574,0
9575,0
9576,0
9577,3
9578,1
9579,1
9580,1
9581,1
9582,1
9583,0
9584,0
9585,0
9586,2
9587,0
9588,3
9589,1
9590,2
9591,0
9592,4
9593,0
9594,0
9595,3
9596,1
9597,0
9598,2
9599,0
9600,0
9601,2
9602,0
9603,0
9604,1
9605,3
9606,0
9607,2
9608,3
9609,0
9610,0
9611,1
9612,0
9613,1
9614,0
9615,0
9616,2
9617,1
9618,1
9619,0
9620,0
9621,1
9622,0
9623,1
9624,1
9625,0
9626,0
9627,2
9628,2
9629,1
9630,1
9631,0
9632,1
9633,0
9634,3
9635,0
9636,2
9637,0
9638,1
9639,0
9640,2
9641,0
9642,0
9643,0
9644,1
9645,1
9646,1
9647,0
9648,0
9649,1
9650,2
9651,2
9652,2
9653,2
9654,0
9655,2
9656,3
9657,3
9658,0
9659,1
9660,0
9661,0
9662,0
9663,1
9664,1
9665,0
9666,0
9667,1
9668,0
9669,1
9670,1
9671,3
9672,0
9673,2
9674,1
9675,0
9676,0
9677,0
9678,0
9679,0
9680,0
9681,2
9682,1
9683,0
9684,1
9685,1
9686,0
9687,1
9688,0
9689,0
9690,1
9691,1
9692,1
9693,1
9694,1
9695,0
9696,0
9697,4
9698,4
9699,1
9700,1
9701,1
9702,1
9703,2
9704,2
9705,5
9706,1
9707,1
9708,2
9709,1
9710,1
9711,1
9712,1
9713,1
9714,3
9715,2
9716,2
9717,1
9718,0
9719,1
9720,1
9721,0
9722,3
9723,2
9724,0
9725,2
9726,1
9727,1
9728,0
9729,0
9730,2
9731,3
9732,0
9733,0
9734,3
9735,3
9736,1
9737,3
9738,4
9739,0
9740,1
9741,1
9742,1
9743,1
9744,3
9745,1
9746,1
9747,2
9748,2
9749,2
9750,0
9751,0
9752,1
9753,2
9754,0
9755,1
9756,0
9757,1
9758,0
9759,0
9760,0
9761,3
9762,0
9763,0
9764,0
9765,0
9766,1
9767,1
9768,3
9769,2
9770,0
9771,2
9772,1
9773,2
9774,1
9775,4
9776,2
9777,0
9778,2
9779,1
9780,1
9781,1
9782,1
9783,0
9784,3
9785,0
9786,0
9787,2
9788,1
9789,1
9790,2
9791,1
9792,2
9793,2
9794,0
9795,1
9796,2
9797,1
9798,2
9799,1
9800,0
9801,0
9802,4
9803,1
9804,1
9805,1
9806,0
9807,1
9808,1
9809,1
9810,1
9811,0
9812,1
9813,1
9814,2
9815,0
9816,3
9817,1
9818,2
9819,1
9820,1
9821,1
9822,1
9823,1
9824,3
9825,1
9826,0
9827,0
9828,0
9829,0
9830,3
9831,1
9832,1
9833,1
9834,0
9835,1
9836,1
9837,2
9838,3
9839,2
9840,1
9841,1
9842,1
9843,0
9844,3
9845,0
9846,2
9847,1
9848,0
9849,0
9850,1
9851,1
9852,0
9853,1
9854,0
9855,2
9856,3
9857,0
9858,3
9859,1
9860,0
9861,2
9862,1
9863,0
9864,0
9865,2
9866,1
9867,0
9868,1
9869,0
9870,0
9871,3
9872,1
9873,1
9874,4
9875,1
9876,2
9877,1
9878,2
9879,2
9880,0
9881,2
9882,1
9883,2
9884,0
9885,1
9886,1
9887,2
9888,1
9889,1
9890,1
9891,2
9892,0
9893,0
9894,1
9895,1
9896,2
9897,0
9898,0
9899,0
9900,1
9901,1
9902,1
9903,1
9904,2
9905,3
9906,1
9907,0
9908,2
9909,3
9910,0
9911,0
9912,1
9913,0
9914,1
9915,0
9916,1
9917,0
9918,1
9919,1
9920,2
9921,2
9922,3
9923,1
9924,2
9925,1
9926,1
9927,3
9928,2
9929,1
9930,0
9931,2
9932,2
9933,0
9934,2
9935,1
9936,1
9937,0
9938,4
9939,0
9940,2
9941,0
9942,0
9943,2
9944,0
9945,2
9946,2
9947,1
9948,1
9949,2
9950,1
9951,1
9952,1
9953,2
9954,1
9955,1
9956,0
9957,1
9958,0
9959,1
9960,1
9961,2
9962,4
9963,0
9964,0
9965,2
9966,2
9967,1
9968,0
9969,0
9970,3
9971,1
9972,1
9973,3
9974,3
9975,0
9976,1
9977,1
9978,3
9979,2
9980,0
9981,0
9982,4
9983,0
9984,0
9985,3
9986,1
9987,2
9988,0
9989,1
9990,1
9991,2
9992,0
9993,1
9994,1
9995,1
9996,2
9997,1
9998,2
9999,1
