0,162
1,183
2,74
3,4
4,101
5,0
6,74
7,42
8,0
9,55
10,18
11,20
12,0
13,23
14,0
15,12
16,25
17,42
18,33
19,139
20,43
21,23
22,5
23,17
24,0
25,6
26,0
27,0
28,0
29,1
30,73
31,0
32,9
33,24
34,0
35,24
36,37
37,0
38,0
39,11
40,2
41,94
42,0
43,11
44,18
45,6
46,9
47,0
48,17
49,47
50,36
51,6
52,0
53,0
54,10
55,0
56,27
57,9
58,0
59,6
60,0
61,0
62,0
63,2
64,20
65,4
66,6
67,30
68,0
69,0
70,6
71,4
72,3
73,34
74,0
75,38
76,27
77,21
78,15
79,0
80,15
81,46
82,11
83,0
84,19
85,50
86,15
87,13
88,0
89,26
90,3
91,2
92,0
93,0
94,0
95,0
96,0
97,0
98,2
99,25
100,0
101,32
102,27
103,27
104,0
105,14
106,59
107,0
108,21
109,3
110,2
111,0
112,17
113,26
114,0
115,16
116,0
117,37
118,18
119,0
120,39
121,11
122,16
123,8
124,1
125,0
126,23
127,22
128,18
129,0
130,4
131,15
132,7
133,0
134,7
135,0
136,14
137,0
138,18
139,8
140,0
141,14
142,8
143,0
144,7
145,1
146,0
147,1
148,0
149,9
150,8
151,18
152,61
153,18
154,1
155,5
156,11
157,0
158,9
159,15
160,6
161,0
162,1
163,3
164,16
165,9
166,3
167,31
168,6
169,1
170,0
171,7
172,0
173,0
174,19
175,5
176,0
177,1
178,9
179,5
180,0
181,0
182,30
183,0
184,1
185,0
186,22
187,0
188,3
189,0
190,9
191,1
192,0
193,1
194,0
195,0
196,0
197,13
198,3
199,0
200,8
201,0
202,0
203,1
204,0
205,0
206,0
207,0
208,0
209,0
210,13
211,38
212,0
213,22
214,0
215,2
216,12
217,7
218,29
219,0
220,14
221,24
222,12
223,0
224,0
225,35
226,13
227,0
228,40
229,8
230,3
231,0
232,0
233,9
234,21
235,0
236,3
237,0
238,0
239,0
240,0
241,5
242,27
243,0
244,0
245,12
246,12
247,5
248,0
249,4
250,0
251,5
252,3
253,3
254,30
255,30
256,0
257,0
258,25
259,12
260,2
261,0
262,4
263,0
264,2
265,0
266,3
267,0
268,22
269,1
270,3
271,5
272,12
273,16
274,0
275,1
276,4
277,6
278,1
279,0
280,18
281,10
282,13
283,0
284,15
285,0
286,0
287,4
288,15
289,1
290,3
291,1
292,12
293,8
294,0
295,0
296,0
297,23
298,14
299,1
300,2
301,12
302,10
303,9
304,5
305,0
306,0
307,0
308,1
309,3
310,0
311,21
312,11
313,0
314,3
315,11
316,2
317,8
318,13
319,7
320,4
321,19
322,21
323,1
324,3
325,0
326,8
327,9
328,0
329,12
330,0
331,0
332,0
333,7
334,0
335,0
336,6
337,0
338,6
339,0
340,15
341,15
342,12
343,0
344,0
345,1
346,14
347,0
348,21
349,12
350,23
351,0
352,24
353,0
354,1
355,28
356,2
357,0
358,0
359,3
360,8
361,2
362,3
363,4
364,3
365,0
366,0
367,0
368,0
369,0
370,3
371,0
372,0
373,0
374,0
375,9
376,8
377,3
378,1
379,5
380,1
381,3
382,14
383,1
384,0
385,8
386,20
387,1
388,3
389,0
390,5
391,14
392,0
393,0
394,10
395,0
396,9
397,2
398,0
399,5
400,10
401,16
402,5
403,0
404,4
405,20
406,4
407,1
408,0
409,0
410,9
411,0
412,2
413,0
414,9
415,0
416,6
417,2
418,16
419,2
420,8
421,8
422,9
423,5
424,0
425,15
426,7
427,0
428,0
429,0
430,0
431,11
432,1
433,4
434,9
435,1
436,13
437,10
438,0
439,1
440,2
441,0
442,0
443,5
444,4
445,5
446,0
447,1
448,15
449,10
450,1
451,13
452,0
453,0
454,9
455,4
456,4
457,0
458,0
459,48
460,6
461,11
462,5
463,0
464,1
465,9
466,2
467,0
468,4
469,1
470,1
471,0
472,0
473,3
474,3
475,1
476,3
477,18
478,0
479,9
480,6
481,8
482,1
483,4
484,0
485,2
486,6
487,2
488,12
489,0
490,0
491,4
492,16
493,5
494,4
495,2
496,0
497,0
498,29
499,4
500,0
501,0
502,2
503,0
504,0
505,10
506,5
507,7
508,0
509,0
510,2
511,0
512,9
513,0
514,0
515,3
516,4
517,1
518,0
519,5
520,16
521,0
522,0
523,0
524,0
525,0
526,12
527,6
528,2
529,2
530,4
531,2
532,1
533,0
534,0
535,0
536,4
537,5
538,0
539,11
540,0
541,12
542,0
543,0
544,0
545,4
546,5
547,12
548,6
549,0
550,0
551,4
552,17
553,1
554,0
555,2
556,3
557,4
558,0
559,3
560,0
561,12
562,0
563,0
564,5
565,6
566,0
567,0
568,6
569,0
570,1
571,2
572,0
573,0
574,4
575,0
576,0
577,6
578,1
579,9
580,0
581,0
582,0
583,4
584,7
585,2
586,6
587,4
588,9
589,7
590,0
591,0
592,5
593,0
594,2
595,1
596,1
597,9
598,9
599,15
600,11
601,0
602,0
603,13
604,1
605,0
606,6
607,0
608,0
609,0
610,0
611,4
612,1
613,6
614,5
615,0
616,2
617,3
618,2
619,0
620,0
621,0
622,8
623,0
624,0
625,0
626,1
627,0
628,14
629,4
630,9
631,2
632,0
633,0
634,0
635,1
636,0
637,0
638,0
639,12
640,8
641,3
642,6
643,6
644,0
645,4
646,2
647,0
648,3
649,7
650,1
651,5
652,0
653,0
654,0
655,0
656,0
657,6
658,0
659,0
660,0
661,0
662,0
663,4
664,29
665,21
666,3
667,6
668,4
669,2
670,8
671,0
672,10
673,0
674,1
675,0
676,0
677,0
678,3
679,9
680,5
681,16
682,0
683,15
684,10
685,8
686,1
687,0
688,0
689,0
690,6
691,0
692,18
693,3
694,5
695,0
696,4
697,7
698,3
699,2
700,0
701,1
702,0
703,9
704,6
705,0
706,0
707,5
708,0
709,1
710,3
711,0
712,0
713,0
714,12
715,0
716,10
717,8
718,0
719,7
720,0
721,21
722,8
723,0
724,0
725,0
726,1
727,0
728,3
729,7
730,5
731,0
732,4
733,3
734,0
735,4
736,0
737,1
738,0
739,8
740,6
741,0
742,2
743,0
744,0
745,0
746,0
747,3
748,0
749,1
750,3
751,0
752,11
753,0
754,0
755,9
756,0
757,12
758,0
759,4
760,0
761,1
762,2
763,13
764,0
765,11
766,9
767,0
768,0
769,0
770,8
771,10
772,0
773,0
774,0
775,3
776,7
777,0
778,1
779,0
780,6
781,10
782,1
783,0
784,2
785,4
786,6
787,7
788,2
789,1
790,8
791,5
792,2
793,11
794,6
795,0
796,12
797,9
798,7
799,0
800,0
801,0
802,0
803,1
804,6
805,0
806,0
807,0
808,0
809,0
810,9
811,4
812,0
813,2
814,2
815,12
816,12
817,3
818,2
819,0
820,7
821,1
822,0
823,18
824,16
825,3
826,8
827,1
828,0
829,1
830,4
831,0
832,0
833,2
834,0
835,0
836,4
837,6
838,13
839,7
840,2
841,0
842,17
843,0
844,9
845,0
846,0
847,4
848,5
849,3
850,0
851,0
852,0
853,5
854,0
855,0
856,0
857,0
858,11
859,5
860,2
861,5
862,0
863,1
864,5
865,3
866,0
867,3
868,2
869,3
870,3
871,29
872,2
873,11
874,0
875,4
876,1
877,7
878,1
879,1
880,9
881,0
882,1
883,2
884,3
885,9
886,0
887,0
888,0
889,0
890,0
891,14
892,5
893,1
894,5
895,1
896,2
897,1
898,3
899,0
900,4
901,1
902,0
903,2
904,3
905,3
906,0
907,0
908,15
909,9
910,0
911,2
912,4
913,6
914,1
915,7
916,0
917,3
918,0
919,0
920,0
921,1
922,2
923,0
924,6
925,1
926,11
927,4
928,1
929,3
930,0
931,4
932,3
933,10
934,19
935,4
936,0
937,0
938,0
939,0
940,4
941,8
942,3
943,0
944,3
945,1
946,10
947,5
948,1
949,11
950,3
951,5
952,4
953,1
954,2
955,1
956,4
957,7
958,2
959,4
960,6
961,0
962,17
963,1
964,0
965,1
966,3
967,1
968,0
969,1
970,1
971,1
972,0
973,0
974,2
975,16
976,2
977,4
978,0
979,0
980,9
981,0
982,10
983,5
984,5
985,3
986,2
987,2
988,3
989,3
990,1
991,2
992,10
993,11
994,9
995,0
996,2
997,0
998,2
999,9
1000,2
1001,22
1002,2
1003,4
1004,3
1005,3
1006,1
1007,17
1008,3
1009,5
1010,1
1011,3
1012,0
1013,0
1014,0
1015,9
1016,4
1017,5
1018,0
1019,1
1020,1
1021,0
1022,1
1023,2
1024,2
1025,3
1026,0
1027,8
1028,12
1029,7
1030,1
1031,4
1032,1
1033,0
1034,10
1035,0
1036,4
1037,0
1038,0
1039,3
1040,13
1041,12
1042,0
1043,0
1044,1
1045,0
1046,3
1047,0
1048,3
1049,14
1050,0
1051,2
1052,0
1053,0
1054,10
1055,12
1056,7
1057,2
1058,6
1059,3
1060,2
1061,4
1062,4
1063,9
1064,9
1065,3
1066,3
1067,6
1068,0
1069,0
1070,7
1071,12
1072,3
1073,0
1074,8
1075,7
1076,0
1077,1
1078,2
1079,8
1080,0
1081,0
1082,0
1083,0
1084,2
1085,1
1086,0
1087,0
1088,10
1089,17
1090,2
1091,3
1092,15
1093,3
1094,0
1095,3
1096,5
1097,2
1098,0
1099,5
1100,0
1101,2
1102,3
1103,7
1104,23
1105,0
1106,1
1107,5
1108,1
1109,6
1110,0
1111,3
1112,4
1113,0
1114,6
1115,0
1116,0
1117,1
1118,4
1119,0
1120,0
1121,0
1122,7
1123,5
1124,0
1125,2
1126,0
1127,0
1128,8
1129,2
1130,0
1131,5
1132,0
1133,4
1134,0
1135,1
1136,3
1137,2
1138,0
1139,2
1140,0
1141,4
1142,3
1143,2
1144,2
1145,0
1146,2
1147,6
1148,0
1149,4
1150,3
1151,3
1152,13
1153,11
1154,0
1155,0
1156,2
1157,0
1158,2
1159,1
1160,3
1161,0
1162,0
1163,0
1164,3
1165,2
1166,2
1167,0
1168,2
1169,0
1170,0
1171,9
1172,2
1173,1
1174,3
1175,4
1176,11
1177,0
1178,0
1179,1
1180,16
1181,9
1182,2
1183,2
1184,4
1185,3
1186,0
1187,1
1188,0
1189,3
1190,0
1191,8
1192,17
1193,0
1194,8
1195,3
1196,0
1197,0
1198,6
1199,0
1200,0
1201,0
1202,4
1203,9
1204,7
1205,3
1206,1
1207,14
1208,6
1209,7
1210,4
1211,5
1212,10
1213,2
1214,5
1215,3
1216,2
1217,0
1218,3
1219,1
1220,18
1221,0
1222,0
1223,1
1224,0
1225,0
1226,1
1227,0
1228,0
1229,9
1230,12
1231,7
1232,0
1233,0
1234,6
1235,0
1236,13
1237,7
1238,0
1239,0
1240,4
1241,1
1242,3
1243,4
1244,1
1245,3
1246,4
1247,1
1248,10
1249,4
1250,7
1251,0
1252,4
1253,0
1254,4
1255,2
1256,1
1257,5
1258,14
1259,0
1260,2
1261,0
1262,0
1263,4
1264,0
1265,1
1266,0
1267,0
1268,0
1269,2
1270,1
1271,3
1272,2
1273,0
1274,0
1275,2
1276,0
1277,0
1278,0
1279,3
1280,0
1281,0
1282,0
1283,0
1284,1
1285,15
1286,1
1287,3
1288,0
1289,0
1290,1
1291,0
1292,0
1293,0
1294,3
1295,0
1296,3
1297,5
1298,0
1299,0
1300,0
1301,0
1302,2
1303,9
1304,5
1305,0
1306,2
1307,3
1308,0
1309,5
1310,3
1311,1
1312,12
1313,3
1314,0
1315,1
1316,0
1317,0
1318,0
1319,3
1320,3
1321,6
1322,1
1323,10
1324,1
1325,4
1326,2
1327,12
1328,5
1329,8
1330,0
1331,4
1332,0
1333,24
1334,6
1335,9
1336,0
1337,3
1338,7
1339,2
1340,0
1341,1
1342,1
1343,6
1344,2
1345,0
1346,0
1347,0
1348,1
1349,5
1350,0
1351,1
1352,0
1353,3
1354,0
1355,0
1356,6
1357,0
1358,4
1359,2
1360,11
1361,16
1362,2
1363,0
1364,0
1365,10
1366,9
1367,0
1368,5
1369,0
1370,3
1371,0
1372,0
1373,0
1374,2
1375,3
1376,0
1377,5
1378,6
1379,0
1380,0
1381,7
1382,0
1383,4
1384,9
1385,5
1386,5
1387,1
1388,5
1389,0
1390,0
1391,3
1392,7
1393,3
1394,3
1395,3
1396,7
1397,1
1398,3
1399,1
1400,4
1401,2
1402,0
1403,5
1404,3
1405,7
1406,0
1407,2
1408,1
1409,2
1410,3
1411,0
1412,0
1413,2
1414,0
1415,0
1416,0
1417,0
1418,0
1419,16
1420,0
1421,1
1422,3
1423,0
1424,3
1425,7
1426,2
1427,2
1428,0
1429,0
1430,5
1431,3
1432,2
1433,0
1434,0
1435,1
1436,5
1437,6
1438,1
1439,0
1440,0
1441,2
1442,0
1443,0
1444,2
1445,0
1446,1
1447,4
1448,1
1449,0
1450,0
1451,5
1452,1
1453,0
1454,0
1455,6
1456,3
1457,5
1458,0
1459,9
1460,0
1461,1
1462,4
1463,4
1464,14
1465,0
1466,0
1467,1
1468,0
1469,1
1470,1
1471,0
1472,1
1473,0
1474,6
1475,0
1476,0
1477,0
1478,0
1479,2
1480,0
1481,0
1482,8
1483,0
1484,0
1485,0
1486,7
1487,5
1488,1
1489,0
1490,0
1491,5
1492,0
1493,2
1494,0
1495,1
1496,2
1497,2
1498,6
1499,0
1500,0
1501,3
1502,0
1503,0
1504,2
1505,0
1506,0
1507,1
1508,2
1509,0
1510,4
1511,0
1512,0
1513,0
1514,0
1515,1
1516,10
1517,3
1518,3
1519,3
1520,1
1521,3
1522,2
1523,2
1524,5
1525,12
1526,4
1527,3
1528,0
1529,0
1530,2
1531,4
1532,0
1533,0
1534,1
1535,0
1536,0
1537,13
1538,2
1539,4
1540,0
1541,0
1542,0
1543,3
1544,0
1545,1
1546,5
1547,4
1548,7
1549,9
1550,0
1551,5
1552,3
1553,5
1554,0
1555,2
1556,0
1557,4
1558,2
1559,0
1560,1
1561,1
1562,5
1563,0
1564,1
1565,0
1566,1
1567,0
1568,9
1569,7
1570,0
1571,4
1572,2
1573,2
1574,1
1575,6
1576,0
1577,0
1578,0
1579,1
1580,2
1581,2
1582,2
1583,1
1584,3
1585,4
1586,0
1587,3
1588,0
1589,4
1590,7
1591,0
1592,0
1593,2
1594,3
1595,0
1596,2
1597,3
1598,0
1599,0
1600,6
1601,0
1602,0
1603,3
1604,3
1605,1
1606,3
1607,7
1608,1
1609,4
1610,2
1611,0
1612,7
1613,0
1614,8
1615,0
1616,7
1617,11
1618,0
1619,3
1620,1
1621,1
1622,0
1623,0
1624,10
1625,3
1626,1
1627,2
1628,1
1629,0
1630,5
1631,0
1632,1
1633,2
1634,0
1635,2
1636,1
1637,0
1638,7
1639,0
1640,2
1641,2
1642,1
1643,1
1644,1
1645,0
1646,1
1647,2
1648,1
1649,5
1650,5
1651,0
1652,7
1653,1
1654,23
1655,1
1656,0
1657,1
1658,0
1659,6
1660,7
1661,0
1662,0
1663,7
1664,2
1665,0
1666,2
1667,0
1668,3
1669,0
1670,1
1671,8
1672,0
1673,6
1674,2
1675,1
1676,0
1677,0
1678,2
1679,0
1680,7
1681,6
1682,0
1683,0
1684,0
1685,0
1686,4
1687,2
1688,1
1689,0
1690,2
1691,0
1692,0
1693,0
1694,0
1695,1
1696,1
1697,0
1698,3
1699,1
1700,0
1701,3
1702,8
1703,2
1704,3
1705,12
1706,7
1707,5
1708,1
1709,0
1710,0
1711,1
1712,1
1713,2
1714,0
1715,9
1716,2
1717,2
1718,4
1719,1
1720,5
1721,4
1722,0
1723,6
1724,0
1725,0
1726,3
1727,9
1728,4
1729,0
1730,0
1731,3
1732,3
1733,0
1734,1
1735,1
1736,2
1737,0
1738,2
1739,4
1740,5
1741,0
1742,0
1743,7
1744,2
1745,1
1746,1
1747,0
1748,1
1749,12
1750,0
1751,0
1752,7
1753,0
1754,0
1755,1
1756,2
1757,4
1758,0
1759,0
1760,0
1761,4
1762,5
1763,1
1764,3
1765,0
1766,3
1767,0
1768,0
1769,7
1770,0
1771,7
1772,1
1773,2
1774,0
1775,4
1776,0
1777,4
1778,0
1779,0
1780,1
1781,0
1782,5
1783,10
1784,6
1785,5
1786,8
1787,0
1788,7
1789,0
1790,0
1791,2
1792,9
1793,10
1794,0
1795,1
1796,9
1797,0
1798,0
1799,2
1800,1
1801,0
1802,3
1803,1
1804,7
1805,1
1806,3
1807,5
1808,15
1809,2
1810,3
1811,1
1812,5
1813,0
1814,1
1815,1
1816,0
1817,6
1818,2
1819,2
1820,2
1821,0
1822,5
1823,0
1824,0
1825,4
1826,0
1827,9
1828,0
1829,4
1830,1
1831,0
1832,9
1833,2
1834,3
1835,5
1836,0
1837,3
1838,0
1839,3
1840,0
1841,2
1842,0
1843,0
1844,0
1845,0
1846,8
1847,1
1848,5
1849,6
1850,5
1851,0
1852,0
1853,7
1854,0
1855,0
1856,1
1857,5
1858,8
1859,2
1860,5
1861,2
1862,0
1863,8
1864,2
1865,0
1866,2
1867,2
1868,0
1869,1
1870,2
1871,3
1872,0
1873,12
1874,2
1875,3
1876,1
1877,1
1878,0
1879,0
1880,6
1881,0
1882,2
1883,1
1884,5
1885,1
1886,0
1887,0
1888,5
1889,0
1890,3
1891,0
1892,1
1893,4
1894,0
1895,0
1896,8
1897,3
1898,0
1899,1
1900,7
1901,0
1902,1
1903,5
1904,3
1905,1
1906,7
1907,1
1908,0
1909,1
1910,8
1911,4
1912,1
1913,2
1914,3
1915,2
1916,1
1917,0
1918,0
1919,3
1920,0
1921,11
1922,4
1923,0
1924,4
1925,5
1926,0
1927,0
1928,0
1929,1
1930,2
1931,7
1932,4
1933,1
1934,1
1935,0
1936,0
1937,0
1938,1
1939,2
1940,0
1941,0
1942,2
1943,8
1944,0
1945,0
1946,2
1947,3
1948,0
1949,5
1950,12
1951,4
1952,4
1953,6
1954,7
1955,0
1956,0
1957,1
1958,1
1959,2
1960,1
1961,0
1962,2
1963,7
1964,2
1965,0
1966,1
1967,2
1968,5
1969,2
1970,3
1971,0
1972,0
1973,0
1974,0
1975,3
1976,6
1977,6
1978,0
1979,3
1980,6
1981,2
1982,5
1983,0
1984,3
1985,0
1986,7
1987,1
1988,5
1989,0
1990,0
1991,5
1992,0
1993,0
1994,4
1995,3
1996,6
1997,3
1998,3
1999,0
2000,5
2001,1
2002,0
2003,0
2004,0
2005,5
2006,0
2007,0
2008,4
2009,10
2010,3
2011,4
2012,0
2013,1
2014,0
2015,7
2016,0
2017,0
2018,1
2019,1
2020,0
2021,5
2022,2
2023,0
2024,1
2025,7
2026,3
2027,3
2028,1
2029,4
2030,5
2031,0
2032,0
2033,2
2034,2
2035,1
2036,0
2037,0
2038,0
2039,1
2040,1
2041,0
2042,0
2043,1
2044,1
2045,0
2046,3
2047,7
2048,3
2049,1
2050,6
2051,1
2052,0
2053,0
2054,4
2055,0
2056,0
2057,2
2058,1
2059,1
2060,2
2061,0
2062,0
2063,3
2064,1
2065,1
2066,0
2067,0
2068,1
2069,0
2070,0
2071,1
2072,3
2073,3
2074,1
2075,2
2076,8
2077,0
2078,1
2079,0
2080,5
2081,2
2082,3
2083,3
2084,3
2085,4
2086,1
2087,0
2088,6
2089,0
2090,6
2091,0
2092,1
2093,0
2094,0
2095,0
2096,0
2097,4
2098,6
2099,0
2100,11
2101,0
2102,6
2103,0
2104,2
2105,5
2106,8
2107,4
2108,3
2109,0
2110,0
2111,1
2112,3
2113,4
2114,0
2115,2
2116,8
2117,2
2118,0
2119,7
2120,2
2121,0
2122,1
2123,0
2124,4
2125,5
2126,0
2127,0
2128,3
2129,0
2130,6
2131,5
2132,2
2133,3
2134,2
2135,1
2136,3
2137,1
2138,0
2139,5
2140,1
2141,2
2142,5
2143,1
2144,0
2145,2
2146,0
2147,0
2148,3
2149,1
2150,7
2151,0
2152,1
2153,4
2154,0
2155,3
2156,0
2157,5
2158,4
2159,2
2160,4
2161,0
2162,1
2163,0
2164,3
2165,0
2166,0
2167,3
2168,1
2169,0
2170,2
2171,4
2172,0
2173,0
2174,1
2175,1
2176,2
2177,6
2178,1
2179,4
2180,1
2181,0
2182,4
2183,0
2184,2
2185,2
2186,0
2187,1
2188,6
2189,2
2190,0
2191,3
2192,5
2193,1
2194,1
2195,0
2196,5
2197,2
2198,1
2199,0
2200,2
2201,0
2202,1
2203,6
2204,6
2205,2
2206,2
2207,4
2208,0
2209,4
2210,0
2211,0
2212,2
2213,2
2214,3
2215,0
2216,2
2217,4
2218,1
2219,0
2220,7
2221,0
2222,0
2223,2
2224,2
2225,0
2226,0
2227,0
2228,12
2229,1
2230,9
2231,2
2232,0
2233,0
2234,0
2235,6
2236,8
2237,0
2238,0
2239,5
2240,0
2241,0
2242,6
2243,5
2244,17
2245,3
2246,0
2247,2
2248,4
2249,3
2250,6
2251,5
2252,2
2253,0
2254,2
2255,5
2256,2
2257,0
2258,1
2259,0
2260,0
2261,4
2262,0
2263,5
2264,1
2265,7
2266,3
2267,1
2268,0
2269,8
2270,1
2271,3
2272,2
2273,0
2274,1
2275,3
2276,0
2277,1
2278,13
2279,1
2280,3
2281,0
2282,1
2283,0
2284,1
2285,0
2286,0
2287,0
2288,0
2289,0
2290,0
2291,6
2292,0
2293,2
2294,0
2295,1
2296,1
2297,2
2298,3
2299,6
2300,0
2301,0
2302,11
2303,8
2304,0
2305,0
2306,0
2307,1
2308,1
2309,0
2310,6
2311,0
2312,0
2313,2
2314,3
2315,1
2316,3
2317,3
2318,1
2319,1
2320,9
2321,0
2322,0
2323,3
2324,0
2325,1
2326,2
2327,7
2328,1
2329,0
2330,1
2331,0
2332,3
2333,5
2334,0
2335,2
2336,4
2337,7
2338,0
2339,1
2340,6
2341,3
2342,1
2343,3
2344,2
2345,1
2346,0
2347,0
2348,3
2349,0
2350,0
2351,4
2352,3
2353,7
2354,3
2355,3
2356,0
2357,2
2358,6
2359,7
2360,3
2361,2
2362,1
2363,2
2364,1
2365,0
2366,5
2367,1
2368,0
2369,0
2370,0
2371,0
2372,1
2373,2
2374,3
2375,4
2376,4
2377,2
2378,3
2379,2
2380,4
2381,2
2382,1
2383,5
2384,2
2385,6
2386,2
2387,2
2388,1
2389,0
2390,5
2391,0
2392,0
2393,0
2394,2
2395,0
2396,0
2397,6
2398,3
2399,1
2400,0
2401,1
2402,1
2403,3
2404,3
2405,2
2406,0
2407,0
2408,2
2409,0
2410,5
2411,4
2412,0
2413,4
2414,0
2415,9
2416,3
2417,0
2418,3
2419,0
2420,2
2421,3
2422,3
2423,7
2424,0
2425,8
2426,3
2427,0
2428,0
2429,0
2430,0
2431,0
2432,1
2433,3
2434,4
2435,1
2436,1
2437,0
2438,0
2439,1
2440,2
2441,0
2442,1
2443,0
2444,6
2445,0
2446,0
2447,3
2448,5
2449,2
2450,6
2451,0
2452,0
2453,2
2454,2
2455,0
2456,1
2457,0
2458,0
2459,0
2460,1
2461,0
2462,0
2463,4
2464,4
2465,4
2466,0
2467,0
2468,1
2469,3
2470,6
2471,1
2472,0
2473,1
2474,3
2475,1
2476,2
2477,1
2478,4
2479,2
2480,0
2481,3
2482,1
2483,1
2484,2
2485,0
2486,4
2487,0
2488,1
2489,1
2490,1
2491,0
2492,2
2493,1
2494,0
2495,7
2496,0
2497,6
2498,0
2499,2
2500,0
2501,1
2502,0
2503,3
2504,0
2505,1
2506,0
2507,3
2508,2
2509,0
2510,1
2511,0
2512,2
2513,2
2514,1
2515,0
2516,6
2517,1
2518,0
2519,2
2520,3
2521,0
2522,0
2523,1
2524,1
2525,7
2526,1
2527,1
2528,0
2529,2
2530,0
2531,0
2532,2
2533,0
2534,1
2535,0
2536,0
2537,0
2538,0
2539,0
2540,9
2541,0
2542,0
2543,0
2544,2
2545,8
2546,2
2547,0
2548,1
2549,0
2550,0
2551,4
2552,2
2553,0
2554,0
2555,1
2556,0
2557,0
2558,0
2559,3
2560,0
2561,0
2562,2
2563,1
2564,1
2565,0
2566,0
2567,0
2568,3
2569,3
2570,0
2571,3
2572,2
2573,9
2574,3
2575,8
2576,1
2577,3
2578,2
2579,2
2580,2
2581,1
2582,3
2583,1
2584,3
2585,0
2586,0
2587,0
2588,0
2589,0
2590,0
2591,0
2592,0
2593,3
2594,1
2595,3
2596,2
2597,1
2598,2
2599,0
2600,1
2601,0
2602,0
2603,6
2604,0
2605,9
2606,9
2607,4
2608,0
2609,0
2610,1
2611,4
2612,0
2613,3
2614,1
2615,0
2616,2
2617,7
2618,1
2619,1
2620,1
2621,1
2622,1
2623,3
2624,3
2625,2
2626,4
2627,0
2628,0
2629,1
2630,1
2631,1
2632,1
2633,0
2634,0
2635,4
2636,3
2637,4
2638,0
2639,1
2640,6
2641,1
2642,0
2643,0
2644,1
2645,0
2646,0
2647,0
2648,4
2649,0
2650,4
2651,9
2652,1
2653,4
2654,0
2655,1
2656,2
2657,1
2658,0
2659,0
2660,0
2661,1
2662,2
2663,0
2664,0
2665,4
2666,1
2667,0
2668,1
2669,2
2670,2
2671,0
2672,7
2673,2
2674,0
2675,1
2676,0
2677,8
2678,0
2679,1
2680,0
2681,0
2682,0
2683,1
2684,3
2685,1
2686,4
2687,8
2688,10
2689,6
2690,1
2691,2
2692,1
2693,3
2694,2
2695,2
2696,0
2697,1
2698,0
2699,2
2700,3
2701,0
2702,0
2703,11
2704,2
2705,1
2706,2
2707,7
2708,4
2709,2
2710,0
2711,1
2712,1
2713,1
2714,0
2715,0
2716,0
2717,1
2718,2
2719,1
2720,0
2721,3
2722,0
2723,6
2724,0
2725,2
2726,0
2727,5
2728,0
2729,3
2730,0
2731,0
2732,2
2733,4
2734,9
2735,3
2736,0
2737,4
2738,3
2739,0
2740,2
2741,8
2742,2
2743,0
2744,9
2745,3
2746,5
2747,1
2748,0
2749,5
2750,0
2751,0
2752,0
2753,3
2754,5
2755,0
2756,0
2757,3
2758,1
2759,0
2760,6
2761,1
2762,9
2763,5
2764,0
2765,3
2766,2
2767,7
2768,9
2769,0
2770,2
2771,0
2772,0
2773,0
2774,3
2775,0
2776,0
2777,0
2778,0
2779,0
2780,0
2781,1
2782,1
2783,3
2784,1
2785,3
2786,2
2787,2
2788,0
2789,2
2790,5
2791,0
2792,1
2793,2
2794,4
2795,0
2796,2
2797,2
2798,2
2799,3
2800,1
2801,0
2802,0
2803,0
2804,1
2805,0
2806,4
2807,0
2808,0
2809,2
2810,4
2811,1
2812,6
2813,0
2814,1
2815,0
2816,0
2817,3
2818,0
2819,0
2820,5
2821,0
2822,0
2823,1
2824,0
2825,2
2826,9
2827,0
2828,0
2829,3
2830,0
2831,4
2832,3
2833,1
2834,0
2835,2
2836,0
2837,7
2838,0
2839,12
2840,5
2841,0
2842,5
2843,0
2844,0
2845,0
2846,0
2847,1
2848,5
2849,0
2850,2
2851,0
2852,0
2853,4
2854,0
2855,3
2856,2
2857,4
2858,3
2859,0
2860,1
2861,0
2862,3
2863,9
2864,0
2865,0
2866,1
2867,5
2868,6
2869,0
2870,4
2871,0
2872,0
2873,1
2874,1
2875,2
2876,2
2877,3
2878,0
2879,0
2880,5
2881,0
2882,1
2883,1
2884,1
2885,0
2886,0
2887,8
2888,0
2889,0
2890,15
2891,2
2892,0
2893,4
2894,2
2895,6
2896,1
2897,0
2898,0
2899,3
2900,1
2901,1
2902,3
2903,2
2904,2
2905,4
2906,13
2907,3
2908,1
2909,2
2910,2
2911,0
2912,4
2913,1
2914,1
2915,0
2916,0
2917,0
2918,0
2919,3
2920,0
2921,0
2922,1
2923,5
2924,5
2925,3
2926,0
2927,2
2928,4
2929,3
2930,2
2931,3
2932,1
2933,1
2934,6
2935,3
2936,1
2937,0
2938,3
2939,0
2940,7
2941,2
2942,1
2943,1
2944,0
2945,1
2946,3
2947,0
2948,0
2949,0
2950,0
2951,1
2952,7
2953,0
2954,0
2955,0
2956,3
2957,3
2958,5
2959,0
2960,1
2961,6
2962,6
2963,3
2964,6
2965,1
2966,6
2967,10
2968,0
2969,1
2970,2
2971,4
2972,1
2973,1
2974,1
2975,4
2976,0
2977,4
2978,0
2979,3
2980,1
2981,2
2982,0
2983,1
2984,1
2985,7
2986,0
2987,2
2988,0
2989,2
2990,3
2991,1
2992,0
2993,0
2994,0
2995,6
2996,3
2997,1
2998,5
2999,2
3000,0
3001,2
3002,0
3003,0
3004,5
3005,6
3006,4
3007,4
3008,0
3009,8
3010,0
3011,3
3012,6
3013,1
3014,1
3015,2
3016,1
3017,0
3018,0
3019,3
3020,1
3021,0
3022,1
3023,1
3024,0
3025,1
3026,1
3027,1
3028,1
3029,0
3030,0
3031,3
3032,3
3033,3
3034,2
3035,3
3036,0
3037,3
3038,0
3039,0
3040,1
3041,0
3042,3
3043,1
3044,0
3045,0
3046,2
3047,6
3048,0
3049,2
3050,1
3051,2
3052,1
3053,2
3054,4
3055,1
3056,0
3057,0
3058,0
3059,0
3060,3
3061,5
3062,1
3063,3
3064,2
3065,1
3066,7
3067,0
3068,0
3069,1
3070,0
3071,7
3072,0
3073,0
3074,1
3075,4
3076,0
3077,3
3078,3
3079,1
3080,0
3081,0
3082,0
3083,0
3084,3
3085,2
3086,4
3087,2
3088,0
3089,0
3090,2
3091,1
3092,0
3093,3
3094,1
3095,0
3096,0
3097,1
3098,0
3099,4
3100,1
3101,2
3102,3
3103,4
3104,0
3105,1
3106,3
3107,6
3108,0
3109,4
3110,0
3111,3
3112,3
3113,0
3114,6
3115,3
3116,3
3117,0
3118,0
3119,10
3120,0
3121,0
3122,1
3123,1
3124,3
3125,0
3126,2
3127,4
3128,0
3129,0
3130,0
3131,0
3132,5
3133,1
3134,0
3135,3
3136,2
3137,3
3138,0
3139,8
3140,0
3141,2
3142,3
3143,1
3144,1
3145,0
3146,1
3147,0
3148,5
3149,2
3150,2
3151,0
3152,4
3153,1
3154,5
3155,1
3156,0
3157,0
3158,2
3159,4
3160,1
3161,1
3162,0
3163,7
3164,1
3165,0
3166,1
3167,0
3168,3
3169,0
3170,1
3171,5
3172,1
3173,0
3174,2
3175,4
3176,2
3177,0
3178,0
3179,0
3180,5
3181,1
3182,3
3183,0
3184,0
3185,4
3186,1
3187,2
3188,0
3189,3
3190,7
3191,7
3192,2
3193,1
3194,1
3195,0
3196,1
3197,0
3198,0
3199,3
3200,11
3201,3
3202,2
3203,5
3204,5
3205,3
3206,0
3207,1
3208,9
3209,2
3210,0
3211,0
3212,0
3213,3
3214,6
3215,0
3216,5
3217,0
3218,0
3219,0
3220,0
3221,4
3222,2
3223,0
3224,0
3225,6
3226,1
3227,7
3228,1
3229,1
3230,8
3231,0
3232,1
3233,2
3234,1
3235,3
3236,1
3237,0
3238,0
3239,3
3240,4
3241,0
3242,0
3243,1
3244,1
3245,4
3246,1
3247,1
3248,1
3249,0
3250,0
3251,0
3252,9
3253,9
3254,6
3255,1
3256,1
3257,0
3258,0
3259,0
3260,1
3261,6
3262,0
3263,1
3264,1
3265,1
3266,0
3267,2
3268,3
3269,0
3270,1
3271,1
3272,0
3273,5
3274,1
3275,4
3276,1
3277,4
3278,0
3279,0
3280,0
3281,0
3282,1
3283,0
3284,0
3285,0
3286,4
3287,2
3288,6
3289,1
3290,2
3291,0
3292,2
3293,1
3294,2
3295,1
3296,0
3297,1
3298,5
3299,0
3300,0
3301,2
3302,5
3303,1
3304,0
3305,1
3306,1
3307,5
3308,0
3309,2
3310,0
3311,2
3312,0
3313,4
3314,0
3315,0
3316,3
3317,2
3318,4
3319,3
3320,4
3321,1
3322,3
3323,9
3324,0
3325,1
3326,6
3327,2
3328,0
3329,0
3330,0
3331,2
3332,0
3333,3
3334,0
3335,2
3336,4
3337,0
3338,0
3339,0
3340,5
3341,1
3342,2
3343,0
3344,3
3345,7
3346,0
3347,0
3348,0
3349,9
3350,0
3351,3
3352,7
3353,2
3354,0
3355,0
3356,1
3357,3
3358,5
3359,0
3360,1
3361,1
3362,1
3363,2
3364,3
3365,0
3366,1
3367,5
3368,6
3369,0
3370,9
3371,2
3372,0
3373,0
3374,2
3375,2
3376,3
3377,5
3378,3
3379,0
3380,2
3381,2
3382,1
3383,0
3384,3
3385,0
3386,0
3387,1
3388,2
3389,1
3390,0
3391,1
3392,0
3393,1
3394,5
3395,0
3396,4
3397,0
3398,1
3399,5
3400,1
3401,0
3402,2
3403,0
3404,4
3405,4
3406,3
3407,2
3408,1
3409,3
3410,1
3411,2
3412,1
3413,0
3414,0
3415,2
3416,0
3417,2
3418,1
3419,1
3420,3
3421,0
3422,0
3423,11
3424,0
3425,1
3426,3
3427,0
3428,2
3429,1
3430,0
3431,3
3432,1
3433,0
3434,5
3435,1
3436,0
3437,1
3438,0
3439,2
3440,1
3441,1
3442,8
3443,0
3444,0
3445,3
3446,1
3447,2
3448,0
3449,4
3450,1
3451,0
3452,1
3453,3
3454,1
3455,1
3456,2
3457,0
3458,0
3459,2
3460,0
3461,0
3462,0
3463,1
3464,0
3465,0
3466,4
3467,0
3468,0
3469,0
3470,0
3471,2
3472,3
3473,0
3474,0
3475,5
3476,5
3477,9
3478,0
3479,3
3480,3
3481,2
3482,5
3483,1
3484,2
3485,6
3486,1
3487,1
3488,2
3489,1
3490,5
3491,2
3492,0
3493,0
3494,0
3495,5
3496,1
3497,0
3498,7
3499,2
3500,1
3501,0
3502,3
3503,0
3504,5
3505,2
3506,3
3507,3
3508,3
3509,0
3510,5
3511,1
3512,0
3513,0
3514,1
3515,0
3516,1
3517,0
3518,0
3519,2
3520,0
3521,2
3522,0
3523,6
3524,0
3525,0
3526,2
3527,6
3528,2
3529,2
3530,0
3531,0
3532,0
3533,3
3534,0
3535,3
3536,6
3537,1
3538,2
3539,3
3540,3
3541,0
3542,0
3543,0
3544,1
3545,1
3546,3
3547,4
3548,0
3549,0
3550,0
3551,1
3552,1
3553,2
3554,9
3555,0
3556,10
3557,2
3558,1
3559,0
3560,5
3561,0
3562,0
3563,3
3564,1
3565,0
3566,2
3567,1
3568,0
3569,3
3570,12
3571,0
3572,6
3573,1
3574,0
3575,0
3576,8
3577,1
3578,4
3579,2
3580,7
3581,3
3582,2
3583,0
3584,5
3585,0
3586,0
3587,0
3588,2
3589,0
3590,0
3591,0
3592,0
3593,0
3594,0
3595,3
3596,2
3597,2
3598,0
3599,0
3600,3
3601,1
3602,2
3603,2
3604,2
3605,7
3606,1
3607,5
3608,0
3609,1
3610,2
3611,4
3612,1
3613,0
3614,3
3615,3
3616,0
3617,0
3618,0
3619,0
3620,3
3621,1
3622,0
3623,0
3624,0
3625,3
3626,2
3627,0
3628,2
3629,1
3630,0
3631,0
3632,1
3633,1
3634,0
3635,3
3636,3
3637,2
3638,0
3639,0
3640,1
3641,0
3642,3
3643,0
3644,3
3645,0
3646,1
3647,7
3648,0
3649,2
3650,4
3651,5
3652,1
3653,1
3654,1
3655,1
3656,0
3657,4
3658,0
3659,2
3660,3
3661,8
3662,3
3663,7
3664,2
3665,1
3666,1
3667,0
3668,0
3669,1
3670,1
3671,1
3672,3
3673,2
3674,2
3675,1
3676,0
3677,0
3678,1
3679,1
3680,0
3681,0
3682,0
3683,1
3684,0
3685,0
3686,1
3687,0
3688,3
3689,2
3690,3
3691,2
3692,1
3693,2
3694,1
3695,0
3696,0
3697,1
3698,1
3699,1
3700,4
3701,1
3702,0
3703,1
3704,0
3705,0
3706,0
3707,0
3708,2
3709,0
3710,2
3711,0
3712,3
3713,1
3714,0
3715,4
3716,3
3717,0
3718,4
3719,2
3720,4
3721,0
3722,1
3723,1
3724,0
3725,2
3726,0
3727,1
3728,4
3729,1
3730,1
3731,2
3732,0
3733,8
3734,0
3735,4
3736,2
3737,1
3738,0
3739,6
3740,0
3741,3
3742,4
3743,3
3744,2
3745,0
3746,1
3747,0
3748,1
3749,0
3750,0
3751,3
3752,1
3753,1
3754,2
3755,0
3756,1
3757,0
3758,1
3759,3
3760,0
3761,0
3762,6
3763,4
3764,3
3765,1
3766,0
3767,3
3768,0
3769,0
3770,3
3771,3
3772,1
3773,1
3774,2
3775,0
3776,3
3777,5
3778,5
3779,0
3780,1
3781,1
3782,0
3783,5
3784,3
3785,3
3786,1
3787,1
3788,6
3789,0
3790,1
3791,1
3792,0
3793,1
3794,2
3795,2
3796,1
3797,2
3798,1
3799,0
3800,0
3801,2
3802,3
3803,5
3804,2
3805,1
3806,0
3807,1
3808,0
3809,11
3810,6
3811,0
3812,0
3813,0
3814,1
3815,0
3816,1
3817,0
3818,1
3819,3
3820,2
3821,0
3822,0
3823,0
3824,4
3825,0
3826,0
3827,0
3828,0
3829,4
3830,0
3831,1
3832,1
3833,0
3834,0
3835,0
3836,3
3837,2
3838,2
3839,3
3840,1
3841,1
3842,0
3843,1
3844,0
3845,1
3846,1
3847,1
3848,7
3849,0
3850,3
3851,4
3852,3
3853,0
3854,1
3855,0
3856,3
3857,0
3858,1
3859,3
3860,5
3861,0
3862,1
3863,3
3864,3
3865,0
3866,5
3867,3
3868,0
3869,0
3870,1
3871,0
3872,1
3873,8
3874,1
3875,2
3876,2
3877,2
3878,0
3879,4
3880,4
3881,0
3882,0
3883,3
3884,4
3885,0
3886,0
3887,1
3888,0
3889,0
3890,5
3891,1
3892,0
3893,0
3894,2
3895,0
3896,7
3897,5
3898,0
3899,3
3900,5
3901,0
3902,0
3903,0
3904,1
3905,1
3906,4
3907,2
3908,1
3909,0
3910,0
3911,0
3912,3
3913,2
3914,0
3915,1
3916,2
3917,3
3918,3
3919,1
3920,0
3921,0
3922,5
3923,4
3924,0
3925,2
3926,3
3927,1
3928,0
3929,0
3930,1
3931,0
3932,0
3933,2
3934,1
3935,0
3936,1
3937,3
3938,1
3939,1
3940,4
3941,3
3942,0
3943,1
3944,5
3945,0
3946,1
3947,5
3948,0
3949,0
3950,1
3951,1
3952,0
3953,1
3954,0
3955,0
3956,0
3957,1
3958,6
3959,2
3960,6
3961,1
3962,2
3963,1
3964,3
3965,2
3966,0
3967,3
3968,3
3969,4
3970,0
3971,0
3972,0
3973,2
3974,3
3975,1
3976,2
3977,1
3978,0
3979,6
3980,4
3981,1
3982,3
3983,3
3984,0
3985,0
3986,2
3987,1
3988,2
3989,6
3990,0
3991,1
3992,1
3993,4
3994,3
3995,2
3996,2
3997,1
3998,1
3999,3
4000,1
4001,1
4002,0
4003,5
4004,6
4005,0
4006,0
4007,0
4008,0
4009,0
4010,0
4011,0
4012,1
4013,1
4014,1
4015,1
4016,0
4017,2
4018,2
4019,5
4020,7
4021,1
4022,0
4023,0
4024,2
4025,2
4026,0
4027,0
4028,7
4029,0
4030,1
4031,4
4032,9
4033,2
4034,2
4035,3
4036,3
4037,1
4038,2
4039,2
4040,5
4041,2
4042,1
4043,2
4044,0
4045,2
4046,1
4047,0
4048,3
4049,1
4050,1
4051,1
4052,1
4053,1
4054,1
4055,3
4056,0
4057,0
4058,2
4059,1
4060,1
4061,1
4062,1
4063,0
4064,2
4065,3
4066,0
4067,0
4068,6
4069,5
4070,5
4071,1
4072,0
4073,0
4074,2
4075,5
4076,4
4077,2
4078,4
4079,0
4080,0
4081,3
4082,9
4083,2
4084,4
4085,1
4086,0
4087,1
4088,0
4089,0
4090,0
4091,3
4092,2
4093,1
4094,0
4095,0
4096,0
4097,0
4098,1
4099,0
4100,1
4101,0
4102,1
4103,0
4104,2
4105,2
4106,2
4107,1
4108,3
4109,4
4110,4
4111,0
4112,0
4113,1
4114,3
4115,0
4116,12
4117,1
4118,2
4119,3
4120,0
4121,0
4122,0
4123,0
4124,2
4125,6
4126,2
4127,0
4128,2
4129,2
4130,2
4131,0
4132,0
4133,2
4134,1
4135,0
4136,0
4137,1
4138,0
4139,1
4140,0
4141,2
4142,3
4143,0
4144,1
4145,2
4146,0
4147,1
4148,0
4149,0
4150,2
4151,6
4152,0
4153,2
4154,0
4155,0
4156,3
4157,2
4158,0
4159,0
4160,0
4161,3
4162,1
4163,0
4164,0
4165,0
4166,0
4167,3
4168,0
4169,2
4170,0
4171,1
4172,0
4173,0
4174,0
4175,1
4176,0
4177,0
4178,7
4179,0
4180,0
4181,1
4182,1
4183,0
4184,2
4185,1
4186,1
4187,4
4188,2
4189,5
4190,10
4191,0
4192,0
4193,1
4194,0
4195,2
4196,6
4197,0
4198,1
4199,2
4200,3
4201,1
4202,1
4203,0
4204,0
4205,0
4206,1
4207,0
4208,2
4209,1
4210,3
4211,0
4212,0
4213,2
4214,0
4215,2
4216,0
4217,1
4218,2
4219,0
4220,4
4221,1
4222,4
4223,1
4224,0
4225,2
4226,3
4227,0
4228,0
4229,0
4230,1
4231,1
4232,3
4233,0
4234,0
4235,0
4236,1
4237,0
4238,0
4239,1
4240,1
4241,4
4242,2
4243,0
4244,0
4245,3
4246,0
4247,1
4248,0
4249,0
4250,2
4251,2
4252,1
4253,1
4254,0
4255,1
4256,1
4257,0
4258,0
4259,0
4260,0
4261,0
4262,2
4263,1
4264,0
4265,5
4266,0
4267,1
4268,0
4269,1
4270,2
4271,4
4272,1
4273,3
4274,2
4275,1
4276,2
4277,6
4278,0
4279,0
4280,0
4281,0
4282,5
4283,0
4284,4
4285,1
4286,0
4287,1
4288,0
4289,0
4290,0
4291,3
4292,3
4293,0
4294,4
4295,0
4296,0
4297,0
4298,4
4299,2
4300,1
4301,5
4302,1
4303,1
4304,0
4305,2
4306,3
4307,6
4308,2
4309,0
4310,9
4311,1
4312,1
4313,0
4314,0
4315,1
4316,0
4317,4
4318,2
4319,0
4320,2
4321,1
4322,0
4323,2
4324,2
4325,2
4326,0
4327,0
4328,0
4329,1
4330,2
4331,0
4332,2
4333,1
4334,1
4335,2
4336,0
4337,0
4338,1
4339,1
4340,4
4341,0
4342,0
4343,0
4344,5
4345,0
4346,4
4347,0
4348,0
4349,5
4350,1
4351,1
4352,1
4353,0
4354,0
4355,3
4356,1
4357,0
4358,1
4359,1
4360,0
4361,2
4362,6
4363,0
4364,0
4365,1
4366,3
4367,0
4368,2
4369,1
4370,2
4371,0
4372,0
4373,0
4374,1
4375,2
4376,2
4377,4
4378,4
4379,0
4380,0
4381,0
4382,2
4383,2
4384,1
4385,0
4386,4
4387,2
4388,3
4389,1
4390,0
4391,5
4392,3
4393,0
4394,0
4395,1
4396,3
4397,4
4398,0
4399,0
4400,1
4401,0
4402,2
4403,2
4404,0
4405,2
4406,0
4407,0
4408,7
4409,0
4410,1
4411,1
4412,5
4413,1
4414,4
4415,0
4416,2
4417,2
4418,2
4419,4
4420,1
4421,1
4422,10
4423,0
4424,1
4425,3
4426,2
4427,6
4428,1
4429,1
4430,5
4431,0
4432,2
4433,3
4434,3
4435,1
4436,1
4437,0
4438,1
4439,1
4440,1
4441,1
4442,3
4443,0
4444,0
4445,4
4446,5
4447,4
4448,2
4449,0
4450,4
4451,1
4452,0
4453,3
4454,1
4455,1
4456,2
4457,0
4458,0
4459,0
4460,0
4461,1
4462,0
4463,1
4464,0
4465,2
4466,1
4467,2
4468,0
4469,1
4470,2
4471,4
4472,0
4473,2
4474,1
4475,2
4476,3
4477,0
4478,1
4479,0
4480,0
4481,5
4482,3
4483,1
4484,3
4485,4
4486,1
4487,3
4488,5
4489,0
4490,4
4491,0
4492,3
4493,3
4494,2
4495,6
4496,0
4497,1
4498,2
4499,0
4500,1
4501,6
4502,1
4503,0
4504,1
4505,0
4506,3
4507,0
4508,1
4509,4
4510,3
4511,3
4512,0
4513,0
4514,0
4515,0
4516,1
4517,1
4518,1
4519,7
4520,1
4521,4
4522,3
4523,5
4524,3
4525,1
4526,1
4527,3
4528,0
4529,2
4530,4
4531,3
4532,0
4533,3
4534,4
4535,2
4536,1
4537,2
4538,1
4539,1
4540,1
4541,0
4542,0
4543,0
4544,0
4545,3
4546,1
4547,6
4548,1
4549,0
4550,0
4551,1
4552,3
4553,1
4554,4
4555,2
4556,3
4557,0
4558,1
4559,6
4560,3
4561,1
4562,1
4563,0
4564,3
4565,2
4566,1
4567,5
4568,2
4569,0
4570,0
4571,2
4572,1
4573,0
4574,0
4575,4
4576,3
4577,1
4578,1
4579,1
4580,3
4581,1
4582,2
4583,2
4584,1
4585,0
4586,0
4587,1
4588,5
4589,1
4590,1
4591,1
4592,0
4593,3
4594,0
4595,2
4596,1
4597,2
4598,0
4599,1
4600,0
4601,0
4602,0
4603,1
4604,0
4605,2
4606,4
4607,3
4608,1
4609,2
4610,1
4611,3
4612,0
4613,0
4614,0
4615,0
4616,2
4617,1
4618,1
4619,3
4620,2
4621,2
4622,0
4623,1
4624,3
4625,1
4626,0
4627,3
4628,1
4629,7
4630,1
4631,5
4632,1
4633,0
4634,0
4635,4
4636,1
4637,7
4638,1
4639,3
4640,1
4641,2
4642,2
4643,6
4644,3
4645,5
4646,0
4647,1
4648,4
4649,1
4650,3
4651,0
4652,1
4653,1
4654,0
4655,0
4656,0
4657,2
4658,0
4659,2
4660,1
4661,0
4662,0
4663,1
4664,0
4665,1
4666,1
4667,0
4668,0
4669,3
4670,0
4671,6
4672,0
4673,1
4674,0
4675,0
4676,1
4677,1
4678,1
4679,1
4680,2
4681,1
4682,3
4683,2
4684,0
4685,2
4686,1
4687,1
4688,2
4689,2
4690,1
4691,3
4692,4
4693,5
4694,1
4695,0
4696,2
4697,0
4698,0
4699,2
4700,1
4701,1
4702,6
4703,6
4704,2
4705,1
4706,1
4707,2
4708,1
4709,0
4710,0
4711,0
4712,0
4713,1
4714,1
4715,0
4716,0
4717,0
4718,0
4719,0
4720,0
4721,0
4722,2
4723,1
4724,0
4725,0
4726,3
4727,2
4728,1
4729,0
4730,1
4731,0
4732,0
4733,1
4734,1
4735,3
4736,1
4737,3
4738,1
4739,0
4740,3
4741,1
4742,1
4743,1
4744,0
4745,1
4746,1
4747,2
4748,0
4749,2
4750,0
4751,0
4752,0
4753,0
4754,1
4755,1
4756,1
4757,3
4758,1
4759,2
4760,3
4761,0
4762,1
4763,0
4764,0
4765,2
4766,4
4767,3
4768,3
4769,6
4770,2
4771,1
4772,3
4773,2
4774,4
4775,1
4776,1
4777,0
4778,2
4779,1
4780,1
4781,1
4782,7
4783,0
4784,1
4785,0
4786,1
4787,1
4788,1
4789,0
4790,3
4791,4
4792,0
4793,0
4794,2
4795,0
4796,0
4797,1
4798,1
4799,0
4800,0
4801,3
4802,0
4803,3
4804,3
4805,1
4806,1
4807,2
4808,1
4809,1
4810,2
4811,1
4812,1
4813,1
4814,0
4815,0
4816,1
4817,4
4818,5
4819,1
4820,2
4821,0
4822,2
4823,2
4824,4
4825,4
4826,0
4827,0
4828,1
4829,4
4830,2
4831,1
4832,6
4833,0
4834,0
4835,0
4836,1
4837,0
4838,3
4839,1
4840,1
4841,0
4842,0
4843,2
4844,1
4845,4
4846,0
4847,2
4848,2
4849,2
4850,3
4851,4
4852,1
4853,2
4854,0
4855,0
4856,4
4857,0
4858,1
4859,0
4860,2
4861,1
4862,1
4863,1
4864,1
4865,0
4866,4
4867,0
4868,1
4869,3
4870,1
4871,3
4872,1
4873,1
4874,0
4875,3
4876,1
4877,2
4878,0
4879,0
4880,1
4881,5
4882,5
4883,1
4884,1
4885,0
4886,2
4887,0
4888,0
4889,1
4890,3
4891,2
4892,0
4893,0
4894,0
4895,1
4896,0
4897,0
4898,2
4899,2
4900,0
4901,4
4902,3
4903,0
4904,0
4905,4
4906,1
4907,3
4908,2
4909,0
4910,1
4911,0
4912,0
4913,0
4914,0
4915,0
4916,3
4917,1
4918,1
4919,0
4920,2
4921,1
4922,1
4923,0
4924,2
4925,2
4926,1
4927,6
4928,0
4929,0
4930,2
4931,1
4932,0
4933,0
4934,1
4935,2
4936,1
4937,1
4938,0
4939,0
4940,4
4941,1
4942,0
4943,1
4944,3
4945,0
4946,2
4947,2
4948,0
4949,0
4950,1
4951,1
4952,3
4953,0
4954,2
4955,1
4956,0
4957,3
4958,2
4959,0
4960,1
4961,2
4962,0
4963,1
4964,0
4965,0
4966,2
4967,1
4968,0
4969,0
4970,1
4971,4
4972,1
4973,0
4974,7
4975,8
4976,0
4977,0
4978,5
4979,1
4980,1
4981,0
4982,1
4983,1
4984,0
4985,4
4986,3
4987,1
4988,0
4989,0
4990,1
4991,0
4992,1
4993,1
4994,0
4995,0
4996,0
4997,4
4998,0
4999,3
5000,1
5001,0
5002,1
5003,1
5004,0
5005,0
5006,0
5007,0
5008,1
5009,0
5010,0
5011,1
5012,0
5013,3
5014,1
5015,0
5016,4
5017,2
5018,2
5019,2
5020,2
5021,0
5022,1
5023,1
5024,1
5025,1
5026,3
5027,3
5028,4
5029,0
5030,1
5031,1
5032,2
5033,0
5034,0
5035,4
5036,0
5037,1
5038,2
5039,3
5040,0
5041,0
5042,2
5043,3
5044,0
5045,2
5046,1
5047,1
5048,0
5049,0
5050,0
5051,2
5052,1
5053,2
5054,1
5055,1
5056,2
5057,0
5058,1
5059,4
5060,0
5061,0
5062,1
5063,0
5064,1
5065,6
5066,1
5067,1
5068,2
5069,1
5070,0
5071,0
5072,1
5073,0
5074,0
5075,1
5076,1
5077,1
5078,2
5079,1
5080,0
5081,2
5082,1
5083,3
5084,1
5085,0
5086,1
5087,1
5088,1
5089,0
5090,0
5091,3
5092,0
5093,1
5094,2
5095,3
5096,0
5097,5
5098,2
5099,0
5100,0
5101,0
5102,0
5103,0
5104,5
5105,1
5106,0
5107,0
5108,4
5109,0
5110,0
5111,2
5112,4
5113,0
5114,1
5115,1
5116,1
5117,2
5118,0
5119,3
5120,0
5121,0
5122,0
5123,4
5124,2
5125,1
5126,0
5127,0
5128,1
5129,0
5130,1
5131,0
5132,8
5133,0
5134,0
5135,1
5136,2
5137,1
5138,1
5139,2
5140,0
5141,0
5142,1
5143,3
5144,1
5145,3
5146,1
5147,0
5148,4
5149,2
5150,1
5151,2
5152,0
5153,5
5154,0
5155,0
5156,2
5157,0
5158,2
5159,1
5160,0
5161,3
5162,0
5163,0
5164,0
5165,3
5166,0
5167,0
5168,0
5169,4
5170,0
5171,6
5172,3
5173,2
5174,0
5175,1
5176,2
5177,2
5178,3
5179,1
5180,1
5181,0
5182,0
5183,1
5184,2
5185,3
5186,3
5187,4
5188,1
5189,0
5190,0
5191,1
5192,0
5193,2
5194,0
5195,0
5196,4
5197,4
5198,4
5199,3
5200,2
5201,1
5202,4
5203,1
5204,0
5205,1
5206,1
5207,0
5208,0
5209,4
5210,3
5211,1
5212,0
5213,4
5214,0
5215,3
5216,0
5217,1
5218,0
5219,2
5220,2
5221,1
5222,2
5223,0
5224,1
5225,7
5226,1
5227,0
5228,0
5229,1
5230,0
5231,0
5232,1
5233,0
5234,2
5235,2
5236,0
5237,2
5238,1
5239,1
5240,0
5241,0
5242,0
5243,1
5244,2
5245,1
5246,2
5247,0
5248,8
5249,1
5250,2
5251,1
5252,1
5253,2
5254,0
5255,2
5256,1
5257,1
5258,1
5259,0
5260,3
5261,1
5262,3
5263,6
5264,2
5265,1
5266,1
5267,0
5268,0
5269,0
5270,2
5271,0
5272,2
5273,3
5274,2
5275,1
5276,0
5277,5
5278,9
5279,0
5280,1
5281,0
5282,0
5283,5
5284,3
5285,2
5286,1
5287,0
5288,3
5289,0
5290,1
5291,2
5292,2
5293,1
5294,2
5295,4
5296,0
5297,1
5298,0
5299,0
5300,0
5301,5
5302,0
5303,3
5304,2
5305,1
5306,0
5307,0
5308,0
5309,3
5310,0
5311,0
5312,3
5313,2
5314,1
5315,2
5316,0
5317,0
5318,1
5319,2
5320,2
5321,1
5322,0
5323,2
5324,0
5325,0
5326,1
5327,0
5328,0
5329,0
5330,0
5331,1
5332,0
5333,1
5334,0
5335,1
5336,2
5337,0
5338,0
5339,0
5340,1
5341,1
5342,2
5343,1
5344,0
5345,2
5346,1
5347,4
5348,2
5349,5
5350,1
5351,0
5352,3
5353,1
5354,0
5355,1
5356,0
5357,1
5358,1
5359,2
5360,1
5361,1
5362,1
5363,3
5364,1
5365,0
5366,2
5367,0
5368,0
5369,1
5370,1
5371,1
5372,0
5373,0
5374,5
5375,7
5376,0
5377,1
5378,4
5379,3
5380,0
5381,1
5382,0
5383,0
5384,0
5385,1
5386,3
5387,1
5388,0
5389,1
5390,10
5391,0
5392,1
5393,1
5394,1
5395,0
5396,2
5397,1
5398,2
5399,5
5400,2
5401,0
5402,4
5403,2
5404,2
5405,1
5406,1
5407,3
5408,0
5409,7
5410,2
5411,2
5412,2
5413,0
5414,2
5415,0
5416,0
5417,1
5418,1
5419,0
5420,3
5421,0
5422,0
5423,1
5424,0
5425,3
5426,5
5427,1
5428,0
5429,0
5430,0
5431,0
5432,1
5433,2
5434,0
5435,3
5436,1
5437,0
5438,5
5439,0
5440,1
5441,1
5442,0
5443,0
5444,0
5445,2
5446,1
5447,0
5448,0
5449,1
5450,0
5451,0
5452,1
5453,0
5454,3
5455,2
5456,1
5457,3
5458,1
5459,0
5460,0
5461,2
5462,0
5463,1
5464,0
5465,0
5466,1
5467,2
5468,0
5469,1
5470,2
5471,0
5472,1
5473,0
5474,1
5475,1
5476,3
5477,3
5478,4
5479,3
5480,1
5481,1
5482,0
5483,1
5484,3
5485,0
5486,0
5487,1
5488,0
5489,2
5490,3
5491,0
5492,1
5493,1
5494,0
5495,0
5496,0
5497,1
5498,0
5499,4
5500,3
5501,7
5502,0
5503,0
5504,0
5505,0
5506,4
5507,1
5508,4
5509,1
5510,3
5511,0
5512,4
5513,0
5514,4
5515,0
5516,4
5517,0
5518,2
5519,0
5520,3
5521,2
5522,1
5523,1
5524,0
5525,1
5526,0
5527,0
5528,0
5529,3
5530,0
5531,1
5532,3
5533,0
5534,3
5535,2
5536,2
5537,3
5538,0
5539,1
5540,1
5541,0
5542,2
5543,1
5544,0
5545,3
5546,1
5547,0
5548,4
5549,2
5550,0
5551,3
5552,0
5553,0
5554,0
5555,2
5556,0
5557,0
5558,3
5559,1
5560,0
5561,5
5562,2
5563,1
5564,2
5565,1
5566,1
5567,0
5568,3
5569,0
5570,3
5571,2
5572,0
5573,0
5574,0
5575,2
5576,3
5577,2
5578,2
5579,1
5580,1
5581,0
5582,2
5583,1
5584,0
5585,0
5586,1
5587,1
5588,2
5589,1
5590,2
5591,1
5592,7
5593,1
5594,3
5595,2
5596,3
5597,2
5598,1
5599,0
5600,2
5601,1
5602,2
5603,0
5604,0
5605,1
5606,1
5607,3
5608,0
5609,0
5610,0
5611,2
5612,1
5613,4
5614,2
5615,0
5616,1
5617,0
5618,5
5619,3
5620,5
5621,1
5622,0
5623,0
5624,0
5625,1
5626,1
5627,2
5628,4
5629,0
5630,0
5631,2
5632,1
5633,2
5634,0
5635,2
5636,0
5637,1
5638,0
5639,0
5640,1
5641,0
5642,1
5643,1
5644,0
5645,0
5646,0
5647,0
5648,0
5649,2
5650,4
5651,3
5652,3
5653,2
5654,3
5655,1
5656,2
5657,1
5658,1
5659,1
5660,1
5661,1
5662,2
5663,2
5664,1
5665,0
5666,0
5667,1
5668,0
5669,1
5670,4
5671,2
5672,1
5673,1
5674,0
5675,0
5676,3
5677,0
5678,1
5679,0
5680,2
5681,5
5682,0
5683,1
5684,1
5685,0
5686,1
5687,3
5688,0
5689,0
5690,1
5691,2
5692,1
5693,0
5694,0
5695,0
5696,2
5697,0
5698,0
5699,1
5700,3
5701,2
5702,1
5703,1
5704,1
5705,4
5706,2
5707,0
5708,1
5709,1
5710,1
5711,0
5712,1
5713,0
5714,4
5715,4
5716,1
5717,1
5718,0
5719,2
5720,3
5721,1
5722,1
5723,2
5724,0
5725,0
5726,0
5727,2
5728,1
5729,2
5730,2
5731,0
5732,0
5733,1
5734,1
5735,5
5736,0
5737,2
5738,5
5739,2
5740,0
5741,0
5742,0
5743,0
5744,1
5745,0
5746,1
5747,1
5748,3
5749,2
5750,1
5751,1
5752,0
5753,3
5754,0
5755,0
5756,0
5757,0
5758,4
5759,0
5760,6
5761,0
5762,0
5763,3
5764,1
5765,1
5766,1
5767,2
5768,1
5769,5
5770,1
5771,1
5772,1
5773,0
5774,0
5775,3
5776,1
5777,8
5778,2
5779,2
5780,2
5781,2
5782,3
5783,2
5784,1
5785,0
5786,0
5787,0
5788,1
5789,0
5790,1
5791,0
5792,5
5793,1
5794,0
5795,0
5796,0
5797,1
5798,1
5799,2
5800,0
5801,1
5802,2
5803,2
5804,0
5805,1
5806,0
5807,2
5808,1
5809,5
5810,1
5811,1
5812,0
5813,4
5814,0
5815,3
5816,1
5817,3
5818,0
5819,0
5820,1
5821,1
5822,2
5823,5
5824,9
5825,0
5826,2
5827,1
5828,1
5829,0
5830,0
5831,2
5832,2
5833,3
5834,2
5835,0
5836,2
5837,2
5838,0
5839,1
5840,0
5841,1
5842,4
5843,0
5844,5
5845,1
5846,1
5847,2
5848,1
5849,0
5850,2
5851,2
5852,1
5853,0
5854,0
5855,0
5856,0
5857,1
5858,0
5859,0
5860,0
5861,1
5862,0
5863,2
5864,0
5865,1
5866,0
5867,0
5868,0
5869,2
5870,0
5871,0
5872,0
5873,1
5874,1
5875,0
5876,0
5877,0
5878,1
5879,1
5880,0
5881,0
5882,2
5883,0
5884,1
5885,2
5886,4
5887,1
5888,1
5889,1
5890,1
5891,2
5892,1
5893,1
5894,0
5895,4
5896,0
5897,2
5898,0
5899,0
5900,0
5901,0
5902,0
5903,2
5904,4
5905,1
5906,0
5907,2
5908,0
5909,0
5910,0
5911,0
5912,3
5913,1
5914,1
5915,0
5916,0
5917,0
5918,3
5919,2
5920,2
5921,1
5922,1
5923,0
5924,1
5925,2
5926,0
5927,2
5928,1
5929,0
5930,0
5931,0
5932,0
5933,1
5934,1
5935,0
5936,3
5937,1
5938,0
5939,0
5940,1
5941,1
5942,1
5943,0
5944,3
5945,4
5946,3
5947,5
5948,0
5949,0
5950,0
5951,2
5952,1
5953,2
5954,1
5955,1
5956,2
5957,0
5958,0
5959,4
5960,0
5961,0
5962,2
5963,2
5964,2
5965,5
5966,0
5967,0
5968,3
5969,2
5970,1
5971,0
5972,0
5973,1
5974,2
5975,0
5976,2
5977,3
5978,0
5979,0
5980,5
5981,0
5982,0
5983,3
5984,1
5985,2
5986,3
5987,2
5988,0
5989,4
5990,0
5991,1
5992,1
5993,1
5994,1
5995,0
5996,1
5997,0
5998,1
5999,1
6000,1
6001,2
6002,0
6003,1
6004,2
6005,2
6006,0
6007,0
6008,2
6009,0
6010,1
6011,1
6012,3
6013,2
6014,1
6015,7
6016,0
6017,3
6018,2
6019,0
6020,3
6021,0
6022,2
6023,1
6024,1
6025,1
6026,0
6027,1
6028,1
6029,1
6030,0
6031,3
6032,0
6033,0
6034,4
6035,0
6036,0
6037,0
6038,0
6039,1
6040,1
6041,0
6042,0
6043,0
6044,2
6045,0
6046,2
6047,2
6048,1
6049,2
6050,1
6051,2
6052,1
6053,2
6054,2
6055,0
6056,1
6057,0
6058,1
6059,5
6060,6
6061,0
6062,2
6063,1
6064,4
6065,5
6066,2
6067,0
6068,3
6069,1
6070,0
6071,2
6072,0
6073,1
6074,1
6075,1
6076,0
6077,0
6078,1
6079,6
6080,1
6081,1
6082,2
6083,0
6084,0
6085,1
6086,0
6087,0
6088,2
6089,1
6090,2
6091,3
6092,2
6093,0
6094,0
6095,1
6096,1
6097,1
6098,7
6099,2
6100,1
6101,0
6102,0
6103,0
6104,0
6105,2
6106,1
6107,1
6108,4
6109,2
6110,5
6111,0
6112,1
6113,1
6114,0
6115,1
6116,5
6117,1
6118,2
6119,0
6120,3
6121,2
6122,0
6123,0
6124,2
6125,0
6126,1
6127,0
6128,1
6129,0
6130,1
6131,3
6132,0
6133,0
6134,0
6135,0
6136,1
6137,0
6138,3
6139,1
6140,0
6141,2
6142,2
6143,0
6144,4
6145,0
6146,0
6147,3
6148,1
6149,1
6150,0
6151,1
6152,1
6153,1
6154,0
6155,3
6156,3
6157,0
6158,1
6159,0
6160,0
6161,2
6162,0
6163,0
6164,1
6165,3
6166,0
6167,1
6168,1
6169,2
6170,1
6171,0
6172,0
6173,1
6174,1
6175,4
6176,0
6177,0
6178,3
6179,5
6180,6
6181,1
6182,0
6183,0
6184,0
6185,0
6186,1
6187,3
6188,0
6189,1
6190,1
6191,0
6192,1
6193,1
6194,2
6195,2
6196,1
6197,1
6198,0
6199,4
6200,1
6201,4
6202,0
6203,4
6204,1
6205,1
6206,2
6207,4
6208,1
6209,0
6210,0
6211,1
6212,0
6213,2
6214,0
6215,2
6216,0
6217,3
6218,0
6219,5
6220,0
6221,0
6222,0
6223,1
6224,0
6225,6
6226,1
6227,1
6228,3
6229,0
6230,0
6231,0
6232,1
6233,1
6234,5
6235,0
6236,1
6237,0
6238,2
6239,1
6240,0
6241,0
6242,2
6243,0
6244,4
6245,0
6246,0
6247,0
6248,2
6249,5
6250,0
6251,3
6252,1
6253,0
6254,1
6255,5
6256,0
6257,3
6258,0
6259,0
6260,0
6261,1
6262,0
6263,1
6264,0
6265,0
6266,0
6267,1
6268,2
6269,1
6270,1
6271,1
6272,2
6273,0
6274,3
6275,0
6276,1
6277,1
6278,1
6279,4
6280,1
6281,0
6282,0
6283,0
6284,2
6285,3
6286,1
6287,2
6288,1
6289,5
6290,1
6291,0
6292,0
6293,3
6294,1
6295,3
6296,0
6297,0
6298,5
6299,0
6300,0
6301,3
6302,3
6303,0
6304,2
6305,1
6306,2
6307,2
6308,3
6309,0
6310,0
6311,1
6312,2
6313,2
6314,1
6315,0
6316,1
6317,1
6318,0
6319,0
6320,0
6321,0
6322,2
6323,0
6324,0
6325,1
6326,1
6327,0
6328,2
6329,0
6330,0
6331,1
6332,1
6333,2
6334,0
6335,3
6336,0
6337,0
6338,1
6339,1
6340,1
6341,1
6342,0
6343,5
6344,2
6345,1
6346,1
6347,2
6348,1
6349,1
6350,0
6351,2
6352,0
6353,0
6354,2
6355,1
6356,1
6357,2
6358,4
6359,0
6360,0
6361,1
6362,0
6363,1
6364,3
6365,0
6366,4
6367,2
6368,0
6369,1
6370,0
6371,2
6372,1
6373,0
6374,2
6375,1
6376,0
6377,1
6378,0
6379,1
6380,4
6381,0
6382,1
6383,2
6384,1
6385,2
6386,0
6387,0
6388,2
6389,2
6390,0
6391,1
6392,6
6393,1
6394,2
6395,0
6396,0
6397,2
6398,4
6399,0
6400,1
6401,3
6402,0
6403,2
6404,2
6405,2
6406,0
6407,0
6408,2
6409,1
6410,0
6411,0
6412,1
6413,0
6414,1
6415,2
6416,1
6417,1
6418,0
6419,3
6420,2
6421,7
6422,1
6423,0
6424,1
6425,0
6426,1
6427,1
6428,0
6429,0
6430,1
6431,1
6432,1
6433,0
6434,0
6435,2
6436,0
6437,0
6438,1
6439,1
6440,0
6441,0
6442,1
6443,3
6444,0
6445,1
6446,1
6447,2
6448,1
6449,3
6450,1
6451,1
6452,1
6453,0
6454,0
6455,3
6456,2
6457,1
6458,1
6459,2
6460,0
6461,0
6462,2
6463,2
6464,3
6465,3
6466,2
6467,1
6468,1
6469,2
6470,3
6471,1
6472,2
6473,0
6474,3
6475,3
6476,3
6477,1
6478,0
6479,0
6480,0
6481,1
6482,0
6483,4
6484,2
6485,0
6486,3
6487,1
6488,1
6489,0
6490,0
6491,0
6492,0
6493,1
6494,3
6495,1
6496,0
6497,0
6498,2
6499,3
6500,1
6501,1
6502,1
6503,1
6504,0
6505,3
6506,2
6507,1
6508,1
6509,0
6510,0
6511,3
6512,4
6513,2
6514,4
6515,0
6516,5
6517,2
6518,1
6519,2
6520,1
6521,0
6522,0
6523,0
6524,0
6525,1
6526,1
6527,3
6528,3
6529,2
6530,2
6531,3
6532,1
6533,3
6534,4
6535,2
6536,0
6537,0
6538,1
6539,0
6540,0
6541,0
6542,4
6543,0
6544,1
6545,0
6546,1
6547,1
6548,0
6549,2
6550,1
6551,5
6552,3
6553,0
6554,0
6555,0
6556,2
6557,1
6558,1
6559,1
6560,2
6561,3
6562,1
6563,2
6564,2
6565,3
6566,2
6567,2
6568,0
6569,1
6570,2
6571,0
6572,2
6573,0
6574,2
6575,0
6576,1
6577,2
6578,2
6579,0
6580,0
6581,0
6582,4
6583,1
6584,1
6585,0
6586,0
6587,6
6588,4
6589,1
6590,1
6591,2
6592,1
6593,1
6594,0
6595,3
6596,0
6597,2
6598,2
6599,3
6600,2
6601,1
6602,1
6603,1
6604,0
6605,3
6606,3
6607,1
6608,2
6609,1
6610,1
6611,0
6612,1
6613,2
6614,1
6615,1
6616,1
6617,0
6618,4
6619,0
6620,1
6621,0
6622,1
6623,1
6624,0
6625,1
6626,0
6627,2
6628,3
6629,0
6630,1
6631,2
6632,2
6633,2
6634,2
6635,1
6636,2
6637,2
6638,2
6639,2
6640,1
6641,1
6642,4
6643,1
6644,2
6645,3
6646,0
6647,1
6648,0
6649,1
6650,1
6651,1
6652,4
6653,3
6654,0
6655,2
6656,0
6657,1
6658,4
6659,0
6660,0
6661,0
6662,1
6663,0
6664,4
6665,1
6666,2
6667,1
6668,0
6669,1
6670,0
6671,0
6672,3
6673,1
6674,0
6675,1
6676,3
6677,1
6678,2
6679,3
6680,3
6681,1
6682,0
6683,4
6684,2
6685,0
6686,3
6687,1
6688,0
6689,2
6690,6
6691,0
6692,3
6693,2
6694,1
6695,1
6696,2
6697,1
6698,0
6699,1
6700,4
6701,0
6702,2
6703,1
6704,0
6705,4
6706,1
6707,3
6708,0
6709,1
6710,4
6711,1
6712,0
6713,1
6714,2
6715,2
6716,0
6717,1
6718,1
6719,0
6720,0
6721,2
6722,0
6723,1
6724,1
6725,3
6726,0
6727,0
6728,1
6729,1
6730,0
6731,1
6732,0
6733,1
6734,2
6735,0
6736,0
6737,5
6738,0
6739,1
6740,2
6741,0
6742,1
6743,2
6744,0
6745,1
6746,2
6747,2
6748,3
6749,1
6750,0
6751,3
6752,0
6753,4
6754,3
6755,2
6756,0
6757,1
6758,1
6759,3
6760,1
6761,3
6762,1
6763,0
6764,0
6765,1
6766,0
6767,0
6768,0
6769,1
6770,1
6771,0
6772,1
6773,2
6774,0
6775,0
6776,0
6777,0
6778,0
6779,2
6780,0
6781,0
6782,1
6783,1
6784,0
6785,1
6786,1
6787,3
6788,1
6789,0
6790,2
6791,3
6792,0
6793,2
6794,0
6795,3
6796,2
6797,4
6798,4
6799,2
6800,2
6801,3
6802,0
6803,0
6804,3
6805,2
6806,1
6807,5
6808,2
6809,1
6810,2
6811,2
6812,0
6813,0
6814,2
6815,0
6816,0
6817,0
6818,1
6819,0
6820,0
6821,3
6822,5
6823,0
6824,2
6825,1
6826,1
6827,1
6828,4
6829,1
6830,1
6831,0
6832,0
6833,1
6834,2
6835,0
6836,0
6837,4
6838,4
6839,1
6840,1
6841,2
6842,3
6843,2
6844,3
6845,0
6846,1
6847,0
6848,0
6849,2
6850,0
6851,1
6852,1
6853,1
6854,0
6855,0
6856,0
6857,0
6858,1
6859,1
6860,1
6861,0
6862,2
6863,0
6864,4
6865,0
6866,0
6867,1
6868,2
6869,0
6870,2
6871,0
6872,0
6873,3
6874,0
6875,2
6876,0
6877,1
6878,0
6879,1
6880,2
6881,1
6882,1
6883,1
6884,0
6885,2
6886,1
6887,0
6888,3
6889,1
6890,2
6891,1
6892,2
6893,0
6894,2
6895,0
6896,0
6897,1
6898,0
6899,4
6900,2
6901,2
6902,4
6903,0
6904,0
6905,3
6906,0
6907,0
6908,0
6909,2
6910,2
6911,0
6912,1
6913,0
6914,0
6915,2
6916,2
6917,0
6918,1
6919,1
6920,0
6921,1
6922,0
6923,3
6924,2
6925,0
6926,0
6927,1
6928,1
6929,0
6930,1
6931,2
6932,1
6933,0
6934,0
6935,1
6936,3
6937,1
6938,2
6939,1
6940,0
6941,0
6942,0
6943,0
6944,1
6945,1
6946,3
6947,2
6948,1
6949,1
6950,2
6951,1
6952,0
6953,0
6954,2
6955,1
6956,0
6957,3
6958,0
6959,1
6960,0
6961,0
6962,2
6963,0
6964,0
6965,2
6966,1
6967,0
6968,0
6969,0
6970,0
6971,1
6972,0
6973,0
6974,0
6975,0
6976,1
6977,1
6978,0
6979,1
6980,4
6981,2
6982,1
6983,2
6984,2
6985,2
6986,6
6987,2
6988,2
6989,0
6990,6
6991,0
6992,0
6993,1
6994,2
6995,0
6996,1
6997,0
6998,0
6999,0
7000,0
7001,0
7002,1
7003,1
7004,1
7005,0
7006,0
7007,3
7008,0
7009,1
7010,2
7011,3
7012,3
7013,2
7014,0
7015,2
7016,1
7017,0
7018,2
7019,1
7020,0
7021,3
7022,2
7023,0
7024,3
7025,2
7026,1
7027,0
7028,0
7029,1
7030,2
7031,1
7032,2
7033,0
7034,2
7035,2
7036,0
7037,0
7038,0
7039,0
7040,6
7041,3
7042,1
7043,0
7044,2
7045,4
7046,2
7047,1
7048,0
7049,1
7050,1
7051,0
7052,2
7053,0
7054,0
7055,3
7056,2
7057,1
7058,0
7059,2
7060,1
7061,1
7062,1
7063,2
7064,1
7065,1
7066,1
7067,1
7068,0
7069,2
7070,3
7071,1
7072,2
7073,0
7074,0
7075,1
7076,0
7077,3
7078,1
7079,0
7080,1
7081,5
7082,1
7083,2
7084,0
7085,2
7086,0
7087,1
7088,1
7089,0
7090,0
7091,0
7092,1
7093,0
7094,0
7095,2
7096,2
7097,1
7098,1
7099,2
7100,0
7101,2
7102,1
7103,1
7104,1
7105,0
7106,2
7107,1
7108,1
7109,1
7110,1
7111,0
7112,0
7113,1
7114,2
7115,3
7116,0
7117,1
7118,0
7119,0
7120,0
7121,0
7122,2
7123,0
7124,2
7125,1
7126,1
7127,3
7128,2
7129,0
7130,0
7131,6
7132,1
7133,3
7134,5
7135,2
7136,0
7137,0
7138,0
7139,4
7140,1
7141,1
7142,1
7143,2
7144,2
7145,0
7146,1
7147,2
7148,1
7149,2
7150,1
7151,5
7152,1
7153,0
7154,2
7155,0
7156,0
7157,0
7158,1
7159,0
7160,0
7161,3
7162,0
7163,0
7164,1
7165,2
7166,1
7167,5
7168,1
7169,0
7170,1
7171,0
7172,0
7173,5
7174,1
7175,0
7176,0
7177,1
7178,1
7179,0
7180,2
7181,0
7182,2
7183,1
7184,2
7185,1
7186,0
7187,2
7188,0
7189,6
7190,0
7191,2
7192,0
7193,0
7194,1
7195,1
7196,2
7197,0
7198,1
7199,1
7200,2
7201,1
7202,3
7203,1
7204,0
7205,0
7206,2
7207,0
7208,1
7209,1
7210,2
7211,4
7212,0
7213,0
7214,2
7215,1
7216,0
7217,3
7218,1
7219,0
7220,1
7221,2
7222,1
7223,0
7224,1
7225,0
7226,3
7227,4
7228,1
7229,0
7230,2
7231,0
7232,2
7233,1
7234,1
7235,2
7236,0
7237,3
7238,0
7239,0
7240,0
7241,0
7242,4
7243,0
7244,1
7245,0
7246,0
7247,1
7248,3
7249,0
7250,1
7251,0
7252,1
7253,6
7254,5
7255,2
7256,2
7257,0
7258,0
7259,0
7260,0
7261,1
7262,1
7263,2
7264,0
7265,0
7266,1
7267,1
7268,1
7269,3
7270,5
7271,0
7272,2
7273,1
7274,0
7275,2
7276,2
7277,0
7278,1
7279,3
7280,3
7281,0
7282,0
7283,2
7284,2
7285,0
7286,1
7287,2
7288,4
7289,2
7290,1
7291,0
7292,0
7293,1
7294,1
7295,2
7296,1
7297,0
7298,1
7299,1
7300,0
7301,1
7302,1
7303,1
7304,0
7305,0
7306,2
7307,0
7308,3
7309,2
7310,3
7311,0
7312,1
7313,0
7314,3
7315,0
7316,2
7317,1
7318,1
7319,2
7320,1
7321,5
7322,0
7323,3
7324,2
7325,2
7326,0
7327,2
7328,3
7329,0
7330,0
7331,2
7332,1
7333,0
7334,0
7335,0
7336,2
7337,0
7338,1
7339,0
7340,1
7341,2
7342,1
7343,0
7344,0
7345,0
7346,0
7347,3
7348,4
7349,1
7350,4
7351,0
7352,0
7353,0
7354,0
7355,0
7356,1
7357,1
7358,2
7359,0
7360,0
7361,2
7362,7
7363,0
7364,3
7365,1
7366,1
7367,1
7368,1
7369,1
7370,1
7371,0
7372,1
7373,4
7374,1
7375,2
7376,0
7377,2
7378,0
7379,1
7380,1
7381,3
7382,0
7383,0
7384,0
7385,0
7386,2
7387,0
7388,0
7389,1
7390,0
7391,0
7392,5
7393,2
7394,3
7395,2
7396,0
7397,6
7398,2
7399,1
7400,4
7401,3
7402,1
7403,1
7404,1
7405,1
7406,1
7407,3
7408,1
7409,2
7410,1
7411,2
7412,0
7413,4
7414,0
7415,2
7416,3
7417,0
7418,3
7419,0
7420,1
7421,3
7422,2
7423,3
7424,0
7425,0
7426,0
7427,1
7428,2
7429,1
7430,1
7431,0
7432,0
7433,0
7434,1
7435,1
7436,4
7437,1
7438,2
7439,2
7440,2
7441,2
7442,2
7443,2
7444,1
7445,5
7446,0
7447,0
7448,2
7449,1
7450,1
7451,0
7452,6
7453,0
7454,0
7455,0
7456,1
7457,2
7458,7
7459,0
7460,2
7461,5
7462,4
7463,0
7464,0
7465,2
7466,3
7467,3
7468,2
7469,0
7470,2
7471,2
7472,1
7473,1
7474,3
7475,1
7476,0
7477,4
7478,0
7479,1
7480,0
7481,3
7482,1
7483,3
7484,1
7485,2
7486,1
7487,1
7488,2
7489,1
7490,0
7491,3
7492,6
7493,1
7494,2
7495,2
7496,1
7497,0
7498,1
7499,1
7500,0
7501,0
7502,0
7503,0
7504,0
7505,2
7506,1
7507,0
7508,0
7509,1
7510,0
7511,2
7512,2
7513,1
7514,2
7515,0
7516,1
7517,3
7518,1
7519,0
7520,1
7521,3
7522,1
7523,2
7524,2
7525,7
7526,1
7527,0
7528,0
7529,1
7530,2
7531,3
7532,1
7533,1
7534,2
7535,0
7536,2
7537,1
7538,2
7539,0
7540,2
7541,1
7542,0
7543,0
7544,2
7545,2
7546,2
7547,4
7548,0
7549,1
7550,1
7551,0
7552,4
7553,3
7554,0
7555,1
7556,1
7557,0
7558,1
7559,0
7560,5
7561,1
7562,1
7563,1
7564,0
7565,3
7566,2
7567,1
7568,1
7569,0
7570,3
7571,2
7572,1
7573,0
7574,1
7575,0
7576,0
7577,1
7578,1
7579,1
7580,0
7581,1
7582,1
7583,0
7584,1
7585,0
7586,1
7587,4
7588,3
7589,2
7590,1
7591,1
7592,1
7593,2
7594,1
7595,1
7596,2
7597,0
7598,0
7599,0
7600,2
7601,3
7602,4
7603,4
7604,1
7605,1
7606,0
7607,2
7608,0
7609,0
7610,0
7611,2
7612,3
7613,0
7614,2
7615,2
7616,1
7617,1
7618,0
7619,1
7620,0
7621,1
7622,0
7623,0
7624,3
7625,3
7626,1
7627,1
7628,5
7629,2
7630,0
7631,0
7632,1
7633,4
7634,1
7635,0
7636,4
7637,1
7638,1
7639,1
7640,1
7641,1
7642,0
7643,1
7644,0
7645,2
7646,3
7647,2
7648,1
7649,2
7650,1
7651,0
7652,0
7653,0
7654,2
7655,0
7656,1
7657,0
7658,2
7659,3
7660,0
7661,0
7662,4
7663,2
7664,0
7665,0
7666,2
7667,1
7668,4
7669,2
7670,0
7671,1
7672,0
7673,0
7674,3
7675,3
7676,1
7677,1
7678,1
7679,1
7680,2
7681,1
7682,0
7683,2
7684,0
7685,0
7686,3
7687,1
7688,1
7689,1
7690,4
7691,1
7692,1
7693,2
7694,1
7695,0
7696,3
7697,0
7698,0
7699,3
7700,2
7701,1
7702,0
7703,1
7704,0
7705,1
7706,0
7707,0
7708,1
7709,1
7710,1
7711,1
7712,0
7713,0
7714,0
7715,0
7716,4
7717,3
7718,0
7719,1
7720,3
7721,0
7722,0
7723,5
7724,2
7725,0
7726,0
7727,1
7728,0
7729,2
7730,2
7731,0
7732,0
7733,1
7734,0
7735,1
7736,0
7737,0
7738,0
7739,2
7740,2
7741,1
7742,0
7743,0
7744,0
7745,1
7746,0
7747,0
7748,2
7749,0
7750,0
7751,1
7752,1
7753,0
7754,0
7755,1
7756,0
7757,2
7758,2
7759,1
7760,0
7761,1
7762,1
7763,2
7764,4
7765,0
7766,1
7767,0
7768,0
7769,0
7770,1
7771,0
7772,1
7773,3
7774,0
7775,0
7776,0
7777,0
7778,1
7779,3
7780,0
7781,1
7782,1
7783,3
7784,1
7785,0
7786,2
7787,6
7788,1
7789,0
7790,0
7791,1
7792,0
7793,2
7794,4
7795,0
7796,3
7797,3
7798,1
7799,0
7800,4
7801,4
7802,1
7803,1
7804,1
7805,1
7806,3
7807,1
7808,0
7809,0
7810,0
7811,3
7812,1
7813,0
7814,0
7815,1
7816,1
7817,0
7818,1
7819,2
7820,0
7821,1
7822,1
7823,3
7824,1
7825,0
7826,0
7827,0
7828,0
7829,0
7830,0
7831,5
7832,3
7833,0
7834,0
7835,1
7836,3
7837,0
7838,1
7839,0
7840,2
7841,3
7842,0
7843,1
7844,2
7845,0
7846,2
7847,0
7848,3
7849,1
7850,1
7851,3
7852,1
7853,2
7854,0
7855,0
7856,0
7857,2
7858,4
7859,1
7860,0
7861,1
7862,4
7863,1
7864,1
7865,2
7866,0
7867,1
7868,0
7869,2
7870,1
7871,4
7872,1
7873,1
7874,2
7875,0
7876,1
7877,1
7878,0
7879,1
7880,1
7881,3
7882,0
7883,1
7884,1
7885,1
7886,0
7887,0
7888,0
7889,1
7890,1
7891,1
7892,0
7893,0
7894,3
7895,1
7896,0
7897,0
7898,2
7899,1
7900,0
7901,2
7902,1
7903,2
7904,0
7905,1
7906,0
7907,1
7908,2
7909,2
7910,0
7911,1
7912,3
7913,1
7914,0
7915,0
7916,2
7917,1
7918,1
7919,3
7920,0
7921,1
7922,2
7923,0
7924,1
7925,2
7926,0
7927,0
7928,0
7929,3
7930,1
7931,1
7932,1
7933,0
7934,3
7935,3
7936,1
7937,0
7938,0
7939,1
7940,1
7941,0
7942,2
7943,2
7944,2
7945,1
7946,1
7947,1
7948,1
7949,2
7950,1
7951,0
7952,1
7953,1
7954,1
7955,0
7956,4
7957,1
7958,1
7959,0
7960,1
7961,0
7962,2
7963,1
7964,3
7965,0
7966,1
7967,3
7968,0
7969,1
7970,0
7971,0
7972,0
7973,1
7974,2
7975,0
7976,0
7977,1
7978,1
7979,1
7980,2
7981,0
7982,3
7983,2
7984,1
7985,0
7986,3
7987,0
7988,0
7989,3
7990,0
7991,0
7992,1
7993,2
7994,0
7995,1
7996,1
7997,2
7998,3
7999,2
8000,0
8001,0
8002,5
8003,1
8004,2
8005,1
8006,1
8007,1
8008,0
8009,0
8010,3
8011,0
8012,1
8013,2
8014,1
8015,2
8016,2
8017,1
8018,0
8019,2
8020,0
8021,4
8022,2
8023,2
8024,6
8025,0
8026,0
8027,1
8028,0
8029,1
8030,0
8031,0
8032,0
8033,0
8034,1
8035,2
8036,0
8037,1
8038,1
8039,2
8040,0
8041,0
8042,2
8043,0
8044,1
8045,2
8046,2
8047,1
8048,0
8049,2
8050,0
8051,0
8052,2
8053,2
8054,2
8055,2
8056,1
8057,2
8058,3
8059,2
8060,0
8061,0
8062,2
8063,0
8064,3
8065,5
8066,1
8067,0
8068,1
8069,0
8070,3
8071,1
8072,0
8073,2
8074,1
8075,1
8076,0
8077,0
8078,0
8079,2
8080,0
8081,2
8082,0
8083,0
8084,2
8085,1
8086,3
8087,1
8088,2
8089,2
8090,0
8091,3
8092,0
8093,1
8094,1
8095,1
8096,2
8097,0
8098,0
8099,1
8100,0
8101,0
8102,0
8103,3
8104,2
8105,0
8106,2
8107,2
8108,1
8109,0
8110,0
8111,1
8112,3
8113,1
8114,1
8115,1
8116,0
8117,4
8118,2
8119,1
8120,1
8121,0
8122,3
8123,2
8124,3
8125,1
8126,1
8127,3
8128,0
8129,0
8130,0
8131,1
8132,0
8133,1
8134,3
8135,1
8136,1
8137,0
8138,2
8139,1
8140,1
8141,5
8142,1
8143,2
8144,2
8145,1
8146,1
8147,1
8148,2
8149,0
8150,2
8151,1
8152,0
8153,2
8154,1
8155,1
8156,1
8157,3
8158,0
8159,0
8160,0
8161,0
8162,0
8163,0
8164,1
8165,0
8166,3
8167,1
8168,1
8169,0
8170,0
8171,1
8172,1
8173,1
8174,0
8175,0
8176,0
8177,1
8178,2
8179,3
8180,0
8181,1
8182,0
8183,1
8184,0
8185,1
8186,0
8187,2
8188,1
8189,1
8190,0
8191,0
8192,2
8193,1
8194,1
8195,0
8196,1
8197,1
8198,1
8199,1
8200,1
8201,0
8202,0
8203,0
8204,4
8205,3
8206,1
8207,0
8208,0
8209,5
8210,0
8211,1
8212,0
8213,2
8214,1
8215,0
8216,0
8217,0
8218,1
8219,1
8220,0
8221,1
8222,2
8223,2
8224,2
8225,3
8226,1
8227,0
8228,1
8229,1
8230,0
8231,1
8232,0
8233,1
8234,1
8235,0
8236,0
8237,2
8238,1
8239,1
8240,1
8241,2
8242,2
8243,1
8244,2
8245,0
8246,1
8247,0
8248,1
8249,0
8250,3
8251,0
8252,2
8253,3
8254,1
8255,1
8256,2
8257,0
8258,1
8259,0
8260,1
8261,1
8262,2
8263,3
8264,0
8265,5
8266,0
8267,1
8268,3
8269,0
8270,2
8271,1
8272,1
8273,1
8274,1
8275,0
8276,0
8277,1
8278,3
8279,2
8280,1
8281,2
8282,1
8283,1
8284,1
8285,0
8286,0
8287,3
8288,1
8289,0
8290,3
8291,2
8292,1
8293,0
8294,0
8295,1
8296,0
8297,1
8298,1
8299,0
8300,1
8301,1
8302,2
8303,2
8304,0
8305,2
8306,0
8307,2
8308,1
8309,0
8310,2
8311,1
8312,1
8313,3
8314,2
8315,1
8316,1
8317,1
8318,0
8319,0
8320,0
8321,0
8322,1
8323,1
8324,1
8325,2
8326,0
8327,1
8328,0
8329,2
8330,1
8331,1
8332,0
8333,0
8334,3
8335,1
8336,0
8337,0
8338,1
8339,2
8340,3
8341,1
8342,1
8343,1
8344,0
8345,0
8346,1
8347,0
8348,1
8349,1
8350,1
8351,1
8352,1
8353,0
8354,2
8355,3
8356,1
8357,0
8358,1
8359,1
8360,0
8361,0
8362,1
8363,1
8364,0
8365,3
8366,1
8367,2
8368,0
8369,3
8370,0
8371,3
8372,0
8373,1
8374,0
8375,2
8376,1
8377,0
8378,1
8379,3
8380,0
8381,1
8382,4
8383,0
8384,1
8385,2
8386,0
8387,0
8388,0
8389,0
8390,0
8391,4
8392,0
8393,0
8394,1
8395,2
8396,1
8397,0
8398,0
8399,3
8400,0
8401,1
8402,0
8403,2
8404,1
8405,0
8406,1
8407,1
8408,1
8409,2
8410,0
8411,0
8412,0
8413,1
8414,3
8415,1
8416,2
8417,1
8418,0
8419,1
8420,0
8421,0
8422,0
8423,0
8424,0
8425,0
8426,1
8427,0
8428,0
8429,1
8430,4
8431,2
8432,1
8433,0
8434,2
8435,0
8436,0
8437,0
8438,1
8439,1
8440,0
8441,0
8442,0
8443,1
8444,2
8445,2
8446,6
8447,0
8448,1
8449,1
8450,1
8451,0
8452,3
8453,0
8454,1
8455,1
8456,0
8457,1
8458,3
8459,2
8460,0
8461,1
8462,0
8463,2
8464,0
8465,1
8466,0
8467,4
8468,0
8469,0
8470,0
8471,1
8472,0
8473,3
8474,2
8475,3
8476,3
8477,1
8478,3
8479,0
8480,2
8481,0
8482,0
8483,0
8484,0
8485,2
8486,0
8487,0
8488,2
8489,2
8490,2
8491,0
8492,3
8493,2
8494,1
8495,4
8496,0
8497,2
8498,0
8499,1
8500,1
8501,1
8502,2
8503,1
8504,1
8505,2
8506,2
8507,2
8508,0
8509,2
8510,2
8511,0
8512,0
8513,4
8514,1
8515,0
8516,1
8517,0
8518,0
8519,0
8520,0
8521,1
8522,2
8523,1
8524,3
8525,1
8526,3
8527,1
8528,0
8529,1
8530,0
8531,1
8532,1
8533,2
8534,1
8535,1
8536,1
8537,3
8538,0
8539,0
8540,1
8541,1
8542,1
8543,0
8544,0
8545,4
8546,0
8547,2
8548,0
8549,3
8550,0
8551,1
8552,3
8553,3
8554,3
8555,1
8556,0
8557,3
8558,0
8559,2
8560,2
8561,1
8562,2
8563,0
8564,1
8565,2
8566,0
8567,1
8568,0
8569,3
8570,0
8571,3
8572,1
8573,1
8574,0
8575,1
8576,2
8577,3
8578,1
8579,0
8580,1
8581,1
8582,0
8583,1
8584,0
8585,1
8586,1
8587,2
8588,0
8589,4
8590,0
8591,0
8592,0
8593,1
8594,0
8595,2
8596,1
8597,2
8598,0
8599,2
8600,1
8601,0
8602,0
8603,0
8604,1
8605,0
8606,0
8607,0
8608,2
8609,1
8610,2
8611,1
8612,0
8613,0
8614,4
8615,0
8616,0
8617,2
8618,1
8619,1
8620,1
8621,2
8622,0
8623,2
8624,4
8625,1
8626,1
8627,1
8628,2
8629,2
8630,1
8631,1
8632,0
8633,3
8634,2
8635,0
8636,1
8637,1
8638,0
8639,0
8640,0
8641,2
8642,0
8643,3
8644,0
8645,0
8646,0
8647,4
8648,0
8649,2
8650,0
8651,2
8652,0
8653,1
8654,0
8655,2
8656,0
8657,0
8658,3
8659,0
8660,4
8661,0
8662,2
8663,1
8664,1
8665,0
8666,0
8667,2
8668,0
8669,0
8670,2
8671,0
8672,1
8673,0
8674,3
8675,0
8676,0
8677,2
8678,2
8679,0
8680,0
8681,1
8682,0
8683,4
8684,2
8685,0
8686,1
8687,3
8688,1
8689,2
8690,1
8691,1
8692,4
8693,0
8694,0
8695,1
8696,0
8697,1
8698,0
8699,0
8700,0
8701,1
8702,0
8703,1
8704,1
8705,2
8706,0
8707,0
8708,1
8709,1
8710,2
8711,1
8712,1
8713,1
8714,1
8715,1
8716,0
8717,1
8718,0
8719,3
8720,1
8721,0
8722,1
8723,1
8724,0
8725,0
8726,1
8727,5
8728,1
8729,3
8730,0
8731,1
8732,1
8733,3
8734,1
8735,0
8736,1
8737,0
8738,0
8739,3
8740,1
8741,1
8742,1
8743,1
8744,2
8745,1
8746,3
8747,2
8748,3
8749,2
8750,0
8751,1
8752,0
8753,0
8754,3
8755,2
8756,3
8757,1
8758,3
8759,0
8760,1
8761,1
8762,2
8763,0
8764,0
8765,1
8766,2
8767,0
8768,1
8769,0
8770,0
8771,1
8772,0
8773,1
8774,2
8775,3
8776,0
8777,2
8778,0
8779,0
8780,0
8781,3
8782,2
8783,2
8784,1
8785,1
8786,0
8787,2
8788,1
8789,1
8790,1
8791,0
8792,2
8793,0
8794,0
8795,1
8796,0
8797,4
8798,1
8799,0
8800,2
8801,3
8802,1
8803,2
8804,0
8805,0
8806,1
8807,1
8808,1
8809,1
8810,1
8811,0
8812,1
8813,2
8814,1
8815,2
8816,0
8817,0
8818,0
8819,0
8820,2
8821,1
8822,0
8823,2
8824,0
8825,1
8826,0
8827,0
8828,1
8829,0
8830,1
8831,0
8832,0
8833,3
8834,1
8835,0
8836,2
8837,2
8838,0
8839,3
8840,0
8841,1
8842,0
8843,1
8844,1
8845,1
8846,2
8847,0
8848,4
8849,1
8850,1
8851,2
8852,1
8853,0
8854,0
8855,1
8856,2
8857,4
8858,2
8859,0
8860,3
8861,1
8862,1
8863,1
8864,1
8865,1
8866,1
8867,0
8868,2
8869,1
8870,3
8871,0
8872,1
8873,0
8874,0
8875,0
8876,1
8877,1
8878,0
8879,2
8880,1
8881,0
8882,2
8883,1
8884,0
8885,1
8886,0
8887,1
8888,0
8889,0
8890,1
8891,1
8892,1
8893,3
8894,1
8895,2
8896,1
8897,2
8898,1
8899,2
8900,1
8901,1
8902,0
8903,2
8904,0
8905,1
8906,1
8907,1
8908,0
8909,0
8910,0
8911,2
8912,1
8913,2
8914,0
8915,3
8916,0
8917,0
8918,3
8919,0
8920,1
8921,0
8922,0
8923,1
8924,3
8925,0
8926,0
8927,2
8928,3
8929,1
8930,3
8931,0
8932,3
8933,2
8934,0
8935,0
8936,2
8937,1
8938,1
8939,1
8940,1
8941,2
8942,2
8943,1
8944,1
8945,1
8946,4
8947,0
8948,1
8949,2
8950,2
8951,1
8952,1
8953,2
8954,3
8955,1
8956,0
8957,1
8958,3
8959,2
8960,0
8961,1
8962,2
8963,3
8964,2
8965,2
8966,0
8967,3
8968,0
8969,0
8970,1
8971,0
8972,1
8973,2
8974,0
8975,0
8976,0
8977,1
8978,0
8979,0
8980,0
8981,1
8982,1
8983,0
8984,3
8985,1
8986,1
8987,0
8988,1
8989,1
8990,0
8991,1
8992,0
8993,0
8994,0
8995,1
8996,1
8997,0
8998,1
8999,0
9000,0
9001,1
9002,2
9003,1
9004,1
9005,2
9006,2
9007,3
9008,1
9009,2
9010,0
9011,1
9012,5
9013,0
9014,1
9015,0
9016,2
9017,1
9018,2
9019,1
9020,0
9021,2
9022,1
9023,0
9024,0
9025,1
9026,0
9027,1
9028,1
9029,1
9030,1
9031,0
9032,1
9033,0
9034,0
9035,3
9036,0
9037,1
9038,1
9039,1
9040,0
9041,0
9042,1
9043,2
9044,0
9045,1
9046,0
9047,0
9048,0
9049,0
9050,0
9051,3
9052,1
9053,1
9054,0
9055,3
9056,0
9057,0
9058,0
9059,0
9060,1
9061,0
9062,2
9063,4
9064,1
9065,2
9066,0
9067,1
9068,3
9069,0
9070,3
9071,0
9072,0
9073,1
9074,2
9075,0
9076,2
9077,0
9078,2
9079,2
9080,1
9081,0
9082,2
9083,0
9084,1
9085,1
9086,3
9087,0
9088,0
9089,1
9090,1
9091,1
9092,1
9093,0
9094,0
9095,0
9096,0
9097,2
9098,3
9099,1
9100,0
9101,2
9102,0
9103,1
9104,2
9105,1
9106,0
9107,1
9108,0
9109,0
9110,0
9111,0
9112,0
9113,0
9114,0
9115,1
9116,0
9117,2
9118,2
9119,1
9120,2
9121,2
9122,2
9123,0
9124,0
9125,1
9126,0
9127,1
9128,1
9129,1
9130,1
9131,1
9132,1
9133,1
9134,1
9135,2
9136,1
9137,1
9138,0
9139,0
9140,0
9141,2
9142,0
9143,1
9144,1
9145,1
9146,0
9147,0
9148,1
9149,1
9150,0
9151,0
9152,2
9153,1
9154,1
9155,0
9156,1
9157,0
9158,3
9159,1
9160,1
9161,0
9162,1
9163,0
9164,3
9165,0
9166,0
9167,2
9168,1
9169,1
9170,1
9171,0
9172,0
9173,0
9174,2
9175,1
9176,1
9177,0
9178,2
9179,1
9180,1
9181,1
9182,1
9183,0
9184,1
9185,0
9186,1
9187,1
9188,1
9189,4
9190,2
9191,2
9192,2
9193,4
9194,0
9195,2
9196,3
9197,1
9198,2
9199,0
9200,2
9201,0
9202,3
9203,0
9204,1
9205,1
9206,2
9207,3
9208,1
9209,1
9210,2
9211,1
9212,0
9213,2
9214,1
9215,5
9216,1
9217,0
9218,2
9219,0
9220,1
9221,5
9222,2
9223,1
9224,0
9225,1
9226,0
9227,2
9228,1
9229,1
9230,0
9231,1
9232,1
9233,2
9234,3
9235,2
9236,2
9237,0
9238,1
9239,2
9240,0
9241,3
9242,1
9243,3
9244,0
9245,1
9246,1
9247,0
9248,0
9249,3
9250,0
9251,0
9252,2
9253,1
9254,1
9255,0
9256,2
9257,0
9258,1
9259,1
9260,1
9261,1
9262,1
9263,1
9264,1
9265,0
9266,0
9267,4
9268,1
9269,1
9270,1
9271,0
9272,1
9273,0
9274,1
9275,0
9276,2
9277,0
9278,1
9279,0
9280,1
9281,2
9282,1
9283,0
9284,1
9285,0
9286,0
9287,1
9288,2
9289,0
9290,1
9291,2
9292,4
9293,0
9294,1
9295,0
9296,1
9297,1
9298,1
9299,0
9300,0
9301,0
9302,4
9303,0
9304,2
9305,1
9306,0
9307,0
9308,0
9309,0
9310,1
9311,0
9312,1
9313,0
9314,0
9315,2
9316,1
9317,3
9318,0
9319,0
9320,1
9321,1
9322,2
9323,3
9324,1
9325,2
9326,2
9327,2
9328,1
9329,0
9330,4
9331,0
9332,0
9333,1
9334,1
9335,0
9336,1
9337,2
9338,1
9339,1
9340,2
9341,1
9342,2
9343,1
9344,3
9345,0
9346,2
9347,0
9348,1
9349,1
9350,2
9351,4
9352,1
9353,0
9354,3
9355,1
9356,1
9357,1
9358,2
9359,0
9360,0
9361,1
9362,2
9363,2
9364,1
9365,3
9366,1
9367,1
9368,0
9369,1
9370,0
9371,1
9372,0
9373,0
9374,0
9375,0
9376,2
9377,3
9378,0
9379,2
9380,3
9381,1
9382,0
9383,0
9384,3
9385,2
9386,1
9387,2
9388,0
9389,0
9390,3
9391,3
9392,0
9393,1
9394,3
9395,1
9396,2
9397,1
9398,1
9399,0
9400,1
9401,1
9402,0
9403,0
9404,0
9405,2
9406,0
9407,1
9408,3
9409,1
9410,1
9411,1
9412,0
9413,2
9414,0
9415,0
9416,1
9417,1
9418,1
9419,0
9420,0
9421,0
9422,0
9423,1
9424,2
9425,0
9426,1
9427,0
9428,0
9429,5
9430,1
9431,0
9432,0
9433,4
9434,0
9435,0
9436,3
9437,0
9438,3
9439,1
9440,2
9441,1
9442,3
9443,2
9444,1
9445,0
9446,0
9447,1
9448,0
9449,0
9450,1
9451,1
9452,0
9453,0
9454,2
9455,1
9456,2
9457,2
9458,1
9459,1
9460,3
9461,1
9462,0
9463,3
9464,2
9465,1
9466,1
9467,2
9468,1
9469,0
9470,0
9471,1
9472,0
9473,2
9474,0
9475,2
9476,0
9477,1
9478,2
9479,2
9480,0
9481,1
9482,0
9483,2
9484,1
9485,0
9486,2
9487,1
9488,0
9489,2
9490,0
9491,0
9492,0
9493,1
9494,1
9495,1
9496,2
9497,1
9498,0
9499,0
9500,3
9501,0
9502,1
9503,2
9504,1
9505,1
9506,2
9507,0
9508,3
9509,2
9510,2
9511,1
9512,1
9513,0
9514,2
9515,0
9516,1
9517,3
9518,0
9519,1
9520,0
9521,1
9522,2
9523,0
9524,0
9525,0
9526,1
9527,0
9528,0
9529,0
9530,0
9531,1
9532,1
9533,5
9534,0
9535,2
9536,1
9537,1
9538,1
9539,0
9540,0
9541,1
9542,1
9543,1
9544,1
9545,1
9546,0
9547,0
9548,0
9549,1
9550,1
9551,0
9552,0
9553,3
9554,0
9555,2
9556,0
9557,1
9558,4
9559,1
9560,1
9561,1
9562,0
9563,1
9564,0
9565,2
9566,1
9567,2
9568,2
9569,3
9570,0
9571,0
9572,0
9573,1
9574,0
9575,2
9576,1
9577,0
9578,0
9579,1
9580,2
9581,0
9582,0
9583,3
9584,1
9585,2
9586,1
9587,2
9588,3
9589,1
9590,1
9591,0
9592,0
9593,0
9594,2
9595,2
9596,3
9597,1
9598,2
9599,1
9600,0
9601,1
9602,1
9603,1
9604,1
9605,3
9606,4
9607,3
9608,1
9609,1
9610,1
9611,0
9612,1
9613,1
9614,1
9615,1
9616,1
9617,3
9618,4
9619,1
9620,1
9621,0
9622,2
9623,1
9624,2
9625,0
9626,0
9627,2
9628,0
9629,1
9630,0
9631,2
9632,1
9633,2
9634,0
9635,1
9636,0
9637,1
9638,0
9639,1
9640,1
9641,2
9642,3
9643,1
9644,1
9645,0
9646,2
9647,2
9648,1
9649,2
9650,3
9651,2
9652,1
9653,2
9654,0
9655,1
9656,3
9657,2
9658,1
9659,1
9660,5
9661,4
9662,1
9663,1
9664,1
9665,1
9666,2
9667,1
9668,1
9669,2
9670,1
9671,3
9672,2
9673,1
9674,0
9675,0
9676,2
9677,0
9678,1
9679,1
9680,3
9681,1
9682,0
9683,3
9684,0
9685,0
9686,0
9687,3
9688,0
9689,1
9690,4
9691,0
9692,2
9693,0
9694,0
9695,0
9696,1
9697,0
9698,3
9699,1
9700,2
9701,1
9702,0
9703,0
9704,2
9705,0
9706,1
9707,1
9708,0
9709,1
9710,0
9711,0
9712,1
9713,1
9714,2
9715,3
9716,1
9717,1
9718,0
9719,0
9720,0
9721,1
9722,1
9723,0
9724,0
9725,2
9726,0
9727,1
9728,3
9729,0
9730,1
9731,0
9732,1
9733,2
9734,0
9735,1
9736,3
9737,1
9738,2
9739,3
9740,1
9741,2
9742,1
9743,4
9744,0
9745,0
9746,1
9747,0
9748,1
9749,0
9750,3
9751,0
9752,1
9753,2
9754,1
9755,0
9756,1
9757,0
9758,1
9759,2
9760,1
9761,1
9762,0
9763,0
9764,0
9765,0
9766,0
9767,1
9768,0
9769,0
9770,1
9771,1
9772,2
9773,2
9774,2
9775,0
9776,0
9777,0
9778,1
9779,0
9780,1
9781,1
9782,1
9783,1
9784,2
9785,0
9786,3
9787,0
9788,2
9789,0
9790,1
9791,3
9792,0
9793,1
9794,2
9795,1
9796,0
9797,1
9798,4
9799,1
9800,0
9801,0
9802,3
9803,4
9804,0
9805,0
9806,1
9807,0
9808,0
9809,1
9810,3
9811,3
9812,3
9813,0
9814,1
9815,2
9816,2
9817,1
9818,2
9819,2
9820,0
9821,3
9822,1
9823,0
9824,2
9825,2
9826,0
9827,0
9828,3
9829,0
9830,1
9831,1
9832,2
9833,0
9834,4
9835,0
9836,1
9837,0
9838,0
9839,2
9840,2
9841,1
9842,0
9843,1
9844,1
9845,0
9846,0
9847,2
9848,0
9849,4
9850,0
9851,1
9852,0
9853,1
9854,0
9855,1
9856,0
9857,0
9858,1
9859,1
9860,2
9861,4
9862,1
9863,1
9864,5
9865,0
9866,0
9867,2
9868,1
9869,0
9870,2
9871,0
9872,0
9873,2
9874,1
9875,1
9876,1
9877,0
9878,2
9879,0
9880,1
9881,1
9882,1
9883,0
9884,1
9885,1
9886,0
9887,0
9888,1
9889,1
9890,1
9891,0
9892,1
9893,1
9894,1
9895,1
9896,1
9897,2
9898,1
9899,2
9900,0
9901,3
9902,0
9903,2
9904,3
9905,0
9906,0
9907,1
9908,0
9909,0
9910,1
9911,0
9912,0
9913,1
9914,1
9915,1
9916,1
9917,0
9918,2
9919,0
9920,1
9921,1
9922,1
9923,0
9924,0
9925,0
9926,2
9927,0
9928,2
9929,0
9930,1
9931,1
9932,1
9933,2
9934,1
9935,0
9936,0
9937,0
9938,0
9939,3
9940,2
9941,2
9942,2
9943,1
9944,1
9945,2
9946,0
9947,1
9948,1
9949,0
9950,2
9951,1
9952,0
9953,2
9954,0
9955,0
9956,1
9957,2
9958,2
9959,0
9960,1
9961,1
9962,0
9963,2
9964,0
9965,2
9966,1
9967,0
9968,1
9969,1
9970,1
9971,0
9972,1
9973,1
9974,2
9975,0
9976,0
9977,1
9978,2
9979,0
9980,1
9981,0
9982,1
9983,2
9984,1
9985,2
9986,2
9987,1
9988,0
9989,1
9990,2
9991,1
9992,1
9993,1
9994,0
9995,2
9996,0
9997,1
9998,0
9999,3
