0,253
1,85
2,164
3,10
4,16
5,0
6,0
7,0
8,0
9,8
10,50
11,39
12,0
13,0
14,59
15,110
16,0
17,14
18,16
19,0
20,0
21,0
22,34
23,3
24,20
25,0
26,20
27,22
28,31
29,57
30,24
31,67
32,34
33,0
34,27
35,60
36,12
37,0
38,7
39,1
40,0
41,0
42,1
43,15
44,0
45,3
46,0
47,6
48,0
49,0
50,0
51,5
52,28
53,0
54,0
55,16
56,2
57,25
58,25
59,14
60,0
61,22
62,0
63,45
64,0
65,14
66,0
67,9
68,0
69,50
70,0
71,12
72,71
73,0
74,4
75,11
76,54
77,5
78,0
79,0
80,6
81,10
82,11
83,0
84,0
85,11
86,13
87,7
88,2
89,17
90,0
91,15
92,13
93,10
94,21
95,65
96,0
97,18
98,6
99,15
100,0
101,0
102,0
103,0
104,2
105,0
106,46
107,24
108,4
109,0
110,22
111,24
112,0
113,0
114,4
115,0
116,0
117,0
118,1
119,4
120,2
121,4
122,36
123,6
124,29
125,0
126,3
127,0
128,0
129,12
130,0
131,12
132,4
133,16
134,9
135,0
136,12
137,0
138,16
139,0
140,5
141,26
142,21
143,39
144,20
145,0
146,11
147,0
148,1
149,37
150,0
151,0
152,0
153,0
154,1
155,0
156,0
157,6
158,2
159,0
160,0
161,11
162,0
163,0
164,1
165,7
166,0
167,28
168,29
169,0
170,0
171,0
172,5
173,9
174,0
175,0
176,14
177,21
178,3
179,34
180,33
181,3
182,26
183,31
184,0
185,3
186,1
187,5
188,0
189,0
190,76
191,8
192,0
193,30
194,16
195,2
196,7
197,18
198,8
199,1
200,4
201,22
202,2
203,2
204,4
205,12
206,7
207,0
208,22
209,23
210,0
211,13
212,0
213,7
214,0
215,10
216,13
217,11
218,0
219,0
220,10
221,6
222,7
223,0
224,0
225,0
226,15
227,0
228,4
229,0
230,0
231,0
232,4
233,2
234,0
235,0
236,0
237,0
238,15
239,0
240,5
241,0
242,0
243,6
244,0
245,11
246,0
247,6
248,2
249,0
250,5
251,0
252,4
253,15
254,31
255,0
256,0
257,0
258,0
259,17
260,6
261,9
262,0
263,0
264,1
265,0
266,3
267,18
268,6
269,10
270,6
271,0
272,7
273,3
274,10
275,0
276,0
277,15
278,0
279,21
280,0
281,2
282,10
283,0
284,10
285,0
286,0
287,3
288,0
289,13
290,0
291,0
292,0
293,0
294,3
295,7
296,0
297,0
298,17
299,12
300,15
301,10
302,1
303,0
304,10
305,0
306,16
307,0
308,0
309,4
310,9
311,2
312,25
313,2
314,0
315,26
316,6
317,0
318,2
319,3
320,4
321,3
322,1
323,9
324,4
325,0
326,0
327,5
328,0
329,9
330,8
331,0
332,10
333,2
334,19
335,0
336,0
337,26
338,5
339,3
340,0
341,0
342,0
343,0
344,21
345,0
346,2
347,5
348,0
349,25
350,4
351,1
352,2
353,8
354,14
355,0
356,30
357,0
358,19
359,6
360,0
361,6
362,13
363,1
364,0
365,0
366,6
367,5
368,5
369,9
370,1
371,12
372,0
373,1
374,2
375,5
376,0
377,9
378,14
379,0
380,3
381,9
382,1
383,1
384,15
385,6
386,0
387,8
388,0
389,16
390,3
391,10
392,6
393,0
394,0
395,0
396,0
397,29
398,5
399,0
400,0
401,1
402,15
403,25
404,4
405,2
406,9
407,8
408,3
409,12
410,0
411,0
412,0
413,13
414,21
415,1
416,0
417,3
418,1
419,0
420,0
421,0
422,13
423,0
424,0
425,2
426,2
427,7
428,0
429,0
430,0
431,0
432,0
433,15
434,20
435,6
436,4
437,2
438,0
439,2
440,6
441,12
442,12
443,0
444,0
445,2
446,16
447,4
448,6
449,5
450,0
451,6
452,0
453,9
454,2
455,19
456,0
457,7
458,2
459,4
460,0
461,0
462,8
463,0
464,2
465,3
466,0
467,2
468,4
469,1
470,3
471,0
472,2
473,1
474,11
475,3
476,0
477,3
478,2
479,0
480,16
481,5
482,8
483,0
484,0
485,24
486,13
487,34
488,0
489,8
490,1
491,4
492,3
493,14
494,0
495,0
496,16
497,0
498,0
499,9
500,7
501,3
502,2
503,0
504,0
505,14
506,0
507,0
508,0
509,1
510,0
511,21
512,1
513,0
514,1
515,3
516,21
517,2
518,0
519,1
520,0
521,0
522,14
523,8
524,0
525,9
526,0
527,6
528,0
529,1
530,1
531,7
532,2
533,2
534,0
535,0
536,4
537,0
538,8
539,8
540,2
541,0
542,1
543,0
544,0
545,5
546,0
547,0
548,20
549,2
550,0
551,0
552,8
553,1
554,1
555,0
556,0
557,3
558,2
559,1
560,5
561,0
562,5
563,4
564,12
565,0
566,0
567,0
568,5
569,6
570,5
571,0
572,15
573,1
574,0
575,0
576,7
577,0
578,5
579,16
580,0
581,4
582,12
583,8
584,19
585,4
586,1
587,3
588,0
589,9
590,3
591,1
592,1
593,3
594,1
595,2
596,0
597,0
598,0
599,2
600,5
601,0
602,0
603,0
604,15
605,1
606,0
607,2
608,0
609,7
610,0
611,0
612,14
613,1
614,1
615,0
616,11
617,3
618,0
619,0
620,3
621,0
622,1
623,14
624,12
625,15
626,4
627,0
628,1
629,6
630,0
631,0
632,0
633,0
634,1
635,9
636,6
637,1
638,3
639,4
640,0
641,0
642,15
643,4
644,0
645,0
646,7
647,5
648,1
649,1
650,1
651,1
652,1
653,0
654,4
655,4
656,5
657,16
658,0
659,5
660,1
661,5
662,16
663,5
664,1
665,0
666,5
667,2
668,6
669,7
670,6
671,1
672,8
673,2
674,5
675,7
676,0
677,0
678,0
679,2
680,1
681,0
682,15
683,4
684,9
685,1
686,4
687,0
688,1
689,3
690,21
691,11
692,15
693,5
694,1
695,0
696,1
697,1
698,11
699,0
700,0
701,2
702,2
703,3
704,9
705,0
706,1
707,0
708,0
709,0
710,3
711,0
712,7
713,4
714,1
715,0
716,0
717,0
718,0
719,0
720,0
721,4
722,2
723,0
724,6
725,9
726,0
727,0
728,0
729,5
730,5
731,0
732,6
733,13
734,2
735,2
736,6
737,16
738,9
739,0
740,0
741,1
742,14
743,0
744,0
745,0
746,0
747,1
748,16
749,7
750,4
751,5
752,0
753,0
754,3
755,0
756,2
757,8
758,2
759,2
760,0
761,0
762,1
763,0
764,4
765,0
766,13
767,1
768,0
769,6
770,5
771,0
772,10
773,2
774,5
775,19
776,9
777,9
778,4
779,5
780,3
781,3
782,5
783,5
784,1
785,8
786,4
787,0
788,0
789,0
790,2
791,13
792,3
793,0
794,0
795,10
796,2
797,5
798,9
799,0
800,1
801,0
802,8
803,0
804,9
805,2
806,6
807,8
808,13
809,0
810,3
811,6
812,11
813,0
814,3
815,0
816,0
817,5
818,1
819,11
820,1
821,7
822,5
823,4
824,6
825,3
826,8
827,10
828,0
829,12
830,9
831,1
832,11
833,0
834,2
835,9
836,2
837,7
838,0
839,0
840,4
841,2
842,1
843,2
844,1
845,13
846,3
847,0
848,0
849,8
850,0
851,6
852,8
853,2
854,6
855,5
856,0
857,1
858,0
859,1
860,4
861,5
862,0
863,4
864,1
865,3
866,21
867,4
868,4
869,6
870,0
871,0
872,8
873,0
874,7
875,10
876,0
877,1
878,14
879,0
880,1
881,0
882,5
883,9
884,0
885,3
886,5
887,0
888,2
889,15
890,8
891,0
892,6
893,4
894,0
895,0
896,0
897,3
898,5
899,1
900,0
901,4
902,1
903,0
904,2
905,2
906,6
907,1
908,0
909,4
910,0
911,1
912,0
913,0
914,2
915,0
916,0
917,0
918,0
919,2
920,2
921,1
922,0
923,5
924,0
925,0
926,1
927,10
928,4
929,0
930,0
931,0
932,5
933,0
934,7
935,1
936,0
937,22
938,4
939,0
940,0
941,2
942,0
943,5
944,3
945,4
946,0
947,11
948,8
949,4
950,0
951,0
952,0
953,0
954,5
955,7
956,1
957,15
958,0
959,0
960,3
961,6
962,15
963,5
964,5
965,0
966,4
967,9
968,9
969,7
970,4
971,14
972,5
973,5
974,2
975,1
976,0
977,0
978,1
979,0
980,0
981,0
982,3
983,3
984,1
985,0
986,0
987,1
988,0
989,1
990,2
991,0
992,12
993,8
994,1
995,0
996,9
997,0
998,7
999,0
1000,2
1001,6
1002,15
1003,6
1004,1
1005,1
1006,1
1007,9
1008,17
1009,4
1010,17
1011,0
1012,7
1013,6
1014,5
1015,0
1016,0
1017,0
1018,3
1019,0
1020,1
1021,0
1022,0
1023,1
1024,0
1025,1
1026,0
1027,7
1028,2
1029,3
1030,1
1031,3
1032,2
1033,0
1034,4
1035,0
1036,7
1037,2
1038,3
1039,18
1040,8
1041,8
1042,9
1043,0
1044,7
1045,4
1046,0
1047,0
1048,1
1049,5
1050,0
1051,0
1052,6
1053,1
1054,0
1055,1
1056,0
1057,0
1058,1
1059,19
1060,14
1061,0
1062,0
1063,2
1064,1
1065,5
1066,0
1067,5
1068,1
1069,8
1070,4
1071,8
1072,9
1073,2
1074,9
1075,0
1076,1
1077,3
1078,0
1079,5
1080,0
1081,6
1082,0
1083,5
1084,0
1085,4
1086,2
1087,0
1088,8
1089,6
1090,6
1091,1
1092,0
1093,0
1094,6
1095,0
1096,20
1097,2
1098,0
1099,0
1100,0
1101,17
1102,6
1103,12
1104,0
1105,0
1106,1
1107,0
1108,6
1109,1
1110,1
1111,4
1112,1
1113,2
1114,0
1115,0
1116,9
1117,5
1118,0
1119,0
1120,0
1121,0
1122,6
1123,2
1124,1
1125,0
1126,1
1127,0
1128,9
1129,2
1130,0
1131,3
1132,3
1133,1
1134,2
1135,0
1136,0
1137,0
1138,3
1139,2
1140,3
1141,9
1142,1
1143,0
1144,7
1145,1
1146,0
1147,0
1148,12
1149,0
1150,6
1151,12
1152,2
1153,2
1154,0
1155,1
1156,0
1157,3
1158,4
1159,0
1160,9
1161,17
1162,3
1163,0
1164,0
1165,1
1166,11
1167,0
1168,0
1169,0
1170,0
1171,2
1172,3
1173,12
1174,8
1175,2
1176,0
1177,2
1178,0
1179,0
1180,5
1181,1
1182,6
1183,0
1184,0
1185,0
1186,0
1187,2
1188,1
1189,12
1190,0
1191,3
1192,2
1193,0
1194,3
1195,2
1196,1
1197,4
1198,7
1199,1
1200,2
1201,1
1202,7
1203,5
1204,6
1205,1
1206,8
1207,7
1208,0
1209,2
1210,1
1211,3
1212,1
1213,9
1214,8
1215,3
1216,0
1217,3
1218,0
1219,7
1220,1
1221,7
1222,0
1223,4
1224,0
1225,0
1226,1
1227,6
1228,1
1229,0
1230,0
1231,3
1232,0
1233,6
1234,0
1235,0
1236,8
1237,0
1238,5
1239,0
1240,6
1241,2
1242,0
1243,0
1244,6
1245,0
1246,1
1247,3
1248,14
1249,2
1250,0
1251,11
1252,0
1253,0
1254,7
1255,0
1256,1
1257,0
1258,4
1259,0
1260,0
1261,0
1262,10
1263,3
1264,1
1265,10
1266,0
1267,5
1268,0
1269,5
1270,3
1271,4
1272,8
1273,4
1274,1
1275,1
1276,3
1277,8
1278,5
1279,4
1280,1
1281,2
1282,0
1283,2
1284,4
1285,0
1286,3
1287,6
1288,0
1289,3
1290,0
1291,8
1292,3
1293,0
1294,7
1295,2
1296,12
1297,2
1298,0
1299,0
1300,0
1301,0
1302,15
1303,10
1304,2
1305,2
1306,1
1307,0
1308,0
1309,3
1310,4
1311,2
1312,2
1313,15
1314,3
1315,9
1316,0
1317,1
1318,0
1319,0
1320,2
1321,3
1322,5
1323,0
1324,9
1325,1
1326,0
1327,3
1328,3
1329,5
1330,0
1331,0
1332,0
1333,0
1334,1
1335,3
1336,0
1337,0
1338,3
1339,2
1340,0
1341,2
1342,0
1343,1
1344,5
1345,3
1346,4
1347,0
1348,4
1349,2
1350,0
1351,0
1352,0
1353,2
1354,0
1355,4
1356,2
1357,1
1358,3
1359,13
1360,0
1361,0
1362,8
1363,4
1364,3
1365,4
1366,10
1367,1
1368,3
1369,15
1370,0
1371,3
1372,0
1373,8
1374,0
1375,1
1376,0
1377,1
1378,2
1379,2
1380,6
1381,4
1382,0
1383,3
1384,2
1385,6
1386,3
1387,0
1388,0
1389,0
1390,0
1391,0
1392,10
1393,5
1394,2
1395,2
1396,0
1397,1
1398,1
1399,3
1400,1
1401,4
1402,1
1403,9
1404,1
1405,0
1406,5
1407,11
1408,9
1409,4
1410,3
1411,1
1412,0
1413,7
1414,1
1415,7
1416,2
1417,7
1418,4
1419,1
1420,4
1421,5
1422,3
1423,0
1424,0
1425,9
1426,6
1427,0
1428,5
1429,0
1430,3
1431,0
1432,1
1433,0
1434,1
1435,0
1436,5
1437,3
1438,7
1439,1
1440,3
1441,2
1442,4
1443,11
1444,2
1445,1
1446,2
1447,1
1448,4
1449,0
1450,3
1451,8
1452,0
1453,2
1454,3
1455,7
1456,1
1457,2
1458,0
1459,5
1460,0
1461,9
1462,1
1463,2
1464,1
1465,0
1466,0
1467,0
1468,9
1469,2
1470,14
1471,1
1472,2
1473,4
1474,1
1475,1
1476,0
1477,0
1478,2
1479,1
1480,0
1481,0
1482,2
1483,0
1484,8
1485,0
1486,4
1487,0
1488,0
1489,12
1490,4
1491,2
1492,0
1493,0
1494,0
1495,0
1496,0
1497,0
1498,12
1499,0
1500,0
1501,5
1502,1
1503,0
1504,1
1505,9
1506,1
1507,8
1508,0
1509,0
1510,2
1511,0
1512,4
1513,4
1514,9
1515,5
1516,5
1517,4
1518,3
1519,2
1520,0
1521,0
1522,1
1523,2
1524,1
1525,6
1526,0
1527,1
1528,1
1529,7
1530,2
1531,1
1532,0
1533,0
1534,1
1535,0
1536,1
1537,1
1538,0
1539,1
1540,0
1541,0
1542,0
1543,1
1544,5
1545,8
1546,3
1547,0
1548,1
1549,0
1550,2
1551,3
1552,6
1553,1
1554,0
1555,3
1556,9
1557,1
1558,3
1559,3
1560,1
1561,1
1562,0
1563,0
1564,2
1565,0
1566,7
1567,0
1568,5
1569,0
1570,0
1571,1
1572,0
1573,12
1574,4
1575,0
1576,0
1577,2
1578,4
1579,7
1580,0
1581,0
1582,2
1583,1
1584,3
1585,2
1586,0
1587,1
1588,7
1589,0
1590,3
1591,2
1592,0
1593,0
1594,3
1595,0
1596,19
1597,6
1598,9
1599,1
1600,4
1601,6
1602,1
1603,0
1604,0
1605,4
1606,2
1607,0
1608,0
1609,1
1610,1
1611,0
1612,3
1613,1
1614,5
1615,0
1616,3
1617,2
1618,3
1619,1
1620,0
1621,0
1622,1
1623,3
1624,1
1625,3
1626,0
1627,2
1628,2
1629,7
1630,0
1631,1
1632,1
1633,0
1634,0
1635,3
1636,0
1637,6
1638,0
1639,1
1640,5
1641,0
1642,0
1643,0
1644,1
1645,2
1646,0
1647,1
1648,0
1649,0
1650,4
1651,2
1652,8
1653,1
1654,3
1655,9
1656,0
1657,0
1658,11
1659,0
1660,1
1661,1
1662,3
1663,1
1664,0
1665,0
1666,0
1667,0
1668,0
1669,0
1670,4
1671,4
1672,1
1673,3
1674,5
1675,1
1676,2
1677,5
1678,2
1679,0
1680,0
1681,0
1682,2
1683,5
1684,5
1685,0
1686,0
1687,0
1688,0
1689,19
1690,2
1691,0
1692,0
1693,0
1694,7
1695,8
1696,3
1697,1
1698,9
1699,0
1700,3
1701,0
1702,0
1703,1
1704,3
1705,1
1706,3
1707,2
1708,1
1709,0
1710,0
1711,0
1712,1
1713,2
1714,1
1715,0
1716,1
1717,2
1718,0
1719,2
1720,0
1721,3
1722,1
1723,0
1724,8
1725,5
1726,0
1727,4
1728,1
1729,3
1730,5
1731,0
1732,0
1733,2
1734,0
1735,7
1736,2
1737,1
1738,2
1739,5
1740,0
1741,6
1742,0
1743,3
1744,3
1745,7
1746,0
1747,0
1748,1
1749,0
1750,2
1751,0
1752,0
1753,1
1754,2
1755,1
1756,7
1757,3
1758,8
1759,2
1760,0
1761,5
1762,0
1763,4
1764,10
1765,1
1766,0
1767,0
1768,0
1769,0
1770,0
1771,0
1772,0
1773,0
1774,3
1775,4
1776,3
1777,1
1778,4
1779,0
1780,7
1781,4
1782,0
1783,0
1784,0
1785,0
1786,3
1787,0
1788,0
1789,0
1790,1
1791,14
1792,1
1793,0
1794,0
1795,0
1796,0
1797,3
1798,2
1799,0
1800,0
1801,1
1802,5
1803,0
1804,0
1805,3
1806,1
1807,4
1808,0
1809,0
1810,6
1811,2
1812,2
1813,3
1814,0
1815,1
1816,0
1817,0
1818,0
1819,0
1820,0
1821,0
1822,9
1823,6
1824,0
1825,0
1826,1
1827,0
1828,0
1829,1
1830,0
1831,9
1832,0
1833,2
1834,1
1835,0
1836,5
1837,2
1838,0
1839,0
1840,2
1841,1
1842,20
1843,1
1844,5
1845,1
1846,0
1847,0
1848,2
1849,0
1850,2
1851,1
1852,0
1853,5
1854,3
1855,0
1856,3
1857,0
1858,1
1859,1
1860,2
1861,0
1862,1
1863,1
1864,1
1865,0
1866,5
1867,0
1868,1
1869,0
1870,5
1871,7
1872,5
1873,0
1874,0
1875,3
1876,2
1877,9
1878,1
1879,0
1880,8
1881,0
1882,1
1883,1
1884,10
1885,1
1886,0
1887,11
1888,6
1889,0
1890,0
1891,4
1892,1
1893,0
1894,1
1895,3
1896,0
1897,0
1898,0
1899,3
1900,6
1901,10
1902,8
1903,4
1904,3
1905,2
1906,1
1907,1
1908,0
1909,3
1910,3
1911,4
1912,5
1913,2
1914,6
1915,3
1916,2
1917,0
1918,3
1919,3
1920,3
1921,0
1922,8
1923,0
1924,1
1925,4
1926,2
1927,0
1928,5
1929,0
1930,0
1931,1
1932,0
1933,2
1934,1
1935,0
1936,4
1937,3
1938,0
1939,3
1940,5
1941,0
1942,0
1943,1
1944,7
1945,0
1946,1
1947,2
1948,1
1949,0
1950,3
1951,5
1952,1
1953,3
1954,1
1955,0
1956,0
1957,0
1958,0
1959,4
1960,0
1961,1
1962,2
1963,6
1964,5
1965,0
1966,7
1967,3
1968,0
1969,2
1970,0
1971,0
1972,2
1973,0
1974,4
1975,1
1976,0
1977,0
1978,1
1979,6
1980,0
1981,0
1982,0
1983,0
1984,0
1985,0
1986,4
1987,6
1988,0
1989,0
1990,1
1991,3
1992,3
1993,0
1994,0
1995,2
1996,11
1997,0
1998,0
1999,1
2000,1
2001,1
2002,6
2003,2
2004,2
2005,0
2006,3
2007,0
2008,0
2009,3
2010,0
2011,8
2012,0
2013,1
2014,0
2015,3
2016,15
2017,2
2018,2
2019,3
2020,5
2021,0
2022,4
2023,0
2024,0
2025,1
2026,12
2027,0
2028,4
2029,1
2030,1
2031,0
2032,4
2033,2
2034,0
2035,0
2036,2
2037,0
2038,2
2039,0
2040,0
2041,1
2042,2
2043,0
2044,4
2045,2
2046,5
2047,0
2048,2
2049,1
2050,0
2051,3
2052,0
2053,0
2054,0
2055,0
2056,3
2057,0
2058,1
2059,3
2060,2
2061,0
2062,3
2063,5
2064,1
2065,3
2066,4
2067,0
2068,1
2069,1
2070,2
2071,0
2072,0
2073,5
2074,0
2075,0
2076,4
2077,2
2078,0
2079,4
2080,4
2081,0
2082,3
2083,4
2084,6
2085,7
2086,0
2087,1
2088,1
2089,3
2090,0
2091,2
2092,5
2093,4
2094,5
2095,0
2096,5
2097,2
2098,0
2099,4
2100,8
2101,12
2102,6
2103,0
2104,0
2105,1
2106,1
2107,0
2108,4
2109,3
2110,7
2111,0
2112,0
2113,3
2114,19
2115,1
2116,0
2117,3
2118,4
2119,1
2120,5
2121,2
2122,2
2123,0
2124,0
2125,0
2126,0
2127,0
2128,3
2129,1
2130,1
2131,1
2132,0
2133,0
2134,2
2135,1
2136,9
2137,1
2138,2
2139,2
2140,5
2141,0
2142,1
2143,1
2144,6
2145,0
2146,4
2147,2
2148,0
2149,1
2150,0
2151,6
2152,1
2153,3
2154,9
2155,4
2156,0
2157,2
2158,2
2159,1
2160,0
2161,0
2162,3
2163,0
2164,0
2165,0
2166,0
2167,1
2168,1
2169,8
2170,5
2171,0
2172,6
2173,0
2174,1
2175,0
2176,0
2177,0
2178,2
2179,0
2180,2
2181,1
2182,5
2183,4
2184,10
2185,0
2186,4
2187,1
2188,0
2189,9
2190,2
2191,9
2192,11
2193,12
2194,2
2195,0
2196,5
2197,13
2198,0
2199,1
2200,1
2201,1
2202,5
2203,0
2204,6
2205,1
2206,3
2207,0
2208,2
2209,3
2210,1
2211,0
2212,0
2213,8
2214,0
2215,1
2216,5
2217,1
2218,7
2219,0
2220,2
2221,3
2222,4
2223,3
2224,1
2225,4
2226,5
2227,1
2228,2
2229,0
2230,10
2231,0
2232,1
2233,0
2234,5
2235,6
2236,0
2237,0
2238,2
2239,2
2240,0
2241,4
2242,3
2243,6
2244,1
2245,3
2246,5
2247,2
2248,16
2249,2
2250,6
2251,0
2252,0
2253,1
2254,0
2255,2
2256,1
2257,0
2258,3
2259,6
2260,3
2261,0
2262,4
2263,0
2264,0
2265,2
2266,3
2267,2
2268,0
2269,4
2270,1
2271,3
2272,3
2273,3
2274,0
2275,0
2276,0
2277,1
2278,2
2279,0
2280,7
2281,3
2282,3
2283,0
2284,6
2285,2
2286,0
2287,5
2288,0
2289,5
2290,1
2291,0
2292,1
2293,1
2294,1
2295,6
2296,0
2297,0
2298,13
2299,4
2300,0
2301,0
2302,0
2303,6
2304,7
2305,4
2306,2
2307,5
2308,0
2309,1
2310,1
2311,0
2312,2
2313,0
2314,3
2315,6
2316,0
2317,2
2318,0
2319,2
2320,2
2321,1
2322,0
2323,3
2324,0
2325,0
2326,1
2327,0
2328,0
2329,0
2330,3
2331,0
2332,1
2333,0
2334,0
2335,1
2336,6
2337,1
2338,2
2339,1
2340,2
2341,5
2342,0
2343,8
2344,3
2345,10
2346,0
2347,2
2348,3
2349,2
2350,0
2351,0
2352,0
2353,0
2354,4
2355,0
2356,1
2357,8
2358,1
2359,2
2360,3
2361,9
2362,3
2363,8
2364,0
2365,4
2366,4
2367,0
2368,0
2369,5
2370,0
2371,1
2372,0
2373,1
2374,1
2375,0
2376,0
2377,3
2378,1
2379,0
2380,1
2381,1
2382,0
2383,0
2384,0
2385,1
2386,5
2387,1
2388,4
2389,3
2390,0
2391,2
2392,1
2393,2
2394,3
2395,0
2396,0
2397,6
2398,0
2399,1
2400,2
2401,7
2402,5
2403,0
2404,0
2405,5
2406,1
2407,3
2408,1
2409,3
2410,6
2411,0
2412,3
2413,0
2414,1
2415,1
2416,3
2417,0
2418,0
2419,0
2420,1
2421,0
2422,2
2423,8
2424,2
2425,0
2426,0
2427,2
2428,4
2429,0
2430,1
2431,6
2432,2
2433,6
2434,10
2435,6
2436,0
2437,3
2438,0
2439,1
2440,1
2441,3
2442,1
2443,4
2444,0
2445,2
2446,2
2447,0
2448,1
2449,0
2450,0
2451,1
2452,5
2453,0
2454,0
2455,1
2456,1
2457,3
2458,0
2459,0
2460,0
2461,0
2462,2
2463,2
2464,0
2465,2
2466,2
2467,3
2468,0
2469,0
2470,2
2471,1
2472,2
2473,2
2474,0
2475,3
2476,4
2477,0
2478,5
2479,3
2480,0
2481,0
2482,0
2483,1
2484,0
2485,8
2486,5
2487,0
2488,2
2489,2
2490,2
2491,3
2492,0
2493,0
2494,0
2495,1
2496,0
2497,0
2498,2
2499,3
2500,8
2501,1
2502,3
2503,2
2504,2
2505,0
2506,0
2507,0
2508,0
2509,1
2510,2
2511,7
2512,5
2513,1
2514,0
2515,2
2516,3
2517,5
2518,7
2519,3
2520,0
2521,0
2522,1
2523,0
2524,2
2525,1
2526,2
2527,17
2528,2
2529,0
2530,0
2531,0
2532,1
2533,2
2534,0
2535,4
2536,0
2537,2
2538,1
2539,1
2540,0
2541,1
2542,6
2543,1
2544,2
2545,2
2546,1
2547,0
2548,0
2549,3
2550,2
2551,8
2552,0
2553,0
2554,3
2555,0
2556,7
2557,4
2558,12
2559,1
2560,2
2561,0
2562,0
2563,1
2564,2
2565,5
2566,0
2567,0
2568,0
2569,3
2570,4
2571,1
2572,0
2573,0
2574,6
2575,0
2576,0
2577,0
2578,3
2579,0
2580,0
2581,6
2582,0
2583,0
2584,4
2585,2
2586,3
2587,0
2588,0
2589,0
2590,0
2591,1
2592,9
2593,0
2594,9
2595,3
2596,0
2597,4
2598,1
2599,3
2600,3
2601,6
2602,0
2603,7
2604,6
2605,2
2606,0
2607,0
2608,2
2609,4
2610,0
2611,1
2612,2
2613,0
2614,1
2615,0
2616,3
2617,4
2618,0
2619,4
2620,2
2621,3
2622,2
2623,1
2624,0
2625,6
2626,0
2627,0
2628,0
2629,2
2630,1
2631,0
2632,3
2633,4
2634,0
2635,0
2636,2
2637,4
2638,0
2639,2
2640,0
2641,0
2642,1
2643,0
2644,0
2645,3
2646,0
2647,0
2648,0
2649,0
2650,2
2651,6
2652,0
2653,8
2654,3
2655,4
2656,0
2657,4
2658,1
2659,0
2660,0
2661,0
2662,3
2663,2
2664,0
2665,0
2666,2
2667,0
2668,5
2669,0
2670,4
2671,0
2672,1
2673,3
2674,0
2675,0
2676,0
2677,4
2678,2
2679,4
2680,0
2681,0
2682,5
2683,0
2684,0
2685,5
2686,0
2687,1
2688,1
2689,1
2690,1
2691,3
2692,3
2693,0
2694,2
2695,1
2696,1
2697,2
2698,0
2699,1
2700,1
2701,3
2702,0
2703,0
2704,0
2705,1
2706,3
2707,0
2708,0
2709,4
2710,0
2711,4
2712,5
2713,3
2714,0
2715,1
2716,2
2717,4
2718,0
2719,5
2720,3
2721,4
2722,2
2723,3
2724,1
2725,1
2726,0
2727,1
2728,0
2729,7
2730,0
2731,0
2732,3
2733,0
2734,0
2735,1
2736,0
2737,3
2738,0
2739,0
2740,0
2741,3
2742,4
2743,4
2744,0
2745,3
2746,2
2747,1
2748,1
2749,0
2750,0
2751,0
2752,2
2753,2
2754,0
2755,0
2756,0
2757,8
2758,0
2759,2
2760,4
2761,2
2762,6
2763,18
2764,1
2765,3
2766,2
2767,0
2768,2
2769,4
2770,0
2771,6
2772,1
2773,0
2774,0
2775,1
2776,0
2777,1
2778,0
2779,4
2780,1
2781,0
2782,0
2783,0
2784,0
2785,0
2786,2
2787,1
2788,0
2789,1
2790,0
2791,0
2792,0
2793,1
2794,1
2795,1
2796,2
2797,3
2798,1
2799,0
2800,0
2801,1
2802,4
2803,2
2804,0
2805,5
2806,1
2807,1
2808,1
2809,4
2810,2
2811,1
2812,2
2813,2
2814,0
2815,3
2816,1
2817,0
2818,0
2819,6
2820,0
2821,0
2822,2
2823,2
2824,1
2825,2
2826,1
2827,1
2828,1
2829,0
2830,0
2831,1
2832,0
2833,2
2834,0
2835,5
2836,0
2837,0
2838,1
2839,5
2840,4
2841,1
2842,3
2843,4
2844,0
2845,0
2846,4
2847,0
2848,0
2849,1
2850,1
2851,1
2852,8
2853,1
2854,1
2855,2
2856,0
2857,6
2858,1
2859,3
2860,1
2861,4
2862,0
2863,0
2864,1
2865,0
2866,0
2867,3
2868,1
2869,4
2870,5
2871,4
2872,0
2873,3
2874,0
2875,0
2876,6
2877,0
2878,2
2879,0
2880,0
2881,8
2882,3
2883,0
2884,5
2885,0
2886,2
2887,3
2888,2
2889,0
2890,2
2891,0
2892,2
2893,0
2894,5
2895,0
2896,0
2897,0
2898,2
2899,0
2900,1
2901,4
2902,2
2903,1
2904,0
2905,5
2906,2
2907,1
2908,0
2909,5
2910,0
2911,2
2912,3
2913,5
2914,1
2915,3
2916,4
2917,1
2918,3
2919,2
2920,3
2921,6
2922,0
2923,2
2924,2
2925,5
2926,1
2927,3
2928,3
2929,0
2930,1
2931,1
2932,1
2933,0
2934,1
2935,3
2936,8
2937,1
2938,7
2939,0
2940,2
2941,2
2942,0
2943,1
2944,0
2945,5
2946,0
2947,6
2948,2
2949,2
2950,0
2951,0
2952,1
2953,0
2954,3
2955,8
2956,1
2957,1
2958,3
2959,4
2960,1
2961,2
2962,4
2963,3
2964,4
2965,0
2966,0
2967,4
2968,7
2969,0
2970,4
2971,4
2972,2
2973,0
2974,2
2975,0
2976,0
2977,0
2978,2
2979,0
2980,9
2981,0
2982,3
2983,0
2984,1
2985,3
2986,0
2987,1
2988,0
2989,0
2990,4
2991,0
2992,2
2993,2
2994,1
2995,2
2996,3
2997,4
2998,6
2999,0
3000,7
3001,3
3002,0
3003,4
3004,0
3005,1
3006,1
3007,0
3008,2
3009,2
3010,0
3011,0
3012,2
3013,3
3014,2
3015,0
3016,0
3017,1
3018,3
3019,2
3020,0
3021,2
3022,2
3023,0
3024,4
3025,4
3026,5
3027,0
3028,0
3029,2
3030,0
3031,6
3032,0
3033,2
3034,0
3035,2
3036,3
3037,0
3038,4
3039,0
3040,1
3041,1
3042,1
3043,1
3044,1
3045,4
3046,3
3047,0
3048,0
3049,0
3050,4
3051,0
3052,2
3053,2
3054,0
3055,0
3056,1
3057,2
3058,1
3059,1
3060,0
3061,0
3062,7
3063,6
3064,0
3065,0
3066,3
3067,2
3068,0
3069,3
3070,1
3071,1
3072,0
3073,2
3074,0
3075,1
3076,0
3077,0
3078,1
3079,2
3080,0
3081,1
3082,5
3083,0
3084,2
3085,12
3086,0
3087,10
3088,0
3089,2
3090,0
3091,6
3092,0
3093,3
3094,0
3095,0
3096,0
3097,1
3098,0
3099,6
3100,2
3101,0
3102,3
3103,0
3104,7
3105,4
3106,7
3107,2
3108,4
3109,0
3110,4
3111,0
3112,2
3113,8
3114,4
3115,0
3116,0
3117,5
3118,3
3119,1
3120,2
3121,2
3122,1
3123,1
3124,2
3125,0
3126,0
3127,0
3128,0
3129,1
3130,0
3131,5
3132,0
3133,0
3134,2
3135,2
3136,3
3137,3
3138,7
3139,1
3140,0
3141,0
3142,1
3143,1
3144,0
3145,1
3146,0
3147,1
3148,2
3149,0
3150,1
3151,7
3152,0
3153,0
3154,0
3155,1
3156,1
3157,0
3158,4
3159,2
3160,2
3161,0
3162,1
3163,0
3164,1
3165,1
3166,3
3167,0
3168,1
3169,1
3170,4
3171,3
3172,6
3173,0
3174,0
3175,0
3176,0
3177,1
3178,1
3179,2
3180,3
3181,0
3182,0
3183,5
3184,2
3185,3
3186,2
3187,0
3188,3
3189,6
3190,0
3191,5
3192,0
3193,1
3194,0
3195,2
3196,4
3197,3
3198,2
3199,0
3200,0
3201,3
3202,0
3203,3
3204,4
3205,2
3206,9
3207,0
3208,1
3209,4
3210,3
3211,1
3212,2
3213,1
3214,4
3215,1
3216,0
3217,1
3218,0
3219,1
3220,0
3221,3
3222,7
3223,0
3224,1
3225,0
3226,1
3227,3
3228,3
3229,0
3230,0
3231,1
3232,2
3233,5
3234,0
3235,2
3236,1
3237,0
3238,4
3239,0
3240,6
3241,6
3242,2
3243,1
3244,4
3245,6
3246,2
3247,2
3248,0
3249,0
3250,3
3251,1
3252,1
3253,2
3254,3
3255,3
3256,2
3257,4
3258,1
3259,0
3260,1
3261,1
3262,0
3263,1
3264,1
3265,1
3266,1
3267,0
3268,6
3269,3
3270,1
3271,0
3272,5
3273,1
3274,0
3275,0
3276,1
3277,1
3278,4
3279,0
3280,1
3281,8
3282,2
3283,5
3284,4
3285,3
3286,0
3287,1
3288,0
3289,0
3290,0
3291,1
3292,1
3293,1
3294,0
3295,4
3296,0
3297,1
3298,0
3299,0
3300,3
3301,1
3302,1
3303,3
3304,1
3305,1
3306,4
3307,2
3308,1
3309,9
3310,2
3311,0
3312,1
3313,12
3314,1
3315,3
3316,2
3317,1
3318,4
3319,1
3320,0
3321,1
3322,0
3323,4
3324,0
3325,5
3326,0
3327,1
3328,4
3329,2
3330,0
3331,1
3332,0
3333,1
3334,0
3335,1
3336,1
3337,3
3338,1
3339,0
3340,1
3341,0
3342,0
3343,1
3344,2
3345,0
3346,2
3347,7
3348,2
3349,1
3350,0
3351,4
3352,6
3353,1
3354,4
3355,1
3356,3
3357,3
3358,0
3359,2
3360,0
3361,0
3362,0
3363,3
3364,0
3365,2
3366,4
3367,0
3368,0
3369,5
3370,0
3371,1
3372,4
3373,1
3374,1
3375,0
3376,10
3377,4
3378,6
3379,3
3380,1
3381,0
3382,0
3383,0
3384,1
3385,2
3386,2
3387,1
3388,2
3389,8
3390,1
3391,3
3392,2
3393,2
3394,0
3395,1
3396,2
3397,4
3398,0
3399,2
3400,1
3401,4
3402,0
3403,0
3404,0
3405,3
3406,5
3407,0
3408,0
3409,0
3410,0
3411,1
3412,5
3413,0
3414,0
3415,2
3416,1
3417,4
3418,1
3419,1
3420,0
3421,0
3422,1
3423,0
3424,0
3425,0
3426,0
3427,0
3428,3
3429,6
3430,9
3431,1
3432,0
3433,2
3434,1
3435,0
3436,3
3437,1
3438,0
3439,3
3440,0
3441,5
3442,1
3443,2
3444,3
3445,1
3446,5
3447,2
3448,1
3449,0
3450,2
3451,1
3452,5
3453,3
3454,2
3455,6
3456,0
3457,4
3458,0
3459,0
3460,1
3461,3
3462,5
3463,0
3464,0
3465,2
3466,0
3467,4
3468,1
3469,0
3470,2
3471,0
3472,1
3473,3
3474,6
3475,0
3476,1
3477,0
3478,0
3479,0
3480,7
3481,0
3482,1
3483,1
3484,0
3485,4
3486,0
3487,2
3488,7
3489,0
3490,1
3491,0
3492,4
3493,0
3494,0
3495,0
3496,2
3497,1
3498,0
3499,3
3500,4
3501,5
3502,0
3503,3
3504,1
3505,4
3506,0
3507,5
3508,0
3509,0
3510,0
3511,2
3512,3
3513,0
3514,1
3515,0
3516,2
3517,0
3518,5
3519,7
3520,1
3521,2
3522,3
3523,2
3524,0
3525,4
3526,5
3527,0
3528,0
3529,5
3530,0
3531,2
3532,0
3533,5
3534,2
3535,0
3536,2
3537,2
3538,0
3539,0
3540,1
3541,3
3542,2
3543,0
3544,2
3545,0
3546,1
3547,0
3548,1
3549,0
3550,1
3551,2
3552,2
3553,4
3554,3
3555,1
3556,0
3557,4
3558,2
3559,0
3560,0
3561,3
3562,2
3563,4
3564,2
3565,4
3566,1
3567,2
3568,3
3569,0
3570,0
3571,5
3572,1
3573,1
3574,8
3575,0
3576,2
3577,0
3578,0
3579,0
3580,0
3581,2
3582,0
3583,2
3584,2
3585,0
3586,1
3587,2
3588,1
3589,2
3590,0
3591,8
3592,3
3593,0
3594,1
3595,0
3596,5
3597,1
3598,0
3599,2
3600,0
3601,0
3602,0
3603,0
3604,0
3605,7
3606,3
3607,10
3608,3
3609,0
3610,0
3611,1
3612,2
3613,0
3614,5
3615,0
3616,0
3617,0
3618,2
3619,1
3620,0
3621,0
3622,1
3623,1
3624,2
3625,1
3626,2
3627,9
3628,3
3629,1
3630,1
3631,0
3632,0
3633,0
3634,0
3635,0
3636,6
3637,1
3638,1
3639,0
3640,0
3641,0
3642,1
3643,3
3644,4
3645,5
3646,1
3647,4
3648,0
3649,0
3650,3
3651,3
3652,3
3653,1
3654,0
3655,7
3656,6
3657,3
3658,0
3659,8
3660,1
3661,3
3662,2
3663,0
3664,2
3665,1
3666,0
3667,4
3668,0
3669,6
3670,3
3671,1
3672,0
3673,3
3674,0
3675,0
3676,2
3677,0
3678,0
3679,1
3680,0
3681,6
3682,3
3683,0
3684,3
3685,1
3686,3
3687,0
3688,0
3689,0
3690,1
3691,0
3692,2
3693,4
3694,1
3695,5
3696,0
3697,4
3698,0
3699,3
3700,1
3701,1
3702,4
3703,0
3704,2
3705,2
3706,0
3707,2
3708,1
3709,3
3710,2
3711,4
3712,3
3713,2
3714,0
3715,0
3716,0
3717,0
3718,1
3719,0
3720,0
3721,1
3722,2
3723,0
3724,0
3725,2
3726,0
3727,2
3728,0
3729,2
3730,6
3731,1
3732,0
3733,0
3734,0
3735,1
3736,2
3737,3
3738,0
3739,0
3740,1
3741,0
3742,3
3743,2
3744,2
3745,2
3746,0
3747,6
3748,3
3749,4
3750,2
3751,2
3752,2
3753,0
3754,0
3755,5
3756,2
3757,2
3758,0
3759,0
3760,4
3761,0
3762,0
3763,0
3764,0
3765,1
3766,0
3767,0
3768,0
3769,3
3770,0
3771,0
3772,1
3773,0
3774,5
3775,2
3776,0
3777,1
3778,1
3779,0
3780,0
3781,0
3782,0
3783,1
3784,4
3785,0
3786,0
3787,3
3788,2
3789,1
3790,2
3791,0
3792,0
3793,0
3794,0
3795,2
3796,0
3797,2
3798,0
3799,0
3800,1
3801,1
3802,5
3803,5
3804,1
3805,3
3806,1
3807,1
3808,7
3809,0
3810,4
3811,1
3812,7
3813,3
3814,2
3815,0
3816,0
3817,4
3818,1
3819,4
3820,1
3821,1
3822,4
3823,1
3824,0
3825,1
3826,2
3827,2
3828,0
3829,3
3830,0
3831,2
3832,1
3833,1
3834,1
3835,3
3836,3
3837,1
3838,0
3839,0
3840,0
3841,4
3842,0
3843,4
3844,3
3845,7
3846,2
3847,2
3848,3
3849,1
3850,3
3851,4
3852,1
3853,0
3854,5
3855,1
3856,7
3857,3
3858,0
3859,0
3860,0
3861,3
3862,1
3863,0
3864,1
3865,2
3866,4
3867,1
3868,2
3869,0
3870,0
3871,4
3872,4
3873,0
3874,0
3875,0
3876,4
3877,1
3878,1
3879,0
3880,5
3881,3
3882,2
3883,0
3884,0
3885,3
3886,3
3887,4
3888,0
3889,4
3890,3
3891,0
3892,0
3893,2
3894,1
3895,0
3896,1
3897,1
3898,1
3899,1
3900,6
3901,0
3902,4
3903,2
3904,1
3905,1
3906,2
3907,2
3908,4
3909,2
3910,1
3911,4
3912,4
3913,1
3914,4
3915,2
3916,0
3917,0
3918,0
3919,4
3920,3
3921,6
3922,3
3923,1
3924,0
3925,2
3926,3
3927,1
3928,2
3929,1
3930,1
3931,0
3932,1
3933,1
3934,2
3935,2
3936,2
3937,0
3938,1
3939,0
3940,0
3941,2
3942,1
3943,1
3944,3
3945,2
3946,1
3947,0
3948,3
3949,2
3950,0
3951,3
3952,0
3953,0
3954,1
3955,2
3956,2
3957,1
3958,2
3959,2
3960,3
3961,0
3962,2
3963,0
3964,2
3965,0
3966,1
3967,0
3968,0
3969,2
3970,1
3971,1
3972,4
3973,5
3974,1
3975,2
3976,0
3977,0
3978,0
3979,0
3980,1
3981,3
3982,2
3983,2
3984,0
3985,0
3986,4
3987,0
3988,1
3989,2
3990,0
3991,0
3992,2
3993,1
3994,1
3995,1
3996,2
3997,0
3998,3
3999,1
4000,1
4001,3
4002,1
4003,2
4004,4
4005,1
4006,3
4007,3
4008,0
4009,0
4010,10
4011,2
4012,5
4013,3
4014,0
4015,0
4016,1
4017,1
4018,1
4019,0
4020,3
4021,2
4022,0
4023,0
4024,6
4025,1
4026,3
4027,3
4028,7
4029,0
4030,3
4031,0
4032,0
4033,0
4034,2
4035,2
4036,4
4037,2
4038,0
4039,2
4040,3
4041,0
4042,2
4043,2
4044,1
4045,0
4046,3
4047,1
4048,0
4049,0
4050,3
4051,4
4052,2
4053,0
4054,0
4055,1
4056,1
4057,0
4058,1
4059,4
4060,3
4061,2
4062,4
4063,4
4064,2
4065,5
4066,2
4067,5
4068,1
4069,2
4070,1
4071,2
4072,4
4073,5
4074,1
4075,0
4076,1
4077,1
4078,2
4079,1
4080,0
4081,0
4082,0
4083,5
4084,1
4085,3
4086,1
4087,0
4088,1
4089,5
4090,1
4091,4
4092,0
4093,0
4094,0
4095,1
4096,1
4097,2
4098,1
4099,3
4100,2
4101,0
4102,0
4103,0
4104,4
4105,2
4106,1
4107,2
4108,1
4109,8
4110,4
4111,2
4112,1
4113,2
4114,9
4115,0
4116,3
4117,1
4118,0
4119,0
4120,1
4121,3
4122,0
4123,0
4124,0
4125,4
4126,3
4127,2
4128,5
4129,0
4130,2
4131,9
4132,2
4133,0
4134,0
4135,0
4136,0
4137,0
4138,5
4139,0
4140,0
4141,1
4142,4
4143,1
4144,0
4145,0
4146,1
4147,0
4148,2
4149,0
4150,1
4151,5
4152,2
4153,1
4154,4
4155,0
4156,0
4157,0
4158,2
4159,2
4160,2
4161,1
4162,0
4163,0
4164,3
4165,1
4166,0
4167,0
4168,2
4169,4
4170,1
4171,4
4172,1
4173,0
4174,1
4175,2
4176,1
4177,4
4178,1
4179,0
4180,2
4181,2
4182,0
4183,1
4184,0
4185,0
4186,5
4187,1
4188,1
4189,0
4190,2
4191,3
4192,0
4193,1
4194,1
4195,0
4196,0
4197,1
4198,0
4199,2
4200,0
4201,0
4202,1
4203,4
4204,2
4205,2
4206,2
4207,0
4208,1
4209,4
4210,3
4211,2
4212,1
4213,0
4214,0
4215,0
4216,0
4217,1
4218,1
4219,1
4220,1
4221,1
4222,3
4223,8
4224,1
4225,2
4226,1
4227,1
4228,0
4229,3
4230,4
4231,0
4232,3
4233,2
4234,0
4235,2
4236,0
4237,1
4238,2
4239,0
4240,8
4241,1
4242,2
4243,0
4244,2
4245,0
4246,0
4247,1
4248,4
4249,1
4250,1
4251,0
4252,0
4253,0
4254,0
4255,0
4256,1
4257,3
4258,2
4259,1
4260,2
4261,0
4262,2
4263,1
4264,0
4265,0
4266,1
4267,0
4268,5
4269,0
4270,0
4271,3
4272,4
4273,3
4274,0
4275,3
4276,3
4277,0
4278,4
4279,0
4280,1
4281,1
4282,1
4283,1
4284,1
4285,2
4286,5
4287,0
4288,0
4289,3
4290,4
4291,0
4292,0
4293,1
4294,3
4295,0
4296,3
4297,0
4298,6
4299,0
4300,1
4301,1
4302,1
4303,1
4304,2
4305,4
4306,0
4307,7
4308,0
4309,1
4310,0
4311,2
4312,1
4313,0
4314,3
4315,1
4316,0
4317,0
4318,2
4319,0
4320,0
4321,1
4322,0
4323,0
4324,0
4325,3
4326,5
4327,2
4328,0
4329,1
4330,0
4331,5
4332,4
4333,4
4334,1
4335,2
4336,1
4337,0
4338,1
4339,0
4340,2
4341,4
4342,0
4343,1
4344,0
4345,2
4346,2
4347,5
4348,0
4349,3
4350,2
4351,1
4352,0
4353,2
4354,1
4355,0
4356,0
4357,0
4358,0
4359,0
4360,0
4361,1
4362,2
4363,0
4364,0
4365,1
4366,2
4367,0
4368,2
4369,0
4370,6
4371,4
4372,1
4373,4
4374,4
4375,0
4376,0
4377,1
4378,3
4379,0
4380,1
4381,0
4382,5
4383,0
4384,1
4385,1
4386,0
4387,6
4388,1
4389,0
4390,0
4391,0
4392,0
4393,1
4394,3
4395,3
4396,0
4397,0
4398,4
4399,0
4400,0
4401,1
4402,1
4403,1
4404,2
4405,0
4406,0
4407,0
4408,0
4409,2
4410,0
4411,1
4412,0
4413,0
4414,2
4415,0
4416,1
4417,0
4418,3
4419,0
4420,0
4421,0
4422,0
4423,2
4424,4
4425,3
4426,4
4427,4
4428,1
4429,0
4430,0
4431,2
4432,1
4433,1
4434,3
4435,6
4436,2
4437,0
4438,0
4439,1
4440,1
4441,2
4442,3
4443,1
4444,0
4445,2
4446,0
4447,0
4448,1
4449,2
4450,2
4451,1
4452,0
4453,2
4454,0
4455,4
4456,3
4457,0
4458,0
4459,0
4460,3
4461,0
4462,2
4463,3
4464,1
4465,0
4466,0
4467,0
4468,1
4469,1
4470,1
4471,7
4472,1
4473,4
4474,0
4475,1
4476,1
4477,1
4478,0
4479,8
4480,0
4481,0
4482,0
4483,7
4484,1
4485,4
4486,2
4487,0
4488,1
4489,0
4490,2
4491,2
4492,0
4493,1
4494,1
4495,1
4496,2
4497,0
4498,3
4499,7
4500,1
4501,1
4502,6
4503,1
4504,0
4505,2
4506,0
4507,1
4508,5
4509,3
4510,0
4511,0
4512,1
4513,3
4514,5
4515,2
4516,1
4517,0
4518,6
4519,0
4520,3
4521,0
4522,1
4523,2
4524,2
4525,5
4526,2
4527,0
4528,1
4529,1
4530,0
4531,0
4532,0
4533,0
4534,1
4535,0
4536,7
4537,0
4538,0
4539,0
4540,1
4541,1
4542,4
4543,1
4544,3
4545,2
4546,0
4547,4
4548,3
4549,7
4550,3
4551,0
4552,4
4553,0
4554,1
4555,2
4556,1
4557,4
4558,1
4559,1
4560,2
4561,2
4562,2
4563,4
4564,0
4565,0
4566,1
4567,0
4568,2
4569,0
4570,1
4571,2
4572,1
4573,0
4574,5
4575,1
4576,2
4577,6
4578,1
4579,1
4580,2
4581,2
4582,0
4583,2
4584,4
4585,4
4586,5
4587,0
4588,1
4589,1
4590,6
4591,0
4592,1
4593,0
4594,1
4595,2
4596,1
4597,4
4598,5
4599,1
4600,0
4601,0
4602,1
4603,0
4604,4
4605,1
4606,2
4607,2
4608,2
4609,3
4610,0
4611,0
4612,0
4613,0
4614,1
4615,1
4616,1
4617,0
4618,3
4619,4
4620,0
4621,2
4622,5
4623,0
4624,1
4625,1
4626,3
4627,2
4628,1
4629,1
4630,0
4631,1
4632,2
4633,0
4634,3
4635,1
4636,1
4637,1
4638,3
4639,0
4640,1
4641,3
4642,0
4643,0
4644,1
4645,0
4646,2
4647,3
4648,1
4649,3
4650,0
4651,2
4652,4
4653,1
4654,0
4655,0
4656,2
4657,0
4658,0
4659,2
4660,1
4661,2
4662,1
4663,0
4664,0
4665,1
4666,1
4667,1
4668,0
4669,0
4670,3
4671,4
4672,1
4673,2
4674,1
4675,0
4676,0
4677,1
4678,3
4679,3
4680,1
4681,0
4682,3
4683,5
4684,2
4685,4
4686,0
4687,0
4688,0
4689,2
4690,0
4691,1
4692,0
4693,4
4694,0
4695,2
4696,3
4697,1
4698,0
4699,0
4700,4
4701,4
4702,4
4703,0
4704,1
4705,1
4706,0
4707,1
4708,11
4709,5
4710,0
4711,0
4712,1
4713,3
4714,2
4715,0
4716,0
4717,2
4718,5
4719,4
4720,2
4721,1
4722,2
4723,0
4724,0
4725,1
4726,0
4727,1
4728,0
4729,0
4730,2
4731,1
4732,1
4733,0
4734,4
4735,0
4736,4
4737,0
4738,0
4739,1
4740,1
4741,0
4742,4
4743,1
4744,2
4745,3
4746,1
4747,2
4748,0
4749,0
4750,1
4751,2
4752,2
4753,1
4754,3
4755,4
4756,0
4757,0
4758,3
4759,3
4760,2
4761,0
4762,1
4763,2
4764,6
4765,0
4766,7
4767,1
4768,0
4769,0
4770,1
4771,0
4772,0
4773,1
4774,4
4775,0
4776,4
4777,0
4778,2
4779,3
4780,2
4781,4
4782,1
4783,3
4784,3
4785,0
4786,3
4787,1
4788,0
4789,1
4790,3
4791,0
4792,0
4793,1
4794,1
4795,1
4796,1
4797,0
4798,0
4799,0
4800,0
4801,1
4802,3
4803,2
4804,0
4805,2
4806,0
4807,4
4808,1
4809,2
4810,0
4811,1
4812,1
4813,4
4814,4
4815,2
4816,1
4817,1
4818,1
4819,3
4820,2
4821,2
4822,8
4823,3
4824,0
4825,0
4826,0
4827,2
4828,0
4829,2
4830,0
4831,0
4832,2
4833,1
4834,3
4835,3
4836,1
4837,0
4838,6
4839,5
4840,1
4841,3
4842,3
4843,1
4844,2
4845,0
4846,3
4847,1
4848,0
4849,0
4850,1
4851,1
4852,0
4853,4
4854,0
4855,2
4856,0
4857,2
4858,0
4859,2
4860,2
4861,3
4862,0
4863,3
4864,5
4865,1
4866,0
4867,1
4868,2
4869,3
4870,1
4871,2
4872,0
4873,0
4874,2
4875,1
4876,4
4877,3
4878,0
4879,2
4880,1
4881,0
4882,0
4883,1
4884,0
4885,0
4886,1
4887,0
4888,1
4889,1
4890,0
4891,2
4892,3
4893,1
4894,6
4895,2
4896,1
4897,4
4898,2
4899,1
4900,3
4901,5
4902,4
4903,1
4904,0
4905,0
4906,0
4907,2
4908,0
4909,1
4910,2
4911,0
4912,0
4913,5
4914,0
4915,3
4916,0
4917,0
4918,2
4919,1
4920,1
4921,2
4922,0
4923,0
4924,6
4925,5
4926,0
4927,0
4928,0
4929,0
4930,4
4931,3
4932,3
4933,2
4934,6
4935,2
4936,1
4937,0
4938,1
4939,4
4940,5
4941,0
4942,0
4943,3
4944,2
4945,0
4946,1
4947,0
4948,2
4949,2
4950,0
4951,0
4952,0
4953,3
4954,0
4955,1
4956,2
4957,0
4958,0
4959,1
4960,6
4961,0
4962,1
4963,2
4964,4
4965,3
4966,0
4967,2
4968,5
4969,0
4970,4
4971,5
4972,0
4973,4
4974,0
4975,0
4976,0
4977,1
4978,1
4979,0
4980,5
4981,0
4982,3
4983,0
4984,1
4985,1
4986,1
4987,0
4988,2
4989,1
4990,3
4991,0
4992,3
4993,9
4994,3
4995,1
4996,0
4997,1
4998,5
4999,2
5000,5
5001,4
5002,0
5003,0
5004,6
5005,2
5006,0
5007,1
5008,0
5009,0
5010,1
5011,0
5012,0
5013,1
5014,0
5015,2
5016,1
5017,4
5018,0
5019,1
5020,2
5021,2
5022,1
5023,5
5024,2
5025,0
5026,5
5027,0
5028,0
5029,4
5030,1
5031,0
5032,2
5033,4
5034,3
5035,0
5036,0
5037,2
5038,4
5039,1
5040,1
5041,0
5042,3
5043,0
5044,1
5045,1
5046,2
5047,0
5048,1
5049,1
5050,2
5051,0
5052,4
5053,1
5054,0
5055,2
5056,0
5057,0
5058,0
5059,5
5060,0
5061,1
5062,1
5063,1
5064,4
5065,2
5066,0
5067,3
5068,0
5069,0
5070,0
5071,1
5072,4
5073,0
5074,3
5075,1
5076,0
5077,2
5078,2
5079,2
5080,1
5081,0
5082,1
5083,1
5084,0
5085,3
5086,0
5087,0
5088,1
5089,0
5090,0
5091,1
5092,0
5093,1
5094,1
5095,1
5096,0
5097,0
5098,0
5099,0
5100,2
5101,1
5102,0
5103,4
5104,2
5105,0
5106,4
5107,2
5108,0
5109,0
5110,0
5111,0
5112,0
5113,0
5114,1
5115,0
5116,5
5117,0
5118,2
5119,1
5120,1
5121,0
5122,3
5123,0
5124,3
5125,2
5126,0
5127,1
5128,0
5129,0
5130,2
5131,0
5132,0
5133,0
5134,1
5135,2
5136,1
5137,1
5138,2
5139,5
5140,1
5141,0
5142,0
5143,0
5144,4
5145,2
5146,1
5147,5
5148,1
5149,3
5150,0
5151,1
5152,5
5153,0
5154,1
5155,1
5156,0
5157,6
5158,0
5159,1
5160,0
5161,0
5162,0
5163,2
5164,0
5165,0
5166,3
5167,1
5168,2
5169,1
5170,2
5171,1
5172,3
5173,0
5174,2
5175,3
5176,0
5177,1
5178,2
5179,2
5180,2
5181,0
5182,3
5183,1
5184,3
5185,1
5186,0
5187,0
5188,0
5189,0
5190,4
5191,5
5192,1
5193,5
5194,0
5195,0
5196,1
5197,2
5198,1
5199,0
5200,2
5201,3
5202,2
5203,0
5204,2
5205,4
5206,1
5207,1
5208,0
5209,0
5210,1
5211,3
5212,1
5213,0
5214,2
5215,1
5216,1
5217,1
5218,0
5219,1
5220,1
5221,0
5222,1
5223,0
5224,1
5225,1
5226,2
5227,2
5228,0
5229,0
5230,0
5231,0
5232,1
5233,0
5234,1
5235,1
5236,2
5237,0
5238,4
5239,3
5240,1
5241,1
5242,1
5243,2
5244,0
5245,0
5246,3
5247,2
5248,1
5249,0
5250,0
5251,3
5252,0
5253,3
5254,0
5255,2
5256,1
5257,1
5258,1
5259,0
5260,1
5261,0
5262,0
5263,1
5264,1
5265,2
5266,1
5267,1
5268,0
5269,1
5270,8
5271,3
5272,4
5273,0
5274,0
5275,0
5276,0
5277,1
5278,2
5279,3
5280,0
5281,0
5282,5
5283,0
5284,3
5285,2
5286,1
5287,0
5288,3
5289,0
5290,0
5291,0
5292,3
5293,2
5294,0
5295,0
5296,3
5297,2
5298,1
5299,2
5300,0
5301,0
5302,2
5303,3
5304,0
5305,2
5306,0
5307,3
5308,0
5309,1
5310,0
5311,2
5312,1
5313,4
5314,7
5315,1
5316,0
5317,5
5318,0
5319,2
5320,0
5321,0
5322,2
5323,0
5324,1
5325,3
5326,0
5327,1
5328,1
5329,1
5330,0
5331,0
5332,0
5333,0
5334,0
5335,0
5336,2
5337,1
5338,0
5339,1
5340,0
5341,1
5342,1
5343,0
5344,1
5345,0
5346,1
5347,1
5348,1
5349,0
5350,2
5351,0
5352,1
5353,1
5354,3
5355,3
5356,0
5357,5
5358,1
5359,4
5360,0
5361,0
5362,1
5363,0
5364,1
5365,2
5366,2
5367,0
5368,6
5369,0
5370,6
5371,1
5372,2
5373,0
5374,0
5375,1
5376,3
5377,0
5378,5
5379,0
5380,0
5381,3
5382,0
5383,0
5384,1
5385,2
5386,0
5387,1
5388,0
5389,1
5390,1
5391,1
5392,0
5393,1
5394,1
5395,0
5396,1
5397,2
5398,1
5399,7
5400,1
5401,0
5402,0
5403,1
5404,0
5405,3
5406,3
5407,1
5408,2
5409,1
5410,1
5411,2
5412,3
5413,2
5414,5
5415,3
5416,0
5417,0
5418,1
5419,1
5420,1
5421,5
5422,1
5423,0
5424,2
5425,1
5426,1
5427,0
5428,0
5429,1
5430,6
5431,2
5432,0
5433,0
5434,5
5435,3
5436,2
5437,0
5438,3
5439,0
5440,3
5441,1
5442,0
5443,4
5444,1
5445,0
5446,1
5447,2
5448,4
5449,0
5450,0
5451,3
5452,1
5453,2
5454,4
5455,1
5456,0
5457,2
5458,0
5459,0
5460,0
5461,0
5462,2
5463,2
5464,0
5465,4
5466,0
5467,2
5468,1
5469,4
5470,4
5471,1
5472,1
5473,6
5474,0
5475,0
5476,0
5477,2
5478,3
5479,4
5480,0
5481,1
5482,3
5483,1
5484,2
5485,1
5486,1
5487,1
5488,1
5489,0
5490,1
5491,0
5492,0
5493,2
5494,2
5495,1
5496,1
5497,1
5498,0
5499,0
5500,0
5501,1
5502,1
5503,2
5504,0
5505,2
5506,2
5507,1
5508,1
5509,0
5510,1
5511,4
5512,0
5513,0
5514,4
5515,0
5516,0
5517,0
5518,2
5519,0
5520,1
5521,5
5522,0
5523,2
5524,1
5525,1
5526,2
5527,0
5528,4
5529,1
5530,4
5531,1
5532,3
5533,1
5534,3
5535,1
5536,0
5537,0
5538,0
5539,0
5540,0
5541,3
5542,0
5543,3
5544,0
5545,3
5546,1
5547,0
5548,1
5549,2
5550,0
5551,2
5552,0
5553,2
5554,3
5555,0
5556,3
5557,0
5558,1
5559,0
5560,0
5561,2
5562,3
5563,1
5564,1
5565,6
5566,0
5567,3
5568,4
5569,0
5570,1
5571,3
5572,0
5573,3
5574,0
5575,0
5576,0
5577,0
5578,0
5579,0
5580,2
5581,3
5582,2
5583,0
5584,0
5585,2
5586,1
5587,0
5588,1
5589,8
5590,2
5591,2
5592,1
5593,0
5594,3
5595,1
5596,1
5597,2
5598,0
5599,1
5600,1
5601,2
5602,1
5603,0
5604,0
5605,0
5606,3
5607,7
5608,4
5609,0
5610,3
5611,0
5612,0
5613,2
5614,0
5615,0
5616,1
5617,0
5618,1
5619,1
5620,3
5621,0
5622,2
5623,1
5624,1
5625,0
5626,1
5627,0
5628,2
5629,2
5630,2
5631,0
5632,2
5633,1
5634,2
5635,3
5636,2
5637,2
5638,0
5639,0
5640,2
5641,1
5642,1
5643,2
5644,1
5645,0
5646,1
5647,1
5648,1
5649,0
5650,3
5651,3
5652,0
5653,4
5654,4
5655,0
5656,2
5657,2
5658,3
5659,1
5660,2
5661,1
5662,2
5663,2
5664,0
5665,2
5666,3
5667,3
5668,2
5669,1
5670,0
5671,2
5672,3
5673,0
5674,0
5675,0
5676,0
5677,2
5678,1
5679,1
5680,1
5681,0
5682,2
5683,3
5684,2
5685,3
5686,0
5687,0
5688,2
5689,0
5690,1
5691,1
5692,2
5693,0
5694,0
5695,1
5696,0
5697,2
5698,2
5699,0
5700,0
5701,0
5702,0
5703,0
5704,2
5705,0
5706,0
5707,1
5708,0
5709,0
5710,1
5711,0
5712,6
5713,0
5714,1
5715,1
5716,4
5717,0
5718,1
5719,2
5720,4
5721,0
5722,0
5723,0
5724,2
5725,3
5726,1
5727,1
5728,0
5729,5
5730,1
5731,1
5732,4
5733,0
5734,2
5735,0
5736,0
5737,0
5738,1
5739,6
5740,1
5741,2
5742,1
5743,0
5744,0
5745,0
5746,1
5747,1
5748,5
5749,0
5750,0
5751,3
5752,0
5753,3
5754,3
5755,1
5756,4
5757,2
5758,0
5759,2
5760,0
5761,0
5762,0
5763,2
5764,0
5765,2
5766,0
5767,1
5768,1
5769,0
5770,1
5771,2
5772,1
5773,1
5774,0
5775,1
5776,0
5777,0
5778,3
5779,3
5780,0
5781,0
5782,1
5783,1
5784,0
5785,3
5786,0
5787,5
5788,1
5789,0
5790,5
5791,0
5792,2
5793,1
5794,0
5795,4
5796,1
5797,1
5798,2
5799,0
5800,2
5801,0
5802,3
5803,0
5804,0
5805,2
5806,2
5807,3
5808,0
5809,1
5810,1
5811,0
5812,0
5813,0
5814,0
5815,0
5816,0
5817,1
5818,0
5819,2
5820,2
5821,0
5822,1
5823,8
5824,3
5825,3
5826,1
5827,1
5828,1
5829,0
5830,3
5831,0
5832,0
5833,0
5834,3
5835,0
5836,3
5837,2
5838,0
5839,1
5840,2
5841,1
5842,0
5843,2
5844,1
5845,0
5846,0
5847,0
5848,1
5849,0
5850,3
5851,1
5852,0
5853,0
5854,2
5855,3
5856,0
5857,0
5858,2
5859,0
5860,0
5861,0
5862,1
5863,2
5864,0
5865,0
5866,3
5867,2
5868,0
5869,0
5870,3
5871,0
5872,3
5873,0
5874,0
5875,1
5876,2
5877,2
5878,0
5879,0
5880,5
5881,1
5882,1
5883,1
5884,3
5885,1
5886,0
5887,1
5888,1
5889,2
5890,3
5891,0
5892,0
5893,4
5894,1
5895,0
5896,1
5897,3
5898,0
5899,0
5900,3
5901,0
5902,0
5903,0
5904,0
5905,2
5906,2
5907,5
5908,0
5909,1
5910,2
5911,1
5912,1
5913,3
5914,5
5915,0
5916,0
5917,0
5918,0
5919,2
5920,2
5921,2
5922,3
5923,2
5924,0
5925,0
5926,1
5927,0
5928,1
5929,1
5930,0
5931,1
5932,0
5933,1
5934,3
5935,0
5936,0
5937,0
5938,0
5939,1
5940,2
5941,4
5942,1
5943,0
5944,0
5945,2
5946,3
5947,0
5948,1
5949,2
5950,3
5951,1
5952,1
5953,2
5954,7
5955,0
5956,0
5957,0
5958,0
5959,1
5960,1
5961,1
5962,1
5963,1
5964,0
5965,2
5966,1
5967,1
5968,0
5969,2
5970,1
5971,0
5972,2
5973,0
5974,0
5975,1
5976,0
5977,0
5978,4
5979,0
5980,5
5981,0
5982,0
5983,0
5984,0
5985,0
5986,3
5987,0
5988,1
5989,2
5990,0
5991,0
5992,2
5993,2
5994,0
5995,2
5996,0
5997,0
5998,1
5999,1
6000,0
6001,0
6002,0
6003,1
6004,7
6005,5
6006,1
6007,3
6008,0
6009,3
6010,1
6011,6
6012,6
6013,0
6014,2
6015,1
6016,1
6017,1
6018,2
6019,0
6020,0
6021,1
6022,1
6023,2
6024,1
6025,2
6026,0
6027,0
6028,1
6029,0
6030,0
6031,0
6032,0
6033,2
6034,2
6035,0
6036,4
6037,1
6038,0
6039,2
6040,4
6041,1
6042,0
6043,2
6044,2
6045,0
6046,0
6047,1
6048,0
6049,2
6050,0
6051,3
6052,0
6053,0
6054,1
6055,4
6056,1
6057,0
6058,2
6059,1
6060,0
6061,0
6062,1
6063,0
6064,0
6065,3
6066,0
6067,2
6068,0
6069,1
6070,1
6071,4
6072,0
6073,0
6074,0
6075,2
6076,0
6077,3
6078,2
6079,0
6080,0
6081,1
6082,2
6083,1
6084,1
6085,2
6086,2
6087,0
6088,1
6089,0
6090,0
6091,3
6092,0
6093,5
6094,0
6095,3
6096,3
6097,2
6098,1
6099,0
6100,1
6101,3
6102,1
6103,1
6104,0
6105,2
6106,2
6107,0
6108,2
6109,1
6110,0
6111,3
6112,0
6113,2
6114,0
6115,1
6116,0
6117,2
6118,0
6119,4
6120,2
6121,3
6122,2
6123,0
6124,3
6125,0
6126,0
6127,2
6128,4
6129,4
6130,0
6131,5
6132,1
6133,1
6134,2
6135,0
6136,0
6137,0
6138,2
6139,4
6140,3
6141,4
6142,1
6143,4
6144,0
6145,2
6146,1
6147,0
6148,1
6149,1
6150,1
6151,0
6152,1
6153,0
6154,2
6155,1
6156,2
6157,1
6158,2
6159,0
6160,2
6161,1
6162,1
6163,3
6164,1
6165,0
6166,2
6167,3
6168,5
6169,0
6170,3
6171,1
6172,1
6173,0
6174,2
6175,0
6176,0
6177,1
6178,0
6179,1
6180,0
6181,0
6182,0
6183,1
6184,3
6185,2
6186,2
6187,1
6188,2
6189,6
6190,1
6191,1
6192,0
6193,0
6194,0
6195,0
6196,4
6197,1
6198,1
6199,0
6200,3
6201,1
6202,2
6203,1
6204,1
6205,0
6206,1
6207,3
6208,0
6209,4
6210,0
6211,1
6212,2
6213,2
6214,1
6215,4
6216,1
6217,0
6218,1
6219,1
6220,1
6221,0
6222,1
6223,0
6224,2
6225,1
6226,1
6227,1
6228,0
6229,1
6230,1
6231,1
6232,1
6233,0
6234,1
6235,4
6236,0
6237,0
6238,0
6239,1
6240,0
6241,1
6242,0
6243,1
6244,1
6245,1
6246,2
6247,1
6248,3
6249,0
6250,1
6251,2
6252,2
6253,1
6254,1
6255,0
6256,0
6257,0
6258,0
6259,1
6260,1
6261,6
6262,1
6263,0
6264,1
6265,0
6266,7
6267,0
6268,1
6269,2
6270,2
6271,0
6272,3
6273,0
6274,0
6275,0
6276,0
6277,1
6278,1
6279,0
6280,1
6281,2
6282,0
6283,1
6284,2
6285,1
6286,1
6287,0
6288,7
6289,2
6290,0
6291,1
6292,1
6293,0
6294,5
6295,0
6296,1
6297,1
6298,1
6299,0
6300,3
6301,2
6302,2
6303,1
6304,0
6305,2
6306,2
6307,1
6308,1
6309,2
6310,0
6311,0
6312,2
6313,0
6314,1
6315,0
6316,5
6317,2
6318,5
6319,0
6320,0
6321,0
6322,1
6323,4
6324,5
6325,2
6326,1
6327,2
6328,0
6329,0
6330,3
6331,0
6332,3
6333,2
6334,0
6335,1
6336,1
6337,3
6338,7
6339,1
6340,2
6341,1
6342,0
6343,1
6344,2
6345,0
6346,1
6347,1
6348,0
6349,0
6350,0
6351,1
6352,1
6353,1
6354,3
6355,2
6356,0
6357,1
6358,0
6359,1
6360,0
6361,1
6362,0
6363,4
6364,1
6365,2
6366,1
6367,2
6368,1
6369,2
6370,2
6371,0
6372,0
6373,1
6374,1
6375,0
6376,0
6377,1
6378,0
6379,0
6380,2
6381,2
6382,0
6383,0
6384,2
6385,4
6386,3
6387,0
6388,2
6389,0
6390,2
6391,2
6392,2
6393,2
6394,4
6395,2
6396,0
6397,2
6398,1
6399,1
6400,4
6401,0
6402,5
6403,2
6404,0
6405,3
6406,0
6407,4
6408,1
6409,1
6410,1
6411,1
6412,2
6413,2
6414,0
6415,3
6416,0
6417,4
6418,0
6419,0
6420,0
6421,2
6422,0
6423,0
6424,0
6425,4
6426,0
6427,0
6428,1
6429,1
6430,1
6431,1
6432,2
6433,1
6434,0
6435,0
6436,0
6437,2
6438,4
6439,4
6440,0
6441,1
6442,0
6443,0
6444,0
6445,2
6446,0
6447,0
6448,1
6449,0
6450,2
6451,0
6452,2
6453,0
6454,1
6455,3
6456,1
6457,0
6458,0
6459,2
6460,1
6461,0
6462,0
6463,2
6464,1
6465,2
6466,2
6467,1
6468,0
6469,1
6470,1
6471,2
6472,3
6473,0
6474,0
6475,1
6476,0
6477,3
6478,3
6479,0
6480,0
6481,1
6482,2
6483,5
6484,1
6485,0
6486,0
6487,2
6488,2
6489,3
6490,1
6491,1
6492,2
6493,1
6494,5
6495,2
6496,1
6497,1
6498,1
6499,0
6500,1
6501,2
6502,2
6503,1
6504,0
6505,1
6506,1
6507,1
6508,0
6509,2
6510,2
6511,3
6512,0
6513,0
6514,1
6515,4
6516,2
6517,0
6518,5
6519,6
6520,0
6521,0
6522,1
6523,2
6524,0
6525,2
6526,2
6527,0
6528,0
6529,0
6530,0
6531,1
6532,3
6533,1
6534,4
6535,2
6536,1
6537,1
6538,3
6539,2
6540,2
6541,2
6542,0
6543,4
6544,4
6545,0
6546,3
6547,0
6548,2
6549,3
6550,1
6551,0
6552,3
6553,1
6554,0
6555,0
6556,1
6557,0
6558,1
6559,1
6560,1
6561,1
6562,2
6563,1
6564,1
6565,1
6566,3
6567,1
6568,2
6569,2
6570,0
6571,1
6572,0
6573,0
6574,1
6575,0
6576,1
6577,0
6578,2
6579,6
6580,1
6581,1
6582,0
6583,0
6584,2
6585,1
6586,1
6587,3
6588,0
6589,1
6590,4
6591,2
6592,1
6593,0
6594,0
6595,1
6596,0
6597,2
6598,1
6599,1
6600,1
6601,0
6602,2
6603,0
6604,3
6605,2
6606,2
6607,0
6608,4
6609,2
6610,0
6611,1
6612,2
6613,1
6614,2
6615,3
6616,2
6617,0
6618,1
6619,5
6620,1
6621,3
6622,3
6623,0
6624,1
6625,1
6626,0
6627,0
6628,1
6629,2
6630,2
6631,2
6632,2
6633,0
6634,0
6635,5
6636,0
6637,0
6638,0
6639,0
6640,2
6641,1
6642,3
6643,0
6644,1
6645,0
6646,0
6647,4
6648,1
6649,0
6650,1
6651,1
6652,1
6653,4
6654,3
6655,1
6656,1
6657,0
6658,0
6659,0
6660,2
6661,4
6662,3
6663,0
6664,0
6665,2
6666,6
6667,1
6668,1
6669,3
6670,4
6671,2
6672,0
6673,0
6674,1
6675,0
6676,0
6677,0
6678,0
6679,1
6680,2
6681,0
6682,0
6683,1
6684,1
6685,3
6686,1
6687,1
6688,1
6689,2
6690,3
6691,3
6692,0
6693,0
6694,1
6695,0
6696,1
6697,1
6698,2
6699,0
6700,0
6701,2
6702,2
6703,0
6704,0
6705,0
6706,0
6707,2
6708,0
6709,2
6710,1
6711,0
6712,1
6713,0
6714,2
6715,2
6716,1
6717,1
6718,1
6719,0
6720,1
6721,2
6722,2
6723,1
6724,2
6725,1
6726,0
6727,1
6728,0
6729,0
6730,2
6731,0
6732,2
6733,0
6734,0
6735,4
6736,0
6737,0
6738,0
6739,0
6740,0
6741,0
6742,2
6743,0
6744,2
6745,1
6746,2
6747,1
6748,0
6749,2
6750,0
6751,0
6752,3
6753,1
6754,0
6755,0
6756,0
6757,1
6758,1
6759,0
6760,2
6761,2
6762,0
6763,2
6764,5
6765,0
6766,4
6767,2
6768,1
6769,0
6770,1
6771,0
6772,0
6773,0
6774,0
6775,2
6776,2
6777,1
6778,3
6779,2
6780,2
6781,0
6782,1
6783,4
6784,0
6785,0
6786,0
6787,0
6788,5
6789,4
6790,2
6791,0
6792,2
6793,0
6794,2
6795,2
6796,1
6797,0
6798,1
6799,1
6800,0
6801,0
6802,2
6803,1
6804,1
6805,2
6806,1
6807,2
6808,1
6809,0
6810,0
6811,0
6812,1
6813,0
6814,0
6815,1
6816,4
6817,0
6818,3
6819,2
6820,2
6821,0
6822,1
6823,1
6824,0
6825,0
6826,0
6827,2
6828,2
6829,5
6830,0
6831,1
6832,1
6833,0
6834,3
6835,1
6836,1
6837,0
6838,3
6839,1
6840,0
6841,0
6842,0
6843,0
6844,1
6845,0
6846,2
6847,2
6848,0
6849,4
6850,0
6851,4
6852,0
6853,2
6854,3
6855,0
6856,1
6857,0
6858,0
6859,2
6860,0
6861,1
6862,0
6863,2
6864,1
6865,1
6866,2
6867,0
6868,3
6869,0
6870,3
6871,3
6872,0
6873,0
6874,4
6875,2
6876,1
6877,5
6878,0
6879,0
6880,2
6881,2
6882,3
6883,1
6884,2
6885,0
6886,1
6887,0
6888,1
6889,3
6890,0
6891,2
6892,3
6893,0
6894,1
6895,0
6896,2
6897,3
6898,0
6899,2
6900,1
6901,0
6902,1
6903,2
6904,0
6905,3
6906,4
6907,3
6908,3
6909,2
6910,4
6911,1
6912,1
6913,0
6914,0
6915,1
6916,1
6917,3
6918,1
6919,0
6920,0
6921,0
6922,0
6923,1
6924,7
6925,0
6926,1
6927,1
6928,0
6929,3
6930,2
6931,1
6932,1
6933,2
6934,0
6935,0
6936,3
6937,4
6938,5
6939,2
6940,0
6941,1
6942,2
6943,0
6944,0
6945,0
6946,3
6947,1
6948,1
6949,0
6950,2
6951,1
6952,1
6953,0
6954,0
6955,2
6956,2
6957,1
6958,2
6959,3
6960,4
6961,0
6962,5
6963,0
6964,1
6965,1
6966,0
6967,4
6968,2
6969,0
6970,2
6971,0
6972,0
6973,0
6974,2
6975,1
6976,4
6977,3
6978,0
6979,2
6980,3
6981,0
6982,1
6983,3
6984,0
6985,0
6986,0
6987,1
6988,1
6989,0
6990,0
6991,0
6992,0
6993,0
6994,0
6995,0
6996,2
6997,1
6998,1
6999,3
7000,0
7001,3
7002,3
7003,0
7004,1
7005,2
7006,0
7007,3
7008,0
7009,1
7010,0
7011,1
7012,3
7013,1
7014,0
7015,0
7016,2
7017,0
7018,3
7019,0
7020,1
7021,2
7022,2
7023,1
7024,0
7025,0
7026,3
7027,1
7028,0
7029,2
7030,1
7031,4
7032,1
7033,3
7034,2
7035,0
7036,1
7037,0
7038,1
7039,0
7040,2
7041,6
7042,1
7043,1
7044,0
7045,2
7046,2
7047,4
7048,3
7049,0
7050,1
7051,1
7052,3
7053,1
7054,1
7055,1
7056,0
7057,0
7058,2
7059,1
7060,0
7061,0
7062,3
7063,4
7064,0
7065,3
7066,2
7067,2
7068,0
7069,1
7070,2
7071,0
7072,1
7073,1
7074,0
7075,2
7076,1
7077,0
7078,0
7079,1
7080,1
7081,3
7082,0
7083,1
7084,0
7085,0
7086,0
7087,0
7088,1
7089,1
7090,0
7091,2
7092,0
7093,0
7094,1
7095,2
7096,0
7097,1
7098,0
7099,1
7100,1
7101,3
7102,3
7103,0
7104,1
7105,1
7106,0
7107,1
7108,0
7109,2
7110,0
7111,1
7112,0
7113,2
7114,0
7115,2
7116,0
7117,3
7118,0
7119,1
7120,2
7121,0
7122,3
7123,0
7124,0
7125,2
7126,0
7127,3
7128,1
7129,0
7130,0
7131,2
7132,3
7133,0
7134,0
7135,0
7136,0
7137,1
7138,2
7139,1
7140,1
7141,1
7142,0
7143,0
7144,0
7145,0
7146,5
7147,0
7148,0
7149,1
7150,0
7151,1
7152,1
7153,0
7154,2
7155,0
7156,0
7157,0
7158,3
7159,1
7160,4
7161,3
7162,1
7163,1
7164,2
7165,1
7166,0
7167,2
7168,3
7169,1
7170,1
7171,0
7172,3
7173,0
7174,0
7175,0
7176,0
7177,1
7178,0
7179,1
7180,2
7181,1
7182,0
7183,7
7184,0
7185,0
7186,1
7187,0
7188,2
7189,1
7190,2
7191,3
7192,0
7193,0
7194,2
7195,0
7196,2
7197,3
7198,3
7199,0
7200,2
7201,2
7202,0
7203,4
7204,1
7205,1
7206,2
7207,2
7208,0
7209,1
7210,0
7211,4
7212,3
7213,1
7214,0
7215,2
7216,4
7217,0
7218,1
7219,0
7220,3
7221,2
7222,2
7223,1
7224,1
7225,0
7226,3
7227,2
7228,1
7229,2
7230,0
7231,1
7232,3
7233,0
7234,3
7235,1
7236,0
7237,0
7238,0
7239,4
7240,1
7241,1
7242,2
7243,0
7244,1
7245,2
7246,2
7247,0
7248,6
7249,0
7250,1
7251,3
7252,0
7253,0
7254,1
7255,0
7256,0
7257,5
7258,0
7259,0
7260,3
7261,1
7262,0
7263,1
7264,0
7265,0
7266,2
7267,0
7268,3
7269,0
7270,2
7271,2
7272,0
7273,3
7274,0
7275,1
7276,0
7277,1
7278,1
7279,0
7280,0
7281,2
7282,0
7283,2
7284,0
7285,1
7286,2
7287,0
7288,0
7289,2
7290,1
7291,1
7292,0
7293,0
7294,0
7295,2
7296,2
7297,0
7298,4
7299,1
7300,1
7301,2
7302,0
7303,1
7304,2
7305,1
7306,0
7307,1
7308,1
7309,2
7310,2
7311,0
7312,1
7313,0
7314,0
7315,0
7316,0
7317,4
7318,2
7319,3
7320,6
7321,0
7322,2
7323,0
7324,1
7325,3
7326,0
7327,0
7328,1
7329,0
7330,1
7331,1
7332,0
7333,0
7334,1
7335,0
7336,2
7337,0
7338,1
7339,1
7340,1
7341,4
7342,1
7343,1
7344,3
7345,1
7346,0
7347,1
7348,3
7349,0
7350,1
7351,1
7352,1
7353,1
7354,0
7355,0
7356,3
7357,2
7358,2
7359,2
7360,1
7361,2
7362,3
7363,2
7364,0
7365,0
7366,1
7367,1
7368,2
7369,1
7370,1
7371,1
7372,3
7373,2
7374,1
7375,1
7376,0
7377,4
7378,1
7379,0
7380,1
7381,1
7382,1
7383,1
7384,0
7385,3
7386,0
7387,2
7388,0
7389,0
7390,1
7391,4
7392,1
7393,1
7394,2
7395,1
7396,1
7397,0
7398,1
7399,1
7400,2
7401,0
7402,0
7403,2
7404,0
7405,2
7406,2
7407,3
7408,0
7409,1
7410,0
7411,0
7412,2
7413,1
7414,4
7415,5
7416,0
7417,0
7418,1
7419,3
7420,0
7421,2
7422,2
7423,0
7424,0
7425,0
7426,2
7427,0
7428,2
7429,0
7430,1
7431,2
7432,1
7433,2
7434,1
7435,2
7436,2
7437,1
7438,0
7439,1
7440,0
7441,0
7442,5
7443,0
7444,1
7445,1
7446,1
7447,4
7448,0
7449,0
7450,3
7451,1
7452,1
7453,0
7454,1
7455,1
7456,3
7457,0
7458,0
7459,0
7460,0
7461,1
7462,0
7463,2
7464,0
7465,1
7466,2
7467,0
7468,1
7469,3
7470,2
7471,3
7472,0
7473,0
7474,1
7475,0
7476,0
7477,1
7478,1
7479,0
7480,0
7481,2
7482,0
7483,0
7484,0
7485,1
7486,2
7487,3
7488,1
7489,1
7490,3
7491,0
7492,2
7493,0
7494,0
7495,0
7496,1
7497,0
7498,2
7499,0
7500,2
7501,0
7502,1
7503,0
7504,0
7505,3
7506,1
7507,0
7508,2
7509,1
7510,1
7511,0
7512,0
7513,1
7514,0
7515,0
7516,1
7517,0
7518,1
7519,1
7520,1
7521,2
7522,2
7523,0
7524,0
7525,1
7526,1
7527,2
7528,0
7529,3
7530,1
7531,1
7532,1
7533,0
7534,0
7535,5
7536,1
7537,1
7538,0
7539,0
7540,3
7541,2
7542,1
7543,1
7544,0
7545,4
7546,1
7547,3
7548,1
7549,1
7550,1
7551,2
7552,1
7553,0
7554,0
7555,3
7556,2
7557,0
7558,3
7559,0
7560,0
7561,0
7562,2
7563,0
7564,2
7565,0
7566,6
7567,0
7568,1
7569,0
7570,0
7571,0
7572,2
7573,2
7574,1
7575,1
7576,0
7577,1
7578,0
7579,1
7580,0
7581,0
7582,4
7583,1
7584,1
7585,1
7586,1
7587,2
7588,1
7589,2
7590,1
7591,0
7592,1
7593,0
7594,0
7595,0
7596,2
7597,2
7598,3
7599,0
7600,0
7601,1
7602,0
7603,1
7604,0
7605,3
7606,1
7607,2
7608,0
7609,2
7610,0
7611,1
7612,0
7613,1
7614,0
7615,4
7616,0
7617,2
7618,2
7619,1
7620,0
7621,0
7622,3
7623,1
7624,1
7625,0
7626,3
7627,1
7628,1
7629,0
7630,2
7631,0
7632,0
7633,1
7634,0
7635,1
7636,0
7637,0
7638,1
7639,4
7640,1
7641,0
7642,2
7643,1
7644,3
7645,3
7646,0
7647,1
7648,0
7649,0
7650,0
7651,0
7652,1
7653,1
7654,0
7655,1
7656,4
7657,1
7658,2
7659,0
7660,0
7661,3
7662,2
7663,0
7664,1
7665,1
7666,0
7667,1
7668,0
7669,0
7670,0
7671,0
7672,1
7673,4
7674,1
7675,1
7676,0
7677,1
7678,2
7679,2
7680,0
7681,4
7682,1
7683,3
7684,0
7685,1
7686,0
7687,4
7688,1
7689,0
7690,1
7691,0
7692,2
7693,1
7694,0
7695,1
7696,0
7697,2
7698,0
7699,1
7700,0
7701,0
7702,0
7703,2
7704,0
7705,0
7706,1
7707,1
7708,1
7709,5
7710,3
7711,1
7712,0
7713,2
7714,1
7715,2
7716,0
7717,1
7718,1
7719,5
7720,0
7721,0
7722,1
7723,0
7724,1
7725,2
7726,0
7727,2
7728,0
7729,2
7730,2
7731,1
7732,0
7733,3
7734,0
7735,3
7736,3
7737,2
7738,0
7739,1
7740,3
7741,2
7742,2
7743,0
7744,1
7745,0
7746,0
7747,0
7748,3
7749,3
7750,1
7751,1
7752,2
7753,0
7754,0
7755,1
7756,6
7757,0
7758,2
7759,1
7760,1
7761,1
7762,0
7763,0
7764,1
7765,2
7766,2
7767,0
7768,1
7769,2
7770,1
7771,1
7772,0
7773,1
7774,0
7775,2
7776,1
7777,1
7778,0
7779,0
7780,0
7781,0
7782,3
7783,2
7784,2
7785,1
7786,1
7787,1
7788,0
7789,2
7790,0
7791,1
7792,1
7793,0
7794,1
7795,1
7796,3
7797,2
7798,4
7799,1
7800,1
7801,2
7802,1
7803,0
7804,1
7805,1
7806,4
7807,1
7808,1
7809,1
7810,1
7811,1
7812,0
7813,1
7814,0
7815,0
7816,1
7817,2
7818,0
7819,1
7820,0
7821,2
7822,0
7823,0
7824,2
7825,0
7826,1
7827,1
7828,0
7829,1
7830,0
7831,1
7832,0
7833,1
7834,2
7835,1
7836,0
7837,0
7838,2
7839,2
7840,1
7841,0
7842,0
7843,0
7844,1
7845,0
7846,0
7847,0
7848,0
7849,0
7850,0
7851,1
7852,2
7853,0
7854,0
7855,1
7856,1
7857,0
7858,0
7859,1
7860,1
7861,0
7862,0
7863,0
7864,0
7865,0
7866,1
7867,0
7868,3
7869,2
7870,2
7871,0
7872,2
7873,2
7874,0
7875,2
7876,2
7877,1
7878,0
7879,1
7880,2
7881,2
7882,0
7883,2
7884,2
7885,3
7886,0
7887,0
7888,1
7889,2
7890,0
7891,1
7892,0
7893,0
7894,0
7895,1
7896,0
7897,1
7898,1
7899,2
7900,1
7901,0
7902,0
7903,0
7904,0
7905,0
7906,1
7907,0
7908,3
7909,4
7910,2
7911,1
7912,4
7913,2
7914,1
7915,1
7916,1
7917,0
7918,2
7919,2
7920,1
7921,1
7922,0
7923,0
7924,0
7925,1
7926,0
7927,0
7928,3
7929,0
7930,0
7931,3
7932,1
7933,2
7934,1
7935,2
7936,1
7937,0
7938,1
7939,6
7940,0
7941,1
7942,1
7943,0
7944,1
7945,0
7946,0
7947,4
7948,0
7949,2
7950,1
7951,0
7952,1
7953,0
7954,1
7955,1
7956,1
7957,1
7958,2
7959,0
7960,1
7961,1
7962,4
7963,3
7964,3
7965,2
7966,3
7967,1
7968,2
7969,1
7970,2
7971,1
7972,2
7973,1
7974,1
7975,1
7976,0
7977,1
7978,2
7979,0
7980,1
7981,0
7982,0
7983,2
7984,1
7985,0
7986,1
7987,0
7988,1
7989,0
7990,1
7991,0
7992,0
7993,2
7994,2
7995,0
7996,2
7997,0
7998,1
7999,1
8000,0
8001,0
8002,1
8003,2
8004,2
8005,4
8006,2
8007,0
8008,1
8009,0
8010,3
8011,0
8012,7
8013,0
8014,1
8015,2
8016,2
8017,0
8018,1
8019,0
8020,3
8021,1
8022,2
8023,1
8024,0
8025,3
8026,1
8027,2
8028,0
8029,1
8030,1
8031,1
8032,0
8033,1
8034,0
8035,1
8036,1
8037,0
8038,0
8039,0
8040,1
8041,3
8042,1
8043,1
8044,2
8045,2
8046,0
8047,1
8048,1
8049,0
8050,0
8051,2
8052,1
8053,0
8054,0
8055,1
8056,0
8057,2
8058,1
8059,3
8060,3
8061,1
8062,0
8063,0
8064,3
8065,4
8066,0
8067,1
8068,0
8069,0
8070,3
8071,1
8072,0
8073,3
8074,1
8075,0
8076,1
8077,1
8078,0
8079,1
8080,0
8081,4
8082,1
8083,0
8084,2
8085,4
8086,2
8087,1
8088,2
8089,1
8090,1
8091,2
8092,0
8093,1
8094,1
8095,1
8096,2
8097,1
8098,0
8099,2
8100,0
8101,0
8102,0
8103,0
8104,0
8105,0
8106,1
8107,2
8108,0
8109,0
8110,3
8111,0
8112,0
8113,0
8114,2
8115,1
8116,0
8117,0
8118,2
8119,2
8120,0
8121,3
8122,2
8123,2
8124,2
8125,1
8126,4
8127,1
8128,0
8129,0
8130,0
8131,2
8132,0
8133,1
8134,0
8135,1
8136,0
8137,2
8138,0
8139,2
8140,2
8141,0
8142,1
8143,4
8144,2
8145,0
8146,1
8147,0
8148,0
8149,2
8150,2
8151,0
8152,2
8153,3
8154,3
8155,2
8156,1
8157,3
8158,1
8159,0
8160,0
8161,2
8162,1
8163,1
8164,1
8165,0
8166,1
8167,0
8168,2
8169,0
8170,6
8171,2
8172,0
8173,1
8174,1
8175,0
8176,2
8177,2
8178,1
8179,4
8180,1
8181,0
8182,1
8183,0
8184,1
8185,3
8186,0
8187,1
8188,0
8189,1
8190,2
8191,1
8192,2
8193,1
8194,0
8195,3
8196,3
8197,0
8198,1
8199,4
8200,0
8201,0
8202,2
8203,0
8204,3
8205,4
8206,0
8207,1
8208,0
8209,1
8210,1
8211,0
8212,2
8213,0
8214,1
8215,1
8216,1
8217,0
8218,0
8219,0
8220,3
8221,2
8222,1
8223,1
8224,1
8225,0
8226,1
8227,0
8228,2
8229,2
8230,0
8231,2
8232,2
8233,2
8234,1
8235,0
8236,1
8237,0
8238,1
8239,1
8240,2
8241,0
8242,3
8243,0
8244,0
8245,0
8246,2
8247,2
8248,0
8249,0
8250,4
8251,1
8252,0
8253,0
8254,0
8255,2
8256,1
8257,0
8258,0
8259,2
8260,0
8261,2
8262,1
8263,0
8264,1
8265,0
8266,1
8267,0
8268,1
8269,3
8270,0
8271,2
8272,0
8273,0
8274,0
8275,2
8276,2
8277,1
8278,1
8279,2
8280,1
8281,3
8282,2
8283,4
8284,0
8285,1
8286,2
8287,0
8288,1
8289,0
8290,1
8291,1
8292,2
8293,3
8294,3
8295,1
8296,0
8297,0
8298,2
8299,0
8300,0
8301,1
8302,1
8303,0
8304,3
8305,0
8306,1
8307,0
8308,2
8309,1
8310,1
8311,2
8312,0
8313,0
8314,0
8315,2
8316,1
8317,0
8318,3
8319,0
8320,0
8321,4
8322,0
8323,0
8324,2
8325,0
8326,3
8327,0
8328,1
8329,3
8330,0
8331,2
8332,0
8333,0
8334,0
8335,0
8336,0
8337,1
8338,2
8339,0
8340,0
8341,5
8342,3
8343,1
8344,2
8345,2
8346,2
8347,2
8348,3
8349,1
8350,1
8351,1
8352,0
8353,1
8354,2
8355,0
8356,3
8357,3
8358,1
8359,1
8360,0
8361,2
8362,2
8363,2
8364,1
8365,2
8366,1
8367,1
8368,1
8369,0
8370,1
8371,2
8372,2
8373,2
8374,0
8375,3
8376,3
8377,0
8378,1
8379,1
8380,0
8381,1
8382,0
8383,0
8384,1
8385,0
8386,3
8387,1
8388,2
8389,0
8390,0
8391,1
8392,0
8393,2
8394,3
8395,0
8396,2
8397,1
8398,5
8399,1
8400,3
8401,1
8402,0
8403,0
8404,1
8405,1
8406,0
8407,0
8408,0
8409,1
8410,1
8411,5
8412,0
8413,0
8414,0
8415,3
8416,0
8417,1
8418,2
8419,1
8420,0
8421,3
8422,1
8423,2
8424,1
8425,0
8426,0
8427,0
8428,2
8429,0
8430,1
8431,0
8432,1
8433,0
8434,2
8435,2
8436,1
8437,0
8438,2
8439,2
8440,1
8441,1
8442,0
8443,1
8444,4
8445,1
8446,3
8447,0
8448,0
8449,1
8450,5
8451,0
8452,2
8453,0
8454,3
8455,2
8456,1
8457,1
8458,4
8459,0
8460,1
8461,2
8462,1
8463,1
8464,0
8465,4
8466,0
8467,2
8468,0
8469,2
8470,0
8471,1
8472,1
8473,1
8474,3
8475,3
8476,0
8477,3
8478,0
8479,2
8480,5
8481,3
8482,0
8483,2
8484,0
8485,1
8486,3
8487,0
8488,1
8489,1
8490,2
8491,2
8492,2
8493,0
8494,0
8495,6
8496,1
8497,3
8498,1
8499,1
8500,1
8501,2
8502,3
8503,0
8504,0
8505,1
8506,2
8507,0
8508,0
8509,1
8510,1
8511,1
8512,0
8513,0
8514,0
8515,2
8516,1
8517,1
8518,0
8519,2
8520,0
8521,0
8522,0
8523,1
8524,3
8525,0
8526,3
8527,0
8528,1
8529,1
8530,2
8531,3
8532,0
8533,1
8534,1
8535,3
8536,0
8537,4
8538,1
8539,0
8540,2
8541,0
8542,0
8543,0
8544,1
8545,0
8546,1
8547,0
8548,1
8549,1
8550,2
8551,2
8552,0
8553,1
8554,1
8555,0
8556,1
8557,1
8558,1
8559,0
8560,3
8561,1
8562,0
8563,0
8564,1
8565,0
8566,2
8567,0
8568,4
8569,0
8570,0
8571,0
8572,1
8573,0
8574,2
8575,3
8576,2
8577,1
8578,2
8579,1
8580,1
8581,1
8582,1
8583,4
8584,0
8585,2
8586,1
8587,1
8588,1
8589,2
8590,1
8591,0
8592,0
8593,1
8594,0
8595,1
8596,1
8597,0
8598,2
8599,0
8600,2
8601,1
8602,1
8603,3
8604,0
8605,0
8606,1
8607,0
8608,1
8609,2
8610,2
8611,0
8612,2
8613,0
8614,1
8615,1
8616,2
8617,1
8618,2
8619,1
8620,1
8621,1
8622,1
8623,1
8624,3
8625,3
8626,0
8627,0
8628,2
8629,3
8630,1
8631,1
8632,4
8633,1
8634,3
8635,0
8636,0
8637,0
8638,1
8639,2
8640,3
8641,1
8642,0
8643,0
8644,1
8645,0
8646,1
8647,0
8648,2
8649,1
8650,0
8651,0
8652,0
8653,2
8654,0
8655,0
8656,1
8657,2
8658,1
8659,0
8660,1
8661,2
8662,0
8663,2
8664,0
8665,0
8666,5
8667,4
8668,0
8669,2
8670,0
8671,0
8672,0
8673,0
8674,2
8675,2
8676,1
8677,0
8678,2
8679,0
8680,0
8681,0
8682,0
8683,0
8684,0
8685,4
8686,1
8687,4
8688,3
8689,2
8690,0
8691,0
8692,3
8693,2
8694,1
8695,0
8696,1
8697,2
8698,1
8699,0
8700,1
8701,4
8702,1
8703,1
8704,1
8705,2
8706,2
8707,1
8708,1
8709,0
8710,0
8711,2
8712,1
8713,0
8714,0
8715,0
8716,0
8717,2
8718,1
8719,0
8720,2
8721,1
8722,0
8723,1
8724,1
8725,1
8726,1
8727,3
8728,1
8729,0
8730,0
8731,0
8732,1
8733,1
8734,0
8735,2
8736,3
8737,3
8738,0
8739,2
8740,4
8741,0
8742,1
8743,2
8744,1
8745,1
8746,0
8747,1
8748,2
8749,2
8750,0
8751,0
8752,1
8753,1
8754,1
8755,0
8756,3
8757,2
8758,1
8759,0
8760,2
8761,1
8762,0
8763,0
8764,0
8765,0
8766,1
8767,2
8768,1
8769,1
8770,2
8771,2
8772,1
8773,0
8774,0
8775,1
8776,1
8777,3
8778,0
8779,0
8780,1
8781,2
8782,1
8783,1
8784,0
8785,0
8786,2
8787,2
8788,3
8789,0
8790,1
8791,1
8792,2
8793,0
8794,0
8795,3
8796,2
8797,0
8798,2
8799,0
8800,1
8801,0
8802,0
8803,5
8804,2
8805,2
8806,1
8807,1
8808,1
8809,0
8810,3
8811,2
8812,2
8813,2
8814,0
8815,0
8816,0
8817,2
8818,0
8819,1
8820,2
8821,3
8822,1
8823,2
8824,2
8825,1
8826,1
8827,1
8828,0
8829,0
8830,1
8831,2
8832,2
8833,1
8834,0
8835,0
8836,1
8837,0
8838,0
8839,0
8840,2
8841,1
8842,1
8843,1
8844,3
8845,2
8846,0
8847,3
8848,0
8849,3
8850,0
8851,1
8852,1
8853,1
8854,2
8855,2
8856,1
8857,1
8858,1
8859,0
8860,4
8861,1
8862,2
8863,0
8864,0
8865,0
8866,1
8867,1
8868,2
8869,1
8870,0
8871,0
8872,2
8873,4
8874,0
8875,1
8876,1
8877,0
8878,0
8879,1
8880,0
8881,1
8882,0
8883,1
8884,1
8885,2
8886,1
8887,1
8888,1
8889,2
8890,0
8891,0
8892,1
8893,0
8894,2
8895,1
8896,0
8897,4
8898,2
8899,2
8900,1
8901,1
8902,0
8903,1
8904,0
8905,1
8906,1
8907,2
8908,2
8909,2
8910,2
8911,1
8912,2
8913,1
8914,2
8915,6
8916,3
8917,1
8918,3
8919,1
8920,2
8921,0
8922,0
8923,0
8924,1
8925,1
8926,3
8927,4
8928,2
8929,0
8930,0
8931,0
8932,0
8933,3
8934,3
8935,3
8936,1
8937,1
8938,0
8939,1
8940,3
8941,3
8942,1
8943,0
8944,0
8945,0
8946,3
8947,1
8948,0
8949,0
8950,2
8951,2
8952,0
8953,2
8954,1
8955,1
8956,1
8957,0
8958,1
8959,2
8960,0
8961,3
8962,3
8963,1
8964,2
8965,2
8966,0
8967,0
8968,0
8969,1
8970,1
8971,0
8972,0
8973,0
8974,2
8975,1
8976,0
8977,2
8978,0
8979,0
8980,1
8981,1
8982,0
8983,1
8984,1
8985,1
8986,0
8987,0
8988,0
8989,1
8990,0
8991,0
8992,1
8993,0
8994,4
8995,0
8996,1
8997,1
8998,1
8999,0
9000,3
9001,0
9002,1
9003,3
9004,1
9005,1
9006,1
9007,1
9008,1
9009,0
9010,1
9011,2
9012,0
9013,1
9014,0
9015,0
9016,1
9017,0
9018,0
9019,3
9020,2
9021,1
9022,1
9023,3
9024,0
9025,1
9026,1
9027,2
9028,1
9029,1
9030,0
9031,1
9032,2
9033,1
9034,0
9035,2
9036,1
9037,1
9038,3
9039,1
9040,1
9041,0
9042,1
9043,2
9044,1
9045,1
9046,0
9047,2
9048,0
9049,0
9050,3
9051,0
9052,0
9053,0
9054,1
9055,0
9056,3
9057,0
9058,1
9059,3
9060,0
9061,2
9062,0
9063,0
9064,1
9065,0
9066,0
9067,0
9068,1
9069,0
9070,0
9071,2
9072,0
9073,1
9074,1
9075,3
9076,2
9077,0
9078,1
9079,2
9080,3
9081,2
9082,0
9083,1
9084,0
9085,2
9086,0
9087,1
9088,3
9089,2
9090,0
9091,0
9092,0
9093,2
9094,0
9095,2
9096,0
9097,2
9098,1
9099,3
9100,1
9101,1
9102,2
9103,0
9104,2
9105,3
9106,1
9107,1
9108,2
9109,1
9110,3
9111,1
9112,2
9113,0
9114,0
9115,0
9116,0
9117,0
9118,1
9119,0
9120,0
9121,0
9122,1
9123,2
9124,1
9125,0
9126,2
9127,1
9128,0
9129,0
9130,0
9131,0
9132,1
9133,1
9134,1
9135,0
9136,2
9137,1
9138,1
9139,0
9140,0
9141,2
9142,1
9143,0
9144,2
9145,0
9146,0
9147,1
9148,1
9149,1
9150,1
9151,0
9152,1
9153,2
9154,1
9155,1
9156,3
9157,2
9158,1
9159,1
9160,3
9161,1
9162,1
9163,0
9164,2
9165,1
9166,0
9167,2
9168,2
9169,0
9170,2
9171,2
9172,2
9173,1
9174,0
9175,0
9176,1
9177,0
9178,1
9179,1
9180,2
9181,1
9182,1
9183,1
9184,0
9185,2
9186,0
9187,2
9188,2
9189,3
9190,1
9191,1
9192,2
9193,1
9194,1
9195,0
9196,0
9197,1
9198,2
9199,1
9200,3
9201,1
9202,0
9203,3
9204,5
9205,0
9206,0
9207,0
9208,2
9209,0
9210,0
9211,0
9212,1
9213,2
9214,1
9215,1
9216,3
9217,1
9218,2
9219,1
9220,2
9221,2
9222,0
9223,1
9224,2
9225,2
9226,0
9227,1
9228,2
9229,1
9230,1
9231,0
9232,1
9233,0
9234,1
9235,2
9236,1
9237,1
9238,2
9239,3
9240,2
9241,6
9242,4
9243,0
9244,0
9245,0
9246,1
9247,1
9248,0
9249,0
9250,1
9251,0
9252,1
9253,3
9254,2
9255,2
9256,0
9257,1
9258,1
9259,1
9260,1
9261,1
9262,0
9263,1
9264,0
9265,1
9266,1
9267,0
9268,0
9269,2
9270,0
9271,1
9272,2
9273,0
9274,3
9275,1
9276,0
9277,1
9278,0
9279,0
9280,1
9281,4
9282,0
9283,0
9284,0
9285,1
9286,0
9287,0
9288,1
9289,0
9290,0
9291,0
9292,0
9293,0
9294,1
9295,3
9296,0
9297,0
9298,1
9299,3
9300,1
9301,2
9302,1
9303,1
9304,0
9305,1
9306,1
9307,1
9308,0
9309,0
9310,0
9311,1
9312,0
9313,3
9314,1
9315,1
9316,1
9317,3
9318,1
9319,2
9320,0
9321,1
9322,0
9323,0
9324,3
9325,1
9326,0
9327,1
9328,1
9329,0
9330,0
9331,0
9332,2
9333,1
9334,1
9335,2
9336,0
9337,2
9338,2
9339,0
9340,2
9341,3
9342,1
9343,0
9344,0
9345,1
9346,0
9347,0
9348,0
9349,1
9350,1
9351,1
9352,2
9353,0
9354,0
9355,2
9356,1
9357,2
9358,2
9359,0
9360,2
9361,0
9362,1
9363,1
9364,3
9365,1
9366,0
9367,1
9368,0
9369,0
9370,0
9371,2
9372,0
9373,0
9374,1
9375,1
9376,1
9377,1
9378,2
9379,1
9380,2
9381,1
9382,4
9383,2
9384,1
9385,1
9386,1
9387,0
9388,1
9389,0
9390,1
9391,0
9392,0
9393,1
9394,1
9395,0
9396,0
9397,1
9398,1
9399,1
9400,1
9401,1
9402,2
9403,0
9404,3
9405,0
9406,0
9407,2
9408,0
9409,1
9410,0
9411,2
9412,0
9413,2
9414,1
9415,0
9416,0
9417,0
9418,1
9419,1
9420,2
9421,1
9422,3
9423,2
9424,0
9425,0
9426,1
9427,1
9428,0
9429,0
9430,0
9431,1
9432,0
9433,0
9434,1
9435,1
9436,0
9437,1
9438,0
9439,3
9440,1
9441,1
9442,0
9443,0
9444,0
9445,1
9446,1
9447,5
9448,4
9449,0
9450,2
9451,0
9452,0
9453,1
9454,0
9455,0
9456,0
9457,0
9458,2
9459,0
9460,2
9461,1
9462,0
9463,0
9464,1
9465,2
9466,0
9467,2
9468,1
9469,1
9470,2
9471,1
9472,0
9473,1
9474,4
9475,0
9476,1
9477,2
9478,1
9479,1
9480,2
9481,0
9482,1
9483,1
9484,0
9485,2
9486,0
9487,1
9488,0
9489,3
9490,1
9491,0
9492,2
9493,1
9494,0
9495,2
9496,2
9497,1
9498,1
9499,2
9500,0
9501,0
9502,4
9503,1
9504,1
9505,4
9506,1
9507,1
9508,0
9509,0
9510,1
9511,2
9512,1
9513,0
9514,1
9515,0
9516,1
9517,1
9518,0
9519,3
9520,4
9521,0
9522,0
9523,2
9524,3
9525,1
9526,0
9527,0
9528,0
9529,1
9530,1
9531,1
9532,0
9533,1
9534,0
9535,0
9536,3
9537,2
9538,1
9539,1
9540,2
9541,1
9542,1
9543,0
9544,1
9545,0
9546,1
9547,2
9548,0
9549,1
9550,0
9551,2
9552,2
9553,0
9554,2
9555,0
9556,2
9557,0
9558,2
9559,1
9560,4
9561,1
9562,1
9563,0
9564,1
9565,2
9566,0
9567,1
9568,1
9569,0
9570,1
9571,1
9572,2
9573,1
9574,1
9575,0
9576,2
9577,1
9578,1
9579,0
9580,1
9581,2
9582,1
9583,0
9584,1
9585,0
9586,1
9587,0
9588,1
9589,2
9590,2
9591,2
9592,1
9593,0
9594,0
9595,1
9596,2
9597,0
9598,2
9599,0
9600,0
9601,0
9602,1
9603,0
9604,0
9605,0
9606,3
9607,1
9608,2
9609,1
9610,0
9611,0
9612,4
9613,3
9614,1
9615,1
9616,1
9617,0
9618,1
9619,0
9620,0
9621,2
9622,1
9623,1
9624,4
9625,2
9626,2
9627,1
9628,0
9629,1
9630,1
9631,3
9632,1
9633,2
9634,2
9635,0
9636,2
9637,1
9638,2
9639,1
9640,0
9641,0
9642,1
9643,2
9644,3
9645,1
9646,1
9647,0
9648,0
9649,1
9650,0
9651,0
9652,1
9653,2
9654,0
9655,1
9656,2
9657,3
9658,1
9659,0
9660,1
9661,1
9662,2
9663,0
9664,2
9665,3
9666,1
9667,0
9668,0
9669,2
9670,0
9671,3
9672,0
9673,1
9674,1
9675,1
9676,2
9677,2
9678,1
9679,1
9680,0
9681,1
9682,2
9683,0
9684,1
9685,0
9686,3
9687,5
9688,0
9689,1
9690,0
9691,0
9692,1
9693,1
9694,0
9695,1
9696,1
9697,0
9698,2
9699,1
9700,4
9701,0
9702,2
9703,3
9704,2
9705,0
9706,1
9707,2
9708,1
9709,2
9710,0
9711,0
9712,0
9713,0
9714,1
9715,1
9716,3
9717,0
9718,0
9719,1
9720,1
9721,1
9722,1
9723,1
9724,2
9725,1
9726,1
9727,0
9728,0
9729,1
9730,2
9731,1
9732,1
9733,1
9734,1
9735,1
9736,0
9737,0
9738,1
9739,2
9740,1
9741,2
9742,1
9743,0
9744,1
9745,1
9746,1
9747,2
9748,3
9749,0
9750,2
9751,0
9752,0
9753,2
9754,1
9755,0
9756,0
9757,0
9758,0
9759,1
9760,0
9761,0
9762,2
9763,0
9764,0
9765,0
9766,2
9767,1
9768,2
9769,0
9770,1
9771,0
9772,1
9773,3
9774,2
9775,0
9776,0
9777,3
9778,1
9779,1
9780,0
9781,1
9782,2
9783,1
9784,0
9785,2
9786,1
9787,3
9788,1
9789,2
9790,1
9791,1
9792,1
9793,1
9794,1
9795,1
9796,0
9797,1
9798,2
9799,0
9800,0
9801,3
9802,1
9803,1
9804,3
9805,0
9806,3
9807,1
9808,1
9809,2
9810,3
9811,0
9812,3
9813,1
9814,0
9815,1
9816,0
9817,1
9818,1
9819,2
9820,0
9821,0
9822,3
9823,0
9824,2
9825,0
9826,0
9827,3
9828,0
9829,3
9830,0
9831,0
9832,2
9833,4
9834,0
9835,1
9836,0
9837,0
9838,1
9839,1
9840,3
9841,1
9842,0
9843,2
9844,2
9845,1
9846,1
9847,1
9848,2
9849,0
9850,1
9851,1
9852,1
9853,0
9854,0
9855,0
9856,1
9857,0
9858,1
9859,0
9860,2
9861,0
9862,2
9863,0
9864,0
9865,0
9866,2
9867,1
9868,1
9869,0
9870,0
9871,1
9872,0
9873,1
9874,0
9875,1
9876,1
9877,2
9878,0
9879,2
9880,3
9881,2
9882,2
9883,2
9884,2
9885,1
9886,4
9887,3
9888,0
9889,1
9890,3
9891,1
9892,2
9893,1
9894,1
9895,0
9896,2
9897,0
9898,1
9899,1
9900,1
9901,2
9902,0
9903,1
9904,0
9905,2
9906,0
9907,0
9908,2
9909,3
9910,1
9911,1
9912,1
9913,0
9914,0
9915,1
9916,3
9917,1
9918,0
9919,1
9920,2
9921,1
9922,2
9923,0
9924,0
9925,3
9926,1
9927,0
9928,1
9929,1
9930,1
9931,2
9932,1
9933,0
9934,0
9935,3
9936,1
9937,0
9938,0
9939,0
9940,1
9941,2
9942,0
9943,1
9944,0
9945,2
9946,1
9947,0
9948,1
9949,1
9950,2
9951,3
9952,1
9953,2
9954,3
9955,2
9956,0
9957,0
9958,1
9959,2
9960,1
9961,0
9962,1
9963,0
9964,2
9965,3
9966,3
9967,2
9968,0
9969,1
9970,2
9971,0
9972,0
9973,2
9974,0
9975,0
9976,1
9977,0
9978,0
9979,0
9980,1
9981,1
9982,2
9983,2
9984,1
9985,0
9986,0
9987,1
9988,1
9989,1
9990,1
9991,1
9992,0
9993,0
9994,1
9995,0
9996,1
9997,0
9998,0
9999,0
