0,85
1,114
2,167
3,56
4,33
5,72
6,7
7,30
8,160
9,0
10,4
11,113
12,27
13,0
14,0
15,0
16,0
17,5
18,12
19,72
20,33
21,105
22,26
23,25
24,10
25,16
26,0
27,0
28,7
29,96
30,0
31,75
32,0
33,0
34,7
35,0
36,29
37,37
38,2
39,0
40,0
41,14
42,0
43,15
44,7
45,4
46,0
47,16
48,0
49,12
50,19
51,0
52,5
53,34
54,5
55,26
56,28
57,2
58,10
59,0
60,50
61,0
62,1
63,0
64,41
65,27
66,0
67,0
68,0
69,0
70,1
71,0
72,0
73,0
74,20
75,0
76,12
77,32
78,4
79,0
80,8
81,0
82,0
83,2
84,6
85,0
86,5
87,21
88,2
89,0
90,15
91,5
92,0
93,13
94,0
95,9
96,0
97,3
98,63
99,18
100,0
101,42
102,4
103,0
104,17
105,0
106,0
107,14
108,27
109,0
110,13
111,16
112,4
113,13
114,0
115,0
116,0
117,3
118,8
119,25
120,18
121,4
122,18
123,0
124,19
125,0
126,33
127,0
128,0
129,9
130,0
131,2
132,5
133,0
134,16
135,16
136,67
137,38
138,20
139,17
140,25
141,0
142,5
143,0
144,0
145,4
146,7
147,0
148,21
149,0
150,0
151,19
152,0
153,0
154,4
155,38
156,14
157,6
158,0
159,0
160,4
161,10
162,7
163,0
164,2
165,4
166,10
167,17
168,0
169,24
170,13
171,6
172,10
173,0
174,17
175,0
176,30
177,12
178,4
179,18
180,0
181,1
182,10
183,12
184,44
185,0
186,29
187,12
188,7
189,48
190,10
191,29
192,4
193,11
194,3
195,5
196,7
197,6
198,17
199,23
200,4
201,6
202,0
203,15
204,3
205,1
206,3
207,3
208,0
209,0
210,6
211,0
212,9
213,27
214,2
215,0
216,8
217,7
218,1
219,6
220,0
221,0
222,2
223,2
224,9
225,0
226,2
227,0
228,0
229,9
230,6
231,13
232,8
233,17
234,0
235,6
236,14
237,8
238,12
239,0
240,3
241,25
242,7
243,0
244,8
245,28
246,21
247,9
248,4
249,0
250,1
251,0
252,13
253,2
254,0
255,0
256,18
257,1
258,7
259,24
260,0
261,0
262,0
263,0
264,0
265,0
266,4
267,0
268,18
269,0
270,9
271,1
272,1
273,9
274,10
275,1
276,10
277,1
278,0
279,13
280,8
281,10
282,8
283,38
284,2
285,7
286,24
287,13
288,30
289,0
290,10
291,2
292,10
293,11
294,0
295,0
296,3
297,1
298,37
299,1
300,2
301,2
302,0
303,8
304,8
305,0
306,6
307,5
308,2
309,1
310,12
311,0
312,0
313,22
314,13
315,12
316,0
317,3
318,2
319,0
320,0
321,8
322,6
323,3
324,1
325,12
326,0
327,0
328,24
329,0
330,6
331,4
332,0
333,0
334,0
335,0
336,0
337,8
338,4
339,1
340,2
341,18
342,8
343,0
344,4
345,0
346,12
347,0
348,2
349,12
350,3
351,19
352,0
353,14
354,10
355,10
356,4
357,0
358,0
359,0
360,2
361,0
362,1
363,2
364,5
365,4
366,6
367,0
368,0
369,0
370,5
371,5
372,2
373,3
374,3
375,6
376,0
377,4
378,11
379,14
380,1
381,9
382,18
383,3
384,4
385,0
386,0
387,4
388,0
389,0
390,12
391,9
392,6
393,28
394,6
395,9
396,0
397,13
398,0
399,0
400,7
401,0
402,0
403,0
404,0
405,5
406,5
407,0
408,0
409,0
410,5
411,7
412,0
413,0
414,30
415,3
416,8
417,3
418,0
419,16
420,48
421,3
422,0
423,8
424,11
425,0
426,22
427,0
428,0
429,0
430,0
431,0
432,8
433,0
434,4
435,5
436,2
437,0
438,3
439,0
440,24
441,0
442,4
443,2
444,1
445,3
446,0
447,3
448,0
449,2
450,8
451,10
452,0
453,0
454,2
455,0
456,3
457,0
458,0
459,3
460,2
461,3
462,0
463,0
464,10
465,1
466,9
467,3
468,5
469,5
470,2
471,2
472,13
473,3
474,0
475,3
476,5
477,2
478,6
479,6
480,0
481,0
482,6
483,2
484,7
485,15
486,2
487,8
488,0
489,25
490,7
491,7
492,3
493,7
494,11
495,0
496,2
497,2
498,20
499,0
500,3
501,7
502,3
503,0
504,1
505,0
506,0
507,0
508,15
509,3
510,6
511,0
512,4
513,7
514,0
515,0
516,3
517,4
518,1
519,2
520,5
521,0
522,1
523,0
524,0
525,7
526,1
527,0
528,8
529,0
530,1
531,3
532,2
533,6
534,9
535,2
536,0
537,1
538,10
539,2
540,4
541,25
542,0
543,11
544,0
545,1
546,0
547,0
548,9
549,1
550,16
551,3
552,0
553,7
554,15
555,0
556,2
557,0
558,21
559,3
560,6
561,1
562,0
563,2
564,0
565,1
566,5
567,0
568,1
569,1
570,6
571,5
572,12
573,5
574,0
575,0
576,10
577,0
578,0
579,3
580,6
581,0
582,0
583,19
584,4
585,9
586,1
587,0
588,0
589,0
590,0
591,0
592,0
593,4
594,0
595,0
596,14
597,0
598,5
599,7
600,5
601,3
602,5
603,1
604,1
605,6
606,4
607,0
608,0
609,0
610,2
611,0
612,8
613,0
614,11
615,19
616,13
617,0
618,3
619,11
620,0
621,8
622,0
623,0
624,0
625,3
626,0
627,11
628,0
629,17
630,10
631,1
632,15
633,6
634,17
635,0
636,5
637,3
638,0
639,3
640,25
641,3
642,1
643,1
644,0
645,3
646,0
647,3
648,1
649,2
650,4
651,4
652,5
653,0
654,0
655,0
656,1
657,0
658,6
659,1
660,15
661,8
662,0
663,6
664,0
665,0
666,7
667,5
668,1
669,0
670,3
671,4
672,0
673,5
674,0
675,5
676,3
677,5
678,0
679,0
680,4
681,4
682,0
683,3
684,0
685,0
686,0
687,2
688,1
689,9
690,0
691,5
692,0
693,0
694,0
695,2
696,1
697,4
698,4
699,4
700,1
701,5
702,0
703,0
704,8
705,3
706,3
707,0
708,0
709,13
710,0
711,12
712,8
713,0
714,5
715,12
716,11
717,13
718,4
719,2
720,0
721,0
722,0
723,5
724,0
725,7
726,0
727,10
728,5
729,1
730,0
731,4
732,0
733,2
734,5
735,4
736,4
737,9
738,5
739,0
740,5
741,3
742,2
743,0
744,4
745,1
746,4
747,0
748,7
749,1
750,0
751,7
752,20
753,0
754,1
755,11
756,4
757,9
758,2
759,0
760,0
761,5
762,0
763,2
764,5
765,0
766,0
767,0
768,0
769,2
770,2
771,3
772,0
773,0
774,0
775,4
776,0
777,7
778,2
779,7
780,2
781,0
782,0
783,1
784,0
785,2
786,0
787,0
788,0
789,0
790,8
791,0
792,0
793,0
794,5
795,2
796,0
797,0
798,1
799,5
800,11
801,0
802,0
803,3
804,0
805,0
806,1
807,8
808,10
809,1
810,2
811,5
812,0
813,11
814,7
815,0
816,0
817,4
818,0
819,3
820,0
821,7
822,0
823,4
824,8
825,1
826,15
827,14
828,10
829,1
830,0
831,8
832,1
833,3
834,0
835,10
836,0
837,4
838,0
839,0
840,0
841,0
842,3
843,1
844,0
845,0
846,15
847,6
848,0
849,0
850,14
851,3
852,3
853,13
854,41
855,3
856,0
857,0
858,0
859,5
860,7
861,1
862,0
863,0
864,2
865,8
866,10
867,2
868,7
869,9
870,2
871,1
872,16
873,0
874,0
875,3
876,0
877,0
878,0
879,0
880,4
881,15
882,1
883,6
884,0
885,0
886,0
887,0
888,0
889,0
890,2
891,0
892,8
893,7
894,8
895,5
896,0
897,2
898,0
899,2
900,1
901,4
902,3
903,7
904,2
905,10
906,5
907,1
908,2
909,3
910,0
911,0
912,0
913,0
914,3
915,4
916,0
917,3
918,2
919,3
920,11
921,0
922,0
923,5
924,0
925,4
926,3
927,1
928,15
929,1
930,4
931,1
932,0
933,9
934,12
935,2
936,5
937,1
938,1
939,3
940,0
941,1
942,6
943,11
944,1
945,3
946,9
947,3
948,12
949,16
950,7
951,4
952,0
953,1
954,0
955,1
956,2
957,9
958,2
959,0
960,4
961,0
962,5
963,0
964,4
965,3
966,3
967,2
968,1
969,2
970,17
971,6
972,3
973,9
974,2
975,11
976,1
977,3
978,0
979,0
980,6
981,1
982,0
983,3
984,12
985,18
986,2
987,1
988,2
989,11
990,5
991,6
992,1
993,0
994,0
995,1
996,0
997,5
998,1
999,2
1000,8
1001,6
1002,0
1003,0
1004,0
1005,0
1006,0
1007,8
1008,5
1009,1
1010,4
1011,5
1012,7
1013,1
1014,10
1015,4
1016,1
1017,1
1018,0
1019,0
1020,2
1021,1
1022,7
1023,3
1024,22
1025,22
1026,0
1027,5
1028,2
1029,0
1030,0
1031,3
1032,0
1033,3
1034,6
1035,0
1036,0
1037,0
1038,0
1039,1
1040,1
1041,0
1042,0
1043,0
1044,4
1045,5
1046,0
1047,13
1048,1
1049,5
1050,0
1051,5
1052,6
1053,0
1054,2
1055,2
1056,6
1057,20
1058,3
1059,0
1060,9
1061,3
1062,0
1063,8
1064,5
1065,14
1066,0
1067,2
1068,9
1069,7
1070,0
1071,0
1072,0
1073,2
1074,4
1075,0
1076,4
1077,0
1078,0
1079,10
1080,2
1081,1
1082,0
1083,0
1084,0
1085,3
1086,1
1087,0
1088,2
1089,0
1090,0
1091,9
1092,1
1093,5
1094,0
1095,0
1096,5
1097,0
1098,0
1099,0
1100,7
1101,0
1102,0
1103,0
1104,1
1105,1
1106,0
1107,3
1108,0
1109,1
1110,0
1111,6
1112,1
1113,0
1114,8
1115,1
1116,0
1117,0
1118,0
1119,2
1120,9
1121,0
1122,4
1123,2
1124,3
1125,10
1126,7
1127,5
1128,0
1129,0
1130,0
1131,0
1132,3
1133,9
1134,7
1135,0
1136,0
1137,1
1138,6
1139,11
1140,3
1141,2
1142,9
1143,3
1144,3
1145,3
1146,1
1147,5
1148,6
1149,2
1150,0
1151,6
1152,0
1153,3
1154,1
1155,4
1156,1
1157,0
1158,2
1159,0
1160,0
1161,9
1162,7
1163,1
1164,0
1165,8
1166,6
1167,5
1168,9
1169,7
1170,1
1171,3
1172,3
1173,2
1174,3
1175,0
1176,0
1177,5
1178,7
1179,0
1180,5
1181,0
1182,0
1183,3
1184,7
1185,2
1186,2
1187,4
1188,9
1189,0
1190,0
1191,2
1192,1
1193,0
1194,2
1195,2
1196,7
1197,0
1198,2
1199,3
1200,0
1201,4
1202,9
1203,8
1204,0
1205,0
1206,0
1207,10
1208,1
1209,0
1210,3
1211,6
1212,0
1213,2
1214,2
1215,3
1216,6
1217,4
1218,0
1219,0
1220,2
1221,1
1222,1
1223,6
1224,2
1225,0
1226,5
1227,5
1228,1
1229,4
1230,0
1231,16
1232,1
1233,1
1234,0
1235,0
1236,2
1237,0
1238,0
1239,1
1240,4
1241,0
1242,14
1243,0
1244,1
1245,1
1246,0
1247,12
1248,3
1249,0
1250,0
1251,5
1252,5
1253,13
1254,11
1255,0
1256,0
1257,1
1258,0
1259,3
1260,1
1261,1
1262,3
1263,2
1264,0
1265,5
1266,0
1267,2
1268,3
1269,5
1270,15
1271,0
1272,0
1273,0
1274,2
1275,0
1276,2
1277,7
1278,0
1279,10
1280,4
1281,1
1282,0
1283,3
1284,5
1285,0
1286,0
1287,9
1288,1
1289,0
1290,1
1291,2
1292,3
1293,5
1294,0
1295,0
1296,5
1297,10
1298,0
1299,9
1300,6
1301,0
1302,0
1303,1
1304,0
1305,4
1306,4
1307,0
1308,0
1309,0
1310,3
1311,0
1312,2
1313,0
1314,1
1315,0
1316,4
1317,0
1318,8
1319,0
1320,0
1321,0
1322,6
1323,0
1324,1
1325,8
1326,24
1327,0
1328,13
1329,2
1330,0
1331,4
1332,3
1333,2
1334,0
1335,7
1336,0
1337,2
1338,5
1339,1
1340,12
1341,5
1342,0
1343,4
1344,5
1345,1
1346,0
1347,3
1348,0
1349,1
1350,2
1351,3
1352,0
1353,0
1354,6
1355,4
1356,6
1357,0
1358,2
1359,4
1360,1
1361,11
1362,0
1363,2
1364,6
1365,1
1366,6
1367,0
1368,4
1369,6
1370,9
1371,20
1372,2
1373,1
1374,0
1375,1
1376,0
1377,0
1378,4
1379,0
1380,0
1381,1
1382,1
1383,4
1384,1
1385,4
1386,4
1387,1
1388,0
1389,0
1390,0
1391,0
1392,0
1393,5
1394,0
1395,6
1396,0
1397,1
1398,0
1399,0
1400,2
1401,1
1402,0
1403,11
1404,4
1405,1
1406,0
1407,1
1408,1
1409,0
1410,5
1411,2
1412,4
1413,0
1414,2
1415,1
1416,0
1417,1
1418,8
1419,9
1420,0
1421,0
1422,13
1423,7
1424,2
1425,7
1426,3
1427,0
1428,1
1429,5
1430,3
1431,3
1432,2
1433,0
1434,0
1435,6
1436,3
1437,1
1438,3
1439,7
1440,3
1441,0
1442,0
1443,0
1444,0
1445,3
1446,0
1447,0
1448,0
1449,7
1450,4
1451,6
1452,3
1453,5
1454,1
1455,3
1456,12
1457,0
1458,4
1459,1
1460,5
1461,1
1462,0
1463,4
1464,0
1465,0
1466,7
1467,4
1468,5
1469,6
1470,7
1471,9
1472,0
1473,0
1474,7
1475,0
1476,2
1477,8
1478,0
1479,2
1480,9
1481,0
1482,5
1483,0
1484,1
1485,4
1486,0
1487,2
1488,3
1489,5
1490,2
1491,1
1492,1
1493,0
1494,2
1495,1
1496,9
1497,7
1498,0
1499,3
1500,5
1501,2
1502,1
1503,0
1504,1
1505,5
1506,11
1507,2
1508,4
1509,3
1510,7
1511,1
1512,0
1513,0
1514,0
1515,0
1516,8
1517,0
1518,3
1519,1
1520,5
1521,0
1522,0
1523,0
1524,5
1525,1
1526,0
1527,9
1528,1
1529,0
1530,6
1531,0
1532,1
1533,5
1534,0
1535,4
1536,3
1537,0
1538,1
1539,6
1540,0
1541,4
1542,0
1543,3
1544,0
1545,9
1546,6
1547,1
1548,4
1549,0
1550,0
1551,4
1552,1
1553,14
1554,4
1555,2
1556,2
1557,2
1558,1
1559,4
1560,4
1561,4
1562,0
1563,2
1564,2
1565,8
1566,1
1567,2
1568,0
1569,2
1570,0
1571,7
1572,2
1573,1
1574,1
1575,0
1576,0
1577,0
1578,15
1579,3
1580,0
1581,1
1582,5
1583,3
1584,2
1585,2
1586,1
1587,6
1588,2
1589,5
1590,5
1591,0
1592,7
1593,0
1594,1
1595,2
1596,0
1597,4
1598,4
1599,7
1600,2
1601,1
1602,12
1603,0
1604,0
1605,0
1606,3
1607,2
1608,3
1609,0
1610,3
1611,0
1612,3
1613,3
1614,2
1615,2
1616,3
1617,1
1618,6
1619,0
1620,8
1621,0
1622,2
1623,0
1624,4
1625,0
1626,9
1627,0
1628,2
1629,4
1630,2
1631,0
1632,4
1633,0
1634,1
1635,0
1636,0
1637,5
1638,3
1639,20
1640,3
1641,5
1642,11
1643,0
1644,6
1645,0
1646,1
1647,4
1648,4
1649,2
1650,5
1651,4
1652,4
1653,3
1654,4
1655,4
1656,12
1657,0
1658,1
1659,0
1660,5
1661,4
1662,0
1663,0
1664,2
1665,0
1666,0
1667,6
1668,1
1669,2
1670,11
1671,5
1672,0
1673,1
1674,8
1675,0
1676,0
1677,1
1678,2
1679,0
1680,0
1681,8
1682,0
1683,1
1684,0
1685,8
1686,0
1687,2
1688,6
1689,6
1690,1
1691,1
1692,0
1693,0
1694,0
1695,0
1696,2
1697,4
1698,1
1699,4
1700,2
1701,1
1702,0
1703,1
1704,2
1705,2
1706,0
1707,0
1708,2
1709,0
1710,6
1711,0
1712,5
1713,0
1714,7
1715,0
1716,2
1717,3
1718,0
1719,1
1720,6
1721,3
1722,0
1723,0
1724,0
1725,0
1726,4
1727,0
1728,0
1729,0
1730,0
1731,2
1732,5
1733,0
1734,0
1735,0
1736,6
1737,0
1738,0
1739,8
1740,3
1741,0
1742,1
1743,3
1744,0
1745,2
1746,3
1747,1
1748,0
1749,1
1750,1
1751,0
1752,3
1753,5
1754,1
1755,4
1756,7
1757,6
1758,2
1759,0
1760,1
1761,6
1762,2
1763,4
1764,0
1765,0
1766,5
1767,2
1768,1
1769,3
1770,2
1771,0
1772,0
1773,0
1774,1
1775,0
1776,3
1777,5
1778,0
1779,7
1780,0
1781,11
1782,0
1783,0
1784,10
1785,0
1786,3
1787,0
1788,0
1789,1
1790,12
1791,4
1792,3
1793,0
1794,6
1795,2
1796,5
1797,0
1798,0
1799,6
1800,0
1801,2
1802,4
1803,0
1804,12
1805,0
1806,0
1807,2
1808,2
1809,2
1810,6
1811,0
1812,4
1813,0
1814,0
1815,0
1816,1
1817,4
1818,0
1819,0
1820,0
1821,2
1822,0
1823,1
1824,6
1825,2
1826,6
1827,5
1828,0
1829,0
1830,1
1831,7
1832,3
1833,4
1834,0
1835,1
1836,4
1837,2
1838,1
1839,5
1840,0
1841,0
1842,4
1843,2
1844,0
1845,3
1846,2
1847,4
1848,2
1849,5
1850,1
1851,0
1852,4
1853,2
1854,0
1855,0
1856,2
1857,0
1858,1
1859,0
1860,1
1861,4
1862,0
1863,6
1864,0
1865,0
1866,6
1867,5
1868,2
1869,3
1870,0
1871,0
1872,5
1873,1
1874,1
1875,0
1876,5
1877,0
1878,0
1879,2
1880,0
1881,5
1882,5
1883,1
1884,1
1885,7
1886,7
1887,3
1888,1
1889,2
1890,4
1891,2
1892,1
1893,0
1894,10
1895,0
1896,1
1897,0
1898,2
1899,0
1900,4
1901,8
1902,4
1903,2
1904,3
1905,0
1906,2
1907,0
1908,0
1909,1
1910,1
1911,1
1912,2
1913,0
1914,3
1915,1
1916,2
1917,1
1918,0
1919,9
1920,10
1921,0
1922,0
1923,0
1924,1
1925,6
1926,10
1927,5
1928,6
1929,1
1930,0
1931,1
1932,8
1933,4
1934,0
1935,4
1936,1
1937,5
1938,3
1939,0
1940,5
1941,0
1942,2
1943,7
1944,6
1945,0
1946,2
1947,0
1948,1
1949,1
1950,7
1951,0
1952,0
1953,1
1954,5
1955,0
1956,0
1957,0
1958,1
1959,5
1960,2
1961,1
1962,10
1963,0
1964,1
1965,0
1966,7
1967,4
1968,0
1969,5
1970,3
1971,2
1972,4
1973,1
1974,2
1975,10
1976,4
1977,7
1978,6
1979,3
1980,0
1981,1
1982,4
1983,0
1984,1
1985,0
1986,1
1987,0
1988,0
1989,3
1990,0
1991,1
1992,2
1993,6
1994,0
1995,0
1996,0
1997,6
1998,0
1999,0
2000,3
2001,0
2002,2
2003,0
2004,2
2005,3
2006,0
2007,5
2008,1
2009,2
2010,6
2011,0
2012,3
2013,0
2014,4
2015,0
2016,4
2017,2
2018,10
2019,3
2020,4
2021,1
2022,2
2023,2
2024,6
2025,7
2026,12
2027,0
2028,1
2029,7
2030,4
2031,9
2032,3
2033,2
2034,4
2035,0
2036,0
2037,2
2038,0
2039,0
2040,1
2041,0
2042,0
2043,0
2044,0
2045,3
2046,9
2047,3
2048,3
2049,6
2050,1
2051,4
2052,3
2053,7
2054,0
2055,3
2056,2
2057,0
2058,1
2059,3
2060,4
2061,0
2062,1
2063,12
2064,4
2065,0
2066,0
2067,1
2068,6
2069,1
2070,3
2071,0
2072,2
2073,2
2074,0
2075,0
2076,0
2077,0
2078,0
2079,0
2080,0
2081,3
2082,5
2083,0
2084,7
2085,2
2086,0
2087,1
2088,2
2089,0
2090,0
2091,0
2092,0
2093,3
2094,0
2095,0
2096,0
2097,0
2098,4
2099,0
2100,0
2101,0
2102,0
2103,9
2104,1
2105,0
2106,0
2107,3
2108,1
2109,6
2110,10
2111,0
2112,0
2113,2
2114,3
2115,3
2116,8
2117,0
2118,2
2119,0
2120,1
2121,0
2122,1
2123,3
2124,1
2125,2
2126,3
2127,2
2128,6
2129,0
2130,4
2131,0
2132,4
2133,0
2134,0
2135,0
2136,1
2137,2
2138,1
2139,0
2140,0
2141,1
2142,0
2143,3
2144,5
2145,1
2146,4
2147,0
2148,4
2149,3
2150,1
2151,9
2152,4
2153,1
2154,0
2155,3
2156,4
2157,0
2158,4
2159,1
2160,9
2161,0
2162,0
2163,0
2164,1
2165,1
2166,3
2167,0
2168,1
2169,2
2170,0
2171,2
2172,0
2173,10
2174,3
2175,0
2176,5
2177,1
2178,3
2179,16
2180,0
2181,1
2182,0
2183,3
2184,0
2185,5
2186,13
2187,0
2188,4
2189,3
2190,0
2191,0
2192,4
2193,0
2194,0
2195,8
2196,0
2197,3
2198,0
2199,8
2200,2
2201,0
2202,0
2203,1
2204,1
2205,1
2206,0
2207,6
2208,2
2209,2
2210,0
2211,0
2212,3
2213,0
2214,0
2215,8
2216,4
2217,6
2218,0
2219,0
2220,2
2221,4
2222,7
2223,0
2224,1
2225,1
2226,2
2227,2
2228,7
2229,1
2230,2
2231,1
2232,1
2233,3
2234,2
2235,2
2236,0
2237,3
2238,3
2239,2
2240,0
2241,0
2242,2
2243,0
2244,3
2245,4
2246,1
2247,3
2248,6
2249,0
2250,9
2251,0
2252,0
2253,2
2254,2
2255,5
2256,0
2257,1
2258,0
2259,0
2260,1
2261,1
2262,1
2263,1
2264,4
2265,6
2266,1
2267,12
2268,9
2269,4
2270,0
2271,0
2272,0
2273,1
2274,3
2275,2
2276,0
2277,1
2278,0
2279,0
2280,1
2281,6
2282,0
2283,1
2284,14
2285,1
2286,4
2287,1
2288,0
2289,0
2290,0
2291,4
2292,1
2293,0
2294,0
2295,2
2296,4
2297,0
2298,0
2299,0
2300,2
2301,0
2302,14
2303,8
2304,4
2305,8
2306,0
2307,0
2308,2
2309,1
2310,1
2311,0
2312,2
2313,3
2314,1
2315,6
2316,0
2317,1
2318,3
2319,0
2320,6
2321,0
2322,1
2323,3
2324,0
2325,1
2326,1
2327,3
2328,0
2329,2
2330,0
2331,4
2332,2
2333,2
2334,0
2335,3
2336,1
2337,7
2338,3
2339,2
2340,1
2341,0
2342,3
2343,3
2344,3
2345,0
2346,0
2347,0
2348,1
2349,1
2350,0
2351,7
2352,2
2353,0
2354,0
2355,2
2356,2
2357,0
2358,3
2359,0
2360,5
2361,0
2362,0
2363,7
2364,0
2365,7
2366,2
2367,0
2368,1
2369,0
2370,3
2371,0
2372,0
2373,2
2374,3
2375,2
2376,0
2377,1
2378,5
2379,4
2380,1
2381,3
2382,3
2383,4
2384,0
2385,6
2386,0
2387,2
2388,2
2389,2
2390,4
2391,0
2392,4
2393,0
2394,0
2395,6
2396,0
2397,11
2398,1
2399,0
2400,3
2401,0
2402,6
2403,0
2404,1
2405,0
2406,0
2407,1
2408,2
2409,3
2410,5
2411,7
2412,7
2413,2
2414,0
2415,2
2416,0
2417,2
2418,0
2419,4
2420,0
2421,2
2422,3
2423,7
2424,1
2425,2
2426,0
2427,1
2428,6
2429,0
2430,3
2431,2
2432,0
2433,0
2434,2
2435,1
2436,3
2437,7
2438,1
2439,2
2440,0
2441,0
2442,0
2443,0
2444,0
2445,0
2446,4
2447,0
2448,2
2449,3
2450,0
2451,5
2452,2
2453,1
2454,11
2455,1
2456,0
2457,1
2458,0
2459,2
2460,0
2461,0
2462,0
2463,1
2464,0
2465,0
2466,1
2467,3
2468,2
2469,5
2470,5
2471,2
2472,1
2473,0
2474,7
2475,3
2476,0
2477,7
2478,0
2479,0
2480,1
2481,7
2482,3
2483,8
2484,2
2485,0
2486,2
2487,6
2488,4
2489,1
2490,0
2491,6
2492,2
2493,2
2494,3
2495,4
2496,0
2497,0
2498,0
2499,2
2500,1
2501,0
2502,0
2503,0
2504,2
2505,0
2506,3
2507,0
2508,2
2509,1
2510,1
2511,2
2512,2
2513,2
2514,0
2515,0
2516,0
2517,2
2518,3
2519,7
2520,3
2521,0
2522,2
2523,0
2524,0
2525,0
2526,0
2527,6
2528,7
2529,1
2530,0
2531,3
2532,0
2533,4
2534,3
2535,0
2536,0
2537,3
2538,0
2539,2
2540,5
2541,3
2542,0
2543,1
2544,3
2545,2
2546,1
2547,2
2548,0
2549,0
2550,0
2551,2
2552,8
2553,1
2554,1
2555,0
2556,0
2557,0
2558,0
2559,1
2560,1
2561,3
2562,0
2563,0
2564,1
2565,0
2566,0
2567,0
2568,3
2569,4
2570,0
2571,0
2572,0
2573,0
2574,5
2575,0
2576,2
2577,2
2578,1
2579,1
2580,0
2581,1
2582,2
2583,0
2584,0
2585,3
2586,8
2587,2
2588,4
2589,0
2590,1
2591,1
2592,2
2593,3
2594,6
2595,0
2596,5
2597,2
2598,3
2599,0
2600,1
2601,7
2602,0
2603,0
2604,11
2605,4
2606,0
2607,0
2608,8
2609,0
2610,0
2611,0
2612,0
2613,0
2614,8
2615,0
2616,2
2617,5
2618,9
2619,0
2620,0
2621,3
2622,10
2623,2
2624,0
2625,0
2626,1
2627,0
2628,1
2629,0
2630,0
2631,0
2632,0
2633,0
2634,1
2635,0
2636,0
2637,5
2638,0
2639,2
2640,3
2641,0
2642,3
2643,1
2644,8
2645,0
2646,2
2647,0
2648,1
2649,0
2650,2
2651,1
2652,8
2653,2
2654,4
2655,1
2656,0
2657,1
2658,5
2659,2
2660,2
2661,5
2662,3
2663,0
2664,0
2665,7
2666,2
2667,1
2668,5
2669,1
2670,0
2671,0
2672,5
2673,3
2674,2
2675,0
2676,5
2677,0
2678,4
2679,1
2680,5
2681,2
2682,3
2683,0
2684,2
2685,0
2686,0
2687,1
2688,1
2689,0
2690,1
2691,5
2692,2
2693,1
2694,2
2695,9
2696,1
2697,3
2698,1
2699,5
2700,0
2701,0
2702,5
2703,2
2704,1
2705,8
2706,0
2707,0
2708,1
2709,0
2710,0
2711,0
2712,0
2713,0
2714,0
2715,3
2716,1
2717,0
2718,5
2719,3
2720,0
2721,1
2722,5
2723,3
2724,3
2725,1
2726,0
2727,1
2728,0
2729,5
2730,1
2731,0
2732,3
2733,1
2734,2
2735,5
2736,0
2737,5
2738,0
2739,3
2740,1
2741,4
2742,2
2743,2
2744,2
2745,2
2746,0
2747,1
2748,0
2749,0
2750,0
2751,6
2752,0
2753,0
2754,0
2755,1
2756,0
2757,0
2758,1
2759,0
2760,2
2761,0
2762,1
2763,1
2764,2
2765,0
2766,0
2767,1
2768,6
2769,0
2770,3
2771,2
2772,0
2773,0
2774,0
2775,0
2776,1
2777,3
2778,1
2779,0
2780,0
2781,10
2782,3
2783,1
2784,0
2785,1
2786,9
2787,4
2788,0
2789,0
2790,3
2791,5
2792,5
2793,1
2794,1
2795,0
2796,1
2797,1
2798,0
2799,3
2800,1
2801,2
2802,0
2803,5
2804,4
2805,1
2806,1
2807,0
2808,6
2809,1
2810,0
2811,0
2812,0
2813,3
2814,0
2815,11
2816,1
2817,0
2818,1
2819,0
2820,0
2821,3
2822,1
2823,0
2824,1
2825,1
2826,0
2827,2
2828,4
2829,7
2830,0
2831,8
2832,4
2833,3
2834,0
2835,2
2836,0
2837,1
2838,5
2839,1
2840,1
2841,0
2842,0
2843,1
2844,0
2845,0
2846,1
2847,0
2848,0
2849,7
2850,0
2851,1
2852,2
2853,0
2854,7
2855,0
2856,3
2857,0
2858,1
2859,3
2860,1
2861,0
2862,3
2863,2
2864,2
2865,2
2866,6
2867,8
2868,4
2869,1
2870,0
2871,1
2872,0
2873,1
2874,0
2875,1
2876,2
2877,0
2878,8
2879,1
2880,0
2881,4
2882,0
2883,1
2884,0
2885,2
2886,2
2887,1
2888,1
2889,0
2890,3
2891,8
2892,0
2893,5
2894,2
2895,2
2896,2
2897,0
2898,3
2899,1
2900,3
2901,0
2902,10
2903,0
2904,2
2905,5
2906,0
2907,2
2908,2
2909,3
2910,3
2911,0
2912,0
2913,0
2914,6
2915,6
2916,1
2917,0
2918,2
2919,0
2920,0
2921,0
2922,2
2923,0
2924,1
2925,3
2926,2
2927,1
2928,2
2929,4
2930,0
2931,2
2932,1
2933,0
2934,0
2935,2
2936,0
2937,4
2938,0
2939,1
2940,0
2941,3
2942,0
2943,2
2944,2
2945,3
2946,2
2947,0
2948,0
2949,0
2950,0
2951,0
2952,0
2953,0
2954,3
2955,0
2956,0
2957,4
2958,4
2959,4
2960,3
2961,0
2962,0
2963,0
2964,0
2965,0
2966,0
2967,0
2968,3
2969,0
2970,0
2971,4
2972,5
2973,1
2974,0
2975,1
2976,0
2977,0
2978,3
2979,2
2980,0
2981,1
2982,2
2983,1
2984,7
2985,6
2986,0
2987,1
2988,3
2989,0
2990,1
2991,2
2992,2
2993,0
2994,3
2995,4
2996,1
2997,3
2998,3
2999,2
3000,4
3001,1
3002,0
3003,1
3004,6
3005,0
3006,0
3007,0
3008,5
3009,0
3010,0
3011,2
3012,1
3013,0
3014,2
3015,0
3016,1
3017,2
3018,1
3019,0
3020,5
3021,4
3022,3
3023,0
3024,0
3025,2
3026,1
3027,0
3028,3
3029,2
3030,3
3031,2
3032,1
3033,0
3034,2
3035,2
3036,0
3037,2
3038,1
3039,6
3040,6
3041,0
3042,2
3043,0
3044,1
3045,3
3046,0
3047,5
3048,1
3049,0
3050,2
3051,0
3052,1
3053,0
3054,0
3055,4
3056,0
3057,7
3058,0
3059,1
3060,0
3061,2
3062,1
3063,3
3064,1
3065,0
3066,2
3067,0
3068,3
3069,0
3070,3
3071,1
3072,5
3073,7
3074,0
3075,0
3076,0
3077,0
3078,0
3079,0
3080,0
3081,0
3082,0
3083,3
3084,0
3085,1
3086,1
3087,0
3088,3
3089,4
3090,0
3091,0
3092,0
3093,1
3094,4
3095,5
3096,6
3097,4
3098,1
3099,0
3100,1
3101,2
3102,0
3103,2
3104,8
3105,1
3106,3
3107,0
3108,0
3109,1
3110,4
3111,2
3112,1
3113,3
3114,1
3115,3
3116,2
3117,8
3118,3
3119,2
3120,1
3121,0
3122,3
3123,6
3124,1
3125,0
3126,2
3127,3
3128,1
3129,11
3130,1
3131,3
3132,2
3133,0
3134,2
3135,0
3136,0
3137,1
3138,5
3139,3
3140,1
3141,5
3142,0
3143,3
3144,0
3145,1
3146,0
3147,0
3148,0
3149,4
3150,4
3151,3
3152,0
3153,4
3154,7
3155,3
3156,2
3157,2
3158,1
3159,0
3160,2
3161,0
3162,2
3163,2
3164,0
3165,4
3166,1
3167,0
3168,2
3169,1
3170,1
3171,2
3172,2
3173,3
3174,0
3175,1
3176,6
3177,2
3178,1
3179,3
3180,4
3181,0
3182,0
3183,3
3184,0
3185,0
3186,6
3187,1
3188,4
3189,2
3190,0
3191,5
3192,2
3193,1
3194,2
3195,0
3196,0
3197,2
3198,2
3199,4
3200,0
3201,0
3202,0
3203,1
3204,0
3205,5
3206,3
3207,3
3208,0
3209,9
3210,3
3211,1
3212,1
3213,2
3214,1
3215,0
3216,0
3217,0
3218,0
3219,0
3220,3
3221,5
3222,3
3223,4
3224,1
3225,0
3226,2
3227,1
3228,0
3229,3
3230,0
3231,5
3232,6
3233,4
3234,0
3235,0
3236,1
3237,1
3238,8
3239,0
3240,5
3241,0
3242,5
3243,0
3244,2
3245,6
3246,0
3247,0
3248,1
3249,7
3250,5
3251,1
3252,4
3253,2
3254,0
3255,0
3256,1
3257,0
3258,3
3259,0
3260,2
3261,0
3262,2
3263,2
3264,5
3265,2
3266,7
3267,0
3268,2
3269,1
3270,0
3271,2
3272,0
3273,0
3274,1
3275,6
3276,2
3277,0
3278,2
3279,2
3280,2
3281,1
3282,0
3283,3
3284,0
3285,0
3286,4
3287,2
3288,1
3289,0
3290,2
3291,0
3292,1
3293,2
3294,3
3295,3
3296,0
3297,1
3298,0
3299,1
3300,1
3301,5
3302,0
3303,0
3304,1
3305,1
3306,5
3307,4
3308,4
3309,2
3310,3
3311,0
3312,3
3313,1
3314,4
3315,3
3316,0
3317,1
3318,1
3319,0
3320,1
3321,3
3322,0
3323,3
3324,0
3325,0
3326,0
3327,0
3328,1
3329,0
3330,2
3331,3
3332,1
3333,3
3334,2
3335,0
3336,4
3337,6
3338,3
3339,0
3340,6
3341,0
3342,4
3343,1
3344,4
3345,0
3346,1
3347,1
3348,1
3349,6
3350,2
3351,4
3352,0
3353,3
3354,1
3355,2
3356,0
3357,0
3358,6
3359,3
3360,0
3361,1
3362,0
3363,3
3364,3
3365,4
3366,5
3367,0
3368,1
3369,5
3370,1
3371,2
3372,5
3373,5
3374,2
3375,0
3376,1
3377,1
3378,2
3379,0
3380,0
3381,2
3382,0
3383,0
3384,0
3385,0
3386,0
3387,1
3388,0
3389,2
3390,0
3391,2
3392,3
3393,1
3394,4
3395,1
3396,0
3397,0
3398,8
3399,0
3400,0
3401,4
3402,0
3403,2
3404,0
3405,1
3406,2
3407,2
3408,2
3409,3
3410,0
3411,0
3412,1
3413,0
3414,0
3415,1
3416,2
3417,0
3418,3
3419,1
3420,0
3421,3
3422,1
3423,1
3424,0
3425,0
3426,0
3427,1
3428,0
3429,0
3430,0
3431,2
3432,4
3433,3
3434,0
3435,0
3436,0
3437,1
3438,0
3439,1
3440,1
3441,5
3442,0
3443,2
3444,3
3445,0
3446,1
3447,2
3448,0
3449,3
3450,0
3451,2
3452,0
3453,5
3454,2
3455,3
3456,4
3457,0
3458,2
3459,0
3460,2
3461,0
3462,0
3463,0
3464,0
3465,2
3466,5
3467,4
3468,6
3469,9
3470,3
3471,3
3472,4
3473,5
3474,2
3475,3
3476,0
3477,1
3478,0
3479,3
3480,5
3481,2
3482,0
3483,1
3484,1
3485,0
3486,2
3487,0
3488,1
3489,0
3490,0
3491,2
3492,2
3493,4
3494,3
3495,0
3496,1
3497,1
3498,4
3499,2
3500,2
3501,4
3502,4
3503,7
3504,1
3505,3
3506,1
3507,1
3508,3
3509,2
3510,1
3511,0
3512,0
3513,2
3514,4
3515,6
3516,3
3517,1
3518,0
3519,3
3520,1
3521,5
3522,1
3523,9
3524,4
3525,0
3526,1
3527,3
3528,0
3529,2
3530,1
3531,0
3532,1
3533,2
3534,0
3535,0
3536,2
3537,1
3538,3
3539,5
3540,0
3541,1
3542,2
3543,1
3544,0
3545,1
3546,0
3547,3
3548,3
3549,5
3550,0
3551,3
3552,5
3553,1
3554,2
3555,0
3556,1
3557,2
3558,3
3559,0
3560,1
3561,2
3562,1
3563,5
3564,0
3565,1
3566,3
3567,1
3568,3
3569,6
3570,1
3571,0
3572,2
3573,11
3574,0
3575,1
3576,1
3577,1
3578,0
3579,0
3580,0
3581,0
3582,0
3583,1
3584,0
3585,4
3586,0
3587,0
3588,0
3589,3
3590,2
3591,3
3592,0
3593,1
3594,0
3595,0
3596,4
3597,2
3598,3
3599,0
3600,4
3601,3
3602,1
3603,1
3604,1
3605,3
3606,6
3607,0
3608,6
3609,3
3610,1
3611,2
3612,0
3613,1
3614,0
3615,0
3616,0
3617,0
3618,0
3619,1
3620,1
3621,2
3622,3
3623,0
3624,0
3625,1
3626,1
3627,0
3628,2
3629,4
3630,6
3631,0
3632,1
3633,1
3634,1
3635,2
3636,3
3637,7
3638,0
3639,0
3640,0
3641,3
3642,3
3643,2
3644,2
3645,0
3646,3
3647,1
3648,0
3649,6
3650,3
3651,0
3652,0
3653,0
3654,2
3655,1
3656,1
3657,0
3658,2
3659,2
3660,3
3661,0
3662,0
3663,1
3664,2
3665,1
3666,2
3667,3
3668,1
3669,0
3670,0
3671,4
3672,3
3673,1
3674,5
3675,3
3676,3
3677,2
3678,0
3679,1
3680,1
3681,1
3682,0
3683,2
3684,5
3685,2
3686,2
3687,1
3688,0
3689,3
3690,2
3691,3
3692,0
3693,0
3694,2
3695,1
3696,0
3697,0
3698,0
3699,0
3700,0
3701,1
3702,2
3703,7
3704,3
3705,0
3706,0
3707,0
3708,0
3709,1
3710,0
3711,0
3712,0
3713,2
3714,2
3715,0
3716,2
3717,3
3718,0
3719,0
3720,0
3721,1
3722,2
3723,0
3724,4
3725,0
3726,0
3727,0
3728,0
3729,0
3730,1
3731,0
3732,3
3733,0
3734,3
3735,0
3736,1
3737,0
3738,3
3739,2
3740,0
3741,1
3742,3
3743,0
3744,0
3745,1
3746,2
3747,3
3748,1
3749,1
3750,2
3751,1
3752,1
3753,3
3754,0
3755,0
3756,2
3757,1
3758,2
3759,1
3760,0
3761,2
3762,2
3763,4
3764,0
3765,0
3766,3
3767,0
3768,4
3769,2
3770,2
3771,5
3772,1
3773,4
3774,2
3775,0
3776,1
3777,2
3778,1
3779,0
3780,3
3781,3
3782,4
3783,0
3784,1
3785,1
3786,6
3787,5
3788,0
3789,2
3790,1
3791,0
3792,1
3793,5
3794,0
3795,0
3796,0
3797,0
3798,5
3799,0
3800,0
3801,0
3802,0
3803,0
3804,1
3805,0
3806,5
3807,2
3808,3
3809,0
3810,8
3811,0
3812,1
3813,0
3814,0
3815,0
3816,2
3817,4
3818,0
3819,5
3820,0
3821,0
3822,2
3823,2
3824,2
3825,9
3826,0
3827,0
3828,2
3829,3
3830,0
3831,2
3832,0
3833,0
3834,3
3835,1
3836,0
3837,5
3838,5
3839,0
3840,0
3841,3
3842,7
3843,0
3844,0
3845,0
3846,1
3847,2
3848,1
3849,0
3850,0
3851,1
3852,9
3853,1
3854,1
3855,0
3856,5
3857,2
3858,0
3859,0
3860,2
3861,2
3862,1
3863,7
3864,0
3865,3
3866,2
3867,3
3868,2
3869,0
3870,1
3871,2
3872,0
3873,2
3874,0
3875,4
3876,0
3877,1
3878,4
3879,1
3880,1
3881,2
3882,4
3883,1
3884,2
3885,1
3886,0
3887,0
3888,4
3889,2
3890,2
3891,1
3892,3
3893,1
3894,5
3895,0
3896,0
3897,1
3898,7
3899,0
3900,0
3901,4
3902,0
3903,3
3904,1
3905,2
3906,2
3907,0
3908,0
3909,3
3910,2
3911,0
3912,1
3913,2
3914,1
3915,2
3916,0
3917,2
3918,0
3919,1
3920,5
3921,1
3922,0
3923,2
3924,1
3925,1
3926,0
3927,4
3928,0
3929,0
3930,2
3931,0
3932,0
3933,1
3934,6
3935,1
3936,0
3937,0
3938,0
3939,1
3940,0
3941,0
3942,3
3943,1
3944,0
3945,1
3946,0
3947,0
3948,1
3949,0
3950,3
3951,0
3952,0
3953,0
3954,6
3955,2
3956,0
3957,3
3958,0
3959,4
3960,1
3961,1
3962,0
3963,1
3964,0
3965,0
3966,1
3967,0
3968,2
3969,1
3970,1
3971,1
3972,4
3973,1
3974,1
3975,5
3976,4
3977,0
3978,2
3979,1
3980,1
3981,3
3982,1
3983,2
3984,10
3985,0
3986,4
3987,1
3988,1
3989,2
3990,0
3991,1
3992,2
3993,2
3994,2
3995,2
3996,6
3997,0
3998,4
3999,0
4000,1
4001,0
4002,1
4003,1
4004,1
4005,0
4006,1
4007,1
4008,0
4009,0
4010,6
4011,3
4012,2
4013,0
4014,8
4015,1
4016,9
4017,4
4018,4
4019,4
4020,1
4021,1
4022,1
4023,3
4024,1
4025,2
4026,3
4027,1
4028,4
4029,1
4030,1
4031,0
4032,1
4033,3
4034,0
4035,0
4036,6
4037,0
4038,2
4039,3
4040,5
4041,0
4042,0
4043,2
4044,0
4045,1
4046,5
4047,0
4048,3
4049,6
4050,0
4051,0
4052,1
4053,5
4054,5
4055,4
4056,2
4057,2
4058,1
4059,0
4060,0
4061,0
4062,0
4063,2
4064,2
4065,2
4066,1
4067,6
4068,1
4069,2
4070,3
4071,2
4072,2
4073,3
4074,0
4075,0
4076,3
4077,2
4078,1
4079,1
4080,0
4081,0
4082,0
4083,1
4084,1
4085,3
4086,2
4087,1
4088,5
4089,2
4090,2
4091,0
4092,0
4093,1
4094,1
4095,2
4096,0
4097,2
4098,3
4099,5
4100,0
4101,0
4102,0
4103,3
4104,2
4105,0
4106,8
4107,0
4108,0
4109,5
4110,1
4111,1
4112,0
4113,0
4114,4
4115,3
4116,0
4117,2
4118,2
4119,0
4120,1
4121,0
4122,3
4123,4
4124,0
4125,0
4126,4
4127,2
4128,0
4129,1
4130,1
4131,2
4132,4
4133,1
4134,0
4135,0
4136,1
4137,0
4138,0
4139,1
4140,3
4141,0
4142,1
4143,5
4144,3
4145,3
4146,0
4147,0
4148,0
4149,1
4150,0
4151,1
4152,1
4153,2
4154,0
4155,0
4156,3
4157,0
4158,0
4159,0
4160,0
4161,0
4162,1
4163,1
4164,0
4165,3
4166,0
4167,1
4168,1
4169,2
4170,2
4171,1
4172,4
4173,1
4174,0
4175,2
4176,0
4177,2
4178,0
4179,0
4180,2
4181,0
4182,0
4183,1
4184,2
4185,4
4186,2
4187,2
4188,0
4189,0
4190,0
4191,4
4192,1
4193,2
4194,2
4195,0
4196,1
4197,5
4198,0
4199,0
4200,3
4201,1
4202,0
4203,2
4204,1
4205,1
4206,1
4207,0
4208,10
4209,0
4210,0
4211,2
4212,2
4213,7
4214,1
4215,2
4216,0
4217,5
4218,5
4219,0
4220,6
4221,0
4222,1
4223,3
4224,2
4225,0
4226,3
4227,2
4228,2
4229,1
4230,1
4231,0
4232,2
4233,2
4234,0
4235,0
4236,1
4237,0
4238,3
4239,0
4240,2
4241,0
4242,1
4243,3
4244,0
4245,2
4246,1
4247,1
4248,0
4249,2
4250,0
4251,0
4252,0
4253,0
4254,3
4255,6
4256,2
4257,1
4258,7
4259,0
4260,0
4261,0
4262,0
4263,1
4264,1
4265,0
4266,3
4267,3
4268,0
4269,0
4270,4
4271,0
4272,4
4273,4
4274,1
4275,2
4276,0
4277,0
4278,1
4279,1
4280,1
4281,3
4282,0
4283,1
4284,3
4285,4
4286,2
4287,1
4288,1
4289,1
4290,0
4291,5
4292,2
4293,1
4294,1
4295,2
4296,0
4297,1
4298,1
4299,3
4300,2
4301,0
4302,1
4303,1
4304,6
4305,0
4306,2
4307,2
4308,2
4309,4
4310,0
4311,6
4312,1
4313,1
4314,2
4315,2
4316,2
4317,3
4318,3
4319,3
4320,0
4321,0
4322,2
4323,4
4324,2
4325,2
4326,0
4327,0
4328,1
4329,0
4330,0
4331,2
4332,1
4333,3
4334,1
4335,2
4336,2
4337,2
4338,4
4339,0
4340,2
4341,1
4342,1
4343,0
4344,1
4345,1
4346,5
4347,1
4348,3
4349,0
4350,3
4351,2
4352,2
4353,2
4354,2
4355,0
4356,2
4357,0
4358,4
4359,3
4360,0
4361,3
4362,4
4363,2
4364,4
4365,0
4366,0
4367,1
4368,2
4369,0
4370,0
4371,0
4372,2
4373,1
4374,1
4375,3
4376,1
4377,1
4378,0
4379,0
4380,2
4381,0
4382,2
4383,3
4384,3
4385,5
4386,3
4387,1
4388,1
4389,1
4390,0
4391,3
4392,1
4393,8
4394,0
4395,0
4396,0
4397,0
4398,1
4399,0
4400,3
4401,0
4402,0
4403,1
4404,4
4405,1
4406,5
4407,0
4408,0
4409,1
4410,2
4411,6
4412,0
4413,0
4414,1
4415,3
4416,0
4417,12
4418,0
4419,2
4420,3
4421,0
4422,8
4423,1
4424,13
4425,0
4426,1
4427,0
4428,2
4429,1
4430,0
4431,0
4432,5
4433,4
4434,2
4435,1
4436,1
4437,1
4438,4
4439,0
4440,1
4441,1
4442,4
4443,0
4444,2
4445,0
4446,2
4447,1
4448,0
4449,3
4450,6
4451,1
4452,0
4453,3
4454,0
4455,5
4456,3
4457,2
4458,1
4459,2
4460,0
4461,3
4462,2
4463,1
4464,1
4465,3
4466,0
4467,1
4468,4
4469,1
4470,2
4471,0
4472,0
4473,2
4474,2
4475,1
4476,1
4477,3
4478,0
4479,3
4480,2
4481,0
4482,1
4483,2
4484,0
4485,0
4486,1
4487,1
4488,0
4489,2
4490,0
4491,3
4492,0
4493,1
4494,1
4495,0
4496,5
4497,2
4498,0
4499,2
4500,0
4501,2
4502,1
4503,4
4504,2
4505,2
4506,3
4507,0
4508,4
4509,0
4510,1
4511,0
4512,1
4513,2
4514,1
4515,6
4516,2
4517,0
4518,0
4519,2
4520,0
4521,3
4522,1
4523,0
4524,0
4525,0
4526,1
4527,0
4528,3
4529,0
4530,0
4531,1
4532,2
4533,2
4534,8
4535,0
4536,0
4537,1
4538,5
4539,2
4540,1
4541,1
4542,1
4543,0
4544,1
4545,0
4546,5
4547,0
4548,5
4549,4
4550,0
4551,2
4552,1
4553,0
4554,7
4555,1
4556,4
4557,3
4558,0
4559,0
4560,0
4561,4
4562,3
4563,0
4564,3
4565,2
4566,0
4567,0
4568,1
4569,0
4570,0
4571,0
4572,1
4573,1
4574,0
4575,0
4576,1
4577,1
4578,0
4579,2
4580,0
4581,0
4582,1
4583,1
4584,5
4585,3
4586,0
4587,1
4588,0
4589,1
4590,0
4591,4
4592,1
4593,0
4594,0
4595,0
4596,4
4597,1
4598,0
4599,1
4600,1
4601,2
4602,0
4603,4
4604,0
4605,1
4606,0
4607,0
4608,0
4609,0
4610,0
4611,0
4612,1
4613,3
4614,1
4615,3
4616,2
4617,0
4618,1
4619,0
4620,2
4621,0
4622,2
4623,3
4624,2
4625,1
4626,3
4627,0
4628,3
4629,0
4630,5
4631,1
4632,0
4633,0
4634,0
4635,3
4636,0
4637,1
4638,1
4639,0
4640,7
4641,0
4642,1
4643,3
4644,4
4645,0
4646,5
4647,2
4648,0
4649,3
4650,0
4651,1
4652,1
4653,3
4654,0
4655,6
4656,0
4657,0
4658,0
4659,8
4660,0
4661,1
4662,1
4663,1
4664,1
4665,1
4666,0
4667,0
4668,4
4669,0
4670,0
4671,1
4672,0
4673,3
4674,0
4675,3
4676,2
4677,4
4678,1
4679,2
4680,1
4681,1
4682,0
4683,0
4684,9
4685,0
4686,0
4687,2
4688,1
4689,2
4690,2
4691,0
4692,0
4693,4
4694,5
4695,1
4696,5
4697,0
4698,2
4699,0
4700,2
4701,1
4702,1
4703,1
4704,0
4705,3
4706,3
4707,2
4708,0
4709,2
4710,0
4711,1
4712,0
4713,6
4714,0
4715,3
4716,3
4717,2
4718,1
4719,3
4720,2
4721,1
4722,0
4723,0
4724,0
4725,0
4726,1
4727,0
4728,4
4729,0
4730,3
4731,4
4732,0
4733,0
4734,0
4735,1
4736,2
4737,0
4738,4
4739,1
4740,1
4741,1
4742,0
4743,3
4744,1
4745,0
4746,1
4747,0
4748,3
4749,4
4750,6
4751,3
4752,0
4753,3
4754,0
4755,0
4756,3
4757,0
4758,2
4759,2
4760,2
4761,3
4762,0
4763,0
4764,1
4765,1
4766,2
4767,0
4768,2
4769,1
4770,0
4771,1
4772,0
4773,1
4774,1
4775,5
4776,0
4777,2
4778,0
4779,4
4780,1
4781,0
4782,0
4783,1
4784,2
4785,1
4786,2
4787,0
4788,0
4789,1
4790,2
4791,1
4792,0
4793,1
4794,2
4795,0
4796,0
4797,1
4798,3
4799,0
4800,6
4801,1
4802,0
4803,0
4804,0
4805,1
4806,1
4807,1
4808,0
4809,2
4810,1
4811,0
4812,0
4813,0
4814,3
4815,3
4816,4
4817,0
4818,1
4819,1
4820,6
4821,0
4822,0
4823,0
4824,0
4825,6
4826,1
4827,0
4828,2
4829,1
4830,0
4831,0
4832,0
4833,0
4834,2
4835,2
4836,0
4837,1
4838,2
4839,1
4840,4
4841,0
4842,0
4843,0
4844,1
4845,2
4846,2
4847,0
4848,2
4849,2
4850,0
4851,0
4852,4
4853,0
4854,0
4855,0
4856,0
4857,2
4858,2
4859,0
4860,0
4861,1
4862,0
4863,0
4864,1
4865,0
4866,0
4867,0
4868,1
4869,0
4870,3
4871,1
4872,3
4873,1
4874,0
4875,1
4876,4
4877,1
4878,1
4879,2
4880,0
4881,2
4882,0
4883,0
4884,0
4885,2
4886,4
4887,2
4888,0
4889,0
4890,4
4891,0
4892,3
4893,2
4894,2
4895,0
4896,4
4897,1
4898,1
4899,0
4900,1
4901,0
4902,0
4903,1
4904,0
4905,0
4906,3
4907,0
4908,1
4909,0
4910,3
4911,0
4912,0
4913,1
4914,0
4915,0
4916,2
4917,3
4918,0
4919,0
4920,0
4921,4
4922,0
4923,4
4924,0
4925,1
4926,0
4927,2
4928,3
4929,4
4930,0
4931,0
4932,3
4933,1
4934,1
4935,0
4936,2
4937,2
4938,3
4939,0
4940,1
4941,2
4942,2
4943,3
4944,2
4945,0
4946,0
4947,3
4948,6
4949,1
4950,1
4951,1
4952,1
4953,0
4954,0
4955,0
4956,2
4957,1
4958,0
4959,2
4960,3
4961,1
4962,0
4963,1
4964,1
4965,1
4966,0
4967,0
4968,0
4969,1
4970,0
4971,0
4972,0
4973,1
4974,2
4975,3
4976,0
4977,4
4978,0
4979,4
4980,3
4981,0
4982,0
4983,2
4984,1
4985,4
4986,0
4987,2
4988,1
4989,4
4990,1
4991,0
4992,2
4993,1
4994,1
4995,2
4996,0
4997,1
4998,3
4999,0
5000,3
5001,5
5002,1
5003,0
5004,2
5005,3
5006,1
5007,2
5008,0
5009,1
5010,1
5011,2
5012,4
5013,0
5014,0
5015,1
5016,3
5017,2
5018,0
5019,1
5020,0
5021,1
5022,3
5023,7
5024,2
5025,6
5026,1
5027,2
5028,2
5029,0
5030,2
5031,0
5032,1
5033,2
5034,3
5035,1
5036,2
5037,3
5038,0
5039,3
5040,0
5041,4
5042,0
5043,0
5044,4
5045,0
5046,0
5047,1
5048,1
5049,1
5050,3
5051,0
5052,0
5053,1
5054,1
5055,2
5056,2
5057,5
5058,2
5059,5
5060,2
5061,2
5062,0
5063,2
5064,3
5065,0
5066,0
5067,0
5068,0
5069,7
5070,3
5071,1
5072,2
5073,2
5074,0
5075,3
5076,2
5077,2
5078,0
5079,3
5080,3
5081,0
5082,0
5083,4
5084,1
5085,0
5086,2
5087,0
5088,1
5089,0
5090,6
5091,4
5092,0
5093,0
5094,3
5095,1
5096,2
5097,0
5098,2
5099,0
5100,1
5101,5
5102,1
5103,0
5104,1
5105,3
5106,1
5107,0
5108,3
5109,3
5110,3
5111,0
5112,0
5113,2
5114,2
5115,2
5116,1
5117,3
5118,1
5119,0
5120,0
5121,1
5122,0
5123,0
5124,1
5125,0
5126,2
5127,0
5128,2
5129,0
5130,1
5131,0
5132,2
5133,1
5134,0
5135,1
5136,0
5137,3
5138,0
5139,1
5140,3
5141,0
5142,1
5143,3
5144,3
5145,2
5146,5
5147,0
5148,0
5149,1
5150,0
5151,1
5152,5
5153,0
5154,0
5155,1
5156,1
5157,3
5158,0
5159,1
5160,2
5161,2
5162,0
5163,1
5164,0
5165,2
5166,1
5167,0
5168,6
5169,0
5170,8
5171,0
5172,1
5173,3
5174,1
5175,1
5176,0
5177,1
5178,3
5179,3
5180,2
5181,1
5182,1
5183,0
5184,0
5185,0
5186,0
5187,0
5188,1
5189,1
5190,5
5191,0
5192,3
5193,1
5194,1
5195,2
5196,2
5197,2
5198,1
5199,1
5200,3
5201,0
5202,7
5203,0
5204,0
5205,0
5206,2
5207,2
5208,5
5209,0
5210,2
5211,3
5212,2
5213,0
5214,3
5215,2
5216,0
5217,1
5218,0
5219,1
5220,0
5221,2
5222,0
5223,1
5224,1
5225,0
5226,3
5227,0
5228,0
5229,2
5230,0
5231,2
5232,2
5233,3
5234,2
5235,1
5236,3
5237,3
5238,0
5239,2
5240,1
5241,0
5242,1
5243,0
5244,2
5245,0
5246,1
5247,0
5248,0
5249,3
5250,2
5251,4
5252,0
5253,1
5254,0
5255,0
5256,1
5257,3
5258,1
5259,2
5260,0
5261,6
5262,3
5263,1
5264,1
5265,0
5266,4
5267,0
5268,0
5269,3
5270,0
5271,0
5272,1
5273,0
5274,0
5275,3
5276,3
5277,1
5278,0
5279,4
5280,3
5281,0
5282,2
5283,2
5284,4
5285,0
5286,1
5287,1
5288,0
5289,2
5290,0
5291,2
5292,3
5293,2
5294,0
5295,2
5296,0
5297,0
5298,4
5299,5
5300,1
5301,3
5302,3
5303,0
5304,0
5305,1
5306,2
5307,2
5308,2
5309,2
5310,1
5311,0
5312,2
5313,3
5314,0
5315,3
5316,2
5317,5
5318,0
5319,1
5320,1
5321,3
5322,4
5323,3
5324,2
5325,1
5326,1
5327,2
5328,0
5329,7
5330,3
5331,0
5332,1
5333,1
5334,4
5335,1
5336,0
5337,0
5338,1
5339,4
5340,2
5341,1
5342,0
5343,1
5344,0
5345,1
5346,2
5347,1
5348,1
5349,1
5350,0
5351,5
5352,4
5353,0
5354,2
5355,1
5356,1
5357,0
5358,1
5359,2
5360,0
5361,1
5362,1
5363,2
5364,0
5365,1
5366,4
5367,0
5368,0
5369,0
5370,1
5371,1
5372,0
5373,0
5374,4
5375,4
5376,1
5377,1
5378,2
5379,1
5380,0
5381,5
5382,0
5383,1
5384,1
5385,2
5386,1
5387,0
5388,6
5389,3
5390,2
5391,2
5392,1
5393,0
5394,1
5395,4
5396,1
5397,0
5398,2
5399,0
5400,0
5401,0
5402,5
5403,1
5404,4
5405,1
5406,1
5407,3
5408,2
5409,0
5410,0
5411,4
5412,0
5413,0
5414,2
5415,1
5416,2
5417,3
5418,2
5419,0
5420,5
5421,4
5422,1
5423,2
5424,1
5425,3
5426,0
5427,2
5428,6
5429,5
5430,0
5431,1
5432,1
5433,1
5434,3
5435,0
5436,0
5437,3
5438,4
5439,1
5440,1
5441,0
5442,2
5443,1
5444,1
5445,2
5446,0
5447,2
5448,0
5449,1
5450,0
5451,3
5452,2
5453,3
5454,5
5455,0
5456,2
5457,1
5458,4
5459,3
5460,0
5461,0
5462,1
5463,2
5464,0
5465,1
5466,1
5467,3
5468,2
5469,2
5470,1
5471,2
5472,0
5473,1
5474,2
5475,0
5476,0
5477,1
5478,0
5479,1
5480,0
5481,1
5482,1
5483,1
5484,7
5485,0
5486,0
5487,1
5488,2
5489,0
5490,0
5491,0
5492,1
5493,0
5494,0
5495,0
5496,0
5497,5
5498,4
5499,0
5500,6
5501,0
5502,1
5503,3
5504,1
5505,2
5506,0
5507,0
5508,0
5509,5
5510,4
5511,0
5512,0
5513,0
5514,1
5515,0
5516,0
5517,3
5518,1
5519,1
5520,1
5521,4
5522,0
5523,2
5524,4
5525,3
5526,3
5527,0
5528,0
5529,1
5530,2
5531,8
5532,3
5533,1
5534,1
5535,0
5536,0
5537,0
5538,2
5539,0
5540,2
5541,0
5542,6
5543,2
5544,1
5545,0
5546,1
5547,0
5548,2
5549,1
5550,1
5551,1
5552,4
5553,5
5554,4
5555,1
5556,0
5557,0
5558,1
5559,2
5560,3
5561,0
5562,0
5563,6
5564,1
5565,1
5566,0
5567,1
5568,0
5569,1
5570,1
5571,0
5572,0
5573,0
5574,1
5575,3
5576,0
5577,3
5578,1
5579,0
5580,6
5581,1
5582,1
5583,1
5584,1
5585,0
5586,2
5587,0
5588,1
5589,5
5590,0
5591,1
5592,1
5593,0
5594,0
5595,7
5596,5
5597,0
5598,2
5599,2
5600,0
5601,0
5602,2
5603,1
5604,6
5605,0
5606,1
5607,0
5608,0
5609,0
5610,1
5611,2
5612,0
5613,0
5614,5
5615,2
5616,3
5617,0
5618,0
5619,4
5620,0
5621,3
5622,2
5623,1
5624,0
5625,0
5626,4
5627,1
5628,2
5629,1
5630,2
5631,2
5632,1
5633,2
5634,0
5635,0
5636,2
5637,0
5638,1
5639,0
5640,2
5641,2
5642,2
5643,4
5644,2
5645,0
5646,0
5647,5
5648,0
5649,0
5650,2
5651,4
5652,1
5653,2
5654,1
5655,0
5656,1
5657,2
5658,1
5659,1
5660,3
5661,3
5662,1
5663,1
5664,3
5665,0
5666,0
5667,3
5668,3
5669,3
5670,0
5671,3
5672,2
5673,0
5674,0
5675,1
5676,1
5677,0
5678,0
5679,1
5680,0
5681,2
5682,1
5683,3
5684,0
5685,0
5686,0
5687,0
5688,2
5689,0
5690,0
5691,2
5692,1
5693,2
5694,1
5695,1
5696,1
5697,0
5698,1
5699,4
5700,1
5701,0
5702,1
5703,1
5704,3
5705,6
5706,7
5707,0
5708,4
5709,0
5710,1
5711,2
5712,1
5713,1
5714,0
5715,2
5716,0
5717,2
5718,2
5719,1
5720,1
5721,2
5722,0
5723,0
5724,0
5725,0
5726,1
5727,2
5728,1
5729,0
5730,0
5731,0
5732,0
5733,1
5734,1
5735,1
5736,3
5737,1
5738,1
5739,3
5740,1
5741,0
5742,1
5743,4
5744,1
5745,1
5746,0
5747,1
5748,4
5749,0
5750,0
5751,2
5752,3
5753,0
5754,1
5755,1
5756,0
5757,1
5758,1
5759,2
5760,0
5761,1
5762,4
5763,0
5764,4
5765,0
5766,0
5767,0
5768,1
5769,1
5770,2
5771,1
5772,2
5773,1
5774,2
5775,2
5776,1
5777,0
5778,1
5779,1
5780,0
5781,2
5782,2
5783,1
5784,0
5785,3
5786,4
5787,1
5788,1
5789,0
5790,4
5791,0
5792,5
5793,1
5794,2
5795,0
5796,1
5797,1
5798,1
5799,4
5800,1
5801,1
5802,4
5803,5
5804,1
5805,0
5806,0
5807,2
5808,0
5809,3
5810,2
5811,2
5812,2
5813,0
5814,1
5815,1
5816,1
5817,0
5818,0
5819,2
5820,2
5821,2
5822,1
5823,1
5824,1
5825,2
5826,2
5827,1
5828,0
5829,1
5830,2
5831,3
5832,3
5833,3
5834,4
5835,1
5836,0
5837,0
5838,1
5839,3
5840,0
5841,0
5842,2
5843,0
5844,3
5845,1
5846,0
5847,4
5848,4
5849,1
5850,2
5851,0
5852,4
5853,0
5854,2
5855,5
5856,1
5857,0
5858,1
5859,0
5860,1
5861,2
5862,0
5863,0
5864,3
5865,0
5866,0
5867,2
5868,0
5869,1
5870,0
5871,1
5872,2
5873,0
5874,0
5875,2
5876,1
5877,0
5878,3
5879,4
5880,0
5881,2
5882,2
5883,2
5884,1
5885,0
5886,2
5887,1
5888,1
5889,1
5890,0
5891,0
5892,4
5893,1
5894,1
5895,0
5896,1
5897,0
5898,4
5899,0
5900,4
5901,0
5902,1
5903,0
5904,2
5905,0
5906,3
5907,2
5908,1
5909,2
5910,0
5911,0
5912,2
5913,1
5914,0
5915,1
5916,0
5917,2
5918,2
5919,3
5920,1
5921,3
5922,1
5923,0
5924,2
5925,2
5926,0
5927,0
5928,0
5929,2
5930,1
5931,5
5932,2
5933,4
5934,0
5935,0
5936,0
5937,1
5938,2
5939,3
5940,0
5941,0
5942,1
5943,2
5944,5
5945,2
5946,0
5947,3
5948,0
5949,0
5950,0
5951,2
5952,1
5953,2
5954,3
5955,0
5956,1
5957,0
5958,1
5959,1
5960,1
5961,1
5962,3
5963,2
5964,0
5965,0
5966,1
5967,2
5968,1
5969,1
5970,0
5971,1
5972,1
5973,0
5974,0
5975,4
5976,1
5977,1
5978,0
5979,4
5980,0
5981,2
5982,0
5983,0
5984,0
5985,0
5986,0
5987,0
5988,2
5989,0
5990,0
5991,2
5992,0
5993,0
5994,0
5995,2
5996,1
5997,0
5998,0
5999,0
6000,0
6001,1
6002,2
6003,0
6004,0
6005,2
6006,2
6007,0
6008,3
6009,0
6010,1
6011,1
6012,1
6013,0
6014,3
6015,0
6016,0
6017,1
6018,0
6019,2
6020,3
6021,0
6022,2
6023,0
6024,1
6025,2
6026,2
6027,1
6028,2
6029,0
6030,4
6031,2
6032,0
6033,0
6034,0
6035,2
6036,0
6037,0
6038,3
6039,2
6040,1
6041,0
6042,3
6043,4
6044,0
6045,1
6046,1
6047,1
6048,0
6049,3
6050,0
6051,0
6052,1
6053,3
6054,0
6055,0
6056,2
6057,1
6058,0
6059,0
6060,2
6061,0
6062,3
6063,2
6064,1
6065,0
6066,0
6067,2
6068,0
6069,0
6070,1
6071,1
6072,0
6073,5
6074,1
6075,1
6076,4
6077,1
6078,0
6079,0
6080,0
6081,0
6082,0
6083,0
6084,1
6085,1
6086,0
6087,5
6088,0
6089,2
6090,0
6091,2
6092,1
6093,0
6094,2
6095,3
6096,3
6097,1
6098,0
6099,2
6100,2
6101,3
6102,2
6103,0
6104,0
6105,0
6106,0
6107,3
6108,1
6109,0
6110,3
6111,1
6112,5
6113,2
6114,0
6115,1
6116,1
6117,4
6118,4
6119,0
6120,0
6121,2
6122,2
6123,1
6124,1
6125,2
6126,0
6127,0
6128,0
6129,1
6130,3
6131,1
6132,3
6133,0
6134,0
6135,4
6136,2
6137,4
6138,0
6139,2
6140,0
6141,1
6142,0
6143,1
6144,3
6145,0
6146,1
6147,3
6148,0
6149,2
6150,1
6151,0
6152,2
6153,0
6154,0
6155,0
6156,8
6157,0
6158,3
6159,3
6160,1
6161,0
6162,3
6163,0
6164,2
6165,4
6166,2
6167,1
6168,3
6169,2
6170,0
6171,2
6172,3
6173,0
6174,0
6175,1
6176,0
6177,0
6178,2
6179,0
6180,1
6181,1
6182,1
6183,1
6184,2
6185,0
6186,1
6187,1
6188,0
6189,0
6190,0
6191,3
6192,1
6193,1
6194,0
6195,0
6196,4
6197,0
6198,1
6199,0
6200,2
6201,2
6202,2
6203,3
6204,1
6205,1
6206,3
6207,3
6208,1
6209,0
6210,0
6211,0
6212,1
6213,0
6214,0
6215,5
6216,0
6217,1
6218,0
6219,2
6220,1
6221,3
6222,0
6223,0
6224,2
6225,1
6226,0
6227,1
6228,1
6229,1
6230,3
6231,1
6232,4
6233,2
6234,1
6235,2
6236,3
6237,4
6238,1
6239,0
6240,0
6241,2
6242,2
6243,1
6244,3
6245,2
6246,0
6247,3
6248,1
6249,1
6250,2
6251,0
6252,1
6253,1
6254,1
6255,1
6256,1
6257,2
6258,0
6259,0
6260,0
6261,0
6262,4
6263,1
6264,4
6265,2
6266,0
6267,0
6268,1
6269,0
6270,0
6271,2
6272,1
6273,2
6274,1
6275,0
6276,0
6277,1
6278,1
6279,1
6280,1
6281,2
6282,1
6283,0
6284,2
6285,0
6286,0
6287,1
6288,0
6289,1
6290,1
6291,0
6292,1
6293,0
6294,1
6295,3
6296,1
6297,2
6298,2
6299,0
6300,3
6301,4
6302,1
6303,0
6304,0
6305,0
6306,0
6307,1
6308,0
6309,0
6310,3
6311,5
6312,0
6313,0
6314,0
6315,1
6316,5
6317,2
6318,2
6319,0
6320,5
6321,3
6322,1
6323,3
6324,1
6325,0
6326,2
6327,1
6328,1
6329,0
6330,2
6331,3
6332,2
6333,1
6334,0
6335,1
6336,1
6337,0
6338,1
6339,0
6340,0
6341,3
6342,2
6343,1
6344,0
6345,1
6346,1
6347,1
6348,3
6349,0
6350,1
6351,2
6352,2
6353,3
6354,0
6355,0
6356,1
6357,2
6358,0
6359,1
6360,1
6361,0
6362,2
6363,1
6364,0
6365,0
6366,1
6367,2
6368,2
6369,3
6370,6
6371,0
6372,3
6373,0
6374,1
6375,4
6376,0
6377,0
6378,1
6379,2
6380,1
6381,0
6382,0
6383,0
6384,1
6385,1
6386,0
6387,0
6388,1
6389,0
6390,4
6391,1
6392,0
6393,0
6394,2
6395,0
6396,0
6397,1
6398,0
6399,3
6400,0
6401,1
6402,4
6403,0
6404,0
6405,1
6406,3
6407,2
6408,0
6409,1
6410,0
6411,1
6412,1
6413,1
6414,1
6415,8
6416,0
6417,0
6418,0
6419,2
6420,0
6421,2
6422,0
6423,0
6424,0
6425,0
6426,0
6427,0
6428,1
6429,0
6430,0
6431,3
6432,0
6433,3
6434,0
6435,1
6436,0
6437,2
6438,1
6439,1
6440,1
6441,2
6442,3
6443,0
6444,0
6445,5
6446,1
6447,2
6448,0
6449,1
6450,1
6451,3
6452,1
6453,2
6454,3
6455,2
6456,1
6457,1
6458,0
6459,1
6460,0
6461,1
6462,2
6463,5
6464,2
6465,0
6466,2
6467,2
6468,1
6469,0
6470,1
6471,0
6472,0
6473,2
6474,1
6475,0
6476,1
6477,1
6478,2
6479,1
6480,2
6481,0
6482,0
6483,1
6484,1
6485,1
6486,1
6487,2
6488,0
6489,3
6490,0
6491,1
6492,0
6493,2
6494,1
6495,0
6496,3
6497,0
6498,3
6499,0
6500,3
6501,1
6502,1
6503,0
6504,3
6505,1
6506,0
6507,0
6508,0
6509,0
6510,2
6511,2
6512,0
6513,1
6514,2
6515,1
6516,1
6517,3
6518,0
6519,1
6520,0
6521,4
6522,2
6523,0
6524,2
6525,0
6526,4
6527,1
6528,2
6529,0
6530,0
6531,0
6532,0
6533,1
6534,0
6535,4
6536,0
6537,1
6538,0
6539,0
6540,0
6541,0
6542,1
6543,3
6544,1
6545,2
6546,1
6547,1
6548,1
6549,5
6550,4
6551,1
6552,0
6553,1
6554,1
6555,2
6556,3
6557,1
6558,1
6559,1
6560,0
6561,2
6562,5
6563,0
6564,3
6565,1
6566,2
6567,5
6568,0
6569,1
6570,1
6571,0
6572,3
6573,0
6574,0
6575,2
6576,5
6577,0
6578,0
6579,0
6580,2
6581,2
6582,0
6583,0
6584,1
6585,2
6586,2
6587,0
6588,2
6589,2
6590,4
6591,1
6592,0
6593,0
6594,0
6595,2
6596,2
6597,1
6598,0
6599,1
6600,2
6601,2
6602,0
6603,0
6604,0
6605,2
6606,0
6607,3
6608,1
6609,0
6610,1
6611,3
6612,0
6613,4
6614,0
6615,1
6616,3
6617,0
6618,0
6619,2
6620,0
6621,1
6622,2
6623,4
6624,2
6625,1
6626,1
6627,3
6628,0
6629,0
6630,0
6631,1
6632,1
6633,0
6634,2
6635,2
6636,0
6637,1
6638,1
6639,1
6640,0
6641,3
6642,2
6643,1
6644,0
6645,0
6646,1
6647,0
6648,1
6649,1
6650,4
6651,0
6652,1
6653,0
6654,1
6655,0
6656,0
6657,0
6658,2
6659,0
6660,3
6661,4
6662,0
6663,1
6664,3
6665,2
6666,4
6667,0
6668,2
6669,1
6670,0
6671,0
6672,0
6673,6
6674,0
6675,2
6676,5
6677,2
6678,1
6679,2
6680,0
6681,0
6682,4
6683,3
6684,0
6685,1
6686,0
6687,0
6688,4
6689,0
6690,4
6691,1
6692,0
6693,4
6694,1
6695,4
6696,1
6697,0
6698,2
6699,2
6700,1
6701,2
6702,1
6703,3
6704,2
6705,1
6706,1
6707,0
6708,2
6709,2
6710,2
6711,0
6712,1
6713,2
6714,1
6715,0
6716,7
6717,0
6718,1
6719,2
6720,0
6721,3
6722,0
6723,0
6724,2
6725,2
6726,1
6727,2
6728,4
6729,0
6730,0
6731,1
6732,0
6733,0
6734,2
6735,1
6736,2
6737,2
6738,1
6739,2
6740,1
6741,2
6742,1
6743,1
6744,2
6745,1
6746,0
6747,1
6748,0
6749,2
6750,0
6751,0
6752,1
6753,1
6754,1
6755,3
6756,1
6757,3
6758,2
6759,0
6760,1
6761,0
6762,1
6763,5
6764,1
6765,0
6766,2
6767,2
6768,2
6769,0
6770,3
6771,1
6772,0
6773,0
6774,3
6775,3
6776,2
6777,0
6778,1
6779,1
6780,1
6781,4
6782,2
6783,0
6784,2
6785,1
6786,2
6787,0
6788,1
6789,0
6790,1
6791,3
6792,1
6793,1
6794,2
6795,1
6796,1
6797,0
6798,2
6799,1
6800,3
6801,0
6802,0
6803,1
6804,1
6805,1
6806,0
6807,0
6808,1
6809,1
6810,2
6811,0
6812,0
6813,2
6814,2
6815,2
6816,0
6817,4
6818,1
6819,1
6820,1
6821,0
6822,3
6823,0
6824,0
6825,0
6826,1
6827,2
6828,1
6829,2
6830,3
6831,2
6832,2
6833,0
6834,1
6835,1
6836,0
6837,0
6838,0
6839,1
6840,3
6841,2
6842,1
6843,0
6844,0
6845,2
6846,3
6847,1
6848,0
6849,1
6850,3
6851,0
6852,2
6853,0
6854,1
6855,0
6856,0
6857,1
6858,1
6859,4
6860,3
6861,1
6862,0
6863,0
6864,5
6865,0
6866,1
6867,3
6868,1
6869,1
6870,2
6871,1
6872,1
6873,3
6874,0
6875,1
6876,0
6877,2
6878,1
6879,0
6880,0
6881,0
6882,0
6883,2
6884,1
6885,3
6886,2
6887,2
6888,8
6889,1
6890,0
6891,0
6892,4
6893,0
6894,1
6895,0
6896,2
6897,0
6898,0
6899,0
6900,0
6901,3
6902,0
6903,0
6904,2
6905,2
6906,2
6907,1
6908,1
6909,1
6910,0
6911,1
6912,0
6913,1
6914,0
6915,2
6916,0
6917,1
6918,0
6919,2
6920,2
6921,0
6922,3
6923,5
6924,1
6925,0
6926,0
6927,0
6928,0
6929,0
6930,1
6931,2
6932,1
6933,4
6934,0
6935,1
6936,2
6937,4
6938,1
6939,3
6940,2
6941,1
6942,2
6943,3
6944,0
6945,3
6946,0
6947,1
6948,1
6949,2
6950,3
6951,1
6952,2
6953,1
6954,1
6955,0
6956,1
6957,1
6958,2
6959,1
6960,2
6961,1
6962,1
6963,0
6964,2
6965,2
6966,4
6967,3
6968,2
6969,1
6970,1
6971,0
6972,0
6973,1
6974,1
6975,1
6976,1
6977,1
6978,1
6979,2
6980,3
6981,0
6982,2
6983,2
6984,1
6985,0
6986,3
6987,0
6988,0
6989,0
6990,0
6991,1
6992,2
6993,0
6994,0
6995,3
6996,3
6997,0
6998,0
6999,2
7000,1
7001,2
7002,1
7003,0
7004,1
7005,6
7006,1
7007,0
7008,2
7009,1
7010,1
7011,0
7012,0
7013,3
7014,1
7015,3
7016,1
7017,2
7018,1
7019,1
7020,0
7021,2
7022,0
7023,1
7024,0
7025,1
7026,3
7027,0
7028,3
7029,1
7030,0
7031,0
7032,0
7033,0
7034,0
7035,4
7036,0
7037,0
7038,1
7039,2
7040,0
7041,2
7042,0
7043,3
7044,1
7045,0
7046,1
7047,2
7048,1
7049,1
7050,2
7051,2
7052,1
7053,1
7054,1
7055,1
7056,0
7057,2
7058,0
7059,2
7060,3
7061,0
7062,0
7063,0
7064,0
7065,2
7066,0
7067,0
7068,1
7069,0
7070,0
7071,1
7072,0
7073,0
7074,1
7075,0
7076,0
7077,0
7078,2
7079,1
7080,3
7081,4
7082,2
7083,2
7084,1
7085,1
7086,2
7087,4
7088,0
7089,1
7090,2
7091,1
7092,1
7093,2
7094,1
7095,0
7096,3
7097,3
7098,2
7099,0
7100,1
7101,4
7102,0
7103,0
7104,2
7105,1
7106,1
7107,4
7108,2
7109,0
7110,0
7111,0
7112,2
7113,0
7114,2
7115,1
7116,0
7117,1
7118,2
7119,2
7120,0
7121,0
7122,1
7123,4
7124,3
7125,3
7126,0
7127,0
7128,4
7129,1
7130,1
7131,0
7132,0
7133,2
7134,1
7135,2
7136,0
7137,0
7138,0
7139,0
7140,1
7141,6
7142,1
7143,1
7144,2
7145,1
7146,0
7147,0
7148,0
7149,0
7150,1
7151,0
7152,1
7153,0
7154,1
7155,2
7156,0
7157,0
7158,5
7159,1
7160,2
7161,0
7162,4
7163,3
7164,2
7165,0
7166,1
7167,2
7168,0
7169,3
7170,4
7171,2
7172,0
7173,0
7174,2
7175,2
7176,3
7177,0
7178,0
7179,0
7180,2
7181,1
7182,0
7183,3
7184,3
7185,1
7186,3
7187,3
7188,0
7189,1
7190,0
7191,1
7192,0
7193,0
7194,2
7195,0
7196,0
7197,0
7198,1
7199,1
7200,4
7201,2
7202,1
7203,1
7204,0
7205,1
7206,1
7207,0
7208,0
7209,1
7210,0
7211,0
7212,0
7213,2
7214,0
7215,2
7216,2
7217,1
7218,2
7219,3
7220,1
7221,0
7222,1
7223,2
7224,2
7225,1
7226,1
7227,1
7228,0
7229,1
7230,2
7231,1
7232,2
7233,2
7234,1
7235,1
7236,1
7237,1
7238,3
7239,1
7240,0
7241,0
7242,4
7243,0
7244,3
7245,0
7246,1
7247,4
7248,2
7249,2
7250,0
7251,1
7252,1
7253,0
7254,2
7255,1
7256,1
7257,1
7258,0
7259,2
7260,0
7261,0
7262,0
7263,0
7264,2
7265,0
7266,1
7267,2
7268,0
7269,0
7270,0
7271,1
7272,2
7273,2
7274,2
7275,1
7276,3
7277,2
7278,0
7279,1
7280,1
7281,2
7282,3
7283,1
7284,0
7285,0
7286,1
7287,1
7288,3
7289,0
7290,0
7291,0
7292,0
7293,2
7294,0
7295,1
7296,0
7297,1
7298,0
7299,0
7300,1
7301,3
7302,2
7303,1
7304,0
7305,2
7306,2
7307,1
7308,3
7309,0
7310,0
7311,5
7312,1
7313,0
7314,0
7315,2
7316,3
7317,4
7318,0
7319,3
7320,0
7321,0
7322,2
7323,0
7324,0
7325,4
7326,2
7327,1
7328,2
7329,0
7330,3
7331,2
7332,0
7333,0
7334,2
7335,2
7336,1
7337,3
7338,2
7339,6
7340,2
7341,2
7342,0
7343,0
7344,1
7345,2
7346,0
7347,0
7348,1
7349,0
7350,5
7351,1
7352,0
7353,3
7354,4
7355,1
7356,1
7357,2
7358,3
7359,1
7360,0
7361,1
7362,1
7363,0
7364,2
7365,0
7366,2
7367,0
7368,1
7369,0
7370,1
7371,0
7372,1
7373,2
7374,0
7375,0
7376,0
7377,0
7378,1
7379,0
7380,1
7381,0
7382,3
7383,1
7384,1
7385,2
7386,2
7387,1
7388,2
7389,0
7390,1
7391,1
7392,3
7393,1
7394,1
7395,0
7396,0
7397,0
7398,0
7399,2
7400,1
7401,1
7402,0
7403,0
7404,1
7405,2
7406,1
7407,0
7408,1
7409,2
7410,2
7411,2
7412,2
7413,1
7414,3
7415,1
7416,0
7417,1
7418,2
7419,2
7420,2
7421,0
7422,1
7423,0
7424,0
7425,0
7426,0
7427,5
7428,0
7429,2
7430,0
7431,2
7432,2
7433,0
7434,0
7435,5
7436,3
7437,0
7438,1
7439,0
7440,0
7441,0
7442,1
7443,0
7444,0
7445,0
7446,0
7447,3
7448,1
7449,0
7450,4
7451,2
7452,0
7453,2
7454,3
7455,1
7456,3
7457,1
7458,1
7459,0
7460,1
7461,0
7462,3
7463,2
7464,1
7465,0
7466,3
7467,0
7468,0
7469,0
7470,3
7471,0
7472,1
7473,4
7474,0
7475,2
7476,0
7477,0
7478,0
7479,1
7480,0
7481,0
7482,2
7483,5
7484,2
7485,2
7486,0
7487,4
7488,1
7489,0
7490,0
7491,1
7492,2
7493,1
7494,0
7495,3
7496,2
7497,1
7498,1
7499,2
7500,0
7501,0
7502,3
7503,1
7504,2
7505,3
7506,0
7507,0
7508,3
7509,1
7510,2
7511,4
7512,1
7513,2
7514,1
7515,1
7516,3
7517,0
7518,0
7519,0
7520,0
7521,1
7522,2
7523,0
7524,1
7525,2
7526,0
7527,1
7528,3
7529,0
7530,0
7531,1
7532,0
7533,3
7534,1
7535,1
7536,0
7537,0
7538,1
7539,2
7540,1
7541,1
7542,0
7543,3
7544,1
7545,0
7546,0
7547,2
7548,2
7549,2
7550,0
7551,1
7552,0
7553,4
7554,0
7555,1
7556,1
7557,1
7558,0
7559,0
7560,0
7561,2
7562,2
7563,1
7564,1
7565,3
7566,0
7567,0
7568,2
7569,0
7570,1
7571,0
7572,1
7573,5
7574,0
7575,1
7576,1
7577,2
7578,1
7579,2
7580,3
7581,0
7582,1
7583,2
7584,0
7585,3
7586,0
7587,1
7588,0
7589,3
7590,0
7591,4
7592,1
7593,1
7594,1
7595,0
7596,0
7597,0
7598,3
7599,0
7600,2
7601,0
7602,1
7603,0
7604,4
7605,1
7606,0
7607,2
7608,1
7609,1
7610,1
7611,2
7612,1
7613,2
7614,0
7615,1
7616,1
7617,0
7618,0
7619,0
7620,3
7621,0
7622,2
7623,3
7624,1
7625,3
7626,0
7627,0
7628,1
7629,2
7630,0
7631,1
7632,3
7633,0
7634,0
7635,1
7636,3
7637,1
7638,0
7639,2
7640,2
7641,0
7642,1
7643,1
7644,1
7645,2
7646,2
7647,3
7648,1
7649,0
7650,1
7651,0
7652,1
7653,0
7654,1
7655,0
7656,0
7657,0
7658,0
7659,3
7660,1
7661,2
7662,0
7663,1
7664,1
7665,0
7666,0
7667,2
7668,0
7669,1
7670,2
7671,1
7672,3
7673,0
7674,2
7675,1
7676,1
7677,0
7678,1
7679,1
7680,1
7681,1
7682,1
7683,0
7684,2
7685,4
7686,1
7687,0
7688,0
7689,2
7690,0
7691,1
7692,3
7693,0
7694,1
7695,3
7696,1
7697,1
7698,2
7699,1
7700,0
7701,1
7702,0
7703,1
7704,1
7705,1
7706,2
7707,0
7708,3
7709,0
7710,3
7711,1
7712,1
7713,0
7714,1
7715,2
7716,0
7717,0
7718,2
7719,2
7720,2
7721,1
7722,2
7723,0
7724,0
7725,2
7726,2
7727,2
7728,1
7729,1
7730,1
7731,1
7732,2
7733,3
7734,0
7735,2
7736,0
7737,0
7738,0
7739,0
7740,0
7741,0
7742,0
7743,2
7744,2
7745,4
7746,0
7747,2
7748,0
7749,1
7750,2
7751,1
7752,0
7753,1
7754,0
7755,4
7756,1
7757,0
7758,2
7759,5
7760,1
7761,4
7762,3
7763,1
7764,2
7765,0
7766,5
7767,1
7768,0
7769,1
7770,1
7771,1
7772,1
7773,2
7774,2
7775,1
7776,3
7777,1
7778,3
7779,1
7780,1
7781,0
7782,2
7783,1
7784,1
7785,4
7786,2
7787,0
7788,1
7789,1
7790,0
7791,1
7792,1
7793,0
7794,2
7795,0
7796,1
7797,1
7798,0
7799,1
7800,1
7801,2
7802,0
7803,0
7804,1
7805,0
7806,0
7807,2
7808,0
7809,0
7810,1
7811,1
7812,1
7813,1
7814,1
7815,0
7816,0
7817,1
7818,2
7819,0
7820,0
7821,0
7822,1
7823,0
7824,1
7825,2
7826,0
7827,0
7828,0
7829,3
7830,0
7831,0
7832,1
7833,0
7834,1
7835,2
7836,2
7837,3
7838,2
7839,3
7840,2
7841,1
7842,2
7843,0
7844,1
7845,0
7846,2
7847,0
7848,1
7849,0
7850,0
7851,2
7852,0
7853,1
7854,2
7855,0
7856,0
7857,1
7858,0
7859,0
7860,0
7861,1
7862,0
7863,1
7864,1
7865,1
7866,1
7867,1
7868,2
7869,1
7870,1
7871,1
7872,0
7873,0
7874,0
7875,1
7876,1
7877,1
7878,1
7879,0
7880,0
7881,2
7882,3
7883,2
7884,1
7885,5
7886,1
7887,0
7888,0
7889,0
7890,2
7891,3
7892,1
7893,1
7894,1
7895,2
7896,1
7897,0
7898,1
7899,0
7900,0
7901,0
7902,3
7903,2
7904,0
7905,1
7906,0
7907,0
7908,0
7909,0
7910,0
7911,0
7912,1
7913,1
7914,2
7915,0
7916,0
7917,5
7918,1
7919,1
7920,2
7921,2
7922,0
7923,2
7924,1
7925,2
7926,0
7927,0
7928,0
7929,1
7930,2
7931,1
7932,0
7933,1
7934,0
7935,1
7936,1
7937,1
7938,3
7939,0
7940,2
7941,0
7942,3
7943,0
7944,2
7945,1
7946,1
7947,1
7948,3
7949,1
7950,1
7951,3
7952,0
7953,2
7954,2
7955,3
7956,4
7957,1
7958,2
7959,2
7960,1
7961,0
7962,2
7963,0
7964,3
7965,0
7966,0
7967,0
7968,0
7969,1
7970,0
7971,5
7972,0
7973,2
7974,0
7975,0
7976,0
7977,0
7978,2
7979,0
7980,3
7981,1
7982,3
7983,2
7984,1
7985,1
7986,0
7987,2
7988,2
7989,1
7990,0
7991,0
7992,1
7993,1
7994,0
7995,0
7996,0
7997,0
7998,1
7999,0
8000,1
8001,3
8002,2
8003,0
8004,5
8005,3
8006,2
8007,0
8008,1
8009,5
8010,0
8011,1
8012,0
8013,0
8014,1
8015,0
8016,2
8017,2
8018,0
8019,1
8020,0
8021,4
8022,0
8023,2
8024,0
8025,0
8026,5
8027,0
8028,2
8029,1
8030,1
8031,0
8032,2
8033,0
8034,0
8035,1
8036,0
8037,1
8038,0
8039,7
8040,1
8041,2
8042,1
8043,0
8044,3
8045,3
8046,0
8047,0
8048,0
8049,2
8050,0
8051,1
8052,0
8053,2
8054,2
8055,3
8056,0
8057,0
8058,0
8059,1
8060,0
8061,1
8062,3
8063,1
8064,2
8065,0
8066,2
8067,0
8068,1
8069,2
8070,2
8071,3
8072,1
8073,0
8074,1
8075,0
8076,0
8077,1
8078,0
8079,0
8080,2
8081,1
8082,1
8083,3
8084,1
8085,3
8086,1
8087,0
8088,0
8089,0
8090,1
8091,0
8092,0
8093,1
8094,1
8095,0
8096,3
8097,3
8098,1
8099,4
8100,3
8101,3
8102,0
8103,0
8104,1
8105,2
8106,0
8107,2
8108,1
8109,1
8110,1
8111,1
8112,1
8113,1
8114,0
8115,3
8116,2
8117,0
8118,1
8119,1
8120,3
8121,0
8122,1
8123,1
8124,2
8125,4
8126,2
8127,1
8128,2
8129,1
8130,1
8131,0
8132,1
8133,2
8134,1
8135,1
8136,3
8137,0
8138,1
8139,0
8140,1
8141,0
8142,1
8143,0
8144,1
8145,1
8146,3
8147,3
8148,0
8149,3
8150,0
8151,0
8152,3
8153,1
8154,0
8155,0
8156,0
8157,0
8158,1
8159,1
8160,1
8161,1
8162,1
8163,0
8164,0
8165,0
8166,1
8167,1
8168,1
8169,1
8170,0
8171,1
8172,0
8173,3
8174,1
8175,2
8176,0
8177,0
8178,0
8179,1
8180,1
8181,2
8182,0
8183,1
8184,1
8185,0
8186,0
8187,0
8188,1
8189,2
8190,0
8191,0
8192,1
8193,2
8194,2
8195,2
8196,0
8197,2
8198,0
8199,3
8200,1
8201,1
8202,2
8203,0
8204,0
8205,1
8206,4
8207,2
8208,3
8209,1
8210,3
8211,1
8212,2
8213,1
8214,1
8215,0
8216,1
8217,0
8218,1
8219,2
8220,0
8221,0
8222,1
8223,1
8224,0
8225,0
8226,0
8227,0
8228,2
8229,1
8230,1
8231,1
8232,0
8233,0
8234,1
8235,4
8236,2
8237,1
8238,0
8239,0
8240,0
8241,3
8242,0
8243,0
8244,0
8245,1
8246,0
8247,1
8248,0
8249,0
8250,0
8251,1
8252,3
8253,0
8254,0
8255,2
8256,1
8257,2
8258,2
8259,2
8260,3
8261,0
8262,1
8263,1
8264,1
8265,0
8266,2
8267,2
8268,4
8269,1
8270,0
8271,2
8272,2
8273,1
8274,0
8275,0
8276,2
8277,1
8278,2
8279,1
8280,3
8281,0
8282,2
8283,1
8284,1
8285,2
8286,0
8287,0
8288,1
8289,2
8290,1
8291,1
8292,0
8293,1
8294,2
8295,2
8296,1
8297,1
8298,0
8299,1
8300,1
8301,1
8302,0
8303,1
8304,2
8305,7
8306,0
8307,1
8308,2
8309,1
8310,1
8311,0
8312,1
8313,1
8314,1
8315,1
8316,0
8317,2
8318,0
8319,1
8320,1
8321,1
8322,0
8323,3
8324,1
8325,2
8326,3
8327,1
8328,2
8329,0
8330,2
8331,2
8332,1
8333,3
8334,1
8335,0
8336,1
8337,1
8338,1
8339,0
8340,0
8341,0
8342,0
8343,0
8344,0
8345,0
8346,1
8347,0
8348,0
8349,1
8350,0
8351,1
8352,0
8353,2
8354,0
8355,0
8356,1
8357,2
8358,0
8359,0
8360,0
8361,0
8362,2
8363,2
8364,0
8365,0
8366,1
8367,1
8368,0
8369,5
8370,2
8371,3
8372,0
8373,1
8374,5
8375,3
8376,3
8377,0
8378,1
8379,1
8380,1
8381,0
8382,1
8383,1
8384,2
8385,1
8386,0
8387,1
8388,0
8389,2
8390,2
8391,1
8392,1
8393,0
8394,0
8395,0
8396,0
8397,2
8398,1
8399,2
8400,1
8401,0
8402,3
8403,1
8404,0
8405,0
8406,2
8407,1
8408,1
8409,1
8410,0
8411,1
8412,1
8413,0
8414,2
8415,0
8416,0
8417,2
8418,4
8419,0
8420,2
8421,0
8422,3
8423,1
8424,1
8425,1
8426,0
8427,0
8428,0
8429,0
8430,0
8431,3
8432,2
8433,0
8434,0
8435,1
8436,1
8437,0
8438,2
8439,0
8440,0
8441,0
8442,1
8443,0
8444,0
8445,1
8446,0
8447,4
8448,0
8449,0
8450,2
8451,1
8452,4
8453,0
8454,1
8455,1
8456,0
8457,0
8458,3
8459,1
8460,0
8461,1
8462,0
8463,2
8464,0
8465,0
8466,0
8467,2
8468,1
8469,2
8470,0
8471,2
8472,2
8473,1
8474,0
8475,0
8476,0
8477,2
8478,10
8479,1
8480,2
8481,2
8482,1
8483,1
8484,2
8485,2
8486,1
8487,1
8488,3
8489,0
8490,1
8491,1
8492,1
8493,1
8494,2
8495,2
8496,1
8497,0
8498,0
8499,1
8500,0
8501,0
8502,6
8503,1
8504,1
8505,2
8506,0
8507,3
8508,1
8509,0
8510,2
8511,3
8512,1
8513,3
8514,2
8515,1
8516,0
8517,2
8518,2
8519,2
8520,1
8521,0
8522,0
8523,3
8524,1
8525,2
8526,1
8527,1
8528,0
8529,2
8530,1
8531,1
8532,2
8533,1
8534,2
8535,1
8536,1
8537,1
8538,2
8539,1
8540,2
8541,1
8542,3
8543,2
8544,1
8545,3
8546,2
8547,1
8548,1
8549,0
8550,4
8551,4
8552,2
8553,0
8554,1
8555,1
8556,2
8557,2
8558,2
8559,0
8560,0
8561,2
8562,2
8563,0
8564,3
8565,1
8566,2
8567,0
8568,0
8569,2
8570,3
8571,0
8572,2
8573,3
8574,0
8575,0
8576,0
8577,0
8578,1
8579,0
8580,3
8581,0
8582,0
8583,1
8584,0
8585,1
8586,2
8587,1
8588,1
8589,2
8590,1
8591,2
8592,1
8593,1
8594,2
8595,2
8596,1
8597,0
8598,2
8599,1
8600,1
8601,1
8602,0
8603,1
8604,3
8605,0
8606,6
8607,1
8608,2
8609,2
8610,0
8611,0
8612,1
8613,0
8614,3
8615,0
8616,2
8617,0
8618,2
8619,0
8620,4
8621,1
8622,1
8623,0
8624,2
8625,1
8626,0
8627,0
8628,3
8629,1
8630,1
8631,1
8632,0
8633,0
8634,0
8635,1
8636,1
8637,1
8638,1
8639,0
8640,1
8641,0
8642,1
8643,4
8644,3
8645,0
8646,0
8647,1
8648,0
8649,0
8650,1
8651,1
8652,1
8653,2
8654,2
8655,0
8656,3
8657,1
8658,0
8659,0
8660,0
8661,1
8662,1
8663,1
8664,0
8665,0
8666,0
8667,3
8668,2
8669,1
8670,2
8671,1
8672,0
8673,2
8674,0
8675,1
8676,3
8677,2
8678,1
8679,2
8680,2
8681,3
8682,1
8683,1
8684,2
8685,1
8686,0
8687,0
8688,3
8689,2
8690,1
8691,2
8692,0
8693,1
8694,0
8695,1
8696,2
8697,1
8698,3
8699,1
8700,0
8701,1
8702,1
8703,2
8704,3
8705,0
8706,1
8707,0
8708,4
8709,2
8710,0
8711,3
8712,1
8713,0
8714,3
8715,0
8716,1
8717,0
8718,2
8719,5
8720,2
8721,0
8722,0
8723,0
8724,0
8725,2
8726,1
8727,0
8728,1
8729,1
8730,3
8731,1
8732,2
8733,2
8734,1
8735,0
8736,1
8737,0
8738,1
8739,2
8740,0
8741,1
8742,1
8743,0
8744,0
8745,0
8746,2
8747,1
8748,1
8749,1
8750,1
8751,0
8752,1
8753,1
8754,2
8755,3
8756,2
8757,1
8758,0
8759,0
8760,2
8761,3
8762,4
8763,0
8764,3
8765,0
8766,1
8767,1
8768,3
8769,0
8770,0
8771,4
8772,0
8773,3
8774,0
8775,2
8776,0
8777,0
8778,1
8779,0
8780,1
8781,0
8782,1
8783,1
8784,1
8785,2
8786,2
8787,1
8788,1
8789,0
8790,0
8791,1
8792,0
8793,2
8794,1
8795,0
8796,0
8797,1
8798,4
8799,0
8800,2
8801,3
8802,1
8803,3
8804,3
8805,1
8806,0
8807,0
8808,2
8809,0
8810,1
8811,1
8812,0
8813,1
8814,0
8815,1
8816,1
8817,2
8818,0
8819,2
8820,1
8821,1
8822,0
8823,0
8824,2
8825,2
8826,0
8827,2
8828,0
8829,0
8830,0
8831,3
8832,1
8833,0
8834,1
8835,6
8836,1
8837,1
8838,3
8839,2
8840,1
8841,1
8842,1
8843,0
8844,3
8845,0
8846,0
8847,2
8848,2
8849,0
8850,3
8851,0
8852,2
8853,1
8854,3
8855,2
8856,0
8857,1
8858,2
8859,1
8860,0
8861,0
8862,1
8863,0
8864,3
8865,0
8866,0
8867,3
8868,2
8869,0
8870,0
8871,1
8872,0
8873,1
8874,2
8875,1
8876,2
8877,3
8878,0
8879,0
8880,4
8881,1
8882,0
8883,0
8884,1
8885,2
8886,0
8887,2
8888,1
8889,0
8890,0
8891,0
8892,1
8893,0
8894,1
8895,1
8896,2
8897,0
8898,0
8899,4
8900,3
8901,3
8902,1
8903,5
8904,3
8905,1
8906,0
8907,3
8908,1
8909,0
8910,1
8911,0
8912,0
8913,1
8914,0
8915,0
8916,1
8917,2
8918,3
8919,0
8920,0
8921,1
8922,1
8923,1
8924,2
8925,1
8926,1
8927,1
8928,2
8929,1
8930,0
8931,1
8932,2
8933,0
8934,1
8935,4
8936,2
8937,2
8938,1
8939,1
8940,1
8941,2
8942,1
8943,0
8944,1
8945,2
8946,1
8947,0
8948,3
8949,0
8950,1
8951,0
8952,1
8953,0
8954,2
8955,0
8956,2
8957,2
8958,0
8959,0
8960,1
8961,0
8962,0
8963,1
8964,1
8965,2
8966,0
8967,1
8968,3
8969,0
8970,0
8971,0
8972,2
8973,2
8974,0
8975,1
8976,1
8977,1
8978,3
8979,2
8980,3
8981,2
8982,3
8983,2
8984,1
8985,1
8986,1
8987,0
8988,2
8989,0
8990,0
8991,2
8992,3
8993,1
8994,0
8995,0
8996,0
8997,2
8998,0
8999,2
9000,0
9001,0
9002,0
9003,3
9004,1
9005,1
9006,2
9007,1
9008,1
9009,1
9010,0
9011,0
9012,1
9013,0
9014,1
9015,1
9016,0
9017,2
9018,3
9019,1
9020,2
9021,0
9022,1
9023,1
9024,0
9025,1
9026,0
9027,1
9028,0
9029,4
9030,3
9031,2
9032,1
9033,2
9034,4
9035,0
9036,5
9037,0
9038,2
9039,2
9040,0
9041,0
9042,0
9043,1
9044,1
9045,5
9046,1
9047,0
9048,0
9049,2
9050,1
9051,3
9052,0
9053,0
9054,1
9055,3
9056,0
9057,0
9058,2
9059,1
9060,0
9061,1
9062,0
9063,0
9064,0
9065,1
9066,1
9067,1
9068,2
9069,1
9070,2
9071,0
9072,0
9073,1
9074,0
9075,1
9076,0
9077,2
9078,2
9079,2
9080,0
9081,1
9082,0
9083,0
9084,0
9085,0
9086,2
9087,1
9088,0
9089,0
9090,0
9091,1
9092,1
9093,3
9094,1
9095,2
9096,0
9097,2
9098,0
9099,2
9100,2
9101,0
9102,3
9103,0
9104,1
9105,0
9106,0
9107,2
9108,2
9109,0
9110,1
9111,1
9112,1
9113,2
9114,0
9115,1
9116,0
9117,1
9118,1
9119,0
9120,0
9121,0
9122,2
9123,1
9124,3
9125,1
9126,1
9127,1
9128,0
9129,3
9130,1
9131,1
9132,2
9133,2
9134,1
9135,0
9136,0
9137,2
9138,1
9139,1
9140,1
9141,2
9142,1
9143,0
9144,1
9145,0
9146,1
9147,2
9148,2
9149,3
9150,2
9151,0
9152,0
9153,1
9154,0
9155,4
9156,0
9157,2
9158,3
9159,2
9160,0
9161,1
9162,2
9163,0
9164,2
9165,1
9166,1
9167,0
9168,1
9169,0
9170,1
9171,2
9172,0
9173,3
9174,2
9175,2
9176,1
9177,0
9178,0
9179,2
9180,2
9181,1
9182,4
9183,0
9184,0
9185,0
9186,1
9187,3
9188,3
9189,1
9190,1
9191,1
9192,1
9193,0
9194,1
9195,2
9196,0
9197,2
9198,0
9199,1
9200,1
9201,1
9202,0
9203,3
9204,1
9205,0
9206,0
9207,2
9208,2
9209,0
9210,0
9211,2
9212,1
9213,2
9214,1
9215,2
9216,1
9217,4
9218,3
9219,1
9220,1
9221,1
9222,1
9223,3
9224,0
9225,0
9226,1
9227,4
9228,0
9229,2
9230,0
9231,2
9232,1
9233,2
9234,0
9235,0
9236,2
9237,1
9238,0
9239,1
9240,1
9241,0
9242,0
9243,1
9244,2
9245,1
9246,1
9247,1
9248,1
9249,2
9250,0
9251,1
9252,1
9253,3
9254,1
9255,2
9256,1
9257,1
9258,2
9259,0
9260,1
9261,1
9262,2
9263,1
9264,0
9265,1
9266,0
9267,0
9268,0
9269,0
9270,4
9271,0
9272,0
9273,1
9274,1
9275,0
9276,1
9277,0
9278,0
9279,1
9280,0
9281,3
9282,1
9283,0
9284,2
9285,0
9286,0
9287,0
9288,2
9289,4
9290,1
9291,1
9292,0
9293,4
9294,0
9295,1
9296,1
9297,4
9298,1
9299,1
9300,1
9301,1
9302,0
9303,1
9304,3
9305,0
9306,1
9307,0
9308,0
9309,0
9310,2
9311,1
9312,0
9313,1
9314,1
9315,0
9316,0
9317,2
9318,3
9319,1
9320,1
9321,0
9322,3
9323,1
9324,1
9325,2
9326,0
9327,0
9328,0
9329,1
9330,1
9331,1
9332,3
9333,0
9334,0
9335,2
9336,1
9337,1
9338,3
9339,0
9340,0
9341,1
9342,1
9343,0
9344,1
9345,5
9346,1
9347,0
9348,0
9349,0
9350,1
9351,1
9352,1
9353,1
9354,2
9355,0
9356,3
9357,1
9358,0
9359,1
9360,0
9361,2
9362,0
9363,2
9364,1
9365,0
9366,2
9367,0
9368,0
9369,1
9370,0
9371,0
9372,1
9373,2
9374,2
9375,1
9376,0
9377,1
9378,0
9379,0
9380,0
9381,0
9382,0
9383,3
9384,3
9385,2
9386,1
9387,1
9388,0
9389,3
9390,1
9391,2
9392,2
9393,2
9394,0
9395,0
9396,0
9397,1
9398,2
9399,0
9400,1
9401,0
9402,0
9403,0
9404,0
9405,1
9406,0
9407,0
9408,1
9409,1
9410,1
9411,0
9412,0
9413,1
9414,2
9415,1
9416,1
9417,1
9418,2
9419,0
9420,0
9421,2
9422,1
9423,1
9424,0
9425,0
9426,0
9427,0
9428,2
9429,0
9430,1
9431,0
9432,0
9433,1
9434,1
9435,0
9436,1
9437,2
9438,1
9439,2
9440,3
9441,0
9442,3
9443,0
9444,2
9445,0
9446,1
9447,0
9448,1
9449,1
9450,1
9451,0
9452,2
9453,1
9454,0
9455,1
9456,2
9457,2
9458,0
9459,3
9460,1
9461,2
9462,0
9463,3
9464,4
9465,2
9466,0
9467,1
9468,3
9469,1
9470,3
9471,2
9472,0
9473,3
9474,1
9475,3
9476,0
9477,1
9478,0
9479,1
9480,3
9481,0
9482,0
9483,0
9484,2
9485,2
9486,0
9487,1
9488,0
9489,0
9490,2
9491,0
9492,2
9493,0
9494,1
9495,2
9496,0
9497,0
9498,1
9499,2
9500,1
9501,3
9502,0
9503,1
9504,0
9505,2
9506,2
9507,1
9508,2
9509,0
9510,0
9511,2
9512,1
9513,3
9514,2
9515,0
9516,1
9517,1
9518,1
9519,1
9520,1
9521,1
9522,2
9523,1
9524,1
9525,3
9526,0
9527,0
9528,0
9529,1
9530,0
9531,1
9532,0
9533,0
9534,2
9535,0
9536,0
9537,3
9538,1
9539,0
9540,2
9541,0
9542,1
9543,0
9544,1
9545,0
9546,0
9547,1
9548,3
9549,2
9550,1
9551,1
9552,1
9553,2
9554,0
9555,0
9556,4
9557,2
9558,0
9559,0
9560,1
9561,0
9562,1
9563,1
9564,2
9565,1
9566,0
9567,2
9568,1
9569,0
9570,1
9571,1
9572,0
9573,1
9574,0
9575,2
9576,1
9577,1
9578,1
9579,1
9580,1
9581,1
9582,0
9583,0
9584,4
9585,1
9586,2
9587,1
9588,2
9589,1
9590,0
9591,0
9592,0
9593,1
9594,0
9595,0
9596,1
9597,0
9598,1
9599,0
9600,0
9601,3
9602,0
9603,3
9604,3
9605,2
9606,0
9607,0
9608,1
9609,0
9610,1
9611,0
9612,2
9613,0
9614,0
9615,4
9616,0
9617,0
9618,3
9619,1
9620,1
9621,1
9622,0
9623,0
9624,2
9625,2
9626,1
9627,1
9628,0
9629,0
9630,0
9631,0
9632,1
9633,2
9634,2
9635,1
9636,1
9637,1
9638,1
9639,1
9640,0
9641,0
9642,0
9643,1
9644,0
9645,1
9646,0
9647,1
9648,1
9649,0
9650,0
9651,1
9652,2
9653,1
9654,0
9655,0
9656,1
9657,1
9658,0
9659,0
9660,2
9661,0
9662,2
9663,0
9664,2
9665,0
9666,1
9667,0
9668,0
9669,0
9670,3
9671,0
9672,1
9673,2
9674,1
9675,0
9676,2
9677,0
9678,1
9679,1
9680,0
9681,1
9682,0
9683,2
9684,1
9685,0
9686,1
9687,2
9688,1
9689,0
9690,1
9691,3
9692,0
9693,0
9694,3
9695,2
9696,1
9697,0
9698,2
9699,2
9700,3
9701,0
9702,2
9703,1
9704,1
9705,1
9706,0
9707,3
9708,1
9709,0
9710,1
9711,1
9712,4
9713,2
9714,1
9715,0
9716,2
9717,0
9718,0
9719,1
9720,1
9721,0
9722,0
9723,1
9724,1
9725,1
9726,2
9727,1
9728,0
9729,1
9730,2
9731,3
9732,0
9733,1
9734,0
9735,0
9736,0
9737,1
9738,0
9739,1
9740,1
9741,0
9742,1
9743,2
9744,0
9745,1
9746,2
9747,2
9748,1
9749,2
9750,1
9751,2
9752,0
9753,1
9754,1
9755,0
9756,1
9757,2
9758,1
9759,1
9760,1
9761,0
9762,3
9763,0
9764,2
9765,0
9766,1
9767,1
9768,1
9769,1
9770,0
9771,1
9772,1
9773,2
9774,2
9775,0
9776,3
9777,0
9778,0
9779,1
9780,0
9781,1
9782,3
9783,3
9784,2
9785,2
9786,1
9787,3
9788,3
9789,1
9790,2
9791,0
9792,2
9793,1
9794,3
9795,0
9796,1
9797,2
9798,0
9799,0
9800,1
9801,1
9802,2
9803,1
9804,2
9805,1
9806,3
9807,2
9808,0
9809,2
9810,0
9811,1
9812,0
9813,0
9814,2
9815,0
9816,1
9817,1
9818,2
9819,1
9820,0
9821,2
9822,0
9823,2
9824,2
9825,0
9826,3
9827,2
9828,1
9829,1
9830,3
9831,0
9832,0
9833,1
9834,3
9835,1
9836,1
9837,2
9838,0
9839,0
9840,2
9841,1
9842,1
9843,0
9844,0
9845,1
9846,2
9847,2
9848,1
9849,0
9850,0
9851,2
9852,1
9853,0
9854,1
9855,0
9856,1
9857,1
9858,0
9859,1
9860,2
9861,1
9862,0
9863,1
9864,0
9865,0
9866,0
9867,2
9868,2
9869,0
9870,1
9871,1
9872,2
9873,2
9874,0
9875,1
9876,3
9877,1
9878,2
9879,1
9880,1
9881,1
9882,0
9883,2
9884,2
9885,3
9886,0
9887,2
9888,0
9889,2
9890,1
9891,3
9892,1
9893,0
9894,3
9895,2
9896,0
9897,3
9898,1
9899,2
9900,2
9901,0
9902,0
9903,0
9904,0
9905,1
9906,0
9907,2
9908,1
9909,2
9910,1
9911,3
9912,1
9913,0
9914,1
9915,2
9916,0
9917,1
9918,1
9919,1
9920,2
9921,0
9922,1
9923,1
9924,0
9925,0
9926,2
9927,2
9928,1
9929,2
9930,1
9931,1
9932,1
9933,0
9934,2
9935,0
9936,1
9937,2
9938,1
9939,0
9940,4
9941,1
9942,4
9943,2
9944,3
9945,2
9946,1
9947,1
9948,1
9949,0
9950,5
9951,1
9952,1
9953,0
9954,1
9955,2
9956,1
9957,0
9958,1
9959,2
9960,0
9961,0
9962,1
9963,3
9964,2
9965,0
9966,1
9967,0
9968,2
9969,3
9970,1
9971,0
9972,0
9973,1
9974,0
9975,1
9976,1
9977,3
9978,0
9979,3
9980,2
9981,2
9982,1
9983,2
9984,1
9985,1
9986,1
9987,1
9988,0
9989,1
9990,5
9991,0
9992,0
9993,0
9994,0
9995,0
9996,0
9997,1
9998,1
9999,2
