0,130
1,175
2,0
3,0
4,0
5,76
6,65
7,35
8,5
9,0
10,11
11,6
12,14
13,29
14,72
15,48
16,34
17,0
18,48
19,13
20,31
21,10
22,0
23,0
24,0
25,1
26,1
27,3
28,24
29,0
30,82
31,34
32,44
33,19
34,0
35,11
36,0
37,0
38,4
39,91
40,60
41,10
42,16
43,13
44,24
45,3
46,15
47,55
48,2
49,30
50,0
51,28
52,0
53,0
54,7
55,0
56,56
57,21
58,18
59,28
60,4
61,2
62,0
63,16
64,47
65,35
66,20
67,29
68,15
69,22
70,25
71,0
72,3
73,0
74,0
75,50
76,0
77,4
78,0
79,20
80,15
81,0
82,16
83,0
84,0
85,2
86,0
87,1
88,6
89,7
90,29
91,31
92,4
93,22
94,59
95,26
96,4
97,20
98,0
99,0
100,3
101,17
102,11
103,0
104,22
105,0
106,0
107,1
108,3
109,4
110,8
111,0
112,15
113,6
114,24
115,0
116,20
117,0
118,17
119,6
120,0
121,3
122,4
123,9
124,0
125,4
126,0
127,0
128,12
129,47
130,6
131,8
132,9
133,1
134,0
135,7
136,13
137,5
138,2
139,25
140,0
141,14
142,0
143,0
144,29
145,1
146,0
147,18
148,0
149,11
150,3
151,4
152,0
153,10
154,0
155,0
156,26
157,0
158,24
159,0
160,15
161,0
162,31
163,4
164,0
165,7
166,2
167,0
168,6
169,7
170,13
171,0
172,0
173,6
174,0
175,0
176,0
177,4
178,0
179,7
180,0
181,0
182,30
183,34
184,19
185,2
186,2
187,2
188,33
189,16
190,2
191,0
192,1
193,10
194,10
195,0
196,1
197,7
198,18
199,6
200,0
201,21
202,19
203,0
204,4
205,21
206,4
207,9
208,13
209,10
210,0
211,0
212,0
213,11
214,0
215,21
216,0
217,6
218,18
219,0
220,0
221,1
222,1
223,1
224,0
225,0
226,0
227,5
228,3
229,0
230,3
231,13
232,2
233,14
234,0
235,12
236,3
237,0
238,6
239,11
240,2
241,7
242,0
243,0
244,6
245,0
246,0
247,0
248,3
249,9
250,29
251,0
252,0
253,2
254,11
255,0
256,1
257,4
258,4
259,0
260,22
261,6
262,8
263,0
264,28
265,0
266,7
267,0
268,0
269,0
270,0
271,4
272,6
273,0
274,2
275,0
276,0
277,0
278,9
279,8
280,13
281,0
282,0
283,1
284,14
285,20
286,3
287,33
288,10
289,1
290,5
291,9
292,0
293,1
294,0
295,5
296,17
297,4
298,1
299,0
300,0
301,5
302,0
303,28
304,11
305,5
306,0
307,10
308,5
309,0
310,24
311,7
312,0
313,0
314,14
315,0
316,51
317,5
318,0
319,0
320,0
321,0
322,0
323,6
324,5
325,8
326,20
327,0
328,4
329,2
330,11
331,20
332,8
333,14
334,13
335,0
336,0
337,0
338,0
339,16
340,14
341,0
342,0
343,2
344,0
345,2
346,2
347,0
348,15
349,0
350,0
351,1
352,5
353,0
354,0
355,1
356,8
357,7
358,6
359,3
360,6
361,18
362,18
363,19
364,0
365,0
366,14
367,0
368,0
369,6
370,2
371,9
372,0
373,8
374,8
375,0
376,10
377,10
378,0
379,12
380,0
381,0
382,3
383,38
384,4
385,0
386,10
387,23
388,6
389,8
390,0
391,21
392,1
393,1
394,0
395,4
396,10
397,1
398,4
399,0
400,6
401,0
402,7
403,4
404,0
405,0
406,3
407,3
408,6
409,0
410,8
411,6
412,10
413,0
414,0
415,2
416,2
417,1
418,0
419,0
420,2
421,0
422,6
423,11
424,0
425,0
426,0
427,5
428,17
429,0
430,3
431,7
432,2
433,0
434,0
435,17
436,1
437,0
438,0
439,0
440,2
441,0
442,9
443,22
444,2
445,7
446,0
447,1
448,5
449,0
450,0
451,4
452,0
453,0
454,0
455,1
456,0
457,0
458,7
459,18
460,0
461,0
462,15
463,23
464,0
465,6
466,11
467,0
468,0
469,0
470,0
471,0
472,1
473,5
474,3
475,2
476,16
477,2
478,0
479,0
480,0
481,3
482,0
483,9
484,27
485,30
486,0
487,0
488,0
489,0
490,18
491,7
492,4
493,3
494,6
495,4
496,9
497,8
498,0
499,1
500,1
501,11
502,0
503,3
504,0
505,4
506,4
507,8
508,4
509,1
510,4
511,10
512,8
513,9
514,14
515,2
516,11
517,6
518,3
519,0
520,3
521,2
522,3
523,14
524,0
525,5
526,0
527,12
528,11
529,2
530,0
531,12
532,0
533,0
534,0
535,0
536,2
537,7
538,1
539,0
540,19
541,7
542,0
543,0
544,0
545,6
546,0
547,0
548,0
549,19
550,0
551,0
552,0
553,0
554,0
555,2
556,1
557,0
558,1
559,2
560,0
561,14
562,3
563,1
564,1
565,0
566,0
567,2
568,5
569,4
570,7
571,3
572,12
573,0
574,0
575,1
576,19
577,0
578,14
579,4
580,3
581,0
582,3
583,0
584,4
585,4
586,1
587,0
588,1
589,0
590,2
591,19
592,0
593,0
594,9
595,2
596,2
597,18
598,7
599,6
600,0
601,5
602,3
603,0
604,0
605,31
606,0
607,1
608,0
609,0
610,0
611,6
612,0
613,0
614,14
615,0
616,1
617,1
618,5
619,1
620,9
621,0
622,0
623,12
624,11
625,0
626,1
627,1
628,0
629,0
630,30
631,0
632,0
633,2
634,0
635,10
636,7
637,2
638,5
639,0
640,0
641,17
642,0
643,2
644,3
645,3
646,2
647,8
648,6
649,7
650,11
651,0
652,0
653,2
654,3
655,12
656,3
657,0
658,8
659,5
660,0
661,0
662,0
663,0
664,0
665,9
666,3
667,3
668,2
669,9
670,11
671,4
672,9
673,1
674,15
675,2
676,2
677,4
678,2
679,10
680,0
681,3
682,4
683,0
684,0
685,0
686,0
687,3
688,0
689,2
690,12
691,0
692,4
693,4
694,1
695,0
696,0
697,0
698,2
699,7
700,5
701,4
702,0
703,0
704,3
705,10
706,4
707,0
708,0
709,1
710,10
711,0
712,29
713,8
714,17
715,28
716,3
717,2
718,0
719,0
720,2
721,8
722,9
723,0
724,0
725,6
726,0
727,0
728,0
729,9
730,0
731,0
732,6
733,1
734,13
735,0
736,0
737,1
738,0
739,0
740,24
741,1
742,0
743,0
744,1
745,7
746,0
747,1
748,7
749,7
750,3
751,4
752,6
753,4
754,7
755,8
756,0
757,0
758,3
759,5
760,0
761,6
762,3
763,1
764,0
765,3
766,9
767,0
768,0
769,2
770,0
771,5
772,2
773,3
774,0
775,5
776,0
777,0
778,0
779,7
780,7
781,11
782,4
783,0
784,4
785,0
786,0
787,0
788,3
789,1
790,15
791,2
792,0
793,0
794,0
795,0
796,0
797,2
798,4
799,5
800,0
801,1
802,1
803,28
804,0
805,4
806,3
807,0
808,9
809,4
810,0
811,3
812,7
813,5
814,5
815,0
816,0
817,2
818,8
819,4
820,0
821,0
822,6
823,3
824,3
825,0
826,9
827,13
828,6
829,2
830,4
831,1
832,3
833,6
834,3
835,3
836,2
837,1
838,8
839,7
840,10
841,0
842,15
843,1
844,4
845,0
846,0
847,13
848,4
849,4
850,0
851,6
852,3
853,0
854,3
855,0
856,0
857,0
858,15
859,5
860,5
861,5
862,2
863,3
864,0
865,0
866,10
867,10
868,0
869,3
870,11
871,5
872,10
873,1
874,11
875,1
876,0
877,0
878,8
879,0
880,4
881,0
882,6
883,1
884,1
885,0
886,0
887,2
888,11
889,4
890,0
891,8
892,0
893,0
894,0
895,0
896,2
897,0
898,2
899,4
900,0
901,4
902,10
903,0
904,12
905,0
906,2
907,9
908,3
909,23
910,0
911,0
912,6
913,10
914,0
915,4
916,10
917,1
918,0
919,0
920,0
921,11
922,5
923,0
924,3
925,0
926,4
927,2
928,5
929,0
930,8
931,0
932,0
933,2
934,1
935,14
936,1
937,3
938,1
939,4
940,0
941,10
942,7
943,0
944,0
945,0
946,4
947,4
948,7
949,1
950,0
951,2
952,0
953,1
954,4
955,5
956,1
957,4
958,2
959,0
960,13
961,0
962,0
963,3
964,6
965,5
966,5
967,0
968,1
969,0
970,2
971,0
972,2
973,0
974,0
975,4
976,0
977,0
978,0
979,4
980,0
981,0
982,1
983,1
984,0
985,0
986,3
987,5
988,0
989,4
990,0
991,13
992,0
993,5
994,0
995,1
996,4
997,0
998,0
999,0
1000,5
1001,1
1002,5
1003,0
1004,0
1005,4
1006,3
1007,0
1008,2
1009,8
1010,2
1011,2
1012,0
1013,3
1014,0
1015,0
1016,3
1017,9
1018,0
1019,2
1020,8
1021,15
1022,3
1023,1
1024,4
1025,6
1026,4
1027,0
1028,0
1029,6
1030,10
1031,2
1032,2
1033,0
1034,0
1035,8
1036,11
1037,0
1038,23
1039,1
1040,0
1041,1
1042,0
1043,0
1044,2
1045,0
1046,0
1047,2
1048,0
1049,2
1050,0
1051,0
1052,0
1053,3
1054,0
1055,14
1056,10
1057,0
1058,2
1059,0
1060,0
1061,0
1062,14
1063,0
1064,4
1065,0
1066,0
1067,1
1068,0
1069,2
1070,3
1071,3
1072,0
1073,2
1074,0
1075,8
1076,1
1077,3
1078,0
1079,4
1080,1
1081,9
1082,0
1083,3
1084,9
1085,3
1086,6
1087,2
1088,0
1089,2
1090,0
1091,0
1092,0
1093,0
1094,7
1095,0
1096,6
1097,1
1098,0
1099,0
1100,10
1101,1
1102,7
1103,0
1104,9
1105,0
1106,5
1107,0
1108,3
1109,8
1110,11
1111,0
1112,9
1113,0
1114,6
1115,0
1116,2
1117,2
1118,0
1119,5
1120,0
1121,1
1122,0
1123,1
1124,1
1125,2
1126,0
1127,0
1128,7
1129,0
1130,0
1131,3
1132,6
1133,3
1134,3
1135,0
1136,5
1137,8
1138,3
1139,0
1140,10
1141,0
1142,2
1143,3
1144,1
1145,0
1146,2
1147,2
1148,1
1149,0
1150,15
1151,12
1152,0
1153,5
1154,0
1155,6
1156,2
1157,8
1158,1
1159,0
1160,2
1161,0
1162,0
1163,2
1164,2
1165,5
1166,1
1167,0
1168,3
1169,0
1170,3
1171,3
1172,0
1173,0
1174,1
1175,12
1176,2
1177,0
1178,0
1179,3
1180,3
1181,0
1182,1
1183,5
1184,1
1185,1
1186,6
1187,3
1188,1
1189,0
1190,1
1191,3
1192,0
1193,1
1194,1
1195,3
1196,0
1197,0
1198,4
1199,3
1200,3
1201,0
1202,0
1203,5
1204,0
1205,0
1206,4
1207,0
1208,0
1209,20
1210,0
1211,3
1212,2
1213,2
1214,0
1215,0
1216,3
1217,4
1218,0
1219,1
1220,8
1221,6
1222,0
1223,3
1224,9
1225,2
1226,4
1227,0
1228,0
1229,2
1230,0
1231,4
1232,3
1233,1
1234,9
1235,0
1236,0
1237,1
1238,0
1239,0
1240,0
1241,3
1242,4
1243,3
1244,6
1245,0
1246,0
1247,2
1248,0
1249,1
1250,0
1251,2
1252,7
1253,13
1254,0
1255,3
1256,2
1257,0
1258,10
1259,9
1260,0
1261,0
1262,0
1263,1
1264,5
1265,4
1266,2
1267,1
1268,0
1269,3
1270,6
1271,16
1272,0
1273,3
1274,0
1275,7
1276,13
1277,0
1278,0
1279,2
1280,5
1281,5
1282,7
1283,6
1284,0
1285,6
1286,4
1287,1
1288,15
1289,0
1290,7
1291,0
1292,3
1293,0
1294,0
1295,3
1296,5
1297,6
1298,2
1299,2
1300,0
1301,1
1302,7
1303,3
1304,0
1305,0
1306,0
1307,7
1308,0
1309,2
1310,0
1311,0
1312,1
1313,1
1314,0
1315,0
1316,3
1317,0
1318,0
1319,8
1320,8
1321,4
1322,0
1323,1
1324,0
1325,3
1326,0
1327,0
1328,9
1329,2
1330,7
1331,0
1332,0
1333,7
1334,2
1335,1
1336,1
1337,11
1338,0
1339,0
1340,5
1341,15
1342,8
1343,10
1344,2
1345,0
1346,3
1347,8
1348,13
1349,0
1350,0
1351,5
1352,2
1353,1
1354,0
1355,0
1356,3
1357,0
1358,2
1359,1
1360,0
1361,1
1362,0
1363,1
1364,4
1365,1
1366,0
1367,0
1368,2
1369,0
1370,9
1371,4
1372,4
1373,2
1374,1
1375,0
1376,0
1377,5
1378,1
1379,0
1380,7
1381,10
1382,0
1383,9
1384,3
1385,0
1386,6
1387,3
1388,1
1389,0
1390,1
1391,0
1392,2
1393,5
1394,5
1395,9
1396,3
1397,0
1398,0
1399,5
1400,0
1401,7
1402,0
1403,0
1404,16
1405,0
1406,3
1407,0
1408,14
1409,7
1410,6
1411,1
1412,1
1413,0
1414,3
1415,7
1416,0
1417,18
1418,0
1419,8
1420,5
1421,0
1422,4
1423,2
1424,0
1425,0
1426,4
1427,0
1428,2
1429,2
1430,0
1431,0
1432,0
1433,3
1434,1
1435,1
1436,3
1437,0
1438,3
1439,0
1440,0
1441,6
1442,0
1443,3
1444,1
1445,3
1446,0
1447,0
1448,1
1449,1
1450,2
1451,2
1452,0
1453,0
1454,6
1455,1
1456,0
1457,0
1458,2
1459,0
1460,1
1461,0
1462,0
1463,4
1464,0
1465,1
1466,0
1467,10
1468,14
1469,1
1470,0
1471,0
1472,0
1473,0
1474,9
1475,4
1476,3
1477,2
1478,3
1479,6
1480,1
1481,0
1482,9
1483,4
1484,7
1485,2
1486,5
1487,0
1488,0
1489,0
1490,1
1491,2
1492,0
1493,8
1494,0
1495,1
1496,4
1497,1
1498,4
1499,1
1500,10
1501,0
1502,5
1503,6
1504,4
1505,1
1506,3
1507,2
1508,0
1509,0
1510,1
1511,12
1512,2
1513,2
1514,4
1515,1
1516,3
1517,4
1518,8
1519,0
1520,0
1521,0
1522,15
1523,2
1524,0
1525,1
1526,0
1527,4
1528,1
1529,3
1530,0
1531,4
1532,2
1533,0
1534,0
1535,1
1536,0
1537,1
1538,1
1539,7
1540,1
1541,5
1542,1
1543,1
1544,9
1545,0
1546,5
1547,0
1548,1
1549,2
1550,0
1551,0
1552,0
1553,0
1554,0
1555,11
1556,7
1557,1
1558,0
1559,6
1560,1
1561,0
1562,0
1563,0
1564,0
1565,1
1566,0
1567,3
1568,0
1569,4
1570,0
1571,6
1572,0
1573,0
1574,0
1575,0
1576,1
1577,8
1578,4
1579,2
1580,1
1581,2
1582,3
1583,9
1584,0
1585,7
1586,3
1587,7
1588,3
1589,2
1590,1
1591,5
1592,3
1593,5
1594,7
1595,1
1596,2
1597,4
1598,0
1599,2
1600,0
1601,1
1602,0
1603,6
1604,1
1605,0
1606,0
1607,5
1608,2
1609,8
1610,3
1611,10
1612,0
1613,4
1614,0
1615,3
1616,1
1617,0
1618,4
1619,2
1620,0
1621,0
1622,2
1623,0
1624,2
1625,0
1626,6
1627,0
1628,5
1629,8
1630,3
1631,0
1632,0
1633,0
1634,7
1635,2
1636,1
1637,0
1638,4
1639,7
1640,5
1641,4
1642,3
1643,0
1644,6
1645,0
1646,0
1647,0
1648,1
1649,0
1650,2
1651,3
1652,0
1653,0
1654,3
1655,0
1656,0
1657,0
1658,1
1659,0
1660,1
1661,5
1662,1
1663,9
1664,2
1665,3
1666,0
1667,4
1668,0
1669,0
1670,3
1671,4
1672,1
1673,13
1674,12
1675,0
1676,0
1677,1
1678,0
1679,0
1680,2
1681,1
1682,1
1683,2
1684,1
1685,0
1686,2
1687,0
1688,4
1689,0
1690,9
1691,0
1692,9
1693,4
1694,0
1695,0
1696,8
1697,0
1698,7
1699,0
1700,4
1701,0
1702,7
1703,0
1704,7
1705,0
1706,0
1707,0
1708,2
1709,3
1710,1
1711,0
1712,5
1713,7
1714,6
1715,1
1716,1
1717,8
1718,4
1719,5
1720,1
1721,0
1722,3
1723,10
1724,8
1725,8
1726,1
1727,2
1728,10
1729,9
1730,3
1731,0
1732,0
1733,17
1734,4
1735,3
1736,6
1737,1
1738,0
1739,3
1740,0
1741,1
1742,0
1743,0
1744,0
1745,0
1746,2
1747,1
1748,8
1749,1
1750,1
1751,3
1752,2
1753,2
1754,2
1755,1
1756,6
1757,1
1758,0
1759,3
1760,2
1761,6
1762,1
1763,2
1764,0
1765,2
1766,1
1767,2
1768,0
1769,2
1770,0
1771,0
1772,0
1773,2
1774,2
1775,1
1776,5
1777,0
1778,0
1779,0
1780,0
1781,8
1782,8
1783,0
1784,1
1785,2
1786,0
1787,6
1788,0
1789,7
1790,0
1791,0
1792,0
1793,1
1794,10
1795,3
1796,0
1797,0
1798,0
1799,1
1800,3
1801,0
1802,1
1803,2
1804,3
1805,0
1806,1
1807,0
1808,0
1809,0
1810,0
1811,0
1812,1
1813,8
1814,5
1815,0
1816,2
1817,9
1818,7
1819,3
1820,0
1821,1
1822,0
1823,3
1824,0
1825,0
1826,0
1827,3
1828,11
1829,5
1830,5
1831,4
1832,4
1833,6
1834,6
1835,1
1836,0
1837,6
1838,1
1839,2
1840,2
1841,3
1842,0
1843,0
1844,1
1845,2
1846,4
1847,2
1848,0
1849,0
1850,2
1851,0
1852,0
1853,6
1854,0
1855,0
1856,1
1857,4
1858,8
1859,0
1860,2
1861,0
1862,0
1863,4
1864,2
1865,2
1866,0
1867,1
1868,0
1869,4
1870,13
1871,5
1872,4
1873,3
1874,1
1875,3
1876,3
1877,0
1878,9
1879,0
1880,0
1881,1
1882,5
1883,7
1884,0
1885,0
1886,0
1887,0
1888,0
1889,0
1890,8
1891,0
1892,1
1893,4
1894,3
1895,0
1896,9
1897,0
1898,0
1899,2
1900,0
1901,2
1902,0
1903,5
1904,5
1905,3
1906,8
1907,2
1908,2
1909,2
1910,0
1911,3
1912,2
1913,1
1914,0
1915,0
1916,3
1917,1
1918,0
1919,12
1920,7
1921,5
1922,0
1923,3
1924,2
1925,4
1926,1
1927,2
1928,0
1929,3
1930,2
1931,3
1932,3
1933,0
1934,0
1935,4
1936,0
1937,0
1938,0
1939,0
1940,11
1941,0
1942,2
1943,6
1944,1
1945,0
1946,0
1947,12
1948,0
1949,1
1950,8
1951,3
1952,0
1953,1
1954,0
1955,3
1956,6
1957,0
1958,0
1959,1
1960,7
1961,0
1962,0
1963,0
1964,5
1965,3
1966,1
1967,0
1968,0
1969,5
1970,0
1971,5
1972,6
1973,4
1974,1
1975,3
1976,3
1977,0
1978,2
1979,0
1980,0
1981,0
1982,0
1983,5
1984,0
1985,3
1986,0
1987,0
1988,2
1989,2
1990,0
1991,3
1992,3
1993,0
1994,1
1995,0
1996,0
1997,4
1998,0
1999,7
2000,0
2001,0
2002,5
2003,0
2004,4
2005,4
2006,0
2007,0
2008,0
2009,1
2010,1
2011,5
2012,0
2013,6
2014,5
2015,2
2016,12
2017,0
2018,3
2019,0
2020,4
2021,0
2022,3
2023,0
2024,3
2025,0
2026,2
2027,3
2028,0
2029,2
2030,0
2031,2
2032,3
2033,0
2034,3
2035,5
2036,6
2037,1
2038,0
2039,1
2040,0
2041,3
2042,2
2043,0
2044,0
2045,0
2046,6
2047,1
2048,3
2049,0
2050,1
2051,0
2052,3
2053,0
2054,0
2055,5
2056,0
2057,3
2058,3
2059,1
2060,0
2061,4
2062,0
2063,4
2064,5
2065,15
2066,5
2067,3
2068,0
2069,9
2070,1
2071,0
2072,3
2073,0
2074,1
2075,0
2076,5
2077,1
2078,3
2079,0
2080,3
2081,1
2082,6
2083,2
2084,1
2085,9
2086,1
2087,0
2088,2
2089,0
2090,1
2091,0
2092,0
2093,1
2094,0
2095,2
2096,5
2097,1
2098,6
2099,6
2100,0
2101,0
2102,4
2103,1
2104,7
2105,1
2106,3
2107,0
2108,0
2109,2
2110,0
2111,3
2112,0
2113,0
2114,5
2115,7
2116,7
2117,0
2118,1
2119,1
2120,2
2121,0
2122,0
2123,2
2124,0
2125,2
2126,0
2127,3
2128,0
2129,0
2130,15
2131,2
2132,0
2133,1
2134,4
2135,4
2136,0
2137,3
2138,1
2139,1
2140,6
2141,2
2142,10
2143,0
2144,4
2145,11
2146,14
2147,1
2148,3
2149,4
2150,7
2151,0
2152,3
2153,0
2154,1
2155,5
2156,4
2157,0
2158,0
2159,1
2160,1
2161,3
2162,0
2163,1
2164,2
2165,1
2166,2
2167,6
2168,6
2169,3
2170,9
2171,2
2172,3
2173,5
2174,0
2175,1
2176,2
2177,2
2178,6
2179,2
2180,1
2181,0
2182,1
2183,0
2184,4
2185,1
2186,4
2187,7
2188,4
2189,4
2190,0
2191,0
2192,0
2193,0
2194,8
2195,6
2196,3
2197,4
2198,5
2199,10
2200,4
2201,1
2202,0
2203,4
2204,4
2205,0
2206,0
2207,1
2208,0
2209,0
2210,0
2211,5
2212,1
2213,0
2214,4
2215,0
2216,1
2217,2
2218,3
2219,0
2220,3
2221,2
2222,0
2223,9
2224,0
2225,0
2226,2
2227,2
2228,0
2229,5
2230,0
2231,0
2232,0
2233,1
2234,0
2235,6
2236,2
2237,1
2238,2
2239,3
2240,0
2241,0
2242,2
2243,3
2244,0
2245,3
2246,7
2247,3
2248,0
2249,0
2250,0
2251,1
2252,2
2253,1
2254,0
2255,0
2256,0
2257,1
2258,3
2259,1
2260,0
2261,1
2262,4
2263,4
2264,4
2265,6
2266,1
2267,12
2268,6
2269,0
2270,0
2271,3
2272,0
2273,2
2274,7
2275,0
2276,0
2277,2
2278,8
2279,0
2280,2
2281,6
2282,0
2283,1
2284,1
2285,0
2286,1
2287,3
2288,4
2289,0
2290,0
2291,5
2292,0
2293,2
2294,2
2295,4
2296,0
2297,0
2298,0
2299,6
2300,2
2301,1
2302,1
2303,0
2304,0
2305,5
2306,5
2307,4
2308,1
2309,2
2310,2
2311,12
2312,2
2313,1
2314,0
2315,1
2316,12
2317,0
2318,4
2319,0
2320,2
2321,0
2322,1
2323,9
2324,2
2325,0
2326,4
2327,1
2328,0
2329,2
2330,3
2331,7
2332,0
2333,16
2334,5
2335,2
2336,0
2337,4
2338,7
2339,0
2340,0
2341,0
2342,0
2343,2
2344,1
2345,1
2346,0
2347,2
2348,1
2349,1
2350,0
2351,0
2352,0
2353,3
2354,4
2355,0
2356,1
2357,6
2358,0
2359,1
2360,0
2361,4
2362,0
2363,2
2364,2
2365,4
2366,0
2367,2
2368,12
2369,4
2370,0
2371,1
2372,14
2373,2
2374,5
2375,0
2376,0
2377,1
2378,1
2379,8
2380,2
2381,3
2382,0
2383,4
2384,0
2385,4
2386,2
2387,2
2388,6
2389,0
2390,1
2391,4
2392,1
2393,1
2394,0
2395,0
2396,0
2397,1
2398,1
2399,1
2400,2
2401,3
2402,4
2403,2
2404,0
2405,2
2406,1
2407,11
2408,0
2409,1
2410,1
2411,2
2412,0
2413,0
2414,0
2415,8
2416,5
2417,2
2418,0
2419,2
2420,2
2421,0
2422,0
2423,2
2424,3
2425,13
2426,0
2427,0
2428,3
2429,6
2430,0
2431,2
2432,0
2433,5
2434,1
2435,9
2436,8
2437,0
2438,5
2439,0
2440,3
2441,0
2442,1
2443,1
2444,5
2445,0
2446,5
2447,5
2448,3
2449,0
2450,1
2451,2
2452,0
2453,14
2454,1
2455,10
2456,2
2457,2
2458,4
2459,6
2460,7
2461,5
2462,1
2463,1
2464,0
2465,0
2466,3
2467,1
2468,0
2469,0
2470,1
2471,1
2472,5
2473,2
2474,0
2475,5
2476,4
2477,4
2478,7
2479,0
2480,3
2481,2
2482,2
2483,7
2484,0
2485,2
2486,0
2487,0
2488,0
2489,0
2490,2
2491,2
2492,3
2493,0
2494,5
2495,0
2496,7
2497,0
2498,4
2499,0
2500,3
2501,0
2502,3
2503,0
2504,0
2505,1
2506,0
2507,3
2508,2
2509,2
2510,0
2511,1
2512,0
2513,7
2514,0
2515,5
2516,3
2517,3
2518,0
2519,3
2520,0
2521,1
2522,9
2523,1
2524,1
2525,1
2526,3
2527,0
2528,0
2529,9
2530,6
2531,0
2532,2
2533,0
2534,0
2535,6
2536,3
2537,1
2538,3
2539,7
2540,0
2541,0
2542,0
2543,0
2544,0
2545,0
2546,0
2547,2
2548,1
2549,10
2550,0
2551,1
2552,0
2553,0
2554,5
2555,0
2556,0
2557,1
2558,0
2559,0
2560,4
2561,0
2562,3
2563,7
2564,0
2565,0
2566,2
2567,0
2568,0
2569,4
2570,2
2571,1
2572,1
2573,1
2574,0
2575,1
2576,2
2577,3
2578,0
2579,0
2580,0
2581,4
2582,1
2583,1
2584,0
2585,2
2586,3
2587,2
2588,1
2589,3
2590,1
2591,0
2592,5
2593,0
2594,0
2595,0
2596,0
2597,0
2598,3
2599,2
2600,0
2601,0
2602,5
2603,1
2604,0
2605,4
2606,2
2607,0
2608,2
2609,0
2610,2
2611,14
2612,1
2613,0
2614,1
2615,0
2616,1
2617,1
2618,0
2619,2
2620,2
2621,3
2622,1
2623,0
2624,7
2625,5
2626,5
2627,0
2628,2
2629,2
2630,2
2631,1
2632,2
2633,0
2634,1
2635,0
2636,2
2637,0
2638,1
2639,4
2640,0
2641,0
2642,2
2643,4
2644,0
2645,0
2646,2
2647,1
2648,1
2649,1
2650,1
2651,0
2652,4
2653,7
2654,1
2655,12
2656,0
2657,0
2658,10
2659,8
2660,0
2661,0
2662,0
2663,0
2664,2
2665,0
2666,3
2667,1
2668,5
2669,0
2670,0
2671,8
2672,0
2673,3
2674,4
2675,2
2676,3
2677,0
2678,7
2679,6
2680,0
2681,6
2682,2
2683,2
2684,1
2685,0
2686,0
2687,0
2688,0
2689,0
2690,5
2691,3
2692,3
2693,0
2694,3
2695,5
2696,0
2697,4
2698,1
2699,0
2700,2
2701,4
2702,4
2703,5
2704,3
2705,7
2706,1
2707,1
2708,4
2709,1
2710,0
2711,3
2712,0
2713,1
2714,1
2715,5
2716,1
2717,5
2718,0
2719,0
2720,2
2721,4
2722,0
2723,5
2724,0
2725,1
2726,4
2727,0
2728,1
2729,0
2730,1
2731,1
2732,6
2733,0
2734,0
2735,0
2736,1
2737,1
2738,2
2739,0
2740,0
2741,2
2742,2
2743,0
2744,0
2745,1
2746,7
2747,0
2748,0
2749,0
2750,0
2751,2
2752,0
2753,0
2754,0
2755,1
2756,4
2757,0
2758,1
2759,0
2760,2
2761,0
2762,0
2763,2
2764,3
2765,7
2766,0
2767,8
2768,2
2769,1
2770,7
2771,2
2772,2
2773,0
2774,0
2775,0
2776,1
2777,0
2778,1
2779,1
2780,0
2781,4
2782,1
2783,2
2784,0
2785,1
2786,0
2787,2
2788,0
2789,3
2790,3
2791,1
2792,0
2793,3
2794,4
2795,2
2796,0
2797,0
2798,6
2799,3
2800,2
2801,0
2802,0
2803,0
2804,2
2805,0
2806,3
2807,0
2808,0
2809,0
2810,2
2811,1
2812,0
2813,3
2814,0
2815,13
2816,2
2817,3
2818,2
2819,0
2820,2
2821,5
2822,4
2823,1
2824,0
2825,3
2826,0
2827,1
2828,1
2829,3
2830,1
2831,1
2832,1
2833,4
2834,4
2835,1
2836,5
2837,0
2838,5
2839,0
2840,3
2841,1
2842,1
2843,2
2844,1
2845,10
2846,2
2847,0
2848,0
2849,0
2850,0
2851,5
2852,0
2853,4
2854,0
2855,0
2856,0
2857,1
2858,3
2859,0
2860,0
2861,5
2862,0
2863,4
2864,2
2865,7
2866,1
2867,0
2868,0
2869,1
2870,0
2871,1
2872,0
2873,0
2874,1
2875,1
2876,5
2877,4
2878,1
2879,1
2880,0
2881,4
2882,1
2883,2
2884,2
2885,5
2886,4
2887,3
2888,0
2889,0
2890,0
2891,0
2892,4
2893,0
2894,0
2895,4
2896,4
2897,0
2898,0
2899,3
2900,0
2901,1
2902,0
2903,1
2904,3
2905,2
2906,6
2907,0
2908,1
2909,1
2910,3
2911,0
2912,3
2913,4
2914,5
2915,1
2916,2
2917,0
2918,0
2919,0
2920,0
2921,2
2922,6
2923,2
2924,1
2925,4
2926,1
2927,3
2928,0
2929,0
2930,4
2931,2
2932,0
2933,0
2934,4
2935,8
2936,1
2937,0
2938,13
2939,0
2940,0
2941,0
2942,4
2943,7
2944,2
2945,0
2946,4
2947,0
2948,3
2949,0
2950,0
2951,0
2952,0
2953,3
2954,1
2955,2
2956,5
2957,0
2958,3
2959,1
2960,0
2961,3
2962,2
2963,1
2964,1
2965,3
2966,1
2967,0
2968,0
2969,1
2970,2
2971,1
2972,3
2973,1
2974,6
2975,0
2976,1
2977,1
2978,4
2979,3
2980,0
2981,0
2982,0
2983,4
2984,0
2985,2
2986,1
2987,1
2988,0
2989,0
2990,2
2991,0
2992,3
2993,2
2994,0
2995,1
2996,0
2997,3
2998,3
2999,1
3000,1
3001,0
3002,0
3003,1
3004,2
3005,0
3006,1
3007,0
3008,2
3009,1
3010,2
3011,0
3012,1
3013,0
3014,1
3015,1
3016,2
3017,0
3018,0
3019,0
3020,2
3021,3
3022,2
3023,4
3024,0
3025,0
3026,0
3027,0
3028,2
3029,0
3030,4
3031,3
3032,0
3033,1
3034,2
3035,3
3036,5
3037,4
3038,0
3039,4
3040,0
3041,0
3042,5
3043,3
3044,0
3045,0
3046,1
3047,0
3048,0
3049,3
3050,1
3051,1
3052,1
3053,0
3054,3
3055,6
3056,1
3057,1
3058,2
3059,2
3060,0
3061,0
3062,0
3063,0
3064,3
3065,0
3066,0
3067,3
3068,0
3069,2
3070,0
3071,3
3072,0
3073,0
3074,0
3075,2
3076,6
3077,0
3078,4
3079,0
3080,1
3081,1
3082,0
3083,4
3084,0
3085,2
3086,0
3087,1
3088,0
3089,0
3090,6
3091,2
3092,1
3093,1
3094,6
3095,3
3096,1
3097,1
3098,2
3099,0
3100,2
3101,7
3102,4
3103,0
3104,4
3105,5
3106,1
3107,0
3108,1
3109,0
3110,1
3111,0
3112,0
3113,7
3114,8
3115,0
3116,1
3117,3
3118,0
3119,4
3120,2
3121,0
3122,0
3123,1
3124,1
3125,0
3126,2
3127,1
3128,0
3129,0
3130,14
3131,2
3132,3
3133,1
3134,0
3135,0
3136,13
3137,0
3138,2
3139,1
3140,7
3141,4
3142,2
3143,1
3144,2
3145,4
3146,1
3147,2
3148,0
3149,1
3150,0
3151,0
3152,0
3153,0
3154,0
3155,2
3156,1
3157,3
3158,1
3159,1
3160,0
3161,2
3162,0
3163,4
3164,6
3165,0
3166,0
3167,4
3168,2
3169,7
3170,0
3171,4
3172,2
3173,0
3174,3
3175,1
3176,0
3177,0
3178,5
3179,0
3180,1
3181,8
3182,1
3183,0
3184,3
3185,0
3186,1
3187,1
3188,0
3189,2
3190,7
3191,1
3192,0
3193,0
3194,1
3195,4
3196,1
3197,2
3198,0
3199,0
3200,3
3201,0
3202,3
3203,0
3204,1
3205,1
3206,0
3207,2
3208,3
3209,0
3210,0
3211,0
3212,0
3213,0
3214,2
3215,0
3216,0
3217,0
3218,4
3219,3
3220,0
3221,0
3222,2
3223,3
3224,7
3225,0
3226,0
3227,0
3228,0
3229,3
3230,1
3231,0
3232,5
3233,0
3234,0
3235,0
3236,1
3237,0
3238,0
3239,2
3240,0
3241,3
3242,1
3243,4
3244,4
3245,5
3246,2
3247,0
3248,1
3249,2
3250,5
3251,3
3252,2
3253,3
3254,1
3255,0
3256,1
3257,1
3258,0
3259,4
3260,1
3261,0
3262,3
3263,0
3264,2
3265,3
3266,0
3267,0
3268,0
3269,3
3270,0
3271,3
3272,0
3273,0
3274,1
3275,2
3276,0
3277,0
3278,0
3279,7
3280,1
3281,0
3282,5
3283,0
3284,1
3285,2
3286,0
3287,5
3288,1
3289,5
3290,1
3291,2
3292,0
3293,1
3294,2
3295,1
3296,0
3297,4
3298,4
3299,7
3300,0
3301,3
3302,1
3303,1
3304,3
3305,1
3306,0
3307,2
3308,0
3309,5
3310,4
3311,4
3312,0
3313,0
3314,5
3315,0
3316,1
3317,0
3318,1
3319,0
3320,0
3321,2
3322,1
3323,0
3324,1
3325,0
3326,0
3327,8
3328,3
3329,4
3330,0
3331,0
3332,5
3333,1
3334,4
3335,2
3336,0
3337,0
3338,1
3339,0
3340,6
3341,3
3342,0
3343,3
3344,0
3345,0
3346,0
3347,3
3348,3
3349,0
3350,0
3351,1
3352,0
3353,0
3354,4
3355,1
3356,8
3357,1
3358,1
3359,8
3360,1
3361,0
3362,3
3363,3
3364,0
3365,1
3366,1
3367,0
3368,1
3369,0
3370,0
3371,1
3372,2
3373,8
3374,1
3375,0
3376,0
3377,3
3378,2
3379,0
3380,2
3381,0
3382,2
3383,0
3384,4
3385,1
3386,5
3387,1
3388,0
3389,0
3390,1
3391,2
3392,0
3393,1
3394,1
3395,1
3396,0
3397,1
3398,0
3399,2
3400,2
3401,1
3402,2
3403,8
3404,4
3405,0
3406,5
3407,0
3408,1
3409,0
3410,4
3411,0
3412,0
3413,1
3414,1
3415,0
3416,0
3417,0
3418,3
3419,3
3420,0
3421,3
3422,2
3423,3
3424,2
3425,0
3426,0
3427,1
3428,3
3429,0
3430,3
3431,0
3432,1
3433,1
3434,4
3435,3
3436,0
3437,0
3438,0
3439,0
3440,1
3441,0
3442,2
3443,3
3444,0
3445,0
3446,0
3447,2
3448,0
3449,5
3450,2
3451,3
3452,5
3453,2
3454,2
3455,0
3456,0
3457,0
3458,1
3459,1
3460,0
3461,1
3462,0
3463,0
3464,0
3465,1
3466,5
3467,3
3468,0
3469,1
3470,2
3471,0
3472,1
3473,1
3474,3
3475,4
3476,1
3477,4
3478,4
3479,10
3480,5
3481,5
3482,0
3483,2
3484,2
3485,1
3486,0
3487,0
3488,1
3489,0
3490,1
3491,1
3492,2
3493,3
3494,3
3495,1
3496,5
3497,9
3498,0
3499,3
3500,4
3501,0
3502,7
3503,0
3504,0
3505,3
3506,0
3507,3
3508,1
3509,0
3510,0
3511,2
3512,1
3513,0
3514,2
3515,4
3516,3
3517,0
3518,10
3519,8
3520,0
3521,1
3522,1
3523,1
3524,5
3525,0
3526,4
3527,1
3528,1
3529,1
3530,4
3531,3
3532,0
3533,2
3534,0
3535,1
3536,0
3537,3
3538,5
3539,0
3540,0
3541,1
3542,2
3543,3
3544,1
3545,2
3546,1
3547,1
3548,0
3549,1
3550,0
3551,0
3552,0
3553,3
3554,2
3555,4
3556,0
3557,0
3558,2
3559,2
3560,4
3561,1
3562,2
3563,4
3564,2
3565,0
3566,3
3567,1
3568,0
3569,4
3570,0
3571,1
3572,0
3573,4
3574,1
3575,2
3576,0
3577,1
3578,2
3579,4
3580,0
3581,1
3582,0
3583,0
3584,4
3585,9
3586,0
3587,4
3588,5
3589,2
3590,2
3591,2
3592,3
3593,0
3594,1
3595,0
3596,1
3597,0
3598,2
3599,5
3600,0
3601,0
3602,0
3603,2
3604,0
3605,4
3606,3
3607,1
3608,3
3609,1
3610,2
3611,0
3612,1
3613,0
3614,0
3615,3
3616,0
3617,0
3618,0
3619,3
3620,0
3621,0
3622,2
3623,0
3624,0
3625,1
3626,4
3627,0
3628,2
3629,2
3630,3
3631,2
3632,1
3633,4
3634,2
3635,1
3636,4
3637,1
3638,5
3639,0
3640,1
3641,0
3642,1
3643,0
3644,0
3645,0
3646,0
3647,0
3648,2
3649,1
3650,0
3651,1
3652,0
3653,0
3654,0
3655,1
3656,0
3657,4
3658,5
3659,0
3660,1
3661,0
3662,0
3663,0
3664,0
3665,2
3666,2
3667,5
3668,1
3669,0
3670,3
3671,6
3672,2
3673,0
3674,2
3675,3
3676,1
3677,0
3678,0
3679,0
3680,2
3681,0
3682,4
3683,3
3684,0
3685,4
3686,3
3687,4
3688,0
3689,3
3690,5
3691,1
3692,7
3693,0
3694,0
3695,0
3696,3
3697,0
3698,3
3699,0
3700,3
3701,0
3702,9
3703,1
3704,2
3705,0
3706,1
3707,4
3708,5
3709,1
3710,1
3711,0
3712,1
3713,0
3714,0
3715,2
3716,1
3717,2
3718,2
3719,4
3720,1
3721,0
3722,1
3723,1
3724,0
3725,0
3726,0
3727,1
3728,3
3729,0
3730,1
3731,0
3732,0
3733,3
3734,2
3735,0
3736,6
3737,1
3738,4
3739,0
3740,1
3741,1
3742,0
3743,3
3744,3
3745,0
3746,2
3747,0
3748,0
3749,3
3750,0
3751,3
3752,3
3753,5
3754,4
3755,0
3756,1
3757,0
3758,2
3759,2
3760,0
3761,1
3762,0
3763,0
3764,3
3765,4
3766,1
3767,3
3768,0
3769,3
3770,6
3771,6
3772,0
3773,2
3774,0
3775,1
3776,0
3777,0
3778,0
3779,6
3780,0
3781,0
3782,1
3783,2
3784,2
3785,1
3786,0
3787,6
3788,3
3789,2
3790,3
3791,2
3792,0
3793,1
3794,1
3795,0
3796,1
3797,2
3798,1
3799,0
3800,3
3801,0
3802,3
3803,1
3804,1
3805,1
3806,2
3807,2
3808,0
3809,2
3810,3
3811,1
3812,0
3813,2
3814,2
3815,0
3816,1
3817,0
3818,0
3819,5
3820,1
3821,0
3822,0
3823,0
3824,4
3825,1
3826,2
3827,3
3828,2
3829,8
3830,5
3831,0
3832,3
3833,2
3834,1
3835,1
3836,2
3837,2
3838,3
3839,0
3840,6
3841,1
3842,0
3843,1
3844,0
3845,0
3846,0
3847,1
3848,2
3849,2
3850,1
3851,1
3852,1
3853,0
3854,0
3855,4
3856,1
3857,2
3858,2
3859,0
3860,0
3861,1
3862,0
3863,0
3864,1
3865,5
3866,3
3867,1
3868,5
3869,5
3870,3
3871,3
3872,0
3873,2
3874,2
3875,0
3876,0
3877,0
3878,1
3879,0
3880,6
3881,5
3882,1
3883,3
3884,3
3885,2
3886,3
3887,0
3888,1
3889,1
3890,0
3891,1
3892,1
3893,3
3894,1
3895,1
3896,3
3897,0
3898,1
3899,0
3900,14
3901,3
3902,3
3903,2
3904,4
3905,1
3906,0
3907,3
3908,3
3909,1
3910,2
3911,0
3912,1
3913,0
3914,0
3915,1
3916,0
3917,0
3918,0
3919,0
3920,6
3921,0
3922,2
3923,0
3924,1
3925,2
3926,1
3927,4
3928,2
3929,3
3930,0
3931,2
3932,0
3933,0
3934,3
3935,0
3936,0
3937,1
3938,4
3939,0
3940,1
3941,1
3942,3
3943,0
3944,2
3945,3
3946,1
3947,2
3948,0
3949,1
3950,2
3951,1
3952,1
3953,4
3954,3
3955,5
3956,0
3957,1
3958,1
3959,3
3960,1
3961,2
3962,3
3963,4
3964,5
3965,0
3966,4
3967,0
3968,0
3969,0
3970,5
3971,5
3972,2
3973,3
3974,1
3975,2
3976,1
3977,3
3978,0
3979,7
3980,3
3981,1
3982,2
3983,0
3984,2
3985,2
3986,0
3987,6
3988,5
3989,1
3990,0
3991,6
3992,6
3993,1
3994,1
3995,8
3996,0
3997,9
3998,2
3999,1
4000,0
4001,3
4002,2
4003,1
4004,0
4005,0
4006,0
4007,0
4008,5
4009,3
4010,2
4011,1
4012,5
4013,5
4014,2
4015,0
4016,0
4017,0
4018,0
4019,2
4020,5
4021,1
4022,1
4023,3
4024,0
4025,1
4026,0
4027,2
4028,2
4029,1
4030,4
4031,4
4032,0
4033,1
4034,0
4035,5
4036,1
4037,2
4038,3
4039,3
4040,0
4041,0
4042,1
4043,4
4044,0
4045,2
4046,4
4047,0
4048,2
4049,4
4050,3
4051,1
4052,5
4053,1
4054,1
4055,0
4056,1
4057,2
4058,2
4059,0
4060,0
4061,0
4062,2
4063,1
4064,1
4065,2
4066,0
4067,0
4068,0
4069,2
4070,2
4071,1
4072,1
4073,0
4074,1
4075,0
4076,1
4077,1
4078,0
4079,4
4080,1
4081,0
4082,0
4083,4
4084,1
4085,0
4086,1
4087,0
4088,2
4089,5
4090,3
4091,1
4092,0
4093,0
4094,0
4095,2
4096,0
4097,0
4098,6
4099,1
4100,0
4101,8
4102,0
4103,0
4104,0
4105,2
4106,3
4107,2
4108,1
4109,1
4110,1
4111,1
4112,0
4113,0
4114,5
4115,4
4116,2
4117,2
4118,0
4119,0
4120,2
4121,5
4122,0
4123,1
4124,2
4125,2
4126,0
4127,0
4128,0
4129,0
4130,0
4131,2
4132,1
4133,0
4134,1
4135,2
4136,5
4137,1
4138,4
4139,4
4140,1
4141,3
4142,2
4143,2
4144,7
4145,2
4146,1
4147,3
4148,0
4149,1
4150,2
4151,4
4152,0
4153,2
4154,0
4155,3
4156,0
4157,3
4158,0
4159,1
4160,2
4161,0
4162,3
4163,1
4164,3
4165,3
4166,4
4167,0
4168,0
4169,2
4170,0
4171,0
4172,1
4173,1
4174,2
4175,0
4176,0
4177,1
4178,0
4179,2
4180,1
4181,1
4182,0
4183,1
4184,2
4185,1
4186,2
4187,1
4188,1
4189,1
4190,0
4191,3
4192,1
4193,2
4194,2
4195,3
4196,1
4197,5
4198,2
4199,1
4200,0
4201,3
4202,5
4203,0
4204,6
4205,4
4206,1
4207,0
4208,2
4209,1
4210,3
4211,2
4212,0
4213,0
4214,2
4215,4
4216,1
4217,1
4218,6
4219,2
4220,1
4221,1
4222,4
4223,0
4224,3
4225,0
4226,0
4227,0
4228,0
4229,0
4230,0
4231,0
4232,4
4233,4
4234,3
4235,0
4236,1
4237,4
4238,0
4239,0
4240,0
4241,0
4242,0
4243,3
4244,1
4245,2
4246,3
4247,1
4248,2
4249,0
4250,1
4251,4
4252,5
4253,3
4254,2
4255,3
4256,0
4257,0
4258,0
4259,0
4260,0
4261,0
4262,0
4263,4
4264,1
4265,1
4266,0
4267,0
4268,3
4269,2
4270,0
4271,0
4272,0
4273,1
4274,1
4275,0
4276,3
4277,2
4278,3
4279,3
4280,3
4281,0
4282,5
4283,0
4284,0
4285,0
4286,1
4287,0
4288,0
4289,0
4290,1
4291,3
4292,0
4293,1
4294,6
4295,1
4296,0
4297,2
4298,0
4299,1
4300,4
4301,1
4302,2
4303,0
4304,0
4305,1
4306,2
4307,1
4308,2
4309,0
4310,0
4311,2
4312,0
4313,0
4314,2
4315,1
4316,1
4317,3
4318,0
4319,1
4320,0
4321,0
4322,0
4323,0
4324,1
4325,0
4326,2
4327,3
4328,2
4329,3
4330,0
4331,0
4332,1
4333,1
4334,1
4335,2
4336,3
4337,0
4338,4
4339,1
4340,0
4341,1
4342,3
4343,1
4344,1
4345,2
4346,1
4347,8
4348,0
4349,3
4350,0
4351,0
4352,1
4353,2
4354,1
4355,1
4356,0
4357,0
4358,1
4359,0
4360,0
4361,1
4362,0
4363,3
4364,2
4365,0
4366,0
4367,1
4368,0
4369,1
4370,2
4371,0
4372,1
4373,12
4374,1
4375,0
4376,3
4377,0
4378,1
4379,1
4380,1
4381,3
4382,0
4383,3
4384,1
4385,3
4386,1
4387,0
4388,0
4389,1
4390,2
4391,0
4392,1
4393,1
4394,1
4395,0
4396,0
4397,3
4398,1
4399,1
4400,1
4401,2
4402,0
4403,1
4404,2
4405,0
4406,2
4407,5
4408,0
4409,1
4410,0
4411,0
4412,7
4413,4
4414,1
4415,0
4416,3
4417,0
4418,0
4419,0
4420,0
4421,0
4422,6
4423,0
4424,0
4425,2
4426,2
4427,3
4428,3
4429,1
4430,0
4431,3
4432,1
4433,2
4434,0
4435,1
4436,4
4437,0
4438,0
4439,0
4440,0
4441,1
4442,0
4443,0
4444,0
4445,0
4446,1
4447,0
4448,0
4449,2
4450,1
4451,0
4452,1
4453,5
4454,0
4455,1
4456,0
4457,2
4458,2
4459,1
4460,0
4461,0
4462,1
4463,8
4464,1
4465,0
4466,0
4467,0
4468,1
4469,0
4470,3
4471,1
4472,4
4473,0
4474,3
4475,0
4476,5
4477,4
4478,0
4479,2
4480,4
4481,2
4482,1
4483,0
4484,0
4485,4
4486,3
4487,1
4488,2
4489,2
4490,1
4491,0
4492,2
4493,0
4494,0
4495,10
4496,3
4497,0
4498,0
4499,2
4500,3
4501,6
4502,5
4503,1
4504,1
4505,0
4506,0
4507,0
4508,0
4509,2
4510,3
4511,1
4512,4
4513,5
4514,1
4515,0
4516,0
4517,0
4518,1
4519,0
4520,1
4521,0
4522,0
4523,3
4524,0
4525,0
4526,0
4527,1
4528,0
4529,1
4530,2
4531,1
4532,0
4533,0
4534,1
4535,0
4536,0
4537,1
4538,1
4539,0
4540,5
4541,3
4542,0
4543,0
4544,2
4545,0
4546,0
4547,1
4548,0
4549,0
4550,3
4551,1
4552,2
4553,1
4554,4
4555,5
4556,2
4557,4
4558,1
4559,0
4560,0
4561,0
4562,2
4563,2
4564,0
4565,0
4566,4
4567,2
4568,0
4569,1
4570,1
4571,3
4572,0
4573,0
4574,3
4575,6
4576,0
4577,0
4578,2
4579,3
4580,0
4581,0
4582,0
4583,4
4584,0
4585,2
4586,4
4587,0
4588,0
4589,0
4590,3
4591,0
4592,1
4593,3
4594,0
4595,1
4596,3
4597,2
4598,0
4599,2
4600,1
4601,1
4602,0
4603,0
4604,1
4605,2
4606,3
4607,1
4608,0
4609,1
4610,1
4611,5
4612,2
4613,0
4614,2
4615,0
4616,5
4617,1
4618,2
4619,0
4620,4
4621,1
4622,2
4623,1
4624,0
4625,3
4626,1
4627,0
4628,2
4629,1
4630,0
4631,1
4632,0
4633,4
4634,0
4635,0
4636,4
4637,1
4638,0
4639,0
4640,1
4641,5
4642,3
4643,1
4644,1
4645,1
4646,0
4647,4
4648,0
4649,4
4650,0
4651,1
4652,0
4653,4
4654,2
4655,4
4656,1
4657,0
4658,0
4659,1
4660,0
4661,3
4662,0
4663,1
4664,1
4665,0
4666,1
4667,1
4668,0
4669,0
4670,0
4671,2
4672,0
4673,3
4674,1
4675,1
4676,4
4677,0
4678,0
4679,4
4680,0
4681,7
4682,4
4683,1
4684,2
4685,4
4686,2
4687,1
4688,0
4689,2
4690,2
4691,2
4692,1
4693,0
4694,1
4695,0
4696,2
4697,6
4698,0
4699,2
4700,2
4701,0
4702,2
4703,2
4704,0
4705,1
4706,1
4707,1
4708,0
4709,0
4710,1
4711,0
4712,5
4713,0
4714,0
4715,2
4716,2
4717,3
4718,1
4719,3
4720,0
4721,3
4722,1
4723,4
4724,1
4725,4
4726,1
4727,4
4728,0
4729,2
4730,2
4731,0
4732,0
4733,2
4734,0
4735,0
4736,2
4737,0
4738,5
4739,0
4740,1
4741,1
4742,0
4743,4
4744,0
4745,2
4746,5
4747,2
4748,0
4749,1
4750,5
4751,0
4752,0
4753,0
4754,3
4755,1
4756,2
4757,1
4758,0
4759,1
4760,0
4761,0
4762,1
4763,0
4764,0
4765,5
4766,0
4767,3
4768,1
4769,0
4770,3
4771,2
4772,0
4773,1
4774,1
4775,0
4776,1
4777,1
4778,3
4779,0
4780,4
4781,0
4782,0
4783,6
4784,3
4785,1
4786,0
4787,0
4788,0
4789,1
4790,1
4791,0
4792,0
4793,0
4794,0
4795,3
4796,0
4797,1
4798,4
4799,2
4800,4
4801,0
4802,3
4803,2
4804,4
4805,4
4806,0
4807,3
4808,0
4809,1
4810,3
4811,3
4812,1
4813,2
4814,0
4815,1
4816,5
4817,6
4818,1
4819,2
4820,1
4821,1
4822,2
4823,1
4824,0
4825,0
4826,3
4827,0
4828,1
4829,8
4830,1
4831,0
4832,2
4833,3
4834,0
4835,0
4836,1
4837,2
4838,2
4839,0
4840,3
4841,1
4842,0
4843,0
4844,2
4845,4
4846,4
4847,4
4848,2
4849,0
4850,1
4851,2
4852,2
4853,2
4854,5
4855,0
4856,2
4857,0
4858,1
4859,2
4860,1
4861,0
4862,0
4863,4
4864,0
4865,0
4866,1
4867,0
4868,9
4869,4
4870,0
4871,4
4872,0
4873,3
4874,1
4875,1
4876,1
4877,0
4878,1
4879,2
4880,1
4881,1
4882,0
4883,0
4884,3
4885,0
4886,3
4887,0
4888,0
4889,0
4890,2
4891,0
4892,0
4893,1
4894,0
4895,3
4896,1
4897,1
4898,1
4899,2
4900,4
4901,1
4902,1
4903,2
4904,1
4905,1
4906,0
4907,0
4908,2
4909,0
4910,0
4911,1
4912,0
4913,0
4914,0
4915,4
4916,0
4917,1
4918,0
4919,1
4920,0
4921,2
4922,0
4923,0
4924,5
4925,3
4926,0
4927,1
4928,1
4929,6
4930,1
4931,4
4932,1
4933,1
4934,0
4935,2
4936,8
4937,0
4938,2
4939,7
4940,2
4941,2
4942,8
4943,2
4944,1
4945,0
4946,3
4947,5
4948,1
4949,2
4950,1
4951,1
4952,0
4953,0
4954,1
4955,1
4956,1
4957,0
4958,0
4959,3
4960,2
4961,2
4962,0
4963,1
4964,0
4965,0
4966,0
4967,2
4968,3
4969,3
4970,1
4971,2
4972,1
4973,1
4974,1
4975,4
4976,1
4977,0
4978,3
4979,0
4980,6
4981,6
4982,1
4983,0
4984,1
4985,4
4986,3
4987,0
4988,1
4989,5
4990,0
4991,4
4992,2
4993,0
4994,2
4995,1
4996,2
4997,1
4998,1
4999,2
5000,1
5001,1
5002,1
5003,1
5004,1
5005,4
5006,1
5007,6
5008,0
5009,2
5010,3
5011,3
5012,1
5013,0
5014,0
5015,2
5016,1
5017,1
5018,1
5019,4
5020,1
5021,2
5022,0
5023,0
5024,0
5025,0
5026,1
5027,1
5028,2
5029,2
5030,3
5031,3
5032,4
5033,0
5034,1
5035,0
5036,2
5037,0
5038,0
5039,1
5040,2
5041,1
5042,0
5043,0
5044,0
5045,0
5046,0
5047,2
5048,0
5049,6
5050,2
5051,3
5052,0
5053,0
5054,3
5055,3
5056,1
5057,1
5058,2
5059,1
5060,2
5061,0
5062,0
5063,0
5064,1
5065,1
5066,1
5067,2
5068,0
5069,2
5070,0
5071,5
5072,0
5073,0
5074,0
5075,2
5076,2
5077,1
5078,2
5079,3
5080,2
5081,1
5082,1
5083,0
5084,3
5085,1
5086,1
5087,0
5088,2
5089,1
5090,2
5091,0
5092,3
5093,0
5094,1
5095,3
5096,0
5097,2
5098,0
5099,4
5100,3
5101,0
5102,1
5103,0
5104,1
5105,1
5106,1
5107,1
5108,0
5109,0
5110,2
5111,1
5112,2
5113,5
5114,2
5115,1
5116,0
5117,1
5118,0
5119,0
5120,1
5121,0
5122,1
5123,3
5124,0
5125,3
5126,3
5127,0
5128,1
5129,0
5130,2
5131,1
5132,0
5133,4
5134,1
5135,0
5136,2
5137,0
5138,1
5139,1
5140,1
5141,1
5142,4
5143,0
5144,0
5145,0
5146,0
5147,4
5148,1
5149,4
5150,1
5151,2
5152,0
5153,3
5154,0
5155,0
5156,2
5157,2
5158,1
5159,0
5160,0
5161,0
5162,2
5163,2
5164,0
5165,4
5166,0
5167,2
5168,1
5169,0
5170,0
5171,4
5172,0
5173,0
5174,2
5175,5
5176,4
5177,0
5178,1
5179,1
5180,1
5181,0
5182,0
5183,0
5184,2
5185,1
5186,2
5187,0
5188,0
5189,2
5190,2
5191,3
5192,6
5193,6
5194,2
5195,1
5196,3
5197,7
5198,2
5199,0
5200,0
5201,2
5202,1
5203,1
5204,1
5205,4
5206,0
5207,3
5208,2
5209,2
5210,0
5211,4
5212,1
5213,0
5214,3
5215,4
5216,0
5217,3
5218,2
5219,0
5220,1
5221,0
5222,1
5223,3
5224,1
5225,0
5226,2
5227,0
5228,0
5229,3
5230,0
5231,0
5232,1
5233,1
5234,1
5235,4
5236,0
5237,0
5238,2
5239,0
5240,1
5241,0
5242,2
5243,3
5244,0
5245,0
5246,2
5247,0
5248,0
5249,0
5250,0
5251,0
5252,4
5253,1
5254,0
5255,0
5256,1
5257,1
5258,1
5259,1
5260,0
5261,1
5262,2
5263,1
5264,1
5265,2
5266,2
5267,2
5268,1
5269,3
5270,2
5271,5
5272,1
5273,2
5274,0
5275,0
5276,0
5277,1
5278,0
5279,3
5280,0
5281,1
5282,7
5283,3
5284,1
5285,0
5286,6
5287,2
5288,0
5289,1
5290,2
5291,0
5292,1
5293,0
5294,0
5295,0
5296,9
5297,0
5298,0
5299,0
5300,2
5301,1
5302,0
5303,0
5304,1
5305,0
5306,0
5307,0
5308,3
5309,3
5310,1
5311,2
5312,1
5313,0
5314,2
5315,0
5316,6
5317,2
5318,0
5319,0
5320,0
5321,3
5322,2
5323,0
5324,2
5325,1
5326,3
5327,0
5328,3
5329,1
5330,0
5331,0
5332,5
5333,1
5334,1
5335,2
5336,0
5337,1
5338,0
5339,0
5340,4
5341,0
5342,0
5343,0
5344,0
5345,0
5346,0
5347,0
5348,3
5349,1
5350,2
5351,4
5352,0
5353,6
5354,2
5355,0
5356,1
5357,0
5358,0
5359,1
5360,3
5361,0
5362,0
5363,4
5364,1
5365,1
5366,1
5367,3
5368,1
5369,5
5370,0
5371,2
5372,5
5373,1
5374,2
5375,6
5376,2
5377,1
5378,1
5379,0
5380,1
5381,0
5382,0
5383,1
5384,4
5385,0
5386,0
5387,1
5388,2
5389,1
5390,1
5391,0
5392,0
5393,0
5394,3
5395,2
5396,0
5397,0
5398,0
5399,1
5400,1
5401,1
5402,2
5403,0
5404,1
5405,0
5406,1
5407,1
5408,1
5409,0
5410,0
5411,0
5412,1
5413,4
5414,0
5415,2
5416,3
5417,2
5418,1
5419,3
5420,0
5421,1
5422,0
5423,1
5424,0
5425,0
5426,1
5427,3
5428,0
5429,2
5430,6
5431,2
5432,0
5433,4
5434,3
5435,4
5436,2
5437,0
5438,1
5439,0
5440,1
5441,4
5442,1
5443,0
5444,0
5445,0
5446,0
5447,1
5448,2
5449,0
5450,1
5451,1
5452,1
5453,2
5454,2
5455,3
5456,1
5457,2
5458,3
5459,1
5460,5
5461,3
5462,0
5463,1
5464,0
5465,3
5466,2
5467,0
5468,0
5469,3
5470,1
5471,2
5472,0
5473,0
5474,2
5475,0
5476,0
5477,0
5478,0
5479,0
5480,0
5481,2
5482,5
5483,1
5484,2
5485,0
5486,0
5487,0
5488,5
5489,0
5490,0
5491,0
5492,1
5493,0
5494,0
5495,2
5496,0
5497,0
5498,2
5499,1
5500,2
5501,1
5502,2
5503,0
5504,0
5505,1
5506,1
5507,0
5508,2
5509,0
5510,0
5511,6
5512,1
5513,1
5514,3
5515,0
5516,0
5517,1
5518,1
5519,3
5520,5
5521,0
5522,1
5523,1
5524,1
5525,0
5526,0
5527,3
5528,2
5529,6
5530,2
5531,3
5532,3
5533,3
5534,0
5535,0
5536,2
5537,1
5538,2
5539,2
5540,0
5541,0
5542,0
5543,0
5544,2
5545,0
5546,0
5547,1
5548,2
5549,0
5550,2
5551,2
5552,2
5553,2
5554,0
5555,0
5556,1
5557,0
5558,0
5559,0
5560,0
5561,2
5562,0
5563,0
5564,1
5565,0
5566,0
5567,2
5568,0
5569,0
5570,0
5571,3
5572,0
5573,0
5574,0
5575,0
5576,2
5577,0
5578,1
5579,0
5580,1
5581,1
5582,4
5583,0
5584,0
5585,1
5586,0
5587,2
5588,2
5589,0
5590,1
5591,0
5592,3
5593,0
5594,0
5595,0
5596,3
5597,0
5598,1
5599,0
5600,0
5601,1
5602,2
5603,1
5604,0
5605,0
5606,2
5607,0
5608,0
5609,2
5610,2
5611,2
5612,1
5613,1
5614,3
5615,0
5616,4
5617,1
5618,0
5619,2
5620,0
5621,0
5622,4
5623,1
5624,2
5625,1
5626,0
5627,1
5628,2
5629,0
5630,5
5631,0
5632,1
5633,1
5634,1
5635,1
5636,3
5637,1
5638,1
5639,3
5640,5
5641,1
5642,2
5643,0
5644,1
5645,1
5646,0
5647,3
5648,2
5649,0
5650,1
5651,1
5652,3
5653,4
5654,1
5655,4
5656,2
5657,0
5658,1
5659,0
5660,2
5661,0
5662,0
5663,3
5664,0
5665,5
5666,4
5667,2
5668,0
5669,0
5670,0
5671,0
5672,1
5673,1
5674,1
5675,1
5676,0
5677,2
5678,0
5679,0
5680,0
5681,3
5682,0
5683,2
5684,0
5685,0
5686,5
5687,0
5688,1
5689,1
5690,2
5691,3
5692,1
5693,3
5694,0
5695,3
5696,5
5697,2
5698,4
5699,0
5700,3
5701,1
5702,2
5703,1
5704,0
5705,0
5706,0
5707,0
5708,1
5709,0
5710,3
5711,2
5712,1
5713,0
5714,0
5715,3
5716,0
5717,1
5718,0
5719,0
5720,0
5721,1
5722,3
5723,0
5724,1
5725,3
5726,2
5727,2
5728,0
5729,1
5730,0
5731,0
5732,2
5733,0
5734,0
5735,0
5736,2
5737,0
5738,0
5739,2
5740,2
5741,0
5742,0
5743,3
5744,3
5745,0
5746,2
5747,2
5748,0
5749,0
5750,0
5751,0
5752,3
5753,3
5754,1
5755,1
5756,2
5757,1
5758,6
5759,0
5760,0
5761,0
5762,2
5763,1
5764,1
5765,1
5766,2
5767,4
5768,3
5769,1
5770,1
5771,6
5772,0
5773,0
5774,1
5775,2
5776,0
5777,2
5778,1
5779,1
5780,3
5781,1
5782,3
5783,4
5784,1
5785,0
5786,1
5787,5
5788,0
5789,1
5790,3
5791,0
5792,1
5793,0
5794,0
5795,1
5796,1
5797,2
5798,0
5799,2
5800,2
5801,3
5802,2
5803,1
5804,1
5805,0
5806,3
5807,1
5808,1
5809,3
5810,3
5811,2
5812,3
5813,1
5814,1
5815,0
5816,4
5817,2
5818,4
5819,1
5820,3
5821,0
5822,2
5823,0
5824,0
5825,3
5826,2
5827,0
5828,2
5829,2
5830,1
5831,1
5832,0
5833,0
5834,3
5835,1
5836,1
5837,1
5838,1
5839,0
5840,3
5841,1
5842,2
5843,1
5844,1
5845,1
5846,1
5847,0
5848,0
5849,0
5850,0
5851,0
5852,6
5853,2
5854,0
5855,4
5856,0
5857,0
5858,6
5859,4
5860,2
5861,0
5862,3
5863,1
5864,1
5865,0
5866,1
5867,0
5868,1
5869,1
5870,1
5871,5
5872,1
5873,2
5874,3
5875,3
5876,1
5877,0
5878,0
5879,0
5880,0
5881,2
5882,2
5883,1
5884,2
5885,1
5886,1
5887,1
5888,0
5889,2
5890,0
5891,0
5892,2
5893,1
5894,6
5895,1
5896,0
5897,1
5898,1
5899,0
5900,0
5901,0
5902,2
5903,0
5904,2
5905,1
5906,1
5907,0
5908,1
5909,0
5910,0
5911,3
5912,0
5913,1
5914,0
5915,1
5916,1
5917,3
5918,1
5919,0
5920,1
5921,2
5922,2
5923,1
5924,2
5925,2
5926,4
5927,2
5928,1
5929,2
5930,3
5931,0
5932,3
5933,0
5934,3
5935,2
5936,0
5937,3
5938,2
5939,1
5940,2
5941,0
5942,0
5943,0
5944,0
5945,0
5946,1
5947,1
5948,1
5949,0
5950,1
5951,1
5952,1
5953,2
5954,0
5955,1
5956,1
5957,2
5958,0
5959,4
5960,0
5961,1
5962,0
5963,5
5964,0
5965,1
5966,1
5967,4
5968,2
5969,3
5970,0
5971,1
5972,1
5973,2
5974,1
5975,0
5976,1
5977,2
5978,4
5979,1
5980,1
5981,0
5982,0
5983,0
5984,3
5985,1
5986,0
5987,0
5988,1
5989,1
5990,2
5991,1
5992,2
5993,3
5994,0
5995,1
5996,3
5997,0
5998,2
5999,2
6000,4
6001,1
6002,0
6003,2
6004,3
6005,3
6006,0
6007,3
6008,0
6009,0
6010,0
6011,1
6012,3
6013,0
6014,1
6015,1
6016,0
6017,0
6018,1
6019,3
6020,2
6021,4
6022,2
6023,0
6024,0
6025,1
6026,0
6027,0
6028,3
6029,1
6030,6
6031,3
6032,3
6033,0
6034,1
6035,1
6036,0
6037,0
6038,2
6039,2
6040,0
6041,0
6042,3
6043,2
6044,2
6045,7
6046,1
6047,2
6048,1
6049,2
6050,1
6051,1
6052,1
6053,3
6054,1
6055,2
6056,6
6057,2
6058,3
6059,0
6060,0
6061,0
6062,2
6063,4
6064,0
6065,0
6066,2
6067,1
6068,0
6069,0
6070,1
6071,2
6072,0
6073,5
6074,1
6075,5
6076,0
6077,3
6078,0
6079,0
6080,0
6081,0
6082,0
6083,0
6084,5
6085,0
6086,1
6087,0
6088,0
6089,2
6090,1
6091,0
6092,0
6093,5
6094,0
6095,0
6096,5
6097,1
6098,0
6099,2
6100,0
6101,1
6102,0
6103,0
6104,0
6105,0
6106,1
6107,1
6108,1
6109,1
6110,0
6111,0
6112,0
6113,0
6114,3
6115,3
6116,0
6117,0
6118,1
6119,0
6120,1
6121,0
6122,0
6123,1
6124,2
6125,0
6126,0
6127,1
6128,0
6129,0
6130,0
6131,0
6132,1
6133,0
6134,0
6135,2
6136,6
6137,0
6138,0
6139,1
6140,1
6141,1
6142,1
6143,1
6144,1
6145,0
6146,2
6147,0
6148,1
6149,0
6150,1
6151,0
6152,3
6153,2
6154,1
6155,3
6156,2
6157,2
6158,1
6159,0
6160,1
6161,1
6162,0
6163,1
6164,1
6165,0
6166,1
6167,2
6168,0
6169,0
6170,0
6171,0
6172,0
6173,0
6174,0
6175,0
6176,2
6177,2
6178,0
6179,4
6180,0
6181,1
6182,1
6183,1
6184,0
6185,2
6186,0
6187,2
6188,0
6189,1
6190,1
6191,1
6192,2
6193,3
6194,0
6195,1
6196,0
6197,1
6198,0
6199,1
6200,2
6201,0
6202,2
6203,0
6204,1
6205,0
6206,1
6207,0
6208,0
6209,1
6210,0
6211,1
6212,4
6213,1
6214,1
6215,3
6216,6
6217,2
6218,2
6219,0
6220,2
6221,0
6222,1
6223,1
6224,3
6225,3
6226,2
6227,0
6228,3
6229,6
6230,0
6231,1
6232,0
6233,0
6234,1
6235,0
6236,3
6237,0
6238,2
6239,2
6240,1
6241,1
6242,0
6243,1
6244,0
6245,0
6246,0
6247,2
6248,0
6249,2
6250,1
6251,1
6252,0
6253,2
6254,0
6255,1
6256,4
6257,0
6258,2
6259,0
6260,1
6261,3
6262,2
6263,0
6264,0
6265,1
6266,3
6267,2
6268,0
6269,3
6270,2
6271,1
6272,0
6273,4
6274,1
6275,1
6276,0
6277,3
6278,0
6279,1
6280,0
6281,1
6282,1
6283,0
6284,1
6285,3
6286,1
6287,0
6288,1
6289,0
6290,2
6291,0
6292,2
6293,2
6294,0
6295,0
6296,0
6297,1
6298,0
6299,5
6300,2
6301,1
6302,1
6303,0
6304,1
6305,0
6306,1
6307,1
6308,0
6309,4
6310,1
6311,1
6312,3
6313,4
6314,0
6315,1
6316,0
6317,2
6318,2
6319,4
6320,1
6321,0
6322,1
6323,2
6324,2
6325,1
6326,7
6327,1
6328,0
6329,0
6330,0
6331,1
6332,0
6333,1
6334,1
6335,0
6336,1
6337,1
6338,1
6339,0
6340,1
6341,1
6342,2
6343,1
6344,0
6345,1
6346,1
6347,0
6348,3
6349,0
6350,0
6351,1
6352,0
6353,1
6354,1
6355,0
6356,1
6357,0
6358,0
6359,0
6360,0
6361,3
6362,1
6363,2
6364,0
6365,0
6366,0
6367,1
6368,1
6369,1
6370,3
6371,2
6372,2
6373,0
6374,1
6375,3
6376,1
6377,2
6378,1
6379,3
6380,0
6381,0
6382,1
6383,1
6384,0
6385,1
6386,0
6387,1
6388,0
6389,2
6390,2
6391,2
6392,2
6393,2
6394,1
6395,0
6396,1
6397,0
6398,5
6399,0
6400,0
6401,0
6402,0
6403,0
6404,0
6405,2
6406,0
6407,1
6408,0
6409,0
6410,2
6411,5
6412,3
6413,1
6414,2
6415,0
6416,2
6417,0
6418,3
6419,1
6420,3
6421,0
6422,0
6423,0
6424,1
6425,3
6426,2
6427,0
6428,0
6429,0
6430,1
6431,0
6432,4
6433,1
6434,0
6435,3
6436,7
6437,3
6438,0
6439,1
6440,0
6441,0
6442,2
6443,0
6444,3
6445,0
6446,0
6447,2
6448,0
6449,1
6450,1
6451,1
6452,3
6453,0
6454,1
6455,0
6456,1
6457,1
6458,0
6459,1
6460,0
6461,0
6462,1
6463,0
6464,3
6465,1
6466,0
6467,3
6468,3
6469,0
6470,2
6471,1
6472,2
6473,0
6474,3
6475,0
6476,0
6477,1
6478,2
6479,0
6480,1
6481,4
6482,4
6483,0
6484,0
6485,1
6486,1
6487,2
6488,2
6489,0
6490,3
6491,2
6492,0
6493,1
6494,1
6495,2
6496,0
6497,0
6498,0
6499,3
6500,4
6501,1
6502,0
6503,0
6504,2
6505,0
6506,0
6507,2
6508,2
6509,0
6510,0
6511,1
6512,4
6513,1
6514,3
6515,1
6516,1
6517,0
6518,3
6519,1
6520,0
6521,0
6522,0
6523,0
6524,0
6525,1
6526,0
6527,1
6528,0
6529,1
6530,0
6531,2
6532,1
6533,1
6534,0
6535,1
6536,0
6537,2
6538,2
6539,1
6540,1
6541,0
6542,1
6543,0
6544,1
6545,0
6546,1
6547,4
6548,0
6549,0
6550,2
6551,0
6552,0
6553,3
6554,4
6555,1
6556,0
6557,1
6558,0
6559,0
6560,0
6561,2
6562,0
6563,0
6564,1
6565,2
6566,5
6567,6
6568,1
6569,2
6570,0
6571,1
6572,3
6573,0
6574,0
6575,3
6576,0
6577,0
6578,0
6579,1
6580,0
6581,3
6582,0
6583,1
6584,0
6585,6
6586,0
6587,2
6588,1
6589,3
6590,0
6591,3
6592,1
6593,1
6594,0
6595,0
6596,1
6597,3
6598,1
6599,0
6600,0
6601,0
6602,5
6603,4
6604,0
6605,3
6606,2
6607,2
6608,0
6609,1
6610,1
6611,1
6612,0
6613,1
6614,1
6615,2
6616,0
6617,0
6618,4
6619,2
6620,1
6621,0
6622,1
6623,0
6624,1
6625,3
6626,1
6627,5
6628,1
6629,0
6630,1
6631,1
6632,1
6633,2
6634,1
6635,1
6636,2
6637,1
6638,0
6639,1
6640,0
6641,1
6642,1
6643,2
6644,2
6645,2
6646,0
6647,0
6648,1
6649,0
6650,0
6651,2
6652,0
6653,1
6654,1
6655,0
6656,2
6657,1
6658,0
6659,0
6660,0
6661,0
6662,1
6663,0
6664,0
6665,1
6666,2
6667,0
6668,0
6669,1
6670,0
6671,0
6672,3
6673,3
6674,1
6675,5
6676,1
6677,1
6678,1
6679,3
6680,1
6681,2
6682,0
6683,0
6684,0
6685,0
6686,2
6687,1
6688,1
6689,0
6690,3
6691,2
6692,1
6693,0
6694,2
6695,1
6696,2
6697,4
6698,0
6699,1
6700,3
6701,1
6702,2
6703,0
6704,0
6705,3
6706,0
6707,3
6708,2
6709,1
6710,4
6711,0
6712,1
6713,0
6714,4
6715,0
6716,1
6717,3
6718,3
6719,0
6720,0
6721,0
6722,2
6723,2
6724,2
6725,0
6726,1
6727,3
6728,1
6729,0
6730,2
6731,0
6732,3
6733,2
6734,1
6735,0
6736,1
6737,1
6738,0
6739,1
6740,1
6741,0
6742,0
6743,4
6744,1
6745,1
6746,2
6747,0
6748,1
6749,0
6750,0
6751,1
6752,0
6753,0
6754,0
6755,2
6756,0
6757,2
6758,1
6759,1
6760,0
6761,1
6762,1
6763,3
6764,0
6765,2
6766,0
6767,1
6768,2
6769,3
6770,1
6771,2
6772,0
6773,1
6774,1
6775,1
6776,0
6777,2
6778,0
6779,5
6780,3
6781,1
6782,3
6783,4
6784,0
6785,1
6786,1
6787,2
6788,1
6789,3
6790,2
6791,4
6792,2
6793,1
6794,1
6795,3
6796,2
6797,1
6798,1
6799,1
6800,1
6801,2
6802,0
6803,1
6804,1
6805,0
6806,1
6807,0
6808,0
6809,1
6810,0
6811,1
6812,0
6813,4
6814,1
6815,2
6816,1
6817,0
6818,0
6819,0
6820,1
6821,0
6822,2
6823,2
6824,1
6825,0
6826,2
6827,0
6828,0
6829,1
6830,0
6831,0
6832,2
6833,1
6834,0
6835,1
6836,2
6837,1
6838,1
6839,1
6840,2
6841,2
6842,1
6843,1
6844,1
6845,0
6846,1
6847,2
6848,3
6849,3
6850,1
6851,2
6852,2
6853,3
6854,2
6855,1
6856,1
6857,3
6858,1
6859,0
6860,1
6861,1
6862,5
6863,0
6864,2
6865,1
6866,0
6867,0
6868,1
6869,2
6870,0
6871,0
6872,2
6873,0
6874,0
6875,0
6876,0
6877,0
6878,1
6879,2
6880,0
6881,0
6882,2
6883,0
6884,1
6885,1
6886,4
6887,0
6888,3
6889,2
6890,0
6891,1
6892,2
6893,2
6894,1
6895,0
6896,0
6897,1
6898,4
6899,0
6900,0
6901,1
6902,2
6903,1
6904,0
6905,0
6906,0
6907,2
6908,1
6909,0
6910,2
6911,1
6912,1
6913,0
6914,6
6915,4
6916,1
6917,0
6918,1
6919,0
6920,0
6921,0
6922,4
6923,1
6924,1
6925,3
6926,1
6927,2
6928,3
6929,2
6930,2
6931,5
6932,1
6933,0
6934,2
6935,0
6936,5
6937,0
6938,0
6939,0
6940,1
6941,0
6942,0
6943,0
6944,1
6945,0
6946,0
6947,0
6948,1
6949,2
6950,4
6951,1
6952,1
6953,3
6954,3
6955,1
6956,1
6957,1
6958,0
6959,0
6960,1
6961,2
6962,1
6963,2
6964,1
6965,1
6966,3
6967,0
6968,1
6969,0
6970,1
6971,0
6972,0
6973,1
6974,0
6975,0
6976,2
6977,0
6978,0
6979,0
6980,2
6981,0
6982,0
6983,4
6984,6
6985,1
6986,1
6987,0
6988,1
6989,5
6990,2
6991,1
6992,1
6993,0
6994,0
6995,0
6996,1
6997,0
6998,2
6999,0
7000,0
7001,1
7002,2
7003,1
7004,5
7005,0
7006,2
7007,0
7008,1
7009,0
7010,1
7011,0
7012,1
7013,0
7014,1
7015,1
7016,3
7017,2
7018,1
7019,2
7020,2
7021,1
7022,1
7023,1
7024,1
7025,2
7026,1
7027,0
7028,3
7029,0
7030,3
7031,0
7032,0
7033,2
7034,1
7035,0
7036,0
7037,0
7038,5
7039,0
7040,0
7041,0
7042,0
7043,2
7044,0
7045,0
7046,3
7047,0
7048,0
7049,1
7050,2
7051,1
7052,1
7053,0
7054,0
7055,3
7056,0
7057,0
7058,1
7059,2
7060,1
7061,0
7062,0
7063,0
7064,5
7065,1
7066,0
7067,1
7068,0
7069,1
7070,0
7071,0
7072,4
7073,1
7074,1
7075,0
7076,3
7077,0
7078,0
7079,1
7080,0
7081,3
7082,0
7083,1
7084,3
7085,1
7086,2
7087,3
7088,2
7089,4
7090,0
7091,3
7092,1
7093,3
7094,0
7095,1
7096,0
7097,0
7098,1
7099,2
7100,1
7101,1
7102,4
7103,0
7104,1
7105,2
7106,2
7107,1
7108,1
7109,1
7110,1
7111,2
7112,2
7113,2
7114,2
7115,0
7116,3
7117,0
7118,0
7119,1
7120,0
7121,4
7122,0
7123,2
7124,0
7125,1
7126,0
7127,2
7128,3
7129,1
7130,2
7131,2
7132,0
7133,1
7134,1
7135,2
7136,0
7137,0
7138,0
7139,1
7140,1
7141,0
7142,3
7143,0
7144,1
7145,4
7146,0
7147,0
7148,7
7149,1
7150,0
7151,0
7152,4
7153,0
7154,2
7155,0
7156,0
7157,1
7158,1
7159,1
7160,0
7161,4
7162,1
7163,1
7164,1
7165,0
7166,2
7167,1
7168,2
7169,1
7170,2
7171,0
7172,3
7173,0
7174,0
7175,2
7176,0
7177,0
7178,2
7179,4
7180,0
7181,0
7182,0
7183,0
7184,0
7185,0
7186,2
7187,1
7188,0
7189,0
7190,0
7191,3
7192,0
7193,2
7194,1
7195,3
7196,4
7197,0
7198,0
7199,0
7200,0
7201,1
7202,2
7203,0
7204,2
7205,6
7206,3
7207,1
7208,1
7209,0
7210,1
7211,1
7212,0
7213,1
7214,0
7215,0
7216,0
7217,2
7218,2
7219,1
7220,0
7221,2
7222,2
7223,1
7224,0
7225,1
7226,2
7227,0
7228,3
7229,1
7230,1
7231,1
7232,0
7233,1
7234,0
7235,2
7236,1
7237,3
7238,0
7239,1
7240,2
7241,4
7242,1
7243,3
7244,0
7245,1
7246,0
7247,2
7248,0
7249,1
7250,0
7251,0
7252,0
7253,0
7254,5
7255,1
7256,1
7257,1
7258,0
7259,0
7260,2
7261,1
7262,1
7263,0
7264,0
7265,1
7266,3
7267,2
7268,0
7269,0
7270,1
7271,0
7272,1
7273,1
7274,0
7275,1
7276,1
7277,2
7278,3
7279,4
7280,0
7281,2
7282,3
7283,4
7284,0
7285,1
7286,0
7287,0
7288,0
7289,2
7290,0
7291,0
7292,1
7293,4
7294,0
7295,0
7296,3
7297,2
7298,1
7299,2
7300,0
7301,2
7302,1
7303,0
7304,0
7305,3
7306,1
7307,0
7308,1
7309,0
7310,2
7311,2
7312,2
7313,5
7314,3
7315,5
7316,0
7317,4
7318,2
7319,0
7320,0
7321,0
7322,0
7323,2
7324,0
7325,2
7326,1
7327,3
7328,1
7329,0
7330,1
7331,0
7332,1
7333,4
7334,3
7335,4
7336,2
7337,1
7338,1
7339,4
7340,2
7341,0
7342,0
7343,2
7344,1
7345,0
7346,3
7347,0
7348,2
7349,1
7350,1
7351,1
7352,1
7353,0
7354,2
7355,2
7356,1
7357,3
7358,0
7359,2
7360,3
7361,2
7362,2
7363,2
7364,1
7365,0
7366,1
7367,3
7368,1
7369,1
7370,1
7371,1
7372,0
7373,0
7374,1
7375,2
7376,1
7377,0
7378,0
7379,0
7380,1
7381,2
7382,3
7383,0
7384,2
7385,2
7386,2
7387,0
7388,1
7389,1
7390,0
7391,2
7392,1
7393,1
7394,3
7395,2
7396,2
7397,2
7398,0
7399,1
7400,1
7401,1
7402,0
7403,1
7404,1
7405,1
7406,0
7407,1
7408,2
7409,1
7410,2
7411,3
7412,0
7413,0
7414,5
7415,2
7416,1
7417,3
7418,0
7419,0
7420,2
7421,0
7422,1
7423,1
7424,1
7425,1
7426,1
7427,0
7428,0
7429,0
7430,0
7431,0
7432,2
7433,0
7434,1
7435,1
7436,0
7437,4
7438,0
7439,1
7440,1
7441,0
7442,0
7443,2
7444,1
7445,1
7446,2
7447,1
7448,0
7449,1
7450,2
7451,1
7452,2
7453,1
7454,0
7455,2
7456,3
7457,0
7458,0
7459,4
7460,2
7461,0
7462,1
7463,0
7464,0
7465,3
7466,0
7467,5
7468,1
7469,1
7470,1
7471,2
7472,0
7473,0
7474,3
7475,0
7476,0
7477,1
7478,0
7479,3
7480,1
7481,3
7482,3
7483,1
7484,2
7485,0
7486,0
7487,1
7488,1
7489,3
7490,1
7491,2
7492,2
7493,2
7494,0
7495,2
7496,1
7497,0
7498,0
7499,2
7500,1
7501,0
7502,1
7503,1
7504,1
7505,1
7506,1
7507,0
7508,2
7509,0
7510,1
7511,0
7512,0
7513,3
7514,1
7515,4
7516,2
7517,2
7518,2
7519,0
7520,0
7521,0
7522,2
7523,0
7524,4
7525,0
7526,1
7527,3
7528,4
7529,6
7530,0
7531,1
7532,1
7533,0
7534,1
7535,3
7536,0
7537,0
7538,0
7539,1
7540,2
7541,1
7542,1
7543,0
7544,4
7545,0
7546,4
7547,1
7548,2
7549,5
7550,0
7551,1
7552,1
7553,1
7554,5
7555,2
7556,3
7557,1
7558,0
7559,2
7560,2
7561,1
7562,0
7563,5
7564,0
7565,1
7566,0
7567,0
7568,0
7569,1
7570,1
7571,0
7572,1
7573,1
7574,0
7575,0
7576,1
7577,2
7578,0
7579,0
7580,0
7581,3
7582,2
7583,0
7584,1
7585,1
7586,1
7587,2
7588,1
7589,1
7590,1
7591,1
7592,1
7593,1
7594,0
7595,0
7596,0
7597,1
7598,2
7599,2
7600,1
7601,3
7602,2
7603,0
7604,3
7605,4
7606,0
7607,0
7608,2
7609,4
7610,2
7611,0
7612,3
7613,2
7614,0
7615,0
7616,0
7617,1
7618,2
7619,1
7620,1
7621,1
7622,0
7623,1
7624,2
7625,0
7626,1
7627,2
7628,0
7629,1
7630,0
7631,0
7632,0
7633,4
7634,2
7635,1
7636,2
7637,3
7638,0
7639,3
7640,2
7641,1
7642,0
7643,4
7644,0
7645,2
7646,3
7647,2
7648,0
7649,4
7650,0
7651,2
7652,1
7653,1
7654,0
7655,4
7656,1
7657,0
7658,3
7659,2
7660,1
7661,3
7662,0
7663,2
7664,3
7665,1
7666,3
7667,0
7668,0
7669,0
7670,2
7671,0
7672,2
7673,2
7674,0
7675,0
7676,0
7677,1
7678,0
7679,0
7680,3
7681,1
7682,2
7683,4
7684,3
7685,3
7686,3
7687,1
7688,0
7689,0
7690,1
7691,0
7692,0
7693,0
7694,1
7695,1
7696,0
7697,0
7698,3
7699,0
7700,3
7701,0
7702,3
7703,1
7704,0
7705,0
7706,0
7707,0
7708,0
7709,3
7710,1
7711,2
7712,1
7713,2
7714,1
7715,0
7716,0
7717,0
7718,2
7719,1
7720,1
7721,0
7722,1
7723,1
7724,0
7725,1
7726,2
7727,2
7728,4
7729,1
7730,0
7731,0
7732,2
7733,3
7734,2
7735,1
7736,0
7737,1
7738,1
7739,0
7740,1
7741,0
7742,2
7743,0
7744,1
7745,0
7746,1
7747,1
7748,3
7749,1
7750,2
7751,1
7752,0
7753,2
7754,0
7755,0
7756,1
7757,1
7758,1
7759,1
7760,0
7761,5
7762,1
7763,1
7764,4
7765,2
7766,1
7767,2
7768,1
7769,0
7770,2
7771,0
7772,0
7773,3
7774,0
7775,0
7776,2
7777,1
7778,1
7779,1
7780,3
7781,0
7782,1
7783,0
7784,1
7785,0
7786,0
7787,0
7788,2
7789,0
7790,0
7791,0
7792,0
7793,0
7794,1
7795,0
7796,0
7797,0
7798,3
7799,0
7800,0
7801,0
7802,3
7803,0
7804,0
7805,5
7806,3
7807,1
7808,2
7809,2
7810,0
7811,0
7812,1
7813,1
7814,0
7815,5
7816,1
7817,4
7818,1
7819,0
7820,3
7821,0
7822,0
7823,0
7824,2
7825,3
7826,2
7827,5
7828,0
7829,2
7830,0
7831,1
7832,0
7833,3
7834,3
7835,0
7836,1
7837,2
7838,1
7839,0
7840,1
7841,3
7842,0
7843,1
7844,3
7845,2
7846,0
7847,0
7848,1
7849,0
7850,1
7851,1
7852,0
7853,0
7854,0
7855,1
7856,1
7857,1
7858,1
7859,1
7860,1
7861,0
7862,2
7863,1
7864,0
7865,0
7866,3
7867,2
7868,0
7869,2
7870,0
7871,1
7872,0
7873,0
7874,2
7875,0
7876,3
7877,0
7878,3
7879,2
7880,0
7881,0
7882,2
7883,0
7884,0
7885,1
7886,3
7887,2
7888,0
7889,1
7890,0
7891,1
7892,0
7893,3
7894,0
7895,1
7896,4
7897,1
7898,1
7899,1
7900,0
7901,3
7902,3
7903,2
7904,1
7905,0
7906,1
7907,0
7908,3
7909,0
7910,1
7911,2
7912,2
7913,3
7914,0
7915,0
7916,0
7917,0
7918,2
7919,1
7920,2
7921,0
7922,2
7923,0
7924,0
7925,1
7926,2
7927,1
7928,2
7929,0
7930,1
7931,1
7932,2
7933,1
7934,0
7935,1
7936,2
7937,0
7938,0
7939,0
7940,2
7941,2
7942,1
7943,2
7944,0
7945,0
7946,0
7947,1
7948,3
7949,1
7950,0
7951,3
7952,0
7953,0
7954,3
7955,0
7956,1
7957,1
7958,1
7959,1
7960,2
7961,2
7962,1
7963,2
7964,1
7965,1
7966,1
7967,3
7968,2
7969,0
7970,2
7971,1
7972,0
7973,1
7974,0
7975,3
7976,0
7977,1
7978,0
7979,0
7980,1
7981,1
7982,1
7983,2
7984,1
7985,0
7986,2
7987,0
7988,2
7989,0
7990,1
7991,2
7992,4
7993,0
7994,0
7995,1
7996,2
7997,1
7998,2
7999,1
8000,0
8001,2
8002,2
8003,1
8004,0
8005,1
8006,0
8007,1
8008,1
8009,1
8010,5
8011,3
8012,2
8013,2
8014,2
8015,3
8016,1
8017,0
8018,1
8019,0
8020,2
8021,0
8022,0
8023,1
8024,6
8025,1
8026,1
8027,0
8028,0
8029,2
8030,0
8031,0
8032,0
8033,1
8034,3
8035,1
8036,1
8037,0
8038,1
8039,2
8040,1
8041,3
8042,2
8043,1
8044,0
8045,1
8046,3
8047,0
8048,2
8049,2
8050,0
8051,2
8052,1
8053,3
8054,0
8055,0
8056,1
8057,5
8058,0
8059,3
8060,1
8061,3
8062,0
8063,3
8064,0
8065,1
8066,2
8067,4
8068,2
8069,4
8070,0
8071,0
8072,0
8073,1
8074,1
8075,0
8076,3
8077,0
8078,1
8079,1
8080,0
8081,3
8082,1
8083,1
8084,3
8085,1
8086,0
8087,0
8088,8
8089,0
8090,0
8091,1
8092,1
8093,1
8094,0
8095,0
8096,4
8097,0
8098,0
8099,0
8100,0
8101,0
8102,1
8103,3
8104,3
8105,1
8106,0
8107,1
8108,2
8109,1
8110,2
8111,3
8112,0
8113,3
8114,2
8115,2
8116,0
8117,2
8118,4
8119,0
8120,0
8121,1
8122,0
8123,0
8124,1
8125,1
8126,1
8127,2
8128,1
8129,1
8130,1
8131,3
8132,0
8133,0
8134,0
8135,1
8136,1
8137,1
8138,1
8139,2
8140,1
8141,1
8142,1
8143,2
8144,1
8145,2
8146,1
8147,0
8148,3
8149,1
8150,0
8151,1
8152,0
8153,0
8154,4
8155,4
8156,3
8157,1
8158,2
8159,1
8160,1
8161,1
8162,0
8163,1
8164,2
8165,1
8166,2
8167,0
8168,2
8169,2
8170,0
8171,0
8172,3
8173,0
8174,1
8175,0
8176,1
8177,0
8178,2
8179,2
8180,1
8181,2
8182,1
8183,1
8184,1
8185,1
8186,1
8187,5
8188,1
8189,3
8190,0
8191,2
8192,0
8193,1
8194,2
8195,2
8196,1
8197,1
8198,0
8199,0
8200,2
8201,2
8202,0
8203,0
8204,0
8205,0
8206,2
8207,2
8208,0
8209,3
8210,2
8211,0
8212,1
8213,1
8214,0
8215,1
8216,1
8217,0
8218,1
8219,1
8220,0
8221,3
8222,0
8223,0
8224,1
8225,0
8226,1
8227,4
8228,3
8229,0
8230,1
8231,1
8232,2
8233,0
8234,1
8235,2
8236,3
8237,0
8238,0
8239,0
8240,0
8241,1
8242,1
8243,1
8244,0
8245,0
8246,4
8247,0
8248,0
8249,1
8250,1
8251,1
8252,0
8253,1
8254,1
8255,2
8256,1
8257,0
8258,3
8259,1
8260,3
8261,0
8262,1
8263,1
8264,2
8265,0
8266,0
8267,0
8268,0
8269,0
8270,0
8271,1
8272,2
8273,4
8274,0
8275,3
8276,1
8277,0
8278,4
8279,0
8280,1
8281,1
8282,0
8283,1
8284,1
8285,4
8286,0
8287,1
8288,2
8289,1
8290,1
8291,2
8292,1
8293,1
8294,1
8295,3
8296,0
8297,1
8298,0
8299,1
8300,2
8301,1
8302,0
8303,2
8304,0
8305,0
8306,1
8307,2
8308,0
8309,0
8310,1
8311,1
8312,1
8313,4
8314,2
8315,1
8316,1
8317,1
8318,2
8319,1
8320,2
8321,4
8322,0
8323,1
8324,0
8325,0
8326,0
8327,0
8328,1
8329,1
8330,2
8331,0
8332,0
8333,1
8334,1
8335,3
8336,0
8337,0
8338,2
8339,0
8340,3
8341,0
8342,1
8343,1
8344,1
8345,1
8346,0
8347,1
8348,3
8349,1
8350,3
8351,0
8352,0
8353,3
8354,0
8355,3
8356,1
8357,1
8358,0
8359,3
8360,0
8361,1
8362,2
8363,0
8364,4
8365,2
8366,1
8367,2
8368,1
8369,0
8370,0
8371,1
8372,3
8373,1
8374,1
8375,2
8376,2
8377,3
8378,0
8379,1
8380,2
8381,3
8382,0
8383,0
8384,2
8385,0
8386,3
8387,1
8388,0
8389,1
8390,2
8391,1
8392,5
8393,1
8394,2
8395,0
8396,2
8397,2
8398,0
8399,1
8400,6
8401,0
8402,0
8403,3
8404,0
8405,0
8406,1
8407,3
8408,1
8409,0
8410,0
8411,1
8412,2
8413,0
8414,0
8415,0
8416,1
8417,3
8418,1
8419,1
8420,2
8421,0
8422,1
8423,1
8424,2
8425,1
8426,0
8427,3
8428,0
8429,0
8430,2
8431,1
8432,0
8433,4
8434,0
8435,0
8436,2
8437,1
8438,1
8439,0
8440,0
8441,0
8442,1
8443,1
8444,1
8445,1
8446,0
8447,1
8448,0
8449,2
8450,3
8451,1
8452,3
8453,2
8454,1
8455,0
8456,0
8457,1
8458,2
8459,0
8460,0
8461,1
8462,1
8463,3
8464,3
8465,1
8466,0
8467,0
8468,1
8469,1
8470,4
8471,4
8472,1
8473,0
8474,3
8475,0
8476,1
8477,2
8478,2
8479,1
8480,4
8481,1
8482,0
8483,0
8484,3
8485,1
8486,0
8487,1
8488,0
8489,0
8490,2
8491,1
8492,0
8493,1
8494,0
8495,0
8496,1
8497,2
8498,2
8499,1
8500,1
8501,0
8502,1
8503,0
8504,0
8505,1
8506,1
8507,0
8508,1
8509,0
8510,0
8511,1
8512,2
8513,0
8514,0
8515,1
8516,1
8517,3
8518,1
8519,1
8520,0
8521,1
8522,4
8523,0
8524,0
8525,3
8526,1
8527,1
8528,0
8529,1
8530,2
8531,0
8532,0
8533,0
8534,1
8535,1
8536,0
8537,0
8538,0
8539,2
8540,0
8541,1
8542,2
8543,0
8544,3
8545,1
8546,1
8547,2
8548,4
8549,3
8550,1
8551,2
8552,2
8553,5
8554,0
8555,1
8556,2
8557,0
8558,0
8559,1
8560,0
8561,2
8562,1
8563,2
8564,0
8565,1
8566,2
8567,1
8568,2
8569,5
8570,0
8571,1
8572,4
8573,0
8574,1
8575,2
8576,0
8577,1
8578,4
8579,0
8580,2
8581,2
8582,1
8583,0
8584,2
8585,2
8586,2
8587,3
8588,0
8589,1
8590,0
8591,2
8592,1
8593,0
8594,0
8595,0
8596,2
8597,1
8598,0
8599,0
8600,0
8601,0
8602,3
8603,0
8604,1
8605,1
8606,1
8607,0
8608,1
8609,2
8610,0
8611,2
8612,2
8613,3
8614,3
8615,0
8616,1
8617,1
8618,1
8619,2
8620,0
8621,0
8622,0
8623,1
8624,2
8625,1
8626,1
8627,1
8628,1
8629,0
8630,0
8631,1
8632,1
8633,2
8634,3
8635,0
8636,1
8637,1
8638,2
8639,3
8640,0
8641,1
8642,3
8643,1
8644,1
8645,2
8646,1
8647,2
8648,1
8649,1
8650,0
8651,2
8652,0
8653,1
8654,0
8655,0
8656,0
8657,1
8658,1
8659,1
8660,4
8661,1
8662,2
8663,1
8664,2
8665,2
8666,1
8667,0
8668,1
8669,1
8670,2
8671,0
8672,2
8673,2
8674,1
8675,1
8676,0
8677,1
8678,1
8679,2
8680,0
8681,4
8682,1
8683,1
8684,0
8685,1
8686,0
8687,2
8688,0
8689,1
8690,0
8691,1
8692,0
8693,0
8694,0
8695,0
8696,1
8697,0
8698,0
8699,0
8700,0
8701,1
8702,1
8703,0
8704,0
8705,1
8706,4
8707,3
8708,1
8709,1
8710,2
8711,0
8712,0
8713,1
8714,1
8715,1
8716,0
8717,0
8718,1
8719,3
8720,1
8721,0
8722,2
8723,2
8724,1
8725,3
8726,0
8727,0
8728,0
8729,3
8730,0
8731,0
8732,1
8733,2
8734,1
8735,0
8736,2
8737,2
8738,2
8739,0
8740,0
8741,1
8742,1
8743,0
8744,1
8745,1
8746,0
8747,0
8748,2
8749,1
8750,1
8751,2
8752,2
8753,1
8754,1
8755,1
8756,2
8757,0
8758,1
8759,3
8760,1
8761,0
8762,0
8763,2
8764,0
8765,1
8766,0
8767,0
8768,3
8769,0
8770,1
8771,0
8772,0
8773,2
8774,3
8775,0
8776,2
8777,1
8778,1
8779,0
8780,1
8781,1
8782,2
8783,1
8784,1
8785,0
8786,2
8787,3
8788,1
8789,1
8790,0
8791,2
8792,3
8793,0
8794,4
8795,0
8796,2
8797,0
8798,0
8799,1
8800,0
8801,2
8802,1
8803,0
8804,1
8805,1
8806,0
8807,1
8808,1
8809,1
8810,4
8811,0
8812,0
8813,0
8814,0
8815,4
8816,1
8817,0
8818,1
8819,0
8820,1
8821,1
8822,1
8823,1
8824,1
8825,1
8826,1
8827,1
8828,2
8829,0
8830,1
8831,0
8832,0
8833,1
8834,0
8835,2
8836,2
8837,0
8838,0
8839,1
8840,0
8841,1
8842,1
8843,2
8844,1
8845,0
8846,0
8847,0
8848,0
8849,0
8850,1
8851,0
8852,1
8853,0
8854,0
8855,3
8856,2
8857,1
8858,1
8859,2
8860,1
8861,2
8862,3
8863,0
8864,0
8865,3
8866,0
8867,3
8868,0
8869,0
8870,1
8871,3
8872,1
8873,0
8874,2
8875,2
8876,1
8877,0
8878,0
8879,0
8880,2
8881,0
8882,2
8883,2
8884,2
8885,1
8886,0
8887,0
8888,0
8889,1
8890,0
8891,1
8892,2
8893,0
8894,2
8895,1
8896,1
8897,1
8898,1
8899,0
8900,2
8901,1
8902,3
8903,0
8904,2
8905,1
8906,0
8907,0
8908,1
8909,3
8910,0
8911,2
8912,1
8913,2
8914,1
8915,2
8916,1
8917,1
8918,3
8919,2
8920,1
8921,0
8922,0
8923,1
8924,0
8925,0
8926,1
8927,2
8928,1
8929,2
8930,0
8931,4
8932,0
8933,0
8934,1
8935,0
8936,3
8937,0
8938,0
8939,1
8940,1
8941,0
8942,1
8943,1
8944,1
8945,0
8946,0
8947,0
8948,0
8949,0
8950,2
8951,0
8952,0
8953,2
8954,1
8955,0
8956,2
8957,0
8958,1
8959,1
8960,1
8961,2
8962,0
8963,1
8964,0
8965,1
8966,1
8967,1
8968,0
8969,2
8970,0
8971,0
8972,1
8973,1
8974,3
8975,0
8976,1
8977,5
8978,1
8979,0
8980,2
8981,0
8982,3
8983,0
8984,2
8985,0
8986,1
8987,0
8988,0
8989,0
8990,0
8991,2
8992,0
8993,0
8994,0
8995,1
8996,2
8997,3
8998,2
8999,1
9000,0
9001,0
9002,5
9003,1
9004,3
9005,1
9006,2
9007,1
9008,2
9009,0
9010,2
9011,1
9012,0
9013,2
9014,0
9015,0
9016,7
9017,1
9018,3
9019,0
9020,0
9021,2
9022,1
9023,0
9024,1
9025,3
9026,0
9027,0
9028,0
9029,2
9030,0
9031,2
9032,1
9033,1
9034,2
9035,2
9036,1
9037,1
9038,0
9039,2
9040,0
9041,1
9042,1
9043,2
9044,2
9045,0
9046,2
9047,1
9048,0
9049,0
9050,0
9051,1
9052,1
9053,1
9054,0
9055,1
9056,1
9057,0
9058,1
9059,0
9060,0
9061,2
9062,0
9063,0
9064,1
9065,1
9066,1
9067,1
9068,5
9069,1
9070,1
9071,0
9072,2
9073,2
9074,2
9075,3
9076,0
9077,0
9078,0
9079,3
9080,2
9081,1
9082,0
9083,1
9084,1
9085,1
9086,2
9087,0
9088,2
9089,1
9090,2
9091,1
9092,2
9093,3
9094,2
9095,0
9096,2
9097,0
9098,3
9099,3
9100,2
9101,0
9102,1
9103,2
9104,1
9105,0
9106,3
9107,3
9108,0
9109,1
9110,0
9111,1
9112,0
9113,2
9114,2
9115,0
9116,0
9117,0
9118,3
9119,2
9120,1
9121,0
9122,0
9123,3
9124,2
9125,0
9126,0
9127,1
9128,0
9129,3
9130,1
9131,0
9132,0
9133,1
9134,2
9135,0
9136,1
9137,1
9138,0
9139,2
9140,1
9141,1
9142,0
9143,0
9144,1
9145,1
9146,4
9147,2
9148,1
9149,1
9150,1
9151,2
9152,2
9153,1
9154,2
9155,0
9156,0
9157,2
9158,0
9159,3
9160,2
9161,1
9162,1
9163,1
9164,2
9165,0
9166,1
9167,1
9168,1
9169,0
9170,4
9171,2
9172,2
9173,0
9174,1
9175,0
9176,0
9177,1
9178,0
9179,0
9180,0
9181,1
9182,2
9183,0
9184,2
9185,3
9186,2
9187,1
9188,0
9189,2
9190,1
9191,3
9192,1
9193,4
9194,2
9195,2
9196,1
9197,1
9198,1
9199,0
9200,2
9201,1
9202,1
9203,1
9204,2
9205,0
9206,1
9207,0
9208,0
9209,0
9210,3
9211,0
9212,2
9213,0
9214,1
9215,1
9216,3
9217,1
9218,0
9219,1
9220,2
9221,1
9222,2
9223,3
9224,0
9225,1
9226,1
9227,3
9228,1
9229,0
9230,1
9231,0
9232,0
9233,1
9234,0
9235,1
9236,2
9237,1
9238,0
9239,2
9240,0
9241,1
9242,0
9243,0
9244,0
9245,0
9246,3
9247,1
9248,1
9249,1
9250,2
9251,1
9252,0
9253,0
9254,1
9255,2
9256,3
9257,1
9258,0
9259,4
9260,0
9261,0
9262,0
9263,3
9264,5
9265,1
9266,2
9267,1
9268,1
9269,0
9270,1
9271,0
9272,2
9273,3
9274,1
9275,3
9276,0
9277,0
9278,1
9279,0
9280,2
9281,0
9282,3
9283,0
9284,2
9285,1
9286,0
9287,0
9288,0
9289,1
9290,1
9291,1
9292,1
9293,2
9294,2
9295,1
9296,0
9297,0
9298,0
9299,0
9300,0
9301,0
9302,0
9303,0
9304,2
9305,1
9306,1
9307,0
9308,1
9309,1
9310,0
9311,2
9312,1
9313,1
9314,0
9315,0
9316,1
9317,1
9318,2
9319,0
9320,1
9321,1
9322,0
9323,2
9324,1
9325,1
9326,3
9327,0
9328,0
9329,1
9330,0
9331,0
9332,1
9333,1
9334,2
9335,1
9336,1
9337,1
9338,0
9339,1
9340,2
9341,2
9342,0
9343,2
9344,1
9345,0
9346,1
9347,0
9348,3
9349,2
9350,3
9351,1
9352,2
9353,3
9354,2
9355,0
9356,2
9357,0
9358,2
9359,3
9360,1
9361,0
9362,1
9363,1
9364,0
9365,2
9366,2
9367,1
9368,2
9369,3
9370,0
9371,0
9372,2
9373,0
9374,1
9375,0
9376,0
9377,1
9378,1
9379,2
9380,2
9381,0
9382,0
9383,0
9384,1
9385,0
9386,1
9387,2
9388,2
9389,4
9390,0
9391,0
9392,1
9393,1
9394,0
9395,0
9396,0
9397,1
9398,2
9399,5
9400,2
9401,1
9402,0
9403,0
9404,4
9405,1
9406,0
9407,0
9408,1
9409,3
9410,0
9411,2
9412,4
9413,1
9414,0
9415,0
9416,1
9417,1
9418,1
9419,2
9420,2
9421,2
9422,1
9423,0
9424,1
9425,0
9426,0
9427,1
9428,3
9429,0
9430,1
9431,1
9432,1
9433,1
9434,1
9435,1
9436,0
9437,0
9438,0
9439,3
9440,2
9441,2
9442,1
9443,0
9444,2
9445,1
9446,3
9447,0
9448,0
9449,3
9450,1
9451,0
9452,2
9453,0
9454,2
9455,1
9456,2
9457,0
9458,1
9459,1
9460,1
9461,1
9462,5
9463,2
9464,0
9465,2
9466,1
9467,1
9468,2
9469,4
9470,0
9471,2
9472,0
9473,1
9474,2
9475,0
9476,4
9477,1
9478,1
9479,2
9480,1
9481,1
9482,0
9483,1
9484,2
9485,0
9486,0
9487,0
9488,1
9489,1
9490,1
9491,0
9492,2
9493,1
9494,0
9495,1
9496,0
9497,1
9498,1
9499,0
9500,0
9501,4
9502,3
9503,1
9504,1
9505,1
9506,0
9507,3
9508,0
9509,2
9510,1
9511,1
9512,0
9513,0
9514,0
9515,0
9516,1
9517,2
9518,0
9519,1
9520,0
9521,1
9522,2
9523,1
9524,0
9525,1
9526,4
9527,2
9528,1
9529,0
9530,1
9531,0
9532,1
9533,0
9534,1
9535,0
9536,0
9537,1
9538,0
9539,3
9540,5
9541,0
9542,1
9543,4
9544,0
9545,0
9546,1
9547,3
9548,0
9549,2
9550,1
9551,1
9552,2
9553,1
9554,0
9555,1
9556,0
9557,3
9558,3
9559,2
9560,1
9561,1
9562,0
9563,2
9564,1
9565,1
9566,3
9567,1
9568,0
9569,1
9570,0
9571,1
9572,3
9573,0
9574,3
9575,1
9576,2
9577,0
9578,0
9579,0
9580,2
9581,2
9582,1
9583,1
9584,0
9585,0
9586,2
9587,2
9588,2
9589,1
9590,1
9591,1
9592,4
9593,3
9594,1
9595,1
9596,1
9597,2
9598,2
9599,1
9600,0
9601,1
9602,2
9603,0
9604,1
9605,2
9606,1
9607,0
9608,1
9609,1
9610,0
9611,4
9612,0
9613,0
9614,0
9615,1
9616,0
9617,0
9618,0
9619,0
9620,0
9621,0
9622,3
9623,0
9624,0
9625,1
9626,0
9627,0
9628,2
9629,0
9630,0
9631,1
9632,3
9633,1
9634,0
9635,3
9636,3
9637,2
9638,1
9639,2
9640,1
9641,2
9642,0
9643,2
9644,0
9645,1
9646,0
9647,2
9648,4
9649,0
9650,2
9651,2
9652,3
9653,2
9654,0
9655,0
9656,1
9657,0
9658,1
9659,2
9660,0
9661,2
9662,0
9663,1
9664,0
9665,0
9666,2
9667,2
9668,1
9669,1
9670,1
9671,0
9672,4
9673,0
9674,2
9675,3
9676,2
9677,0
9678,3
9679,0
9680,0
9681,1
9682,2
9683,1
9684,1
9685,1
9686,0
9687,0
9688,0
9689,0
9690,0
9691,3
9692,3
9693,2
9694,0
9695,1
9696,0
9697,1
9698,0
9699,1
9700,0
9701,1
9702,0
9703,2
9704,0
9705,1
9706,1
9707,0
9708,0
9709,0
9710,1
9711,0
9712,6
9713,4
9714,1
9715,2
9716,2
9717,1
9718,2
9719,0
9720,1
9721,0
9722,0
9723,0
9724,1
9725,0
9726,1
9727,0
9728,0
9729,3
9730,1
9731,2
9732,3
9733,2
9734,0
9735,1
9736,0
9737,1
9738,3
9739,0
9740,0
9741,4
9742,0
9743,1
9744,0
9745,4
9746,2
9747,0
9748,0
9749,1
9750,0
9751,1
9752,0
9753,1
9754,0
9755,1
9756,1
9757,0
9758,0
9759,0
9760,2
9761,0
9762,2
9763,2
9764,1
9765,0
9766,3
9767,0
9768,2
9769,1
9770,2
9771,1
9772,1
9773,0
9774,1
9775,1
9776,1
9777,1
9778,1
9779,0
9780,1
9781,2
9782,0
9783,1
9784,0
9785,1
9786,0
9787,1
9788,2
9789,4
9790,0
9791,3
9792,0
9793,2
9794,4
9795,3
9796,2
9797,3
9798,0
9799,2
9800,1
9801,0
9802,1
9803,1
9804,1
9805,1
9806,0
9807,0
9808,0
9809,1
9810,1
9811,0
9812,0
9813,2
9814,4
9815,2
9816,0
9817,0
9818,1
9819,1
9820,1
9821,0
9822,2
9823,0
9824,3
9825,1
9826,0
9827,1
9828,0
9829,1
9830,2
9831,1
9832,0
9833,1
9834,2
9835,0
9836,0
9837,0
9838,0
9839,0
9840,0
9841,1
9842,0
9843,0
9844,1
9845,1
9846,3
9847,1
9848,0
9849,1
9850,0
9851,1
9852,0
9853,0
9854,0
9855,4
9856,1
9857,1
9858,0
9859,1
9860,0
9861,1
9862,2
9863,1
9864,0
9865,2
9866,1
9867,2
9868,0
9869,0
9870,1
9871,0
9872,0
9873,1
9874,0
9875,2
9876,0
9877,0
9878,3
9879,2
9880,0
9881,2
9882,2
9883,1
9884,1
9885,1
9886,1
9887,2
9888,1
9889,3
9890,0
9891,0
9892,1
9893,0
9894,1
9895,1
9896,0
9897,4
9898,0
9899,1
9900,0
9901,0
9902,1
9903,0
9904,0
9905,0
9906,0
9907,1
9908,1
9909,1
9910,1
9911,3
9912,2
9913,0
9914,0
9915,0
9916,1
9917,1
9918,1
9919,1
9920,1
9921,1
9922,1
9923,1
9924,1
9925,1
9926,1
9927,1
9928,0
9929,0
9930,1
9931,1
9932,0
9933,1
9934,1
9935,0
9936,1
9937,1
9938,4
9939,0
9940,2
9941,2
9942,2
9943,1
9944,0
9945,2
9946,1
9947,0
9948,1
9949,0
9950,1
9951,0
9952,1
9953,0
9954,0
9955,1
9956,1
9957,0
9958,1
9959,0
9960,1
9961,0
9962,2
9963,2
9964,0
9965,1
9966,1
9967,1
9968,0
9969,0
9970,1
9971,2
9972,0
9973,0
9974,1
9975,0
9976,0
9977,2
9978,0
9979,0
9980,1
9981,0
9982,0
9983,1
9984,1
9985,3
9986,1
9987,0
9988,0
9989,0
9990,2
9991,0
9992,0
9993,4
9994,2
9995,3
9996,0
9997,2
9998,0
9999,0
