0,74
1,111
2,80
3,74
4,0
5,0
6,13
7,35
8,80
9,5
10,222
11,58
12,0
13,0
14,23
15,0
16,31
17,0
18,86
19,15
20,0
21,61
22,132
23,32
24,0
25,0
26,51
27,10
28,0
29,4
30,27
31,0
32,0
33,23
34,34
35,0
36,69
37,72
38,57
39,0
40,2
41,0
42,5
43,0
44,13
45,35
46,0
47,3
48,0
49,0
50,6
51,60
52,2
53,37
54,26
55,37
56,0
57,0
58,13
59,4
60,31
61,18
62,21
63,16
64,2
65,6
66,6
67,40
68,19
69,12
70,10
71,1
72,0
73,2
74,10
75,4
76,10
77,0
78,21
79,0
80,4
81,0
82,11
83,113
84,6
85,24
86,43
87,13
88,13
89,0
90,11
91,1
92,0
93,19
94,0
95,7
96,0
97,0
98,0
99,15
100,0
101,0
102,5
103,1
104,23
105,0
106,0
107,7
108,2
109,5
110,4
111,49
112,0
113,23
114,0
115,30
116,5
117,0
118,77
119,50
120,15
121,0
122,6
123,0
124,0
125,0
126,3
127,2
128,0
129,0
130,1
131,0
132,1
133,8
134,8
135,14
136,4
137,0
138,2
139,14
140,13
141,0
142,0
143,27
144,6
145,17
146,14
147,0
148,22
149,15
150,25
151,1
152,0
153,7
154,0
155,3
156,0
157,0
158,4
159,17
160,9
161,10
162,0
163,9
164,0
165,2
166,3
167,2
168,7
169,13
170,14
171,0
172,10
173,0
174,44
175,6
176,18
177,17
178,21
179,14
180,22
181,12
182,0
183,1
184,0
185,0
186,5
187,8
188,6
189,0
190,7
191,1
192,8
193,5
194,6
195,4
196,0
197,2
198,8
199,10
200,13
201,0
202,11
203,6
204,11
205,0
206,27
207,11
208,0
209,6
210,15
211,0
212,6
213,9
214,0
215,0
216,1
217,21
218,8
219,5
220,22
221,1
222,0
223,14
224,0
225,0
226,2
227,20
228,8
229,0
230,0
231,0
232,20
233,9
234,0
235,15
236,2
237,1
238,5
239,3
240,0
241,0
242,8
243,8
244,0
245,11
246,20
247,1
248,1
249,0
250,2
251,0
252,4
253,0
254,7
255,6
256,0
257,4
258,0
259,6
260,1
261,0
262,0
263,0
264,38
265,7
266,14
267,13
268,1
269,0
270,11
271,6
272,7
273,0
274,15
275,8
276,0
277,3
278,0
279,1
280,7
281,0
282,25
283,12
284,0
285,0
286,6
287,9
288,2
289,1
290,9
291,4
292,6
293,1
294,6
295,13
296,0
297,0
298,5
299,8
300,0
301,0
302,0
303,11
304,0
305,5
306,8
307,6
308,9
309,0
310,3
311,0
312,1
313,1
314,21
315,0
316,0
317,1
318,16
319,0
320,15
321,0
322,0
323,0
324,4
325,1
326,5
327,0
328,0
329,0
330,6
331,16
332,29
333,0
334,17
335,0
336,3
337,10
338,5
339,1
340,16
341,0
342,2
343,18
344,2
345,0
346,8
347,6
348,0
349,11
350,1
351,21
352,9
353,0
354,0
355,0
356,0
357,2
358,6
359,0
360,4
361,0
362,8
363,4
364,18
365,0
366,0
367,6
368,13
369,1
370,0
371,3
372,8
373,6
374,0
375,0
376,6
377,0
378,0
379,0
380,7
381,0
382,0
383,3
384,0
385,0
386,0
387,5
388,6
389,0
390,1
391,2
392,4
393,1
394,5
395,4
396,0
397,10
398,0
399,20
400,3
401,25
402,8
403,16
404,1
405,0
406,11
407,0
408,1
409,0
410,8
411,2
412,8
413,7
414,1
415,11
416,0
417,14
418,17
419,9
420,1
421,0
422,3
423,1
424,0
425,22
426,2
427,14
428,16
429,14
430,0
431,25
432,5
433,31
434,11
435,0
436,6
437,9
438,12
439,1
440,0
441,0
442,0
443,0
444,8
445,2
446,0
447,7
448,9
449,0
450,0
451,0
452,6
453,14
454,1
455,16
456,0
457,0
458,2
459,0
460,0
461,1
462,7
463,1
464,0
465,3
466,5
467,1
468,0
469,18
470,1
471,8
472,0
473,0
474,0
475,32
476,10
477,8
478,0
479,3
480,1
481,12
482,0
483,3
484,5
485,0
486,8
487,0
488,4
489,19
490,0
491,4
492,0
493,4
494,0
495,29
496,7
497,0
498,0
499,13
500,1
501,1
502,15
503,0
504,0
505,0
506,1
507,4
508,0
509,0
510,0
511,0
512,0
513,2
514,12
515,0
516,0
517,0
518,0
519,0
520,0
521,3
522,0
523,0
524,9
525,0
526,15
527,1
528,12
529,13
530,13
531,11
532,7
533,2
534,0
535,8
536,9
537,3
538,5
539,0
540,0
541,0
542,1
543,0
544,5
545,11
546,2
547,0
548,11
549,11
550,0
551,0
552,0
553,2
554,3
555,11
556,4
557,9
558,1
559,0
560,1
561,4
562,9
563,11
564,12
565,0
566,4
567,23
568,9
569,7
570,3
571,5
572,1
573,15
574,3
575,0
576,7
577,6
578,9
579,0
580,0
581,16
582,4
583,0
584,1
585,16
586,0
587,0
588,0
589,13
590,12
591,0
592,0
593,7
594,9
595,0
596,4
597,0
598,3
599,0
600,0
601,0
602,3
603,0
604,15
605,4
606,0
607,3
608,1
609,2
610,10
611,5
612,0
613,9
614,0
615,7
616,1
617,0
618,2
619,0
620,7
621,5
622,5
623,3
624,7
625,0
626,3
627,6
628,5
629,5
630,4
631,0
632,9
633,0
634,1
635,12
636,0
637,10
638,2
639,7
640,6
641,2
642,0
643,9
644,0
645,0
646,0
647,4
648,0
649,0
650,2
651,0
652,3
653,13
654,7
655,8
656,0
657,0
658,11
659,0
660,1
661,0
662,0
663,0
664,0
665,0
666,13
667,0
668,0
669,5
670,0
671,3
672,0
673,22
674,5
675,0
676,0
677,1
678,1
679,9
680,0
681,9
682,4
683,0
684,8
685,8
686,0
687,10
688,9
689,1
690,0
691,3
692,1
693,8
694,3
695,0
696,10
697,1
698,5
699,0
700,2
701,14
702,0
703,5
704,1
705,0
706,0
707,5
708,0
709,0
710,0
711,3
712,1
713,9
714,6
715,4
716,12
717,0
718,11
719,4
720,0
721,0
722,4
723,3
724,0
725,0
726,12
727,2
728,0
729,3
730,3
731,0
732,6
733,7
734,0
735,0
736,13
737,0
738,14
739,4
740,4
741,3
742,10
743,12
744,0
745,7
746,5
747,0
748,4
749,4
750,1
751,1
752,0
753,2
754,0
755,0
756,0
757,8
758,8
759,0
760,12
761,1
762,0
763,7
764,1
765,0
766,0
767,3
768,5
769,1
770,1
771,0
772,2
773,1
774,0
775,0
776,6
777,0
778,16
779,5
780,0
781,5
782,0
783,7
784,0
785,2
786,0
787,0
788,9
789,6
790,4
791,1
792,0
793,20
794,1
795,15
796,1
797,0
798,15
799,1
800,0
801,10
802,7
803,0
804,0
805,0
806,14
807,0
808,1
809,6
810,4
811,2
812,0
813,2
814,2
815,0
816,0
817,0
818,5
819,0
820,0
821,0
822,4
823,2
824,0
825,3
826,3
827,0
828,5
829,7
830,0
831,16
832,1
833,9
834,8
835,0
836,4
837,3
838,0
839,19
840,1
841,0
842,2
843,3
844,0
845,6
846,1
847,4
848,8
849,9
850,7
851,0
852,0
853,0
854,14
855,0
856,0
857,1
858,2
859,18
860,15
861,0
862,0
863,4
864,6
865,7
866,0
867,0
868,1
869,16
870,0
871,7
872,5
873,3
874,1
875,19
876,0
877,0
878,1
879,0
880,0
881,4
882,4
883,2
884,5
885,0
886,0
887,2
888,3
889,1
890,2
891,3
892,3
893,5
894,10
895,2
896,1
897,0
898,9
899,3
900,0
901,0
902,0
903,13
904,0
905,11
906,4
907,0
908,3
909,9
910,5
911,2
912,0
913,0
914,8
915,0
916,0
917,0
918,0
919,2
920,0
921,1
922,0
923,0
924,0
925,0
926,9
927,0
928,0
929,2
930,1
931,6
932,0
933,6
934,0
935,0
936,1
937,10
938,4
939,7
940,10
941,5
942,6
943,0
944,0
945,1
946,13
947,0
948,0
949,0
950,7
951,1
952,1
953,1
954,4
955,2
956,3
957,12
958,0
959,1
960,2
961,0
962,0
963,17
964,2
965,3
966,4
967,13
968,3
969,1
970,3
971,16
972,3
973,5
974,9
975,0
976,2
977,3
978,3
979,2
980,2
981,6
982,5
983,2
984,5
985,0
986,9
987,0
988,1
989,3
990,2
991,3
992,11
993,1
994,3
995,1
996,3
997,0
998,7
999,3
1000,18
1001,0
1002,1
1003,8
1004,1
1005,4
1006,0
1007,3
1008,7
1009,3
1010,3
1011,3
1012,3
1013,4
1014,5
1015,6
1016,0
1017,12
1018,0
1019,5
1020,0
1021,3
1022,1
1023,2
1024,1
1025,4
1026,2
1027,0
1028,4
1029,0
1030,0
1031,0
1032,7
1033,2
1034,8
1035,12
1036,4
1037,1
1038,2
1039,11
1040,0
1041,4
1042,4
1043,7
1044,8
1045,0
1046,1
1047,13
1048,1
1049,0
1050,1
1051,0
1052,0
1053,0
1054,1
1055,5
1056,1
1057,0
1058,5
1059,0
1060,1
1061,1
1062,7
1063,3
1064,1
1065,4
1066,5
1067,0
1068,0
1069,0
1070,6
1071,4
1072,0
1073,0
1074,0
1075,0
1076,0
1077,10
1078,9
1079,2
1080,0
1081,6
1082,3
1083,7
1084,5
1085,1
1086,0
1087,8
1088,16
1089,0
1090,4
1091,6
1092,7
1093,5
1094,2
1095,2
1096,0
1097,12
1098,0
1099,8
1100,3
1101,5
1102,11
1103,2
1104,0
1105,0
1106,7
1107,1
1108,0
1109,4
1110,0
1111,2
1112,9
1113,6
1114,10
1115,0
1116,0
1117,0
1118,1
1119,6
1120,7
1121,5
1122,0
1123,5
1124,9
1125,0
1126,7
1127,0
1128,11
1129,3
1130,0
1131,0
1132,1
1133,5
1134,4
1135,0
1136,2
1137,0
1138,8
1139,14
1140,3
1141,3
1142,2
1143,4
1144,1
1145,3
1146,0
1147,0
1148,3
1149,0
1150,3
1151,2
1152,0
1153,0
1154,5
1155,0
1156,4
1157,6
1158,0
1159,0
1160,0
1161,3
1162,0
1163,0
1164,2
1165,4
1166,10
1167,0
1168,0
1169,2
1170,2
1171,4
1172,0
1173,6
1174,10
1175,3
1176,2
1177,0
1178,0
1179,0
1180,1
1181,6
1182,0
1183,1
1184,4
1185,0
1186,6
1187,2
1188,20
1189,4
1190,0
1191,0
1192,4
1193,4
1194,1
1195,0
1196,0
1197,5
1198,4
1199,0
1200,4
1201,0
1202,1
1203,1
1204,0
1205,0
1206,21
1207,0
1208,5
1209,6
1210,5
1211,0
1212,2
1213,4
1214,8
1215,22
1216,0
1217,1
1218,3
1219,1
1220,0
1221,9
1222,0
1223,9
1224,8
1225,0
1226,0
1227,7
1228,7
1229,0
1230,2
1231,0
1232,2
1233,4
1234,1
1235,8
1236,0
1237,0
1238,0
1239,5
1240,0
1241,2
1242,2
1243,3
1244,0
1245,2
1246,0
1247,1
1248,0
1249,3
1250,0
1251,0
1252,0
1253,4
1254,0
1255,3
1256,3
1257,0
1258,0
1259,0
1260,0
1261,2
1262,0
1263,1
1264,0
1265,4
1266,7
1267,0
1268,3
1269,8
1270,1
1271,0
1272,4
1273,7
1274,3
1275,6
1276,2
1277,0
1278,0
1279,0
1280,0
1281,2
1282,3
1283,9
1284,4
1285,3
1286,0
1287,0
1288,4
1289,0
1290,0
1291,0
1292,2
1293,0
1294,15
1295,4
1296,11
1297,2
1298,3
1299,18
1300,0
1301,4
1302,3
1303,3
1304,4
1305,0
1306,0
1307,0
1308,0
1309,0
1310,6
1311,0
1312,2
1313,0
1314,1
1315,9
1316,0
1317,0
1318,3
1319,0
1320,0
1321,6
1322,1
1323,8
1324,5
1325,10
1326,2
1327,0
1328,3
1329,4
1330,0
1331,1
1332,0
1333,0
1334,1
1335,7
1336,1
1337,2
1338,0
1339,6
1340,5
1341,3
1342,2
1343,1
1344,4
1345,0
1346,2
1347,0
1348,0
1349,5
1350,3
1351,0
1352,3
1353,0
1354,1
1355,1
1356,1
1357,10
1358,5
1359,4
1360,5
1361,0
1362,3
1363,4
1364,0
1365,3
1366,0
1367,1
1368,0
1369,0
1370,5
1371,0
1372,1
1373,2
1374,0
1375,2
1376,0
1377,7
1378,1
1379,6
1380,4
1381,1
1382,0
1383,0
1384,6
1385,2
1386,0
1387,7
1388,0
1389,7
1390,1
1391,0
1392,0
1393,0
1394,1
1395,1
1396,6
1397,0
1398,5
1399,1
1400,0
1401,0
1402,1
1403,1
1404,0
1405,4
1406,0
1407,0
1408,0
1409,2
1410,2
1411,6
1412,1
1413,0
1414,1
1415,3
1416,0
1417,10
1418,4
1419,1
1420,0
1421,0
1422,2
1423,6
1424,7
1425,2
1426,5
1427,0
1428,0
1429,4
1430,0
1431,4
1432,1
1433,0
1434,2
1435,1
1436,2
1437,0
1438,0
1439,11
1440,6
1441,0
1442,2
1443,1
1444,1
1445,4
1446,7
1447,0
1448,0
1449,0
1450,1
1451,0
1452,9
1453,0
1454,0
1455,4
1456,0
1457,0
1458,0
1459,0
1460,2
1461,12
1462,0
1463,3
1464,1
1465,0
1466,1
1467,0
1468,0
1469,1
1470,5
1471,1
1472,1
1473,6
1474,4
1475,1
1476,1
1477,0
1478,1
1479,0
1480,0
1481,5
1482,2
1483,0
1484,0
1485,0
1486,5
1487,5
1488,0
1489,0
1490,0
1491,1
1492,11
1493,0
1494,3
1495,1
1496,2
1497,0
1498,3
1499,2
1500,0
1501,0
1502,2
1503,3
1504,7
1505,5
1506,0
1507,0
1508,3
1509,0
1510,1
1511,0
1512,0
1513,2
1514,0
1515,1
1516,5
1517,0
1518,4
1519,0
1520,0
1521,0
1522,20
1523,1
1524,1
1525,5
1526,2
1527,5
1528,6
1529,0
1530,4
1531,4
1532,0
1533,13
1534,0
1535,0
1536,0
1537,3
1538,3
1539,2
1540,0
1541,1
1542,3
1543,4
1544,0
1545,4
1546,0
1547,0
1548,0
1549,8
1550,5
1551,2
1552,0
1553,0
1554,3
1555,6
1556,9
1557,1
1558,6
1559,6
1560,0
1561,1
1562,0
1563,4
1564,4
1565,6
1566,9
1567,3
1568,14
1569,12
1570,0
1571,4
1572,0
1573,0
1574,10
1575,3
1576,1
1577,6
1578,0
1579,1
1580,1
1581,0
1582,0
1583,4
1584,0
1585,1
1586,4
1587,2
1588,1
1589,6
1590,0
1591,0
1592,0
1593,5
1594,2
1595,1
1596,11
1597,0
1598,0
1599,2
1600,1
1601,2
1602,4
1603,0
1604,0
1605,2
1606,8
1607,5
1608,5
1609,8
1610,5
1611,2
1612,6
1613,4
1614,4
1615,0
1616,2
1617,8
1618,0
1619,0
1620,0
1621,3
1622,1
1623,0
1624,0
1625,2
1626,9
1627,8
1628,0
1629,0
1630,0
1631,1
1632,4
1633,0
1634,1
1635,3
1636,1
1637,0
1638,5
1639,0
1640,1
1641,2
1642,2
1643,0
1644,0
1645,2
1646,0
1647,0
1648,0
1649,1
1650,6
1651,4
1652,3
1653,1
1654,0
1655,4
1656,0
1657,0
1658,0
1659,5
1660,0
1661,3
1662,0
1663,0
1664,2
1665,3
1666,0
1667,2
1668,1
1669,6
1670,3
1671,0
1672,0
1673,0
1674,0
1675,1
1676,2
1677,0
1678,5
1679,0
1680,6
1681,0
1682,2
1683,1
1684,0
1685,0
1686,4
1687,0
1688,4
1689,0
1690,2
1691,0
1692,2
1693,1
1694,0
1695,8
1696,4
1697,2
1698,2
1699,0
1700,1
1701,5
1702,3
1703,0
1704,7
1705,2
1706,9
1707,1
1708,0
1709,0
1710,0
1711,2
1712,4
1713,9
1714,5
1715,0
1716,1
1717,5
1718,0
1719,4
1720,11
1721,0
1722,5
1723,0
1724,5
1725,8
1726,5
1727,0
1728,5
1729,0
1730,0
1731,0
1732,1
1733,3
1734,0
1735,6
1736,4
1737,6
1738,3
1739,0
1740,0
1741,3
1742,4
1743,7
1744,1
1745,0
1746,0
1747,0
1748,0
1749,4
1750,0
1751,1
1752,0
1753,0
1754,1
1755,1
1756,0
1757,0
1758,0
1759,1
1760,0
1761,0
1762,1
1763,4
1764,16
1765,1
1766,3
1767,0
1768,1
1769,0
1770,0
1771,0
1772,10
1773,0
1774,0
1775,8
1776,0
1777,0
1778,0
1779,0
1780,0
1781,0
1782,1
1783,1
1784,4
1785,8
1786,4
1787,0
1788,6
1789,0
1790,4
1791,3
1792,3
1793,6
1794,0
1795,2
1796,2
1797,5
1798,1
1799,6
1800,0
1801,4
1802,0
1803,3
1804,0
1805,1
1806,1
1807,1
1808,7
1809,0
1810,0
1811,1
1812,1
1813,2
1814,4
1815,0
1816,2
1817,1
1818,1
1819,2
1820,1
1821,5
1822,5
1823,0
1824,0
1825,5
1826,5
1827,0
1828,1
1829,0
1830,4
1831,4
1832,4
1833,1
1834,1
1835,0
1836,0
1837,2
1838,0
1839,0
1840,6
1841,7
1842,4
1843,0
1844,0
1845,7
1846,1
1847,0
1848,3
1849,3
1850,2
1851,1
1852,0
1853,3
1854,0
1855,1
1856,3
1857,2
1858,0
1859,0
1860,0
1861,9
1862,0
1863,4
1864,1
1865,2
1866,2
1867,8
1868,3
1869,14
1870,17
1871,3
1872,4
1873,2
1874,4
1875,1
1876,2
1877,1
1878,0
1879,11
1880,0
1881,1
1882,2
1883,2
1884,0
1885,5
1886,1
1887,0
1888,4
1889,2
1890,1
1891,2
1892,6
1893,0
1894,0
1895,1
1896,1
1897,1
1898,3
1899,2
1900,1
1901,0
1902,1
1903,1
1904,0
1905,2
1906,5
1907,2
1908,9
1909,3
1910,0
1911,0
1912,5
1913,3
1914,3
1915,0
1916,7
1917,0
1918,0
1919,2
1920,0
1921,0
1922,0
1923,3
1924,4
1925,0
1926,0
1927,1
1928,0
1929,0
1930,7
1931,2
1932,1
1933,0
1934,6
1935,2
1936,6
1937,0
1938,0
1939,11
1940,5
1941,5
1942,7
1943,2
1944,0
1945,0
1946,1
1947,1
1948,2
1949,1
1950,0
1951,14
1952,1
1953,4
1954,1
1955,8
1956,10
1957,1
1958,2
1959,0
1960,0
1961,2
1962,3
1963,6
1964,5
1965,3
1966,5
1967,12
1968,5
1969,0
1970,3
1971,0
1972,2
1973,9
1974,3
1975,3
1976,0
1977,2
1978,2
1979,5
1980,3
1981,0
1982,1
1983,1
1984,3
1985,0
1986,4
1987,2
1988,1
1989,3
1990,0
1991,5
1992,1
1993,1
1994,0
1995,6
1996,0
1997,0
1998,4
1999,2
2000,8
2001,0
2002,0
2003,0
2004,0
2005,5
2006,1
2007,7
2008,1
2009,1
2010,2
2011,0
2012,0
2013,5
2014,3
2015,7
2016,1
2017,0
2018,1
2019,0
2020,0
2021,5
2022,8
2023,0
2024,0
2025,4
2026,1
2027,2
2028,1
2029,4
2030,0
2031,0
2032,7
2033,1
2034,6
2035,3
2036,0
2037,2
2038,4
2039,15
2040,0
2041,0
2042,1
2043,3
2044,0
2045,0
2046,1
2047,1
2048,1
2049,2
2050,1
2051,1
2052,2
2053,0
2054,1
2055,3
2056,2
2057,1
2058,0
2059,0
2060,0
2061,5
2062,0
2063,11
2064,3
2065,4
2066,0
2067,9
2068,1
2069,6
2070,2
2071,3
2072,0
2073,0
2074,1
2075,0
2076,8
2077,1
2078,0
2079,2
2080,1
2081,2
2082,8
2083,1
2084,1
2085,9
2086,0
2087,0
2088,4
2089,1
2090,0
2091,0
2092,1
2093,1
2094,6
2095,3
2096,1
2097,1
2098,6
2099,2
2100,1
2101,4
2102,3
2103,0
2104,0
2105,1
2106,6
2107,5
2108,9
2109,0
2110,2
2111,0
2112,0
2113,0
2114,4
2115,8
2116,0
2117,0
2118,1
2119,0
2120,0
2121,6
2122,0
2123,5
2124,0
2125,0
2126,1
2127,3
2128,2
2129,4
2130,0
2131,3
2132,0
2133,0
2134,1
2135,0
2136,1
2137,1
2138,6
2139,0
2140,1
2141,1
2142,7
2143,6
2144,0
2145,3
2146,5
2147,0
2148,0
2149,0
2150,1
2151,3
2152,3
2153,3
2154,4
2155,1
2156,3
2157,0
2158,2
2159,0
2160,2
2161,0
2162,1
2163,2
2164,2
2165,2
2166,0
2167,0
2168,3
2169,0
2170,2
2171,0
2172,0
2173,0
2174,3
2175,3
2176,0
2177,9
2178,0
2179,1
2180,0
2181,0
2182,0
2183,1
2184,0
2185,1
2186,2
2187,0
2188,0
2189,5
2190,0
2191,0
2192,2
2193,0
2194,0
2195,5
2196,3
2197,0
2198,1
2199,0
2200,6
2201,6
2202,2
2203,1
2204,5
2205,3
2206,7
2207,0
2208,0
2209,2
2210,4
2211,0
2212,0
2213,0
2214,6
2215,0
2216,2
2217,4
2218,0
2219,0
2220,7
2221,5
2222,5
2223,0
2224,1
2225,1
2226,4
2227,1
2228,2
2229,1
2230,0
2231,3
2232,10
2233,2
2234,2
2235,2
2236,2
2237,0
2238,3
2239,9
2240,1
2241,0
2242,1
2243,5
2244,1
2245,2
2246,1
2247,0
2248,5
2249,4
2250,0
2251,1
2252,0
2253,0
2254,0
2255,1
2256,0
2257,2
2258,0
2259,2
2260,4
2261,0
2262,1
2263,2
2264,2
2265,2
2266,1
2267,4
2268,0
2269,2
2270,1
2271,1
2272,2
2273,2
2274,2
2275,0
2276,6
2277,0
2278,4
2279,2
2280,2
2281,2
2282,0
2283,1
2284,2
2285,5
2286,3
2287,0
2288,11
2289,0
2290,1
2291,2
2292,2
2293,0
2294,0
2295,3
2296,1
2297,0
2298,5
2299,7
2300,3
2301,3
2302,1
2303,2
2304,0
2305,0
2306,0
2307,2
2308,0
2309,11
2310,3
2311,2
2312,0
2313,1
2314,1
2315,0
2316,3
2317,11
2318,0
2319,3
2320,4
2321,6
2322,0
2323,0
2324,1
2325,3
2326,0
2327,0
2328,2
2329,2
2330,1
2331,7
2332,0
2333,5
2334,0
2335,0
2336,0
2337,4
2338,5
2339,0
2340,0
2341,0
2342,0
2343,2
2344,1
2345,5
2346,6
2347,2
2348,0
2349,0
2350,1
2351,0
2352,0
2353,2
2354,9
2355,0
2356,4
2357,6
2358,3
2359,4
2360,0
2361,3
2362,5
2363,0
2364,5
2365,5
2366,3
2367,5
2368,1
2369,5
2370,1
2371,2
2372,0
2373,2
2374,0
2375,0
2376,1
2377,3
2378,4
2379,0
2380,1
2381,1
2382,2
2383,2
2384,6
2385,2
2386,0
2387,6
2388,1
2389,0
2390,3
2391,1
2392,1
2393,0
2394,0
2395,0
2396,0
2397,0
2398,2
2399,0
2400,1
2401,1
2402,2
2403,4
2404,0
2405,0
2406,2
2407,0
2408,4
2409,1
2410,6
2411,0
2412,0
2413,3
2414,1
2415,1
2416,0
2417,3
2418,0
2419,0
2420,1
2421,1
2422,3
2423,1
2424,0
2425,2
2426,0
2427,1
2428,4
2429,1
2430,0
2431,3
2432,0
2433,4
2434,0
2435,1
2436,5
2437,6
2438,4
2439,1
2440,0
2441,0
2442,0
2443,1
2444,1
2445,0
2446,4
2447,10
2448,0
2449,7
2450,2
2451,0
2452,0
2453,0
2454,0
2455,4
2456,2
2457,2
2458,2
2459,1
2460,1
2461,0
2462,0
2463,4
2464,4
2465,3
2466,0
2467,4
2468,4
2469,1
2470,3
2471,0
2472,0
2473,4
2474,0
2475,1
2476,0
2477,4
2478,1
2479,0
2480,1
2481,0
2482,4
2483,0
2484,0
2485,0
2486,2
2487,0
2488,2
2489,4
2490,2
2491,3
2492,15
2493,0
2494,1
2495,0
2496,0
2497,3
2498,1
2499,3
2500,0
2501,0
2502,5
2503,1
2504,2
2505,2
2506,2
2507,5
2508,1
2509,3
2510,0
2511,1
2512,4
2513,0
2514,1
2515,6
2516,0
2517,2
2518,0
2519,1
2520,2
2521,0
2522,3
2523,1
2524,1
2525,6
2526,2
2527,0
2528,3
2529,0
2530,1
2531,5
2532,0
2533,1
2534,4
2535,4
2536,4
2537,4
2538,3
2539,0
2540,0
2541,6
2542,3
2543,1
2544,6
2545,2
2546,0
2547,0
2548,2
2549,0
2550,0
2551,4
2552,0
2553,1
2554,4
2555,0
2556,1
2557,0
2558,0
2559,0
2560,2
2561,1
2562,0
2563,6
2564,2
2565,0
2566,2
2567,5
2568,1
2569,4
2570,0
2571,3
2572,2
2573,1
2574,0
2575,0
2576,3
2577,1
2578,0
2579,0
2580,1
2581,4
2582,3
2583,1
2584,0
2585,0
2586,3
2587,0
2588,2
2589,0
2590,3
2591,0
2592,3
2593,1
2594,2
2595,2
2596,0
2597,2
2598,0
2599,4
2600,2
2601,0
2602,0
2603,2
2604,0
2605,0
2606,4
2607,2
2608,1
2609,2
2610,0
2611,1
2612,4
2613,1
2614,8
2615,6
2616,0
2617,3
2618,0
2619,5
2620,1
2621,0
2622,2
2623,3
2624,1
2625,0
2626,0
2627,5
2628,1
2629,1
2630,9
2631,4
2632,2
2633,1
2634,1
2635,0
2636,2
2637,0
2638,5
2639,0
2640,6
2641,1
2642,5
2643,3
2644,0
2645,6
2646,2
2647,0
2648,2
2649,4
2650,2
2651,1
2652,0
2653,1
2654,2
2655,0
2656,0
2657,1
2658,3
2659,3
2660,0
2661,0
2662,9
2663,1
2664,2
2665,0
2666,3
2667,1
2668,3
2669,0
2670,0
2671,4
2672,3
2673,8
2674,0
2675,0
2676,1
2677,0
2678,0
2679,0
2680,1
2681,0
2682,0
2683,2
2684,9
2685,3
2686,0
2687,1
2688,0
2689,7
2690,0
2691,0
2692,0
2693,4
2694,3
2695,4
2696,5
2697,0
2698,1
2699,0
2700,2
2701,0
2702,1
2703,0
2704,0
2705,3
2706,0
2707,2
2708,2
2709,0
2710,2
2711,1
2712,5
2713,0
2714,0
2715,0
2716,1
2717,10
2718,5
2719,0
2720,1
2721,2
2722,1
2723,0
2724,0
2725,4
2726,6
2727,3
2728,4
2729,1
2730,8
2731,1
2732,4
2733,1
2734,2
2735,0
2736,4
2737,1
2738,0
2739,4
2740,2
2741,0
2742,0
2743,2
2744,0
2745,1
2746,0
2747,10
2748,0
2749,6
2750,2
2751,2
2752,6
2753,1
2754,0
2755,4
2756,4
2757,1
2758,0
2759,3
2760,3
2761,0
2762,0
2763,2
2764,1
2765,1
2766,0
2767,2
2768,2
2769,0
2770,0
2771,2
2772,0
2773,0
2774,4
2775,1
2776,3
2777,1
2778,0
2779,2
2780,1
2781,0
2782,0
2783,2
2784,0
2785,0
2786,4
2787,0
2788,4
2789,0
2790,0
2791,3
2792,3
2793,3
2794,1
2795,0
2796,3
2797,3
2798,0
2799,2
2800,0
2801,0
2802,1
2803,4
2804,8
2805,0
2806,0
2807,1
2808,0
2809,4
2810,2
2811,3
2812,2
2813,0
2814,2
2815,0
2816,2
2817,4
2818,2
2819,6
2820,5
2821,5
2822,0
2823,1
2824,0
2825,0
2826,4
2827,4
2828,0
2829,3
2830,0
2831,1
2832,0
2833,4
2834,0
2835,2
2836,1
2837,3
2838,0
2839,0
2840,2
2841,1
2842,2
2843,5
2844,0
2845,0
2846,9
2847,1
2848,2
2849,0
2850,2
2851,3
2852,0
2853,0
2854,4
2855,5
2856,4
2857,0
2858,1
2859,2
2860,1
2861,2
2862,7
2863,3
2864,3
2865,1
2866,2
2867,2
2868,1
2869,3
2870,1
2871,0
2872,8
2873,1
2874,3
2875,7
2876,2
2877,0
2878,1
2879,0
2880,1
2881,3
2882,1
2883,2
2884,6
2885,6
2886,0
2887,1
2888,2
2889,2
2890,6
2891,1
2892,3
2893,5
2894,1
2895,4
2896,2
2897,0
2898,1
2899,0
2900,0
2901,1
2902,1
2903,1
2904,0
2905,0
2906,6
2907,2
2908,0
2909,2
2910,1
2911,0
2912,5
2913,2
2914,3
2915,0
2916,0
2917,3
2918,1
2919,4
2920,3
2921,0
2922,0
2923,0
2924,0
2925,1
2926,1
2927,4
2928,3
2929,0
2930,0
2931,1
2932,2
2933,0
2934,4
2935,0
2936,0
2937,0
2938,5
2939,0
2940,1
2941,4
2942,0
2943,0
2944,0
2945,0
2946,4
2947,2
2948,1
2949,0
2950,1
2951,0
2952,0
2953,1
2954,0
2955,1
2956,0
2957,0
2958,1
2959,2
2960,9
2961,0
2962,0
2963,6
2964,1
2965,6
2966,3
2967,5
2968,1
2969,3
2970,1
2971,0
2972,0
2973,0
2974,0
2975,3
2976,4
2977,0
2978,3
2979,5
2980,0
2981,0
2982,0
2983,1
2984,0
2985,1
2986,1
2987,1
2988,3
2989,4
2990,3
2991,8
2992,3
2993,8
2994,0
2995,1
2996,0
2997,1
2998,1
2999,4
3000,0
3001,0
3002,1
3003,3
3004,2
3005,1
3006,3
3007,1
3008,2
3009,4
3010,1
3011,6
3012,2
3013,1
3014,0
3015,0
3016,0
3017,8
3018,0
3019,2
3020,0
3021,3
3022,4
3023,0
3024,1
3025,0
3026,4
3027,2
3028,1
3029,2
3030,4
3031,0
3032,3
3033,0
3034,9
3035,3
3036,13
3037,2
3038,4
3039,2
3040,1
3041,0
3042,0
3043,1
3044,0
3045,0
3046,0
3047,1
3048,1
3049,3
3050,1
3051,0
3052,7
3053,3
3054,0
3055,0
3056,0
3057,1
3058,0
3059,0
3060,1
3061,0
3062,2
3063,0
3064,0
3065,0
3066,3
3067,0
3068,2
3069,2
3070,0
3071,0
3072,0
3073,2
3074,0
3075,3
3076,0
3077,3
3078,1
3079,1
3080,1
3081,9
3082,0
3083,3
3084,0
3085,0
3086,6
3087,2
3088,0
3089,0
3090,3
3091,5
3092,3
3093,0
3094,5
3095,3
3096,0
3097,1
3098,0
3099,1
3100,3
3101,5
3102,0
3103,4
3104,0
3105,0
3106,5
3107,1
3108,0
3109,0
3110,0
3111,0
3112,3
3113,0
3114,0
3115,1
3116,0
3117,0
3118,5
3119,2
3120,3
3121,0
3122,2
3123,0
3124,0
3125,2
3126,3
3127,1
3128,2
3129,3
3130,1
3131,0
3132,1
3133,4
3134,2
3135,6
3136,2
3137,1
3138,2
3139,0
3140,0
3141,0
3142,4
3143,0
3144,0
3145,0
3146,1
3147,3
3148,0
3149,1
3150,0
3151,0
3152,0
3153,0
3154,3
3155,5
3156,0
3157,2
3158,0
3159,0
3160,7
3161,0
3162,0
3163,1
3164,3
3165,5
3166,4
3167,0
3168,4
3169,1
3170,5
3171,5
3172,1
3173,2
3174,2
3175,0
3176,0
3177,2
3178,1
3179,7
3180,0
3181,5
3182,2
3183,0
3184,2
3185,4
3186,3
3187,2
3188,4
3189,2
3190,0
3191,0
3192,0
3193,0
3194,1
3195,0
3196,3
3197,3
3198,3
3199,0
3200,0
3201,6
3202,3
3203,1
3204,0
3205,2
3206,1
3207,0
3208,1
3209,5
3210,2
3211,2
3212,1
3213,1
3214,2
3215,0
3216,0
3217,0
3218,0
3219,0
3220,4
3221,8
3222,0
3223,2
3224,6
3225,2
3226,4
3227,1
3228,7
3229,0
3230,3
3231,3
3232,3
3233,0
3234,0
3235,0
3236,2
3237,0
3238,2
3239,0
3240,3
3241,0
3242,0
3243,0
3244,1
3245,0
3246,0
3247,0
3248,2
3249,2
3250,0
3251,0
3252,1
3253,8
3254,3
3255,1
3256,6
3257,0
3258,0
3259,1
3260,0
3261,0
3262,2
3263,0
3264,3
3265,0
3266,3
3267,0
3268,0
3269,3
3270,1
3271,3
3272,8
3273,0
3274,0
3275,3
3276,19
3277,4
3278,0
3279,4
3280,1
3281,4
3282,0
3283,1
3284,0
3285,1
3286,2
3287,6
3288,6
3289,4
3290,4
3291,12
3292,3
3293,6
3294,3
3295,2
3296,2
3297,0
3298,0
3299,6
3300,8
3301,2
3302,2
3303,6
3304,4
3305,0
3306,1
3307,0
3308,1
3309,0
3310,5
3311,4
3312,0
3313,3
3314,1
3315,0
3316,2
3317,5
3318,6
3319,2
3320,2
3321,1
3322,0
3323,2
3324,1
3325,0
3326,3
3327,3
3328,0
3329,7
3330,4
3331,1
3332,1
3333,1
3334,0
3335,7
3336,2
3337,1
3338,0
3339,0
3340,0
3341,2
3342,0
3343,1
3344,1
3345,4
3346,2
3347,0
3348,4
3349,1
3350,1
3351,1
3352,2
3353,4
3354,2
3355,0
3356,4
3357,1
3358,0
3359,0
3360,0
3361,1
3362,1
3363,0
3364,2
3365,0
3366,0
3367,4
3368,0
3369,3
3370,0
3371,0
3372,0
3373,16
3374,5
3375,2
3376,3
3377,2
3378,0
3379,4
3380,2
3381,0
3382,4
3383,1
3384,3
3385,0
3386,0
3387,1
3388,1
3389,3
3390,1
3391,3
3392,1
3393,3
3394,0
3395,2
3396,10
3397,1
3398,0
3399,2
3400,0
3401,0
3402,2
3403,0
3404,2
3405,2
3406,8
3407,4
3408,2
3409,0
3410,0
3411,0
3412,2
3413,1
3414,2
3415,3
3416,0
3417,0
3418,6
3419,0
3420,3
3421,0
3422,3
3423,2
3424,0
3425,2
3426,2
3427,2
3428,0
3429,1
3430,6
3431,2
3432,3
3433,1
3434,1
3435,1
3436,2
3437,0
3438,0
3439,2
3440,0
3441,6
3442,1
3443,6
3444,6
3445,0
3446,1
3447,1
3448,2
3449,1
3450,2
3451,1
3452,3
3453,0
3454,2
3455,3
3456,0
3457,1
3458,0
3459,0
3460,3
3461,6
3462,0
3463,5
3464,0
3465,4
3466,1
3467,2
3468,0
3469,3
3470,3
3471,2
3472,1
3473,3
3474,4
3475,0
3476,6
3477,0
3478,1
3479,8
3480,2
3481,1
3482,0
3483,2
3484,0
3485,0
3486,0
3487,0
3488,7
3489,0
3490,5
3491,0
3492,3
3493,2
3494,0
3495,1
3496,2
3497,8
3498,1
3499,0
3500,2
3501,0
3502,0
3503,1
3504,2
3505,1
3506,3
3507,0
3508,2
3509,1
3510,4
3511,0
3512,0
3513,3
3514,0
3515,2
3516,1
3517,0
3518,1
3519,1
3520,1
3521,3
3522,4
3523,7
3524,0
3525,0
3526,1
3527,0
3528,0
3529,0
3530,0
3531,2
3532,0
3533,0
3534,0
3535,0
3536,0
3537,1
3538,6
3539,0
3540,0
3541,2
3542,1
3543,5
3544,0
3545,0
3546,4
3547,1
3548,3
3549,1
3550,2
3551,0
3552,1
3553,3
3554,1
3555,3
3556,2
3557,2
3558,1
3559,0
3560,1
3561,1
3562,0
3563,0
3564,0
3565,2
3566,4
3567,3
3568,0
3569,2
3570,1
3571,4
3572,4
3573,1
3574,3
3575,1
3576,1
3577,1
3578,3
3579,0
3580,0
3581,1
3582,3
3583,1
3584,2
3585,4
3586,6
3587,2
3588,2
3589,0
3590,0
3591,1
3592,0
3593,0
3594,1
3595,2
3596,0
3597,3
3598,0
3599,0
3600,1
3601,8
3602,1
3603,0
3604,0
3605,3
3606,0
3607,0
3608,1
3609,0
3610,10
3611,0
3612,1
3613,0
3614,0
3615,2
3616,2
3617,0
3618,0
3619,1
3620,1
3621,0
3622,0
3623,0
3624,0
3625,2
3626,0
3627,2
3628,3
3629,0
3630,5
3631,4
3632,2
3633,3
3634,1
3635,1
3636,0
3637,1
3638,1
3639,0
3640,10
3641,0
3642,1
3643,2
3644,3
3645,3
3646,0
3647,3
3648,0
3649,0
3650,1
3651,0
3652,0
3653,0
3654,5
3655,1
3656,2
3657,1
3658,2
3659,7
3660,2
3661,1
3662,0
3663,0
3664,3
3665,0
3666,0
3667,1
3668,9
3669,1
3670,1
3671,5
3672,7
3673,0
3674,1
3675,0
3676,0
3677,2
3678,0
3679,2
3680,0
3681,3
3682,0
3683,5
3684,1
3685,5
3686,0
3687,1
3688,0
3689,0
3690,6
3691,0
3692,2
3693,3
3694,3
3695,1
3696,0
3697,0
3698,2
3699,0
3700,7
3701,1
3702,2
3703,1
3704,5
3705,2
3706,4
3707,0
3708,0
3709,0
3710,4
3711,0
3712,2
3713,0
3714,0
3715,4
3716,0
3717,0
3718,1
3719,0
3720,5
3721,0
3722,0
3723,1
3724,5
3725,2
3726,4
3727,0
3728,0
3729,0
3730,4
3731,0
3732,0
3733,0
3734,0
3735,6
3736,5
3737,3
3738,0
3739,0
3740,0
3741,0
3742,1
3743,2
3744,1
3745,8
3746,3
3747,3
3748,0
3749,0
3750,0
3751,2
3752,4
3753,5
3754,2
3755,3
3756,1
3757,1
3758,0
3759,0
3760,8
3761,1
3762,4
3763,0
3764,0
3765,0
3766,0
3767,1
3768,0
3769,1
3770,3
3771,2
3772,0
3773,0
3774,0
3775,1
3776,4
3777,0
3778,2
3779,1
3780,1
3781,3
3782,4
3783,1
3784,3
3785,2
3786,1
3787,5
3788,2
3789,2
3790,1
3791,0
3792,0
3793,0
3794,0
3795,2
3796,1
3797,2
3798,0
3799,0
3800,1
3801,1
3802,4
3803,4
3804,2
3805,7
3806,1
3807,3
3808,1
3809,1
3810,3
3811,1
3812,1
3813,2
3814,0
3815,6
3816,0
3817,3
3818,0
3819,0
3820,0
3821,2
3822,4
3823,5
3824,2
3825,2
3826,4
3827,3
3828,0
3829,0
3830,2
3831,1
3832,1
3833,0
3834,1
3835,4
3836,0
3837,1
3838,1
3839,2
3840,1
3841,0
3842,2
3843,0
3844,3
3845,1
3846,1
3847,0
3848,0
3849,1
3850,3
3851,1
3852,6
3853,0
3854,0
3855,1
3856,0
3857,0
3858,0
3859,2
3860,0
3861,1
3862,3
3863,0
3864,0
3865,5
3866,2
3867,1
3868,1
3869,1
3870,2
3871,0
3872,0
3873,3
3874,0
3875,1
3876,4
3877,6
3878,4
3879,1
3880,0
3881,0
3882,3
3883,0
3884,0
3885,0
3886,1
3887,2
3888,4
3889,0
3890,0
3891,2
3892,4
3893,0
3894,2
3895,0
3896,0
3897,3
3898,0
3899,0
3900,0
3901,1
3902,0
3903,1
3904,4
3905,4
3906,4
3907,3
3908,0
3909,0
3910,0
3911,0
3912,0
3913,1
3914,2
3915,1
3916,3
3917,2
3918,0
3919,3
3920,3
3921,0
3922,2
3923,1
3924,0
3925,3
3926,0
3927,1
3928,0
3929,1
3930,1
3931,0
3932,1
3933,0
3934,0
3935,2
3936,2
3937,5
3938,2
3939,0
3940,5
3941,1
3942,1
3943,5
3944,0
3945,0
3946,1
3947,2
3948,0
3949,1
3950,3
3951,1
3952,5
3953,0
3954,0
3955,8
3956,0
3957,0
3958,1
3959,0
3960,1
3961,1
3962,0
3963,0
3964,3
3965,1
3966,1
3967,0
3968,3
3969,2
3970,0
3971,1
3972,0
3973,2
3974,0
3975,1
3976,1
3977,3
3978,0
3979,0
3980,0
3981,0
3982,1
3983,1
3984,5
3985,3
3986,0
3987,3
3988,0
3989,4
3990,3
3991,1
3992,6
3993,1
3994,1
3995,4
3996,1
3997,4
3998,5
3999,6
4000,3
4001,0
4002,2
4003,0
4004,3
4005,3
4006,0
4007,0
4008,0
4009,0
4010,0
4011,0
4012,3
4013,7
4014,0
4015,0
4016,0
4017,0
4018,0
4019,1
4020,0
4021,0
4022,0
4023,2
4024,0
4025,9
4026,1
4027,7
4028,0
4029,3
4030,1
4031,2
4032,4
4033,2
4034,4
4035,0
4036,6
4037,0
4038,6
4039,0
4040,2
4041,0
4042,2
4043,2
4044,0
4045,0
4046,2
4047,1
4048,0
4049,3
4050,3
4051,0
4052,0
4053,3
4054,0
4055,2
4056,0
4057,1
4058,0
4059,1
4060,0
4061,0
4062,0
4063,0
4064,2
4065,0
4066,2
4067,2
4068,0
4069,1
4070,6
4071,0
4072,0
4073,8
4074,0
4075,0
4076,1
4077,1
4078,5
4079,2
4080,1
4081,0
4082,0
4083,1
4084,2
4085,3
4086,0
4087,0
4088,1
4089,1
4090,2
4091,2
4092,1
4093,3
4094,2
4095,2
4096,0
4097,1
4098,1
4099,0
4100,5
4101,1
4102,0
4103,2
4104,1
4105,0
4106,0
4107,0
4108,0
4109,1
4110,2
4111,2
4112,0
4113,0
4114,4
4115,1
4116,6
4117,3
4118,3
4119,0
4120,1
4121,2
4122,0
4123,2
4124,1
4125,0
4126,0
4127,1
4128,1
4129,1
4130,2
4131,0
4132,0
4133,1
4134,1
4135,2
4136,0
4137,1
4138,2
4139,0
4140,1
4141,3
4142,0
4143,0
4144,6
4145,1
4146,0
4147,0
4148,0
4149,3
4150,0
4151,0
4152,0
4153,0
4154,2
4155,0
4156,0
4157,1
4158,0
4159,0
4160,2
4161,1
4162,4
4163,2
4164,1
4165,1
4166,0
4167,5
4168,2
4169,0
4170,0
4171,1
4172,0
4173,2
4174,4
4175,1
4176,0
4177,1
4178,1
4179,1
4180,1
4181,1
4182,3
4183,0
4184,2
4185,3
4186,0
4187,1
4188,2
4189,2
4190,1
4191,0
4192,0
4193,0
4194,1
4195,1
4196,1
4197,0
4198,1
4199,1
4200,0
4201,1
4202,0
4203,0
4204,2
4205,3
4206,2
4207,0
4208,0
4209,1
4210,0
4211,4
4212,4
4213,2
4214,0
4215,0
4216,0
4217,3
4218,1
4219,0
4220,1
4221,0
4222,1
4223,0
4224,4
4225,2
4226,0
4227,0
4228,1
4229,3
4230,1
4231,0
4232,5
4233,0
4234,1
4235,4
4236,0
4237,2
4238,1
4239,0
4240,1
4241,0
4242,0
4243,0
4244,0
4245,2
4246,1
4247,3
4248,10
4249,0
4250,0
4251,1
4252,3
4253,1
4254,1
4255,0
4256,3
4257,1
4258,1
4259,2
4260,2
4261,2
4262,5
4263,0
4264,3
4265,0
4266,2
4267,0
4268,1
4269,0
4270,2
4271,3
4272,4
4273,0
4274,0
4275,0
4276,1
4277,2
4278,5
4279,2
4280,3
4281,0
4282,0
4283,0
4284,1
4285,0
4286,0
4287,0
4288,1
4289,1
4290,0
4291,3
4292,0
4293,0
4294,2
4295,0
4296,0
4297,3
4298,2
4299,3
4300,1
4301,1
4302,1
4303,2
4304,3
4305,3
4306,0
4307,2
4308,2
4309,0
4310,0
4311,0
4312,0
4313,0
4314,0
4315,0
4316,1
4317,2
4318,1
4319,0
4320,1
4321,4
4322,3
4323,1
4324,0
4325,1
4326,2
4327,0
4328,3
4329,3
4330,3
4331,0
4332,2
4333,1
4334,2
4335,2
4336,0
4337,1
4338,0
4339,2
4340,0
4341,1
4342,1
4343,0
4344,3
4345,3
4346,1
4347,1
4348,0
4349,2
4350,0
4351,1
4352,0
4353,4
4354,2
4355,2
4356,0
4357,0
4358,0
4359,1
4360,0
4361,3
4362,1
4363,0
4364,1
4365,5
4366,0
4367,2
4368,0
4369,1
4370,2
4371,0
4372,1
4373,0
4374,2
4375,1
4376,0
4377,2
4378,1
4379,3
4380,1
4381,1
4382,0
4383,3
4384,1
4385,2
4386,0
4387,2
4388,1
4389,6
4390,0
4391,2
4392,0
4393,1
4394,1
4395,6
4396,2
4397,3
4398,3
4399,1
4400,3
4401,5
4402,0
4403,0
4404,0
4405,0
4406,1
4407,5
4408,1
4409,0
4410,4
4411,2
4412,2
4413,2
4414,1
4415,0
4416,1
4417,0
4418,0
4419,0
4420,2
4421,2
4422,0
4423,6
4424,0
4425,1
4426,1
4427,3
4428,1
4429,1
4430,3
4431,5
4432,2
4433,0
4434,0
4435,0
4436,0
4437,0
4438,1
4439,1
4440,1
4441,0
4442,0
4443,0
4444,2
4445,1
4446,0
4447,0
4448,1
4449,0
4450,3
4451,0
4452,2
4453,5
4454,1
4455,0
4456,0
4457,1
4458,0
4459,1
4460,1
4461,6
4462,0
4463,2
4464,1
4465,1
4466,0
4467,0
4468,1
4469,1
4470,1
4471,2
4472,3
4473,0
4474,2
4475,1
4476,0
4477,0
4478,0
4479,3
4480,0
4481,0
4482,2
4483,1
4484,0
4485,0
4486,1
4487,2
4488,1
4489,0
4490,0
4491,0
4492,0
4493,0
4494,1
4495,3
4496,3
4497,2
4498,5
4499,7
4500,1
4501,0
4502,0
4503,0
4504,2
4505,0
4506,1
4507,2
4508,4
4509,1
4510,1
4511,1
4512,0
4513,1
4514,1
4515,2
4516,2
4517,3
4518,0
4519,3
4520,2
4521,1
4522,4
4523,1
4524,3
4525,8
4526,0
4527,3
4528,1
4529,5
4530,2
4531,0
4532,0
4533,0
4534,2
4535,0
4536,4
4537,1
4538,0
4539,2
4540,3
4541,3
4542,1
4543,2
4544,3
4545,2
4546,0
4547,1
4548,0
4549,1
4550,0
4551,2
4552,17
4553,3
4554,1
4555,1
4556,1
4557,0
4558,0
4559,0
4560,10
4561,0
4562,1
4563,2
4564,0
4565,4
4566,1
4567,2
4568,5
4569,0
4570,0
4571,1
4572,6
4573,2
4574,0
4575,1
4576,4
4577,0
4578,2
4579,2
4580,0
4581,0
4582,0
4583,2
4584,3
4585,4
4586,3
4587,3
4588,2
4589,8
4590,0
4591,5
4592,2
4593,4
4594,1
4595,0
4596,0
4597,0
4598,1
4599,7
4600,3
4601,2
4602,4
4603,1
4604,0
4605,8
4606,3
4607,1
4608,0
4609,0
4610,1
4611,4
4612,1
4613,3
4614,2
4615,0
4616,2
4617,1
4618,0
4619,0
4620,0
4621,0
4622,1
4623,1
4624,4
4625,3
4626,1
4627,1
4628,0
4629,7
4630,3
4631,4
4632,1
4633,2
4634,3
4635,2
4636,1
4637,0
4638,7
4639,1
4640,0
4641,4
4642,2
4643,1
4644,0
4645,1
4646,2
4647,0
4648,1
4649,0
4650,0
4651,5
4652,2
4653,1
4654,1
4655,1
4656,0
4657,0
4658,0
4659,5
4660,1
4661,4
4662,0
4663,1
4664,2
4665,0
4666,0
4667,4
4668,0
4669,1
4670,1
4671,0
4672,3
4673,1
4674,0
4675,2
4676,1
4677,1
4678,0
4679,2
4680,0
4681,0
4682,0
4683,3
4684,1
4685,0
4686,5
4687,0
4688,0
4689,4
4690,1
4691,0
4692,0
4693,1
4694,1
4695,0
4696,0
4697,2
4698,0
4699,0
4700,0
4701,2
4702,0
4703,6
4704,0
4705,1
4706,0
4707,2
4708,0
4709,7
4710,0
4711,0
4712,0
4713,0
4714,0
4715,0
4716,2
4717,8
4718,1
4719,0
4720,2
4721,4
4722,0
4723,0
4724,0
4725,1
4726,4
4727,2
4728,1
4729,1
4730,1
4731,1
4732,0
4733,1
4734,0
4735,2
4736,1
4737,2
4738,0
4739,1
4740,5
4741,1
4742,2
4743,3
4744,3
4745,0
4746,0
4747,3
4748,1
4749,2
4750,1
4751,1
4752,3
4753,2
4754,3
4755,3
4756,1
4757,9
4758,0
4759,5
4760,2
4761,5
4762,1
4763,1
4764,3
4765,3
4766,2
4767,2
4768,2
4769,2
4770,4
4771,4
4772,0
4773,0
4774,2
4775,0
4776,2
4777,3
4778,1
4779,2
4780,0
4781,1
4782,2
4783,0
4784,0
4785,2
4786,0
4787,1
4788,2
4789,2
4790,2
4791,2
4792,10
4793,2
4794,3
4795,2
4796,1
4797,0
4798,1
4799,2
4800,0
4801,0
4802,0
4803,1
4804,0
4805,1
4806,4
4807,0
4808,0
4809,0
4810,5
4811,0
4812,1
4813,2
4814,1
4815,0
4816,0
4817,1
4818,2
4819,0
4820,0
4821,1
4822,1
4823,2
4824,2
4825,0
4826,1
4827,3
4828,3
4829,0
4830,0
4831,0
4832,2
4833,0
4834,5
4835,2
4836,5
4837,0
4838,1
4839,2
4840,2
4841,2
4842,0
4843,0
4844,0
4845,9
4846,1
4847,1
4848,8
4849,0
4850,3
4851,1
4852,1
4853,2
4854,0
4855,0
4856,0
4857,0
4858,0
4859,2
4860,1
4861,0
4862,0
4863,0
4864,2
4865,0
4866,1
4867,1
4868,4
4869,2
4870,1
4871,0
4872,1
4873,0
4874,5
4875,0
4876,0
4877,0
4878,1
4879,1
4880,0
4881,0
4882,0
4883,2
4884,3
4885,6
4886,3
4887,0
4888,4
4889,0
4890,1
4891,1
4892,0
4893,1
4894,1
4895,0
4896,2
4897,4
4898,2
4899,0
4900,1
4901,1
4902,2
4903,1
4904,1
4905,1
4906,5
4907,1
4908,0
4909,2
4910,0
4911,0
4912,0
4913,11
4914,2
4915,2
4916,0
4917,0
4918,1
4919,0
4920,1
4921,4
4922,1
4923,0
4924,1
4925,3
4926,0
4927,0
4928,0
4929,0
4930,1
4931,0
4932,0
4933,0
4934,0
4935,0
4936,0
4937,2
4938,0
4939,7
4940,1
4941,5
4942,1
4943,0
4944,1
4945,1
4946,1
4947,1
4948,0
4949,2
4950,0
4951,1
4952,2
4953,1
4954,1
4955,0
4956,2
4957,1
4958,4
4959,4
4960,2
4961,2
4962,0
4963,0
4964,0
4965,0
4966,0
4967,4
4968,1
4969,3
4970,1
4971,2
4972,4
4973,1
4974,0
4975,2
4976,1
4977,2
4978,4
4979,1
4980,0
4981,0
4982,1
4983,3
4984,0
4985,0
4986,1
4987,1
4988,6
4989,0
4990,0
4991,3
4992,2
4993,0
4994,0
4995,0
4996,3
4997,3
4998,2
4999,4
5000,2
5001,0
5002,2
5003,3
5004,1
5005,1
5006,3
5007,1
5008,1
5009,1
5010,0
5011,2
5012,0
5013,4
5014,0
5015,1
5016,1
5017,1
5018,1
5019,1
5020,1
5021,2
5022,0
5023,0
5024,0
5025,1
5026,1
5027,4
5028,1
5029,0
5030,3
5031,0
5032,0
5033,0
5034,3
5035,1
5036,5
5037,2
5038,1
5039,0
5040,2
5041,0
5042,2
5043,4
5044,1
5045,1
5046,3
5047,5
5048,0
5049,2
5050,0
5051,0
5052,0
5053,3
5054,0
5055,0
5056,1
5057,0
5058,1
5059,4
5060,0
5061,2
5062,4
5063,3
5064,0
5065,0
5066,0
5067,3
5068,2
5069,1
5070,0
5071,0
5072,1
5073,1
5074,1
5075,1
5076,2
5077,1
5078,0
5079,1
5080,2
5081,0
5082,1
5083,3
5084,0
5085,0
5086,1
5087,2
5088,0
5089,1
5090,1
5091,3
5092,4
5093,3
5094,1
5095,1
5096,3
5097,1
5098,0
5099,0
5100,0
5101,2
5102,0
5103,0
5104,3
5105,1
5106,0
5107,3
5108,1
5109,0
5110,0
5111,2
5112,3
5113,3
5114,2
5115,0
5116,0
5117,4
5118,1
5119,0
5120,0
5121,1
5122,0
5123,1
5124,1
5125,2
5126,4
5127,2
5128,2
5129,1
5130,1
5131,0
5132,0
5133,1
5134,1
5135,2
5136,0
5137,1
5138,2
5139,1
5140,0
5141,0
5142,2
5143,3
5144,1
5145,0
5146,1
5147,0
5148,1
5149,1
5150,7
5151,1
5152,3
5153,1
5154,1
5155,0
5156,3
5157,0
5158,1
5159,4
5160,1
5161,1
5162,1
5163,0
5164,1
5165,2
5166,0
5167,0
5168,0
5169,0
5170,1
5171,4
5172,0
5173,0
5174,2
5175,3
5176,1
5177,1
5178,2
5179,3
5180,2
5181,1
5182,1
5183,0
5184,1
5185,3
5186,4
5187,1
5188,1
5189,0
5190,1
5191,13
5192,4
5193,0
5194,1
5195,3
5196,0
5197,1
5198,5
5199,1
5200,1
5201,0
5202,4
5203,3
5204,1
5205,0
5206,0
5207,4
5208,2
5209,2
5210,0
5211,1
5212,2
5213,3
5214,0
5215,3
5216,0
5217,0
5218,2
5219,0
5220,1
5221,0
5222,2
5223,4
5224,1
5225,1
5226,4
5227,3
5228,2
5229,0
5230,2
5231,0
5232,0
5233,3
5234,0
5235,1
5236,0
5237,0
5238,1
5239,3
5240,1
5241,1
5242,1
5243,4
5244,2
5245,2
5246,0
5247,5
5248,1
5249,0
5250,0
5251,0
5252,2
5253,2
5254,2
5255,2
5256,6
5257,0
5258,0
5259,0
5260,2
5261,0
5262,4
5263,0
5264,5
5265,0
5266,4
5267,3
5268,1
5269,0
5270,2
5271,2
5272,0
5273,6
5274,2
5275,0
5276,3
5277,4
5278,1
5279,7
5280,4
5281,2
5282,0
5283,0
5284,0
5285,1
5286,0
5287,1
5288,3
5289,1
5290,0
5291,1
5292,2
5293,1
5294,0
5295,1
5296,0
5297,1
5298,0
5299,2
5300,0
5301,3
5302,2
5303,1
5304,1
5305,3
5306,1
5307,1
5308,0
5309,3
5310,0
5311,5
5312,0
5313,3
5314,1
5315,0
5316,0
5317,0
5318,1
5319,0
5320,0
5321,1
5322,1
5323,3
5324,0
5325,1
5326,2
5327,0
5328,0
5329,1
5330,0
5331,1
5332,2
5333,1
5334,0
5335,0
5336,2
5337,0
5338,1
5339,4
5340,0
5341,0
5342,3
5343,2
5344,0
5345,0
5346,7
5347,1
5348,1
5349,1
5350,1
5351,2
5352,0
5353,0
5354,1
5355,0
5356,0
5357,1
5358,0
5359,3
5360,0
5361,1
5362,2
5363,2
5364,0
5365,2
5366,0
5367,3
5368,0
5369,0
5370,2
5371,2
5372,4
5373,0
5374,0
5375,2
5376,1
5377,0
5378,1
5379,1
5380,0
5381,2
5382,2
5383,0
5384,0
5385,0
5386,6
5387,2
5388,0
5389,0
5390,0
5391,2
5392,0
5393,0
5394,1
5395,2
5396,1
5397,1
5398,0
5399,0
5400,1
5401,0
5402,1
5403,1
5404,2
5405,2
5406,2
5407,3
5408,1
5409,1
5410,2
5411,0
5412,5
5413,1
5414,0
5415,0
5416,0
5417,1
5418,1
5419,0
5420,3
5421,2
5422,0
5423,2
5424,2
5425,2
5426,0
5427,1
5428,3
5429,5
5430,4
5431,7
5432,1
5433,2
5434,3
5435,0
5436,0
5437,0
5438,1
5439,0
5440,1
5441,0
5442,0
5443,0
5444,0
5445,0
5446,3
5447,0
5448,0
5449,0
5450,2
5451,3
5452,0
5453,1
5454,0
5455,0
5456,0
5457,2
5458,0
5459,1
5460,3
5461,0
5462,1
5463,1
5464,1
5465,3
5466,0
5467,3
5468,4
5469,0
5470,1
5471,0
5472,2
5473,0
5474,1
5475,2
5476,1
5477,2
5478,2
5479,1
5480,0
5481,0
5482,1
5483,3
5484,0
5485,0
5486,1
5487,0
5488,1
5489,3
5490,2
5491,3
5492,4
5493,1
5494,0
5495,3
5496,1
5497,0
5498,0
5499,0
5500,2
5501,0
5502,0
5503,1
5504,5
5505,2
5506,2
5507,5
5508,0
5509,7
5510,3
5511,0
5512,0
5513,1
5514,0
5515,0
5516,3
5517,0
5518,2
5519,2
5520,2
5521,0
5522,0
5523,9
5524,1
5525,0
5526,1
5527,0
5528,3
5529,0
5530,4
5531,2
5532,1
5533,0
5534,1
5535,3
5536,2
5537,0
5538,2
5539,0
5540,2
5541,1
5542,0
5543,0
5544,0
5545,0
5546,0
5547,0
5548,2
5549,2
5550,1
5551,2
5552,3
5553,0
5554,0
5555,0
5556,0
5557,3
5558,1
5559,0
5560,1
5561,0
5562,1
5563,3
5564,1
5565,1
5566,1
5567,5
5568,2
5569,1
5570,0
5571,0
5572,2
5573,1
5574,1
5575,0
5576,0
5577,0
5578,0
5579,1
5580,1
5581,1
5582,1
5583,2
5584,2
5585,1
5586,3
5587,5
5588,1
5589,2
5590,2
5591,1
5592,1
5593,1
5594,1
5595,1
5596,2
5597,0
5598,7
5599,0
5600,1
5601,0
5602,2
5603,3
5604,2
5605,2
5606,1
5607,0
5608,0
5609,2
5610,0
5611,2
5612,1
5613,0
5614,1
5615,2
5616,1
5617,1
5618,1
5619,2
5620,0
5621,3
5622,0
5623,1
5624,3
5625,1
5626,0
5627,5
5628,1
5629,1
5630,4
5631,1
5632,2
5633,0
5634,0
5635,6
5636,2
5637,1
5638,1
5639,0
5640,8
5641,0
5642,0
5643,0
5644,0
5645,2
5646,0
5647,2
5648,2
5649,0
5650,2
5651,1
5652,4
5653,1
5654,1
5655,3
5656,0
5657,0
5658,2
5659,2
5660,4
5661,0
5662,1
5663,0
5664,4
5665,0
5666,0
5667,1
5668,2
5669,1
5670,4
5671,0
5672,0
5673,1
5674,2
5675,1
5676,1
5677,1
5678,1
5679,5
5680,1
5681,1
5682,4
5683,4
5684,1
5685,2
5686,2
5687,1
5688,6
5689,4
5690,3
5691,0
5692,0
5693,4
5694,5
5695,3
5696,2
5697,4
5698,4
5699,0
5700,1
5701,2
5702,0
5703,0
5704,1
5705,0
5706,1
5707,0
5708,0
5709,1
5710,2
5711,0
5712,2
5713,2
5714,0
5715,1
5716,1
5717,1
5718,2
5719,0
5720,0
5721,0
5722,3
5723,1
5724,0
5725,0
5726,2
5727,3
5728,2
5729,2
5730,1
5731,1
5732,0
5733,0
5734,0
5735,0
5736,0
5737,0
5738,2
5739,2
5740,1
5741,0
5742,2
5743,2
5744,2
5745,3
5746,2
5747,1
5748,3
5749,0
5750,0
5751,2
5752,3
5753,0
5754,1
5755,2
5756,2
5757,3
5758,5
5759,3
5760,1
5761,3
5762,1
5763,0
5764,1
5765,2
5766,0
5767,3
5768,0
5769,3
5770,5
5771,0
5772,0
5773,0
5774,1
5775,2
5776,1
5777,3
5778,2
5779,3
5780,2
5781,1
5782,0
5783,1
5784,2
5785,0
5786,0
5787,0
5788,0
5789,4
5790,3
5791,0
5792,2
5793,1
5794,1
5795,0
5796,0
5797,0
5798,2
5799,2
5800,2
5801,0
5802,1
5803,6
5804,1
5805,4
5806,2
5807,2
5808,0
5809,1
5810,1
5811,0
5812,3
5813,0
5814,0
5815,3
5816,1
5817,0
5818,0
5819,2
5820,2
5821,0
5822,9
5823,1
5824,1
5825,1
5826,1
5827,3
5828,1
5829,0
5830,0
5831,0
5832,6
5833,0
5834,1
5835,1
5836,2
5837,0
5838,2
5839,3
5840,1
5841,2
5842,2
5843,0
5844,1
5845,2
5846,2
5847,0
5848,3
5849,1
5850,1
5851,2
5852,5
5853,0
5854,0
5855,2
5856,0
5857,1
5858,3
5859,1
5860,1
5861,0
5862,1
5863,4
5864,4
5865,3
5866,0
5867,1
5868,0
5869,1
5870,0
5871,0
5872,6
5873,0
5874,0
5875,0
5876,1
5877,0
5878,0
5879,1
5880,4
5881,1
5882,0
5883,3
5884,0
5885,4
5886,0
5887,0
5888,0
5889,3
5890,1
5891,2
5892,0
5893,0
5894,0
5895,0
5896,1
5897,0
5898,4
5899,0
5900,3
5901,1
5902,0
5903,0
5904,1
5905,2
5906,3
5907,1
5908,3
5909,0
5910,0
5911,0
5912,0
5913,0
5914,3
5915,4
5916,5
5917,3
5918,0
5919,0
5920,0
5921,0
5922,0
5923,3
5924,1
5925,0
5926,1
5927,4
5928,6
5929,2
5930,4
5931,0
5932,2
5933,2
5934,3
5935,1
5936,0
5937,0
5938,1
5939,0
5940,2
5941,0
5942,0
5943,0
5944,0
5945,4
5946,0
5947,1
5948,2
5949,0
5950,1
5951,6
5952,0
5953,1
5954,0
5955,2
5956,4
5957,1
5958,0
5959,2
5960,1
5961,1
5962,0
5963,0
5964,0
5965,0
5966,1
5967,2
5968,1
5969,2
5970,0
5971,4
5972,1
5973,7
5974,5
5975,1
5976,0
5977,2
5978,0
5979,0
5980,2
5981,2
5982,2
5983,1
5984,2
5985,1
5986,1
5987,0
5988,0
5989,0
5990,0
5991,1
5992,0
5993,2
5994,4
5995,0
5996,2
5997,2
5998,0
5999,2
6000,3
6001,4
6002,0
6003,1
6004,3
6005,1
6006,1
6007,0
6008,0
6009,0
6010,1
6011,0
6012,1
6013,0
6014,0
6015,3
6016,0
6017,0
6018,3
6019,0
6020,1
6021,1
6022,0
6023,0
6024,3
6025,0
6026,0
6027,2
6028,2
6029,1
6030,2
6031,0
6032,2
6033,0
6034,4
6035,2
6036,1
6037,1
6038,0
6039,2
6040,1
6041,2
6042,0
6043,2
6044,2
6045,4
6046,3
6047,0
6048,3
6049,5
6050,2
6051,0
6052,3
6053,0
6054,2
6055,4
6056,1
6057,1
6058,0
6059,6
6060,0
6061,6
6062,0
6063,1
6064,0
6065,3
6066,0
6067,1
6068,2
6069,0
6070,0
6071,1
6072,0
6073,0
6074,0
6075,2
6076,0
6077,3
6078,0
6079,2
6080,1
6081,3
6082,2
6083,2
6084,1
6085,0
6086,1
6087,0
6088,1
6089,0
6090,0
6091,2
6092,1
6093,1
6094,1
6095,0
6096,1
6097,1
6098,1
6099,5
6100,2
6101,2
6102,2
6103,1
6104,2
6105,2
6106,4
6107,4
6108,2
6109,0
6110,1
6111,2
6112,0
6113,1
6114,0
6115,6
6116,1
6117,2
6118,3
6119,4
6120,4
6121,2
6122,0
6123,2
6124,1
6125,0
6126,1
6127,1
6128,2
6129,0
6130,2
6131,0
6132,5
6133,1
6134,0
6135,0
6136,4
6137,6
6138,0
6139,0
6140,2
6141,0
6142,1
6143,2
6144,1
6145,5
6146,1
6147,1
6148,0
6149,1
6150,0
6151,0
6152,0
6153,4
6154,3
6155,2
6156,1
6157,1
6158,2
6159,0
6160,0
6161,0
6162,1
6163,0
6164,4
6165,1
6166,2
6167,2
6168,1
6169,0
6170,1
6171,2
6172,2
6173,2
6174,3
6175,1
6176,1
6177,2
6178,0
6179,0
6180,3
6181,0
6182,2
6183,2
6184,0
6185,0
6186,5
6187,0
6188,1
6189,1
6190,0
6191,0
6192,0
6193,3
6194,4
6195,4
6196,3
6197,2
6198,2
6199,0
6200,2
6201,1
6202,0
6203,6
6204,3
6205,0
6206,5
6207,1
6208,2
6209,0
6210,1
6211,2
6212,0
6213,2
6214,2
6215,2
6216,0
6217,0
6218,0
6219,2
6220,1
6221,2
6222,3
6223,0
6224,2
6225,0
6226,0
6227,0
6228,0
6229,1
6230,1
6231,4
6232,0
6233,1
6234,2
6235,1
6236,0
6237,1
6238,0
6239,2
6240,1
6241,3
6242,0
6243,1
6244,0
6245,1
6246,0
6247,3
6248,2
6249,6
6250,2
6251,2
6252,3
6253,0
6254,4
6255,0
6256,2
6257,0
6258,0
6259,1
6260,0
6261,1
6262,4
6263,0
6264,1
6265,0
6266,2
6267,1
6268,0
6269,0
6270,2
6271,0
6272,1
6273,0
6274,1
6275,4
6276,1
6277,0
6278,0
6279,0
6280,3
6281,0
6282,0
6283,0
6284,1
6285,1
6286,1
6287,0
6288,0
6289,2
6290,1
6291,2
6292,0
6293,0
6294,4
6295,1
6296,3
6297,2
6298,3
6299,0
6300,1
6301,3
6302,2
6303,2
6304,2
6305,2
6306,2
6307,0
6308,2
6309,0
6310,0
6311,2
6312,1
6313,0
6314,0
6315,0
6316,2
6317,0
6318,1
6319,2
6320,0
6321,1
6322,2
6323,1
6324,0
6325,5
6326,0
6327,0
6328,0
6329,2
6330,1
6331,2
6332,1
6333,1
6334,1
6335,1
6336,0
6337,0
6338,2
6339,1
6340,1
6341,0
6342,2
6343,0
6344,0
6345,1
6346,1
6347,5
6348,3
6349,2
6350,0
6351,2
6352,0
6353,2
6354,0
6355,0
6356,1
6357,0
6358,3
6359,1
6360,0
6361,0
6362,2
6363,1
6364,3
6365,0
6366,0
6367,3
6368,1
6369,0
6370,1
6371,0
6372,3
6373,0
6374,1
6375,5
6376,0
6377,8
6378,2
6379,3
6380,2
6381,0
6382,1
6383,0
6384,2
6385,0
6386,3
6387,0
6388,4
6389,0
6390,3
6391,2
6392,3
6393,0
6394,1
6395,1
6396,1
6397,1
6398,1
6399,2
6400,1
6401,0
6402,5
6403,0
6404,1
6405,0
6406,2
6407,0
6408,0
6409,0
6410,4
6411,1
6412,0
6413,0
6414,1
6415,1
6416,2
6417,0
6418,1
6419,1
6420,2
6421,0
6422,1
6423,1
6424,2
6425,0
6426,2
6427,0
6428,0
6429,0
6430,2
6431,2
6432,1
6433,1
6434,0
6435,0
6436,0
6437,2
6438,0
6439,3
6440,0
6441,0
6442,0
6443,0
6444,1
6445,3
6446,0
6447,0
6448,2
6449,0
6450,0
6451,1
6452,2
6453,0
6454,0
6455,0
6456,1
6457,1
6458,0
6459,2
6460,0
6461,0
6462,4
6463,2
6464,0
6465,3
6466,2
6467,0
6468,2
6469,0
6470,3
6471,1
6472,1
6473,0
6474,5
6475,1
6476,2
6477,1
6478,0
6479,3
6480,2
6481,2
6482,3
6483,1
6484,0
6485,1
6486,0
6487,1
6488,4
6489,3
6490,2
6491,2
6492,2
6493,1
6494,0
6495,1
6496,0
6497,0
6498,5
6499,5
6500,1
6501,5
6502,1
6503,1
6504,3
6505,3
6506,3
6507,2
6508,0
6509,1
6510,0
6511,1
6512,2
6513,1
6514,0
6515,3
6516,4
6517,0
6518,0
6519,0
6520,0
6521,0
6522,0
6523,0
6524,2
6525,0
6526,1
6527,1
6528,2
6529,0
6530,1
6531,0
6532,1
6533,5
6534,2
6535,1
6536,1
6537,3
6538,0
6539,0
6540,2
6541,0
6542,0
6543,0
6544,0
6545,1
6546,0
6547,1
6548,0
6549,5
6550,0
6551,2
6552,3
6553,3
6554,2
6555,2
6556,0
6557,2
6558,0
6559,5
6560,0
6561,2
6562,1
6563,4
6564,2
6565,1
6566,1
6567,1
6568,0
6569,3
6570,1
6571,0
6572,1
6573,1
6574,0
6575,0
6576,2
6577,1
6578,0
6579,1
6580,1
6581,1
6582,1
6583,1
6584,4
6585,2
6586,0
6587,0
6588,1
6589,1
6590,1
6591,2
6592,0
6593,4
6594,0
6595,0
6596,1
6597,1
6598,1
6599,0
6600,1
6601,2
6602,1
6603,0
6604,0
6605,2
6606,1
6607,1
6608,1
6609,0
6610,0
6611,0
6612,0
6613,1
6614,2
6615,3
6616,0
6617,0
6618,2
6619,0
6620,1
6621,1
6622,3
6623,1
6624,0
6625,1
6626,1
6627,3
6628,0
6629,1
6630,1
6631,2
6632,3
6633,0
6634,3
6635,0
6636,5
6637,2
6638,2
6639,2
6640,0
6641,0
6642,0
6643,4
6644,1
6645,0
6646,0
6647,2
6648,2
6649,0
6650,0
6651,0
6652,0
6653,2
6654,1
6655,0
6656,1
6657,1
6658,0
6659,0
6660,2
6661,1
6662,3
6663,2
6664,2
6665,2
6666,1
6667,0
6668,5
6669,2
6670,2
6671,3
6672,0
6673,0
6674,1
6675,4
6676,0
6677,1
6678,1
6679,2
6680,1
6681,0
6682,0
6683,1
6684,1
6685,0
6686,0
6687,3
6688,5
6689,1
6690,2
6691,0
6692,0
6693,2
6694,0
6695,2
6696,0
6697,0
6698,0
6699,2
6700,0
6701,1
6702,0
6703,0
6704,3
6705,1
6706,1
6707,2
6708,2
6709,0
6710,1
6711,1
6712,4
6713,1
6714,4
6715,2
6716,1
6717,0
6718,0
6719,0
6720,0
6721,3
6722,2
6723,1
6724,0
6725,1
6726,0
6727,0
6728,0
6729,0
6730,1
6731,0
6732,2
6733,1
6734,0
6735,2
6736,0
6737,3
6738,2
6739,2
6740,2
6741,2
6742,0
6743,0
6744,0
6745,1
6746,2
6747,1
6748,3
6749,1
6750,0
6751,2
6752,0
6753,1
6754,2
6755,0
6756,2
6757,0
6758,1
6759,1
6760,3
6761,0
6762,5
6763,0
6764,0
6765,0
6766,1
6767,1
6768,3
6769,1
6770,2
6771,0
6772,5
6773,2
6774,0
6775,4
6776,0
6777,0
6778,0
6779,1
6780,2
6781,2
6782,0
6783,0
6784,1
6785,0
6786,0
6787,1
6788,1
6789,4
6790,0
6791,0
6792,4
6793,1
6794,2
6795,0
6796,0
6797,0
6798,1
6799,1
6800,5
6801,2
6802,0
6803,2
6804,0
6805,1
6806,1
6807,2
6808,2
6809,1
6810,0
6811,1
6812,2
6813,0
6814,4
6815,1
6816,0
6817,1
6818,1
6819,0
6820,1
6821,0
6822,0
6823,2
6824,2
6825,1
6826,0
6827,2
6828,0
6829,1
6830,1
6831,2
6832,1
6833,1
6834,1
6835,0
6836,1
6837,2
6838,1
6839,2
6840,0
6841,1
6842,1
6843,1
6844,1
6845,0
6846,0
6847,2
6848,1
6849,2
6850,4
6851,3
6852,5
6853,0
6854,1
6855,0
6856,0
6857,1
6858,2
6859,0
6860,2
6861,3
6862,0
6863,3
6864,3
6865,0
6866,1
6867,0
6868,1
6869,1
6870,1
6871,1
6872,0
6873,1
6874,0
6875,0
6876,1
6877,0
6878,0
6879,0
6880,4
6881,3
6882,1
6883,0
6884,3
6885,0
6886,3
6887,0
6888,1
6889,0
6890,0
6891,6
6892,0
6893,1
6894,1
6895,3
6896,0
6897,0
6898,0
6899,0
6900,2
6901,1
6902,5
6903,4
6904,0
6905,1
6906,0
6907,0
6908,0
6909,1
6910,3
6911,0
6912,0
6913,0
6914,0
6915,0
6916,0
6917,1
6918,3
6919,1
6920,2
6921,0
6922,0
6923,0
6924,0
6925,1
6926,0
6927,0
6928,2
6929,3
6930,2
6931,1
6932,3
6933,1
6934,1
6935,1
6936,0
6937,4
6938,0
6939,1
6940,2
6941,2
6942,0
6943,1
6944,0
6945,2
6946,0
6947,2
6948,0
6949,1
6950,3
6951,1
6952,2
6953,0
6954,2
6955,3
6956,1
6957,4
6958,1
6959,1
6960,3
6961,1
6962,1
6963,3
6964,2
6965,0
6966,2
6967,0
6968,1
6969,1
6970,0
6971,1
6972,0
6973,0
6974,1
6975,2
6976,2
6977,0
6978,0
6979,2
6980,2
6981,2
6982,1
6983,1
6984,1
6985,1
6986,0
6987,2
6988,2
6989,2
6990,4
6991,0
6992,2
6993,1
6994,3
6995,0
6996,0
6997,0
6998,1
6999,2
7000,3
7001,0
7002,0
7003,2
7004,1
7005,2
7006,0
7007,3
7008,1
7009,0
7010,1
7011,0
7012,6
7013,3
7014,0
7015,1
7016,1
7017,1
7018,2
7019,0
7020,2
7021,2
7022,2
7023,0
7024,2
7025,0
7026,2
7027,4
7028,1
7029,0
7030,2
7031,2
7032,0
7033,0
7034,0
7035,0
7036,0
7037,0
7038,1
7039,0
7040,0
7041,1
7042,2
7043,0
7044,0
7045,1
7046,1
7047,1
7048,1
7049,2
7050,1
7051,1
7052,1
7053,0
7054,0
7055,1
7056,4
7057,0
7058,3
7059,0
7060,2
7061,2
7062,0
7063,1
7064,0
7065,1
7066,0
7067,3
7068,3
7069,0
7070,4
7071,0
7072,1
7073,0
7074,1
7075,4
7076,1
7077,0
7078,0
7079,0
7080,0
7081,0
7082,0
7083,1
7084,0
7085,5
7086,0
7087,2
7088,5
7089,1
7090,3
7091,1
7092,0
7093,0
7094,0
7095,3
7096,1
7097,2
7098,0
7099,1
7100,0
7101,2
7102,2
7103,3
7104,0
7105,2
7106,4
7107,2
7108,1
7109,2
7110,5
7111,0
7112,2
7113,1
7114,2
7115,1
7116,2
7117,0
7118,1
7119,0
7120,1
7121,0
7122,3
7123,0
7124,2
7125,0
7126,0
7127,2
7128,3
7129,1
7130,1
7131,2
7132,2
7133,1
7134,0
7135,0
7136,0
7137,1
7138,0
7139,0
7140,0
7141,2
7142,2
7143,1
7144,1
7145,0
7146,1
7147,0
7148,1
7149,1
7150,1
7151,0
7152,1
7153,1
7154,1
7155,2
7156,0
7157,2
7158,0
7159,0
7160,3
7161,3
7162,0
7163,1
7164,1
7165,2
7166,0
7167,1
7168,1
7169,0
7170,2
7171,0
7172,2
7173,0
7174,0
7175,0
7176,1
7177,1
7178,1
7179,0
7180,3
7181,1
7182,3
7183,1
7184,0
7185,3
7186,0
7187,0
7188,0
7189,0
7190,1
7191,3
7192,1
7193,2
7194,1
7195,1
7196,2
7197,0
7198,1
7199,1
7200,0
7201,2
7202,1
7203,1
7204,1
7205,2
7206,0
7207,0
7208,1
7209,0
7210,0
7211,1
7212,1
7213,0
7214,2
7215,1
7216,2
7217,0
7218,2
7219,0
7220,2
7221,1
7222,1
7223,0
7224,6
7225,1
7226,1
7227,1
7228,2
7229,1
7230,2
7231,1
7232,4
7233,3
7234,5
7235,0
7236,0
7237,2
7238,2
7239,3
7240,2
7241,0
7242,3
7243,1
7244,1
7245,1
7246,0
7247,2
7248,2
7249,1
7250,1
7251,1
7252,5
7253,0
7254,0
7255,2
7256,1
7257,1
7258,3
7259,0
7260,1
7261,3
7262,2
7263,1
7264,1
7265,0
7266,1
7267,1
7268,4
7269,0
7270,0
7271,2
7272,3
7273,1
7274,0
7275,1
7276,2
7277,2
7278,0
7279,1
7280,0
7281,0
7282,0
7283,1
7284,0
7285,3
7286,1
7287,3
7288,0
7289,2
7290,1
7291,0
7292,0
7293,4
7294,0
7295,0
7296,0
7297,2
7298,0
7299,0
7300,2
7301,3
7302,1
7303,0
7304,0
7305,2
7306,1
7307,1
7308,0
7309,1
7310,3
7311,3
7312,3
7313,0
7314,1
7315,0
7316,1
7317,0
7318,2
7319,1
7320,0
7321,2
7322,0
7323,0
7324,1
7325,1
7326,1
7327,2
7328,2
7329,0
7330,3
7331,2
7332,0
7333,3
7334,3
7335,3
7336,2
7337,2
7338,2
7339,1
7340,1
7341,2
7342,0
7343,1
7344,0
7345,3
7346,1
7347,1
7348,2
7349,0
7350,0
7351,3
7352,0
7353,1
7354,0
7355,2
7356,3
7357,1
7358,1
7359,0
7360,0
7361,3
7362,2
7363,0
7364,1
7365,3
7366,2
7367,0
7368,6
7369,1
7370,1
7371,0
7372,0
7373,0
7374,1
7375,1
7376,0
7377,1
7378,1
7379,0
7380,1
7381,0
7382,3
7383,3
7384,1
7385,0
7386,0
7387,3
7388,3
7389,0
7390,1
7391,0
7392,2
7393,0
7394,4
7395,4
7396,2
7397,3
7398,1
7399,1
7400,0
7401,2
7402,1
7403,3
7404,0
7405,1
7406,0
7407,2
7408,1
7409,4
7410,1
7411,0
7412,0
7413,0
7414,1
7415,0
7416,0
7417,2
7418,3
7419,0
7420,2
7421,0
7422,2
7423,0
7424,0
7425,0
7426,0
7427,1
7428,1
7429,0
7430,1
7431,2
7432,2
7433,1
7434,0
7435,0
7436,2
7437,1
7438,0
7439,2
7440,0
7441,0
7442,1
7443,2
7444,1
7445,3
7446,2
7447,2
7448,2
7449,0
7450,2
7451,3
7452,1
7453,2
7454,0
7455,1
7456,1
7457,2
7458,3
7459,1
7460,1
7461,1
7462,3
7463,1
7464,0
7465,3
7466,0
7467,2
7468,1
7469,1
7470,1
7471,1
7472,1
7473,1
7474,0
7475,0
7476,1
7477,0
7478,0
7479,3
7480,1
7481,1
7482,1
7483,1
7484,1
7485,1
7486,3
7487,1
7488,0
7489,0
7490,1
7491,2
7492,0
7493,1
7494,1
7495,0
7496,3
7497,0
7498,1
7499,2
7500,2
7501,0
7502,1
7503,1
7504,0
7505,1
7506,0
7507,1
7508,1
7509,1
7510,1
7511,4
7512,1
7513,0
7514,2
7515,1
7516,3
7517,2
7518,1
7519,0
7520,0
7521,0
7522,2
7523,2
7524,0
7525,1
7526,1
7527,0
7528,0
7529,1
7530,2
7531,1
7532,1
7533,0
7534,1
7535,0
7536,1
7537,2
7538,2
7539,1
7540,0
7541,0
7542,2
7543,0
7544,2
7545,0
7546,0
7547,2
7548,0
7549,0
7550,0
7551,0
7552,3
7553,0
7554,1
7555,1
7556,0
7557,2
7558,2
7559,0
7560,1
7561,3
7562,1
7563,2
7564,1
7565,0
7566,2
7567,1
7568,1
7569,0
7570,0
7571,2
7572,3
7573,2
7574,0
7575,1
7576,4
7577,0
7578,2
7579,0
7580,1
7581,2
7582,0
7583,2
7584,0
7585,2
7586,2
7587,4
7588,1
7589,1
7590,1
7591,2
7592,4
7593,1
7594,0
7595,0
7596,3
7597,1
7598,1
7599,0
7600,0
7601,1
7602,0
7603,2
7604,0
7605,5
7606,0
7607,1
7608,4
7609,1
7610,0
7611,2
7612,0
7613,0
7614,0
7615,3
7616,1
7617,0
7618,0
7619,0
7620,0
7621,0
7622,1
7623,1
7624,1
7625,1
7626,1
7627,1
7628,0
7629,1
7630,1
7631,1
7632,1
7633,1
7634,0
7635,0
7636,2
7637,4
7638,4
7639,3
7640,1
7641,1
7642,2
7643,2
7644,1
7645,1
7646,3
7647,1
7648,0
7649,3
7650,3
7651,3
7652,1
7653,1
7654,2
7655,1
7656,0
7657,5
7658,1
7659,0
7660,0
7661,0
7662,0
7663,0
7664,1
7665,1
7666,0
7667,2
7668,0
7669,3
7670,2
7671,3
7672,0
7673,0
7674,0
7675,0
7676,0
7677,1
7678,0
7679,0
7680,2
7681,1
7682,1
7683,0
7684,1
7685,0
7686,2
7687,0
7688,1
7689,0
7690,1
7691,1
7692,0
7693,2
7694,1
7695,2
7696,0
7697,0
7698,0
7699,1
7700,0
7701,0
7702,0
7703,0
7704,0
7705,1
7706,2
7707,1
7708,0
7709,3
7710,1
7711,0
7712,1
7713,1
7714,3
7715,2
7716,2
7717,4
7718,0
7719,1
7720,0
7721,0
7722,4
7723,1
7724,1
7725,0
7726,0
7727,3
7728,1
7729,1
7730,0
7731,1
7732,1
7733,0
7734,2
7735,0
7736,2
7737,0
7738,0
7739,6
7740,1
7741,0
7742,1
7743,1
7744,0
7745,0
7746,2
7747,0
7748,1
7749,0
7750,1
7751,2
7752,1
7753,0
7754,0
7755,0
7756,1
7757,0
7758,2
7759,0
7760,0
7761,1
7762,0
7763,3
7764,1
7765,1
7766,0
7767,2
7768,0
7769,2
7770,3
7771,2
7772,2
7773,0
7774,0
7775,0
7776,3
7777,1
7778,0
7779,0
7780,0
7781,2
7782,1
7783,0
7784,2
7785,1
7786,1
7787,4
7788,1
7789,0
7790,1
7791,0
7792,3
7793,1
7794,1
7795,1
7796,0
7797,2
7798,2
7799,1
7800,0
7801,5
7802,0
7803,0
7804,0
7805,0
7806,0
7807,1
7808,0
7809,4
7810,4
7811,1
7812,1
7813,0
7814,1
7815,1
7816,1
7817,3
7818,1
7819,0
7820,1
7821,0
7822,2
7823,0
7824,3
7825,2
7826,0
7827,1
7828,1
7829,3
7830,3
7831,2
7832,2
7833,0
7834,3
7835,3
7836,2
7837,0
7838,0
7839,1
7840,0
7841,4
7842,2
7843,1
7844,1
7845,3
7846,3
7847,3
7848,0
7849,1
7850,0
7851,2
7852,1
7853,1
7854,1
7855,0
7856,2
7857,0
7858,1
7859,3
7860,0
7861,2
7862,1
7863,0
7864,3
7865,2
7866,0
7867,0
7868,0
7869,2
7870,2
7871,0
7872,2
7873,2
7874,0
7875,1
7876,1
7877,2
7878,0
7879,1
7880,2
7881,3
7882,3
7883,0
7884,1
7885,2
7886,0
7887,1
7888,0
7889,3
7890,0
7891,0
7892,0
7893,0
7894,3
7895,1
7896,0
7897,1
7898,0
7899,0
7900,1
7901,3
7902,1
7903,2
7904,1
7905,1
7906,2
7907,0
7908,1
7909,3
7910,1
7911,0
7912,2
7913,0
7914,0
7915,1
7916,1
7917,3
7918,0
7919,5
7920,0
7921,2
7922,0
7923,0
7924,1
7925,1
7926,0
7927,1
7928,0
7929,0
7930,0
7931,0
7932,0
7933,2
7934,1
7935,0
7936,6
7937,0
7938,2
7939,1
7940,5
7941,0
7942,1
7943,1
7944,0
7945,1
7946,0
7947,0
7948,1
7949,0
7950,1
7951,0
7952,1
7953,0
7954,1
7955,2
7956,5
7957,4
7958,1
7959,2
7960,1
7961,3
7962,1
7963,0
7964,2
7965,0
7966,1
7967,3
7968,0
7969,1
7970,0
7971,0
7972,1
7973,1
7974,0
7975,0
7976,1
7977,0
7978,4
7979,0
7980,3
7981,3
7982,1
7983,0
7984,3
7985,0
7986,0
7987,0
7988,5
7989,0
7990,1
7991,1
7992,1
7993,2
7994,3
7995,3
7996,4
7997,1
7998,4
7999,0
8000,0
8001,1
8002,1
8003,0
8004,1
8005,2
8006,0
8007,0
8008,0
8009,0
8010,1
8011,0
8012,1
8013,1
8014,1
8015,1
8016,1
8017,1
8018,0
8019,0
8020,0
8021,0
8022,3
8023,2
8024,1
8025,0
8026,5
8027,1
8028,2
8029,3
8030,6
8031,0
8032,1
8033,1
8034,1
8035,1
8036,1
8037,3
8038,2
8039,0
8040,0
8041,0
8042,2
8043,1
8044,0
8045,0
8046,7
8047,1
8048,1
8049,0
8050,1
8051,3
8052,0
8053,1
8054,4
8055,1
8056,1
8057,0
8058,1
8059,3
8060,1
8061,5
8062,1
8063,2
8064,0
8065,0
8066,0
8067,1
8068,1
8069,0
8070,1
8071,1
8072,1
8073,1
8074,0
8075,1
8076,1
8077,1
8078,3
8079,2
8080,2
8081,0
8082,1
8083,0
8084,2
8085,4
8086,0
8087,3
8088,3
8089,1
8090,0
8091,0
8092,1
8093,3
8094,2
8095,3
8096,1
8097,2
8098,0
8099,1
8100,0
8101,0
8102,0
8103,0
8104,1
8105,0
8106,3
8107,3
8108,0
8109,1
8110,1
8111,0
8112,1
8113,0
8114,1
8115,2
8116,0
8117,2
8118,5
8119,0
8120,1
8121,3
8122,3
8123,0
8124,2
8125,0
8126,2
8127,1
8128,4
8129,0
8130,1
8131,1
8132,0
8133,3
8134,1
8135,0
8136,2
8137,2
8138,1
8139,0
8140,0
8141,2
8142,0
8143,1
8144,0
8145,3
8146,0
8147,0
8148,1
8149,2
8150,0
8151,1
8152,3
8153,1
8154,0
8155,0
8156,4
8157,0
8158,0
8159,2
8160,2
8161,0
8162,3
8163,1
8164,0
8165,3
8166,2
8167,1
8168,0
8169,3
8170,0
8171,2
8172,0
8173,0
8174,0
8175,1
8176,2
8177,3
8178,2
8179,0
8180,0
8181,1
8182,1
8183,1
8184,0
8185,1
8186,0
8187,0
8188,3
8189,2
8190,2
8191,0
8192,2
8193,0
8194,1
8195,1
8196,0
8197,0
8198,0
8199,4
8200,0
8201,3
8202,1
8203,0
8204,2
8205,0
8206,2
8207,0
8208,0
8209,0
8210,1
8211,0
8212,0
8213,0
8214,3
8215,2
8216,2
8217,1
8218,1
8219,2
8220,1
8221,0
8222,2
8223,1
8224,2
8225,1
8226,3
8227,0
8228,1
8229,1
8230,0
8231,2
8232,1
8233,0
8234,0
8235,1
8236,1
8237,6
8238,0
8239,1
8240,2
8241,1
8242,1
8243,1
8244,3
8245,0
8246,0
8247,0
8248,5
8249,0
8250,0
8251,0
8252,0
8253,1
8254,1
8255,4
8256,2
8257,1
8258,1
8259,1
8260,0
8261,0
8262,0
8263,0
8264,0
8265,1
8266,1
8267,1
8268,1
8269,5
8270,0
8271,1
8272,2
8273,0
8274,0
8275,0
8276,2
8277,0
8278,1
8279,1
8280,2
8281,1
8282,1
8283,1
8284,0
8285,0
8286,0
8287,3
8288,0
8289,1
8290,1
8291,0
8292,1
8293,0
8294,0
8295,2
8296,0
8297,5
8298,0
8299,0
8300,4
8301,1
8302,2
8303,1
8304,1
8305,1
8306,2
8307,4
8308,1
8309,0
8310,1
8311,2
8312,1
8313,3
8314,0
8315,1
8316,0
8317,0
8318,1
8319,2
8320,1
8321,0
8322,2
8323,1
8324,0
8325,2
8326,2
8327,1
8328,1
8329,2
8330,0
8331,2
8332,0
8333,0
8334,1
8335,1
8336,0
8337,1
8338,1
8339,0
8340,3
8341,1
8342,0
8343,0
8344,1
8345,1
8346,1
8347,2
8348,3
8349,1
8350,1
8351,1
8352,0
8353,2
8354,1
8355,5
8356,0
8357,2
8358,1
8359,2
8360,1
8361,2
8362,1
8363,0
8364,1
8365,0
8366,1
8367,0
8368,1
8369,0
8370,0
8371,0
8372,3
8373,2
8374,3
8375,1
8376,0
8377,0
8378,3
8379,1
8380,0
8381,0
8382,1
8383,1
8384,1
8385,0
8386,2
8387,1
8388,0
8389,1
8390,0
8391,2
8392,1
8393,2
8394,0
8395,0
8396,1
8397,3
8398,1
8399,0
8400,0
8401,1
8402,1
8403,0
8404,1
8405,0
8406,0
8407,0
8408,0
8409,0
8410,0
8411,0
8412,3
8413,0
8414,0
8415,2
8416,3
8417,2
8418,2
8419,0
8420,1
8421,1
8422,1
8423,0
8424,2
8425,2
8426,0
8427,1
8428,1
8429,2
8430,1
8431,3
8432,0
8433,0
8434,0
8435,1
8436,0
8437,3
8438,2
8439,0
8440,1
8441,2
8442,0
8443,1
8444,1
8445,5
8446,2
8447,2
8448,1
8449,0
8450,0
8451,0
8452,0
8453,2
8454,0
8455,1
8456,1
8457,1
8458,2
8459,1
8460,0
8461,1
8462,1
8463,1
8464,2
8465,1
8466,2
8467,1
8468,0
8469,1
8470,0
8471,1
8472,2
8473,2
8474,0
8475,1
8476,2
8477,3
8478,2
8479,1
8480,1
8481,0
8482,2
8483,0
8484,0
8485,2
8486,0
8487,3
8488,0
8489,4
8490,2
8491,1
8492,1
8493,2
8494,3
8495,0
8496,4
8497,1
8498,5
8499,0
8500,1
8501,1
8502,0
8503,0
8504,1
8505,2
8506,1
8507,0
8508,0
8509,1
8510,3
8511,0
8512,2
8513,2
8514,0
8515,1
8516,1
8517,1
8518,3
8519,0
8520,1
8521,0
8522,2
8523,0
8524,0
8525,0
8526,0
8527,0
8528,2
8529,3
8530,1
8531,0
8532,2
8533,0
8534,1
8535,1
8536,1
8537,1
8538,1
8539,2
8540,2
8541,0
8542,0
8543,3
8544,2
8545,3
8546,0
8547,1
8548,5
8549,5
8550,0
8551,0
8552,4
8553,0
8554,0
8555,1
8556,2
8557,2
8558,1
8559,0
8560,0
8561,4
8562,3
8563,2
8564,0
8565,1
8566,3
8567,2
8568,1
8569,1
8570,2
8571,1
8572,0
8573,0
8574,1
8575,0
8576,0
8577,0
8578,1
8579,3
8580,1
8581,0
8582,3
8583,0
8584,2
8585,2
8586,0
8587,1
8588,1
8589,1
8590,1
8591,2
8592,1
8593,1
8594,0
8595,2
8596,1
8597,0
8598,4
8599,2
8600,2
8601,0
8602,1
8603,0
8604,1
8605,2
8606,3
8607,1
8608,2
8609,2
8610,0
8611,2
8612,1
8613,0
8614,2
8615,0
8616,4
8617,1
8618,3
8619,1
8620,1
8621,1
8622,1
8623,2
8624,0
8625,0
8626,0
8627,3
8628,0
8629,0
8630,1
8631,1
8632,0
8633,0
8634,0
8635,1
8636,4
8637,1
8638,0
8639,2
8640,2
8641,2
8642,1
8643,0
8644,1
8645,1
8646,2
8647,1
8648,2
8649,1
8650,1
8651,0
8652,2
8653,1
8654,1
8655,1
8656,0
8657,0
8658,4
8659,4
8660,0
8661,0
8662,2
8663,2
8664,1
8665,1
8666,1
8667,1
8668,2
8669,0
8670,0
8671,0
8672,0
8673,1
8674,1
8675,0
8676,0
8677,3
8678,1
8679,0
8680,1
8681,2
8682,1
8683,1
8684,1
8685,1
8686,1
8687,3
8688,0
8689,2
8690,2
8691,0
8692,0
8693,2
8694,1
8695,0
8696,0
8697,0
8698,0
8699,0
8700,1
8701,0
8702,1
8703,3
8704,0
8705,0
8706,0
8707,0
8708,0
8709,5
8710,2
8711,1
8712,2
8713,1
8714,1
8715,1
8716,0
8717,1
8718,1
8719,0
8720,1
8721,0
8722,2
8723,2
8724,0
8725,0
8726,1
8727,2
8728,0
8729,2
8730,1
8731,1
8732,3
8733,0
8734,1
8735,3
8736,0
8737,2
8738,1
8739,0
8740,2
8741,2
8742,2
8743,0
8744,3
8745,0
8746,0
8747,2
8748,2
8749,1
8750,1
8751,0
8752,1
8753,2
8754,2
8755,1
8756,0
8757,2
8758,0
8759,0
8760,3
8761,0
8762,0
8763,1
8764,1
8765,0
8766,1
8767,1
8768,1
8769,2
8770,0
8771,2
8772,1
8773,0
8774,1
8775,0
8776,1
8777,4
8778,0
8779,0
8780,1
8781,3
8782,1
8783,1
8784,1
8785,2
8786,1
8787,0
8788,0
8789,3
8790,0
8791,1
8792,1
8793,2
8794,0
8795,1
8796,0
8797,1
8798,0
8799,1
8800,1
8801,2
8802,0
8803,2
8804,0
8805,2
8806,3
8807,0
8808,0
8809,1
8810,1
8811,0
8812,0
8813,2
8814,1
8815,0
8816,3
8817,1
8818,2
8819,0
8820,2
8821,0
8822,0
8823,0
8824,1
8825,2
8826,1
8827,0
8828,1
8829,0
8830,1
8831,0
8832,0
8833,0
8834,2
8835,1
8836,1
8837,2
8838,2
8839,2
8840,1
8841,1
8842,0
8843,1
8844,2
8845,0
8846,0
8847,1
8848,1
8849,1
8850,1
8851,2
8852,0
8853,0
8854,0
8855,0
8856,1
8857,1
8858,1
8859,1
8860,1
8861,0
8862,0
8863,1
8864,0
8865,0
8866,2
8867,3
8868,0
8869,1
8870,1
8871,0
8872,0
8873,1
8874,3
8875,1
8876,2
8877,1
8878,2
8879,1
8880,1
8881,0
8882,0
8883,2
8884,2
8885,0
8886,0
8887,0
8888,2
8889,1
8890,0
8891,3
8892,0
8893,0
8894,0
8895,3
8896,1
8897,1
8898,2
8899,1
8900,1
8901,2
8902,1
8903,1
8904,1
8905,1
8906,1
8907,1
8908,0
8909,0
8910,1
8911,0
8912,2
8913,0
8914,0
8915,4
8916,0
8917,0
8918,0
8919,6
8920,2
8921,2
8922,2
8923,0
8924,0
8925,2
8926,2
8927,0
8928,0
8929,0
8930,3
8931,1
8932,1
8933,0
8934,1
8935,2
8936,1
8937,1
8938,2
8939,0
8940,1
8941,1
8942,2
8943,0
8944,1
8945,2
8946,2
8947,2
8948,2
8949,2
8950,2
8951,0
8952,2
8953,2
8954,0
8955,0
8956,0
8957,6
8958,1
8959,2
8960,0
8961,1
8962,1
8963,2
8964,3
8965,0
8966,4
8967,0
8968,0
8969,2
8970,0
8971,0
8972,1
8973,1
8974,1
8975,3
8976,0
8977,2
8978,0
8979,0
8980,3
8981,0
8982,1
8983,0
8984,1
8985,0
8986,3
8987,1
8988,0
8989,0
8990,0
8991,0
8992,1
8993,1
8994,2
8995,2
8996,1
8997,1
8998,1
8999,1
9000,0
9001,0
9002,0
9003,1
9004,0
9005,2
9006,0
9007,0
9008,2
9009,0
9010,0
9011,1
9012,1
9013,0
9014,3
9015,1
9016,1
9017,3
9018,4
9019,2
9020,0
9021,2
9022,1
9023,0
9024,4
9025,1
9026,0
9027,3
9028,4
9029,0
9030,1
9031,1
9032,0
9033,1
9034,0
9035,0
9036,0
9037,2
9038,2
9039,0
9040,1
9041,0
9042,2
9043,0
9044,1
9045,0
9046,0
9047,0
9048,1
9049,1
9050,1
9051,2
9052,2
9053,2
9054,0
9055,0
9056,0
9057,0
9058,0
9059,0
9060,3
9061,0
9062,1
9063,1
9064,1
9065,2
9066,1
9067,2
9068,3
9069,0
9070,1
9071,0
9072,1
9073,2
9074,2
9075,0
9076,1
9077,0
9078,1
9079,0
9080,0
9081,0
9082,0
9083,3
9084,2
9085,1
9086,1
9087,2
9088,3
9089,2
9090,0
9091,0
9092,0
9093,3
9094,1
9095,1
9096,1
9097,3
9098,0
9099,0
9100,1
9101,0
9102,2
9103,1
9104,0
9105,1
9106,2
9107,1
9108,1
9109,0
9110,0
9111,1
9112,2
9113,2
9114,1
9115,0
9116,2
9117,3
9118,1
9119,1
9120,1
9121,3
9122,1
9123,0
9124,1
9125,1
9126,0
9127,0
9128,1
9129,2
9130,0
9131,2
9132,0
9133,1
9134,3
9135,1
9136,1
9137,1
9138,1
9139,0
9140,1
9141,1
9142,0
9143,2
9144,1
9145,2
9146,0
9147,0
9148,0
9149,2
9150,1
9151,0
9152,2
9153,6
9154,2
9155,1
9156,0
9157,0
9158,0
9159,3
9160,1
9161,1
9162,1
9163,1
9164,2
9165,0
9166,1
9167,0
9168,1
9169,0
9170,1
9171,1
9172,0
9173,0
9174,1
9175,2
9176,5
9177,0
9178,0
9179,2
9180,0
9181,0
9182,0
9183,4
9184,1
9185,0
9186,2
9187,3
9188,1
9189,2
9190,1
9191,1
9192,1
9193,0
9194,4
9195,1
9196,3
9197,1
9198,4
9199,0
9200,2
9201,0
9202,0
9203,1
9204,1
9205,2
9206,1
9207,1
9208,3
9209,2
9210,1
9211,3
9212,1
9213,2
9214,0
9215,1
9216,0
9217,1
9218,1
9219,1
9220,0
9221,1
9222,1
9223,0
9224,1
9225,1
9226,3
9227,0
9228,1
9229,2
9230,3
9231,1
9232,0
9233,4
9234,1
9235,2
9236,1
9237,0
9238,0
9239,3
9240,0
9241,0
9242,1
9243,0
9244,0
9245,1
9246,1
9247,3
9248,0
9249,1
9250,0
9251,3
9252,3
9253,2
9254,1
9255,1
9256,2
9257,2
9258,1
9259,1
9260,1
9261,3
9262,2
9263,0
9264,2
9265,0
9266,0
9267,0
9268,0
9269,1
9270,0
9271,3
9272,1
9273,3
9274,2
9275,0
9276,2
9277,1
9278,0
9279,0
9280,1
9281,2
9282,2
9283,0
9284,0
9285,0
9286,2
9287,0
9288,2
9289,3
9290,1
9291,1
9292,1
9293,1
9294,2
9295,1
9296,0
9297,2
9298,1
9299,0
9300,0
9301,0
9302,4
9303,1
9304,2
9305,1
9306,0
9307,2
9308,1
9309,0
9310,1
9311,0
9312,2
9313,0
9314,2
9315,2
9316,2
9317,1
9318,3
9319,2
9320,2
9321,2
9322,3
9323,2
9324,0
9325,0
9326,0
9327,2
9328,0
9329,0
9330,0
9331,0
9332,0
9333,4
9334,1
9335,1
9336,0
9337,1
9338,2
9339,0
9340,1
9341,1
9342,1
9343,3
9344,0
9345,0
9346,2
9347,0
9348,2
9349,1
9350,1
9351,0
9352,1
9353,0
9354,1
9355,2
9356,4
9357,1
9358,0
9359,3
9360,1
9361,0
9362,1
9363,0
9364,1
9365,0
9366,1
9367,0
9368,0
9369,1
9370,0
9371,1
9372,1
9373,1
9374,2
9375,1
9376,2
9377,1
9378,2
9379,1
9380,1
9381,1
9382,2
9383,1
9384,0
9385,0
9386,0
9387,2
9388,2
9389,1
9390,0
9391,0
9392,2
9393,1
9394,0
9395,0
9396,1
9397,1
9398,2
9399,2
9400,0
9401,1
9402,1
9403,0
9404,2
9405,0
9406,1
9407,4
9408,0
9409,0
9410,0
9411,2
9412,1
9413,1
9414,2
9415,1
9416,0
9417,2
9418,0
9419,2
9420,0
9421,4
9422,2
9423,1
9424,0
9425,1
9426,1
9427,1
9428,0
9429,3
9430,0
9431,0
9432,1
9433,2
9434,1
9435,2
9436,1
9437,1
9438,1
9439,2
9440,1
9441,3
9442,2
9443,0
9444,1
9445,0
9446,2
9447,1
9448,0
9449,0
9450,1
9451,0
9452,1
9453,1
9454,1
9455,2
9456,0
9457,1
9458,1
9459,3
9460,0
9461,0
9462,0
9463,1
9464,1
9465,0
9466,0
9467,1
9468,2
9469,0
9470,0
9471,1
9472,1
9473,0
9474,0
9475,0
9476,1
9477,3
9478,0
9479,1
9480,0
9481,0
9482,1
9483,0
9484,1
9485,1
9486,1
9487,2
9488,4
9489,1
9490,0
9491,1
9492,1
9493,0
9494,0
9495,0
9496,1
9497,2
9498,2
9499,0
9500,0
9501,0
9502,2
9503,0
9504,0
9505,1
9506,2
9507,1
9508,1
9509,0
9510,1
9511,3
9512,0
9513,1
9514,0
9515,0
9516,0
9517,0
9518,0
9519,1
9520,1
9521,2
9522,1
9523,1
9524,2
9525,1
9526,0
9527,5
9528,1
9529,0
9530,0
9531,2
9532,1
9533,0
9534,2
9535,0
9536,1
9537,1
9538,0
9539,0
9540,1
9541,1
9542,1
9543,2
9544,0
9545,0
9546,4
9547,2
9548,1
9549,1
9550,2
9551,0
9552,1
9553,1
9554,1
9555,1
9556,0
9557,1
9558,1
9559,0
9560,0
9561,2
9562,0
9563,2
9564,3
9565,1
9566,1
9567,1
9568,2
9569,0
9570,0
9571,1
9572,4
9573,3
9574,2
9575,1
9576,0
9577,1
9578,0
9579,1
9580,0
9581,0
9582,0
9583,2
9584,0
9585,0
9586,1
9587,0
9588,1
9589,1
9590,1
9591,1
9592,0
9593,2
9594,4
9595,1
9596,1
9597,0
9598,1
9599,2
9600,1
9601,0
9602,1
9603,2
9604,1
9605,0
9606,0
9607,1
9608,1
9609,1
9610,1
9611,1
9612,1
9613,1
9614,0
9615,1
9616,2
9617,3
9618,1
9619,1
9620,1
9621,1
9622,1
9623,3
9624,1
9625,0
9626,0
9627,0
9628,1
9629,0
9630,2
9631,4
9632,2
9633,0
9634,3
9635,1
9636,0
9637,0
9638,0
9639,0
9640,0
9641,1
9642,2
9643,1
9644,0
9645,1
9646,2
9647,1
9648,1
9649,1
9650,0
9651,0
9652,2
9653,1
9654,3
9655,0
9656,1
9657,0
9658,1
9659,0
9660,1
9661,0
9662,2
9663,2
9664,1
9665,3
9666,0
9667,0
9668,0
9669,2
9670,0
9671,2
9672,0
9673,1
9674,2
9675,0
9676,1
9677,1
9678,2
9679,1
9680,0
9681,1
9682,1
9683,0
9684,1
9685,3
9686,0
9687,0
9688,1
9689,0
9690,2
9691,2
9692,1
9693,3
9694,0
9695,0
9696,0
9697,3
9698,2
9699,1
9700,1
9701,1
9702,1
9703,1
9704,0
9705,1
9706,1
9707,2
9708,1
9709,0
9710,0
9711,0
9712,4
9713,1
9714,0
9715,0
9716,1
9717,3
9718,2
9719,0
9720,1
9721,1
9722,0
9723,1
9724,0
9725,1
9726,3
9727,3
9728,0
9729,0
9730,1
9731,1
9732,0
9733,0
9734,0
9735,0
9736,0
9737,0
9738,1
9739,1
9740,1
9741,1
9742,0
9743,0
9744,0
9745,3
9746,1
9747,1
9748,2
9749,0
9750,1
9751,0
9752,0
9753,1
9754,4
9755,1
9756,0
9757,1
9758,1
9759,1
9760,0
9761,0
9762,0
9763,2
9764,3
9765,1
9766,0
9767,1
9768,1
9769,1
9770,1
9771,1
9772,1
9773,0
9774,0
9775,2
9776,0
9777,4
9778,1
9779,0
9780,0
9781,1
9782,2
9783,0
9784,2
9785,0
9786,0
9787,0
9788,3
9789,1
9790,2
9791,2
9792,1
9793,0
9794,1
9795,1
9796,1
9797,1
9798,1
9799,0
9800,3
9801,1
9802,1
9803,1
9804,2
9805,0
9806,1
9807,3
9808,1
9809,1
9810,0
9811,2
9812,3
9813,2
9814,0
9815,1
9816,0
9817,0
9818,0
9819,2
9820,0
9821,0
9822,0
9823,0
9824,2
9825,0
9826,0
9827,2
9828,0
9829,1
9830,0
9831,1
9832,2
9833,2
9834,0
9835,2
9836,0
9837,0
9838,4
9839,0
9840,0
9841,1
9842,3
9843,2
9844,2
9845,0
9846,0
9847,1
9848,2
9849,0
9850,0
9851,0
9852,1
9853,2
9854,1
9855,0
9856,1
9857,0
9858,1
9859,1
9860,2
9861,4
9862,1
9863,0
9864,3
9865,2
9866,0
9867,2
9868,0
9869,1
9870,2
9871,1
9872,1
9873,1
9874,2
9875,1
9876,0
9877,2
9878,2
9879,1
9880,0
9881,3
9882,0
9883,0
9884,2
9885,1
9886,1
9887,1
9888,2
9889,0
9890,3
9891,0
9892,0
9893,0
9894,1
9895,1
9896,3
9897,2
9898,1
9899,0
9900,1
9901,0
9902,0
9903,0
9904,0
9905,1
9906,1
9907,1
9908,0
9909,1
9910,1
9911,1
9912,3
9913,0
9914,1
9915,1
9916,2
9917,1
9918,1
9919,0
9920,2
9921,2
9922,1
9923,0
9924,2
9925,2
9926,0
9927,1
9928,0
9929,0
9930,2
9931,1
9932,1
9933,1
9934,2
9935,0
9936,0
9937,3
9938,0
9939,2
9940,1
9941,0
9942,0
9943,1
9944,1
9945,1
9946,1
9947,0
9948,0
9949,1
9950,1
9951,2
9952,1
9953,1
9954,2
9955,0
9956,1
9957,1
9958,2
9959,1
9960,0
9961,1
9962,0
9963,0
9964,1
9965,2
9966,0
9967,0
9968,1
9969,1
9970,0
9971,0
9972,1
9973,1
9974,1
9975,0
9976,1
9977,1
9978,2
9979,0
9980,2
9981,1
9982,1
9983,0
9984,0
9985,1
9986,1
9987,0
9988,0
9989,2
9990,0
9991,0
9992,1
9993,0
9994,4
9995,0
9996,4
9997,2
9998,2
9999,2
