0,156
1,1
2,45
3,6
4,96
5,1
6,95
7,0
8,103
9,5
10,26
11,0
12,0
13,76
14,0
15,49
16,0
17,89
18,31
19,49
20,24
21,0
22,0
23,0
24,0
25,0
26,0
27,19
28,42
29,4
30,0
31,237
32,4
33,0
34,31
35,7
36,38
37,0
38,42
39,38
40,0
41,35
42,0
43,11
44,38
45,1
46,7
47,35
48,8
49,0
50,0
51,15
52,30
53,0
54,13
55,5
56,53
57,16
58,32
59,8
60,21
61,42
62,8
63,5
64,0
65,24
66,115
67,1
68,14
69,0
70,0
71,5
72,0
73,3
74,0
75,0
76,0
77,0
78,4
79,24
80,0
81,26
82,0
83,0
84,0
85,14
86,10
87,18
88,0
89,12
90,6
91,9
92,37
93,22
94,18
95,0
96,55
97,0
98,0
99,26
100,3
101,0
102,19
103,2
104,17
105,0
106,20
107,0
108,0
109,3
110,1
111,3
112,0
113,0
114,4
115,16
116,50
117,6
118,14
119,6
120,2
121,0
122,2
123,34
124,17
125,23
126,10
127,0
128,1
129,0
130,0
131,19
132,11
133,0
134,0
135,3
136,1
137,3
138,0
139,14
140,20
141,16
142,43
143,1
144,11
145,0
146,8
147,29
148,0
149,0
150,22
151,9
152,0
153,17
154,8
155,3
156,22
157,0
158,24
159,3
160,1
161,0
162,0
163,2
164,2
165,0
166,48
167,0
168,7
169,17
170,12
171,0
172,0
173,0
174,6
175,4
176,9
177,20
178,6
179,0
180,2
181,1
182,25
183,0
184,8
185,18
186,10
187,8
188,0
189,0
190,21
191,0
192,4
193,7
194,0
195,22
196,0
197,0
198,12
199,2
200,0
201,0
202,12
203,0
204,0
205,15
206,0
207,17
208,0
209,5
210,1
211,1
212,5
213,29
214,33
215,31
216,8
217,16
218,15
219,13
220,25
221,1
222,15
223,0
224,11
225,13
226,0
227,0
228,0
229,5
230,6
231,0
232,11
233,7
234,0
235,0
236,0
237,14
238,0
239,8
240,2
241,0
242,14
243,0
244,0
245,0
246,0
247,3
248,0
249,1
250,4
251,20
252,6
253,0
254,2
255,0
256,16
257,11
258,0
259,9
260,1
261,18
262,3
263,11
264,7
265,35
266,2
267,17
268,0
269,0
270,14
271,14
272,7
273,3
274,0
275,9
276,2
277,28
278,0
279,9
280,16
281,6
282,20
283,0
284,0
285,0
286,0
287,11
288,1
289,4
290,0
291,7
292,3
293,9
294,1
295,10
296,2
297,3
298,1
299,0
300,0
301,2
302,0
303,0
304,8
305,0
306,6
307,9
308,1
309,0
310,1
311,3
312,9
313,0
314,9
315,10
316,0
317,7
318,0
319,8
320,5
321,0
322,7
323,0
324,10
325,5
326,2
327,15
328,0
329,1
330,6
331,0
332,0
333,21
334,2
335,3
336,4
337,0
338,22
339,0
340,20
341,0
342,0
343,12
344,0
345,5
346,16
347,0
348,19
349,11
350,5
351,1
352,0
353,13
354,0
355,3
356,3
357,10
358,0
359,16
360,2
361,4
362,12
363,9
364,2
365,10
366,0
367,18
368,0
369,23
370,14
371,0
372,6
373,0
374,18
375,1
376,3
377,7
378,16
379,0
380,3
381,0
382,2
383,1
384,0
385,9
386,10
387,4
388,0
389,4
390,0
391,0
392,0
393,0
394,3
395,3
396,26
397,8
398,0
399,0
400,0
401,0
402,4
403,0
404,0
405,2
406,8
407,0
408,0
409,4
410,3
411,0
412,3
413,5
414,4
415,1
416,7
417,36
418,18
419,3
420,2
421,6
422,0
423,0
424,0
425,0
426,0
427,0
428,0
429,0
430,0
431,0
432,2
433,8
434,9
435,30
436,0
437,0
438,8
439,8
440,3
441,0
442,8
443,3
444,1
445,1
446,2
447,0
448,8
449,0
450,0
451,0
452,0
453,0
454,0
455,9
456,7
457,10
458,0
459,10
460,0
461,0
462,10
463,10
464,0
465,8
466,6
467,0
468,17
469,5
470,10
471,0
472,10
473,4
474,0
475,15
476,10
477,0
478,0
479,0
480,0
481,0
482,11
483,13
484,0
485,0
486,22
487,12
488,9
489,0
490,0
491,7
492,6
493,0
494,2
495,15
496,0
497,9
498,11
499,0
500,0
501,3
502,1
503,0
504,2
505,0
506,0
507,0
508,0
509,7
510,12
511,10
512,0
513,5
514,8
515,4
516,0
517,1
518,4
519,5
520,4
521,0
522,1
523,2
524,0
525,3
526,10
527,0
528,0
529,13
530,2
531,4
532,0
533,8
534,0
535,0
536,5
537,9
538,0
539,2
540,7
541,7
542,0
543,0
544,0
545,5
546,4
547,6
548,8
549,0
550,1
551,27
552,2
553,2
554,3
555,0
556,1
557,0
558,0
559,0
560,0
561,0
562,2
563,9
564,0
565,0
566,1
567,0
568,0
569,9
570,0
571,2
572,2
573,5
574,2
575,5
576,0
577,7
578,4
579,4
580,4
581,0
582,0
583,12
584,0
585,0
586,14
587,9
588,17
589,0
590,4
591,7
592,2
593,0
594,2
595,2
596,13
597,2
598,4
599,4
600,4
601,5
602,0
603,7
604,5
605,4
606,3
607,1
608,2
609,0
610,2
611,3
612,6
613,7
614,10
615,2
616,8
617,2
618,2
619,11
620,0
621,1
622,1
623,6
624,10
625,5
626,3
627,7
628,10
629,0
630,0
631,0
632,11
633,11
634,0
635,30
636,2
637,3
638,5
639,1
640,1
641,0
642,2
643,3
644,0
645,21
646,0
647,6
648,6
649,0
650,4
651,0
652,0
653,1
654,9
655,4
656,0
657,0
658,4
659,1
660,5
661,12
662,9
663,6
664,5
665,2
666,6
667,18
668,1
669,0
670,15
671,0
672,3
673,0
674,0
675,10
676,5
677,6
678,4
679,3
680,1
681,2
682,18
683,0
684,0
685,1
686,0
687,0
688,1
689,2
690,0
691,0
692,0
693,3
694,23
695,7
696,0
697,4
698,1
699,11
700,0
701,1
702,25
703,0
704,5
705,6
706,8
707,19
708,0
709,11
710,14
711,4
712,6
713,2
714,0
715,9
716,0
717,6
718,0
719,3
720,0
721,0
722,8
723,4
724,0
725,1
726,0
727,2
728,0
729,0
730,16
731,0
732,0
733,4
734,12
735,0
736,0
737,3
738,0
739,2
740,1
741,2
742,1
743,10
744,6
745,0
746,6
747,2
748,7
749,6
750,0
751,0
752,8
753,4
754,5
755,0
756,5
757,3
758,2
759,0
760,0
761,6
762,2
763,0
764,1
765,2
766,6
767,0
768,0
769,0
770,16
771,7
772,5
773,6
774,3
775,1
776,0
777,4
778,0
779,0
780,5
781,7
782,10
783,14
784,0
785,9
786,10
787,0
788,0
789,7
790,0
791,8
792,2
793,0
794,1
795,2
796,3
797,0
798,0
799,4
800,5
801,36
802,0
803,0
804,0
805,7
806,7
807,1
808,0
809,0
810,0
811,0
812,0
813,15
814,26
815,0
816,0
817,3
818,0
819,8
820,6
821,2
822,0
823,2
824,0
825,3
826,2
827,2
828,1
829,3
830,16
831,0
832,4
833,0
834,0
835,5
836,25
837,0
838,0
839,0
840,0
841,2
842,1
843,4
844,13
845,7
846,7
847,4
848,14
849,4
850,13
851,0
852,7
853,0
854,1
855,5
856,0
857,0
858,8
859,0
860,21
861,13
862,3
863,0
864,0
865,0
866,0
867,9
868,13
869,6
870,1
871,5
872,2
873,4
874,0
875,2
876,1
877,14
878,9
879,5
880,5
881,4
882,0
883,2
884,10
885,4
886,0
887,1
888,22
889,0
890,0
891,3
892,0
893,5
894,0
895,5
896,0
897,3
898,0
899,4
900,0
901,0
902,9
903,5
904,7
905,2
906,1
907,3
908,0
909,2
910,0
911,2
912,0
913,6
914,4
915,3
916,0
917,0
918,4
919,7
920,3
921,1
922,12
923,2
924,3
925,0
926,5
927,0
928,0
929,0
930,0
931,8
932,0
933,0
934,3
935,0
936,2
937,4
938,0
939,0
940,3
941,1
942,0
943,0
944,4
945,4
946,10
947,5
948,0
949,0
950,29
951,0
952,7
953,0
954,3
955,0
956,5
957,0
958,0
959,9
960,4
961,0
962,2
963,6
964,7
965,2
966,4
967,1
968,7
969,0
970,0
971,0
972,0
973,3
974,7
975,11
976,3
977,0
978,1
979,0
980,11
981,3
982,10
983,1
984,4
985,12
986,1
987,8
988,6
989,2
990,12
991,0
992,4
993,3
994,0
995,13
996,0
997,3
998,10
999,1
1000,1
1001,12
1002,1
1003,0
1004,0
1005,4
1006,1
1007,10
1008,0
1009,9
1010,11
1011,1
1012,2
1013,11
1014,4
1015,2
1016,4
1017,10
1018,8
1019,0
1020,13
1021,0
1022,4
1023,0
1024,0
1025,5
1026,1
1027,2
1028,15
1029,3
1030,2
1031,2
1032,2
1033,0
1034,1
1035,5
1036,0
1037,0
1038,0
1039,0
1040,0
1041,1
1042,0
1043,5
1044,2
1045,0
1046,3
1047,10
1048,9
1049,1
1050,0
1051,6
1052,0
1053,2
1054,4
1055,8
1056,6
1057,0
1058,0
1059,4
1060,0
1061,0
1062,3
1063,5
1064,2
1065,9
1066,3
1067,0
1068,9
1069,0
1070,4
1071,0
1072,1
1073,0
1074,10
1075,6
1076,7
1077,5
1078,0
1079,5
1080,11
1081,1
1082,4
1083,4
1084,8
1085,4
1086,0
1087,0
1088,8
1089,2
1090,0
1091,2
1092,0
1093,0
1094,0
1095,0
1096,4
1097,0
1098,0
1099,4
1100,0
1101,1
1102,0
1103,0
1104,0
1105,4
1106,0
1107,1
1108,0
1109,0
1110,2
1111,1
1112,0
1113,6
1114,10
1115,1
1116,3
1117,3
1118,9
1119,0
1120,1
1121,5
1122,2
1123,0
1124,4
1125,3
1126,23
1127,2
1128,9
1129,3
1130,6
1131,3
1132,13
1133,1
1134,2
1135,0
1136,11
1137,1
1138,3
1139,0
1140,0
1141,4
1142,4
1143,0
1144,21
1145,0
1146,5
1147,3
1148,3
1149,0
1150,0
1151,0
1152,0
1153,6
1154,2
1155,2
1156,2
1157,2
1158,0
1159,0
1160,6
1161,0
1162,1
1163,1
1164,0
1165,0
1166,1
1167,5
1168,0
1169,12
1170,7
1171,1
1172,0
1173,0
1174,5
1175,0
1176,2
1177,1
1178,0
1179,3
1180,0
1181,0
1182,0
1183,0
1184,0
1185,15
1186,2
1187,8
1188,0
1189,0
1190,0
1191,0
1192,2
1193,9
1194,0
1195,7
1196,0
1197,2
1198,0
1199,0
1200,5
1201,0
1202,5
1203,0
1204,2
1205,4
1206,4
1207,4
1208,2
1209,3
1210,2
1211,3
1212,0
1213,0
1214,5
1215,1
1216,7
1217,4
1218,0
1219,0
1220,0
1221,7
1222,0
1223,3
1224,0
1225,0
1226,1
1227,3
1228,0
1229,0
1230,5
1231,0
1232,0
1233,1
1234,0
1235,1
1236,1
1237,0
1238,3
1239,8
1240,6
1241,0
1242,4
1243,0
1244,4
1245,0
1246,10
1247,0
1248,0
1249,0
1250,1
1251,0
1252,0
1253,2
1254,14
1255,2
1256,2
1257,0
1258,6
1259,5
1260,3
1261,0
1262,6
1263,7
1264,2
1265,0
1266,0
1267,0
1268,8
1269,6
1270,1
1271,0
1272,3
1273,0
1274,9
1275,2
1276,0
1277,0
1278,2
1279,0
1280,0
1281,0
1282,3
1283,2
1284,5
1285,3
1286,4
1287,0
1288,0
1289,1
1290,0
1291,18
1292,0
1293,2
1294,1
1295,2
1296,3
1297,10
1298,7
1299,1
1300,0
1301,0
1302,5
1303,2
1304,10
1305,1
1306,4
1307,0
1308,1
1309,8
1310,2
1311,0
1312,7
1313,0
1314,0
1315,1
1316,2
1317,5
1318,4
1319,0
1320,1
1321,2
1322,0
1323,1
1324,4
1325,2
1326,14
1327,1
1328,0
1329,2
1330,5
1331,0
1332,3
1333,2
1334,1
1335,5
1336,5
1337,4
1338,0
1339,0
1340,14
1341,3
1342,0
1343,0
1344,5
1345,1
1346,0
1347,1
1348,0
1349,3
1350,22
1351,5
1352,4
1353,0
1354,2
1355,2
1356,1
1357,6
1358,4
1359,0
1360,4
1361,8
1362,0
1363,0
1364,0
1365,9
1366,0
1367,2
1368,0
1369,0
1370,0
1371,6
1372,14
1373,0
1374,13
1375,2
1376,3
1377,0
1378,8
1379,0
1380,3
1381,0
1382,6
1383,4
1384,0
1385,4
1386,0
1387,2
1388,0
1389,1
1390,7
1391,2
1392,0
1393,0
1394,8
1395,6
1396,1
1397,0
1398,5
1399,0
1400,1
1401,0
1402,0
1403,1
1404,1
1405,0
1406,1
1407,0
1408,0
1409,0
1410,0
1411,2
1412,0
1413,1
1414,0
1415,0
1416,0
1417,0
1418,0
1419,0
1420,8
1421,7
1422,0
1423,14
1424,8
1425,6
1426,2
1427,9
1428,5
1429,5
1430,2
1431,0
1432,11
1433,0
1434,12
1435,0
1436,6
1437,4
1438,2
1439,12
1440,3
1441,0
1442,1
1443,2
1444,16
1445,3
1446,3
1447,0
1448,1
1449,0
1450,0
1451,2
1452,2
1453,0
1454,0
1455,10
1456,6
1457,0
1458,11
1459,4
1460,7
1461,4
1462,4
1463,2
1464,2
1465,0
1466,3
1467,1
1468,3
1469,2
1470,1
1471,5
1472,1
1473,0
1474,0
1475,1
1476,0
1477,12
1478,0
1479,0
1480,4
1481,3
1482,0
1483,0
1484,0
1485,3
1486,3
1487,0
1488,3
1489,3
1490,0
1491,0
1492,0
1493,1
1494,1
1495,3
1496,3
1497,5
1498,3
1499,1
1500,0
1501,0
1502,1
1503,0
1504,5
1505,5
1506,7
1507,4
1508,0
1509,0
1510,1
1511,2
1512,0
1513,5
1514,0
1515,0
1516,0
1517,1
1518,3
1519,0
1520,10
1521,0
1522,0
1523,0
1524,0
1525,4
1526,0
1527,1
1528,0
1529,1
1530,0
1531,3
1532,6
1533,6
1534,3
1535,1
1536,1
1537,0
1538,4
1539,0
1540,0
1541,4
1542,5
1543,7
1544,0
1545,1
1546,1
1547,5
1548,2
1549,6
1550,1
1551,1
1552,5
1553,2
1554,3
1555,8
1556,1
1557,1
1558,1
1559,4
1560,0
1561,3
1562,0
1563,0
1564,1
1565,3
1566,2
1567,5
1568,9
1569,1
1570,5
1571,0
1572,5
1573,2
1574,0
1575,8
1576,4
1577,6
1578,3
1579,0
1580,0
1581,4
1582,6
1583,1
1584,0
1585,3
1586,1
1587,0
1588,1
1589,3
1590,0
1591,3
1592,0
1593,3
1594,10
1595,0
1596,1
1597,0
1598,8
1599,0
1600,0
1601,1
1602,0
1603,1
1604,0
1605,0
1606,2
1607,2
1608,0
1609,3
1610,3
1611,3
1612,2
1613,6
1614,8
1615,2
1616,1
1617,2
1618,8
1619,9
1620,1
1621,1
1622,1
1623,2
1624,6
1625,0
1626,4
1627,0
1628,0
1629,2
1630,1
1631,1
1632,0
1633,10
1634,3
1635,3
1636,0
1637,2
1638,1
1639,1
1640,3
1641,11
1642,2
1643,4
1644,0
1645,4
1646,0
1647,0
1648,1
1649,0
1650,2
1651,0
1652,1
1653,6
1654,0
1655,2
1656,1
1657,0
1658,6
1659,9
1660,4
1661,0
1662,0
1663,3
1664,1
1665,1
1666,3
1667,5
1668,0
1669,2
1670,0
1671,0
1672,0
1673,4
1674,9
1675,5
1676,0
1677,0
1678,6
1679,4
1680,0
1681,0
1682,3
1683,0
1684,3
1685,3
1686,0
1687,6
1688,8
1689,4
1690,3
1691,3
1692,4
1693,6
1694,0
1695,1
1696,0
1697,0
1698,3
1699,0
1700,0
1701,0
1702,2
1703,5
1704,4
1705,3
1706,0
1707,2
1708,1
1709,0
1710,0
1711,11
1712,7
1713,1
1714,4
1715,0
1716,1
1717,0
1718,0
1719,0
1720,0
1721,0
1722,0
1723,3
1724,2
1725,0
1726,3
1727,1
1728,0
1729,1
1730,5
1731,4
1732,1
1733,0
1734,4
1735,1
1736,3
1737,3
1738,6
1739,2
1740,0
1741,1
1742,0
1743,0
1744,0
1745,5
1746,9
1747,5
1748,3
1749,0
1750,0
1751,0
1752,0
1753,7
1754,2
1755,2
1756,1
1757,2
1758,1
1759,0
1760,1
1761,0
1762,2
1763,1
1764,0
1765,0
1766,3
1767,4
1768,0
1769,1
1770,1
1771,0
1772,0
1773,2
1774,0
1775,1
1776,0
1777,8
1778,6
1779,7
1780,2
1781,1
1782,1
1783,0
1784,4
1785,2
1786,0
1787,0
1788,3
1789,2
1790,0
1791,0
1792,0
1793,5
1794,1
1795,1
1796,4
1797,0
1798,6
1799,5
1800,3
1801,0
1802,10
1803,0
1804,0
1805,7
1806,0
1807,4
1808,0
1809,4
1810,0
1811,2
1812,0
1813,0
1814,5
1815,1
1816,4
1817,0
1818,0
1819,0
1820,0
1821,3
1822,4
1823,3
1824,4
1825,0
1826,0
1827,0
1828,3
1829,0
1830,0
1831,0
1832,4
1833,2
1834,5
1835,9
1836,7
1837,7
1838,8
1839,7
1840,0
1841,5
1842,6
1843,5
1844,0
1845,0
1846,9
1847,0
1848,5
1849,0
1850,0
1851,0
1852,2
1853,6
1854,4
1855,1
1856,5
1857,5
1858,0
1859,1
1860,0
1861,0
1862,0
1863,2
1864,2
1865,0
1866,8
1867,0
1868,4
1869,2
1870,2
1871,0
1872,5
1873,3
1874,0
1875,0
1876,0
1877,0
1878,1
1879,1
1880,4
1881,2
1882,1
1883,3
1884,1
1885,1
1886,6
1887,0
1888,4
1889,0
1890,1
1891,0
1892,7
1893,2
1894,1
1895,6
1896,0
1897,0
1898,1
1899,0
1900,0
1901,0
1902,2
1903,14
1904,0
1905,1
1906,0
1907,5
1908,0
1909,13
1910,2
1911,0
1912,6
1913,1
1914,6
1915,3
1916,0
1917,2
1918,3
1919,1
1920,1
1921,9
1922,0
1923,0
1924,5
1925,3
1926,0
1927,9
1928,5
1929,2
1930,0
1931,0
1932,0
1933,4
1934,10
1935,1
1936,0
1937,0
1938,2
1939,0
1940,0
1941,0
1942,0
1943,0
1944,0
1945,0
1946,2
1947,3
1948,1
1949,6
1950,4
1951,3
1952,2
1953,2
1954,1
1955,3
1956,1
1957,1
1958,3
1959,0
1960,2
1961,0
1962,5
1963,0
1964,2
1965,0
1966,0
1967,1
1968,0
1969,0
1970,5
1971,1
1972,0
1973,0
1974,1
1975,0
1976,3
1977,0
1978,4
1979,0
1980,5
1981,1
1982,0
1983,4
1984,4
1985,0
1986,2
1987,0
1988,2
1989,0
1990,0
1991,7
1992,0
1993,0
1994,6
1995,2
1996,2
1997,2
1998,2
1999,1
2000,0
2001,1
2002,0
2003,6
2004,1
2005,1
2006,5
2007,1
2008,0
2009,0
2010,3
2011,0
2012,0
2013,2
2014,0
2015,1
2016,1
2017,6
2018,0
2019,2
2020,2
2021,1
2022,0
2023,0
2024,1
2025,3
2026,2
2027,2
2028,1
2029,1
2030,0
2031,0
2032,4
2033,2
2034,0
2035,0
2036,0
2037,1
2038,0
2039,2
2040,2
2041,3
2042,0
2043,0
2044,0
2045,5
2046,0
2047,0
2048,0
2049,0
2050,0
2051,3
2052,3
2053,0
2054,3
2055,2
2056,2
2057,2
2058,3
2059,0
2060,0
2061,0
2062,0
2063,1
2064,0
2065,1
2066,0
2067,8
2068,1
2069,0
2070,1
2071,13
2072,3
2073,2
2074,0
2075,3
2076,0
2077,0
2078,0
2079,5
2080,0
2081,0
2082,0
2083,1
2084,1
2085,0
2086,8
2087,10
2088,6
2089,1
2090,4
2091,3
2092,4
2093,0
2094,1
2095,2
2096,8
2097,5
2098,1
2099,6
2100,5
2101,1
2102,1
2103,0
2104,0
2105,3
2106,4
2107,2
2108,0
2109,0
2110,2
2111,0
2112,5
2113,1
2114,0
2115,0
2116,0
2117,0
2118,0
2119,0
2120,1
2121,6
2122,0
2123,1
2124,2
2125,5
2126,0
2127,0
2128,0
2129,3
2130,0
2131,6
2132,2
2133,2
2134,1
2135,0
2136,3
2137,3
2138,4
2139,7
2140,12
2141,6
2142,0
2143,6
2144,3
2145,0
2146,7
2147,0
2148,0
2149,1
2150,0
2151,8
2152,0
2153,3
2154,2
2155,0
2156,2
2157,4
2158,0
2159,6
2160,0
2161,0
2162,0
2163,1
2164,3
2165,1
2166,6
2167,0
2168,3
2169,2
2170,0
2171,0
2172,4
2173,2
2174,1
2175,7
2176,0
2177,0
2178,2
2179,0
2180,1
2181,0
2182,0
2183,2
2184,3
2185,3
2186,1
2187,4
2188,6
2189,0
2190,2
2191,3
2192,0
2193,0
2194,0
2195,0
2196,1
2197,0
2198,1
2199,0
2200,6
2201,3
2202,0
2203,1
2204,2
2205,2
2206,1
2207,0
2208,0
2209,0
2210,4
2211,0
2212,5
2213,0
2214,2
2215,1
2216,1
2217,0
2218,0
2219,1
2220,0
2221,1
2222,0
2223,1
2224,8
2225,0
2226,1
2227,0
2228,4
2229,2
2230,4
2231,1
2232,0
2233,2
2234,3
2235,4
2236,1
2237,0
2238,3
2239,0
2240,0
2241,4
2242,2
2243,0
2244,1
2245,2
2246,1
2247,0
2248,3
2249,1
2250,1
2251,2
2252,0
2253,0
2254,1
2255,2
2256,7
2257,1
2258,0
2259,0
2260,0
2261,0
2262,2
2263,3
2264,4
2265,4
2266,1
2267,4
2268,0
2269,12
2270,1
2271,1
2272,0
2273,0
2274,0
2275,2
2276,0
2277,3
2278,0
2279,4
2280,7
2281,5
2282,0
2283,1
2284,0
2285,0
2286,8
2287,2
2288,3
2289,7
2290,2
2291,2
2292,6
2293,3
2294,4
2295,3
2296,0
2297,0
2298,1
2299,5
2300,0
2301,0
2302,6
2303,5
2304,3
2305,6
2306,7
2307,0
2308,0
2309,2
2310,0
2311,2
2312,0
2313,2
2314,5
2315,1
2316,1
2317,3
2318,2
2319,8
2320,1
2321,0
2322,0
2323,1
2324,0
2325,4
2326,0
2327,4
2328,0
2329,2
2330,0
2331,0
2332,0
2333,0
2334,0
2335,2
2336,0
2337,0
2338,2
2339,1
2340,1
2341,1
2342,0
2343,2
2344,0
2345,5
2346,2
2347,3
2348,0
2349,8
2350,0
2351,1
2352,3
2353,1
2354,3
2355,3
2356,0
2357,4
2358,4
2359,0
2360,0
2361,3
2362,2
2363,0
2364,9
2365,2
2366,0
2367,0
2368,6
2369,12
2370,0
2371,0
2372,8
2373,1
2374,5
2375,1
2376,4
2377,0
2378,7
2379,5
2380,0
2381,2
2382,11
2383,0
2384,1
2385,3
2386,3
2387,1
2388,0
2389,1
2390,2
2391,0
2392,0
2393,4
2394,0
2395,5
2396,0
2397,2
2398,2
2399,2
2400,1
2401,0
2402,3
2403,0
2404,4
2405,1
2406,0
2407,0
2408,4
2409,0
2410,4
2411,0
2412,4
2413,5
2414,0
2415,6
2416,0
2417,1
2418,0
2419,2
2420,1
2421,0
2422,0
2423,1
2424,5
2425,0
2426,2
2427,2
2428,4
2429,1
2430,4
2431,5
2432,1
2433,0
2434,10
2435,6
2436,3
2437,8
2438,0
2439,0
2440,2
2441,0
2442,3
2443,1
2444,0
2445,1
2446,0
2447,0
2448,2
2449,6
2450,5
2451,3
2452,3
2453,1
2454,2
2455,1
2456,2
2457,1
2458,4
2459,4
2460,3
2461,5
2462,2
2463,1
2464,9
2465,1
2466,2
2467,1
2468,0
2469,0
2470,1
2471,2
2472,1
2473,4
2474,2
2475,0
2476,2
2477,2
2478,1
2479,0
2480,1
2481,0
2482,5
2483,7
2484,4
2485,1
2486,5
2487,4
2488,1
2489,3
2490,3
2491,1
2492,1
2493,2
2494,4
2495,2
2496,4
2497,0
2498,0
2499,6
2500,6
2501,4
2502,3
2503,2
2504,1
2505,0
2506,0
2507,4
2508,1
2509,3
2510,2
2511,0
2512,2
2513,0
2514,3
2515,8
2516,0
2517,4
2518,1
2519,0
2520,1
2521,3
2522,0
2523,1
2524,0
2525,0
2526,0
2527,0
2528,0
2529,2
2530,0
2531,0
2532,7
2533,1
2534,5
2535,6
2536,9
2537,0
2538,2
2539,0
2540,3
2541,0
2542,0
2543,2
2544,0
2545,0
2546,0
2547,1
2548,0
2549,0
2550,4
2551,1
2552,0
2553,1
2554,1
2555,0
2556,0
2557,0
2558,8
2559,1
2560,2
2561,0
2562,0
2563,0
2564,3
2565,0
2566,1
2567,0
2568,0
2569,2
2570,1
2571,2
2572,2
2573,5
2574,2
2575,2
2576,2
2577,5
2578,0
2579,2
2580,2
2581,2
2582,8
2583,2
2584,1
2585,0
2586,3
2587,0
2588,6
2589,3
2590,3
2591,3
2592,7
2593,4
2594,4
2595,0
2596,0
2597,0
2598,5
2599,0
2600,0
2601,3
2602,1
2603,1
2604,0
2605,5
2606,4
2607,2
2608,4
2609,0
2610,0
2611,0
2612,3
2613,1
2614,0
2615,6
2616,1
2617,2
2618,7
2619,2
2620,3
2621,0
2622,1
2623,2
2624,0
2625,0
2626,1
2627,0
2628,0
2629,3
2630,0
2631,0
2632,0
2633,0
2634,0
2635,0
2636,1
2637,0
2638,1
2639,1
2640,3
2641,1
2642,3
2643,2
2644,2
2645,0
2646,1
2647,1
2648,1
2649,4
2650,0
2651,9
2652,0
2653,1
2654,4
2655,1
2656,3
2657,0
2658,1
2659,4
2660,5
2661,3
2662,5
2663,0
2664,0
2665,7
2666,0
2667,0
2668,3
2669,0
2670,1
2671,1
2672,0
2673,4
2674,1
2675,2
2676,0
2677,0
2678,0
2679,11
2680,0
2681,2
2682,4
2683,0
2684,9
2685,0
2686,3
2687,0
2688,0
2689,0
2690,2
2691,0
2692,1
2693,0
2694,3
2695,0
2696,1
2697,0
2698,1
2699,5
2700,1
2701,1
2702,2
2703,1
2704,0
2705,1
2706,6
2707,0
2708,5
2709,0
2710,1
2711,0
2712,2
2713,0
2714,2
2715,8
2716,3
2717,0
2718,1
2719,0
2720,2
2721,4
2722,0
2723,0
2724,0
2725,1
2726,3
2727,0
2728,0
2729,8
2730,4
2731,0
2732,0
2733,1
2734,1
2735,0
2736,0
2737,0
2738,1
2739,0
2740,0
2741,4
2742,10
2743,9
2744,0
2745,5
2746,4
2747,0
2748,8
2749,0
2750,1
2751,0
2752,1
2753,0
2754,2
2755,4
2756,0
2757,2
2758,0
2759,0
2760,2
2761,4
2762,0
2763,6
2764,0
2765,1
2766,2
2767,1
2768,0
2769,1
2770,0
2771,1
2772,2
2773,0
2774,2
2775,1
2776,9
2777,5
2778,2
2779,0
2780,4
2781,0
2782,0
2783,0
2784,5
2785,1
2786,1
2787,0
2788,0
2789,1
2790,2
2791,0
2792,4
2793,1
2794,5
2795,0
2796,3
2797,3
2798,7
2799,0
2800,0
2801,2
2802,0
2803,0
2804,2
2805,2
2806,5
2807,1
2808,0
2809,1
2810,3
2811,1
2812,8
2813,4
2814,0
2815,0
2816,2
2817,4
2818,8
2819,2
2820,1
2821,0
2822,1
2823,2
2824,3
2825,1
2826,0
2827,4
2828,0
2829,1
2830,0
2831,9
2832,0
2833,0
2834,8
2835,4
2836,4
2837,0
2838,0
2839,3
2840,0
2841,4
2842,0
2843,0
2844,1
2845,1
2846,2
2847,2
2848,3
2849,0
2850,2
2851,2
2852,1
2853,0
2854,4
2855,1
2856,0
2857,0
2858,0
2859,7
2860,0
2861,0
2862,1
2863,0
2864,2
2865,0
2866,3
2867,1
2868,0
2869,0
2870,1
2871,7
2872,0
2873,1
2874,0
2875,0
2876,2
2877,1
2878,7
2879,1
2880,0
2881,1
2882,0
2883,0
2884,0
2885,8
2886,0
2887,0
2888,1
2889,0
2890,2
2891,0
2892,3
2893,5
2894,6
2895,1
2896,1
2897,5
2898,0
2899,4
2900,7
2901,1
2902,7
2903,1
2904,0
2905,0
2906,1
2907,0
2908,3
2909,1
2910,1
2911,3
2912,5
2913,5
2914,1
2915,4
2916,8
2917,0
2918,5
2919,2
2920,1
2921,0
2922,2
2923,2
2924,3
2925,1
2926,0
2927,1
2928,0
2929,1
2930,2
2931,1
2932,2
2933,0
2934,2
2935,0
2936,1
2937,7
2938,2
2939,2
2940,3
2941,0
2942,0
2943,0
2944,0
2945,0
2946,0
2947,0
2948,3
2949,1
2950,2
2951,1
2952,3
2953,2
2954,4
2955,1
2956,0
2957,0
2958,4
2959,5
2960,0
2961,7
2962,4
2963,2
2964,2
2965,1
2966,9
2967,0
2968,0
2969,0
2970,6
2971,1
2972,0
2973,1
2974,0
2975,1
2976,2
2977,1
2978,4
2979,0
2980,3
2981,3
2982,0
2983,2
2984,1
2985,5
2986,1
2987,2
2988,7
2989,0
2990,8
2991,1
2992,2
2993,0
2994,0
2995,1
2996,0
2997,1
2998,0
2999,1
3000,6
3001,4
3002,1
3003,1
3004,1
3005,0
3006,1
3007,0
3008,2
3009,0
3010,2
3011,0
3012,1
3013,1
3014,1
3015,0
3016,4
3017,0
3018,0
3019,0
3020,4
3021,5
3022,10
3023,1
3024,1
3025,3
3026,0
3027,4
3028,4
3029,8
3030,1
3031,0
3032,4
3033,0
3034,0
3035,0
3036,3
3037,7
3038,2
3039,3
3040,1
3041,3
3042,0
3043,1
3044,0
3045,3
3046,1
3047,1
3048,3
3049,5
3050,1
3051,1
3052,4
3053,1
3054,3
3055,4
3056,2
3057,1
3058,0
3059,3
3060,2
3061,1
3062,5
3063,3
3064,1
3065,2
3066,1
3067,0
3068,6
3069,0
3070,0
3071,0
3072,0
3073,1
3074,4
3075,0
3076,0
3077,1
3078,0
3079,0
3080,0
3081,9
3082,1
3083,2
3084,5
3085,1
3086,5
3087,0
3088,3
3089,0
3090,2
3091,5
3092,0
3093,2
3094,5
3095,0
3096,0
3097,6
3098,0
3099,4
3100,3
3101,0
3102,3
3103,0
3104,0
3105,3
3106,2
3107,1
3108,0
3109,0
3110,0
3111,1
3112,2
3113,0
3114,0
3115,2
3116,0
3117,0
3118,4
3119,0
3120,1
3121,4
3122,0
3123,1
3124,2
3125,2
3126,11
3127,4
3128,3
3129,1
3130,4
3131,7
3132,0
3133,0
3134,0
3135,3
3136,9
3137,5
3138,1
3139,0
3140,1
3141,0
3142,1
3143,5
3144,0
3145,2
3146,4
3147,0
3148,1
3149,3
3150,2
3151,5
3152,3
3153,1
3154,0
3155,2
3156,1
3157,1
3158,4
3159,0
3160,1
3161,1
3162,0
3163,0
3164,3
3165,1
3166,0
3167,0
3168,0
3169,5
3170,4
3171,2
3172,2
3173,0
3174,0
3175,3
3176,4
3177,1
3178,0
3179,4
3180,0
3181,2
3182,1
3183,0
3184,4
3185,5
3186,7
3187,4
3188,0
3189,1
3190,2
3191,0
3192,2
3193,0
3194,1
3195,0
3196,0
3197,2
3198,0
3199,4
3200,0
3201,0
3202,7
3203,4
3204,0
3205,0
3206,3
3207,0
3208,2
3209,0
3210,0
3211,4
3212,4
3213,0
3214,1
3215,4
3216,3
3217,1
3218,0
3219,2
3220,2
3221,0
3222,1
3223,0
3224,1
3225,1
3226,0
3227,1
3228,0
3229,4
3230,5
3231,0
3232,1
3233,1
3234,0
3235,2
3236,3
3237,0
3238,3
3239,3
3240,6
3241,5
3242,1
3243,0
3244,1
3245,3
3246,0
3247,3
3248,2
3249,0
3250,0
3251,2
3252,0
3253,1
3254,0
3255,0
3256,4
3257,0
3258,1
3259,1
3260,2
3261,2
3262,1
3263,0
3264,0
3265,5
3266,8
3267,1
3268,0
3269,0
3270,0
3271,0
3272,1
3273,7
3274,1
3275,0
3276,1
3277,1
3278,2
3279,0
3280,7
3281,1
3282,1
3283,0
3284,1
3285,2
3286,7
3287,1
3288,5
3289,0
3290,1
3291,2
3292,0
3293,8
3294,0
3295,0
3296,0
3297,1
3298,0
3299,0
3300,1
3301,0
3302,0
3303,0
3304,2
3305,1
3306,0
3307,2
3308,1
3309,0
3310,2
3311,1
3312,0
3313,0
3314,1
3315,5
3316,0
3317,0
3318,1
3319,5
3320,3
3321,2
3322,3
3323,1
3324,4
3325,1
3326,1
3327,0
3328,0
3329,1
3330,0
3331,0
3332,2
3333,1
3334,2
3335,1
3336,2
3337,0
3338,2
3339,2
3340,0
3341,0
3342,4
3343,1
3344,2
3345,1
3346,6
3347,2
3348,0
3349,0
3350,0
3351,3
3352,0
3353,1
3354,0
3355,0
3356,3
3357,3
3358,0
3359,2
3360,2
3361,0
3362,0
3363,1
3364,1
3365,3
3366,2
3367,0
3368,2
3369,0
3370,1
3371,4
3372,3
3373,0
3374,0
3375,1
3376,0
3377,0
3378,1
3379,0
3380,0
3381,0
3382,0
3383,3
3384,4
3385,1
3386,0
3387,4
3388,5
3389,0
3390,2
3391,2
3392,2
3393,4
3394,1
3395,0
3396,5
3397,1
3398,0
3399,0
3400,1
3401,0
3402,0
3403,0
3404,0
3405,7
3406,1
3407,1
3408,1
3409,3
3410,1
3411,0
3412,7
3413,0
3414,1
3415,2
3416,0
3417,3
3418,2
3419,0
3420,1
3421,1
3422,0
3423,2
3424,1
3425,0
3426,0
3427,5
3428,4
3429,5
3430,1
3431,1
3432,0
3433,2
3434,2
3435,2
3436,3
3437,0
3438,1
3439,0
3440,4
3441,2
3442,6
3443,0
3444,0
3445,0
3446,1
3447,0
3448,3
3449,0
3450,1
3451,6
3452,4
3453,0
3454,1
3455,1
3456,1
3457,5
3458,1
3459,0
3460,0
3461,1
3462,0
3463,2
3464,2
3465,2
3466,5
3467,1
3468,4
3469,1
3470,3
3471,0
3472,6
3473,6
3474,1
3475,5
3476,3
3477,0
3478,9
3479,2
3480,1
3481,0
3482,1
3483,4
3484,6
3485,3
3486,2
3487,0
3488,1
3489,1
3490,5
3491,0
3492,2
3493,0
3494,2
3495,0
3496,1
3497,3
3498,2
3499,0
3500,0
3501,1
3502,1
3503,0
3504,0
3505,3
3506,3
3507,0
3508,3
3509,0
3510,2
3511,3
3512,3
3513,1
3514,7
3515,2
3516,3
3517,4
3518,2
3519,1
3520,2
3521,3
3522,0
3523,1
3524,0
3525,0
3526,2
3527,5
3528,5
3529,0
3530,0
3531,0
3532,1
3533,2
3534,2
3535,2
3536,0
3537,1
3538,3
3539,2
3540,1
3541,6
3542,7
3543,0
3544,0
3545,0
3546,1
3547,4
3548,1
3549,0
3550,2
3551,2
3552,2
3553,0
3554,1
3555,2
3556,7
3557,1
3558,0
3559,2
3560,2
3561,5
3562,0
3563,0
3564,0
3565,0
3566,1
3567,9
3568,3
3569,1
3570,1
3571,0
3572,0
3573,0
3574,0
3575,0
3576,1
3577,2
3578,2
3579,0
3580,2
3581,2
3582,4
3583,0
3584,0
3585,1
3586,4
3587,6
3588,1
3589,1
3590,4
3591,0
3592,0
3593,0
3594,2
3595,0
3596,3
3597,0
3598,7
3599,0
3600,0
3601,3
3602,1
3603,0
3604,0
3605,0
3606,2
3607,2
3608,5
3609,1
3610,1
3611,1
3612,2
3613,1
3614,4
3615,3
3616,3
3617,0
3618,4
3619,2
3620,0
3621,0
3622,1
3623,2
3624,0
3625,1
3626,0
3627,0
3628,2
3629,1
3630,4
3631,1
3632,4
3633,2
3634,1
3635,1
3636,0
3637,0
3638,0
3639,2
3640,2
3641,3
3642,1
3643,2
3644,0
3645,0
3646,0
3647,1
3648,1
3649,4
3650,6
3651,3
3652,0
3653,1
3654,3
3655,3
3656,1
3657,2
3658,0
3659,1
3660,2
3661,1
3662,3
3663,1
3664,1
3665,1
3666,0
3667,0
3668,2
3669,2
3670,1
3671,0
3672,6
3673,3
3674,2
3675,4
3676,0
3677,3
3678,4
3679,2
3680,0
3681,1
3682,8
3683,6
3684,3
3685,1
3686,1
3687,2
3688,0
3689,2
3690,1
3691,0
3692,0
3693,2
3694,0
3695,0
3696,0
3697,2
3698,6
3699,10
3700,2
3701,2
3702,1
3703,0
3704,0
3705,4
3706,1
3707,3
3708,6
3709,0
3710,0
3711,2
3712,1
3713,2
3714,3
3715,0
3716,7
3717,2
3718,2
3719,5
3720,0
3721,0
3722,1
3723,8
3724,0
3725,0
3726,0
3727,0
3728,4
3729,0
3730,1
3731,0
3732,8
3733,5
3734,0
3735,1
3736,0
3737,0
3738,1
3739,3
3740,0
3741,2
3742,0
3743,1
3744,0
3745,10
3746,2
3747,5
3748,1
3749,2
3750,0
3751,1
3752,4
3753,4
3754,1
3755,0
3756,0
3757,1
3758,1
3759,3
3760,1
3761,0
3762,1
3763,0
3764,3
3765,4
3766,0
3767,2
3768,0
3769,1
3770,0
3771,0
3772,0
3773,6
3774,0
3775,0
3776,2
3777,0
3778,0
3779,0
3780,0
3781,0
3782,0
3783,0
3784,1
3785,0
3786,3
3787,1
3788,1
3789,1
3790,0
3791,0
3792,2
3793,1
3794,0
3795,0
3796,0
3797,0
3798,0
3799,1
3800,1
3801,0
3802,3
3803,1
3804,3
3805,0
3806,1
3807,0
3808,1
3809,3
3810,0
3811,3
3812,0
3813,2
3814,0
3815,1
3816,1
3817,0
3818,1
3819,0
3820,1
3821,2
3822,0
3823,0
3824,3
3825,0
3826,0
3827,1
3828,1
3829,0
3830,6
3831,1
3832,0
3833,0
3834,0
3835,2
3836,3
3837,1
3838,0
3839,0
3840,2
3841,0
3842,0
3843,1
3844,1
3845,0
3846,0
3847,3
3848,1
3849,3
3850,5
3851,0
3852,0
3853,0
3854,0
3855,2
3856,0
3857,2
3858,1
3859,2
3860,0
3861,0
3862,0
3863,1
3864,4
3865,1
3866,4
3867,1
3868,4
3869,4
3870,0
3871,0
3872,1
3873,2
3874,0
3875,0
3876,2
3877,1
3878,4
3879,2
3880,0
3881,4
3882,0
3883,6
3884,4
3885,1
3886,3
3887,2
3888,4
3889,0
3890,2
3891,0
3892,0
3893,1
3894,7
3895,0
3896,1
3897,0
3898,0
3899,0
3900,0
3901,0
3902,1
3903,2
3904,1
3905,1
3906,1
3907,5
3908,1
3909,3
3910,0
3911,1
3912,0
3913,0
3914,4
3915,0
3916,2
3917,7
3918,4
3919,1
3920,0
3921,1
3922,2
3923,1
3924,6
3925,0
3926,0
3927,2
3928,3
3929,2
3930,1
3931,3
3932,2
3933,0
3934,3
3935,1
3936,0
3937,3
3938,0
3939,0
3940,3
3941,2
3942,0
3943,0
3944,0
3945,3
3946,3
3947,1
3948,3
3949,4
3950,0
3951,2
3952,1
3953,0
3954,2
3955,0
3956,0
3957,3
3958,1
3959,3
3960,5
3961,3
3962,0
3963,0
3964,1
3965,0
3966,3
3967,0
3968,0
3969,1
3970,0
3971,1
3972,4
3973,2
3974,1
3975,1
3976,1
3977,3
3978,3
3979,0
3980,1
3981,0
3982,2
3983,0
3984,0
3985,3
3986,0
3987,1
3988,3
3989,2
3990,3
3991,7
3992,0
3993,4
3994,4
3995,0
3996,0
3997,6
3998,4
3999,0
4000,2
4001,2
4002,0
4003,3
4004,0
4005,3
4006,5
4007,3
4008,0
4009,0
4010,2
4011,4
4012,0
4013,4
4014,0
4015,0
4016,1
4017,3
4018,0
4019,3
4020,5
4021,2
4022,7
4023,4
4024,12
4025,2
4026,2
4027,4
4028,0
4029,0
4030,3
4031,0
4032,2
4033,1
4034,0
4035,2
4036,3
4037,1
4038,0
4039,5
4040,2
4041,0
4042,1
4043,5
4044,1
4045,3
4046,0
4047,2
4048,1
4049,2
4050,0
4051,0
4052,0
4053,2
4054,0
4055,0
4056,0
4057,1
4058,1
4059,0
4060,5
4061,2
4062,1
4063,3
4064,1
4065,0
4066,1
4067,2
4068,0
4069,2
4070,3
4071,2
4072,0
4073,1
4074,3
4075,3
4076,1
4077,1
4078,1
4079,0
4080,0
4081,0
4082,3
4083,5
4084,1
4085,3
4086,0
4087,1
4088,1
4089,0
4090,6
4091,3
4092,0
4093,1
4094,1
4095,2
4096,2
4097,0
4098,2
4099,0
4100,4
4101,1
4102,0
4103,0
4104,0
4105,0
4106,2
4107,0
4108,4
4109,0
4110,0
4111,4
4112,0
4113,1
4114,0
4115,4
4116,2
4117,2
4118,1
4119,3
4120,2
4121,0
4122,1
4123,2
4124,0
4125,2
4126,4
4127,0
4128,1
4129,2
4130,0
4131,4
4132,2
4133,3
4134,1
4135,4
4136,0
4137,0
4138,4
4139,0
4140,1
4141,3
4142,0
4143,7
4144,0
4145,1
4146,3
4147,2
4148,2
4149,1
4150,0
4151,1
4152,1
4153,1
4154,1
4155,1
4156,0
4157,0
4158,0
4159,0
4160,0
4161,7
4162,0
4163,2
4164,0
4165,0
4166,2
4167,3
4168,2
4169,0
4170,1
4171,1
4172,1
4173,3
4174,1
4175,1
4176,0
4177,0
4178,0
4179,3
4180,0
4181,5
4182,1
4183,0
4184,3
4185,0
4186,0
4187,4
4188,0
4189,1
4190,3
4191,0
4192,7
4193,0
4194,0
4195,11
4196,3
4197,1
4198,0
4199,2
4200,6
4201,0
4202,0
4203,6
4204,0
4205,0
4206,0
4207,1
4208,2
4209,0
4210,2
4211,4
4212,0
4213,0
4214,1
4215,3
4216,0
4217,1
4218,5
4219,3
4220,0
4221,1
4222,0
4223,2
4224,2
4225,1
4226,1
4227,0
4228,2
4229,1
4230,0
4231,2
4232,3
4233,0
4234,1
4235,6
4236,0
4237,1
4238,4
4239,0
4240,1
4241,2
4242,0
4243,0
4244,0
4245,0
4246,1
4247,0
4248,5
4249,2
4250,1
4251,4
4252,0
4253,1
4254,1
4255,3
4256,1
4257,1
4258,1
4259,8
4260,2
4261,0
4262,1
4263,0
4264,0
4265,1
4266,0
4267,0
4268,4
4269,0
4270,3
4271,1
4272,2
4273,0
4274,2
4275,2
4276,1
4277,1
4278,0
4279,0
4280,3
4281,1
4282,5
4283,0
4284,0
4285,2
4286,3
4287,2
4288,2
4289,1
4290,0
4291,5
4292,1
4293,0
4294,2
4295,1
4296,2
4297,5
4298,1
4299,0
4300,1
4301,0
4302,0
4303,0
4304,0
4305,0
4306,2
4307,2
4308,0
4309,1
4310,9
4311,3
4312,0
4313,1
4314,2
4315,4
4316,2
4317,1
4318,5
4319,0
4320,5
4321,1
4322,2
4323,1
4324,2
4325,2
4326,3
4327,2
4328,0
4329,5
4330,2
4331,0
4332,2
4333,0
4334,0
4335,2
4336,6
4337,1
4338,0
4339,0
4340,0
4341,0
4342,0
4343,0
4344,2
4345,0
4346,0
4347,3
4348,1
4349,0
4350,1
4351,1
4352,1
4353,3
4354,3
4355,2
4356,0
4357,2
4358,0
4359,1
4360,2
4361,1
4362,3
4363,5
4364,0
4365,2
4366,0
4367,3
4368,1
4369,3
4370,1
4371,1
4372,6
4373,0
4374,1
4375,1
4376,6
4377,0
4378,0
4379,4
4380,2
4381,0
4382,3
4383,0
4384,1
4385,5
4386,1
4387,0
4388,1
4389,1
4390,0
4391,1
4392,2
4393,0
4394,3
4395,0
4396,1
4397,1
4398,4
4399,2
4400,2
4401,1
4402,1
4403,0
4404,1
4405,1
4406,2
4407,0
4408,1
4409,2
4410,2
4411,0
4412,3
4413,0
4414,3
4415,3
4416,0
4417,0
4418,1
4419,1
4420,3
4421,1
4422,0
4423,0
4424,3
4425,1
4426,0
4427,1
4428,1
4429,2
4430,5
4431,0
4432,0
4433,6
4434,1
4435,2
4436,0
4437,2
4438,1
4439,0
4440,2
4441,2
4442,4
4443,0
4444,1
4445,0
4446,0
4447,1
4448,5
4449,0
4450,0
4451,4
4452,2
4453,0
4454,0
4455,2
4456,4
4457,5
4458,0
4459,2
4460,1
4461,0
4462,0
4463,2
4464,1
4465,8
4466,1
4467,3
4468,3
4469,3
4470,1
4471,5
4472,0
4473,1
4474,2
4475,0
4476,5
4477,2
4478,3
4479,0
4480,1
4481,1
4482,2
4483,0
4484,0
4485,1
4486,3
4487,5
4488,2
4489,1
4490,2
4491,1
4492,0
4493,1
4494,0
4495,1
4496,1
4497,0
4498,2
4499,4
4500,0
4501,1
4502,1
4503,2
4504,1
4505,1
4506,0
4507,4
4508,0
4509,1
4510,1
4511,1
4512,0
4513,1
4514,1
4515,1
4516,0
4517,4
4518,0
4519,3
4520,0
4521,5
4522,0
4523,5
4524,1
4525,2
4526,0
4527,1
4528,0
4529,3
4530,0
4531,1
4532,4
4533,1
4534,0
4535,0
4536,0
4537,0
4538,0
4539,0
4540,0
4541,2
4542,3
4543,1
4544,0
4545,2
4546,3
4547,1
4548,1
4549,3
4550,2
4551,5
4552,1
4553,2
4554,0
4555,0
4556,1
4557,0
4558,0
4559,1
4560,1
4561,2
4562,0
4563,0
4564,10
4565,0
4566,0
4567,4
4568,2
4569,3
4570,4
4571,0
4572,3
4573,3
4574,4
4575,1
4576,1
4577,1
4578,0
4579,1
4580,1
4581,2
4582,0
4583,2
4584,1
4585,2
4586,2
4587,0
4588,7
4589,0
4590,1
4591,2
4592,1
4593,0
4594,1
4595,3
4596,1
4597,2
4598,3
4599,4
4600,0
4601,0
4602,0
4603,2
4604,1
4605,0
4606,0
4607,0
4608,1
4609,0
4610,2
4611,0
4612,4
4613,2
4614,2
4615,1
4616,1
4617,6
4618,8
4619,5
4620,1
4621,0
4622,2
4623,1
4624,0
4625,2
4626,0
4627,0
4628,1
4629,0
4630,1
4631,2
4632,0
4633,1
4634,0
4635,4
4636,7
4637,1
4638,0
4639,1
4640,0
4641,3
4642,2
4643,0
4644,4
4645,1
4646,2
4647,0
4648,1
4649,2
4650,0
4651,0
4652,0
4653,0
4654,2
4655,2
4656,3
4657,0
4658,0
4659,0
4660,0
4661,3
4662,1
4663,0
4664,1
4665,1
4666,1
4667,0
4668,3
4669,0
4670,0
4671,0
4672,4
4673,0
4674,0
4675,2
4676,0
4677,0
4678,5
4679,0
4680,1
4681,0
4682,3
4683,1
4684,1
4685,1
4686,1
4687,0
4688,5
4689,3
4690,0
4691,0
4692,0
4693,1
4694,0
4695,1
4696,0
4697,1
4698,2
4699,0
4700,5
4701,0
4702,0
4703,4
4704,1
4705,3
4706,0
4707,0
4708,0
4709,1
4710,4
4711,1
4712,0
4713,5
4714,1
4715,1
4716,2
4717,0
4718,0
4719,2
4720,2
4721,5
4722,6
4723,3
4724,1
4725,0
4726,0
4727,1
4728,1
4729,5
4730,4
4731,0
4732,1
4733,0
4734,0
4735,2
4736,0
4737,3
4738,2
4739,0
4740,0
4741,0
4742,6
4743,1
4744,0
4745,0
4746,0
4747,3
4748,1
4749,2
4750,0
4751,6
4752,4
4753,2
4754,3
4755,0
4756,0
4757,0
4758,0
4759,1
4760,1
4761,1
4762,0
4763,1
4764,0
4765,0
4766,0
4767,6
4768,1
4769,0
4770,3
4771,0
4772,1
4773,5
4774,0
4775,1
4776,0
4777,0
4778,1
4779,2
4780,0
4781,3
4782,2
4783,0
4784,3
4785,1
4786,0
4787,2
4788,1
4789,0
4790,2
4791,1
4792,3
4793,2
4794,4
4795,0
4796,0
4797,0
4798,6
4799,0
4800,5
4801,0
4802,1
4803,0
4804,1
4805,2
4806,3
4807,3
4808,0
4809,0
4810,4
4811,0
4812,4
4813,0
4814,6
4815,1
4816,2
4817,0
4818,0
4819,2
4820,0
4821,1
4822,0
4823,2
4824,2
4825,1
4826,0
4827,0
4828,1
4829,2
4830,0
4831,0
4832,0
4833,2
4834,3
4835,0
4836,0
4837,0
4838,1
4839,2
4840,1
4841,1
4842,0
4843,7
4844,1
4845,0
4846,1
4847,1
4848,4
4849,5
4850,1
4851,1
4852,1
4853,1
4854,0
4855,2
4856,1
4857,1
4858,1
4859,1
4860,2
4861,5
4862,6
4863,2
4864,0
4865,4
4866,0
4867,2
4868,2
4869,3
4870,1
4871,0
4872,0
4873,2
4874,0
4875,2
4876,2
4877,0
4878,1
4879,1
4880,3
4881,2
4882,0
4883,0
4884,2
4885,0
4886,2
4887,0
4888,0
4889,5
4890,1
4891,0
4892,4
4893,0
4894,0
4895,3
4896,4
4897,1
4898,0
4899,2
4900,0
4901,0
4902,2
4903,0
4904,0
4905,4
4906,0
4907,2
4908,0
4909,0
4910,4
4911,5
4912,3
4913,1
4914,0
4915,0
4916,0
4917,4
4918,1
4919,1
4920,0
4921,0
4922,0
4923,0
4924,4
4925,0
4926,1
4927,1
4928,0
4929,3
4930,0
4931,0
4932,1
4933,3
4934,1
4935,2
4936,0
4937,2
4938,4
4939,1
4940,2
4941,0
4942,0
4943,0
4944,1
4945,4
4946,2
4947,2
4948,1
4949,5
4950,2
4951,3
4952,2
4953,0
4954,2
4955,0
4956,0
4957,0
4958,1
4959,0
4960,5
4961,2
4962,4
4963,0
4964,0
4965,0
4966,1
4967,0
4968,0
4969,1
4970,2
4971,0
4972,0
4973,1
4974,4
4975,2
4976,2
4977,1
4978,0
4979,1
4980,5
4981,2
4982,1
4983,3
4984,9
4985,3
4986,2
4987,1
4988,2
4989,2
4990,2
4991,0
4992,0
4993,2
4994,3
4995,0
4996,0
4997,0
4998,2
4999,2
5000,1
5001,1
5002,0
5003,0
5004,0
5005,1
5006,0
5007,3
5008,1
5009,4
5010,0
5011,0
5012,1
5013,0
5014,6
5015,1
5016,3
5017,10
5018,2
5019,0
5020,1
5021,0
5022,2
5023,2
5024,0
5025,1
5026,0
5027,0
5028,3
5029,2
5030,1
5031,3
5032,3
5033,2
5034,0
5035,4
5036,0
5037,0
5038,0
5039,1
5040,1
5041,0
5042,6
5043,1
5044,3
5045,2
5046,0
5047,0
5048,4
5049,4
5050,5
5051,1
5052,1
5053,0
5054,0
5055,0
5056,0
5057,1
5058,2
5059,1
5060,2
5061,0
5062,5
5063,2
5064,4
5065,3
5066,3
5067,3
5068,3
5069,2
5070,0
5071,0
5072,0
5073,2
5074,5
5075,2
5076,3
5077,5
5078,0
5079,3
5080,6
5081,0
5082,1
5083,2
5084,1
5085,0
5086,1
5087,1
5088,0
5089,1
5090,0
5091,0
5092,1
5093,0
5094,3
5095,0
5096,1
5097,0
5098,2
5099,2
5100,2
5101,0
5102,0
5103,1
5104,1
5105,0
5106,0
5107,1
5108,0
5109,2
5110,0
5111,3
5112,1
5113,2
5114,0
5115,2
5116,1
5117,4
5118,1
5119,4
5120,1
5121,3
5122,3
5123,0
5124,0
5125,1
5126,2
5127,1
5128,2
5129,0
5130,2
5131,0
5132,1
5133,4
5134,0
5135,1
5136,3
5137,0
5138,0
5139,0
5140,0
5141,0
5142,2
5143,0
5144,0
5145,0
5146,0
5147,1
5148,3
5149,1
5150,1
5151,3
5152,1
5153,1
5154,0
5155,3
5156,0
5157,0
5158,4
5159,0
5160,4
5161,3
5162,1
5163,3
5164,2
5165,1
5166,2
5167,2
5168,0
5169,0
5170,2
5171,5
5172,1
5173,2
5174,2
5175,1
5176,0
5177,0
5178,0
5179,2
5180,0
5181,1
5182,2
5183,2
5184,0
5185,3
5186,2
5187,1
5188,2
5189,0
5190,2
5191,4
5192,2
5193,4
5194,1
5195,3
5196,0
5197,1
5198,0
5199,1
5200,4
5201,0
5202,2
5203,1
5204,3
5205,2
5206,1
5207,1
5208,2
5209,0
5210,5
5211,1
5212,3
5213,1
5214,0
5215,0
5216,3
5217,1
5218,3
5219,1
5220,0
5221,0
5222,1
5223,2
5224,2
5225,0
5226,4
5227,2
5228,2
5229,0
5230,2
5231,0
5232,2
5233,3
5234,0
5235,0
5236,0
5237,1
5238,1
5239,4
5240,2
5241,3
5242,8
5243,2
5244,4
5245,1
5246,1
5247,0
5248,0
5249,0
5250,1
5251,0
5252,0
5253,4
5254,3
5255,1
5256,0
5257,1
5258,1
5259,3
5260,0
5261,4
5262,3
5263,3
5264,4
5265,1
5266,1
5267,0
5268,5
5269,0
5270,3
5271,2
5272,2
5273,0
5274,0
5275,2
5276,3
5277,3
5278,4
5279,3
5280,0
5281,1
5282,4
5283,2
5284,4
5285,0
5286,2
5287,1
5288,1
5289,2
5290,1
5291,0
5292,0
5293,2
5294,0
5295,0
5296,0
5297,2
5298,1
5299,0
5300,2
5301,4
5302,1
5303,0
5304,0
5305,1
5306,0
5307,0
5308,0
5309,0
5310,1
5311,1
5312,1
5313,0
5314,8
5315,0
5316,4
5317,1
5318,0
5319,2
5320,0
5321,0
5322,0
5323,1
5324,4
5325,2
5326,0
5327,2
5328,1
5329,0
5330,5
5331,1
5332,3
5333,3
5334,0
5335,0
5336,4
5337,0
5338,2
5339,0
5340,2
5341,5
5342,2
5343,1
5344,1
5345,1
5346,1
5347,1
5348,2
5349,3
5350,0
5351,6
5352,0
5353,2
5354,1
5355,0
5356,1
5357,1
5358,0
5359,0
5360,1
5361,2
5362,1
5363,0
5364,5
5365,0
5366,3
5367,0
5368,3
5369,0
5370,2
5371,0
5372,1
5373,1
5374,0
5375,2
5376,2
5377,1
5378,1
5379,4
5380,2
5381,2
5382,0
5383,1
5384,1
5385,2
5386,3
5387,0
5388,0
5389,2
5390,1
5391,0
5392,2
5393,0
5394,1
5395,1
5396,0
5397,2
5398,0
5399,0
5400,0
5401,0
5402,2
5403,2
5404,2
5405,6
5406,2
5407,1
5408,1
5409,1
5410,0
5411,0
5412,0
5413,0
5414,3
5415,2
5416,1
5417,3
5418,3
5419,1
5420,2
5421,2
5422,3
5423,1
5424,2
5425,0
5426,2
5427,1
5428,5
5429,5
5430,2
5431,1
5432,2
5433,1
5434,2
5435,0
5436,1
5437,1
5438,0
5439,0
5440,4
5441,3
5442,6
5443,2
5444,0
5445,0
5446,0
5447,0
5448,2
5449,0
5450,1
5451,0
5452,1
5453,0
5454,1
5455,0
5456,1
5457,0
5458,0
5459,0
5460,2
5461,2
5462,1
5463,0
5464,2
5465,2
5466,4
5467,1
5468,3
5469,1
5470,2
5471,1
5472,1
5473,0
5474,1
5475,0
5476,0
5477,0
5478,2
5479,2
5480,4
5481,1
5482,0
5483,0
5484,2
5485,1
5486,2
5487,1
5488,0
5489,4
5490,0
5491,0
5492,2
5493,1
5494,0
5495,0
5496,5
5497,2
5498,5
5499,1
5500,2
5501,1
5502,0
5503,1
5504,0
5505,1
5506,0
5507,1
5508,1
5509,1
5510,1
5511,1
5512,0
5513,2
5514,2
5515,3
5516,0
5517,0
5518,1
5519,2
5520,4
5521,0
5522,0
5523,0
5524,0
5525,1
5526,0
5527,0
5528,0
5529,0
5530,0
5531,4
5532,2
5533,2
5534,1
5535,0
5536,1
5537,1
5538,1
5539,0
5540,1
5541,2
5542,5
5543,1
5544,2
5545,3
5546,0
5547,1
5548,0
5549,1
5550,0
5551,1
5552,0
5553,1
5554,2
5555,1
5556,0
5557,3
5558,2
5559,0
5560,1
5561,0
5562,5
5563,1
5564,2
5565,2
5566,2
5567,0
5568,1
5569,2
5570,6
5571,0
5572,0
5573,0
5574,3
5575,1
5576,1
5577,0
5578,0
5579,4
5580,0
5581,0
5582,2
5583,1
5584,0
5585,0
5586,1
5587,2
5588,0
5589,1
5590,0
5591,1
5592,0
5593,0
5594,0
5595,0
5596,2
5597,0
5598,2
5599,3
5600,0
5601,0
5602,7
5603,2
5604,1
5605,1
5606,1
5607,0
5608,0
5609,4
5610,0
5611,1
5612,3
5613,3
5614,0
5615,2
5616,0
5617,0
5618,1
5619,1
5620,8
5621,3
5622,1
5623,0
5624,1
5625,7
5626,1
5627,0
5628,1
5629,1
5630,4
5631,0
5632,5
5633,1
5634,3
5635,2
5636,2
5637,4
5638,0
5639,1
5640,0
5641,0
5642,1
5643,4
5644,0
5645,3
5646,1
5647,0
5648,2
5649,0
5650,0
5651,6
5652,1
5653,0
5654,1
5655,3
5656,2
5657,1
5658,1
5659,3
5660,6
5661,3
5662,0
5663,0
5664,4
5665,2
5666,0
5667,0
5668,0
5669,0
5670,1
5671,1
5672,0
5673,0
5674,1
5675,0
5676,5
5677,0
5678,4
5679,1
5680,1
5681,1
5682,5
5683,1
5684,1
5685,1
5686,0
5687,1
5688,1
5689,6
5690,1
5691,0
5692,1
5693,0
5694,0
5695,1
5696,0
5697,0
5698,2
5699,2
5700,0
5701,0
5702,1
5703,2
5704,1
5705,7
5706,2
5707,1
5708,1
5709,0
5710,3
5711,1
5712,1
5713,3
5714,0
5715,0
5716,2
5717,3
5718,0
5719,2
5720,1
5721,0
5722,0
5723,0
5724,0
5725,1
5726,2
5727,6
5728,1
5729,5
5730,2
5731,2
5732,0
5733,0
5734,0
5735,2
5736,2
5737,1
5738,0
5739,2
5740,4
5741,3
5742,2
5743,0
5744,0
5745,0
5746,0
5747,2
5748,0
5749,1
5750,1
5751,0
5752,1
5753,0
5754,0
5755,0
5756,5
5757,0
5758,2
5759,3
5760,0
5761,0
5762,0
5763,9
5764,4
5765,1
5766,2
5767,0
5768,2
5769,2
5770,3
5771,0
5772,0
5773,0
5774,0
5775,4
5776,0
5777,0
5778,0
5779,0
5780,3
5781,0
5782,4
5783,2
5784,1
5785,0
5786,0
5787,1
5788,1
5789,0
5790,1
5791,0
5792,4
5793,0
5794,1
5795,0
5796,1
5797,2
5798,0
5799,1
5800,0
5801,1
5802,1
5803,1
5804,0
5805,2
5806,0
5807,1
5808,2
5809,3
5810,0
5811,3
5812,3
5813,4
5814,3
5815,1
5816,0
5817,0
5818,2
5819,2
5820,0
5821,1
5822,2
5823,1
5824,2
5825,0
5826,2
5827,3
5828,0
5829,4
5830,5
5831,0
5832,1
5833,0
5834,1
5835,1
5836,3
5837,6
5838,1
5839,2
5840,2
5841,0
5842,3
5843,0
5844,2
5845,1
5846,1
5847,0
5848,0
5849,2
5850,2
5851,1
5852,3
5853,2
5854,3
5855,1
5856,4
5857,2
5858,0
5859,1
5860,0
5861,1
5862,2
5863,3
5864,1
5865,1
5866,2
5867,2
5868,1
5869,2
5870,1
5871,1
5872,2
5873,1
5874,2
5875,2
5876,0
5877,2
5878,3
5879,2
5880,1
5881,0
5882,0
5883,0
5884,1
5885,0
5886,3
5887,2
5888,1
5889,2
5890,3
5891,0
5892,0
5893,1
5894,1
5895,0
5896,4
5897,3
5898,0
5899,3
5900,5
5901,1
5902,0
5903,1
5904,2
5905,2
5906,2
5907,2
5908,1
5909,0
5910,0
5911,3
5912,0
5913,0
5914,1
5915,1
5916,1
5917,7
5918,1
5919,2
5920,2
5921,2
5922,4
5923,0
5924,2
5925,2
5926,1
5927,0
5928,2
5929,0
5930,4
5931,5
5932,1
5933,0
5934,0
5935,0
5936,1
5937,0
5938,0
5939,0
5940,0
5941,0
5942,2
5943,1
5944,2
5945,2
5946,2
5947,1
5948,0
5949,0
5950,1
5951,0
5952,5
5953,0
5954,0
5955,1
5956,6
5957,1
5958,1
5959,4
5960,2
5961,1
5962,0
5963,3
5964,4
5965,2
5966,1
5967,3
5968,0
5969,2
5970,0
5971,2
5972,1
5973,1
5974,1
5975,1
5976,1
5977,1
5978,1
5979,4
5980,0
5981,0
5982,1
5983,0
5984,0
5985,0
5986,0
5987,1
5988,1
5989,0
5990,0
5991,1
5992,2
5993,1
5994,1
5995,2
5996,1
5997,0
5998,0
5999,1
6000,2
6001,2
6002,1
6003,2
6004,1
6005,0
6006,0
6007,0
6008,2
6009,1
6010,5
6011,0
6012,0
6013,1
6014,1
6015,0
6016,1
6017,1
6018,0
6019,5
6020,3
6021,3
6022,2
6023,2
6024,1
6025,0
6026,1
6027,0
6028,1
6029,0
6030,2
6031,3
6032,1
6033,3
6034,0
6035,1
6036,0
6037,0
6038,0
6039,3
6040,1
6041,2
6042,0
6043,0
6044,4
6045,1
6046,0
6047,1
6048,1
6049,1
6050,2
6051,1
6052,2
6053,0
6054,4
6055,1
6056,2
6057,5
6058,0
6059,1
6060,0
6061,1
6062,1
6063,3
6064,0
6065,1
6066,1
6067,0
6068,0
6069,1
6070,0
6071,2
6072,0
6073,0
6074,0
6075,0
6076,0
6077,2
6078,1
6079,0
6080,0
6081,4
6082,0
6083,0
6084,4
6085,1
6086,0
6087,1
6088,3
6089,2
6090,1
6091,0
6092,1
6093,2
6094,5
6095,1
6096,0
6097,3
6098,0
6099,0
6100,0
6101,0
6102,0
6103,1
6104,0
6105,3
6106,2
6107,1
6108,3
6109,0
6110,0
6111,2
6112,0
6113,0
6114,1
6115,3
6116,2
6117,3
6118,0
6119,1
6120,0
6121,2
6122,3
6123,1
6124,1
6125,1
6126,1
6127,5
6128,1
6129,4
6130,0
6131,2
6132,0
6133,1
6134,1
6135,0
6136,2
6137,3
6138,5
6139,0
6140,2
6141,0
6142,0
6143,1
6144,2
6145,0
6146,2
6147,0
6148,3
6149,3
6150,2
6151,0
6152,3
6153,0
6154,0
6155,1
6156,1
6157,1
6158,0
6159,1
6160,1
6161,0
6162,1
6163,0
6164,0
6165,1
6166,0
6167,3
6168,2
6169,1
6170,2
6171,0
6172,0
6173,2
6174,0
6175,0
6176,0
6177,1
6178,1
6179,0
6180,6
6181,1
6182,1
6183,3
6184,0
6185,1
6186,2
6187,0
6188,0
6189,0
6190,2
6191,0
6192,0
6193,1
6194,0
6195,0
6196,0
6197,2
6198,1
6199,1
6200,1
6201,1
6202,2
6203,1
6204,3
6205,1
6206,4
6207,2
6208,2
6209,6
6210,1
6211,2
6212,0
6213,3
6214,4
6215,3
6216,1
6217,1
6218,7
6219,3
6220,1
6221,2
6222,0
6223,4
6224,1
6225,1
6226,2
6227,2
6228,0
6229,0
6230,1
6231,0
6232,0
6233,2
6234,0
6235,3
6236,2
6237,1
6238,3
6239,1
6240,0
6241,0
6242,1
6243,0
6244,0
6245,1
6246,0
6247,1
6248,0
6249,2
6250,0
6251,3
6252,1
6253,2
6254,2
6255,2
6256,0
6257,1
6258,1
6259,1
6260,4
6261,0
6262,2
6263,1
6264,0
6265,0
6266,1
6267,0
6268,2
6269,0
6270,1
6271,0
6272,2
6273,0
6274,3
6275,0
6276,1
6277,1
6278,3
6279,1
6280,2
6281,0
6282,1
6283,1
6284,2
6285,7
6286,1
6287,1
6288,2
6289,3
6290,0
6291,0
6292,1
6293,1
6294,1
6295,0
6296,0
6297,2
6298,1
6299,4
6300,0
6301,2
6302,2
6303,3
6304,0
6305,0
6306,1
6307,0
6308,1
6309,0
6310,2
6311,0
6312,1
6313,0
6314,0
6315,0
6316,0
6317,2
6318,3
6319,0
6320,0
6321,2
6322,2
6323,0
6324,4
6325,1
6326,7
6327,1
6328,2
6329,0
6330,1
6331,2
6332,1
6333,1
6334,1
6335,1
6336,1
6337,0
6338,0
6339,0
6340,0
6341,8
6342,2
6343,0
6344,1
6345,0
6346,1
6347,1
6348,0
6349,3
6350,0
6351,1
6352,1
6353,1
6354,0
6355,3
6356,0
6357,1
6358,0
6359,1
6360,3
6361,1
6362,4
6363,1
6364,1
6365,2
6366,0
6367,0
6368,2
6369,0
6370,2
6371,1
6372,2
6373,0
6374,3
6375,1
6376,3
6377,1
6378,2
6379,0
6380,0
6381,3
6382,0
6383,3
6384,2
6385,1
6386,0
6387,0
6388,0
6389,1
6390,0
6391,2
6392,4
6393,1
6394,1
6395,1
6396,1
6397,0
6398,3
6399,0
6400,0
6401,1
6402,2
6403,0
6404,4
6405,3
6406,4
6407,2
6408,0
6409,0
6410,1
6411,0
6412,0
6413,1
6414,0
6415,0
6416,2
6417,0
6418,0
6419,0
6420,1
6421,0
6422,2
6423,0
6424,3
6425,0
6426,2
6427,0
6428,1
6429,5
6430,0
6431,1
6432,1
6433,0
6434,3
6435,0
6436,0
6437,0
6438,1
6439,2
6440,0
6441,3
6442,0
6443,2
6444,2
6445,0
6446,0
6447,1
6448,0
6449,4
6450,1
6451,4
6452,1
6453,3
6454,1
6455,0
6456,2
6457,4
6458,2
6459,1
6460,2
6461,1
6462,2
6463,1
6464,1
6465,3
6466,2
6467,1
6468,1
6469,0
6470,2
6471,2
6472,2
6473,1
6474,0
6475,0
6476,3
6477,1
6478,1
6479,2
6480,1
6481,1
6482,2
6483,4
6484,0
6485,0
6486,0
6487,0
6488,0
6489,1
6490,2
6491,2
6492,1
6493,2
6494,1
6495,2
6496,1
6497,3
6498,0
6499,3
6500,2
6501,0
6502,0
6503,0
6504,1
6505,0
6506,3
6507,3
6508,0
6509,2
6510,1
6511,0
6512,2
6513,1
6514,1
6515,2
6516,3
6517,1
6518,2
6519,0
6520,3
6521,1
6522,0
6523,0
6524,4
6525,0
6526,1
6527,2
6528,0
6529,1
6530,1
6531,0
6532,1
6533,1
6534,0
6535,2
6536,0
6537,0
6538,2
6539,1
6540,2
6541,5
6542,1
6543,2
6544,0
6545,4
6546,1
6547,0
6548,3
6549,0
6550,0
6551,1
6552,0
6553,2
6554,0
6555,2
6556,0
6557,0
6558,3
6559,4
6560,1
6561,6
6562,1
6563,3
6564,0
6565,3
6566,0
6567,1
6568,0
6569,0
6570,0
6571,2
6572,1
6573,2
6574,4
6575,2
6576,0
6577,5
6578,2
6579,0
6580,2
6581,0
6582,0
6583,1
6584,2
6585,0
6586,1
6587,1
6588,2
6589,1
6590,0
6591,0
6592,2
6593,2
6594,1
6595,0
6596,0
6597,4
6598,2
6599,4
6600,0
6601,1
6602,4
6603,1
6604,4
6605,5
6606,4
6607,2
6608,0
6609,1
6610,0
6611,0
6612,0
6613,2
6614,1
6615,1
6616,2
6617,0
6618,0
6619,1
6620,0
6621,3
6622,1
6623,0
6624,0
6625,1
6626,3
6627,1
6628,1
6629,2
6630,2
6631,0
6632,0
6633,1
6634,1
6635,0
6636,0
6637,3
6638,1
6639,1
6640,5
6641,2
6642,0
6643,1
6644,1
6645,1
6646,3
6647,1
6648,0
6649,4
6650,0
6651,1
6652,2
6653,4
6654,0
6655,0
6656,0
6657,0
6658,1
6659,0
6660,3
6661,0
6662,1
6663,1
6664,1
6665,2
6666,0
6667,2
6668,1
6669,0
6670,0
6671,0
6672,1
6673,0
6674,2
6675,0
6676,0
6677,0
6678,0
6679,1
6680,0
6681,4
6682,0
6683,1
6684,1
6685,5
6686,1
6687,1
6688,5
6689,4
6690,1
6691,3
6692,1
6693,0
6694,2
6695,1
6696,0
6697,0
6698,1
6699,2
6700,0
6701,0
6702,1
6703,0
6704,1
6705,0
6706,2
6707,0
6708,2
6709,2
6710,3
6711,0
6712,1
6713,2
6714,0
6715,3
6716,2
6717,1
6718,0
6719,3
6720,1
6721,0
6722,0
6723,1
6724,0
6725,1
6726,0
6727,2
6728,0
6729,0
6730,1
6731,3
6732,1
6733,2
6734,1
6735,2
6736,1
6737,2
6738,1
6739,2
6740,1
6741,2
6742,2
6743,1
6744,0
6745,0
6746,0
6747,0
6748,0
6749,1
6750,1
6751,1
6752,1
6753,2
6754,0
6755,5
6756,1
6757,0
6758,3
6759,0
6760,1
6761,0
6762,2
6763,1
6764,0
6765,0
6766,0
6767,1
6768,3
6769,2
6770,1
6771,1
6772,7
6773,0
6774,3
6775,0
6776,0
6777,0
6778,0
6779,0
6780,1
6781,0
6782,1
6783,1
6784,2
6785,0
6786,0
6787,0
6788,0
6789,1
6790,0
6791,0
6792,2
6793,1
6794,1
6795,0
6796,1
6797,2
6798,0
6799,3
6800,0
6801,2
6802,6
6803,3
6804,3
6805,3
6806,2
6807,0
6808,5
6809,1
6810,2
6811,2
6812,1
6813,2
6814,2
6815,0
6816,1
6817,1
6818,0
6819,0
6820,4
6821,1
6822,0
6823,1
6824,2
6825,0
6826,3
6827,1
6828,0
6829,2
6830,1
6831,3
6832,1
6833,1
6834,0
6835,1
6836,0
6837,6
6838,2
6839,0
6840,2
6841,1
6842,3
6843,2
6844,0
6845,2
6846,1
6847,1
6848,0
6849,0
6850,3
6851,2
6852,3
6853,1
6854,1
6855,7
6856,2
6857,2
6858,1
6859,2
6860,1
6861,6
6862,1
6863,1
6864,3
6865,0
6866,1
6867,2
6868,0
6869,0
6870,3
6871,0
6872,2
6873,1
6874,2
6875,3
6876,0
6877,3
6878,0
6879,1
6880,2
6881,0
6882,0
6883,2
6884,2
6885,0
6886,1
6887,1
6888,1
6889,0
6890,0
6891,0
6892,1
6893,2
6894,0
6895,0
6896,0
6897,1
6898,0
6899,1
6900,1
6901,0
6902,3
6903,1
6904,4
6905,3
6906,0
6907,3
6908,0
6909,4
6910,1
6911,2
6912,0
6913,0
6914,0
6915,1
6916,0
6917,2
6918,3
6919,3
6920,4
6921,0
6922,1
6923,3
6924,0
6925,0
6926,4
6927,4
6928,3
6929,1
6930,4
6931,1
6932,3
6933,1
6934,2
6935,2
6936,1
6937,0
6938,2
6939,1
6940,6
6941,2
6942,1
6943,0
6944,3
6945,2
6946,4
6947,1
6948,0
6949,1
6950,0
6951,0
6952,3
6953,0
6954,0
6955,0
6956,0
6957,0
6958,0
6959,1
6960,0
6961,1
6962,0
6963,0
6964,0
6965,0
6966,1
6967,0
6968,1
6969,1
6970,0
6971,2
6972,3
6973,1
6974,2
6975,0
6976,0
6977,1
6978,0
6979,0
6980,1
6981,0
6982,2
6983,1
6984,1
6985,1
6986,2
6987,0
6988,3
6989,3
6990,2
6991,1
6992,0
6993,1
6994,2
6995,2
6996,1
6997,0
6998,5
6999,0
7000,4
7001,2
7002,2
7003,2
7004,1
7005,0
7006,4
7007,1
7008,0
7009,1
7010,0
7011,2
7012,1
7013,0
7014,0
7015,0
7016,2
7017,0
7018,1
7019,1
7020,1
7021,2
7022,1
7023,0
7024,1
7025,1
7026,0
7027,1
7028,4
7029,2
7030,1
7031,0
7032,1
7033,3
7034,0
7035,3
7036,0
7037,1
7038,2
7039,1
7040,2
7041,0
7042,0
7043,3
7044,0
7045,0
7046,2
7047,1
7048,1
7049,1
7050,0
7051,3
7052,1
7053,4
7054,2
7055,2
7056,1
7057,1
7058,4
7059,0
7060,0
7061,0
7062,0
7063,0
7064,2
7065,0
7066,0
7067,0
7068,0
7069,0
7070,1
7071,1
7072,0
7073,1
7074,1
7075,2
7076,1
7077,1
7078,1
7079,2
7080,1
7081,0
7082,1
7083,1
7084,2
7085,0
7086,1
7087,0
7088,1
7089,1
7090,0
7091,0
7092,2
7093,0
7094,0
7095,1
7096,3
7097,2
7098,0
7099,0
7100,2
7101,0
7102,1
7103,0
7104,0
7105,4
7106,1
7107,1
7108,2
7109,1
7110,2
7111,0
7112,0
7113,2
7114,0
7115,2
7116,2
7117,3
7118,2
7119,0
7120,2
7121,1
7122,0
7123,2
7124,1
7125,2
7126,0
7127,2
7128,0
7129,0
7130,1
7131,2
7132,3
7133,1
7134,1
7135,5
7136,3
7137,2
7138,1
7139,0
7140,1
7141,0
7142,0
7143,0
7144,2
7145,1
7146,3
7147,0
7148,0
7149,0
7150,0
7151,4
7152,2
7153,1
7154,0
7155,3
7156,1
7157,3
7158,2
7159,3
7160,0
7161,0
7162,1
7163,0
7164,3
7165,1
7166,0
7167,1
7168,0
7169,0
7170,2
7171,0
7172,2
7173,0
7174,0
7175,1
7176,2
7177,4
7178,0
7179,0
7180,1
7181,1
7182,2
7183,0
7184,1
7185,0
7186,2
7187,1
7188,2
7189,0
7190,1
7191,0
7192,1
7193,1
7194,0
7195,0
7196,2
7197,2
7198,2
7199,3
7200,0
7201,0
7202,1
7203,0
7204,0
7205,1
7206,0
7207,2
7208,0
7209,3
7210,0
7211,1
7212,0
7213,0
7214,0
7215,2
7216,1
7217,0
7218,0
7219,1
7220,0
7221,0
7222,0
7223,1
7224,1
7225,1
7226,0
7227,1
7228,2
7229,1
7230,0
7231,0
7232,3
7233,2
7234,0
7235,2
7236,0
7237,1
7238,3
7239,0
7240,0
7241,0
7242,1
7243,2
7244,0
7245,0
7246,0
7247,1
7248,6
7249,3
7250,1
7251,2
7252,3
7253,4
7254,3
7255,0
7256,0
7257,0
7258,0
7259,1
7260,1
7261,4
7262,2
7263,0
7264,2
7265,2
7266,5
7267,0
7268,3
7269,3
7270,1
7271,2
7272,0
7273,2
7274,3
7275,1
7276,0
7277,1
7278,1
7279,2
7280,2
7281,3
7282,1
7283,1
7284,0
7285,0
7286,1
7287,2
7288,1
7289,3
7290,0
7291,2
7292,0
7293,1
7294,2
7295,1
7296,0
7297,0
7298,0
7299,2
7300,1
7301,2
7302,3
7303,1
7304,2
7305,0
7306,0
7307,0
7308,0
7309,1
7310,0
7311,1
7312,2
7313,0
7314,0
7315,0
7316,0
7317,0
7318,0
7319,1
7320,0
7321,6
7322,2
7323,2
7324,0
7325,0
7326,1
7327,3
7328,3
7329,1
7330,2
7331,0
7332,0
7333,1
7334,0
7335,1
7336,1
7337,2
7338,2
7339,0
7340,0
7341,2
7342,2
7343,2
7344,0
7345,1
7346,2
7347,1
7348,0
7349,1
7350,4
7351,0
7352,0
7353,3
7354,3
7355,2
7356,0
7357,1
7358,4
7359,3
7360,1
7361,0
7362,1
7363,1
7364,0
7365,2
7366,1
7367,0
7368,1
7369,0
7370,0
7371,1
7372,0
7373,1
7374,0
7375,2
7376,2
7377,0
7378,0
7379,1
7380,0
7381,0
7382,2
7383,1
7384,0
7385,1
7386,4
7387,2
7388,2
7389,2
7390,1
7391,0
7392,0
7393,2
7394,3
7395,0
7396,1
7397,0
7398,1
7399,0
7400,0
7401,3
7402,2
7403,0
7404,0
7405,1
7406,1
7407,3
7408,2
7409,0
7410,2
7411,0
7412,1
7413,3
7414,2
7415,0
7416,0
7417,0
7418,1
7419,2
7420,2
7421,1
7422,2
7423,0
7424,1
7425,1
7426,1
7427,2
7428,2
7429,1
7430,1
7431,0
7432,2
7433,1
7434,3
7435,0
7436,0
7437,1
7438,1
7439,0
7440,1
7441,3
7442,3
7443,0
7444,1
7445,1
7446,4
7447,2
7448,2
7449,0
7450,2
7451,1
7452,0
7453,2
7454,1
7455,2
7456,0
7457,1
7458,0
7459,0
7460,2
7461,0
7462,2
7463,0
7464,1
7465,1
7466,0
7467,1
7468,0
7469,0
7470,0
7471,0
7472,4
7473,0
7474,1
7475,1
7476,1
7477,5
7478,1
7479,5
7480,2
7481,0
7482,0
7483,0
7484,1
7485,1
7486,1
7487,2
7488,1
7489,2
7490,3
7491,0
7492,1
7493,0
7494,1
7495,1
7496,0
7497,0
7498,1
7499,1
7500,1
7501,0
7502,3
7503,0
7504,1
7505,2
7506,2
7507,0
7508,1
7509,2
7510,1
7511,3
7512,1
7513,2
7514,0
7515,2
7516,1
7517,1
7518,2
7519,2
7520,0
7521,1
7522,1
7523,1
7524,5
7525,0
7526,3
7527,2
7528,1
7529,3
7530,2
7531,0
7532,2
7533,0
7534,5
7535,4
7536,2
7537,1
7538,2
7539,1
7540,3
7541,0
7542,1
7543,2
7544,1
7545,2
7546,0
7547,1
7548,2
7549,1
7550,0
7551,3
7552,3
7553,2
7554,1
7555,2
7556,0
7557,0
7558,1
7559,1
7560,0
7561,2
7562,1
7563,1
7564,3
7565,2
7566,0
7567,0
7568,0
7569,0
7570,2
7571,0
7572,3
7573,1
7574,3
7575,1
7576,0
7577,1
7578,2
7579,0
7580,2
7581,5
7582,0
7583,2
7584,0
7585,2
7586,1
7587,1
7588,1
7589,1
7590,0
7591,4
7592,5
7593,2
7594,1
7595,2
7596,2
7597,1
7598,1
7599,1
7600,0
7601,0
7602,3
7603,1
7604,1
7605,2
7606,0
7607,2
7608,3
7609,1
7610,2
7611,1
7612,1
7613,2
7614,0
7615,2
7616,5
7617,3
7618,4
7619,1
7620,2
7621,0
7622,0
7623,0
7624,0
7625,1
7626,2
7627,0
7628,2
7629,2
7630,1
7631,0
7632,1
7633,2
7634,1
7635,2
7636,0
7637,0
7638,0
7639,2
7640,2
7641,1
7642,2
7643,0
7644,0
7645,2
7646,2
7647,1
7648,1
7649,0
7650,1
7651,1
7652,3
7653,0
7654,0
7655,0
7656,3
7657,1
7658,0
7659,4
7660,2
7661,2
7662,1
7663,0
7664,2
7665,1
7666,0
7667,1
7668,1
7669,0
7670,0
7671,2
7672,0
7673,0
7674,2
7675,0
7676,0
7677,1
7678,3
7679,1
7680,2
7681,1
7682,0
7683,0
7684,4
7685,2
7686,0
7687,1
7688,5
7689,1
7690,2
7691,0
7692,2
7693,0
7694,0
7695,3
7696,1
7697,2
7698,1
7699,0
7700,0
7701,2
7702,0
7703,2
7704,1
7705,2
7706,2
7707,3
7708,0
7709,3
7710,3
7711,0
7712,2
7713,0
7714,1
7715,0
7716,0
7717,2
7718,1
7719,1
7720,0
7721,2
7722,1
7723,2
7724,2
7725,0
7726,1
7727,1
7728,0
7729,1
7730,1
7731,0
7732,2
7733,0
7734,2
7735,2
7736,0
7737,0
7738,1
7739,1
7740,0
7741,1
7742,1
7743,2
7744,0
7745,1
7746,1
7747,1
7748,0
7749,1
7750,1
7751,0
7752,2
7753,2
7754,0
7755,1
7756,1
7757,0
7758,1
7759,0
7760,0
7761,6
7762,1
7763,1
7764,1
7765,1
7766,2
7767,0
7768,2
7769,1
7770,2
7771,0
7772,2
7773,1
7774,2
7775,1
7776,1
7777,0
7778,0
7779,1
7780,1
7781,1
7782,5
7783,1
7784,0
7785,1
7786,1
7787,1
7788,0
7789,1
7790,2
7791,0
7792,1
7793,0
7794,0
7795,2
7796,3
7797,0
7798,1
7799,2
7800,0
7801,0
7802,2
7803,3
7804,0
7805,3
7806,2
7807,0
7808,1
7809,0
7810,1
7811,4
7812,1
7813,2
7814,0
7815,0
7816,2
7817,0
7818,2
7819,1
7820,2
7821,0
7822,0
7823,0
7824,0
7825,0
7826,0
7827,0
7828,0
7829,0
7830,0
7831,0
7832,0
7833,1
7834,1
7835,1
7836,1
7837,1
7838,0
7839,1
7840,0
7841,1
7842,0
7843,1
7844,0
7845,0
7846,3
7847,0
7848,0
7849,2
7850,0
7851,2
7852,0
7853,1
7854,0
7855,0
7856,1
7857,0
7858,0
7859,0
7860,1
7861,3
7862,1
7863,2
7864,1
7865,1
7866,2
7867,1
7868,2
7869,2
7870,0
7871,0
7872,0
7873,3
7874,2
7875,1
7876,2
7877,1
7878,1
7879,1
7880,0
7881,1
7882,0
7883,2
7884,1
7885,2
7886,0
7887,2
7888,1
7889,1
7890,2
7891,2
7892,1
7893,0
7894,0
7895,0
7896,0
7897,2
7898,0
7899,0
7900,2
7901,1
7902,1
7903,0
7904,0
7905,0
7906,0
7907,1
7908,0
7909,2
7910,1
7911,1
7912,1
7913,0
7914,3
7915,2
7916,0
7917,2
7918,1
7919,2
7920,1
7921,1
7922,4
7923,0
7924,1
7925,2
7926,1
7927,2
7928,1
7929,3
7930,3
7931,2
7932,4
7933,0
7934,0
7935,1
7936,7
7937,1
7938,0
7939,3
7940,0
7941,0
7942,0
7943,2
7944,1
7945,0
7946,0
7947,0
7948,0
7949,4
7950,0
7951,0
7952,0
7953,1
7954,2
7955,0
7956,0
7957,0
7958,2
7959,1
7960,0
7961,0
7962,0
7963,3
7964,0
7965,2
7966,1
7967,0
7968,3
7969,0
7970,2
7971,0
7972,0
7973,3
7974,0
7975,0
7976,3
7977,1
7978,3
7979,2
7980,0
7981,0
7982,1
7983,1
7984,0
7985,1
7986,0
7987,1
7988,1
7989,0
7990,1
7991,1
7992,0
7993,2
7994,0
7995,0
7996,0
7997,0
7998,0
7999,0
8000,3
8001,1
8002,1
8003,1
8004,0
8005,0
8006,0
8007,1
8008,0
8009,1
8010,0
8011,1
8012,0
8013,0
8014,0
8015,0
8016,6
8017,2
8018,3
8019,3
8020,1
8021,2
8022,0
8023,2
8024,4
8025,0
8026,3
8027,1
8028,0
8029,0
8030,5
8031,1
8032,1
8033,3
8034,0
8035,2
8036,4
8037,2
8038,2
8039,0
8040,1
8041,0
8042,2
8043,1
8044,1
8045,6
8046,4
8047,0
8048,1
8049,0
8050,1
8051,2
8052,0
8053,1
8054,0
8055,0
8056,0
8057,0
8058,3
8059,2
8060,1
8061,4
8062,0
8063,3
8064,3
8065,0
8066,2
8067,0
8068,0
8069,2
8070,1
8071,2
8072,2
8073,0
8074,0
8075,2
8076,2
8077,1
8078,3
8079,1
8080,2
8081,2
8082,0
8083,2
8084,1
8085,1
8086,1
8087,1
8088,1
8089,1
8090,1
8091,2
8092,1
8093,0
8094,0
8095,2
8096,1
8097,1
8098,4
8099,1
8100,0
8101,0
8102,1
8103,1
8104,0
8105,0
8106,0
8107,1
8108,2
8109,0
8110,0
8111,3
8112,0
8113,2
8114,0
8115,2
8116,0
8117,2
8118,1
8119,0
8120,0
8121,2
8122,0
8123,0
8124,0
8125,0
8126,0
8127,0
8128,0
8129,1
8130,0
8131,0
8132,0
8133,2
8134,1
8135,2
8136,4
8137,0
8138,3
8139,0
8140,2
8141,3
8142,2
8143,1
8144,0
8145,1
8146,2
8147,1
8148,1
8149,1
8150,4
8151,2
8152,0
8153,0
8154,1
8155,1
8156,1
8157,1
8158,0
8159,1
8160,2
8161,1
8162,0
8163,0
8164,0
8165,1
8166,1
8167,1
8168,0
8169,3
8170,2
8171,1
8172,2
8173,1
8174,1
8175,1
8176,2
8177,0
8178,2
8179,0
8180,0
8181,2
8182,1
8183,0
8184,3
8185,3
8186,1
8187,1
8188,0
8189,1
8190,2
8191,0
8192,0
8193,0
8194,1
8195,0
8196,0
8197,1
8198,2
8199,1
8200,0
8201,0
8202,3
8203,1
8204,1
8205,2
8206,0
8207,2
8208,0
8209,1
8210,1
8211,2
8212,0
8213,0
8214,0
8215,1
8216,2
8217,0
8218,1
8219,1
8220,0
8221,0
8222,0
8223,2
8224,2
8225,0
8226,0
8227,1
8228,1
8229,2
8230,0
8231,2
8232,3
8233,0
8234,0
8235,3
8236,1
8237,1
8238,1
8239,2
8240,2
8241,1
8242,0
8243,2
8244,1
8245,1
8246,1
8247,2
8248,0
8249,0
8250,0
8251,2
8252,1
8253,3
8254,1
8255,1
8256,2
8257,0
8258,1
8259,1
8260,2
8261,2
8262,1
8263,4
8264,0
8265,1
8266,0
8267,1
8268,1
8269,2
8270,0
8271,1
8272,1
8273,1
8274,0
8275,1
8276,0
8277,0
8278,0
8279,4
8280,0
8281,3
8282,0
8283,0
8284,2
8285,1
8286,2
8287,1
8288,2
8289,0
8290,4
8291,3
8292,0
8293,1
8294,2
8295,3
8296,0
8297,1
8298,3
8299,1
8300,2
8301,0
8302,4
8303,1
8304,0
8305,5
8306,1
8307,0
8308,1
8309,0
8310,1
8311,0
8312,1
8313,1
8314,0
8315,0
8316,0
8317,0
8318,0
8319,1
8320,1
8321,3
8322,0
8323,2
8324,1
8325,2
8326,0
8327,2
8328,2
8329,0
8330,2
8331,2
8332,1
8333,0
8334,0
8335,0
8336,0
8337,0
8338,0
8339,0
8340,0
8341,1
8342,0
8343,0
8344,1
8345,3
8346,0
8347,2
8348,3
8349,1
8350,0
8351,0
8352,0
8353,1
8354,3
8355,0
8356,1
8357,1
8358,1
8359,0
8360,0
8361,2
8362,1
8363,0
8364,0
8365,0
8366,3
8367,0
8368,5
8369,2
8370,1
8371,1
8372,1
8373,2
8374,1
8375,0
8376,0
8377,1
8378,3
8379,0
8380,3
8381,2
8382,2
8383,1
8384,3
8385,3
8386,0
8387,0
8388,0
8389,0
8390,0
8391,2
8392,2
8393,0
8394,0
8395,1
8396,2
8397,1
8398,0
8399,0
8400,2
8401,0
8402,0
8403,1
8404,0
8405,1
8406,2
8407,2
8408,2
8409,1
8410,2
8411,0
8412,2
8413,2
8414,0
8415,1
8416,1
8417,1
8418,5
8419,1
8420,0
8421,0
8422,0
8423,3
8424,1
8425,2
8426,0
8427,0
8428,1
8429,3
8430,2
8431,0
8432,0
8433,1
8434,1
8435,1
8436,2
8437,1
8438,1
8439,1
8440,0
8441,0
8442,1
8443,0
8444,0
8445,2
8446,1
8447,1
8448,1
8449,1
8450,0
8451,0
8452,0
8453,1
8454,2
8455,2
8456,0
8457,2
8458,2
8459,1
8460,0
8461,1
8462,2
8463,0
8464,2
8465,0
8466,1
8467,4
8468,0
8469,2
8470,1
8471,2
8472,0
8473,2
8474,1
8475,5
8476,0
8477,1
8478,0
8479,3
8480,5
8481,1
8482,0
8483,0
8484,0
8485,5
8486,0
8487,1
8488,0
8489,1
8490,6
8491,2
8492,0
8493,1
8494,0
8495,2
8496,1
8497,1
8498,1
8499,4
8500,1
8501,1
8502,0
8503,0
8504,2
8505,2
8506,1
8507,0
8508,0
8509,1
8510,1
8511,1
8512,2
8513,3
8514,2
8515,2
8516,0
8517,1
8518,1
8519,1
8520,1
8521,1
8522,4
8523,0
8524,1
8525,1
8526,3
8527,1
8528,3
8529,0
8530,1
8531,2
8532,1
8533,0
8534,4
8535,0
8536,1
8537,1
8538,0
8539,2
8540,0
8541,3
8542,0
8543,2
8544,1
8545,0
8546,1
8547,1
8548,1
8549,2
8550,3
8551,3
8552,0
8553,2
8554,0
8555,1
8556,0
8557,1
8558,1
8559,1
8560,2
8561,1
8562,0
8563,3
8564,0
8565,0
8566,1
8567,0
8568,2
8569,0
8570,2
8571,0
8572,1
8573,0
8574,0
8575,1
8576,0
8577,1
8578,2
8579,1
8580,2
8581,1
8582,1
8583,2
8584,0
8585,0
8586,1
8587,0
8588,0
8589,0
8590,1
8591,1
8592,1
8593,0
8594,0
8595,2
8596,0
8597,0
8598,1
8599,2
8600,3
8601,1
8602,0
8603,0
8604,2
8605,0
8606,4
8607,1
8608,0
8609,1
8610,0
8611,0
8612,0
8613,2
8614,0
8615,1
8616,3
8617,1
8618,0
8619,1
8620,0
8621,1
8622,0
8623,1
8624,1
8625,1
8626,0
8627,1
8628,1
8629,0
8630,2
8631,0
8632,0
8633,2
8634,1
8635,0
8636,1
8637,2
8638,1
8639,1
8640,0
8641,1
8642,1
8643,1
8644,0
8645,0
8646,0
8647,1
8648,1
8649,0
8650,3
8651,2
8652,2
8653,2
8654,2
8655,3
8656,0
8657,0
8658,0
8659,2
8660,1
8661,1
8662,1
8663,0
8664,2
8665,5
8666,0
8667,4
8668,1
8669,1
8670,1
8671,4
8672,0
8673,2
8674,2
8675,2
8676,3
8677,0
8678,2
8679,0
8680,3
8681,2
8682,0
8683,1
8684,0
8685,2
8686,0
8687,2
8688,1
8689,1
8690,2
8691,0
8692,1
8693,1
8694,0
8695,5
8696,1
8697,1
8698,1
8699,1
8700,2
8701,1
8702,4
8703,3
8704,4
8705,1
8706,1
8707,0
8708,1
8709,1
8710,2
8711,1
8712,1
8713,3
8714,3
8715,1
8716,1
8717,1
8718,2
8719,1
8720,0
8721,2
8722,0
8723,0
8724,1
8725,1
8726,0
8727,0
8728,2
8729,1
8730,0
8731,2
8732,0
8733,4
8734,3
8735,4
8736,3
8737,1
8738,0
8739,2
8740,1
8741,1
8742,1
8743,1
8744,0
8745,2
8746,0
8747,2
8748,1
8749,2
8750,1
8751,3
8752,0
8753,1
8754,1
8755,1
8756,1
8757,0
8758,0
8759,2
8760,0
8761,0
8762,0
8763,1
8764,4
8765,1
8766,2
8767,0
8768,1
8769,0
8770,2
8771,2
8772,1
8773,1
8774,2
8775,0
8776,1
8777,0
8778,3
8779,2
8780,0
8781,0
8782,1
8783,2
8784,0
8785,0
8786,0
8787,1
8788,0
8789,5
8790,1
8791,3
8792,0
8793,0
8794,0
8795,0
8796,0
8797,1
8798,0
8799,2
8800,1
8801,2
8802,3
8803,1
8804,2
8805,0
8806,0
8807,0
8808,0
8809,0
8810,1
8811,0
8812,1
8813,1
8814,3
8815,2
8816,1
8817,2
8818,3
8819,3
8820,4
8821,0
8822,2
8823,2
8824,1
8825,3
8826,0
8827,1
8828,3
8829,2
8830,1
8831,0
8832,1
8833,0
8834,0
8835,1
8836,0
8837,0
8838,0
8839,0
8840,0
8841,6
8842,0
8843,1
8844,0
8845,1
8846,3
8847,4
8848,0
8849,0
8850,1
8851,2
8852,0
8853,3
8854,0
8855,1
8856,2
8857,0
8858,1
8859,0
8860,1
8861,1
8862,2
8863,0
8864,1
8865,2
8866,1
8867,0
8868,0
8869,0
8870,0
8871,1
8872,2
8873,1
8874,0
8875,0
8876,3
8877,1
8878,1
8879,0
8880,1
8881,3
8882,0
8883,1
8884,0
8885,1
8886,1
8887,0
8888,1
8889,1
8890,1
8891,0
8892,2
8893,1
8894,0
8895,5
8896,4
8897,1
8898,0
8899,0
8900,1
8901,2
8902,1
8903,0
8904,1
8905,1
8906,0
8907,0
8908,0
8909,1
8910,3
8911,1
8912,1
8913,1
8914,2
8915,2
8916,0
8917,0
8918,1
8919,3
8920,0
8921,1
8922,0
8923,3
8924,0
8925,1
8926,1
8927,0
8928,2
8929,1
8930,1
8931,2
8932,0
8933,0
8934,0
8935,2
8936,1
8937,1
8938,0
8939,1
8940,0
8941,0
8942,0
8943,1
8944,0
8945,1
8946,3
8947,2
8948,0
8949,0
8950,0
8951,0
8952,3
8953,0
8954,0
8955,3
8956,2
8957,1
8958,2
8959,0
8960,1
8961,0
8962,2
8963,2
8964,4
8965,2
8966,0
8967,1
8968,2
8969,1
8970,1
8971,2
8972,0
8973,0
8974,0
8975,1
8976,1
8977,0
8978,0
8979,1
8980,2
8981,0
8982,2
8983,1
8984,4
8985,3
8986,1
8987,1
8988,0
8989,1
8990,1
8991,1
8992,2
8993,1
8994,0
8995,1
8996,0
8997,0
8998,2
8999,1
9000,2
9001,2
9002,0
9003,2
9004,1
9005,3
9006,0
9007,2
9008,1
9009,2
9010,1
9011,1
9012,4
9013,0
9014,1
9015,1
9016,1
9017,4
9018,1
9019,1
9020,0
9021,2
9022,1
9023,0
9024,1
9025,0
9026,1
9027,0
9028,3
9029,1
9030,0
9031,1
9032,0
9033,2
9034,0
9035,1
9036,1
9037,1
9038,3
9039,0
9040,0
9041,3
9042,2
9043,1
9044,0
9045,4
9046,1
9047,0
9048,3
9049,2
9050,0
9051,1
9052,0
9053,2
9054,0
9055,1
9056,0
9057,0
9058,0
9059,1
9060,0
9061,2
9062,2
9063,4
9064,1
9065,1
9066,2
9067,2
9068,0
9069,1
9070,3
9071,2
9072,1
9073,1
9074,2
9075,1
9076,0
9077,2
9078,1
9079,1
9080,2
9081,3
9082,1
9083,1
9084,1
9085,2
9086,2
9087,0
9088,3
9089,0
9090,2
9091,0
9092,1
9093,1
9094,1
9095,2
9096,0
9097,2
9098,0
9099,1
9100,0
9101,4
9102,0
9103,1
9104,2
9105,2
9106,0
9107,0
9108,1
9109,0
9110,1
9111,1
9112,0
9113,2
9114,0
9115,0
9116,0
9117,0
9118,4
9119,0
9120,1
9121,0
9122,0
9123,3
9124,2
9125,2
9126,2
9127,1
9128,2
9129,1
9130,2
9131,1
9132,0
9133,1
9134,0
9135,2
9136,0
9137,0
9138,0
9139,1
9140,1
9141,2
9142,0
9143,1
9144,1
9145,2
9146,1
9147,0
9148,1
9149,2
9150,1
9151,1
9152,1
9153,1
9154,3
9155,0
9156,2
9157,1
9158,0
9159,2
9160,1
9161,0
9162,1
9163,2
9164,1
9165,1
9166,3
9167,0
9168,2
9169,2
9170,1
9171,3
9172,1
9173,1
9174,0
9175,0
9176,1
9177,0
9178,1
9179,1
9180,0
9181,2
9182,0
9183,0
9184,0
9185,1
9186,0
9187,1
9188,1
9189,2
9190,0
9191,0
9192,0
9193,3
9194,3
9195,0
9196,0
9197,1
9198,0
9199,0
9200,3
9201,3
9202,0
9203,2
9204,0
9205,2
9206,0
9207,0
9208,0
9209,3
9210,1
9211,3
9212,0
9213,1
9214,0
9215,0
9216,2
9217,0
9218,3
9219,2
9220,1
9221,2
9222,1
9223,0
9224,1
9225,1
9226,2
9227,2
9228,1
9229,1
9230,0
9231,0
9232,0
9233,2
9234,1
9235,1
9236,2
9237,0
9238,0
9239,2
9240,3
9241,0
9242,0
9243,3
9244,2
9245,2
9246,1
9247,1
9248,3
9249,1
9250,1
9251,3
9252,1
9253,0
9254,0
9255,2
9256,0
9257,2
9258,0
9259,2
9260,1
9261,0
9262,1
9263,1
9264,0
9265,4
9266,1
9267,1
9268,0
9269,1
9270,0
9271,0
9272,0
9273,0
9274,2
9275,1
9276,2
9277,0
9278,0
9279,1
9280,2
9281,1
9282,2
9283,0
9284,3
9285,2
9286,2
9287,5
9288,0
9289,5
9290,2
9291,1
9292,2
9293,1
9294,1
9295,2
9296,0
9297,1
9298,0
9299,1
9300,0
9301,1
9302,2
9303,0
9304,0
9305,0
9306,1
9307,0
9308,2
9309,3
9310,1
9311,0
9312,0
9313,1
9314,0
9315,3
9316,0
9317,0
9318,0
9319,1
9320,0
9321,0
9322,0
9323,3
9324,2
9325,1
9326,1
9327,1
9328,0
9329,1
9330,1
9331,1
9332,0
9333,0
9334,0
9335,0
9336,2
9337,0
9338,0
9339,1
9340,1
9341,0
9342,2
9343,1
9344,3
9345,1
9346,1
9347,0
9348,1
9349,2
9350,1
9351,1
9352,1
9353,1
9354,0
9355,0
9356,2
9357,1
9358,0
9359,1
9360,0
9361,1
9362,0
9363,0
9364,1
9365,0
9366,0
9367,2
9368,0
9369,2
9370,2
9371,1
9372,3
9373,0
9374,0
9375,1
9376,0
9377,0
9378,1
9379,1
9380,2
9381,1
9382,3
9383,2
9384,1
9385,2
9386,1
9387,2
9388,3
9389,1
9390,2
9391,1
9392,1
9393,3
9394,1
9395,0
9396,3
9397,1
9398,1
9399,2
9400,1
9401,2
9402,1
9403,5
9404,0
9405,4
9406,1
9407,2
9408,1
9409,2
9410,1
9411,2
9412,1
9413,1
9414,1
9415,2
9416,0
9417,0
9418,0
9419,1
9420,1
9421,3
9422,0
9423,1
9424,1
9425,1
9426,1
9427,1
9428,1
9429,0
9430,0
9431,0
9432,1
9433,1
9434,0
9435,3
9436,3
9437,2
9438,1
9439,1
9440,1
9441,0
9442,2
9443,1
9444,4
9445,0
9446,1
9447,0
9448,3
9449,0
9450,0
9451,0
9452,0
9453,2
9454,0
9455,0
9456,1
9457,0
9458,0
9459,2
9460,1
9461,2
9462,2
9463,2
9464,1
9465,1
9466,3
9467,1
9468,0
9469,1
9470,1
9471,3
9472,1
9473,3
9474,1
9475,0
9476,1
9477,0
9478,1
9479,0
9480,1
9481,0
9482,2
9483,2
9484,1
9485,0
9486,1
9487,1
9488,0
9489,2
9490,1
9491,1
9492,0
9493,0
9494,0
9495,1
9496,5
9497,0
9498,0
9499,3
9500,0
9501,0
9502,0
9503,0
9504,2
9505,0
9506,1
9507,0
9508,0
9509,4
9510,0
9511,1
9512,0
9513,0
9514,2
9515,0
9516,1
9517,0
9518,0
9519,0
9520,2
9521,0
9522,1
9523,3
9524,3
9525,1
9526,1
9527,1
9528,0
9529,2
9530,1
9531,0
9532,1
9533,1
9534,3
9535,0
9536,0
9537,0
9538,2
9539,1
9540,2
9541,3
9542,1
9543,0
9544,2
9545,0
9546,1
9547,1
9548,0
9549,2
9550,1
9551,1
9552,3
9553,5
9554,1
9555,0
9556,0
9557,3
9558,2
9559,1
9560,1
9561,0
9562,0
9563,2
9564,2
9565,0
9566,1
9567,1
9568,1
9569,0
9570,1
9571,0
9572,0
9573,0
9574,0
9575,0
9576,2
9577,0
9578,2
9579,2
9580,0
9581,0
9582,1
9583,1
9584,3
9585,3
9586,0
9587,1
9588,2
9589,2
9590,1
9591,0
9592,0
9593,1
9594,0
9595,1
9596,3
9597,1
9598,1
9599,0
9600,0
9601,0
9602,2
9603,1
9604,1
9605,3
9606,1
9607,1
9608,0
9609,0
9610,1
9611,1
9612,2
9613,0
9614,2
9615,3
9616,1
9617,1
9618,0
9619,1
9620,0
9621,2
9622,0
9623,1
9624,2
9625,1
9626,1
9627,3
9628,3
9629,2
9630,0
9631,0
9632,1
9633,0
9634,1
9635,0
9636,0
9637,2
9638,2
9639,1
9640,0
9641,2
9642,0
9643,1
9644,2
9645,1
9646,1
9647,0
9648,0
9649,0
9650,0
9651,0
9652,0
9653,0
9654,1
9655,0
9656,0
9657,1
9658,0
9659,0
9660,4
9661,0
9662,2
9663,1
9664,3
9665,2
9666,0
9667,0
9668,0
9669,4
9670,2
9671,1
9672,5
9673,0
9674,0
9675,0
9676,1
9677,3
9678,0
9679,2
9680,0
9681,2
9682,0
9683,2
9684,1
9685,0
9686,0
9687,2
9688,0
9689,1
9690,1
9691,1
9692,1
9693,1
9694,3
9695,0
9696,0
9697,1
9698,0
9699,0
9700,1
9701,0
9702,1
9703,2
9704,0
9705,2
9706,0
9707,0
9708,1
9709,1
9710,0
9711,0
9712,2
9713,3
9714,0
9715,2
9716,1
9717,0
9718,1
9719,1
9720,1
9721,1
9722,0
9723,0
9724,0
9725,3
9726,3
9727,0
9728,0
9729,3
9730,1
9731,0
9732,1
9733,1
9734,1
9735,2
9736,0
9737,1
9738,1
9739,4
9740,2
9741,1
9742,1
9743,1
9744,0
9745,3
9746,2
9747,1
9748,1
9749,0
9750,1
9751,2
9752,0
9753,1
9754,0
9755,0
9756,0
9757,0
9758,1
9759,0
9760,2
9761,0
9762,4
9763,0
9764,0
9765,0
9766,0
9767,2
9768,1
9769,1
9770,0
9771,2
9772,0
9773,1
9774,1
9775,2
9776,2
9777,0
9778,1
9779,1
9780,0
9781,3
9782,1
9783,2
9784,1
9785,0
9786,0
9787,2
9788,1
9789,4
9790,1
9791,0
9792,2
9793,0
9794,0
9795,1
9796,1
9797,0
9798,1
9799,1
9800,1
9801,0
9802,1
9803,2
9804,2
9805,0
9806,1
9807,2
9808,0
9809,0
9810,1
9811,2
9812,1
9813,2
9814,1
9815,2
9816,0
9817,0
9818,1
9819,0
9820,1
9821,1
9822,0
9823,0
9824,2
9825,1
9826,0
9827,4
9828,2
9829,2
9830,2
9831,1
9832,3
9833,0
9834,1
9835,0
9836,1
9837,0
9838,1
9839,0
9840,2
9841,3
9842,4
9843,1
9844,1
9845,2
9846,2
9847,3
9848,2
9849,2
9850,1
9851,1
9852,0
9853,1
9854,1
9855,0
9856,0
9857,0
9858,0
9859,0
9860,1
9861,1
9862,0
9863,1
9864,0
9865,3
9866,1
9867,1
9868,3
9869,1
9870,1
9871,3
9872,0
9873,2
9874,1
9875,0
9876,1
9877,1
9878,2
9879,1
9880,0
9881,1
9882,1
9883,0
9884,0
9885,1
9886,3
9887,0
9888,2
9889,2
9890,0
9891,0
9892,0
9893,0
9894,1
9895,1
9896,2
9897,0
9898,0
9899,1
9900,2
9901,0
9902,1
9903,2
9904,1
9905,1
9906,1
9907,0
9908,2
9909,0
9910,2
9911,0
9912,0
9913,0
9914,2
9915,1
9916,0
9917,0
9918,1
9919,1
9920,0
9921,0
9922,2
9923,3
9924,0
9925,1
9926,0
9927,0
9928,2
9929,0
9930,1
9931,0
9932,0
9933,1
9934,0
9935,2
9936,2
9937,1
9938,2
9939,0
9940,2
9941,2
9942,3
9943,0
9944,0
9945,0
9946,1
9947,2
9948,0
9949,0
9950,0
9951,3
9952,1
9953,2
9954,2
9955,0
9956,2
9957,0
9958,2
9959,1
9960,2
9961,0
9962,1
9963,1
9964,0
9965,0
9966,1
9967,0
9968,4
9969,1
9970,2
9971,3
9972,2
9973,1
9974,0
9975,0
9976,1
9977,1
9978,1
9979,0
9980,1
9981,2
9982,0
9983,1
9984,0
9985,0
9986,2
9987,1
9988,2
9989,2
9990,3
9991,0
9992,3
9993,1
9994,1
9995,1
9996,0
9997,1
9998,0
9999,1
