0,288
1,68
2,14
3,14
4,43
5,0
6,74
7,43
8,0
9,50
10,0
11,86
12,43
13,0
14,9
15,16
16,0
17,17
18,0
19,0
20,0
21,7
22,7
23,65
24,69
25,39
26,55
27,0
28,45
29,17
30,0
31,12
32,0
33,32
34,0
35,29
36,54
37,22
38,17
39,59
40,0
41,0
42,0
43,1
44,16
45,0
46,38
47,0
48,0
49,0
50,0
51,46
52,34
53,0
54,2
55,0
56,7
57,0
58,42
59,16
60,2
61,0
62,9
63,61
64,0
65,0
66,28
67,17
68,5
69,18
70,3
71,18
72,0
73,0
74,5
75,26
76,5
77,0
78,15
79,0
80,9
81,21
82,17
83,3
84,27
85,10
86,0
87,15
88,12
89,0
90,26
91,15
92,0
93,3
94,0
95,47
96,1
97,9
98,10
99,12
100,18
101,0
102,11
103,0
104,0
105,25
106,14
107,6
108,9
109,7
110,0
111,1
112,0
113,31
114,32
115,10
116,0
117,0
118,0
119,13
120,0
121,0
122,10
123,0
124,6
125,0
126,23
127,0
128,19
129,40
130,0
131,43
132,19
133,22
134,2
135,0
136,0
137,2
138,21
139,40
140,0
141,1
142,8
143,31
144,0
145,0
146,3
147,0
148,23
149,0
150,0
151,4
152,3
153,35
154,1
155,24
156,14
157,3
158,1
159,8
160,0
161,8
162,11
163,3
164,7
165,0
166,0
167,2
168,4
169,33
170,6
171,0
172,50
173,34
174,4
175,0
176,13
177,0
178,12
179,5
180,0
181,7
182,12
183,0
184,8
185,8
186,25
187,2
188,0
189,0
190,0
191,8
192,0
193,49
194,5
195,0
196,0
197,4
198,9
199,0
200,2
201,13
202,9
203,19
204,28
205,0
206,0
207,6
208,21
209,14
210,1
211,23
212,0
213,0
214,16
215,4
216,5
217,5
218,3
219,16
220,2
221,31
222,1
223,21
224,0
225,8
226,14
227,20
228,5
229,0
230,2
231,0
232,0
233,0
234,11
235,0
236,0
237,11
238,4
239,25
240,0
241,4
242,0
243,0
244,5
245,0
246,12
247,0
248,0
249,0
250,0
251,5
252,1
253,7
254,7
255,8
256,31
257,0
258,0
259,0
260,6
261,3
262,10
263,0
264,11
265,0
266,11
267,11
268,0
269,5
270,20
271,16
272,0
273,0
274,0
275,7
276,7
277,0
278,25
279,11
280,1
281,1
282,2
283,0
284,0
285,10
286,4
287,14
288,0
289,3
290,5
291,15
292,10
293,12
294,25
295,0
296,0
297,0
298,1
299,18
300,0
301,0
302,4
303,18
304,6
305,3
306,19
307,0
308,4
309,11
310,22
311,1
312,6
313,9
314,4
315,7
316,6
317,2
318,10
319,4
320,8
321,0
322,6
323,7
324,4
325,26
326,43
327,1
328,3
329,1
330,0
331,9
332,0
333,6
334,0
335,22
336,10
337,13
338,0
339,4
340,0
341,0
342,0
343,0
344,7
345,0
346,0
347,8
348,0
349,10
350,10
351,3
352,0
353,0
354,13
355,0
356,0
357,6
358,0
359,9
360,4
361,0
362,0
363,8
364,0
365,2
366,10
367,0
368,1
369,8
370,11
371,0
372,5
373,0
374,1
375,16
376,0
377,0
378,4
379,6
380,0
381,0
382,24
383,0
384,12
385,0
386,26
387,12
388,14
389,0
390,2
391,12
392,9
393,0
394,0
395,2
396,0
397,3
398,0
399,0
400,7
401,0
402,10
403,1
404,0
405,14
406,1
407,8
408,9
409,12
410,0
411,7
412,2
413,6
414,4
415,1
416,14
417,11
418,0
419,13
420,6
421,1
422,1
423,4
424,4
425,0
426,2
427,11
428,0
429,0
430,7
431,0
432,9
433,4
434,3
435,0
436,3
437,0
438,7
439,7
440,7
441,5
442,0
443,8
444,1
445,0
446,13
447,2
448,13
449,0
450,19
451,0
452,0
453,0
454,3
455,7
456,2
457,7
458,0
459,5
460,0
461,0
462,10
463,0
464,0
465,8
466,0
467,1
468,6
469,31
470,3
471,13
472,6
473,0
474,0
475,8
476,0
477,0
478,0
479,5
480,0
481,0
482,2
483,9
484,13
485,0
486,0
487,1
488,0
489,0
490,5
491,0
492,1
493,2
494,0
495,0
496,0
497,0
498,2
499,0
500,0
501,0
502,6
503,3
504,0
505,6
506,2
507,0
508,0
509,1
510,16
511,1
512,0
513,0
514,0
515,1
516,5
517,0
518,5
519,5
520,0
521,0
522,12
523,0
524,13
525,9
526,6
527,0
528,4
529,0
530,0
531,1
532,17
533,14
534,0
535,3
536,2
537,15
538,0
539,0
540,0
541,12
542,4
543,5
544,2
545,1
546,1
547,4
548,25
549,10
550,1
551,4
552,9
553,0
554,5
555,0
556,2
557,0
558,8
559,5
560,0
561,0
562,2
563,9
564,5
565,4
566,0
567,0
568,3
569,11
570,4
571,14
572,1
573,7
574,0
575,1
576,4
577,3
578,5
579,14
580,1
581,17
582,0
583,16
584,8
585,1
586,3
587,23
588,2
589,5
590,2
591,3
592,4
593,12
594,0
595,2
596,0
597,5
598,17
599,3
600,0
601,11
602,12
603,6
604,0
605,9
606,1
607,3
608,0
609,3
610,5
611,1
612,13
613,4
614,9
615,0
616,0
617,11
618,19
619,20
620,9
621,3
622,0
623,0
624,0
625,2
626,0
627,3
628,0
629,2
630,7
631,0
632,0
633,7
634,0
635,12
636,10
637,5
638,0
639,0
640,3
641,0
642,0
643,0
644,0
645,9
646,1
647,0
648,0
649,4
650,0
651,0
652,0
653,1
654,0
655,20
656,8
657,4
658,0
659,7
660,0
661,0
662,9
663,2
664,13
665,3
666,0
667,4
668,0
669,0
670,6
671,2
672,0
673,14
674,1
675,2
676,0
677,0
678,2
679,0
680,8
681,1
682,0
683,2
684,8
685,4
686,13
687,4
688,0
689,0
690,1
691,7
692,0
693,1
694,0
695,2
696,0
697,2
698,0
699,13
700,6
701,6
702,0
703,0
704,3
705,0
706,2
707,9
708,0
709,2
710,0
711,15
712,0
713,0
714,5
715,14
716,2
717,16
718,5
719,0
720,21
721,6
722,0
723,4
724,3
725,0
726,8
727,7
728,1
729,4
730,1
731,0
732,2
733,8
734,0
735,8
736,10
737,0
738,0
739,0
740,2
741,1
742,9
743,0
744,3
745,3
746,0
747,3
748,7
749,0
750,16
751,14
752,0
753,0
754,8
755,12
756,19
757,10
758,1
759,3
760,6
761,2
762,8
763,11
764,4
765,18
766,1
767,4
768,2
769,4
770,2
771,0
772,9
773,21
774,7
775,15
776,0
777,0
778,2
779,10
780,0
781,6
782,2
783,2
784,0
785,9
786,0
787,0
788,3
789,0
790,5
791,1
792,18
793,0
794,0
795,0
796,0
797,10
798,0
799,13
800,3
801,6
802,3
803,0
804,3
805,0
806,2
807,2
808,1
809,6
810,2
811,0
812,0
813,1
814,5
815,1
816,0
817,2
818,8
819,1
820,1
821,1
822,10
823,0
824,3
825,0
826,1
827,1
828,3
829,2
830,1
831,0
832,0
833,1
834,0
835,1
836,3
837,3
838,1
839,0
840,3
841,11
842,0
843,4
844,0
845,16
846,10
847,0
848,6
849,3
850,6
851,0
852,2
853,11
854,0
855,4
856,0
857,4
858,0
859,0
860,0
861,7
862,0
863,0
864,0
865,0
866,4
867,6
868,0
869,1
870,5
871,2
872,5
873,0
874,0
875,3
876,7
877,9
878,6
879,0
880,4
881,0
882,8
883,0
884,3
885,1
886,0
887,9
888,1
889,0
890,5
891,3
892,8
893,0
894,0
895,7
896,3
897,2
898,0
899,0
900,1
901,0
902,2
903,0
904,0
905,3
906,3
907,4
908,0
909,1
910,2
911,11
912,12
913,0
914,5
915,1
916,6
917,0
918,4
919,2
920,5
921,4
922,4
923,4
924,1
925,0
926,0
927,0
928,2
929,0
930,0
931,0
932,0
933,4
934,0
935,6
936,4
937,6
938,9
939,0
940,7
941,24
942,1
943,0
944,7
945,5
946,0
947,4
948,0
949,9
950,0
951,6
952,4
953,14
954,0
955,8
956,10
957,0
958,1
959,3
960,3
961,3
962,5
963,16
964,3
965,0
966,16
967,0
968,5
969,1
970,7
971,4
972,0
973,6
974,0
975,0
976,0
977,0
978,0
979,0
980,11
981,8
982,0
983,0
984,0
985,13
986,0
987,9
988,11
989,9
990,0
991,4
992,7
993,0
994,1
995,4
996,5
997,0
998,0
999,0
1000,2
1001,0
1002,5
1003,2
1004,0
1005,0
1006,0
1007,1
1008,0
1009,0
1010,0
1011,16
1012,1
1013,1
1014,6
1015,8
1016,0
1017,0
1018,9
1019,0
1020,0
1021,0
1022,2
1023,7
1024,4
1025,8
1026,0
1027,5
1028,0
1029,2
1030,0
1031,0
1032,0
1033,11
1034,0
1035,2
1036,0
1037,0
1038,6
1039,4
1040,2
1041,4
1042,2
1043,0
1044,6
1045,1
1046,0
1047,17
1048,0
1049,2
1050,4
1051,3
1052,0
1053,0
1054,2
1055,0
1056,1
1057,3
1058,0
1059,2
1060,5
1061,1
1062,1
1063,3
1064,0
1065,17
1066,15
1067,0
1068,0
1069,4
1070,0
1071,0
1072,0
1073,0
1074,1
1075,4
1076,0
1077,0
1078,4
1079,1
1080,0
1081,1
1082,6
1083,0
1084,3
1085,0
1086,6
1087,0
1088,10
1089,0
1090,0
1091,0
1092,1
1093,0
1094,4
1095,4
1096,0
1097,0
1098,1
1099,5
1100,11
1101,0
1102,1
1103,3
1104,2
1105,0
1106,0
1107,0
1108,13
1109,2
1110,2
1111,8
1112,0
1113,18
1114,0
1115,0
1116,6
1117,22
1118,10
1119,5
1120,5
1121,1
1122,4
1123,14
1124,2
1125,3
1126,3
1127,0
1128,0
1129,0
1130,1
1131,6
1132,1
1133,0
1134,0
1135,13
1136,7
1137,0
1138,0
1139,3
1140,2
1141,9
1142,0
1143,0
1144,4
1145,6
1146,1
1147,5
1148,0
1149,2
1150,3
1151,2
1152,2
1153,2
1154,0
1155,3
1156,0
1157,1
1158,4
1159,1
1160,0
1161,0
1162,12
1163,2
1164,5
1165,2
1166,0
1167,5
1168,1
1169,1
1170,6
1171,0
1172,0
1173,3
1174,6
1175,0
1176,0
1177,5
1178,3
1179,0
1180,0
1181,1
1182,1
1183,1
1184,1
1185,0
1186,5
1187,8
1188,0
1189,4
1190,0
1191,1
1192,0
1193,3
1194,1
1195,0
1196,2
1197,0
1198,0
1199,0
1200,1
1201,4
1202,0
1203,17
1204,0
1205,12
1206,4
1207,0
1208,3
1209,0
1210,4
1211,2
1212,1
1213,17
1214,1
1215,0
1216,0
1217,2
1218,0
1219,1
1220,0
1221,4
1222,6
1223,12
1224,3
1225,3
1226,0
1227,0
1228,0
1229,4
1230,2
1231,3
1232,1
1233,3
1234,3
1235,10
1236,7
1237,3
1238,0
1239,1
1240,9
1241,0
1242,5
1243,3
1244,9
1245,0
1246,8
1247,5
1248,6
1249,2
1250,3
1251,6
1252,5
1253,1
1254,1
1255,0
1256,0
1257,1
1258,2
1259,1
1260,0
1261,0
1262,10
1263,0
1264,3
1265,0
1266,0
1267,2
1268,2
1269,15
1270,8
1271,10
1272,0
1273,13
1274,0
1275,1
1276,0
1277,2
1278,0
1279,1
1280,6
1281,2
1282,4
1283,7
1284,12
1285,5
1286,0
1287,4
1288,0
1289,5
1290,11
1291,3
1292,0
1293,0
1294,0
1295,3
1296,0
1297,4
1298,0
1299,3
1300,7
1301,6
1302,4
1303,0
1304,8
1305,0
1306,0
1307,4
1308,0
1309,1
1310,2
1311,0
1312,5
1313,0
1314,0
1315,3
1316,3
1317,1
1318,0
1319,1
1320,4
1321,2
1322,2
1323,0
1324,11
1325,0
1326,0
1327,1
1328,12
1329,0
1330,3
1331,9
1332,0
1333,0
1334,0
1335,0
1336,0
1337,5
1338,3
1339,7
1340,9
1341,5
1342,6
1343,2
1344,0
1345,6
1346,7
1347,0
1348,0
1349,6
1350,1
1351,0
1352,1
1353,2
1354,2
1355,15
1356,5
1357,0
1358,0
1359,3
1360,0
1361,0
1362,5
1363,0
1364,7
1365,0
1366,1
1367,0
1368,2
1369,10
1370,0
1371,0
1372,5
1373,0
1374,0
1375,4
1376,1
1377,6
1378,0
1379,0
1380,3
1381,0
1382,0
1383,7
1384,0
1385,2
1386,4
1387,2
1388,0
1389,1
1390,2
1391,0
1392,0
1393,0
1394,0
1395,2
1396,3
1397,0
1398,0
1399,14
1400,0
1401,3
1402,2
1403,1
1404,0
1405,0
1406,1
1407,4
1408,3
1409,5
1410,3
1411,0
1412,2
1413,1
1414,8
1415,5
1416,1
1417,6
1418,1
1419,5
1420,4
1421,8
1422,3
1423,0
1424,0
1425,0
1426,3
1427,4
1428,1
1429,0
1430,1
1431,1
1432,3
1433,4
1434,0
1435,0
1436,2
1437,1
1438,6
1439,0
1440,1
1441,5
1442,4
1443,0
1444,11
1445,6
1446,1
1447,5
1448,0
1449,5
1450,6
1451,5
1452,0
1453,8
1454,5
1455,3
1456,0
1457,6
1458,0
1459,0
1460,0
1461,1
1462,0
1463,0
1464,0
1465,2
1466,18
1467,2
1468,0
1469,8
1470,5
1471,0
1472,3
1473,1
1474,0
1475,1
1476,10
1477,8
1478,0
1479,3
1480,2
1481,1
1482,0
1483,2
1484,16
1485,8
1486,3
1487,2
1488,5
1489,8
1490,3
1491,0
1492,5
1493,0
1494,4
1495,0
1496,3
1497,0
1498,0
1499,0
1500,0
1501,5
1502,13
1503,1
1504,4
1505,0
1506,2
1507,0
1508,11
1509,4
1510,0
1511,4
1512,0
1513,2
1514,2
1515,8
1516,0
1517,13
1518,1
1519,0
1520,1
1521,1
1522,1
1523,0
1524,2
1525,5
1526,3
1527,6
1528,0
1529,0
1530,4
1531,0
1532,4
1533,2
1534,1
1535,0
1536,0
1537,0
1538,2
1539,1
1540,0
1541,2
1542,0
1543,0
1544,2
1545,9
1546,9
1547,1
1548,0
1549,0
1550,2
1551,0
1552,0
1553,3
1554,1
1555,8
1556,11
1557,0
1558,0
1559,3
1560,0
1561,5
1562,0
1563,0
1564,1
1565,0
1566,5
1567,6
1568,1
1569,0
1570,4
1571,0
1572,1
1573,0
1574,1
1575,0
1576,2
1577,12
1578,0
1579,5
1580,7
1581,0
1582,0
1583,5
1584,1
1585,4
1586,4
1587,0
1588,1
1589,3
1590,0
1591,1
1592,1
1593,1
1594,2
1595,3
1596,1
1597,1
1598,1
1599,0
1600,4
1601,1
1602,0
1603,2
1604,2
1605,2
1606,3
1607,3
1608,4
1609,0
1610,10
1611,8
1612,0
1613,0
1614,9
1615,0
1616,6
1617,4
1618,0
1619,0
1620,1
1621,0
1622,9
1623,5
1624,3
1625,7
1626,0
1627,4
1628,1
1629,5
1630,0
1631,0
1632,0
1633,0
1634,0
1635,2
1636,5
1637,1
1638,0
1639,5
1640,8
1641,0
1642,0
1643,6
1644,1
1645,2
1646,4
1647,12
1648,0
1649,4
1650,0
1651,1
1652,1
1653,0
1654,0
1655,6
1656,1
1657,3
1658,3
1659,0
1660,1
1661,0
1662,0
1663,0
1664,5
1665,0
1666,0
1667,2
1668,2
1669,0
1670,0
1671,0
1672,0
1673,7
1674,0
1675,8
1676,5
1677,0
1678,3
1679,6
1680,11
1681,1
1682,2
1683,0
1684,9
1685,2
1686,0
1687,2
1688,6
1689,1
1690,3
1691,1
1692,1
1693,1
1694,0
1695,0
1696,4
1697,3
1698,5
1699,0
1700,0
1701,1
1702,1
1703,4
1704,5
1705,7
1706,5
1707,3
1708,0
1709,1
1710,2
1711,0
1712,0
1713,0
1714,2
1715,1
1716,0
1717,0
1718,12
1719,7
1720,7
1721,12
1722,2
1723,3
1724,2
1725,1
1726,1
1727,3
1728,0
1729,4
1730,4
1731,11
1732,3
1733,0
1734,0
1735,0
1736,0
1737,1
1738,2
1739,4
1740,3
1741,19
1742,3
1743,1
1744,3
1745,2
1746,2
1747,4
1748,1
1749,7
1750,6
1751,2
1752,0
1753,1
1754,1
1755,5
1756,1
1757,0
1758,0
1759,0
1760,0
1761,3
1762,3
1763,0
1764,0
1765,3
1766,7
1767,0
1768,7
1769,8
1770,3
1771,0
1772,1
1773,5
1774,0
1775,0
1776,2
1777,3
1778,0
1779,0
1780,16
1781,0
1782,7
1783,1
1784,0
1785,2
1786,1
1787,0
1788,1
1789,0
1790,2
1791,1
1792,5
1793,1
1794,0
1795,14
1796,0
1797,2
1798,0
1799,0
1800,6
1801,1
1802,0
1803,0
1804,6
1805,0
1806,1
1807,0
1808,4
1809,0
1810,1
1811,0
1812,4
1813,1
1814,10
1815,1
1816,2
1817,0
1818,0
1819,3
1820,0
1821,0
1822,0
1823,2
1824,7
1825,4
1826,0
1827,0
1828,1
1829,2
1830,2
1831,0
1832,16
1833,0
1834,0
1835,3
1836,0
1837,0
1838,6
1839,3
1840,1
1841,1
1842,0
1843,0
1844,1
1845,0
1846,2
1847,0
1848,0
1849,0
1850,0
1851,2
1852,3
1853,5
1854,0
1855,0
1856,0
1857,0
1858,2
1859,0
1860,1
1861,0
1862,4
1863,0
1864,0
1865,3
1866,2
1867,12
1868,5
1869,5
1870,1
1871,1
1872,0
1873,0
1874,3
1875,1
1876,0
1877,5
1878,3
1879,0
1880,0
1881,3
1882,2
1883,0
1884,3
1885,1
1886,1
1887,0
1888,4
1889,0
1890,6
1891,2
1892,3
1893,1
1894,0
1895,0
1896,0
1897,0
1898,0
1899,7
1900,1
1901,2
1902,4
1903,0
1904,0
1905,4
1906,0
1907,3
1908,0
1909,0
1910,0
1911,3
1912,0
1913,13
1914,2
1915,0
1916,0
1917,4
1918,5
1919,5
1920,0
1921,0
1922,13
1923,2
1924,2
1925,5
1926,2
1927,3
1928,0
1929,1
1930,2
1931,1
1932,0
1933,7
1934,2
1935,0
1936,4
1937,0
1938,5
1939,0
1940,14
1941,0
1942,8
1943,0
1944,0
1945,2
1946,2
1947,0
1948,0
1949,0
1950,5
1951,0
1952,0
1953,4
1954,1
1955,0
1956,10
1957,1
1958,1
1959,0
1960,6
1961,3
1962,0
1963,0
1964,0
1965,1
1966,1
1967,7
1968,0
1969,1
1970,2
1971,2
1972,10
1973,1
1974,8
1975,4
1976,3
1977,10
1978,7
1979,4
1980,3
1981,0
1982,0
1983,1
1984,1
1985,1
1986,1
1987,4
1988,0
1989,0
1990,0
1991,0
1992,1
1993,3
1994,1
1995,7
1996,3
1997,4
1998,0
1999,2
2000,0
2001,1
2002,0
2003,1
2004,5
2005,0
2006,0
2007,1
2008,1
2009,3
2010,7
2011,5
2012,2
2013,0
2014,1
2015,4
2016,5
2017,4
2018,1
2019,2
2020,0
2021,3
2022,3
2023,0
2024,4
2025,1
2026,1
2027,0
2028,4
2029,2
2030,3
2031,5
2032,1
2033,0
2034,2
2035,4
2036,3
2037,1
2038,8
2039,8
2040,4
2041,2
2042,0
2043,0
2044,1
2045,0
2046,1
2047,1
2048,0
2049,8
2050,0
2051,0
2052,0
2053,1
2054,1
2055,1
2056,0
2057,3
2058,2
2059,1
2060,0
2061,11
2062,1
2063,0
2064,2
2065,1
2066,5
2067,0
2068,1
2069,5
2070,2
2071,2
2072,4
2073,0
2074,11
2075,3
2076,1
2077,3
2078,0
2079,0
2080,0
2081,0
2082,0
2083,1
2084,0
2085,3
2086,0
2087,0
2088,1
2089,0
2090,0
2091,0
2092,2
2093,5
2094,0
2095,0
2096,0
2097,4
2098,17
2099,2
2100,1
2101,1
2102,10
2103,2
2104,1
2105,4
2106,3
2107,0
2108,6
2109,0
2110,2
2111,0
2112,3
2113,3
2114,2
2115,0
2116,1
2117,3
2118,0
2119,0
2120,4
2121,4
2122,1
2123,4
2124,2
2125,1
2126,0
2127,0
2128,3
2129,1
2130,0
2131,0
2132,6
2133,0
2134,0
2135,3
2136,0
2137,2
2138,0
2139,2
2140,0
2141,1
2142,3
2143,0
2144,0
2145,2
2146,0
2147,1
2148,3
2149,1
2150,4
2151,2
2152,20
2153,0
2154,0
2155,1
2156,2
2157,8
2158,3
2159,0
2160,0
2161,0
2162,0
2163,4
2164,1
2165,0
2166,0
2167,1
2168,4
2169,6
2170,10
2171,11
2172,0
2173,3
2174,4
2175,4
2176,0
2177,2
2178,3
2179,1
2180,4
2181,2
2182,2
2183,0
2184,0
2185,0
2186,4
2187,2
2188,0
2189,3
2190,1
2191,1
2192,3
2193,4
2194,0
2195,3
2196,0
2197,0
2198,4
2199,0
2200,6
2201,1
2202,1
2203,5
2204,0
2205,1
2206,0
2207,0
2208,6
2209,3
2210,4
2211,1
2212,1
2213,0
2214,0
2215,5
2216,1
2217,10
2218,3
2219,4
2220,0
2221,7
2222,0
2223,0
2224,0
2225,1
2226,1
2227,8
2228,3
2229,2
2230,0
2231,0
2232,1
2233,4
2234,0
2235,2
2236,0
2237,3
2238,6
2239,2
2240,0
2241,1
2242,0
2243,0
2244,2
2245,2
2246,6
2247,2
2248,7
2249,6
2250,0
2251,0
2252,0
2253,0
2254,1
2255,1
2256,1
2257,4
2258,5
2259,0
2260,0
2261,0
2262,0
2263,0
2264,0
2265,4
2266,5
2267,3
2268,3
2269,3
2270,2
2271,0
2272,0
2273,1
2274,0
2275,0
2276,5
2277,1
2278,2
2279,1
2280,0
2281,0
2282,0
2283,0
2284,1
2285,2
2286,8
2287,3
2288,0
2289,5
2290,0
2291,2
2292,0
2293,0
2294,0
2295,0
2296,0
2297,12
2298,3
2299,2
2300,0
2301,0
2302,1
2303,0
2304,0
2305,0
2306,0
2307,4
2308,0
2309,0
2310,0
2311,3
2312,1
2313,0
2314,1
2315,1
2316,4
2317,2
2318,0
2319,10
2320,0
2321,1
2322,9
2323,0
2324,1
2325,0
2326,5
2327,0
2328,2
2329,3
2330,4
2331,0
2332,0
2333,0
2334,0
2335,2
2336,2
2337,0
2338,0
2339,3
2340,0
2341,2
2342,0
2343,3
2344,0
2345,0
2346,0
2347,1
2348,1
2349,1
2350,0
2351,8
2352,5
2353,4
2354,3
2355,0
2356,3
2357,0
2358,2
2359,2
2360,2
2361,4
2362,0
2363,0
2364,4
2365,1
2366,0
2367,9
2368,0
2369,1
2370,1
2371,2
2372,1
2373,0
2374,0
2375,0
2376,3
2377,0
2378,2
2379,0
2380,1
2381,2
2382,0
2383,1
2384,0
2385,8
2386,5
2387,3
2388,3
2389,2
2390,2
2391,1
2392,1
2393,4
2394,1
2395,1
2396,5
2397,0
2398,1
2399,1
2400,0
2401,0
2402,7
2403,0
2404,4
2405,0
2406,0
2407,0
2408,14
2409,2
2410,4
2411,2
2412,4
2413,0
2414,3
2415,6
2416,8
2417,0
2418,2
2419,0
2420,2
2421,6
2422,5
2423,0
2424,4
2425,0
2426,2
2427,1
2428,2
2429,3
2430,0
2431,1
2432,0
2433,2
2434,5
2435,1
2436,3
2437,0
2438,0
2439,4
2440,3
2441,0
2442,0
2443,2
2444,1
2445,0
2446,0
2447,3
2448,4
2449,0
2450,4
2451,2
2452,3
2453,9
2454,0
2455,3
2456,2
2457,0
2458,1
2459,4
2460,7
2461,0
2462,2
2463,3
2464,3
2465,1
2466,1
2467,0
2468,0
2469,1
2470,3
2471,2
2472,1
2473,1
2474,0
2475,2
2476,0
2477,2
2478,3
2479,0
2480,0
2481,3
2482,1
2483,11
2484,2
2485,0
2486,1
2487,3
2488,0
2489,1
2490,6
2491,1
2492,0
2493,0
2494,0
2495,5
2496,0
2497,0
2498,0
2499,1
2500,4
2501,1
2502,0
2503,2
2504,6
2505,4
2506,1
2507,4
2508,0
2509,2
2510,1
2511,0
2512,0
2513,5
2514,0
2515,1
2516,9
2517,0
2518,4
2519,5
2520,0
2521,4
2522,2
2523,0
2524,0
2525,7
2526,0
2527,1
2528,0
2529,1
2530,1
2531,0
2532,0
2533,0
2534,1
2535,0
2536,1
2537,0
2538,3
2539,0
2540,3
2541,4
2542,1
2543,0
2544,0
2545,2
2546,2
2547,5
2548,4
2549,0
2550,1
2551,2
2552,1
2553,1
2554,8
2555,1
2556,3
2557,8
2558,3
2559,5
2560,0
2561,3
2562,0
2563,2
2564,0
2565,0
2566,2
2567,0
2568,7
2569,0
2570,5
2571,3
2572,0
2573,4
2574,4
2575,0
2576,1
2577,1
2578,2
2579,4
2580,7
2581,1
2582,0
2583,2
2584,2
2585,1
2586,4
2587,1
2588,1
2589,0
2590,2
2591,3
2592,2
2593,2
2594,0
2595,0
2596,1
2597,0
2598,0
2599,2
2600,3
2601,0
2602,0
2603,0
2604,4
2605,5
2606,1
2607,0
2608,2
2609,0
2610,0
2611,0
2612,4
2613,0
2614,1
2615,1
2616,1
2617,4
2618,0
2619,0
2620,2
2621,3
2622,0
2623,4
2624,1
2625,0
2626,0
2627,0
2628,2
2629,2
2630,0
2631,0
2632,1
2633,8
2634,0
2635,0
2636,3
2637,1
2638,0
2639,0
2640,1
2641,3
2642,1
2643,2
2644,1
2645,0
2646,1
2647,0
2648,1
2649,2
2650,0
2651,2
2652,3
2653,9
2654,0
2655,0
2656,1
2657,5
2658,3
2659,1
2660,0
2661,0
2662,1
2663,7
2664,6
2665,0
2666,0
2667,2
2668,7
2669,0
2670,0
2671,1
2672,0
2673,0
2674,2
2675,4
2676,0
2677,1
2678,3
2679,0
2680,1
2681,0
2682,0
2683,0
2684,3
2685,0
2686,0
2687,0
2688,6
2689,11
2690,5
2691,2
2692,0
2693,1
2694,7
2695,0
2696,2
2697,3
2698,0
2699,7
2700,5
2701,0
2702,3
2703,0
2704,0
2705,0
2706,1
2707,0
2708,4
2709,3
2710,0
2711,5
2712,3
2713,0
2714,0
2715,0
2716,0
2717,5
2718,1
2719,0
2720,10
2721,5
2722,1
2723,5
2724,0
2725,2
2726,0
2727,3
2728,7
2729,3
2730,2
2731,0
2732,2
2733,0
2734,0
2735,0
2736,5
2737,5
2738,1
2739,2
2740,5
2741,4
2742,2
2743,1
2744,1
2745,0
2746,4
2747,10
2748,2
2749,1
2750,0
2751,0
2752,4
2753,1
2754,7
2755,2
2756,0
2757,0
2758,0
2759,0
2760,2
2761,3
2762,1
2763,6
2764,1
2765,1
2766,0
2767,0
2768,2
2769,0
2770,2
2771,6
2772,0
2773,11
2774,1
2775,0
2776,1
2777,1
2778,1
2779,0
2780,3
2781,0
2782,10
2783,4
2784,9
2785,5
2786,2
2787,0
2788,2
2789,0
2790,1
2791,3
2792,4
2793,3
2794,1
2795,7
2796,3
2797,0
2798,4
2799,0
2800,0
2801,0
2802,4
2803,0
2804,7
2805,2
2806,1
2807,0
2808,0
2809,4
2810,4
2811,0
2812,0
2813,3
2814,0
2815,0
2816,1
2817,2
2818,5
2819,1
2820,1
2821,2
2822,1
2823,0
2824,4
2825,4
2826,1
2827,0
2828,2
2829,3
2830,3
2831,1
2832,0
2833,2
2834,1
2835,0
2836,1
2837,5
2838,2
2839,4
2840,0
2841,2
2842,2
2843,1
2844,3
2845,7
2846,0
2847,0
2848,1
2849,3
2850,1
2851,0
2852,0
2853,3
2854,0
2855,0
2856,6
2857,0
2858,1
2859,0
2860,17
2861,0
2862,0
2863,0
2864,2
2865,2
2866,2
2867,3
2868,1
2869,1
2870,0
2871,2
2872,3
2873,1
2874,3
2875,0
2876,0
2877,0
2878,1
2879,0
2880,4
2881,2
2882,3
2883,4
2884,1
2885,0
2886,5
2887,1
2888,0
2889,0
2890,0
2891,2
2892,1
2893,0
2894,0
2895,5
2896,3
2897,9
2898,1
2899,0
2900,1
2901,1
2902,0
2903,10
2904,2
2905,3
2906,0
2907,5
2908,0
2909,6
2910,2
2911,4
2912,4
2913,0
2914,1
2915,1
2916,0
2917,3
2918,0
2919,0
2920,3
2921,1
2922,7
2923,3
2924,2
2925,1
2926,2
2927,1
2928,0
2929,6
2930,2
2931,1
2932,1
2933,2
2934,6
2935,3
2936,5
2937,6
2938,0
2939,6
2940,0
2941,6
2942,0
2943,3
2944,0
2945,0
2946,3
2947,1
2948,1
2949,1
2950,0
2951,0
2952,0
2953,0
2954,1
2955,0
2956,3
2957,2
2958,1
2959,1
2960,3
2961,3
2962,0
2963,1
2964,0
2965,3
2966,0
2967,0
2968,0
2969,0
2970,0
2971,2
2972,2
2973,0
2974,0
2975,5
2976,0
2977,2
2978,1
2979,0
2980,1
2981,2
2982,0
2983,0
2984,0
2985,0
2986,1
2987,0
2988,1
2989,0
2990,4
2991,0
2992,3
2993,0
2994,2
2995,7
2996,4
2997,0
2998,0
2999,6
3000,0
3001,1
3002,3
3003,1
3004,0
3005,1
3006,0
3007,1
3008,3
3009,3
3010,1
3011,9
3012,5
3013,0
3014,2
3015,2
3016,2
3017,0
3018,4
3019,1
3020,7
3021,3
3022,0
3023,0
3024,0
3025,0
3026,0
3027,0
3028,1
3029,0
3030,0
3031,2
3032,1
3033,0
3034,1
3035,2
3036,0
3037,8
3038,0
3039,3
3040,2
3041,2
3042,0
3043,3
3044,0
3045,2
3046,0
3047,0
3048,3
3049,2
3050,0
3051,3
3052,4
3053,0
3054,0
3055,2
3056,2
3057,1
3058,4
3059,0
3060,1
3061,7
3062,1
3063,4
3064,1
3065,0
3066,6
3067,0
3068,1
3069,5
3070,4
3071,2
3072,0
3073,0
3074,1
3075,6
3076,0
3077,1
3078,0
3079,5
3080,0
3081,2
3082,0
3083,3
3084,4
3085,0
3086,2
3087,8
3088,1
3089,0
3090,0
3091,2
3092,0
3093,2
3094,0
3095,1
3096,2
3097,3
3098,1
3099,1
3100,10
3101,0
3102,0
3103,2
3104,2
3105,3
3106,0
3107,5
3108,0
3109,1
3110,0
3111,2
3112,5
3113,3
3114,0
3115,1
3116,2
3117,0
3118,3
3119,0
3120,0
3121,2
3122,3
3123,1
3124,0
3125,2
3126,6
3127,0
3128,0
3129,2
3130,0
3131,1
3132,3
3133,6
3134,3
3135,2
3136,0
3137,1
3138,2
3139,1
3140,0
3141,3
3142,7
3143,0
3144,0
3145,1
3146,2
3147,3
3148,2
3149,2
3150,2
3151,5
3152,1
3153,1
3154,0
3155,0
3156,0
3157,0
3158,1
3159,0
3160,2
3161,2
3162,1
3163,0
3164,3
3165,0
3166,0
3167,3
3168,2
3169,2
3170,5
3171,6
3172,2
3173,0
3174,5
3175,1
3176,7
3177,0
3178,1
3179,0
3180,2
3181,2
3182,2
3183,2
3184,0
3185,0
3186,0
3187,1
3188,4
3189,3
3190,3
3191,1
3192,4
3193,4
3194,0
3195,2
3196,1
3197,0
3198,4
3199,1
3200,1
3201,1
3202,4
3203,2
3204,0
3205,4
3206,1
3207,1
3208,4
3209,1
3210,1
3211,5
3212,0
3213,0
3214,0
3215,0
3216,1
3217,0
3218,3
3219,2
3220,2
3221,0
3222,4
3223,0
3224,0
3225,1
3226,9
3227,0
3228,3
3229,3
3230,3
3231,0
3232,1
3233,2
3234,2
3235,1
3236,1
3237,0
3238,2
3239,0
3240,0
3241,0
3242,2
3243,3
3244,0
3245,1
3246,4
3247,0
3248,2
3249,0
3250,1
3251,1
3252,0
3253,0
3254,3
3255,0
3256,1
3257,0
3258,2
3259,2
3260,2
3261,0
3262,1
3263,3
3264,4
3265,0
3266,0
3267,0
3268,0
3269,0
3270,5
3271,2
3272,12
3273,1
3274,0
3275,1
3276,0
3277,0
3278,2
3279,0
3280,3
3281,6
3282,1
3283,5
3284,0
3285,2
3286,5
3287,0
3288,2
3289,1
3290,1
3291,0
3292,4
3293,6
3294,1
3295,2
3296,3
3297,1
3298,2
3299,0
3300,1
3301,3
3302,0
3303,1
3304,4
3305,3
3306,2
3307,3
3308,3
3309,0
3310,0
3311,1
3312,0
3313,9
3314,4
3315,1
3316,4
3317,2
3318,0
3319,5
3320,4
3321,3
3322,0
3323,0
3324,1
3325,1
3326,1
3327,3
3328,2
3329,4
3330,1
3331,1
3332,5
3333,2
3334,4
3335,0
3336,0
3337,0
3338,2
3339,3
3340,0
3341,0
3342,0
3343,0
3344,1
3345,3
3346,0
3347,0
3348,1
3349,2
3350,4
3351,1
3352,1
3353,1
3354,6
3355,1
3356,4
3357,1
3358,0
3359,6
3360,3
3361,4
3362,0
3363,1
3364,1
3365,5
3366,1
3367,0
3368,0
3369,5
3370,5
3371,1
3372,2
3373,0
3374,2
3375,6
3376,3
3377,0
3378,3
3379,0
3380,1
3381,0
3382,2
3383,0
3384,0
3385,0
3386,5
3387,0
3388,1
3389,0
3390,3
3391,1
3392,0
3393,0
3394,1
3395,1
3396,5
3397,0
3398,1
3399,2
3400,0
3401,0
3402,0
3403,1
3404,0
3405,2
3406,0
3407,1
3408,1
3409,2
3410,2
3411,4
3412,5
3413,0
3414,1
3415,6
3416,3
3417,1
3418,0
3419,0
3420,5
3421,7
3422,0
3423,2
3424,2
3425,3
3426,1
3427,2
3428,4
3429,4
3430,2
3431,4
3432,2
3433,0
3434,0
3435,0
3436,1
3437,0
3438,1
3439,0
3440,0
3441,0
3442,0
3443,0
3444,0
3445,2
3446,0
3447,2
3448,0
3449,2
3450,3
3451,1
3452,3
3453,0
3454,3
3455,0
3456,0
3457,6
3458,1
3459,3
3460,1
3461,1
3462,1
3463,0
3464,2
3465,0
3466,2
3467,0
3468,1
3469,2
3470,2
3471,4
3472,0
3473,0
3474,17
3475,0
3476,1
3477,1
3478,2
3479,0
3480,0
3481,3
3482,2
3483,7
3484,0
3485,2
3486,1
3487,1
3488,1
3489,2
3490,3
3491,5
3492,3
3493,0
3494,0
3495,4
3496,0
3497,4
3498,0
3499,1
3500,2
3501,1
3502,4
3503,0
3504,2
3505,1
3506,0
3507,0
3508,2
3509,0
3510,1
3511,1
3512,1
3513,2
3514,1
3515,0
3516,1
3517,0
3518,1
3519,2
3520,1
3521,5
3522,0
3523,0
3524,2
3525,2
3526,1
3527,4
3528,0
3529,1
3530,3
3531,0
3532,5
3533,0
3534,0
3535,3
3536,3
3537,0
3538,1
3539,1
3540,0
3541,0
3542,0
3543,2
3544,4
3545,1
3546,0
3547,3
3548,1
3549,0
3550,0
3551,1
3552,0
3553,0
3554,7
3555,1
3556,0
3557,4
3558,0
3559,9
3560,3
3561,0
3562,6
3563,0
3564,1
3565,1
3566,5
3567,0
3568,2
3569,0
3570,1
3571,0
3572,1
3573,0
3574,0
3575,0
3576,0
3577,0
3578,2
3579,0
3580,0
3581,1
3582,5
3583,3
3584,0
3585,2
3586,2
3587,1
3588,1
3589,0
3590,3
3591,4
3592,2
3593,0
3594,0
3595,4
3596,2
3597,0
3598,0
3599,9
3600,0
3601,3
3602,0
3603,3
3604,0
3605,0
3606,3
3607,0
3608,3
3609,1
3610,0
3611,1
3612,0
3613,0
3614,3
3615,4
3616,0
3617,2
3618,2
3619,4
3620,0
3621,2
3622,2
3623,1
3624,0
3625,0
3626,5
3627,0
3628,1
3629,2
3630,4
3631,6
3632,0
3633,5
3634,2
3635,2
3636,4
3637,1
3638,0
3639,7
3640,2
3641,6
3642,0
3643,1
3644,0
3645,0
3646,2
3647,1
3648,0
3649,1
3650,1
3651,1
3652,3
3653,1
3654,1
3655,0
3656,0
3657,6
3658,1
3659,1
3660,0
3661,1
3662,1
3663,0
3664,1
3665,3
3666,2
3667,1
3668,1
3669,5
3670,0
3671,0
3672,0
3673,5
3674,3
3675,2
3676,5
3677,1
3678,1
3679,0
3680,3
3681,2
3682,0
3683,0
3684,4
3685,1
3686,0
3687,5
3688,0
3689,3
3690,2
3691,0
3692,0
3693,2
3694,0
3695,2
3696,5
3697,1
3698,0
3699,0
3700,1
3701,2
3702,1
3703,1
3704,6
3705,0
3706,3
3707,1
3708,1
3709,0
3710,0
3711,0
3712,0
3713,2
3714,3
3715,4
3716,1
3717,0
3718,1
3719,1
3720,1
3721,1
3722,5
3723,2
3724,1
3725,3
3726,4
3727,2
3728,1
3729,5
3730,4
3731,0
3732,0
3733,0
3734,0
3735,0
3736,1
3737,0
3738,0
3739,1
3740,0
3741,0
3742,1
3743,3
3744,2
3745,1
3746,4
3747,2
3748,0
3749,0
3750,0
3751,0
3752,4
3753,0
3754,1
3755,1
3756,3
3757,1
3758,0
3759,0
3760,0
3761,0
3762,0
3763,1
3764,2
3765,1
3766,2
3767,2
3768,0
3769,3
3770,0
3771,4
3772,2
3773,2
3774,0
3775,3
3776,4
3777,2
3778,1
3779,0
3780,1
3781,2
3782,0
3783,0
3784,0
3785,1
3786,0
3787,3
3788,0
3789,1
3790,2
3791,2
3792,1
3793,0
3794,3
3795,2
3796,2
3797,1
3798,3
3799,0
3800,0
3801,1
3802,0
3803,1
3804,1
3805,3
3806,1
3807,1
3808,0
3809,0
3810,0
3811,0
3812,0
3813,0
3814,0
3815,3
3816,4
3817,1
3818,1
3819,5
3820,2
3821,3
3822,2
3823,2
3824,1
3825,4
3826,1
3827,1
3828,3
3829,2
3830,3
3831,1
3832,6
3833,0
3834,3
3835,1
3836,1
3837,4
3838,3
3839,2
3840,0
3841,0
3842,0
3843,6
3844,0
3845,1
3846,0
3847,1
3848,2
3849,0
3850,1
3851,1
3852,0
3853,2
3854,0
3855,2
3856,0
3857,1
3858,5
3859,3
3860,0
3861,1
3862,2
3863,1
3864,1
3865,0
3866,1
3867,2
3868,4
3869,0
3870,1
3871,0
3872,0
3873,0
3874,4
3875,2
3876,4
3877,1
3878,3
3879,0
3880,0
3881,1
3882,0
3883,0
3884,5
3885,1
3886,1
3887,1
3888,0
3889,1
3890,1
3891,1
3892,2
3893,1
3894,0
3895,1
3896,1
3897,1
3898,0
3899,3
3900,0
3901,1
3902,5
3903,0
3904,7
3905,1
3906,1
3907,6
3908,2
3909,1
3910,0
3911,2
3912,0
3913,0
3914,4
3915,5
3916,0
3917,0
3918,1
3919,1
3920,0
3921,0
3922,0
3923,4
3924,2
3925,0
3926,1
3927,0
3928,0
3929,0
3930,4
3931,0
3932,1
3933,5
3934,0
3935,2
3936,1
3937,1
3938,2
3939,0
3940,4
3941,2
3942,2
3943,1
3944,0
3945,0
3946,2
3947,1
3948,2
3949,0
3950,1
3951,0
3952,2
3953,0
3954,0
3955,3
3956,1
3957,1
3958,12
3959,2
3960,0
3961,1
3962,5
3963,0
3964,2
3965,1
3966,2
3967,5
3968,0
3969,0
3970,0
3971,0
3972,1
3973,1
3974,0
3975,1
3976,6
3977,0
3978,3
3979,0
3980,8
3981,1
3982,0
3983,0
3984,1
3985,0
3986,2
3987,3
3988,0
3989,2
3990,0
3991,5
3992,4
3993,3
3994,3
3995,1
3996,0
3997,2
3998,2
3999,0
4000,2
4001,3
4002,5
4003,0
4004,0
4005,0
4006,1
4007,0
4008,5
4009,2
4010,0
4011,0
4012,2
4013,1
4014,0
4015,1
4016,2
4017,2
4018,7
4019,0
4020,0
4021,0
4022,2
4023,0
4024,1
4025,3
4026,1
4027,0
4028,1
4029,0
4030,4
4031,3
4032,0
4033,1
4034,3
4035,1
4036,0
4037,3
4038,0
4039,0
4040,1
4041,0
4042,0
4043,0
4044,1
4045,0
4046,1
4047,1
4048,1
4049,0
4050,1
4051,0
4052,0
4053,1
4054,3
4055,0
4056,2
4057,0
4058,1
4059,5
4060,0
4061,7
4062,1
4063,0
4064,0
4065,0
4066,0
4067,2
4068,5
4069,0
4070,1
4071,1
4072,2
4073,0
4074,2
4075,2
4076,3
4077,0
4078,0
4079,4
4080,1
4081,0
4082,0
4083,1
4084,3
4085,3
4086,0
4087,0
4088,5
4089,1
4090,3
4091,6
4092,1
4093,2
4094,0
4095,0
4096,0
4097,0
4098,0
4099,0
4100,0
4101,2
4102,0
4103,0
4104,2
4105,8
4106,5
4107,1
4108,0
4109,5
4110,0
4111,0
4112,0
4113,0
4114,0
4115,3
4116,1
4117,0
4118,1
4119,2
4120,2
4121,0
4122,3
4123,0
4124,3
4125,3
4126,2
4127,0
4128,1
4129,1
4130,0
4131,0
4132,0
4133,2
4134,1
4135,3
4136,0
4137,0
4138,4
4139,1
4140,0
4141,0
4142,0
4143,0
4144,0
4145,0
4146,2
4147,2
4148,3
4149,3
4150,0
4151,0
4152,0
4153,1
4154,3
4155,2
4156,0
4157,0
4158,0
4159,0
4160,1
4161,3
4162,1
4163,0
4164,1
4165,0
4166,2
4167,0
4168,4
4169,3
4170,0
4171,0
4172,0
4173,1
4174,3
4175,1
4176,2
4177,0
4178,0
4179,0
4180,2
4181,3
4182,3
4183,3
4184,2
4185,0
4186,1
4187,1
4188,6
4189,0
4190,1
4191,1
4192,0
4193,0
4194,1
4195,0
4196,1
4197,2
4198,1
4199,2
4200,5
4201,2
4202,0
4203,4
4204,0
4205,1
4206,0
4207,1
4208,2
4209,5
4210,0
4211,1
4212,1
4213,1
4214,4
4215,0
4216,0
4217,0
4218,1
4219,0
4220,1
4221,1
4222,0
4223,2
4224,0
4225,5
4226,1
4227,3
4228,5
4229,2
4230,2
4231,1
4232,0
4233,0
4234,3
4235,1
4236,0
4237,1
4238,4
4239,0
4240,0
4241,3
4242,5
4243,6
4244,2
4245,3
4246,1
4247,1
4248,0
4249,1
4250,0
4251,3
4252,0
4253,0
4254,0
4255,0
4256,4
4257,1
4258,1
4259,0
4260,0
4261,2
4262,7
4263,3
4264,1
4265,0
4266,1
4267,2
4268,0
4269,2
4270,0
4271,0
4272,1
4273,0
4274,2
4275,0
4276,0
4277,0
4278,5
4279,0
4280,0
4281,2
4282,4
4283,1
4284,0
4285,0
4286,0
4287,1
4288,1
4289,5
4290,0
4291,1
4292,3
4293,2
4294,3
4295,4
4296,1
4297,0
4298,1
4299,3
4300,5
4301,1
4302,0
4303,5
4304,0
4305,0
4306,0
4307,2
4308,2
4309,0
4310,2
4311,2
4312,1
4313,0
4314,0
4315,3
4316,2
4317,0
4318,1
4319,3
4320,0
4321,1
4322,2
4323,0
4324,9
4325,0
4326,5
4327,3
4328,0
4329,2
4330,1
4331,2
4332,0
4333,0
4334,1
4335,0
4336,5
4337,2
4338,2
4339,3
4340,0
4341,3
4342,2
4343,2
4344,1
4345,2
4346,2
4347,3
4348,7
4349,6
4350,2
4351,0
4352,3
4353,1
4354,2
4355,0
4356,0
4357,9
4358,2
4359,1
4360,1
4361,2
4362,0
4363,0
4364,1
4365,0
4366,2
4367,3
4368,2
4369,2
4370,0
4371,3
4372,0
4373,6
4374,0
4375,1
4376,1
4377,1
4378,0
4379,2
4380,0
4381,0
4382,0
4383,0
4384,1
4385,3
4386,1
4387,4
4388,0
4389,0
4390,2
4391,1
4392,4
4393,2
4394,2
4395,3
4396,0
4397,2
4398,0
4399,1
4400,1
4401,1
4402,0
4403,2
4404,2
4405,2
4406,0
4407,3
4408,6
4409,2
4410,2
4411,1
4412,2
4413,0
4414,0
4415,1
4416,0
4417,3
4418,0
4419,1
4420,0
4421,0
4422,2
4423,0
4424,2
4425,0
4426,0
4427,2
4428,0
4429,0
4430,2
4431,0
4432,3
4433,0
4434,1
4435,1
4436,3
4437,3
4438,0
4439,3
4440,0
4441,0
4442,1
4443,0
4444,2
4445,0
4446,9
4447,1
4448,0
4449,0
4450,3
4451,3
4452,0
4453,0
4454,3
4455,0
4456,0
4457,0
4458,0
4459,0
4460,2
4461,1
4462,0
4463,4
4464,0
4465,0
4466,0
4467,1
4468,4
4469,0
4470,1
4471,2
4472,2
4473,0
4474,1
4475,0
4476,0
4477,3
4478,3
4479,2
4480,0
4481,2
4482,3
4483,1
4484,6
4485,1
4486,2
4487,1
4488,1
4489,0
4490,1
4491,0
4492,1
4493,4
4494,2
4495,0
4496,2
4497,0
4498,2
4499,0
4500,1
4501,2
4502,0
4503,2
4504,3
4505,2
4506,0
4507,2
4508,1
4509,2
4510,1
4511,0
4512,2
4513,1
4514,2
4515,3
4516,0
4517,3
4518,2
4519,2
4520,0
4521,1
4522,1
4523,0
4524,0
4525,3
4526,0
4527,2
4528,5
4529,0
4530,5
4531,5
4532,4
4533,0
4534,1
4535,1
4536,0
4537,1
4538,1
4539,0
4540,0
4541,1
4542,0
4543,2
4544,0
4545,2
4546,2
4547,5
4548,0
4549,1
4550,0
4551,1
4552,2
4553,0
4554,2
4555,0
4556,2
4557,2
4558,2
4559,1
4560,0
4561,1
4562,1
4563,0
4564,3
4565,2
4566,1
4567,6
4568,0
4569,3
4570,2
4571,0
4572,3
4573,2
4574,2
4575,1
4576,1
4577,4
4578,0
4579,0
4580,0
4581,3
4582,0
4583,2
4584,5
4585,2
4586,0
4587,3
4588,0
4589,2
4590,0
4591,0
4592,0
4593,1
4594,1
4595,5
4596,1
4597,0
4598,0
4599,1
4600,2
4601,2
4602,1
4603,0
4604,2
4605,0
4606,2
4607,0
4608,0
4609,2
4610,0
4611,3
4612,0
4613,0
4614,0
4615,1
4616,3
4617,0
4618,4
4619,0
4620,0
4621,0
4622,5
4623,1
4624,3
4625,8
4626,0
4627,0
4628,0
4629,2
4630,2
4631,0
4632,1
4633,1
4634,6
4635,5
4636,2
4637,4
4638,0
4639,1
4640,1
4641,1
4642,1
4643,2
4644,5
4645,2
4646,3
4647,0
4648,2
4649,1
4650,2
4651,1
4652,1
4653,1
4654,2
4655,2
4656,2
4657,0
4658,0
4659,0
4660,2
4661,1
4662,8
4663,0
4664,2
4665,4
4666,1
4667,0
4668,0
4669,1
4670,0
4671,1
4672,1
4673,1
4674,0
4675,1
4676,1
4677,1
4678,0
4679,3
4680,0
4681,1
4682,0
4683,2
4684,1
4685,4
4686,2
4687,0
4688,1
4689,2
4690,3
4691,2
4692,1
4693,0
4694,3
4695,0
4696,0
4697,1
4698,0
4699,3
4700,0
4701,0
4702,0
4703,0
4704,0
4705,0
4706,0
4707,0
4708,1
4709,1
4710,0
4711,5
4712,1
4713,0
4714,0
4715,1
4716,2
4717,3
4718,2
4719,3
4720,1
4721,2
4722,2
4723,5
4724,2
4725,3
4726,2
4727,5
4728,2
4729,0
4730,0
4731,0
4732,0
4733,2
4734,0
4735,2
4736,1
4737,2
4738,11
4739,3
4740,3
4741,0
4742,0
4743,5
4744,0
4745,0
4746,1
4747,1
4748,4
4749,0
4750,0
4751,1
4752,1
4753,2
4754,2
4755,3
4756,0
4757,0
4758,4
4759,1
4760,1
4761,0
4762,0
4763,1
4764,1
4765,0
4766,0
4767,0
4768,0
4769,0
4770,0
4771,3
4772,0
4773,0
4774,1
4775,2
4776,1
4777,2
4778,2
4779,0
4780,2
4781,2
4782,3
4783,5
4784,3
4785,4
4786,1
4787,1
4788,0
4789,1
4790,1
4791,0
4792,5
4793,0
4794,1
4795,6
4796,1
4797,1
4798,0
4799,1
4800,0
4801,1
4802,0
4803,0
4804,0
4805,0
4806,0
4807,0
4808,3
4809,4
4810,6
4811,1
4812,3
4813,4
4814,0
4815,2
4816,0
4817,2
4818,2
4819,3
4820,3
4821,1
4822,5
4823,0
4824,1
4825,4
4826,0
4827,1
4828,0
4829,0
4830,0
4831,0
4832,0
4833,2
4834,0
4835,0
4836,1
4837,0
4838,1
4839,1
4840,2
4841,4
4842,3
4843,0
4844,2
4845,3
4846,3
4847,0
4848,0
4849,0
4850,4
4851,0
4852,4
4853,2
4854,4
4855,1
4856,1
4857,2
4858,0
4859,5
4860,0
4861,2
4862,1
4863,2
4864,0
4865,3
4866,5
4867,1
4868,1
4869,0
4870,1
4871,5
4872,2
4873,0
4874,1
4875,0
4876,1
4877,1
4878,0
4879,0
4880,1
4881,1
4882,4
4883,0
4884,1
4885,1
4886,1
4887,1
4888,2
4889,1
4890,1
4891,5
4892,0
4893,0
4894,1
4895,1
4896,1
4897,1
4898,3
4899,1
4900,2
4901,4
4902,2
4903,1
4904,1
4905,2
4906,1
4907,0
4908,0
4909,0
4910,0
4911,1
4912,2
4913,7
4914,2
4915,0
4916,1
4917,1
4918,1
4919,0
4920,1
4921,0
4922,0
4923,0
4924,2
4925,0
4926,3
4927,0
4928,1
4929,1
4930,6
4931,3
4932,1
4933,3
4934,2
4935,3
4936,1
4937,1
4938,0
4939,2
4940,1
4941,1
4942,1
4943,4
4944,0
4945,4
4946,0
4947,1
4948,1
4949,0
4950,0
4951,3
4952,1
4953,10
4954,2
4955,2
4956,0
4957,2
4958,5
4959,2
4960,0
4961,0
4962,1
4963,0
4964,1
4965,0
4966,0
4967,1
4968,3
4969,0
4970,2
4971,1
4972,0
4973,0
4974,1
4975,1
4976,0
4977,1
4978,0
4979,1
4980,1
4981,1
4982,0
4983,2
4984,2
4985,2
4986,3
4987,4
4988,3
4989,4
4990,0
4991,2
4992,1
4993,0
4994,1
4995,3
4996,1
4997,1
4998,3
4999,0
5000,0
5001,0
5002,0
5003,5
5004,7
5005,0
5006,0
5007,3
5008,0
5009,0
5010,1
5011,2
5012,3
5013,1
5014,2
5015,1
5016,5
5017,1
5018,1
5019,0
5020,6
5021,3
5022,0
5023,4
5024,0
5025,0
5026,0
5027,1
5028,1
5029,2
5030,0
5031,0
5032,3
5033,0
5034,1
5035,1
5036,0
5037,1
5038,1
5039,0
5040,0
5041,0
5042,3
5043,1
5044,1
5045,1
5046,2
5047,4
5048,0
5049,6
5050,1
5051,3
5052,0
5053,0
5054,0
5055,2
5056,3
5057,1
5058,0
5059,3
5060,2
5061,0
5062,0
5063,0
5064,2
5065,5
5066,0
5067,0
5068,5
5069,0
5070,2
5071,0
5072,0
5073,0
5074,0
5075,1
5076,1
5077,0
5078,1
5079,0
5080,5
5081,1
5082,0
5083,0
5084,0
5085,0
5086,2
5087,1
5088,1
5089,1
5090,0
5091,3
5092,3
5093,0
5094,0
5095,1
5096,1
5097,0
5098,0
5099,1
5100,1
5101,2
5102,0
5103,0
5104,2
5105,2
5106,4
5107,0
5108,0
5109,2
5110,2
5111,0
5112,1
5113,2
5114,3
5115,0
5116,1
5117,0
5118,2
5119,0
5120,0
5121,0
5122,0
5123,1
5124,3
5125,2
5126,1
5127,0
5128,2
5129,3
5130,2
5131,0
5132,4
5133,0
5134,0
5135,5
5136,0
5137,3
5138,0
5139,2
5140,1
5141,3
5142,6
5143,2
5144,1
5145,2
5146,2
5147,3
5148,2
5149,1
5150,0
5151,3
5152,1
5153,3
5154,1
5155,3
5156,2
5157,1
5158,0
5159,2
5160,0
5161,0
5162,3
5163,2
5164,0
5165,0
5166,2
5167,6
5168,1
5169,3
5170,2
5171,0
5172,0
5173,1
5174,1
5175,2
5176,1
5177,1
5178,0
5179,3
5180,1
5181,1
5182,0
5183,0
5184,2
5185,4
5186,0
5187,1
5188,2
5189,1
5190,0
5191,2
5192,1
5193,0
5194,1
5195,1
5196,2
5197,0
5198,1
5199,2
5200,1
5201,6
5202,2
5203,0
5204,1
5205,2
5206,0
5207,1
5208,2
5209,2
5210,1
5211,2
5212,3
5213,0
5214,2
5215,0
5216,0
5217,0
5218,1
5219,0
5220,5
5221,0
5222,0
5223,1
5224,0
5225,3
5226,0
5227,0
5228,0
5229,0
5230,0
5231,0
5232,1
5233,0
5234,1
5235,0
5236,2
5237,1
5238,1
5239,2
5240,1
5241,1
5242,0
5243,4
5244,1
5245,1
5246,1
5247,0
5248,2
5249,1
5250,1
5251,1
5252,0
5253,0
5254,5
5255,2
5256,1
5257,0
5258,1
5259,0
5260,2
5261,1
5262,1
5263,2
5264,0
5265,2
5266,0
5267,2
5268,1
5269,2
5270,2
5271,1
5272,4
5273,0
5274,0
5275,2
5276,6
5277,1
5278,1
5279,1
5280,1
5281,0
5282,1
5283,1
5284,1
5285,3
5286,6
5287,0
5288,0
5289,5
5290,2
5291,4
5292,1
5293,0
5294,1
5295,0
5296,1
5297,2
5298,1
5299,2
5300,0
5301,0
5302,0
5303,0
5304,1
5305,2
5306,2
5307,0
5308,2
5309,0
5310,0
5311,3
5312,2
5313,1
5314,2
5315,1
5316,0
5317,0
5318,4
5319,1
5320,1
5321,0
5322,0
5323,3
5324,6
5325,2
5326,0
5327,0
5328,0
5329,0
5330,0
5331,1
5332,3
5333,1
5334,0
5335,7
5336,2
5337,1
5338,2
5339,2
5340,1
5341,3
5342,4
5343,4
5344,0
5345,1
5346,2
5347,3
5348,0
5349,0
5350,0
5351,1
5352,2
5353,1
5354,1
5355,3
5356,0
5357,0
5358,0
5359,5
5360,0
5361,0
5362,1
5363,0
5364,4
5365,3
5366,1
5367,0
5368,0
5369,1
5370,4
5371,1
5372,0
5373,0
5374,0
5375,0
5376,2
5377,3
5378,2
5379,1
5380,0
5381,2
5382,0
5383,1
5384,2
5385,1
5386,0
5387,0
5388,0
5389,0
5390,1
5391,2
5392,0
5393,0
5394,0
5395,2
5396,0
5397,2
5398,0
5399,3
5400,0
5401,0
5402,3
5403,0
5404,0
5405,0
5406,0
5407,3
5408,0
5409,1
5410,1
5411,0
5412,1
5413,1
5414,2
5415,1
5416,0
5417,0
5418,2
5419,2
5420,0
5421,3
5422,1
5423,0
5424,5
5425,1
5426,0
5427,4
5428,1
5429,0
5430,2
5431,8
5432,1
5433,0
5434,0
5435,4
5436,4
5437,3
5438,4
5439,0
5440,1
5441,0
5442,2
5443,1
5444,1
5445,1
5446,0
5447,5
5448,2
5449,0
5450,1
5451,0
5452,1
5453,4
5454,0
5455,0
5456,0
5457,3
5458,3
5459,0
5460,2
5461,2
5462,1
5463,0
5464,0
5465,2
5466,1
5467,1
5468,1
5469,8
5470,0
5471,2
5472,2
5473,4
5474,1
5475,0
5476,2
5477,1
5478,0
5479,4
5480,3
5481,3
5482,1
5483,2
5484,0
5485,0
5486,0
5487,0
5488,1
5489,2
5490,0
5491,2
5492,0
5493,0
5494,3
5495,1
5496,0
5497,0
5498,0
5499,2
5500,1
5501,2
5502,0
5503,2
5504,3
5505,1
5506,1
5507,4
5508,1
5509,3
5510,4
5511,1
5512,0
5513,0
5514,2
5515,0
5516,1
5517,3
5518,4
5519,0
5520,1
5521,1
5522,1
5523,1
5524,1
5525,0
5526,2
5527,0
5528,0
5529,0
5530,0
5531,2
5532,2
5533,1
5534,1
5535,3
5536,1
5537,0
5538,4
5539,2
5540,2
5541,2
5542,0
5543,4
5544,1
5545,0
5546,1
5547,4
5548,1
5549,1
5550,0
5551,1
5552,1
5553,4
5554,0
5555,2
5556,0
5557,1
5558,0
5559,0
5560,0
5561,0
5562,3
5563,3
5564,2
5565,0
5566,6
5567,0
5568,0
5569,1
5570,1
5571,1
5572,0
5573,0
5574,1
5575,1
5576,0
5577,5
5578,0
5579,2
5580,2
5581,0
5582,1
5583,1
5584,1
5585,1
5586,0
5587,1
5588,2
5589,1
5590,5
5591,4
5592,1
5593,0
5594,1
5595,0
5596,0
5597,0
5598,0
5599,0
5600,0
5601,1
5602,0
5603,0
5604,0
5605,0
5606,3
5607,0
5608,3
5609,0
5610,1
5611,0
5612,3
5613,1
5614,2
5615,0
5616,0
5617,0
5618,0
5619,4
5620,3
5621,0
5622,1
5623,0
5624,2
5625,0
5626,0
5627,0
5628,0
5629,0
5630,2
5631,1
5632,2
5633,1
5634,3
5635,3
5636,1
5637,0
5638,1
5639,1
5640,1
5641,3
5642,3
5643,2
5644,0
5645,3
5646,1
5647,2
5648,3
5649,0
5650,2
5651,2
5652,1
5653,1
5654,1
5655,0
5656,0
5657,2
5658,0
5659,0
5660,3
5661,2
5662,0
5663,2
5664,1
5665,2
5666,4
5667,0
5668,1
5669,2
5670,1
5671,2
5672,1
5673,0
5674,2
5675,0
5676,0
5677,4
5678,0
5679,2
5680,0
5681,0
5682,1
5683,3
5684,3
5685,0
5686,1
5687,3
5688,2
5689,2
5690,2
5691,0
5692,1
5693,2
5694,0
5695,0
5696,0
5697,1
5698,1
5699,1
5700,4
5701,2
5702,2
5703,0
5704,0
5705,0
5706,1
5707,1
5708,1
5709,4
5710,1
5711,0
5712,1
5713,0
5714,0
5715,1
5716,1
5717,1
5718,1
5719,2
5720,1
5721,2
5722,2
5723,1
5724,1
5725,0
5726,0
5727,0
5728,0
5729,2
5730,0
5731,0
5732,2
5733,1
5734,0
5735,5
5736,1
5737,2
5738,0
5739,2
5740,1
5741,0
5742,1
5743,2
5744,1
5745,2
5746,0
5747,3
5748,1
5749,2
5750,2
5751,0
5752,1
5753,0
5754,4
5755,1
5756,0
5757,0
5758,0
5759,0
5760,3
5761,4
5762,0
5763,3
5764,3
5765,0
5766,1
5767,0
5768,5
5769,1
5770,0
5771,1
5772,1
5773,1
5774,0
5775,0
5776,2
5777,0
5778,2
5779,3
5780,1
5781,1
5782,1
5783,0
5784,0
5785,0
5786,1
5787,2
5788,1
5789,4
5790,1
5791,2
5792,0
5793,1
5794,3
5795,3
5796,0
5797,0
5798,2
5799,1
5800,2
5801,1
5802,2
5803,1
5804,1
5805,1
5806,4
5807,0
5808,0
5809,4
5810,5
5811,0
5812,1
5813,2
5814,0
5815,1
5816,1
5817,1
5818,2
5819,2
5820,1
5821,4
5822,2
5823,2
5824,2
5825,0
5826,2
5827,3
5828,2
5829,4
5830,6
5831,2
5832,0
5833,1
5834,3
5835,0
5836,0
5837,2
5838,1
5839,4
5840,1
5841,3
5842,0
5843,0
5844,2
5845,1
5846,2
5847,1
5848,0
5849,2
5850,1
5851,0
5852,2
5853,0
5854,2
5855,3
5856,1
5857,3
5858,0
5859,0
5860,1
5861,2
5862,0
5863,1
5864,1
5865,1
5866,0
5867,2
5868,0
5869,2
5870,3
5871,1
5872,0
5873,1
5874,1
5875,0
5876,1
5877,3
5878,2
5879,2
5880,2
5881,1
5882,0
5883,0
5884,3
5885,0
5886,0
5887,1
5888,3
5889,1
5890,1
5891,0
5892,2
5893,1
5894,0
5895,4
5896,0
5897,0
5898,0
5899,0
5900,0
5901,2
5902,2
5903,0
5904,1
5905,0
5906,2
5907,0
5908,3
5909,1
5910,0
5911,0
5912,2
5913,0
5914,1
5915,0
5916,0
5917,1
5918,1
5919,2
5920,0
5921,0
5922,1
5923,3
5924,1
5925,0
5926,0
5927,1
5928,2
5929,3
5930,2
5931,2
5932,0
5933,1
5934,1
5935,0
5936,0
5937,1
5938,3
5939,3
5940,0
5941,0
5942,0
5943,5
5944,1
5945,0
5946,0
5947,1
5948,0
5949,1
5950,2
5951,4
5952,2
5953,0
5954,0
5955,2
5956,0
5957,3
5958,3
5959,0
5960,0
5961,2
5962,3
5963,0
5964,1
5965,1
5966,2
5967,0
5968,1
5969,0
5970,2
5971,2
5972,0
5973,1
5974,3
5975,2
5976,4
5977,0
5978,2
5979,0
5980,2
5981,2
5982,2
5983,0
5984,0
5985,3
5986,2
5987,3
5988,3
5989,4
5990,2
5991,0
5992,0
5993,1
5994,2
5995,3
5996,2
5997,0
5998,2
5999,1
6000,1
6001,0
6002,3
6003,0
6004,0
6005,1
6006,0
6007,0
6008,2
6009,2
6010,0
6011,3
6012,4
6013,2
6014,0
6015,0
6016,0
6017,2
6018,0
6019,1
6020,2
6021,1
6022,2
6023,0
6024,1
6025,1
6026,0
6027,3
6028,0
6029,2
6030,3
6031,0
6032,0
6033,1
6034,0
6035,0
6036,2
6037,3
6038,0
6039,2
6040,0
6041,1
6042,2
6043,2
6044,2
6045,1
6046,0
6047,4
6048,1
6049,0
6050,0
6051,1
6052,2
6053,2
6054,0
6055,0
6056,2
6057,0
6058,3
6059,1
6060,0
6061,5
6062,1
6063,0
6064,0
6065,0
6066,0
6067,0
6068,5
6069,0
6070,1
6071,1
6072,2
6073,0
6074,3
6075,5
6076,1
6077,0
6078,1
6079,2
6080,0
6081,0
6082,1
6083,0
6084,1
6085,2
6086,1
6087,0
6088,0
6089,3
6090,0
6091,0
6092,0
6093,2
6094,0
6095,1
6096,0
6097,3
6098,1
6099,1
6100,1
6101,1
6102,1
6103,2
6104,0
6105,3
6106,0
6107,0
6108,1
6109,1
6110,3
6111,1
6112,2
6113,1
6114,3
6115,2
6116,0
6117,1
6118,5
6119,0
6120,1
6121,0
6122,0
6123,4
6124,0
6125,0
6126,5
6127,1
6128,2
6129,0
6130,0
6131,2
6132,1
6133,0
6134,1
6135,1
6136,0
6137,0
6138,1
6139,1
6140,0
6141,5
6142,2
6143,1
6144,3
6145,1
6146,1
6147,0
6148,1
6149,0
6150,2
6151,1
6152,0
6153,1
6154,0
6155,1
6156,3
6157,1
6158,1
6159,0
6160,0
6161,3
6162,1
6163,0
6164,2
6165,1
6166,4
6167,0
6168,0
6169,0
6170,2
6171,5
6172,0
6173,2
6174,0
6175,0
6176,2
6177,1
6178,1
6179,2
6180,0
6181,0
6182,1
6183,0
6184,1
6185,1
6186,3
6187,3
6188,1
6189,0
6190,1
6191,0
6192,0
6193,1
6194,0
6195,0
6196,0
6197,1
6198,1
6199,0
6200,1
6201,0
6202,0
6203,4
6204,5
6205,1
6206,4
6207,2
6208,0
6209,1
6210,0
6211,0
6212,0
6213,0
6214,1
6215,3
6216,0
6217,0
6218,1
6219,1
6220,1
6221,2
6222,1
6223,1
6224,0
6225,1
6226,1
6227,2
6228,0
6229,1
6230,0
6231,3
6232,2
6233,1
6234,1
6235,1
6236,1
6237,0
6238,1
6239,1
6240,0
6241,3
6242,0
6243,1
6244,3
6245,3
6246,1
6247,1
6248,0
6249,0
6250,1
6251,2
6252,2
6253,0
6254,0
6255,2
6256,2
6257,0
6258,1
6259,0
6260,3
6261,1
6262,0
6263,0
6264,1
6265,4
6266,0
6267,0
6268,2
6269,0
6270,0
6271,2
6272,1
6273,4
6274,0
6275,2
6276,1
6277,2
6278,2
6279,0
6280,2
6281,0
6282,5
6283,4
6284,2
6285,0
6286,1
6287,0
6288,0
6289,0
6290,0
6291,2
6292,1
6293,1
6294,0
6295,2
6296,2
6297,1
6298,0
6299,2
6300,0
6301,2
6302,1
6303,1
6304,0
6305,0
6306,0
6307,0
6308,1
6309,1
6310,0
6311,5
6312,1
6313,1
6314,0
6315,0
6316,0
6317,0
6318,0
6319,0
6320,0
6321,1
6322,0
6323,1
6324,1
6325,1
6326,0
6327,1
6328,2
6329,2
6330,2
6331,2
6332,0
6333,2
6334,1
6335,1
6336,2
6337,7
6338,2
6339,2
6340,1
6341,4
6342,2
6343,3
6344,3
6345,1
6346,0
6347,6
6348,2
6349,3
6350,1
6351,4
6352,3
6353,0
6354,0
6355,6
6356,5
6357,5
6358,0
6359,0
6360,0
6361,5
6362,1
6363,2
6364,2
6365,4
6366,2
6367,0
6368,1
6369,0
6370,3
6371,0
6372,0
6373,0
6374,0
6375,0
6376,0
6377,2
6378,0
6379,1
6380,0
6381,1
6382,1
6383,1
6384,3
6385,1
6386,1
6387,2
6388,2
6389,0
6390,0
6391,1
6392,1
6393,0
6394,2
6395,2
6396,3
6397,3
6398,3
6399,6
6400,4
6401,1
6402,2
6403,0
6404,0
6405,0
6406,0
6407,0
6408,4
6409,1
6410,0
6411,5
6412,0
6413,0
6414,0
6415,1
6416,3
6417,2
6418,0
6419,0
6420,1
6421,2
6422,0
6423,0
6424,0
6425,0
6426,0
6427,1
6428,1
6429,0
6430,1
6431,4
6432,0
6433,0
6434,1
6435,0
6436,1
6437,0
6438,2
6439,1
6440,0
6441,0
6442,2
6443,2
6444,0
6445,2
6446,0
6447,5
6448,0
6449,0
6450,0
6451,0
6452,0
6453,1
6454,0
6455,6
6456,0
6457,0
6458,0
6459,0
6460,0
6461,4
6462,3
6463,0
6464,1
6465,1
6466,1
6467,1
6468,1
6469,2
6470,0
6471,1
6472,1
6473,1
6474,0
6475,3
6476,0
6477,0
6478,1
6479,0
6480,0
6481,1
6482,0
6483,1
6484,0
6485,1
6486,0
6487,1
6488,4
6489,0
6490,0
6491,2
6492,2
6493,3
6494,0
6495,1
6496,0
6497,2
6498,4
6499,0
6500,1
6501,1
6502,0
6503,3
6504,2
6505,1
6506,2
6507,3
6508,0
6509,3
6510,0
6511,0
6512,0
6513,0
6514,1
6515,7
6516,3
6517,0
6518,1
6519,1
6520,0
6521,1
6522,2
6523,0
6524,0
6525,0
6526,1
6527,2
6528,0
6529,0
6530,2
6531,6
6532,1
6533,3
6534,1
6535,1
6536,0
6537,4
6538,3
6539,1
6540,1
6541,0
6542,0
6543,0
6544,0
6545,1
6546,0
6547,1
6548,4
6549,1
6550,1
6551,1
6552,2
6553,1
6554,1
6555,2
6556,3
6557,1
6558,1
6559,0
6560,0
6561,0
6562,4
6563,3
6564,2
6565,0
6566,0
6567,2
6568,3
6569,0
6570,0
6571,1
6572,6
6573,6
6574,1
6575,1
6576,2
6577,1
6578,2
6579,0
6580,0
6581,0
6582,0
6583,0
6584,1
6585,2
6586,0
6587,0
6588,2
6589,3
6590,1
6591,1
6592,2
6593,1
6594,1
6595,1
6596,1
6597,1
6598,0
6599,0
6600,3
6601,3
6602,1
6603,0
6604,2
6605,2
6606,3
6607,1
6608,2
6609,0
6610,1
6611,0
6612,1
6613,0
6614,0
6615,2
6616,2
6617,6
6618,1
6619,0
6620,5
6621,3
6622,0
6623,2
6624,1
6625,0
6626,1
6627,2
6628,1
6629,2
6630,1
6631,3
6632,3
6633,1
6634,0
6635,2
6636,1
6637,0
6638,4
6639,1
6640,0
6641,1
6642,0
6643,1
6644,2
6645,1
6646,0
6647,3
6648,0
6649,2
6650,0
6651,0
6652,3
6653,1
6654,0
6655,0
6656,4
6657,1
6658,4
6659,2
6660,2
6661,0
6662,0
6663,3
6664,1
6665,0
6666,2
6667,2
6668,2
6669,0
6670,2
6671,2
6672,2
6673,0
6674,1
6675,2
6676,5
6677,1
6678,2
6679,1
6680,0
6681,1
6682,2
6683,4
6684,1
6685,2
6686,0
6687,0
6688,1
6689,0
6690,0
6691,2
6692,2
6693,1
6694,1
6695,1
6696,0
6697,2
6698,0
6699,2
6700,2
6701,1
6702,2
6703,2
6704,1
6705,6
6706,1
6707,1
6708,1
6709,0
6710,0
6711,6
6712,1
6713,1
6714,0
6715,1
6716,8
6717,1
6718,0
6719,3
6720,4
6721,1
6722,3
6723,1
6724,1
6725,2
6726,1
6727,0
6728,0
6729,0
6730,2
6731,0
6732,2
6733,2
6734,0
6735,2
6736,2
6737,4
6738,0
6739,0
6740,1
6741,1
6742,1
6743,0
6744,1
6745,3
6746,0
6747,1
6748,3
6749,2
6750,0
6751,1
6752,0
6753,0
6754,0
6755,0
6756,1
6757,2
6758,3
6759,2
6760,1
6761,1
6762,1
6763,0
6764,1
6765,1
6766,1
6767,4
6768,0
6769,0
6770,2
6771,1
6772,4
6773,1
6774,0
6775,0
6776,2
6777,0
6778,1
6779,0
6780,0
6781,2
6782,1
6783,1
6784,5
6785,0
6786,0
6787,1
6788,3
6789,1
6790,0
6791,1
6792,1
6793,0
6794,0
6795,0
6796,1
6797,0
6798,2
6799,0
6800,0
6801,1
6802,0
6803,2
6804,2
6805,0
6806,0
6807,4
6808,2
6809,2
6810,2
6811,0
6812,2
6813,3
6814,2
6815,0
6816,2
6817,1
6818,0
6819,5
6820,2
6821,1
6822,0
6823,0
6824,3
6825,1
6826,0
6827,1
6828,2
6829,1
6830,0
6831,1
6832,2
6833,0
6834,2
6835,0
6836,2
6837,3
6838,0
6839,0
6840,0
6841,1
6842,1
6843,2
6844,1
6845,0
6846,4
6847,2
6848,1
6849,0
6850,2
6851,3
6852,1
6853,2
6854,0
6855,0
6856,2
6857,0
6858,1
6859,0
6860,0
6861,2
6862,0
6863,1
6864,3
6865,3
6866,1
6867,2
6868,1
6869,2
6870,4
6871,1
6872,1
6873,0
6874,0
6875,0
6876,0
6877,0
6878,2
6879,1
6880,2
6881,0
6882,3
6883,0
6884,3
6885,1
6886,0
6887,1
6888,0
6889,2
6890,0
6891,2
6892,4
6893,0
6894,1
6895,0
6896,0
6897,0
6898,2
6899,2
6900,0
6901,4
6902,1
6903,0
6904,2
6905,5
6906,4
6907,0
6908,1
6909,2
6910,2
6911,1
6912,2
6913,3
6914,3
6915,1
6916,3
6917,4
6918,2
6919,1
6920,0
6921,1
6922,2
6923,0
6924,0
6925,1
6926,0
6927,2
6928,1
6929,2
6930,0
6931,0
6932,2
6933,0
6934,0
6935,3
6936,5
6937,0
6938,0
6939,2
6940,0
6941,1
6942,2
6943,0
6944,1
6945,1
6946,0
6947,1
6948,0
6949,3
6950,2
6951,0
6952,0
6953,1
6954,4
6955,3
6956,1
6957,0
6958,0
6959,0
6960,1
6961,0
6962,1
6963,2
6964,4
6965,1
6966,3
6967,3
6968,2
6969,0
6970,1
6971,0
6972,2
6973,1
6974,0
6975,3
6976,7
6977,1
6978,4
6979,0
6980,0
6981,1
6982,3
6983,3
6984,1
6985,5
6986,4
6987,2
6988,0
6989,0
6990,1
6991,0
6992,2
6993,2
6994,3
6995,4
6996,1
6997,0
6998,1
6999,1
7000,0
7001,3
7002,0
7003,1
7004,0
7005,0
7006,1
7007,1
7008,2
7009,1
7010,0
7011,5
7012,0
7013,1
7014,1
7015,3
7016,0
7017,2
7018,2
7019,2
7020,0
7021,2
7022,1
7023,0
7024,0
7025,0
7026,1
7027,0
7028,1
7029,3
7030,2
7031,0
7032,5
7033,1
7034,2
7035,2
7036,1
7037,0
7038,1
7039,2
7040,0
7041,1
7042,1
7043,5
7044,2
7045,1
7046,0
7047,0
7048,3
7049,1
7050,0
7051,1
7052,0
7053,0
7054,1
7055,0
7056,3
7057,2
7058,2
7059,1
7060,0
7061,1
7062,1
7063,0
7064,2
7065,0
7066,0
7067,3
7068,1
7069,0
7070,1
7071,1
7072,0
7073,4
7074,3
7075,1
7076,2
7077,0
7078,2
7079,1
7080,2
7081,1
7082,0
7083,1
7084,2
7085,1
7086,1
7087,1
7088,0
7089,0
7090,0
7091,0
7092,0
7093,1
7094,2
7095,1
7096,2
7097,1
7098,2
7099,1
7100,1
7101,2
7102,0
7103,0
7104,2
7105,3
7106,0
7107,1
7108,2
7109,1
7110,0
7111,0
7112,2
7113,2
7114,1
7115,0
7116,2
7117,1
7118,1
7119,3
7120,0
7121,0
7122,1
7123,2
7124,2
7125,2
7126,1
7127,2
7128,0
7129,0
7130,0
7131,6
7132,0
7133,4
7134,1
7135,2
7136,1
7137,2
7138,2
7139,3
7140,0
7141,2
7142,0
7143,2
7144,2
7145,0
7146,0
7147,1
7148,2
7149,2
7150,1
7151,3
7152,1
7153,0
7154,1
7155,1
7156,0
7157,1
7158,0
7159,0
7160,0
7161,1
7162,2
7163,2
7164,0
7165,3
7166,0
7167,2
7168,2
7169,1
7170,0
7171,1
7172,2
7173,1
7174,3
7175,1
7176,5
7177,2
7178,4
7179,0
7180,4
7181,0
7182,1
7183,1
7184,4
7185,0
7186,1
7187,0
7188,2
7189,0
7190,1
7191,0
7192,3
7193,0
7194,0
7195,3
7196,3
7197,0
7198,2
7199,3
7200,4
7201,0
7202,0
7203,2
7204,0
7205,0
7206,1
7207,0
7208,0
7209,4
7210,6
7211,2
7212,0
7213,2
7214,0
7215,1
7216,0
7217,2
7218,1
7219,4
7220,0
7221,0
7222,0
7223,1
7224,1
7225,1
7226,0
7227,0
7228,2
7229,0
7230,3
7231,2
7232,2
7233,2
7234,0
7235,0
7236,0
7237,0
7238,0
7239,0
7240,3
7241,4
7242,1
7243,2
7244,2
7245,0
7246,2
7247,2
7248,0
7249,2
7250,2
7251,2
7252,1
7253,3
7254,2
7255,0
7256,0
7257,3
7258,0
7259,1
7260,4
7261,1
7262,0
7263,0
7264,1
7265,1
7266,1
7267,0
7268,1
7269,4
7270,1
7271,1
7272,1
7273,0
7274,2
7275,1
7276,4
7277,1
7278,2
7279,0
7280,1
7281,0
7282,2
7283,0
7284,1
7285,0
7286,1
7287,0
7288,1
7289,0
7290,5
7291,2
7292,3
7293,1
7294,2
7295,1
7296,2
7297,0
7298,2
7299,2
7300,0
7301,3
7302,0
7303,2
7304,2
7305,5
7306,3
7307,0
7308,1
7309,3
7310,0
7311,0
7312,0
7313,1
7314,1
7315,2
7316,0
7317,2
7318,0
7319,1
7320,0
7321,0
7322,0
7323,3
7324,1
7325,1
7326,2
7327,0
7328,0
7329,2
7330,0
7331,0
7332,3
7333,0
7334,1
7335,1
7336,1
7337,1
7338,3
7339,2
7340,3
7341,2
7342,3
7343,0
7344,1
7345,1
7346,0
7347,0
7348,3
7349,1
7350,1
7351,0
7352,1
7353,0
7354,2
7355,3
7356,0
7357,1
7358,0
7359,2
7360,2
7361,1
7362,2
7363,0
7364,1
7365,2
7366,0
7367,0
7368,2
7369,0
7370,2
7371,1
7372,2
7373,0
7374,2
7375,1
7376,0
7377,0
7378,1
7379,2
7380,0
7381,0
7382,1
7383,0
7384,0
7385,0
7386,1
7387,2
7388,1
7389,0
7390,2
7391,0
7392,0
7393,2
7394,0
7395,6
7396,0
7397,0
7398,0
7399,2
7400,1
7401,1
7402,3
7403,1
7404,0
7405,2
7406,1
7407,2
7408,0
7409,3
7410,1
7411,2
7412,2
7413,5
7414,0
7415,1
7416,0
7417,0
7418,1
7419,0
7420,2
7421,0
7422,5
7423,0
7424,2
7425,1
7426,1
7427,0
7428,1
7429,0
7430,0
7431,0
7432,1
7433,1
7434,0
7435,2
7436,0
7437,2
7438,0
7439,1
7440,1
7441,1
7442,1
7443,2
7444,0
7445,0
7446,1
7447,1
7448,1
7449,1
7450,0
7451,1
7452,2
7453,5
7454,1
7455,2
7456,0
7457,0
7458,3
7459,1
7460,0
7461,0
7462,2
7463,1
7464,1
7465,1
7466,1
7467,0
7468,2
7469,1
7470,2
7471,0
7472,1
7473,2
7474,0
7475,1
7476,2
7477,3
7478,1
7479,1
7480,0
7481,1
7482,1
7483,1
7484,4
7485,1
7486,2
7487,2
7488,1
7489,3
7490,2
7491,1
7492,1
7493,0
7494,1
7495,1
7496,1
7497,0
7498,1
7499,0
7500,1
7501,1
7502,2
7503,0
7504,5
7505,1
7506,0
7507,1
7508,2
7509,0
7510,3
7511,1
7512,2
7513,0
7514,1
7515,1
7516,0
7517,1
7518,1
7519,2
7520,1
7521,0
7522,2
7523,3
7524,1
7525,1
7526,1
7527,1
7528,0
7529,2
7530,1
7531,0
7532,1
7533,3
7534,4
7535,6
7536,1
7537,0
7538,0
7539,0
7540,2
7541,0
7542,1
7543,0
7544,1
7545,0
7546,1
7547,2
7548,0
7549,1
7550,2
7551,2
7552,0
7553,2
7554,1
7555,0
7556,1
7557,3
7558,1
7559,2
7560,2
7561,1
7562,3
7563,1
7564,0
7565,1
7566,0
7567,3
7568,2
7569,1
7570,3
7571,0
7572,0
7573,0
7574,0
7575,0
7576,0
7577,2
7578,2
7579,1
7580,1
7581,2
7582,0
7583,0
7584,1
7585,2
7586,1
7587,1
7588,2
7589,4
7590,0
7591,1
7592,0
7593,2
7594,1
7595,0
7596,0
7597,2
7598,1
7599,2
7600,0
7601,1
7602,1
7603,1
7604,0
7605,0
7606,0
7607,4
7608,0
7609,0
7610,2
7611,0
7612,0
7613,0
7614,1
7615,1
7616,1
7617,2
7618,2
7619,1
7620,1
7621,3
7622,0
7623,0
7624,0
7625,0
7626,1
7627,0
7628,1
7629,0
7630,2
7631,2
7632,2
7633,1
7634,0
7635,1
7636,1
7637,0
7638,1
7639,2
7640,1
7641,2
7642,3
7643,0
7644,0
7645,1
7646,1
7647,1
7648,3
7649,0
7650,0
7651,0
7652,0
7653,0
7654,0
7655,1
7656,2
7657,3
7658,2
7659,1
7660,3
7661,2
7662,0
7663,2
7664,2
7665,1
7666,1
7667,0
7668,1
7669,2
7670,1
7671,0
7672,0
7673,1
7674,3
7675,1
7676,0
7677,3
7678,1
7679,0
7680,1
7681,1
7682,0
7683,0
7684,0
7685,0
7686,2
7687,0
7688,0
7689,3
7690,1
7691,1
7692,2
7693,2
7694,1
7695,1
7696,1
7697,0
7698,5
7699,1
7700,2
7701,1
7702,0
7703,1
7704,0
7705,1
7706,1
7707,1
7708,1
7709,2
7710,0
7711,0
7712,1
7713,2
7714,1
7715,1
7716,5
7717,2
7718,2
7719,0
7720,1
7721,0
7722,0
7723,0
7724,1
7725,0
7726,1
7727,0
7728,0
7729,0
7730,0
7731,0
7732,1
7733,1
7734,0
7735,1
7736,2
7737,4
7738,0
7739,1
7740,1
7741,3
7742,3
7743,0
7744,2
7745,0
7746,4
7747,0
7748,0
7749,1
7750,1
7751,0
7752,4
7753,2
7754,0
7755,1
7756,1
7757,1
7758,0
7759,0
7760,1
7761,0
7762,0
7763,0
7764,1
7765,0
7766,0
7767,1
7768,1
7769,1
7770,1
7771,4
7772,0
7773,1
7774,1
7775,0
7776,1
7777,3
7778,1
7779,0
7780,2
7781,2
7782,0
7783,0
7784,0
7785,1
7786,1
7787,0
7788,0
7789,1
7790,2
7791,1
7792,1
7793,0
7794,0
7795,1
7796,5
7797,0
7798,3
7799,1
7800,1
7801,2
7802,1
7803,0
7804,0
7805,0
7806,2
7807,1
7808,1
7809,0
7810,1
7811,0
7812,0
7813,4
7814,1
7815,0
7816,0
7817,2
7818,1
7819,0
7820,1
7821,3
7822,0
7823,0
7824,0
7825,0
7826,1
7827,2
7828,2
7829,0
7830,1
7831,0
7832,1
7833,1
7834,0
7835,2
7836,0
7837,0
7838,2
7839,1
7840,1
7841,0
7842,3
7843,1
7844,1
7845,1
7846,2
7847,0
7848,2
7849,1
7850,1
7851,1
7852,0
7853,2
7854,1
7855,0
7856,1
7857,1
7858,2
7859,3
7860,1
7861,1
7862,1
7863,1
7864,5
7865,1
7866,1
7867,1
7868,4
7869,5
7870,2
7871,0
7872,2
7873,1
7874,0
7875,0
7876,0
7877,3
7878,1
7879,0
7880,0
7881,1
7882,1
7883,1
7884,2
7885,0
7886,0
7887,2
7888,0
7889,1
7890,2
7891,0
7892,0
7893,0
7894,0
7895,1
7896,0
7897,2
7898,0
7899,1
7900,3
7901,2
7902,5
7903,0
7904,2
7905,3
7906,0
7907,2
7908,1
7909,1
7910,2
7911,0
7912,2
7913,2
7914,0
7915,0
7916,2
7917,2
7918,0
7919,1
7920,1
7921,0
7922,1
7923,2
7924,0
7925,0
7926,2
7927,1
7928,1
7929,0
7930,1
7931,2
7932,3
7933,1
7934,0
7935,0
7936,4
7937,2
7938,2
7939,0
7940,1
7941,0
7942,3
7943,2
7944,1
7945,1
7946,0
7947,1
7948,0
7949,0
7950,0
7951,1
7952,1
7953,2
7954,3
7955,0
7956,2
7957,0
7958,1
7959,0
7960,2
7961,0
7962,0
7963,1
7964,0
7965,2
7966,0
7967,1
7968,3
7969,3
7970,1
7971,1
7972,2
7973,3
7974,2
7975,2
7976,1
7977,3
7978,0
7979,0
7980,0
7981,0
7982,1
7983,1
7984,1
7985,1
7986,0
7987,0
7988,2
7989,2
7990,2
7991,1
7992,1
7993,1
7994,1
7995,3
7996,1
7997,5
7998,0
7999,1
8000,1
8001,0
8002,1
8003,0
8004,1
8005,0
8006,0
8007,0
8008,0
8009,1
8010,2
8011,0
8012,0
8013,1
8014,1
8015,1
8016,1
8017,0
8018,1
8019,1
8020,0
8021,0
8022,0
8023,0
8024,4
8025,2
8026,0
8027,1
8028,3
8029,0
8030,0
8031,0
8032,2
8033,1
8034,3
8035,1
8036,0
8037,1
8038,5
8039,0
8040,3
8041,0
8042,3
8043,1
8044,1
8045,0
8046,2
8047,1
8048,0
8049,1
8050,1
8051,2
8052,4
8053,0
8054,0
8055,1
8056,0
8057,1
8058,2
8059,3
8060,0
8061,0
8062,2
8063,0
8064,2
8065,5
8066,2
8067,1
8068,0
8069,1
8070,1
8071,2
8072,3
8073,2
8074,1
8075,1
8076,0
8077,2
8078,1
8079,2
8080,1
8081,0
8082,3
8083,2
8084,2
8085,2
8086,1
8087,0
8088,0
8089,1
8090,2
8091,5
8092,1
8093,1
8094,0
8095,1
8096,3
8097,2
8098,0
8099,0
8100,1
8101,1
8102,1
8103,0
8104,1
8105,2
8106,0
8107,0
8108,0
8109,2
8110,2
8111,1
8112,3
8113,0
8114,3
8115,3
8116,2
8117,1
8118,1
8119,0
8120,2
8121,0
8122,1
8123,1
8124,0
8125,5
8126,0
8127,4
8128,3
8129,1
8130,0
8131,0
8132,0
8133,0
8134,0
8135,4
8136,0
8137,1
8138,1
8139,1
8140,0
8141,2
8142,0
8143,0
8144,1
8145,2
8146,2
8147,0
8148,2
8149,3
8150,0
8151,0
8152,0
8153,4
8154,2
8155,0
8156,0
8157,0
8158,0
8159,0
8160,1
8161,2
8162,2
8163,3
8164,0
8165,1
8166,1
8167,0
8168,1
8169,0
8170,0
8171,0
8172,1
8173,1
8174,1
8175,2
8176,0
8177,0
8178,0
8179,2
8180,0
8181,1
8182,3
8183,2
8184,0
8185,1
8186,0
8187,0
8188,0
8189,1
8190,1
8191,1
8192,0
8193,1
8194,1
8195,0
8196,1
8197,3
8198,1
8199,1
8200,0
8201,2
8202,1
8203,2
8204,0
8205,0
8206,0
8207,2
8208,1
8209,1
8210,2
8211,2
8212,0
8213,0
8214,0
8215,1
8216,2
8217,1
8218,0
8219,0
8220,1
8221,4
8222,1
8223,2
8224,2
8225,0
8226,1
8227,0
8228,3
8229,0
8230,3
8231,0
8232,0
8233,0
8234,1
8235,0
8236,0
8237,0
8238,1
8239,0
8240,1
8241,3
8242,1
8243,3
8244,1
8245,3
8246,2
8247,1
8248,0
8249,2
8250,0
8251,1
8252,0
8253,4
8254,0
8255,0
8256,0
8257,1
8258,0
8259,3
8260,0
8261,1
8262,0
8263,1
8264,3
8265,1
8266,0
8267,1
8268,0
8269,1
8270,0
8271,0
8272,1
8273,3
8274,0
8275,2
8276,1
8277,1
8278,1
8279,2
8280,0
8281,0
8282,4
8283,1
8284,3
8285,1
8286,0
8287,3
8288,1
8289,1
8290,0
8291,0
8292,0
8293,0
8294,1
8295,0
8296,0
8297,0
8298,1
8299,2
8300,0
8301,0
8302,0
8303,1
8304,2
8305,0
8306,0
8307,0
8308,0
8309,1
8310,1
8311,0
8312,0
8313,2
8314,0
8315,2
8316,0
8317,0
8318,1
8319,0
8320,2
8321,0
8322,5
8323,1
8324,2
8325,1
8326,1
8327,2
8328,0
8329,3
8330,1
8331,1
8332,0
8333,0
8334,0
8335,2
8336,0
8337,2
8338,3
8339,0
8340,1
8341,1
8342,2
8343,1
8344,0
8345,0
8346,2
8347,1
8348,0
8349,2
8350,3
8351,2
8352,0
8353,2
8354,1
8355,1
8356,2
8357,1
8358,3
8359,1
8360,2
8361,1
8362,2
8363,0
8364,1
8365,0
8366,1
8367,0
8368,2
8369,3
8370,0
8371,0
8372,1
8373,1
8374,0
8375,1
8376,0
8377,1
8378,1
8379,0
8380,0
8381,1
8382,0
8383,1
8384,1
8385,0
8386,1
8387,2
8388,2
8389,1
8390,1
8391,4
8392,0
8393,0
8394,1
8395,2
8396,0
8397,1
8398,0
8399,0
8400,1
8401,0
8402,0
8403,3
8404,1
8405,1
8406,1
8407,0
8408,1
8409,4
8410,0
8411,0
8412,0
8413,1
8414,1
8415,2
8416,1
8417,2
8418,0
8419,2
8420,2
8421,2
8422,6
8423,1
8424,2
8425,4
8426,0
8427,0
8428,1
8429,1
8430,1
8431,1
8432,2
8433,2
8434,1
8435,0
8436,2
8437,0
8438,0
8439,0
8440,2
8441,3
8442,1
8443,0
8444,1
8445,0
8446,4
8447,0
8448,0
8449,1
8450,0
8451,1
8452,0
8453,0
8454,2
8455,0
8456,1
8457,2
8458,2
8459,1
8460,0
8461,0
8462,1
8463,2
8464,0
8465,2
8466,3
8467,8
8468,0
8469,0
8470,1
8471,0
8472,4
8473,0
8474,0
8475,1
8476,0
8477,0
8478,1
8479,1
8480,0
8481,3
8482,2
8483,1
8484,0
8485,1
8486,1
8487,0
8488,1
8489,1
8490,2
8491,1
8492,2
8493,1
8494,0
8495,0
8496,1
8497,1
8498,0
8499,1
8500,4
8501,3
8502,1
8503,0
8504,1
8505,0
8506,1
8507,2
8508,1
8509,0
8510,2
8511,1
8512,0
8513,1
8514,2
8515,2
8516,0
8517,3
8518,0
8519,2
8520,1
8521,0
8522,1
8523,1
8524,2
8525,1
8526,1
8527,1
8528,2
8529,0
8530,0
8531,1
8532,0
8533,3
8534,2
8535,1
8536,0
8537,0
8538,0
8539,0
8540,0
8541,1
8542,2
8543,0
8544,1
8545,0
8546,2
8547,5
8548,5
8549,6
8550,0
8551,3
8552,3
8553,1
8554,0
8555,0
8556,0
8557,1
8558,3
8559,0
8560,0
8561,1
8562,0
8563,0
8564,1
8565,0
8566,4
8567,0
8568,0
8569,3
8570,0
8571,4
8572,2
8573,2
8574,2
8575,0
8576,0
8577,3
8578,1
8579,1
8580,1
8581,1
8582,2
8583,2
8584,2
8585,1
8586,0
8587,2
8588,1
8589,0
8590,2
8591,3
8592,1
8593,1
8594,0
8595,2
8596,2
8597,1
8598,0
8599,2
8600,3
8601,1
8602,0
8603,1
8604,6
8605,0
8606,0
8607,1
8608,0
8609,1
8610,0
8611,0
8612,1
8613,1
8614,0
8615,0
8616,2
8617,0
8618,1
8619,3
8620,1
8621,1
8622,0
8623,3
8624,0
8625,0
8626,0
8627,2
8628,2
8629,0
8630,0
8631,0
8632,3
8633,4
8634,1
8635,1
8636,2
8637,0
8638,0
8639,0
8640,1
8641,3
8642,1
8643,2
8644,0
8645,0
8646,3
8647,1
8648,2
8649,0
8650,1
8651,1
8652,1
8653,0
8654,2
8655,0
8656,0
8657,0
8658,2
8659,1
8660,1
8661,0
8662,1
8663,2
8664,1
8665,0
8666,2
8667,0
8668,0
8669,0
8670,4
8671,1
8672,1
8673,1
8674,1
8675,0
8676,1
8677,3
8678,1
8679,0
8680,0
8681,0
8682,1
8683,1
8684,2
8685,1
8686,0
8687,1
8688,0
8689,0
8690,1
8691,2
8692,1
8693,0
8694,0
8695,1
8696,1
8697,1
8698,1
8699,1
8700,2
8701,0
8702,3
8703,0
8704,1
8705,3
8706,0
8707,3
8708,1
8709,0
8710,0
8711,0
8712,0
8713,2
8714,2
8715,5
8716,2
8717,4
8718,1
8719,1
8720,0
8721,3
8722,1
8723,1
8724,0
8725,2
8726,1
8727,3
8728,2
8729,2
8730,4
8731,0
8732,1
8733,1
8734,1
8735,1
8736,0
8737,1
8738,3
8739,1
8740,2
8741,2
8742,0
8743,2
8744,1
8745,0
8746,0
8747,0
8748,3
8749,0
8750,1
8751,1
8752,0
8753,1
8754,1
8755,2
8756,1
8757,1
8758,1
8759,0
8760,0
8761,0
8762,0
8763,0
8764,4
8765,2
8766,0
8767,3
8768,1
8769,0
8770,0
8771,0
8772,0
8773,4
8774,1
8775,3
8776,1
8777,5
8778,0
8779,1
8780,0
8781,1
8782,1
8783,0
8784,1
8785,0
8786,2
8787,1
8788,3
8789,0
8790,1
8791,4
8792,1
8793,2
8794,0
8795,1
8796,0
8797,0
8798,1
8799,2
8800,1
8801,0
8802,0
8803,1
8804,0
8805,1
8806,4
8807,0
8808,2
8809,0
8810,0
8811,0
8812,2
8813,2
8814,3
8815,0
8816,3
8817,0
8818,2
8819,0
8820,1
8821,1
8822,1
8823,0
8824,1
8825,1
8826,0
8827,1
8828,0
8829,2
8830,0
8831,1
8832,2
8833,1
8834,1
8835,0
8836,1
8837,2
8838,2
8839,1
8840,2
8841,3
8842,2
8843,2
8844,1
8845,0
8846,0
8847,3
8848,0
8849,1
8850,2
8851,0
8852,3
8853,0
8854,2
8855,0
8856,1
8857,0
8858,1
8859,1
8860,0
8861,1
8862,1
8863,0
8864,0
8865,1
8866,0
8867,0
8868,2
8869,0
8870,1
8871,0
8872,4
8873,1
8874,1
8875,0
8876,0
8877,0
8878,1
8879,0
8880,2
8881,1
8882,0
8883,1
8884,3
8885,1
8886,0
8887,1
8888,0
8889,1
8890,2
8891,0
8892,1
8893,2
8894,1
8895,1
8896,0
8897,1
8898,2
8899,1
8900,1
8901,1
8902,0
8903,2
8904,1
8905,0
8906,1
8907,4
8908,0
8909,1
8910,0
8911,1
8912,2
8913,0
8914,1
8915,1
8916,0
8917,0
8918,0
8919,0
8920,4
8921,0
8922,2
8923,0
8924,0
8925,4
8926,1
8927,0
8928,0
8929,1
8930,1
8931,0
8932,2
8933,0
8934,1
8935,3
8936,2
8937,3
8938,5
8939,0
8940,1
8941,1
8942,3
8943,3
8944,1
8945,0
8946,3
8947,2
8948,1
8949,1
8950,2
8951,1
8952,0
8953,0
8954,0
8955,1
8956,0
8957,2
8958,0
8959,0
8960,1
8961,3
8962,1
8963,0
8964,2
8965,0
8966,3
8967,0
8968,1
8969,1
8970,2
8971,0
8972,1
8973,5
8974,1
8975,1
8976,0
8977,1
8978,2
8979,0
8980,2
8981,2
8982,3
8983,0
8984,1
8985,2
8986,0
8987,1
8988,2
8989,0
8990,1
8991,3
8992,1
8993,1
8994,1
8995,1
8996,0
8997,2
8998,0
8999,2
9000,0
9001,0
9002,0
9003,1
9004,0
9005,2
9006,0
9007,0
9008,0
9009,0
9010,1
9011,0
9012,1
9013,2
9014,1
9015,1
9016,2
9017,0
9018,1
9019,3
9020,0
9021,3
9022,2
9023,4
9024,1
9025,0
9026,0
9027,0
9028,1
9029,2
9030,4
9031,1
9032,3
9033,0
9034,1
9035,1
9036,1
9037,0
9038,2
9039,2
9040,3
9041,3
9042,2
9043,1
9044,0
9045,0
9046,3
9047,0
9048,1
9049,2
9050,2
9051,0
9052,3
9053,1
9054,0
9055,2
9056,1
9057,0
9058,1
9059,1
9060,1
9061,4
9062,1
9063,0
9064,2
9065,3
9066,0
9067,0
9068,0
9069,4
9070,1
9071,2
9072,1
9073,0
9074,1
9075,0
9076,4
9077,2
9078,1
9079,1
9080,0
9081,0
9082,0
9083,0
9084,0
9085,3
9086,2
9087,1
9088,0
9089,1
9090,0
9091,2
9092,3
9093,1
9094,1
9095,2
9096,0
9097,0
9098,1
9099,0
9100,1
9101,2
9102,0
9103,1
9104,1
9105,0
9106,4
9107,0
9108,1
9109,0
9110,0
9111,1
9112,0
9113,2
9114,1
9115,0
9116,2
9117,0
9118,0
9119,1
9120,0
9121,2
9122,2
9123,2
9124,0
9125,0
9126,1
9127,0
9128,0
9129,0
9130,0
9131,0
9132,3
9133,0
9134,0
9135,0
9136,0
9137,0
9138,2
9139,1
9140,1
9141,3
9142,1
9143,1
9144,0
9145,1
9146,1
9147,1
9148,0
9149,0
9150,1
9151,0
9152,1
9153,0
9154,2
9155,2
9156,2
9157,1
9158,3
9159,1
9160,1
9161,0
9162,0
9163,1
9164,0
9165,3
9166,1
9167,3
9168,0
9169,0
9170,3
9171,1
9172,0
9173,2
9174,0
9175,0
9176,1
9177,1
9178,2
9179,1
9180,0
9181,0
9182,0
9183,1
9184,1
9185,4
9186,1
9187,0
9188,1
9189,0
9190,3
9191,1
9192,0
9193,1
9194,1
9195,2
9196,0
9197,2
9198,2
9199,1
9200,0
9201,3
9202,2
9203,0
9204,0
9205,1
9206,1
9207,2
9208,3
9209,1
9210,0
9211,0
9212,0
9213,2
9214,3
9215,0
9216,0
9217,0
9218,3
9219,0
9220,2
9221,1
9222,0
9223,0
9224,0
9225,2
9226,0
9227,1
9228,0
9229,3
9230,1
9231,0
9232,0
9233,0
9234,1
9235,0
9236,1
9237,1
9238,1
9239,0
9240,0
9241,1
9242,1
9243,3
9244,0
9245,0
9246,0
9247,1
9248,0
9249,1
9250,1
9251,1
9252,0
9253,0
9254,2
9255,0
9256,1
9257,1
9258,0
9259,2
9260,0
9261,0
9262,1
9263,1
9264,1
9265,2
9266,0
9267,2
9268,1
9269,0
9270,3
9271,0
9272,3
9273,2
9274,1
9275,1
9276,3
9277,1
9278,2
9279,0
9280,0
9281,0
9282,0
9283,2
9284,0
9285,1
9286,0
9287,3
9288,3
9289,0
9290,2
9291,3
9292,0
9293,1
9294,0
9295,0
9296,0
9297,1
9298,1
9299,1
9300,0
9301,2
9302,0
9303,1
9304,1
9305,0
9306,0
9307,1
9308,0
9309,1
9310,2
9311,2
9312,1
9313,0
9314,2
9315,2
9316,0
9317,0
9318,3
9319,2
9320,2
9321,1
9322,0
9323,1
9324,1
9325,1
9326,0
9327,0
9328,2
9329,1
9330,1
9331,1
9332,1
9333,1
9334,1
9335,0
9336,2
9337,0
9338,0
9339,1
9340,0
9341,2
9342,2
9343,0
9344,0
9345,0
9346,1
9347,4
9348,2
9349,1
9350,0
9351,0
9352,1
9353,1
9354,1
9355,0
9356,0
9357,2
9358,0
9359,2
9360,1
9361,0
9362,2
9363,1
9364,4
9365,2
9366,3
9367,0
9368,0
9369,2
9370,1
9371,0
9372,1
9373,1
9374,2
9375,0
9376,0
9377,0
9378,3
9379,0
9380,1
9381,1
9382,1
9383,1
9384,1
9385,0
9386,0
9387,1
9388,1
9389,3
9390,1
9391,1
9392,0
9393,2
9394,3
9395,0
9396,1
9397,1
9398,1
9399,0
9400,0
9401,2
9402,3
9403,0
9404,0
9405,0
9406,0
9407,0
9408,1
9409,1
9410,4
9411,4
9412,0
9413,1
9414,2
9415,1
9416,1
9417,3
9418,0
9419,0
9420,0
9421,1
9422,0
9423,4
9424,1
9425,1
9426,0
9427,2
9428,1
9429,0
9430,0
9431,1
9432,0
9433,0
9434,0
9435,2
9436,1
9437,1
9438,0
9439,1
9440,0
9441,1
9442,2
9443,0
9444,1
9445,2
9446,1
9447,0
9448,0
9449,1
9450,0
9451,1
9452,1
9453,2
9454,1
9455,0
9456,1
9457,0
9458,1
9459,0
9460,0
9461,1
9462,1
9463,2
9464,2
9465,1
9466,0
9467,2
9468,0
9469,2
9470,1
9471,1
9472,2
9473,0
9474,4
9475,3
9476,2
9477,0
9478,2
9479,1
9480,0
9481,2
9482,2
9483,1
9484,1
9485,2
9486,1
9487,0
9488,0
9489,0
9490,0
9491,0
9492,4
9493,0
9494,0
9495,1
9496,1
9497,0
9498,3
9499,0
9500,0
9501,1
9502,2
9503,1
9504,1
9505,1
9506,1
9507,2
9508,0
9509,1
9510,0
9511,1
9512,1
9513,0
9514,0
9515,0
9516,1
9517,0
9518,4
9519,0
9520,1
9521,0
9522,2
9523,1
9524,2
9525,0
9526,4
9527,2
9528,1
9529,3
9530,4
9531,1
9532,2
9533,1
9534,2
9535,1
9536,2
9537,1
9538,0
9539,1
9540,2
9541,0
9542,2
9543,2
9544,1
9545,2
9546,1
9547,0
9548,1
9549,0
9550,0
9551,1
9552,0
9553,0
9554,1
9555,3
9556,1
9557,2
9558,1
9559,3
9560,2
9561,1
9562,0
9563,1
9564,0
9565,1
9566,2
9567,2
9568,0
9569,1
9570,0
9571,2
9572,2
9573,4
9574,1
9575,0
9576,1
9577,4
9578,0
9579,0
9580,1
9581,2
9582,0
9583,0
9584,0
9585,0
9586,1
9587,2
9588,1
9589,1
9590,2
9591,2
9592,0
9593,2
9594,2
9595,1
9596,2
9597,0
9598,2
9599,0
9600,1
9601,1
9602,1
9603,1
9604,2
9605,5
9606,0
9607,0
9608,1
9609,2
9610,0
9611,0
9612,1
9613,2
9614,1
9615,0
9616,0
9617,0
9618,0
9619,1
9620,1
9621,3
9622,0
9623,2
9624,0
9625,3
9626,3
9627,1
9628,1
9629,3
9630,1
9631,1
9632,2
9633,3
9634,1
9635,1
9636,3
9637,2
9638,1
9639,1
9640,0
9641,2
9642,1
9643,1
9644,2
9645,2
9646,0
9647,1
9648,0
9649,0
9650,0
9651,0
9652,2
9653,1
9654,3
9655,0
9656,1
9657,1
9658,1
9659,0
9660,0
9661,0
9662,0
9663,3
9664,0
9665,0
9666,0
9667,1
9668,1
9669,0
9670,1
9671,1
9672,1
9673,0
9674,1
9675,1
9676,0
9677,0
9678,2
9679,2
9680,2
9681,0
9682,0
9683,0
9684,0
9685,3
9686,1
9687,1
9688,0
9689,1
9690,0
9691,2
9692,0
9693,1
9694,1
9695,0
9696,1
9697,0
9698,0
9699,2
9700,0
9701,0
9702,2
9703,0
9704,0
9705,1
9706,1
9707,0
9708,1
9709,0
9710,0
9711,2
9712,0
9713,0
9714,4
9715,3
9716,0
9717,0
9718,0
9719,1
9720,0
9721,2
9722,2
9723,0
9724,1
9725,1
9726,2
9727,1
9728,0
9729,1
9730,0
9731,0
9732,0
9733,4
9734,1
9735,1
9736,2
9737,0
9738,2
9739,0
9740,1
9741,1
9742,2
9743,0
9744,1
9745,2
9746,0
9747,1
9748,0
9749,1
9750,1
9751,1
9752,3
9753,0
9754,0
9755,0
9756,4
9757,2
9758,0
9759,2
9760,0
9761,1
9762,2
9763,2
9764,0
9765,1
9766,0
9767,3
9768,1
9769,0
9770,0
9771,1
9772,3
9773,0
9774,0
9775,0
9776,0
9777,0
9778,1
9779,1
9780,1
9781,1
9782,1
9783,0
9784,0
9785,3
9786,0
9787,4
9788,0
9789,1
9790,0
9791,0
9792,0
9793,1
9794,1
9795,1
9796,2
9797,2
9798,1
9799,1
9800,0
9801,2
9802,1
9803,1
9804,0
9805,2
9806,2
9807,1
9808,0
9809,1
9810,1
9811,1
9812,1
9813,1
9814,0
9815,1
9816,0
9817,1
9818,4
9819,2
9820,1
9821,2
9822,2
9823,1
9824,2
9825,3
9826,0
9827,2
9828,1
9829,0
9830,1
9831,2
9832,3
9833,1
9834,2
9835,3
9836,0
9837,2
9838,0
9839,0
9840,1
9841,0
9842,0
9843,0
9844,1
9845,2
9846,2
9847,1
9848,1
9849,3
9850,0
9851,3
9852,2
9853,0
9854,0
9855,0
9856,2
9857,3
9858,4
9859,0
9860,0
9861,0
9862,3
9863,3
9864,1
9865,2
9866,1
9867,1
9868,3
9869,2
9870,0
9871,3
9872,2
9873,1
9874,2
9875,0
9876,1
9877,0
9878,0
9879,2
9880,1
9881,0
9882,1
9883,3
9884,1
9885,0
9886,2
9887,0
9888,0
9889,0
9890,3
9891,1
9892,1
9893,0
9894,1
9895,0
9896,2
9897,1
9898,1
9899,1
9900,1
9901,0
9902,0
9903,0
9904,1
9905,3
9906,0
9907,1
9908,0
9909,4
9910,0
9911,1
9912,2
9913,1
9914,0
9915,1
9916,0
9917,1
9918,2
9919,1
9920,0
9921,0
9922,1
9923,1
9924,1
9925,2
9926,0
9927,0
9928,0
9929,1
9930,2
9931,1
9932,1
9933,0
9934,0
9935,0
9936,1
9937,2
9938,1
9939,0
9940,0
9941,2
9942,0
9943,1
9944,0
9945,0
9946,2
9947,0
9948,1
9949,1
9950,5
9951,1
9952,0
9953,1
9954,2
9955,4
9956,1
9957,0
9958,2
9959,2
9960,2
9961,0
9962,0
9963,0
9964,1
9965,1
9966,2
9967,2
9968,0
9969,0
9970,2
9971,1
9972,1
9973,1
9974,2
9975,0
9976,1
9977,1
9978,1
9979,0
9980,1
9981,0
9982,1
9983,0
9984,0
9985,1
9986,0
9987,2
9988,0
9989,0
9990,3
9991,3
9992,0
9993,1
9994,0
9995,2
9996,3
9997,1
9998,3
9999,1
