0,305
1,3
2,12
3,28
4,39
5,19
6,0
7,19
8,17
9,60
10,0
11,0
12,51
13,2
14,0
15,0
16,39
17,0
18,16
19,32
20,41
21,31
22,0
23,4
24,36
25,0
26,60
27,16
28,52
29,0
30,7
31,10
32,18
33,1
34,21
35,36
36,14
37,0
38,18
39,0
40,81
41,26
42,22
43,31
44,49
45,25
46,21
47,7
48,0
49,50
50,0
51,14
52,6
53,45
54,40
55,21
56,1
57,16
58,11
59,21
60,25
61,0
62,12
63,0
64,0
65,12
66,23
67,4
68,21
69,10
70,1
71,1
72,6
73,20
74,0
75,35
76,0
77,15
78,10
79,34
80,0
81,45
82,9
83,9
84,19
85,13
86,0
87,6
88,0
89,0
90,0
91,0
92,14
93,1
94,11
95,0
96,36
97,0
98,0
99,19
100,23
101,32
102,15
103,16
104,14
105,0
106,0
107,0
108,17
109,12
110,17
111,35
112,0
113,33
114,0
115,0
116,29
117,0
118,13
119,42
120,4
121,0
122,0
123,0
124,0
125,10
126,0
127,18
128,13
129,14
130,0
131,28
132,0
133,0
134,0
135,0
136,1
137,33
138,0
139,19
140,3
141,14
142,0
143,15
144,0
145,13
146,5
147,0
148,6
149,12
150,0
151,0
152,0
153,26
154,1
155,5
156,0
157,1
158,0
159,10
160,8
161,0
162,8
163,14
164,9
165,8
166,22
167,0
168,25
169,0
170,0
171,16
172,3
173,7
174,31
175,0
176,0
177,3
178,4
179,7
180,5
181,7
182,4
183,12
184,16
185,2
186,7
187,2
188,1
189,10
190,10
191,24
192,4
193,9
194,3
195,4
196,1
197,1
198,13
199,0
200,18
201,17
202,1
203,15
204,0
205,0
206,0
207,3
208,7
209,0
210,4
211,12
212,17
213,38
214,1
215,2
216,0
217,14
218,4
219,7
220,10
221,10
222,0
223,0
224,0
225,10
226,4
227,14
228,6
229,14
230,0
231,2
232,13
233,14
234,46
235,0
236,0
237,4
238,6
239,0
240,11
241,1
242,8
243,13
244,4
245,12
246,0
247,0
248,4
249,0
250,25
251,43
252,13
253,0
254,5
255,13
256,0
257,0
258,0
259,11
260,9
261,0
262,0
263,10
264,0
265,0
266,3
267,21
268,22
269,6
270,1
271,4
272,0
273,1
274,15
275,0
276,0
277,3
278,0
279,0
280,0
281,5
282,1
283,3
284,9
285,1
286,0
287,13
288,0
289,0
290,3
291,10
292,0
293,2
294,0
295,10
296,9
297,4
298,0
299,4
300,14
301,0
302,0
303,2
304,6
305,0
306,0
307,16
308,29
309,4
310,5
311,0
312,20
313,10
314,10
315,0
316,4
317,0
318,0
319,0
320,0
321,0
322,7
323,4
324,0
325,8
326,0
327,0
328,2
329,0
330,0
331,3
332,9
333,0
334,15
335,5
336,10
337,7
338,18
339,21
340,20
341,4
342,0
343,0
344,2
345,3
346,2
347,0
348,8
349,2
350,0
351,2
352,7
353,0
354,0
355,1
356,5
357,0
358,5
359,1
360,0
361,8
362,15
363,2
364,14
365,10
366,29
367,0
368,0
369,4
370,0
371,9
372,1
373,12
374,0
375,3
376,12
377,1
378,20
379,7
380,13
381,16
382,10
383,0
384,17
385,0
386,5
387,20
388,8
389,1
390,1
391,0
392,2
393,1
394,0
395,4
396,1
397,0
398,0
399,0
400,1
401,7
402,5
403,22
404,7
405,7
406,0
407,0
408,8
409,6
410,0
411,12
412,7
413,2
414,4
415,0
416,4
417,4
418,14
419,34
420,9
421,2
422,0
423,0
424,1
425,10
426,0
427,0
428,0
429,0
430,8
431,0
432,2
433,0
434,19
435,22
436,10
437,3
438,0
439,0
440,0
441,20
442,3
443,3
444,0
445,18
446,0
447,1
448,11
449,13
450,1
451,0
452,15
453,15
454,0
455,33
456,8
457,27
458,3
459,1
460,0
461,11
462,1
463,1
464,3
465,9
466,2
467,5
468,1
469,14
470,12
471,5
472,1
473,0
474,1
475,0
476,1
477,0
478,2
479,16
480,0
481,1
482,7
483,16
484,9
485,9
486,10
487,0
488,7
489,0
490,0
491,15
492,4
493,1
494,0
495,7
496,1
497,13
498,0
499,4
500,28
501,13
502,1
503,1
504,0
505,10
506,7
507,0
508,0
509,9
510,5
511,12
512,12
513,6
514,4
515,0
516,0
517,13
518,0
519,0
520,0
521,3
522,3
523,0
524,6
525,0
526,0
527,0
528,0
529,2
530,6
531,0
532,5
533,0
534,6
535,2
536,0
537,4
538,0
539,2
540,0
541,0
542,5
543,1
544,1
545,0
546,14
547,0
548,0
549,8
550,0
551,4
552,10
553,12
554,0
555,2
556,0
557,0
558,5
559,0
560,7
561,0
562,0
563,41
564,34
565,2
566,3
567,14
568,3
569,2
570,8
571,0
572,7
573,6
574,5
575,0
576,8
577,0
578,2
579,0
580,0
581,0
582,4
583,7
584,7
585,0
586,5
587,0
588,0
589,3
590,0
591,0
592,0
593,10
594,5
595,0
596,5
597,0
598,5
599,0
600,2
601,0
602,0
603,2
604,0
605,0
606,5
607,3
608,0
609,10
610,0
611,2
612,1
613,16
614,2
615,10
616,1
617,1
618,0
619,3
620,0
621,0
622,8
623,0
624,7
625,0
626,1
627,11
628,1
629,0
630,4
631,1
632,0
633,2
634,2
635,2
636,0
637,1
638,0
639,1
640,0
641,4
642,0
643,8
644,2
645,1
646,10
647,0
648,0
649,4
650,0
651,0
652,1
653,0
654,8
655,7
656,0
657,0
658,6
659,0
660,0
661,1
662,3
663,1
664,1
665,3
666,3
667,6
668,3
669,0
670,0
671,4
672,13
673,2
674,7
675,9
676,0
677,11
678,2
679,0
680,0
681,8
682,3
683,0
684,11
685,21
686,0
687,0
688,0
689,1
690,1
691,18
692,4
693,3
694,0
695,11
696,11
697,1
698,5
699,10
700,0
701,0
702,10
703,0
704,1
705,7
706,6
707,0
708,17
709,1
710,3
711,0
712,1
713,0
714,0
715,3
716,0
717,0
718,4
719,0
720,3
721,0
722,1
723,4
724,1
725,2
726,1
727,4
728,0
729,0
730,0
731,2
732,1
733,2
734,2
735,6
736,6
737,17
738,0
739,4
740,6
741,0
742,2
743,0
744,3
745,2
746,0
747,0
748,8
749,3
750,4
751,0
752,15
753,9
754,6
755,3
756,3
757,0
758,16
759,2
760,0
761,0
762,3
763,0
764,8
765,0
766,4
767,0
768,0
769,0
770,0
771,19
772,0
773,0
774,0
775,1
776,8
777,2
778,2
779,1
780,0
781,0
782,3
783,0
784,0
785,0
786,9
787,0
788,0
789,8
790,9
791,0
792,0
793,0
794,6
795,16
796,4
797,9
798,10
799,4
800,0
801,0
802,2
803,0
804,7
805,0
806,8
807,5
808,6
809,7
810,0
811,0
812,1
813,0
814,5
815,0
816,7
817,0
818,14
819,2
820,3
821,2
822,0
823,0
824,2
825,2
826,0
827,1
828,4
829,6
830,2
831,0
832,7
833,0
834,0
835,19
836,6
837,0
838,2
839,2
840,1
841,7
842,2
843,0
844,8
845,0
846,1
847,2
848,5
849,5
850,0
851,5
852,3
853,2
854,0
855,12
856,9
857,2
858,3
859,0
860,10
861,8
862,0
863,6
864,2
865,0
866,2
867,2
868,0
869,0
870,1
871,4
872,1
873,0
874,0
875,0
876,0
877,4
878,1
879,6
880,0
881,14
882,2
883,2
884,1
885,9
886,0
887,19
888,2
889,11
890,1
891,1
892,7
893,0
894,0
895,1
896,5
897,2
898,0
899,4
900,7
901,0
902,1
903,3
904,4
905,4
906,0
907,8
908,6
909,0
910,0
911,0
912,0
913,0
914,3
915,0
916,14
917,15
918,3
919,0
920,0
921,1
922,1
923,1
924,2
925,1
926,6
927,0
928,0
929,8
930,1
931,0
932,0
933,15
934,0
935,9
936,0
937,3
938,6
939,4
940,0
941,5
942,0
943,0
944,0
945,0
946,6
947,6
948,9
949,4
950,2
951,0
952,0
953,0
954,5
955,5
956,0
957,0
958,4
959,15
960,3
961,0
962,11
963,1
964,5
965,0
966,0
967,3
968,0
969,1
970,1
971,0
972,0
973,3
974,16
975,0
976,0
977,0
978,3
979,3
980,8
981,1
982,5
983,9
984,5
985,0
986,4
987,1
988,2
989,9
990,2
991,6
992,8
993,0
994,9
995,5
996,4
997,9
998,0
999,0
1000,8
1001,0
1002,0
1003,2
1004,0
1005,0
1006,1
1007,1
1008,0
1009,17
1010,4
1011,1
1012,1
1013,0
1014,0
1015,14
1016,0
1017,0
1018,7
1019,1
1020,0
1021,5
1022,3
1023,4
1024,2
1025,0
1026,1
1027,2
1028,0
1029,0
1030,5
1031,5
1032,17
1033,5
1034,8
1035,0
1036,2
1037,4
1038,5
1039,11
1040,0
1041,0
1042,6
1043,0
1044,7
1045,5
1046,4
1047,0
1048,0
1049,5
1050,0
1051,0
1052,0
1053,5
1054,2
1055,1
1056,1
1057,2
1058,0
1059,4
1060,3
1061,0
1062,0
1063,9
1064,0
1065,3
1066,0
1067,12
1068,2
1069,0
1070,0
1071,5
1072,1
1073,1
1074,1
1075,0
1076,9
1077,0
1078,4
1079,0
1080,0
1081,0
1082,5
1083,18
1084,1
1085,0
1086,7
1087,10
1088,3
1089,4
1090,13
1091,3
1092,2
1093,0
1094,2
1095,1
1096,0
1097,6
1098,0
1099,0
1100,0
1101,3
1102,1
1103,5
1104,0
1105,6
1106,0
1107,1
1108,16
1109,0
1110,0
1111,12
1112,0
1113,0
1114,0
1115,0
1116,4
1117,3
1118,5
1119,3
1120,4
1121,1
1122,9
1123,0
1124,0
1125,11
1126,2
1127,2
1128,12
1129,3
1130,3
1131,2
1132,2
1133,0
1134,1
1135,8
1136,7
1137,0
1138,3
1139,0
1140,1
1141,9
1142,0
1143,1
1144,2
1145,4
1146,4
1147,4
1148,9
1149,8
1150,0
1151,11
1152,9
1153,0
1154,2
1155,0
1156,0
1157,0
1158,1
1159,0
1160,5
1161,9
1162,0
1163,5
1164,0
1165,0
1166,1
1167,7
1168,0
1169,0
1170,4
1171,0
1172,1
1173,1
1174,2
1175,0
1176,7
1177,2
1178,0
1179,5
1180,8
1181,0
1182,3
1183,4
1184,0
1185,1
1186,4
1187,0
1188,4
1189,4
1190,5
1191,0
1192,6
1193,0
1194,4
1195,5
1196,0
1197,0
1198,0
1199,3
1200,1
1201,0
1202,8
1203,4
1204,0
1205,5
1206,0
1207,6
1208,0
1209,7
1210,5
1211,3
1212,5
1213,5
1214,4
1215,0
1216,4
1217,12
1218,4
1219,15
1220,0
1221,1
1222,19
1223,3
1224,5
1225,0
1226,0
1227,0
1228,4
1229,0
1230,7
1231,12
1232,2
1233,0
1234,2
1235,1
1236,18
1237,5
1238,7
1239,3
1240,0
1241,5
1242,2
1243,5
1244,0
1245,1
1246,0
1247,3
1248,4
1249,10
1250,0
1251,0
1252,1
1253,0
1254,2
1255,0
1256,0
1257,11
1258,5
1259,2
1260,1
1261,4
1262,4
1263,7
1264,5
1265,0
1266,3
1267,1
1268,1
1269,0
1270,4
1271,0
1272,2
1273,0
1274,0
1275,0
1276,7
1277,2
1278,0
1279,0
1280,5
1281,0
1282,0
1283,2
1284,7
1285,3
1286,4
1287,0
1288,0
1289,0
1290,14
1291,4
1292,11
1293,0
1294,0
1295,16
1296,4
1297,0
1298,0
1299,0
1300,0
1301,1
1302,0
1303,0
1304,2
1305,0
1306,6
1307,0
1308,2
1309,0
1310,1
1311,2
1312,0
1313,9
1314,8
1315,3
1316,3
1317,0
1318,2
1319,0
1320,1
1321,1
1322,1
1323,1
1324,1
1325,8
1326,1
1327,0
1328,11
1329,2
1330,10
1331,10
1332,0
1333,6
1334,3
1335,1
1336,0
1337,0
1338,0
1339,6
1340,0
1341,5
1342,0
1343,16
1344,1
1345,5
1346,1
1347,0
1348,5
1349,0
1350,8
1351,0
1352,0
1353,2
1354,5
1355,0
1356,0
1357,8
1358,1
1359,5
1360,0
1361,0
1362,9
1363,3
1364,1
1365,1
1366,2
1367,0
1368,6
1369,0
1370,2
1371,0
1372,0
1373,0
1374,3
1375,2
1376,2
1377,0
1378,3
1379,2
1380,4
1381,3
1382,3
1383,5
1384,0
1385,3
1386,0
1387,3
1388,0
1389,4
1390,5
1391,6
1392,1
1393,1
1394,0
1395,0
1396,2
1397,2
1398,1
1399,0
1400,1
1401,3
1402,1
1403,0
1404,8
1405,2
1406,1
1407,3
1408,0
1409,2
1410,3
1411,4
1412,5
1413,5
1414,1
1415,2
1416,0
1417,2
1418,5
1419,11
1420,12
1421,4
1422,5
1423,0
1424,3
1425,6
1426,5
1427,1
1428,3
1429,0
1430,3
1431,5
1432,1
1433,3
1434,0
1435,0
1436,0
1437,0
1438,2
1439,0
1440,0
1441,5
1442,10
1443,7
1444,0
1445,1
1446,0
1447,13
1448,0
1449,1
1450,0
1451,2
1452,2
1453,1
1454,2
1455,0
1456,6
1457,1
1458,0
1459,0
1460,2
1461,0
1462,0
1463,1
1464,3
1465,1
1466,0
1467,20
1468,3
1469,3
1470,0
1471,8
1472,1
1473,0
1474,0
1475,5
1476,4
1477,0
1478,3
1479,4
1480,0
1481,0
1482,4
1483,4
1484,2
1485,0
1486,12
1487,0
1488,0
1489,0
1490,2
1491,0
1492,3
1493,1
1494,0
1495,0
1496,1
1497,0
1498,2
1499,8
1500,2
1501,3
1502,3
1503,3
1504,0
1505,2
1506,0
1507,8
1508,0
1509,0
1510,3
1511,0
1512,0
1513,0
1514,0
1515,0
1516,3
1517,8
1518,0
1519,6
1520,0
1521,0
1522,2
1523,0
1524,9
1525,7
1526,3
1527,1
1528,6
1529,0
1530,0
1531,0
1532,2
1533,0
1534,1
1535,0
1536,7
1537,14
1538,0
1539,0
1540,1
1541,0
1542,0
1543,1
1544,3
1545,3
1546,8
1547,0
1548,0
1549,0
1550,0
1551,4
1552,6
1553,0
1554,1
1555,5
1556,0
1557,0
1558,3
1559,0
1560,1
1561,0
1562,1
1563,0
1564,0
1565,1
1566,0
1567,2
1568,6
1569,8
1570,2
1571,7
1572,1
1573,6
1574,2
1575,0
1576,5
1577,15
1578,0
1579,2
1580,3
1581,1
1582,7
1583,5
1584,1
1585,3
1586,0
1587,0
1588,1
1589,1
1590,0
1591,4
1592,2
1593,1
1594,0
1595,3
1596,13
1597,5
1598,0
1599,0
1600,0
1601,0
1602,0
1603,1
1604,2
1605,3
1606,1
1607,6
1608,2
1609,1
1610,10
1611,1
1612,11
1613,0
1614,1
1615,4
1616,8
1617,0
1618,1
1619,2
1620,0
1621,2
1622,3
1623,1
1624,3
1625,0
1626,6
1627,0
1628,0
1629,0
1630,0
1631,2
1632,6
1633,3
1634,9
1635,9
1636,0
1637,0
1638,0
1639,1
1640,8
1641,5
1642,3
1643,0
1644,1
1645,1
1646,2
1647,0
1648,1
1649,0
1650,1
1651,2
1652,0
1653,0
1654,9
1655,1
1656,2
1657,8
1658,5
1659,2
1660,2
1661,4
1662,4
1663,0
1664,0
1665,2
1666,3
1667,0
1668,2
1669,4
1670,3
1671,10
1672,0
1673,3
1674,2
1675,0
1676,0
1677,6
1678,3
1679,5
1680,0
1681,1
1682,2
1683,0
1684,1
1685,6
1686,6
1687,1
1688,3
1689,5
1690,3
1691,0
1692,5
1693,6
1694,2
1695,2
1696,0
1697,0
1698,2
1699,0
1700,1
1701,1
1702,2
1703,3
1704,4
1705,0
1706,0
1707,6
1708,6
1709,2
1710,4
1711,2
1712,1
1713,0
1714,2
1715,0
1716,1
1717,0
1718,1
1719,0
1720,3
1721,1
1722,0
1723,5
1724,0
1725,6
1726,7
1727,1
1728,1
1729,0
1730,6
1731,2
1732,0
1733,0
1734,3
1735,0
1736,2
1737,4
1738,10
1739,0
1740,1
1741,5
1742,0
1743,1
1744,0
1745,8
1746,0
1747,1
1748,1
1749,0
1750,0
1751,0
1752,2
1753,0
1754,1
1755,0
1756,5
1757,2
1758,5
1759,8
1760,1
1761,5
1762,2
1763,1
1764,1
1765,8
1766,3
1767,20
1768,1
1769,0
1770,17
1771,1
1772,1
1773,2
1774,1
1775,0
1776,0
1777,6
1778,0
1779,0
1780,1
1781,4
1782,0
1783,2
1784,0
1785,0
1786,4
1787,2
1788,4
1789,0
1790,4
1791,1
1792,5
1793,8
1794,4
1795,4
1796,5
1797,4
1798,5
1799,3
1800,3
1801,1
1802,7
1803,2
1804,0
1805,8
1806,0
1807,1
1808,1
1809,6
1810,1
1811,2
1812,1
1813,6
1814,6
1815,0
1816,0
1817,0
1818,6
1819,0
1820,2
1821,2
1822,3
1823,0
1824,1
1825,0
1826,0
1827,0
1828,2
1829,1
1830,0
1831,2
1832,6
1833,2
1834,0
1835,2
1836,8
1837,0
1838,11
1839,0
1840,3
1841,1
1842,0
1843,9
1844,0
1845,2
1846,0
1847,0
1848,0
1849,5
1850,7
1851,0
1852,0
1853,3
1854,0
1855,1
1856,0
1857,0
1858,0
1859,1
1860,13
1861,0
1862,2
1863,0
1864,4
1865,0
1866,0
1867,0
1868,9
1869,3
1870,3
1871,3
1872,5
1873,0
1874,0
1875,2
1876,1
1877,0
1878,0
1879,0
1880,1
1881,1
1882,0
1883,5
1884,0
1885,9
1886,9
1887,1
1888,5
1889,4
1890,1
1891,0
1892,5
1893,6
1894,2
1895,1
1896,0
1897,1
1898,0
1899,2
1900,0
1901,8
1902,0
1903,0
1904,6
1905,4
1906,2
1907,1
1908,0
1909,4
1910,5
1911,3
1912,3
1913,4
1914,0
1915,0
1916,3
1917,0
1918,0
1919,0
1920,6
1921,2
1922,0
1923,3
1924,7
1925,1
1926,0
1927,3
1928,0
1929,4
1930,1
1931,0
1932,3
1933,0
1934,1
1935,7
1936,9
1937,2
1938,1
1939,0
1940,3
1941,0
1942,0
1943,0
1944,2
1945,2
1946,9
1947,7
1948,4
1949,1
1950,0
1951,0
1952,0
1953,1
1954,1
1955,0
1956,0
1957,1
1958,0
1959,6
1960,1
1961,0
1962,11
1963,0
1964,9
1965,3
1966,0
1967,2
1968,2
1969,0
1970,0
1971,0
1972,0
1973,3
1974,1
1975,1
1976,1
1977,0
1978,1
1979,0
1980,4
1981,0
1982,11
1983,3
1984,3
1985,2
1986,12
1987,1
1988,3
1989,4
1990,0
1991,4
1992,10
1993,0
1994,5
1995,4
1996,5
1997,0
1998,7
1999,0
2000,2
2001,1
2002,5
2003,0
2004,4
2005,3
2006,0
2007,5
2008,1
2009,1
2010,0
2011,11
2012,10
2013,0
2014,0
2015,7
2016,6
2017,8
2018,2
2019,0
2020,3
2021,0
2022,0
2023,2
2024,4
2025,5
2026,2
2027,4
2028,1
2029,0
2030,4
2031,0
2032,6
2033,2
2034,1
2035,0
2036,1
2037,1
2038,0
2039,0
2040,10
2041,2
2042,0
2043,0
2044,1
2045,2
2046,2
2047,3
2048,1
2049,3
2050,1
2051,1
2052,0
2053,1
2054,5
2055,2
2056,2
2057,1
2058,2
2059,0
2060,3
2061,1
2062,0
2063,0
2064,3
2065,1
2066,8
2067,1
2068,1
2069,8
2070,6
2071,2
2072,1
2073,3
2074,0
2075,4
2076,6
2077,0
2078,1
2079,1
2080,6
2081,0
2082,4
2083,1
2084,0
2085,0
2086,1
2087,0
2088,5
2089,0
2090,0
2091,9
2092,2
2093,6
2094,3
2095,8
2096,0
2097,3
2098,0
2099,3
2100,0
2101,0
2102,1
2103,0
2104,0
2105,8
2106,1
2107,5
2108,0
2109,0
2110,3
2111,0
2112,0
2113,0
2114,0
2115,4
2116,6
2117,3
2118,0
2119,5
2120,0
2121,3
2122,0
2123,1
2124,0
2125,0
2126,0
2127,2
2128,2
2129,1
2130,4
2131,5
2132,2
2133,3
2134,4
2135,2
2136,5
2137,0
2138,3
2139,5
2140,5
2141,5
2142,5
2143,0
2144,2
2145,3
2146,0
2147,2
2148,1
2149,2
2150,1
2151,0
2152,0
2153,4
2154,9
2155,2
2156,0
2157,5
2158,2
2159,0
2160,0
2161,9
2162,2
2163,0
2164,5
2165,1
2166,2
2167,5
2168,2
2169,2
2170,1
2171,1
2172,0
2173,4
2174,0
2175,6
2176,0
2177,0
2178,4
2179,0
2180,0
2181,4
2182,6
2183,0
2184,1
2185,5
2186,0
2187,6
2188,0
2189,6
2190,8
2191,2
2192,0
2193,0
2194,1
2195,2
2196,2
2197,1
2198,6
2199,1
2200,1
2201,0
2202,4
2203,0
2204,3
2205,7
2206,0
2207,0
2208,0
2209,0
2210,3
2211,4
2212,2
2213,2
2214,0
2215,4
2216,4
2217,5
2218,2
2219,6
2220,0
2221,2
2222,1
2223,7
2224,0
2225,1
2226,4
2227,0
2228,9
2229,0
2230,2
2231,3
2232,2
2233,0
2234,0
2235,4
2236,2
2237,7
2238,0
2239,0
2240,0
2241,0
2242,1
2243,0
2244,1
2245,0
2246,3
2247,1
2248,2
2249,3
2250,1
2251,4
2252,2
2253,1
2254,2
2255,0
2256,0
2257,5
2258,2
2259,1
2260,2
2261,0
2262,1
2263,0
2264,0
2265,1
2266,1
2267,5
2268,0
2269,3
2270,2
2271,2
2272,0
2273,0
2274,5
2275,2
2276,3
2277,0
2278,0
2279,1
2280,0
2281,2
2282,1
2283,0
2284,0
2285,0
2286,4
2287,0
2288,2
2289,0
2290,6
2291,2
2292,5
2293,7
2294,2
2295,2
2296,0
2297,0
2298,4
2299,5
2300,0
2301,1
2302,0
2303,1
2304,1
2305,0
2306,0
2307,4
2308,4
2309,2
2310,1
2311,2
2312,1
2313,0
2314,6
2315,2
2316,0
2317,4
2318,4
2319,12
2320,0
2321,1
2322,0
2323,1
2324,1
2325,4
2326,0
2327,0
2328,0
2329,0
2330,0
2331,2
2332,2
2333,5
2334,0
2335,0
2336,0
2337,3
2338,8
2339,0
2340,7
2341,2
2342,2
2343,0
2344,5
2345,0
2346,0
2347,1
2348,7
2349,0
2350,0
2351,2
2352,2
2353,1
2354,2
2355,1
2356,0
2357,0
2358,1
2359,0
2360,3
2361,1
2362,0
2363,3
2364,1
2365,3
2366,2
2367,0
2368,7
2369,2
2370,3
2371,2
2372,0
2373,9
2374,0
2375,5
2376,5
2377,0
2378,1
2379,1
2380,0
2381,0
2382,1
2383,0
2384,0
2385,2
2386,0
2387,4
2388,3
2389,8
2390,0
2391,1
2392,0
2393,3
2394,0
2395,5
2396,0
2397,4
2398,4
2399,0
2400,3
2401,3
2402,1
2403,1
2404,0
2405,0
2406,5
2407,1
2408,1
2409,3
2410,0
2411,5
2412,0
2413,1
2414,0
2415,0
2416,8
2417,1
2418,0
2419,2
2420,3
2421,2
2422,1
2423,6
2424,0
2425,0
2426,2
2427,3
2428,5
2429,2
2430,2
2431,4
2432,7
2433,4
2434,2
2435,0
2436,0
2437,0
2438,3
2439,1
2440,5
2441,9
2442,1
2443,5
2444,0
2445,2
2446,6
2447,11
2448,0
2449,6
2450,1
2451,0
2452,3
2453,1
2454,0
2455,0
2456,0
2457,1
2458,2
2459,0
2460,1
2461,2
2462,5
2463,6
2464,4
2465,1
2466,0
2467,0
2468,1
2469,3
2470,1
2471,1
2472,0
2473,0
2474,4
2475,4
2476,0
2477,1
2478,2
2479,5
2480,3
2481,1
2482,3
2483,5
2484,0
2485,1
2486,1
2487,0
2488,2
2489,4
2490,2
2491,2
2492,10
2493,2
2494,4
2495,0
2496,0
2497,4
2498,6
2499,3
2500,0
2501,0
2502,3
2503,1
2504,4
2505,0
2506,0
2507,1
2508,3
2509,1
2510,7
2511,1
2512,2
2513,6
2514,1
2515,9
2516,0
2517,0
2518,2
2519,1
2520,1
2521,3
2522,0
2523,0
2524,0
2525,2
2526,1
2527,0
2528,4
2529,1
2530,0
2531,0
2532,0
2533,0
2534,3
2535,5
2536,0
2537,0
2538,3
2539,0
2540,2
2541,0
2542,0
2543,1
2544,3
2545,0
2546,0
2547,1
2548,0
2549,0
2550,1
2551,8
2552,4
2553,1
2554,1
2555,2
2556,2
2557,0
2558,0
2559,2
2560,8
2561,0
2562,2
2563,4
2564,1
2565,3
2566,1
2567,6
2568,6
2569,2
2570,0
2571,9
2572,0
2573,0
2574,0
2575,0
2576,3
2577,2
2578,4
2579,1
2580,2
2581,0
2582,0
2583,0
2584,2
2585,3
2586,2
2587,1
2588,0
2589,2
2590,3
2591,5
2592,6
2593,0
2594,11
2595,1
2596,4
2597,1
2598,1
2599,1
2600,3
2601,0
2602,0
2603,1
2604,1
2605,4
2606,3
2607,5
2608,3
2609,2
2610,0
2611,4
2612,2
2613,1
2614,6
2615,6
2616,3
2617,0
2618,3
2619,2
2620,1
2621,1
2622,2
2623,0
2624,1
2625,0
2626,1
2627,1
2628,0
2629,1
2630,1
2631,0
2632,4
2633,13
2634,1
2635,0
2636,0
2637,2
2638,0
2639,0
2640,0
2641,3
2642,3
2643,1
2644,0
2645,4
2646,2
2647,2
2648,0
2649,0
2650,1
2651,3
2652,2
2653,0
2654,2
2655,3
2656,0
2657,7
2658,0
2659,0
2660,0
2661,0
2662,5
2663,3
2664,5
2665,2
2666,0
2667,0
2668,0
2669,0
2670,6
2671,0
2672,0
2673,0
2674,0
2675,3
2676,0
2677,0
2678,0
2679,0
2680,0
2681,0
2682,6
2683,0
2684,0
2685,0
2686,1
2687,5
2688,2
2689,1
2690,4
2691,1
2692,4
2693,1
2694,0
2695,0
2696,3
2697,10
2698,5
2699,1
2700,0
2701,0
2702,2
2703,3
2704,5
2705,2
2706,1
2707,0
2708,0
2709,2
2710,6
2711,0
2712,1
2713,0
2714,3
2715,1
2716,1
2717,0
2718,5
2719,2
2720,1
2721,1
2722,2
2723,0
2724,1
2725,1
2726,3
2727,0
2728,0
2729,0
2730,0
2731,3
2732,1
2733,0
2734,1
2735,0
2736,5
2737,0
2738,5
2739,0
2740,0
2741,0
2742,2
2743,2
2744,1
2745,0
2746,0
2747,1
2748,0
2749,4
2750,2
2751,2
2752,9
2753,6
2754,10
2755,1
2756,0
2757,1
2758,0
2759,2
2760,1
2761,8
2762,0
2763,1
2764,1
2765,5
2766,2
2767,1
2768,0
2769,0
2770,0
2771,0
2772,0
2773,4
2774,0
2775,3
2776,0
2777,4
2778,4
2779,1
2780,1
2781,3
2782,2
2783,13
2784,3
2785,0
2786,0
2787,2
2788,0
2789,1
2790,0
2791,0
2792,0
2793,2
2794,0
2795,0
2796,0
2797,6
2798,2
2799,5
2800,0
2801,2
2802,1
2803,3
2804,0
2805,2
2806,0
2807,0
2808,0
2809,0
2810,1
2811,2
2812,0
2813,1
2814,0
2815,4
2816,1
2817,1
2818,1
2819,0
2820,4
2821,5
2822,2
2823,1
2824,0
2825,5
2826,1
2827,1
2828,0
2829,4
2830,0
2831,3
2832,5
2833,2
2834,0
2835,0
2836,2
2837,4
2838,0
2839,0
2840,4
2841,3
2842,0
2843,4
2844,0
2845,0
2846,2
2847,4
2848,5
2849,0
2850,1
2851,1
2852,4
2853,0
2854,3
2855,0
2856,0
2857,0
2858,6
2859,0
2860,3
2861,4
2862,0
2863,2
2864,8
2865,2
2866,2
2867,2
2868,3
2869,2
2870,0
2871,10
2872,2
2873,2
2874,7
2875,0
2876,0
2877,0
2878,0
2879,0
2880,3
2881,4
2882,4
2883,0
2884,2
2885,1
2886,0
2887,0
2888,6
2889,9
2890,1
2891,4
2892,3
2893,6
2894,3
2895,3
2896,1
2897,2
2898,3
2899,2
2900,4
2901,3
2902,1
2903,5
2904,0
2905,0
2906,0
2907,0
2908,5
2909,2
2910,1
2911,1
2912,0
2913,6
2914,0
2915,3
2916,2
2917,0
2918,5
2919,1
2920,0
2921,2
2922,8
2923,1
2924,1
2925,5
2926,1
2927,6
2928,0
2929,0
2930,1
2931,3
2932,1
2933,2
2934,0
2935,0
2936,5
2937,1
2938,8
2939,0
2940,2
2941,6
2942,0
2943,5
2944,1
2945,1
2946,5
2947,3
2948,0
2949,0
2950,4
2951,2
2952,0
2953,3
2954,4
2955,0
2956,1
2957,0
2958,0
2959,15
2960,0
2961,0
2962,0
2963,2
2964,5
2965,2
2966,0
2967,3
2968,0
2969,0
2970,0
2971,1
2972,2
2973,2
2974,2
2975,0
2976,2
2977,5
2978,2
2979,0
2980,2
2981,2
2982,2
2983,1
2984,1
2985,0
2986,3
2987,1
2988,1
2989,2
2990,1
2991,4
2992,1
2993,3
2994,0
2995,2
2996,0
2997,9
2998,1
2999,1
3000,8
3001,0
3002,0
3003,0
3004,1
3005,0
3006,8
3007,0
3008,3
3009,3
3010,0
3011,4
3012,1
3013,2
3014,0
3015,5
3016,3
3017,2
3018,6
3019,0
3020,3
3021,0
3022,3
3023,4
3024,4
3025,0
3026,0
3027,1
3028,0
3029,1
3030,0
3031,0
3032,1
3033,1
3034,0
3035,7
3036,0
3037,5
3038,2
3039,2
3040,0
3041,5
3042,1
3043,3
3044,0
3045,3
3046,0
3047,0
3048,3
3049,4
3050,0
3051,4
3052,0
3053,0
3054,2
3055,3
3056,3
3057,2
3058,3
3059,1
3060,8
3061,6
3062,5
3063,0
3064,4
3065,1
3066,0
3067,2
3068,1
3069,3
3070,2
3071,0
3072,0
3073,0
3074,0
3075,6
3076,1
3077,0
3078,2
3079,0
3080,1
3081,0
3082,3
3083,2
3084,2
3085,3
3086,0
3087,0
3088,5
3089,4
3090,0
3091,11
3092,8
3093,1
3094,3
3095,11
3096,0
3097,3
3098,2
3099,3
3100,1
3101,2
3102,1
3103,0
3104,0
3105,0
3106,1
3107,2
3108,4
3109,0
3110,2
3111,0
3112,4
3113,2
3114,0
3115,7
3116,0
3117,0
3118,3
3119,1
3120,2
3121,0
3122,0
3123,0
3124,0
3125,5
3126,1
3127,2
3128,3
3129,3
3130,2
3131,0
3132,1
3133,1
3134,0
3135,6
3136,1
3137,0
3138,1
3139,1
3140,0
3141,1
3142,0
3143,2
3144,2
3145,0
3146,1
3147,10
3148,1
3149,1
3150,1
3151,5
3152,4
3153,3
3154,2
3155,0
3156,0
3157,4
3158,0
3159,0
3160,1
3161,0
3162,4
3163,0
3164,3
3165,0
3166,2
3167,1
3168,4
3169,2
3170,1
3171,0
3172,3
3173,0
3174,0
3175,0
3176,2
3177,0
3178,0
3179,0
3180,1
3181,0
3182,0
3183,1
3184,0
3185,1
3186,0
3187,1
3188,0
3189,3
3190,0
3191,4
3192,1
3193,0
3194,2
3195,1
3196,1
3197,0
3198,2
3199,0
3200,0
3201,0
3202,4
3203,0
3204,5
3205,0
3206,2
3207,1
3208,1
3209,0
3210,0
3211,0
3212,1
3213,0
3214,2
3215,1
3216,1
3217,11
3218,0
3219,8
3220,0
3221,0
3222,0
3223,0
3224,6
3225,0
3226,6
3227,1
3228,5
3229,0
3230,1
3231,0
3232,2
3233,6
3234,0
3235,1
3236,0
3237,2
3238,1
3239,0
3240,0
3241,5
3242,1
3243,0
3244,0
3245,4
3246,0
3247,4
3248,3
3249,1
3250,8
3251,0
3252,0
3253,2
3254,0
3255,0
3256,0
3257,0
3258,5
3259,3
3260,1
3261,1
3262,2
3263,4
3264,0
3265,0
3266,3
3267,0
3268,3
3269,0
3270,4
3271,1
3272,3
3273,1
3274,1
3275,2
3276,1
3277,0
3278,3
3279,0
3280,0
3281,0
3282,1
3283,2
3284,3
3285,1
3286,1
3287,8
3288,2
3289,2
3290,2
3291,0
3292,5
3293,0
3294,0
3295,3
3296,0
3297,3
3298,0
3299,1
3300,0
3301,0
3302,2
3303,0
3304,5
3305,2
3306,1
3307,0
3308,0
3309,2
3310,0
3311,2
3312,3
3313,3
3314,0
3315,2
3316,0
3317,0
3318,2
3319,0
3320,0
3321,2
3322,9
3323,0
3324,0
3325,1
3326,1
3327,0
3328,0
3329,2
3330,1
3331,3
3332,4
3333,1
3334,0
3335,0
3336,0
3337,0
3338,0
3339,0
3340,2
3341,0
3342,0
3343,2
3344,0
3345,2
3346,2
3347,0
3348,1
3349,3
3350,2
3351,1
3352,0
3353,0
3354,0
3355,1
3356,2
3357,0
3358,2
3359,3
3360,2
3361,2
3362,1
3363,2
3364,1
3365,3
3366,2
3367,0
3368,3
3369,0
3370,2
3371,0
3372,0
3373,1
3374,7
3375,1
3376,3
3377,1
3378,0
3379,4
3380,3
3381,0
3382,6
3383,0
3384,3
3385,3
3386,2
3387,1
3388,6
3389,0
3390,0
3391,2
3392,1
3393,0
3394,0
3395,2
3396,0
3397,0
3398,2
3399,2
3400,1
3401,0
3402,2
3403,1
3404,2
3405,2
3406,1
3407,1
3408,0
3409,7
3410,2
3411,5
3412,1
3413,3
3414,1
3415,3
3416,0
3417,2
3418,1
3419,1
3420,0
3421,4
3422,1
3423,0
3424,0
3425,3
3426,4
3427,0
3428,0
3429,0
3430,4
3431,0
3432,4
3433,3
3434,2
3435,1
3436,1
3437,0
3438,3
3439,2
3440,2
3441,1
3442,0
3443,0
3444,0
3445,0
3446,0
3447,1
3448,1
3449,2
3450,2
3451,7
3452,3
3453,0
3454,0
3455,2
3456,0
3457,0
3458,0
3459,0
3460,0
3461,1
3462,0
3463,0
3464,2
3465,7
3466,2
3467,0
3468,1
3469,8
3470,3
3471,1
3472,0
3473,0
3474,1
3475,0
3476,0
3477,0
3478,2
3479,2
3480,3
3481,2
3482,4
3483,0
3484,0
3485,1
3486,3
3487,0
3488,1
3489,0
3490,7
3491,2
3492,1
3493,7
3494,0
3495,5
3496,2
3497,1
3498,3
3499,0
3500,0
3501,2
3502,1
3503,0
3504,4
3505,4
3506,0
3507,0
3508,0
3509,0
3510,2
3511,0
3512,0
3513,3
3514,0
3515,1
3516,1
3517,9
3518,0
3519,1
3520,1
3521,3
3522,4
3523,1
3524,2
3525,1
3526,7
3527,0
3528,0
3529,0
3530,1
3531,0
3532,3
3533,3
3534,0
3535,1
3536,3
3537,1
3538,2
3539,0
3540,3
3541,2
3542,6
3543,3
3544,0
3545,4
3546,0
3547,0
3548,2
3549,1
3550,1
3551,1
3552,3
3553,4
3554,0
3555,3
3556,0
3557,1
3558,0
3559,3
3560,1
3561,0
3562,0
3563,0
3564,0
3565,4
3566,1
3567,3
3568,2
3569,1
3570,1
3571,0
3572,0
3573,2
3574,4
3575,0
3576,0
3577,0
3578,0
3579,3
3580,2
3581,5
3582,2
3583,0
3584,0
3585,1
3586,1
3587,2
3588,2
3589,0
3590,1
3591,2
3592,0
3593,1
3594,0
3595,12
3596,3
3597,0
3598,6
3599,3
3600,3
3601,10
3602,1
3603,3
3604,0
3605,7
3606,0
3607,1
3608,0
3609,1
3610,2
3611,0
3612,0
3613,1
3614,0
3615,0
3616,1
3617,3
3618,3
3619,4
3620,1
3621,4
3622,2
3623,0
3624,1
3625,0
3626,0
3627,2
3628,4
3629,2
3630,3
3631,0
3632,2
3633,3
3634,0
3635,2
3636,2
3637,1
3638,0
3639,0
3640,0
3641,0
3642,3
3643,2
3644,2
3645,4
3646,0
3647,0
3648,2
3649,2
3650,1
3651,2
3652,1
3653,3
3654,2
3655,1
3656,4
3657,3
3658,1
3659,2
3660,0
3661,0
3662,0
3663,7
3664,0
3665,2
3666,4
3667,0
3668,0
3669,0
3670,3
3671,2
3672,1
3673,0
3674,2
3675,3
3676,0
3677,1
3678,0
3679,3
3680,1
3681,7
3682,1
3683,2
3684,0
3685,1
3686,1
3687,1
3688,0
3689,2
3690,2
3691,0
3692,1
3693,6
3694,1
3695,0
3696,4
3697,5
3698,2
3699,2
3700,0
3701,4
3702,0
3703,1
3704,2
3705,1
3706,3
3707,0
3708,1
3709,0
3710,2
3711,1
3712,0
3713,0
3714,0
3715,0
3716,0
3717,1
3718,0
3719,1
3720,4
3721,4
3722,0
3723,1
3724,0
3725,1
3726,1
3727,1
3728,1
3729,0
3730,2
3731,2
3732,0
3733,12
3734,1
3735,2
3736,0
3737,3
3738,4
3739,0
3740,0
3741,2
3742,0
3743,2
3744,0
3745,0
3746,0
3747,0
3748,3
3749,0
3750,0
3751,2
3752,0
3753,0
3754,0
3755,0
3756,0
3757,1
3758,5
3759,2
3760,0
3761,2
3762,0
3763,3
3764,4
3765,0
3766,6
3767,4
3768,1
3769,1
3770,0
3771,3
3772,2
3773,2
3774,0
3775,0
3776,4
3777,1
3778,1
3779,3
3780,3
3781,4
3782,10
3783,1
3784,1
3785,0
3786,1
3787,0
3788,0
3789,0
3790,2
3791,1
3792,0
3793,2
3794,0
3795,5
3796,0
3797,1
3798,1
3799,0
3800,0
3801,0
3802,2
3803,0
3804,1
3805,1
3806,3
3807,0
3808,0
3809,1
3810,1
3811,1
3812,0
3813,3
3814,0
3815,0
3816,0
3817,2
3818,0
3819,1
3820,1
3821,2
3822,0
3823,2
3824,1
3825,0
3826,0
3827,1
3828,1
3829,0
3830,1
3831,0
3832,2
3833,2
3834,4
3835,0
3836,1
3837,1
3838,0
3839,2
3840,0
3841,0
3842,1
3843,1
3844,2
3845,4
3846,0
3847,1
3848,1
3849,2
3850,1
3851,1
3852,1
3853,0
3854,0
3855,0
3856,2
3857,1
3858,3
3859,3
3860,2
3861,0
3862,2
3863,6
3864,2
3865,0
3866,0
3867,0
3868,0
3869,0
3870,1
3871,0
3872,0
3873,1
3874,3
3875,1
3876,1
3877,0
3878,3
3879,1
3880,0
3881,1
3882,3
3883,5
3884,0
3885,2
3886,1
3887,2
3888,0
3889,6
3890,0
3891,1
3892,0
3893,1
3894,0
3895,0
3896,1
3897,1
3898,1
3899,2
3900,0
3901,1
3902,6
3903,1
3904,4
3905,0
3906,0
3907,0
3908,4
3909,1
3910,2
3911,0
3912,8
3913,1
3914,1
3915,0
3916,2
3917,0
3918,1
3919,2
3920,1
3921,2
3922,2
3923,1
3924,1
3925,0
3926,0
3927,0
3928,0
3929,0
3930,5
3931,4
3932,1
3933,1
3934,2
3935,4
3936,2
3937,0
3938,2
3939,1
3940,0
3941,0
3942,0
3943,0
3944,3
3945,2
3946,5
3947,1
3948,12
3949,0
3950,0
3951,4
3952,1
3953,0
3954,0
3955,0
3956,1
3957,2
3958,2
3959,2
3960,1
3961,0
3962,3
3963,2
3964,1
3965,4
3966,1
3967,3
3968,0
3969,1
3970,4
3971,1
3972,0
3973,0
3974,4
3975,6
3976,4
3977,0
3978,2
3979,2
3980,2
3981,1
3982,0
3983,2
3984,2
3985,1
3986,0
3987,2
3988,4
3989,0
3990,4
3991,3
3992,9
3993,0
3994,0
3995,2
3996,0
3997,12
3998,0
3999,0
4000,0
4001,3
4002,1
4003,0
4004,0
4005,0
4006,1
4007,1
4008,1
4009,6
4010,1
4011,4
4012,4
4013,5
4014,1
4015,4
4016,0
4017,1
4018,8
4019,0
4020,1
4021,3
4022,0
4023,2
4024,0
4025,2
4026,0
4027,0
4028,8
4029,0
4030,7
4031,1
4032,1
4033,2
4034,0
4035,4
4036,0
4037,0
4038,0
4039,0
4040,1
4041,1
4042,0
4043,0
4044,1
4045,2
4046,0
4047,0
4048,2
4049,1
4050,0
4051,1
4052,0
4053,3
4054,5
4055,1
4056,2
4057,1
4058,4
4059,2
4060,3
4061,2
4062,3
4063,2
4064,0
4065,2
4066,2
4067,4
4068,0
4069,4
4070,6
4071,3
4072,0
4073,2
4074,0
4075,2
4076,4
4077,3
4078,1
4079,2
4080,2
4081,0
4082,0
4083,0
4084,0
4085,2
4086,1
4087,2
4088,3
4089,0
4090,0
4091,0
4092,1
4093,1
4094,3
4095,1
4096,5
4097,1
4098,0
4099,0
4100,2
4101,2
4102,2
4103,7
4104,5
4105,0
4106,5
4107,4
4108,8
4109,1
4110,2
4111,1
4112,2
4113,1
4114,1
4115,1
4116,3
4117,2
4118,0
4119,1
4120,0
4121,1
4122,1
4123,2
4124,2
4125,0
4126,10
4127,2
4128,1
4129,2
4130,1
4131,0
4132,0
4133,7
4134,0
4135,0
4136,1
4137,0
4138,3
4139,2
4140,1
4141,1
4142,1
4143,1
4144,0
4145,0
4146,0
4147,0
4148,0
4149,3
4150,0
4151,0
4152,1
4153,5
4154,3
4155,0
4156,0
4157,0
4158,1
4159,2
4160,0
4161,2
4162,1
4163,7
4164,1
4165,4
4166,0
4167,0
4168,4
4169,3
4170,3
4171,0
4172,0
4173,2
4174,0
4175,6
4176,0
4177,1
4178,3
4179,1
4180,3
4181,3
4182,0
4183,0
4184,1
4185,5
4186,2
4187,1
4188,2
4189,0
4190,0
4191,2
4192,4
4193,0
4194,2
4195,5
4196,0
4197,3
4198,1
4199,0
4200,2
4201,0
4202,1
4203,5
4204,0
4205,10
4206,0
4207,1
4208,7
4209,0
4210,0
4211,4
4212,0
4213,1
4214,0
4215,2
4216,1
4217,3
4218,1
4219,0
4220,0
4221,0
4222,3
4223,0
4224,7
4225,3
4226,1
4227,1
4228,4
4229,2
4230,0
4231,1
4232,1
4233,0
4234,7
4235,4
4236,6
4237,2
4238,0
4239,5
4240,1
4241,2
4242,0
4243,0
4244,0
4245,1
4246,2
4247,0
4248,1
4249,1
4250,1
4251,0
4252,0
4253,1
4254,8
4255,1
4256,2
4257,0
4258,1
4259,2
4260,0
4261,1
4262,5
4263,1
4264,0
4265,3
4266,3
4267,2
4268,1
4269,2
4270,0
4271,0
4272,0
4273,0
4274,0
4275,1
4276,0
4277,0
4278,0
4279,2
4280,1
4281,0
4282,0
4283,1
4284,0
4285,2
4286,4
4287,3
4288,1
4289,1
4290,1
4291,1
4292,0
4293,6
4294,4
4295,1
4296,0
4297,2
4298,1
4299,1
4300,4
4301,0
4302,2
4303,0
4304,3
4305,0
4306,3
4307,0
4308,2
4309,2
4310,1
4311,3
4312,0
4313,4
4314,0
4315,3
4316,0
4317,0
4318,1
4319,7
4320,5
4321,0
4322,0
4323,3
4324,2
4325,2
4326,0
4327,0
4328,4
4329,1
4330,0
4331,1
4332,1
4333,3
4334,1
4335,0
4336,0
4337,1
4338,5
4339,4
4340,1
4341,0
4342,0
4343,2
4344,2
4345,0
4346,0
4347,0
4348,0
4349,4
4350,3
4351,0
4352,1
4353,0
4354,4
4355,2
4356,1
4357,1
4358,2
4359,1
4360,1
4361,1
4362,4
4363,4
4364,2
4365,4
4366,0
4367,0
4368,1
4369,1
4370,9
4371,4
4372,3
4373,2
4374,0
4375,2
4376,2
4377,1
4378,0
4379,0
4380,3
4381,3
4382,5
4383,0
4384,2
4385,0
4386,5
4387,0
4388,1
4389,2
4390,4
4391,7
4392,2
4393,1
4394,1
4395,4
4396,2
4397,1
4398,3
4399,1
4400,2
4401,3
4402,2
4403,0
4404,0
4405,0
4406,4
4407,2
4408,4
4409,0
4410,0
4411,1
4412,0
4413,0
4414,0
4415,5
4416,0
4417,1
4418,2
4419,1
4420,2
4421,2
4422,2
4423,1
4424,0
4425,0
4426,0
4427,1
4428,0
4429,0
4430,0
4431,3
4432,0
4433,0
4434,1
4435,5
4436,2
4437,2
4438,0
4439,1
4440,0
4441,2
4442,0
4443,1
4444,1
4445,3
4446,1
4447,1
4448,1
4449,2
4450,0
4451,0
4452,0
4453,1
4454,0
4455,2
4456,0
4457,1
4458,6
4459,1
4460,1
4461,0
4462,3
4463,1
4464,3
4465,4
4466,0
4467,0
4468,1
4469,0
4470,0
4471,0
4472,3
4473,1
4474,2
4475,3
4476,2
4477,1
4478,0
4479,1
4480,0
4481,0
4482,3
4483,1
4484,2
4485,1
4486,3
4487,0
4488,0
4489,3
4490,2
4491,1
4492,0
4493,0
4494,0
4495,1
4496,1
4497,2
4498,2
4499,1
4500,1
4501,1
4502,4
4503,0
4504,1
4505,0
4506,2
4507,1
4508,0
4509,1
4510,2
4511,2
4512,1
4513,0
4514,3
4515,1
4516,0
4517,0
4518,0
4519,2
4520,2
4521,4
4522,6
4523,1
4524,0
4525,2
4526,1
4527,0
4528,1
4529,3
4530,0
4531,0
4532,0
4533,0
4534,2
4535,0
4536,1
4537,0
4538,1
4539,3
4540,1
4541,0
4542,1
4543,0
4544,1
4545,2
4546,0
4547,4
4548,0
4549,2
4550,0
4551,3
4552,0
4553,0
4554,1
4555,0
4556,0
4557,3
4558,0
4559,2
4560,5
4561,0
4562,0
4563,2
4564,1
4565,1
4566,1
4567,3
4568,0
4569,1
4570,1
4571,0
4572,1
4573,6
4574,3
4575,3
4576,0
4577,0
4578,0
4579,1
4580,2
4581,2
4582,0
4583,1
4584,1
4585,3
4586,3
4587,2
4588,0
4589,5
4590,0
4591,0
4592,0
4593,1
4594,1
4595,0
4596,0
4597,1
4598,0
4599,1
4600,2
4601,1
4602,3
4603,1
4604,2
4605,2
4606,0
4607,1
4608,4
4609,6
4610,1
4611,4
4612,0
4613,0
4614,3
4615,3
4616,0
4617,2
4618,3
4619,1
4620,2
4621,0
4622,0
4623,1
4624,4
4625,1
4626,1
4627,6
4628,1
4629,2
4630,2
4631,6
4632,4
4633,8
4634,1
4635,0
4636,0
4637,0
4638,1
4639,0
4640,6
4641,1
4642,2
4643,0
4644,0
4645,1
4646,0
4647,1
4648,1
4649,0
4650,2
4651,1
4652,5
4653,3
4654,2
4655,0
4656,4
4657,0
4658,0
4659,2
4660,2
4661,3
4662,2
4663,0
4664,0
4665,11
4666,1
4667,5
4668,1
4669,1
4670,0
4671,0
4672,2
4673,1
4674,2
4675,1
4676,1
4677,2
4678,0
4679,2
4680,2
4681,0
4682,0
4683,1
4684,6
4685,1
4686,1
4687,1
4688,2
4689,4
4690,1
4691,0
4692,3
4693,0
4694,4
4695,5
4696,2
4697,4
4698,1
4699,2
4700,1
4701,0
4702,1
4703,0
4704,4
4705,4
4706,3
4707,2
4708,0
4709,5
4710,4
4711,0
4712,2
4713,2
4714,1
4715,1
4716,1
4717,3
4718,0
4719,3
4720,1
4721,0
4722,1
4723,2
4724,0
4725,1
4726,3
4727,0
4728,0
4729,0
4730,2
4731,2
4732,0
4733,1
4734,3
4735,4
4736,2
4737,0
4738,0
4739,0
4740,0
4741,0
4742,5
4743,1
4744,1
4745,2
4746,0
4747,0
4748,0
4749,2
4750,2
4751,2
4752,0
4753,1
4754,2
4755,2
4756,1
4757,4
4758,0
4759,0
4760,2
4761,0
4762,2
4763,4
4764,2
4765,1
4766,3
4767,0
4768,0
4769,0
4770,1
4771,0
4772,1
4773,3
4774,3
4775,1
4776,4
4777,1
4778,0
4779,0
4780,0
4781,3
4782,0
4783,3
4784,2
4785,3
4786,2
4787,0
4788,4
4789,0
4790,0
4791,0
4792,0
4793,2
4794,2
4795,2
4796,2
4797,1
4798,1
4799,0
4800,5
4801,0
4802,0
4803,3
4804,4
4805,1
4806,1
4807,1
4808,1
4809,1
4810,2
4811,1
4812,4
4813,0
4814,3
4815,2
4816,6
4817,3
4818,0
4819,2
4820,3
4821,1
4822,0
4823,0
4824,3
4825,1
4826,1
4827,0
4828,1
4829,1
4830,2
4831,1
4832,0
4833,1
4834,0
4835,3
4836,1
4837,0
4838,1
4839,1
4840,1
4841,6
4842,1
4843,1
4844,1
4845,1
4846,0
4847,1
4848,0
4849,2
4850,2
4851,2
4852,0
4853,0
4854,1
4855,0
4856,3
4857,1
4858,0
4859,1
4860,1
4861,3
4862,1
4863,0
4864,0
4865,4
4866,3
4867,3
4868,1
4869,1
4870,1
4871,0
4872,0
4873,4
4874,4
4875,0
4876,0
4877,3
4878,4
4879,1
4880,1
4881,0
4882,0
4883,1
4884,3
4885,0
4886,2
4887,1
4888,0
4889,4
4890,0
4891,1
4892,1
4893,4
4894,2
4895,1
4896,2
4897,0
4898,4
4899,0
4900,0
4901,0
4902,0
4903,1
4904,0
4905,1
4906,0
4907,1
4908,2
4909,2
4910,0
4911,1
4912,0
4913,4
4914,3
4915,5
4916,0
4917,2
4918,0
4919,1
4920,0
4921,0
4922,1
4923,3
4924,0
4925,0
4926,4
4927,0
4928,2
4929,0
4930,3
4931,3
4932,1
4933,4
4934,0
4935,1
4936,1
4937,4
4938,1
4939,0
4940,0
4941,1
4942,2
4943,2
4944,0
4945,2
4946,0
4947,1
4948,3
4949,2
4950,2
4951,2
4952,3
4953,0
4954,0
4955,1
4956,0
4957,0
4958,0
4959,1
4960,0
4961,0
4962,3
4963,4
4964,0
4965,1
4966,1
4967,1
4968,1
4969,0
4970,1
4971,3
4972,2
4973,0
4974,1
4975,2
4976,0
4977,1
4978,2
4979,1
4980,3
4981,2
4982,1
4983,1
4984,2
4985,1
4986,1
4987,1
4988,0
4989,2
4990,1
4991,6
4992,1
4993,0
4994,2
4995,0
4996,3
4997,0
4998,1
4999,1
5000,4
5001,1
5002,1
5003,9
5004,1
5005,7
5006,0
5007,1
5008,1
5009,2
5010,1
5011,1
5012,1
5013,0
5014,2
5015,3
5016,1
5017,3
5018,1
5019,2
5020,5
5021,0
5022,1
5023,1
5024,1
5025,2
5026,0
5027,1
5028,4
5029,1
5030,0
5031,1
5032,0
5033,1
5034,6
5035,5
5036,0
5037,2
5038,0
5039,0
5040,2
5041,3
5042,2
5043,0
5044,2
5045,6
5046,2
5047,0
5048,0
5049,3
5050,6
5051,0
5052,0
5053,2
5054,2
5055,9
5056,0
5057,0
5058,0
5059,1
5060,1
5061,2
5062,3
5063,1
5064,5
5065,1
5066,0
5067,4
5068,3
5069,2
5070,1
5071,4
5072,2
5073,0
5074,0
5075,0
5076,3
5077,0
5078,2
5079,2
5080,2
5081,4
5082,2
5083,2
5084,2
5085,4
5086,2
5087,1
5088,0
5089,0
5090,0
5091,2
5092,1
5093,0
5094,5
5095,2
5096,0
5097,0
5098,1
5099,2
5100,0
5101,0
5102,0
5103,5
5104,1
5105,1
5106,3
5107,2
5108,0
5109,2
5110,0
5111,0
5112,0
5113,0
5114,0
5115,2
5116,0
5117,5
5118,0
5119,3
5120,3
5121,3
5122,1
5123,4
5124,1
5125,1
5126,0
5127,0
5128,0
5129,3
5130,0
5131,3
5132,3
5133,2
5134,0
5135,1
5136,3
5137,4
5138,0
5139,3
5140,0
5141,1
5142,4
5143,0
5144,1
5145,0
5146,2
5147,1
5148,0
5149,0
5150,1
5151,1
5152,2
5153,1
5154,0
5155,0
5156,0
5157,1
5158,1
5159,0
5160,0
5161,1
5162,1
5163,0
5164,4
5165,0
5166,3
5167,0
5168,3
5169,1
5170,0
5171,1
5172,1
5173,1
5174,2
5175,0
5176,2
5177,0
5178,0
5179,1
5180,1
5181,0
5182,0
5183,3
5184,4
5185,3
5186,3
5187,0
5188,0
5189,0
5190,1
5191,2
5192,3
5193,2
5194,2
5195,0
5196,0
5197,0
5198,1
5199,1
5200,0
5201,1
5202,0
5203,2
5204,0
5205,4
5206,1
5207,5
5208,1
5209,1
5210,4
5211,3
5212,0
5213,0
5214,3
5215,1
5216,5
5217,4
5218,1
5219,2
5220,0
5221,0
5222,2
5223,3
5224,3
5225,1
5226,0
5227,2
5228,3
5229,4
5230,0
5231,2
5232,3
5233,4
5234,2
5235,1
5236,1
5237,2
5238,0
5239,0
5240,2
5241,2
5242,0
5243,0
5244,2
5245,1
5246,1
5247,0
5248,4
5249,0
5250,0
5251,1
5252,0
5253,1
5254,0
5255,1
5256,0
5257,0
5258,1
5259,3
5260,3
5261,1
5262,2
5263,0
5264,1
5265,3
5266,0
5267,1
5268,2
5269,0
5270,2
5271,0
5272,0
5273,0
5274,0
5275,0
5276,1
5277,0
5278,0
5279,0
5280,1
5281,1
5282,4
5283,2
5284,1
5285,2
5286,2
5287,0
5288,1
5289,1
5290,3
5291,1
5292,0
5293,2
5294,1
5295,2
5296,2
5297,0
5298,4
5299,2
5300,3
5301,1
5302,4
5303,0
5304,0
5305,0
5306,4
5307,0
5308,1
5309,1
5310,3
5311,5
5312,0
5313,1
5314,0
5315,3
5316,1
5317,1
5318,0
5319,1
5320,2
5321,2
5322,2
5323,0
5324,1
5325,1
5326,0
5327,0
5328,0
5329,0
5330,3
5331,0
5332,0
5333,3
5334,0
5335,0
5336,0
5337,0
5338,1
5339,0
5340,3
5341,2
5342,3
5343,0
5344,3
5345,2
5346,3
5347,3
5348,1
5349,1
5350,3
5351,0
5352,7
5353,3
5354,1
5355,1
5356,2
5357,2
5358,1
5359,2
5360,0
5361,4
5362,0
5363,3
5364,0
5365,0
5366,6
5367,2
5368,0
5369,2
5370,1
5371,1
5372,2
5373,0
5374,2
5375,2
5376,0
5377,0
5378,1
5379,0
5380,3
5381,2
5382,2
5383,3
5384,0
5385,1
5386,4
5387,1
5388,1
5389,1
5390,2
5391,4
5392,3
5393,0
5394,0
5395,0
5396,1
5397,1
5398,2
5399,2
5400,1
5401,0
5402,0
5403,3
5404,0
5405,0
5406,1
5407,1
5408,0
5409,0
5410,2
5411,1
5412,0
5413,0
5414,2
5415,2
5416,2
5417,0
5418,4
5419,1
5420,0
5421,2
5422,1
5423,4
5424,1
5425,3
5426,0
5427,4
5428,4
5429,0
5430,6
5431,0
5432,1
5433,0
5434,5
5435,1
5436,1
5437,0
5438,0
5439,1
5440,0
5441,0
5442,1
5443,1
5444,3
5445,0
5446,0
5447,0
5448,0
5449,0
5450,1
5451,0
5452,0
5453,0
5454,0
5455,0
5456,1
5457,0
5458,0
5459,0
5460,1
5461,1
5462,0
5463,1
5464,1
5465,0
5466,0
5467,0
5468,0
5469,3
5470,0
5471,4
5472,5
5473,1
5474,0
5475,2
5476,2
5477,0
5478,0
5479,3
5480,3
5481,1
5482,2
5483,2
5484,2
5485,0
5486,2
5487,1
5488,0
5489,0
5490,0
5491,0
5492,0
5493,2
5494,0
5495,3
5496,0
5497,1
5498,0
5499,0
5500,4
5501,0
5502,1
5503,0
5504,1
5505,0
5506,1
5507,2
5508,5
5509,0
5510,0
5511,1
5512,0
5513,2
5514,2
5515,0
5516,1
5517,0
5518,2
5519,1
5520,1
5521,1
5522,0
5523,2
5524,0
5525,0
5526,2
5527,3
5528,1
5529,0
5530,1
5531,0
5532,0
5533,1
5534,0
5535,0
5536,0
5537,1
5538,2
5539,1
5540,1
5541,0
5542,3
5543,8
5544,3
5545,0
5546,3
5547,1
5548,2
5549,3
5550,0
5551,1
5552,0
5553,1
5554,1
5555,1
5556,3
5557,4
5558,0
5559,0
5560,0
5561,2
5562,2
5563,0
5564,1
5565,4
5566,4
5567,1
5568,8
5569,4
5570,0
5571,0
5572,2
5573,1
5574,2
5575,0
5576,3
5577,2
5578,1
5579,2
5580,0
5581,0
5582,3
5583,1
5584,2
5585,1
5586,0
5587,3
5588,0
5589,3
5590,1
5591,2
5592,4
5593,0
5594,2
5595,2
5596,0
5597,1
5598,1
5599,1
5600,2
5601,0
5602,1
5603,0
5604,0
5605,0
5606,0
5607,0
5608,0
5609,2
5610,2
5611,0
5612,1
5613,2
5614,0
5615,2
5616,2
5617,0
5618,0
5619,0
5620,0
5621,0
5622,6
5623,0
5624,2
5625,1
5626,1
5627,0
5628,0
5629,2
5630,3
5631,0
5632,0
5633,0
5634,2
5635,0
5636,2
5637,1
5638,0
5639,2
5640,1
5641,1
5642,2
5643,0
5644,2
5645,2
5646,1
5647,3
5648,0
5649,0
5650,0
5651,0
5652,3
5653,1
5654,2
5655,0
5656,0
5657,1
5658,3
5659,1
5660,1
5661,0
5662,0
5663,0
5664,1
5665,0
5666,5
5667,1
5668,1
5669,0
5670,0
5671,2
5672,5
5673,0
5674,1
5675,2
5676,2
5677,1
5678,0
5679,0
5680,0
5681,3
5682,0
5683,2
5684,0
5685,1
5686,2
5687,1
5688,2
5689,2
5690,1
5691,0
5692,0
5693,1
5694,1
5695,1
5696,0
5697,2
5698,1
5699,1
5700,2
5701,1
5702,2
5703,1
5704,4
5705,2
5706,0
5707,2
5708,0
5709,0
5710,1
5711,0
5712,1
5713,0
5714,0
5715,0
5716,1
5717,2
5718,3
5719,4
5720,0
5721,3
5722,1
5723,0
5724,1
5725,2
5726,3
5727,3
5728,0
5729,7
5730,1
5731,0
5732,0
5733,0
5734,0
5735,4
5736,1
5737,2
5738,3
5739,2
5740,0
5741,3
5742,1
5743,0
5744,1
5745,1
5746,0
5747,0
5748,1
5749,0
5750,0
5751,1
5752,1
5753,0
5754,1
5755,1
5756,4
5757,0
5758,0
5759,0
5760,0
5761,4
5762,1
5763,0
5764,0
5765,3
5766,1
5767,1
5768,2
5769,0
5770,0
5771,6
5772,0
5773,1
5774,0
5775,1
5776,0
5777,2
5778,4
5779,1
5780,0
5781,2
5782,6
5783,3
5784,0
5785,4
5786,3
5787,2
5788,0
5789,3
5790,3
5791,1
5792,1
5793,0
5794,1
5795,0
5796,0
5797,2
5798,1
5799,3
5800,0
5801,0
5802,1
5803,2
5804,1
5805,0
5806,3
5807,0
5808,2
5809,3
5810,0
5811,0
5812,1
5813,2
5814,1
5815,3
5816,1
5817,0
5818,1
5819,1
5820,1
5821,0
5822,3
5823,0
5824,1
5825,2
5826,1
5827,0
5828,1
5829,0
5830,2
5831,1
5832,3
5833,0
5834,1
5835,2
5836,0
5837,1
5838,1
5839,3
5840,6
5841,3
5842,0
5843,3
5844,2
5845,0
5846,0
5847,0
5848,1
5849,3
5850,1
5851,5
5852,0
5853,1
5854,1
5855,6
5856,3
5857,0
5858,1
5859,1
5860,3
5861,0
5862,1
5863,0
5864,6
5865,0
5866,4
5867,1
5868,1
5869,2
5870,1
5871,0
5872,1
5873,0
5874,1
5875,0
5876,0
5877,0
5878,1
5879,1
5880,0
5881,0
5882,0
5883,1
5884,3
5885,1
5886,2
5887,1
5888,0
5889,2
5890,0
5891,0
5892,4
5893,0
5894,0
5895,1
5896,0
5897,2
5898,0
5899,1
5900,1
5901,1
5902,0
5903,1
5904,0
5905,1
5906,2
5907,0
5908,0
5909,0
5910,2
5911,0
5912,1
5913,1
5914,3
5915,0
5916,1
5917,3
5918,3
5919,2
5920,1
5921,2
5922,3
5923,4
5924,0
5925,2
5926,4
5927,0
5928,1
5929,4
5930,3
5931,1
5932,1
5933,2
5934,0
5935,0
5936,2
5937,1
5938,4
5939,0
5940,2
5941,0
5942,0
5943,1
5944,0
5945,0
5946,0
5947,1
5948,0
5949,3
5950,0
5951,0
5952,0
5953,5
5954,0
5955,0
5956,2
5957,1
5958,2
5959,0
5960,1
5961,3
5962,0
5963,1
5964,4
5965,0
5966,3
5967,1
5968,1
5969,1
5970,0
5971,0
5972,1
5973,2
5974,1
5975,4
5976,1
5977,0
5978,4
5979,2
5980,1
5981,0
5982,3
5983,2
5984,2
5985,2
5986,0
5987,0
5988,0
5989,1
5990,1
5991,3
5992,0
5993,2
5994,1
5995,6
5996,2
5997,1
5998,2
5999,1
6000,2
6001,2
6002,0
6003,0
6004,1
6005,0
6006,0
6007,1
6008,0
6009,0
6010,0
6011,1
6012,0
6013,1
6014,1
6015,1
6016,2
6017,0
6018,3
6019,2
6020,2
6021,1
6022,2
6023,0
6024,0
6025,0
6026,1
6027,1
6028,1
6029,0
6030,2
6031,0
6032,0
6033,1
6034,4
6035,0
6036,0
6037,0
6038,2
6039,0
6040,3
6041,1
6042,2
6043,1
6044,1
6045,1
6046,2
6047,0
6048,2
6049,8
6050,0
6051,0
6052,0
6053,1
6054,3
6055,1
6056,0
6057,1
6058,1
6059,4
6060,2
6061,0
6062,1
6063,1
6064,0
6065,5
6066,0
6067,1
6068,0
6069,3
6070,1
6071,2
6072,3
6073,2
6074,1
6075,2
6076,3
6077,1
6078,1
6079,0
6080,1
6081,0
6082,0
6083,1
6084,1
6085,0
6086,0
6087,1
6088,2
6089,0
6090,0
6091,2
6092,1
6093,2
6094,4
6095,1
6096,3
6097,0
6098,3
6099,0
6100,3
6101,2
6102,1
6103,0
6104,0
6105,0
6106,4
6107,1
6108,0
6109,0
6110,5
6111,1
6112,0
6113,1
6114,3
6115,2
6116,1
6117,0
6118,1
6119,3
6120,0
6121,1
6122,0
6123,2
6124,0
6125,1
6126,1
6127,0
6128,0
6129,2
6130,1
6131,0
6132,5
6133,0
6134,3
6135,2
6136,0
6137,0
6138,2
6139,0
6140,3
6141,4
6142,1
6143,2
6144,0
6145,2
6146,2
6147,1
6148,1
6149,0
6150,1
6151,0
6152,0
6153,0
6154,0
6155,5
6156,0
6157,1
6158,1
6159,0
6160,2
6161,0
6162,1
6163,3
6164,2
6165,1
6166,1
6167,0
6168,2
6169,2
6170,2
6171,0
6172,0
6173,5
6174,0
6175,1
6176,2
6177,8
6178,1
6179,0
6180,1
6181,3
6182,1
6183,2
6184,4
6185,4
6186,0
6187,0
6188,0
6189,0
6190,2
6191,1
6192,2
6193,1
6194,0
6195,2
6196,2
6197,3
6198,0
6199,0
6200,0
6201,0
6202,0
6203,0
6204,1
6205,1
6206,0
6207,1
6208,0
6209,1
6210,1
6211,0
6212,0
6213,1
6214,0
6215,1
6216,3
6217,0
6218,0
6219,0
6220,0
6221,0
6222,1
6223,1
6224,2
6225,0
6226,0
6227,2
6228,0
6229,1
6230,3
6231,4
6232,0
6233,2
6234,1
6235,2
6236,2
6237,2
6238,0
6239,0
6240,4
6241,3
6242,2
6243,2
6244,3
6245,1
6246,4
6247,1
6248,5
6249,1
6250,0
6251,2
6252,1
6253,1
6254,1
6255,0
6256,2
6257,0
6258,1
6259,2
6260,1
6261,3
6262,2
6263,4
6264,0
6265,0
6266,0
6267,1
6268,3
6269,2
6270,0
6271,0
6272,2
6273,1
6274,1
6275,2
6276,2
6277,7
6278,4
6279,1
6280,0
6281,0
6282,2
6283,0
6284,3
6285,1
6286,1
6287,0
6288,6
6289,0
6290,2
6291,3
6292,0
6293,2
6294,1
6295,0
6296,1
6297,2
6298,0
6299,0
6300,1
6301,1
6302,1
6303,1
6304,1
6305,0
6306,0
6307,2
6308,0
6309,2
6310,3
6311,0
6312,0
6313,0
6314,1
6315,0
6316,1
6317,1
6318,2
6319,1
6320,2
6321,1
6322,0
6323,1
6324,0
6325,1
6326,2
6327,1
6328,0
6329,1
6330,0
6331,1
6332,1
6333,1
6334,2
6335,0
6336,0
6337,3
6338,0
6339,0
6340,0
6341,0
6342,1
6343,2
6344,0
6345,2
6346,0
6347,0
6348,2
6349,2
6350,2
6351,0
6352,1
6353,1
6354,1
6355,0
6356,1
6357,2
6358,2
6359,0
6360,0
6361,1
6362,1
6363,1
6364,2
6365,0
6366,0
6367,2
6368,2
6369,1
6370,4
6371,0
6372,3
6373,2
6374,2
6375,4
6376,0
6377,4
6378,2
6379,0
6380,4
6381,3
6382,0
6383,4
6384,1
6385,0
6386,0
6387,4
6388,2
6389,1
6390,1
6391,0
6392,0
6393,2
6394,1
6395,0
6396,0
6397,4
6398,2
6399,1
6400,0
6401,0
6402,2
6403,0
6404,0
6405,1
6406,0
6407,1
6408,1
6409,1
6410,2
6411,1
6412,2
6413,0
6414,6
6415,0
6416,1
6417,0
6418,0
6419,6
6420,1
6421,0
6422,3
6423,3
6424,0
6425,1
6426,0
6427,2
6428,0
6429,1
6430,2
6431,0
6432,0
6433,0
6434,0
6435,0
6436,1
6437,0
6438,0
6439,1
6440,0
6441,2
6442,0
6443,2
6444,0
6445,0
6446,0
6447,1
6448,1
6449,4
6450,3
6451,0
6452,1
6453,0
6454,2
6455,1
6456,0
6457,1
6458,2
6459,0
6460,1
6461,2
6462,0
6463,0
6464,2
6465,0
6466,1
6467,2
6468,1
6469,0
6470,1
6471,2
6472,2
6473,1
6474,1
6475,5
6476,1
6477,3
6478,4
6479,1
6480,1
6481,2
6482,3
6483,1
6484,1
6485,0
6486,0
6487,0
6488,3
6489,0
6490,0
6491,2
6492,0
6493,2
6494,1
6495,1
6496,1
6497,0
6498,2
6499,0
6500,0
6501,4
6502,3
6503,0
6504,0
6505,2
6506,0
6507,3
6508,0
6509,0
6510,3
6511,2
6512,3
6513,0
6514,0
6515,2
6516,1
6517,0
6518,0
6519,2
6520,3
6521,2
6522,2
6523,0
6524,0
6525,1
6526,1
6527,1
6528,0
6529,2
6530,0
6531,1
6532,1
6533,2
6534,0
6535,1
6536,2
6537,1
6538,0
6539,1
6540,1
6541,0
6542,0
6543,1
6544,2
6545,1
6546,0
6547,1
6548,1
6549,5
6550,4
6551,1
6552,0
6553,0
6554,0
6555,3
6556,0
6557,0
6558,1
6559,1
6560,0
6561,3
6562,2
6563,0
6564,0
6565,2
6566,0
6567,1
6568,2
6569,0
6570,1
6571,3
6572,1
6573,1
6574,1
6575,1
6576,3
6577,1
6578,0
6579,3
6580,4
6581,1
6582,0
6583,1
6584,2
6585,0
6586,0
6587,4
6588,3
6589,2
6590,1
6591,2
6592,3
6593,1
6594,1
6595,0
6596,0
6597,1
6598,2
6599,0
6600,0
6601,0
6602,0
6603,2
6604,4
6605,3
6606,1
6607,2
6608,3
6609,4
6610,0
6611,3
6612,0
6613,2
6614,2
6615,5
6616,2
6617,3
6618,3
6619,2
6620,1
6621,2
6622,0
6623,4
6624,0
6625,2
6626,1
6627,1
6628,0
6629,0
6630,1
6631,0
6632,0
6633,2
6634,1
6635,5
6636,1
6637,0
6638,0
6639,1
6640,1
6641,0
6642,0
6643,2
6644,5
6645,0
6646,1
6647,5
6648,0
6649,0
6650,4
6651,1
6652,0
6653,3
6654,0
6655,0
6656,1
6657,1
6658,0
6659,3
6660,1
6661,1
6662,2
6663,1
6664,2
6665,2
6666,0
6667,4
6668,0
6669,0
6670,1
6671,0
6672,0
6673,0
6674,1
6675,1
6676,1
6677,3
6678,0
6679,1
6680,0
6681,1
6682,1
6683,0
6684,1
6685,8
6686,1
6687,1
6688,2
6689,4
6690,2
6691,0
6692,0
6693,4
6694,3
6695,0
6696,0
6697,0
6698,0
6699,1
6700,3
6701,1
6702,1
6703,0
6704,1
6705,2
6706,0
6707,1
6708,0
6709,1
6710,1
6711,0
6712,1
6713,0
6714,0
6715,1
6716,1
6717,1
6718,6
6719,0
6720,1
6721,0
6722,0
6723,2
6724,2
6725,1
6726,0
6727,0
6728,0
6729,4
6730,1
6731,0
6732,0
6733,1
6734,2
6735,1
6736,0
6737,2
6738,2
6739,0
6740,1
6741,1
6742,1
6743,0
6744,0
6745,1
6746,2
6747,0
6748,0
6749,0
6750,4
6751,1
6752,1
6753,0
6754,1
6755,0
6756,1
6757,1
6758,1
6759,0
6760,1
6761,4
6762,1
6763,1
6764,2
6765,2
6766,2
6767,1
6768,1
6769,1
6770,0
6771,2
6772,3
6773,0
6774,0
6775,0
6776,2
6777,2
6778,0
6779,2
6780,1
6781,2
6782,1
6783,0
6784,3
6785,2
6786,1
6787,1
6788,0
6789,1
6790,0
6791,0
6792,0
6793,0
6794,0
6795,1
6796,0
6797,1
6798,2
6799,0
6800,0
6801,0
6802,0
6803,2
6804,1
6805,1
6806,3
6807,1
6808,1
6809,2
6810,3
6811,1
6812,0
6813,1
6814,4
6815,1
6816,0
6817,0
6818,0
6819,0
6820,0
6821,5
6822,1
6823,0
6824,2
6825,0
6826,0
6827,0
6828,5
6829,1
6830,2
6831,0
6832,2
6833,0
6834,0
6835,0
6836,2
6837,3
6838,0
6839,1
6840,1
6841,0
6842,1
6843,2
6844,1
6845,1
6846,0
6847,0
6848,0
6849,1
6850,3
6851,1
6852,2
6853,0
6854,4
6855,0
6856,3
6857,0
6858,0
6859,0
6860,0
6861,1
6862,1
6863,1
6864,2
6865,3
6866,2
6867,0
6868,0
6869,0
6870,1
6871,2
6872,1
6873,0
6874,3
6875,0
6876,3
6877,0
6878,1
6879,2
6880,2
6881,3
6882,0
6883,1
6884,1
6885,2
6886,0
6887,0
6888,0
6889,0
6890,2
6891,0
6892,3
6893,0
6894,2
6895,0
6896,3
6897,2
6898,0
6899,0
6900,1
6901,0
6902,0
6903,3
6904,1
6905,2
6906,0
6907,1
6908,2
6909,3
6910,0
6911,0
6912,1
6913,2
6914,2
6915,1
6916,4
6917,0
6918,3
6919,4
6920,0
6921,0
6922,1
6923,1
6924,2
6925,2
6926,2
6927,3
6928,0
6929,1
6930,0
6931,3
6932,2
6933,1
6934,3
6935,0
6936,0
6937,1
6938,2
6939,1
6940,1
6941,0
6942,1
6943,1
6944,0
6945,4
6946,2
6947,2
6948,0
6949,0
6950,0
6951,0
6952,1
6953,0
6954,4
6955,1
6956,2
6957,3
6958,0
6959,0
6960,1
6961,0
6962,1
6963,2
6964,0
6965,4
6966,1
6967,1
6968,0
6969,3
6970,0
6971,0
6972,1
6973,0
6974,3
6975,4
6976,1
6977,0
6978,0
6979,4
6980,0
6981,2
6982,0
6983,3
6984,0
6985,1
6986,0
6987,1
6988,0
6989,3
6990,0
6991,0
6992,2
6993,2
6994,2
6995,2
6996,0
6997,0
6998,0
6999,3
7000,0
7001,0
7002,0
7003,1
7004,2
7005,2
7006,5
7007,1
7008,0
7009,0
7010,0
7011,0
7012,0
7013,0
7014,1
7015,0
7016,1
7017,0
7018,0
7019,2
7020,1
7021,4
7022,1
7023,1
7024,0
7025,1
7026,2
7027,1
7028,1
7029,1
7030,1
7031,1
7032,1
7033,1
7034,0
7035,4
7036,1
7037,0
7038,2
7039,1
7040,1
7041,2
7042,1
7043,1
7044,1
7045,1
7046,1
7047,4
7048,1
7049,1
7050,0
7051,1
7052,0
7053,0
7054,0
7055,0
7056,0
7057,1
7058,2
7059,2
7060,2
7061,2
7062,0
7063,0
7064,2
7065,3
7066,4
7067,2
7068,1
7069,3
7070,0
7071,1
7072,0
7073,1
7074,1
7075,1
7076,0
7077,1
7078,0
7079,1
7080,0
7081,0
7082,0
7083,0
7084,1
7085,0
7086,0
7087,0
7088,6
7089,1
7090,0
7091,1
7092,1
7093,1
7094,0
7095,0
7096,0
7097,0
7098,1
7099,7
7100,1
7101,2
7102,2
7103,0
7104,1
7105,0
7106,2
7107,0
7108,0
7109,1
7110,0
7111,0
7112,1
7113,3
7114,4
7115,0
7116,0
7117,0
7118,0
7119,1
7120,1
7121,1
7122,0
7123,0
7124,1
7125,3
7126,2
7127,1
7128,1
7129,2
7130,2
7131,2
7132,1
7133,0
7134,2
7135,0
7136,3
7137,1
7138,1
7139,0
7140,4
7141,0
7142,1
7143,1
7144,6
7145,0
7146,1
7147,3
7148,1
7149,1
7150,1
7151,1
7152,0
7153,0
7154,2
7155,0
7156,1
7157,1
7158,2
7159,0
7160,0
7161,0
7162,0
7163,1
7164,0
7165,1
7166,1
7167,1
7168,1
7169,0
7170,1
7171,2
7172,1
7173,1
7174,1
7175,1
7176,1
7177,1
7178,4
7179,0
7180,0
7181,0
7182,2
7183,2
7184,0
7185,1
7186,0
7187,1
7188,0
7189,2
7190,0
7191,1
7192,2
7193,2
7194,1
7195,0
7196,1
7197,2
7198,4
7199,3
7200,2
7201,2
7202,0
7203,1
7204,2
7205,3
7206,2
7207,6
7208,3
7209,1
7210,0
7211,2
7212,3
7213,0
7214,1
7215,3
7216,2
7217,1
7218,1
7219,0
7220,2
7221,5
7222,6
7223,2
7224,1
7225,1
7226,0
7227,3
7228,0
7229,0
7230,0
7231,2
7232,1
7233,1
7234,0
7235,0
7236,0
7237,1
7238,1
7239,2
7240,2
7241,0
7242,1
7243,0
7244,0
7245,0
7246,4
7247,2
7248,0
7249,2
7250,4
7251,2
7252,0
7253,0
7254,0
7255,4
7256,4
7257,1
7258,3
7259,2
7260,3
7261,2
7262,3
7263,2
7264,0
7265,2
7266,2
7267,0
7268,3
7269,1
7270,0
7271,0
7272,1
7273,0
7274,3
7275,1
7276,0
7277,0
7278,1
7279,0
7280,4
7281,1
7282,0
7283,2
7284,2
7285,2
7286,3
7287,1
7288,1
7289,1
7290,0
7291,0
7292,1
7293,1
7294,0
7295,1
7296,1
7297,2
7298,0
7299,0
7300,3
7301,1
7302,0
7303,3
7304,0
7305,3
7306,1
7307,2
7308,2
7309,0
7310,0
7311,0
7312,3
7313,1
7314,0
7315,2
7316,3
7317,4
7318,1
7319,0
7320,2
7321,0
7322,0
7323,1
7324,1
7325,1
7326,1
7327,1
7328,0
7329,3
7330,1
7331,0
7332,0
7333,0
7334,1
7335,0
7336,2
7337,2
7338,0
7339,0
7340,0
7341,1
7342,1
7343,2
7344,0
7345,0
7346,1
7347,2
7348,1
7349,1
7350,1
7351,0
7352,0
7353,1
7354,1
7355,0
7356,1
7357,1
7358,4
7359,0
7360,4
7361,5
7362,0
7363,2
7364,1
7365,0
7366,3
7367,0
7368,1
7369,2
7370,0
7371,0
7372,0
7373,1
7374,0
7375,0
7376,1
7377,1
7378,1
7379,0
7380,0
7381,1
7382,1
7383,0
7384,2
7385,2
7386,2
7387,0
7388,1
7389,0
7390,1
7391,0
7392,1
7393,1
7394,0
7395,0
7396,1
7397,0
7398,0
7399,1
7400,0
7401,1
7402,1
7403,0
7404,0
7405,2
7406,0
7407,0
7408,0
7409,0
7410,3
7411,0
7412,0
7413,0
7414,2
7415,3
7416,2
7417,2
7418,4
7419,1
7420,4
7421,0
7422,1
7423,1
7424,0
7425,1
7426,3
7427,1
7428,0
7429,3
7430,2
7431,0
7432,0
7433,2
7434,1
7435,1
7436,1
7437,0
7438,3
7439,0
7440,2
7441,1
7442,0
7443,0
7444,1
7445,0
7446,0
7447,2
7448,2
7449,3
7450,3
7451,1
7452,0
7453,0
7454,2
7455,3
7456,2
7457,3
7458,1
7459,1
7460,0
7461,0
7462,0
7463,2
7464,0
7465,0
7466,0
7467,2
7468,3
7469,0
7470,0
7471,1
7472,2
7473,0
7474,2
7475,0
7476,0
7477,0
7478,0
7479,3
7480,1
7481,2
7482,2
7483,0
7484,2
7485,1
7486,0
7487,1
7488,1
7489,0
7490,2
7491,1
7492,5
7493,1
7494,1
7495,1
7496,3
7497,0
7498,2
7499,2
7500,3
7501,1
7502,4
7503,3
7504,0
7505,0
7506,3
7507,2
7508,3
7509,3
7510,0
7511,0
7512,1
7513,0
7514,1
7515,0
7516,0
7517,1
7518,1
7519,0
7520,0
7521,4
7522,0
7523,1
7524,1
7525,3
7526,0
7527,0
7528,3
7529,1
7530,0
7531,2
7532,3
7533,0
7534,1
7535,1
7536,0
7537,2
7538,0
7539,2
7540,0
7541,1
7542,3
7543,1
7544,0
7545,1
7546,1
7547,1
7548,2
7549,0
7550,0
7551,1
7552,1
7553,0
7554,1
7555,1
7556,2
7557,1
7558,0
7559,1
7560,1
7561,1
7562,2
7563,3
7564,2
7565,0
7566,0
7567,0
7568,2
7569,0
7570,0
7571,2
7572,0
7573,2
7574,0
7575,1
7576,1
7577,0
7578,3
7579,2
7580,0
7581,1
7582,1
7583,4
7584,4
7585,0
7586,1
7587,0
7588,2
7589,1
7590,1
7591,1
7592,0
7593,0
7594,1
7595,1
7596,1
7597,1
7598,0
7599,1
7600,1
7601,1
7602,0
7603,4
7604,1
7605,0
7606,0
7607,0
7608,2
7609,0
7610,3
7611,1
7612,1
7613,0
7614,0
7615,0
7616,2
7617,1
7618,2
7619,0
7620,0
7621,2
7622,2
7623,1
7624,0
7625,1
7626,2
7627,0
7628,1
7629,1
7630,1
7631,2
7632,0
7633,0
7634,1
7635,1
7636,0
7637,3
7638,3
7639,1
7640,6
7641,2
7642,0
7643,2
7644,2
7645,2
7646,0
7647,1
7648,0
7649,1
7650,0
7651,0
7652,0
7653,1
7654,0
7655,0
7656,0
7657,1
7658,0
7659,3
7660,1
7661,1
7662,0
7663,2
7664,1
7665,1
7666,0
7667,4
7668,1
7669,2
7670,2
7671,0
7672,0
7673,1
7674,1
7675,1
7676,2
7677,0
7678,0
7679,1
7680,1
7681,2
7682,0
7683,0
7684,3
7685,0
7686,1
7687,1
7688,4
7689,2
7690,0
7691,0
7692,1
7693,1
7694,0
7695,4
7696,0
7697,3
7698,3
7699,1
7700,1
7701,1
7702,2
7703,1
7704,0
7705,1
7706,1
7707,1
7708,0
7709,0
7710,0
7711,3
7712,4
7713,0
7714,2
7715,0
7716,2
7717,2
7718,3
7719,1
7720,1
7721,3
7722,1
7723,0
7724,2
7725,2
7726,0
7727,3
7728,0
7729,0
7730,0
7731,1
7732,0
7733,2
7734,1
7735,2
7736,4
7737,3
7738,1
7739,1
7740,2
7741,1
7742,0
7743,0
7744,1
7745,0
7746,1
7747,2
7748,0
7749,1
7750,3
7751,0
7752,2
7753,0
7754,1
7755,0
7756,1
7757,3
7758,0
7759,3
7760,2
7761,0
7762,0
7763,1
7764,0
7765,3
7766,1
7767,1
7768,0
7769,2
7770,0
7771,0
7772,1
7773,0
7774,0
7775,2
7776,1
7777,2
7778,1
7779,1
7780,5
7781,2
7782,0
7783,0
7784,0
7785,0
7786,0
7787,1
7788,1
7789,5
7790,2
7791,1
7792,3
7793,3
7794,0
7795,3
7796,4
7797,2
7798,0
7799,1
7800,4
7801,1
7802,1
7803,3
7804,2
7805,0
7806,0
7807,0
7808,0
7809,1
7810,1
7811,1
7812,1
7813,3
7814,3
7815,0
7816,1
7817,0
7818,0
7819,2
7820,2
7821,1
7822,2
7823,1
7824,0
7825,2
7826,1
7827,1
7828,0
7829,1
7830,2
7831,0
7832,1
7833,3
7834,2
7835,1
7836,0
7837,5
7838,1
7839,0
7840,0
7841,0
7842,0
7843,0
7844,0
7845,1
7846,0
7847,0
7848,2
7849,2
7850,3
7851,1
7852,2
7853,2
7854,3
7855,1
7856,2
7857,1
7858,0
7859,1
7860,1
7861,1
7862,0
7863,1
7864,0
7865,0
7866,0
7867,3
7868,0
7869,0
7870,1
7871,0
7872,1
7873,1
7874,2
7875,0
7876,2
7877,0
7878,4
7879,2
7880,2
7881,1
7882,2
7883,0
7884,0
7885,0
7886,3
7887,1
7888,0
7889,2
7890,3
7891,0
7892,1
7893,1
7894,0
7895,0
7896,0
7897,2
7898,0
7899,0
7900,0
7901,1
7902,0
7903,1
7904,1
7905,2
7906,1
7907,1
7908,0
7909,5
7910,1
7911,2
7912,1
7913,1
7914,0
7915,0
7916,0
7917,1
7918,1
7919,0
7920,1
7921,1
7922,2
7923,4
7924,0
7925,1
7926,2
7927,0
7928,1
7929,0
7930,3
7931,1
7932,0
7933,0
7934,0
7935,1
7936,1
7937,0
7938,1
7939,0
7940,0
7941,2
7942,3
7943,2
7944,2
7945,0
7946,1
7947,0
7948,0
7949,0
7950,1
7951,2
7952,3
7953,2
7954,0
7955,1
7956,0
7957,1
7958,1
7959,2
7960,2
7961,1
7962,1
7963,0
7964,1
7965,2
7966,0
7967,4
7968,0
7969,1
7970,2
7971,0
7972,2
7973,0
7974,0
7975,3
7976,2
7977,2
7978,0
7979,1
7980,1
7981,2
7982,0
7983,0
7984,1
7985,0
7986,1
7987,1
7988,2
7989,0
7990,2
7991,0
7992,0
7993,0
7994,1
7995,2
7996,1
7997,1
7998,1
7999,2
8000,1
8001,0
8002,2
8003,1
8004,2
8005,3
8006,3
8007,1
8008,2
8009,2
8010,0
8011,1
8012,0
8013,0
8014,1
8015,0
8016,1
8017,1
8018,0
8019,0
8020,1
8021,1
8022,0
8023,0
8024,2
8025,2
8026,1
8027,0
8028,2
8029,1
8030,0
8031,0
8032,1
8033,2
8034,0
8035,0
8036,2
8037,2
8038,0
8039,0
8040,2
8041,2
8042,1
8043,1
8044,1
8045,2
8046,4
8047,0
8048,0
8049,1
8050,2
8051,1
8052,1
8053,0
8054,0
8055,3
8056,2
8057,1
8058,0
8059,1
8060,0
8061,0
8062,1
8063,0
8064,0
8065,0
8066,0
8067,1
8068,0
8069,2
8070,0
8071,1
8072,3
8073,1
8074,0
8075,0
8076,0
8077,0
8078,1
8079,1
8080,2
8081,0
8082,0
8083,2
8084,0
8085,1
8086,2
8087,1
8088,1
8089,1
8090,0
8091,0
8092,2
8093,0
8094,1
8095,0
8096,0
8097,1
8098,1
8099,2
8100,1
8101,1
8102,1
8103,2
8104,1
8105,0
8106,2
8107,2
8108,0
8109,2
8110,1
8111,1
8112,1
8113,0
8114,2
8115,2
8116,0
8117,1
8118,1
8119,0
8120,0
8121,1
8122,0
8123,2
8124,1
8125,0
8126,0
8127,0
8128,1
8129,6
8130,2
8131,1
8132,0
8133,1
8134,0
8135,3
8136,2
8137,0
8138,0
8139,0
8140,1
8141,4
8142,2
8143,1
8144,3
8145,0
8146,1
8147,0
8148,1
8149,1
8150,1
8151,5
8152,0
8153,2
8154,0
8155,0
8156,1
8157,1
8158,2
8159,2
8160,0
8161,2
8162,0
8163,2
8164,1
8165,1
8166,0
8167,0
8168,0
8169,0
8170,5
8171,0
8172,0
8173,2
8174,2
8175,2
8176,1
8177,4
8178,6
8179,1
8180,1
8181,1
8182,3
8183,0
8184,1
8185,1
8186,2
8187,1
8188,2
8189,0
8190,4
8191,0
8192,0
8193,1
8194,2
8195,0
8196,3
8197,0
8198,2
8199,2
8200,0
8201,2
8202,1
8203,2
8204,1
8205,1
8206,1
8207,0
8208,1
8209,2
8210,0
8211,0
8212,1
8213,1
8214,3
8215,2
8216,1
8217,0
8218,0
8219,0
8220,1
8221,2
8222,1
8223,1
8224,2
8225,2
8226,0
8227,2
8228,0
8229,0
8230,2
8231,3
8232,0
8233,1
8234,1
8235,1
8236,0
8237,2
8238,6
8239,1
8240,0
8241,3
8242,0
8243,1
8244,0
8245,2
8246,1
8247,3
8248,3
8249,0
8250,4
8251,1
8252,3
8253,3
8254,2
8255,0
8256,0
8257,2
8258,1
8259,0
8260,1
8261,3
8262,2
8263,1
8264,1
8265,2
8266,0
8267,2
8268,0
8269,2
8270,0
8271,0
8272,1
8273,0
8274,3
8275,1
8276,2
8277,0
8278,1
8279,1
8280,0
8281,2
8282,1
8283,2
8284,1
8285,1
8286,0
8287,0
8288,1
8289,1
8290,1
8291,0
8292,1
8293,0
8294,0
8295,1
8296,0
8297,0
8298,3
8299,1
8300,1
8301,0
8302,1
8303,1
8304,2
8305,0
8306,3
8307,0
8308,0
8309,2
8310,4
8311,1
8312,0
8313,2
8314,0
8315,0
8316,3
8317,1
8318,1
8319,0
8320,0
8321,5
8322,0
8323,1
8324,0
8325,1
8326,0
8327,0
8328,1
8329,0
8330,2
8331,2
8332,1
8333,1
8334,0
8335,0
8336,5
8337,1
8338,1
8339,1
8340,2
8341,1
8342,1
8343,1
8344,1
8345,4
8346,0
8347,0
8348,1
8349,0
8350,0
8351,2
8352,3
8353,0
8354,0
8355,1
8356,1
8357,0
8358,1
8359,2
8360,3
8361,1
8362,1
8363,1
8364,1
8365,2
8366,2
8367,1
8368,1
8369,0
8370,1
8371,1
8372,1
8373,2
8374,1
8375,1
8376,1
8377,0
8378,0
8379,0
8380,0
8381,1
8382,3
8383,2
8384,2
8385,2
8386,0
8387,3
8388,0
8389,1
8390,0
8391,2
8392,2
8393,2
8394,2
8395,0
8396,0
8397,6
8398,0
8399,2
8400,2
8401,1
8402,1
8403,1
8404,1
8405,1
8406,3
8407,2
8408,2
8409,2
8410,0
8411,1
8412,1
8413,1
8414,0
8415,1
8416,0
8417,1
8418,0
8419,1
8420,0
8421,3
8422,0
8423,4
8424,0
8425,1
8426,1
8427,0
8428,0
8429,1
8430,3
8431,0
8432,1
8433,3
8434,0
8435,0
8436,0
8437,0
8438,3
8439,3
8440,1
8441,1
8442,2
8443,2
8444,3
8445,0
8446,0
8447,2
8448,0
8449,1
8450,0
8451,0
8452,2
8453,0
8454,2
8455,1
8456,1
8457,0
8458,1
8459,0
8460,2
8461,1
8462,0
8463,0
8464,0
8465,0
8466,1
8467,2
8468,2
8469,3
8470,1
8471,1
8472,0
8473,1
8474,0
8475,1
8476,2
8477,0
8478,0
8479,1
8480,0
8481,3
8482,1
8483,2
8484,1
8485,0
8486,0
8487,3
8488,1
8489,0
8490,0
8491,1
8492,0
8493,2
8494,1
8495,0
8496,0
8497,3
8498,2
8499,1
8500,0
8501,1
8502,0
8503,1
8504,2
8505,1
8506,1
8507,2
8508,1
8509,1
8510,1
8511,3
8512,0
8513,1
8514,3
8515,1
8516,0
8517,2
8518,0
8519,2
8520,0
8521,1
8522,0
8523,0
8524,3
8525,5
8526,1
8527,0
8528,4
8529,1
8530,1
8531,0
8532,0
8533,0
8534,0
8535,1
8536,2
8537,0
8538,2
8539,0
8540,2
8541,0
8542,0
8543,4
8544,1
8545,4
8546,2
8547,0
8548,2
8549,0
8550,2
8551,2
8552,2
8553,2
8554,1
8555,1
8556,1
8557,2
8558,2
8559,0
8560,0
8561,1
8562,2
8563,2
8564,1
8565,1
8566,0
8567,1
8568,2
8569,2
8570,1
8571,2
8572,2
8573,0
8574,2
8575,1
8576,0
8577,3
8578,1
8579,1
8580,6
8581,0
8582,0
8583,1
8584,1
8585,2
8586,2
8587,2
8588,0
8589,0
8590,4
8591,0
8592,1
8593,0
8594,1
8595,0
8596,2
8597,2
8598,1
8599,0
8600,1
8601,1
8602,2
8603,2
8604,0
8605,1
8606,0
8607,0
8608,2
8609,4
8610,0
8611,2
8612,1
8613,1
8614,1
8615,0
8616,0
8617,0
8618,0
8619,1
8620,1
8621,2
8622,0
8623,0
8624,1
8625,1
8626,2
8627,0
8628,1
8629,0
8630,1
8631,0
8632,3
8633,0
8634,3
8635,0
8636,0
8637,1
8638,2
8639,2
8640,1
8641,2
8642,1
8643,0
8644,0
8645,0
8646,0
8647,2
8648,0
8649,1
8650,4
8651,0
8652,1
8653,0
8654,1
8655,2
8656,0
8657,3
8658,1
8659,1
8660,0
8661,0
8662,0
8663,2
8664,3
8665,2
8666,0
8667,0
8668,0
8669,2
8670,0
8671,1
8672,0
8673,0
8674,1
8675,2
8676,0
8677,0
8678,2
8679,1
8680,2
8681,1
8682,0
8683,0
8684,2
8685,1
8686,3
8687,2
8688,0
8689,0
8690,1
8691,0
8692,4
8693,1
8694,1
8695,1
8696,3
8697,0
8698,1
8699,1
8700,1
8701,2
8702,0
8703,2
8704,0
8705,2
8706,1
8707,2
8708,1
8709,0
8710,2
8711,1
8712,1
8713,0
8714,2
8715,0
8716,0
8717,1
8718,1
8719,1
8720,0
8721,0
8722,0
8723,0
8724,0
8725,2
8726,1
8727,0
8728,0
8729,1
8730,1
8731,2
8732,3
8733,4
8734,0
8735,3
8736,0
8737,1
8738,0
8739,1
8740,3
8741,1
8742,0
8743,1
8744,0
8745,0
8746,1
8747,1
8748,2
8749,0
8750,0
8751,5
8752,0
8753,1
8754,5
8755,2
8756,0
8757,2
8758,2
8759,1
8760,0
8761,1
8762,0
8763,1
8764,1
8765,1
8766,0
8767,1
8768,1
8769,0
8770,1
8771,1
8772,0
8773,2
8774,2
8775,2
8776,1
8777,0
8778,0
8779,2
8780,1
8781,1
8782,4
8783,2
8784,2
8785,1
8786,2
8787,0
8788,0
8789,0
8790,0
8791,2
8792,2
8793,0
8794,0
8795,0
8796,1
8797,1
8798,0
8799,0
8800,2
8801,1
8802,1
8803,0
8804,0
8805,0
8806,1
8807,3
8808,2
8809,1
8810,1
8811,2
8812,1
8813,2
8814,0
8815,0
8816,1
8817,0
8818,0
8819,2
8820,1
8821,1
8822,0
8823,3
8824,1
8825,1
8826,1
8827,2
8828,0
8829,1
8830,2
8831,1
8832,0
8833,1
8834,1
8835,1
8836,1
8837,0
8838,1
8839,2
8840,1
8841,0
8842,2
8843,2
8844,3
8845,1
8846,4
8847,1
8848,1
8849,1
8850,0
8851,0
8852,0
8853,1
8854,0
8855,0
8856,2
8857,1
8858,0
8859,0
8860,0
8861,1
8862,0
8863,0
8864,0
8865,1
8866,0
8867,2
8868,4
8869,0
8870,0
8871,0
8872,0
8873,0
8874,2
8875,2
8876,0
8877,1
8878,0
8879,1
8880,0
8881,0
8882,3
8883,1
8884,2
8885,0
8886,1
8887,1
8888,0
8889,2
8890,0
8891,0
8892,1
8893,1
8894,1
8895,0
8896,3
8897,0
8898,0
8899,1
8900,2
8901,0
8902,2
8903,1
8904,1
8905,2
8906,1
8907,0
8908,2
8909,1
8910,1
8911,1
8912,1
8913,1
8914,0
8915,0
8916,0
8917,0
8918,0
8919,1
8920,3
8921,2
8922,0
8923,1
8924,1
8925,0
8926,1
8927,0
8928,0
8929,1
8930,1
8931,2
8932,1
8933,1
8934,3
8935,1
8936,1
8937,2
8938,0
8939,0
8940,2
8941,0
8942,1
8943,0
8944,0
8945,1
8946,0
8947,0
8948,1
8949,0
8950,0
8951,2
8952,0
8953,1
8954,3
8955,1
8956,3
8957,0
8958,2
8959,0
8960,1
8961,0
8962,1
8963,0
8964,0
8965,1
8966,0
8967,2
8968,2
8969,0
8970,2
8971,0
8972,2
8973,2
8974,1
8975,2
8976,3
8977,3
8978,4
8979,1
8980,4
8981,2
8982,0
8983,2
8984,1
8985,2
8986,1
8987,1
8988,2
8989,0
8990,1
8991,2
8992,1
8993,3
8994,1
8995,2
8996,0
8997,1
8998,2
8999,3
9000,0
9001,2
9002,1
9003,0
9004,1
9005,4
9006,1
9007,1
9008,1
9009,4
9010,0
9011,1
9012,0
9013,0
9014,2
9015,3
9016,0
9017,4
9018,0
9019,1
9020,1
9021,0
9022,1
9023,0
9024,4
9025,1
9026,0
9027,1
9028,0
9029,2
9030,2
9031,0
9032,1
9033,0
9034,1
9035,0
9036,3
9037,1
9038,1
9039,1
9040,1
9041,2
9042,0
9043,1
9044,1
9045,2
9046,2
9047,0
9048,2
9049,0
9050,0
9051,1
9052,0
9053,2
9054,2
9055,1
9056,1
9057,1
9058,2
9059,0
9060,0
9061,0
9062,0
9063,1
9064,0
9065,2
9066,1
9067,2
9068,0
9069,2
9070,0
9071,2
9072,0
9073,1
9074,3
9075,1
9076,2
9077,0
9078,2
9079,1
9080,0
9081,0
9082,1
9083,0
9084,0
9085,0
9086,1
9087,0
9088,0
9089,2
9090,1
9091,0
9092,1
9093,1
9094,2
9095,1
9096,2
9097,1
9098,2
9099,3
9100,1
9101,3
9102,0
9103,1
9104,0
9105,2
9106,1
9107,1
9108,0
9109,0
9110,2
9111,1
9112,2
9113,1
9114,1
9115,0
9116,0
9117,2
9118,1
9119,0
9120,1
9121,0
9122,1
9123,3
9124,0
9125,1
9126,1
9127,1
9128,1
9129,1
9130,0
9131,0
9132,1
9133,1
9134,2
9135,1
9136,2
9137,1
9138,0
9139,1
9140,0
9141,2
9142,0
9143,0
9144,4
9145,0
9146,2
9147,0
9148,0
9149,1
9150,0
9151,1
9152,4
9153,0
9154,1
9155,0
9156,1
9157,0
9158,0
9159,1
9160,2
9161,0
9162,0
9163,0
9164,2
9165,0
9166,0
9167,1
9168,0
9169,2
9170,1
9171,1
9172,0
9173,2
9174,1
9175,0
9176,2
9177,2
9178,3
9179,0
9180,0
9181,4
9182,0
9183,2
9184,0
9185,0
9186,0
9187,2
9188,1
9189,1
9190,2
9191,0
9192,0
9193,2
9194,2
9195,1
9196,4
9197,0
9198,4
9199,1
9200,5
9201,0
9202,0
9203,1
9204,1
9205,2
9206,0
9207,1
9208,0
9209,0
9210,1
9211,0
9212,0
9213,2
9214,1
9215,0
9216,0
9217,1
9218,1
9219,0
9220,1
9221,2
9222,0
9223,1
9224,0
9225,0
9226,5
9227,2
9228,0
9229,0
9230,2
9231,0
9232,0
9233,0
9234,0
9235,1
9236,1
9237,2
9238,0
9239,1
9240,2
9241,0
9242,3
9243,4
9244,1
9245,3
9246,0
9247,0
9248,1
9249,1
9250,1
9251,1
9252,3
9253,2
9254,0
9255,1
9256,1
9257,5
9258,1
9259,0
9260,1
9261,0
9262,3
9263,1
9264,2
9265,3
9266,0
9267,1
9268,1
9269,2
9270,1
9271,0
9272,4
9273,1
9274,3
9275,1
9276,1
9277,1
9278,3
9279,3
9280,1
9281,1
9282,0
9283,2
9284,0
9285,4
9286,3
9287,3
9288,0
9289,0
9290,1
9291,0
9292,1
9293,0
9294,0
9295,1
9296,2
9297,3
9298,1
9299,1
9300,0
9301,0
9302,1
9303,1
9304,2
9305,1
9306,0
9307,2
9308,0
9309,0
9310,1
9311,0
9312,0
9313,1
9314,1
9315,1
9316,2
9317,1
9318,0
9319,0
9320,3
9321,0
9322,2
9323,1
9324,0
9325,4
9326,2
9327,0
9328,3
9329,0
9330,3
9331,0
9332,1
9333,0
9334,0
9335,2
9336,1
9337,0
9338,1
9339,2
9340,1
9341,0
9342,1
9343,0
9344,1
9345,0
9346,1
9347,0
9348,2
9349,3
9350,0
9351,2
9352,0
9353,3
9354,0
9355,1
9356,1
9357,0
9358,2
9359,2
9360,1
9361,2
9362,0
9363,0
9364,2
9365,2
9366,1
9367,2
9368,0
9369,1
9370,1
9371,1
9372,1
9373,1
9374,2
9375,2
9376,2
9377,2
9378,1
9379,0
9380,0
9381,0
9382,0
9383,0
9384,2
9385,5
9386,2
9387,0
9388,0
9389,1
9390,1
9391,0
9392,2
9393,1
9394,1
9395,0
9396,0
9397,3
9398,2
9399,0
9400,0
9401,1
9402,1
9403,1
9404,2
9405,3
9406,2
9407,0
9408,1
9409,1
9410,1
9411,0
9412,0
9413,0
9414,0
9415,0
9416,3
9417,1
9418,4
9419,1
9420,0
9421,1
9422,1
9423,1
9424,0
9425,3
9426,0
9427,1
9428,0
9429,3
9430,2
9431,2
9432,1
9433,0
9434,0
9435,0
9436,1
9437,0
9438,0
9439,3
9440,1
9441,1
9442,1
9443,2
9444,1
9445,3
9446,0
9447,2
9448,2
9449,1
9450,2
9451,2
9452,1
9453,1
9454,4
9455,2
9456,1
9457,0
9458,0
9459,0
9460,2
9461,0
9462,2
9463,3
9464,1
9465,1
9466,0
9467,0
9468,0
9469,1
9470,0
9471,1
9472,3
9473,1
9474,0
9475,1
9476,1
9477,1
9478,3
9479,1
9480,0
9481,0
9482,1
9483,0
9484,0
9485,3
9486,1
9487,4
9488,2
9489,4
9490,0
9491,0
9492,4
9493,0
9494,1
9495,0
9496,0
9497,1
9498,0
9499,2
9500,2
9501,1
9502,2
9503,2
9504,0
9505,0
9506,1
9507,1
9508,1
9509,1
9510,0
9511,0
9512,1
9513,2
9514,0
9515,0
9516,1
9517,0
9518,4
9519,2
9520,2
9521,1
9522,0
9523,0
9524,1
9525,2
9526,1
9527,0
9528,1
9529,2
9530,1
9531,0
9532,0
9533,1
9534,2
9535,0
9536,0
9537,0
9538,1
9539,1
9540,1
9541,0
9542,0
9543,0
9544,0
9545,0
9546,1
9547,3
9548,1
9549,2
9550,2
9551,2
9552,0
9553,1
9554,0
9555,1
9556,0
9557,1
9558,1
9559,2
9560,1
9561,2
9562,0
9563,0
9564,2
9565,0
9566,1
9567,1
9568,1
9569,0
9570,2
9571,1
9572,1
9573,1
9574,0
9575,3
9576,1
9577,3
9578,0
9579,2
9580,1
9581,0
9582,3
9583,1
9584,0
9585,0
9586,1
9587,2
9588,2
9589,0
9590,0
9591,3
9592,0
9593,0
9594,1
9595,2
9596,0
9597,2
9598,0
9599,0
9600,4
9601,2
9602,0
9603,1
9604,0
9605,3
9606,2
9607,1
9608,1
9609,1
9610,1
9611,1
9612,1
9613,0
9614,0
9615,1
9616,0
9617,1
9618,1
9619,2
9620,2
9621,1
9622,0
9623,3
9624,1
9625,0
9626,4
9627,0
9628,1
9629,0
9630,1
9631,0
9632,3
9633,0
9634,0
9635,2
9636,1
9637,1
9638,4
9639,1
9640,2
9641,2
9642,1
9643,2
9644,1
9645,0
9646,1
9647,1
9648,0
9649,2
9650,1
9651,2
9652,1
9653,0
9654,0
9655,1
9656,0
9657,0
9658,2
9659,1
9660,1
9661,0
9662,1
9663,1
9664,1
9665,3
9666,1
9667,1
9668,0
9669,0
9670,1
9671,1
9672,1
9673,1
9674,2
9675,1
9676,0
9677,0
9678,1
9679,2
9680,1
9681,1
9682,1
9683,0
9684,0
9685,2
9686,2
9687,1
9688,2
9689,0
9690,1
9691,2
9692,1
9693,0
9694,2
9695,0
9696,2
9697,0
9698,1
9699,3
9700,0
9701,2
9702,0
9703,1
9704,1
9705,0
9706,0
9707,0
9708,0
9709,2
9710,0
9711,1
9712,0
9713,1
9714,0
9715,2
9716,0
9717,1
9718,3
9719,0
9720,0
9721,1
9722,2
9723,1
9724,3
9725,2
9726,0
9727,0
9728,0
9729,1
9730,1
9731,1
9732,2
9733,2
9734,1
9735,0
9736,0
9737,1
9738,1
9739,1
9740,0
9741,0
9742,2
9743,1
9744,2
9745,2
9746,0
9747,2
9748,2
9749,0
9750,1
9751,0
9752,1
9753,3
9754,2
9755,0
9756,0
9757,0
9758,1
9759,1
9760,1
9761,1
9762,0
9763,2
9764,3
9765,0
9766,1
9767,0
9768,1
9769,0
9770,1
9771,2
9772,0
9773,0
9774,2
9775,3
9776,2
9777,1
9778,1
9779,3
9780,1
9781,0
9782,1
9783,2
9784,2
9785,0
9786,0
9787,0
9788,0
9789,2
9790,1
9791,1
9792,1
9793,0
9794,2
9795,0
9796,0
9797,0
9798,1
9799,0
9800,0
9801,0
9802,0
9803,0
9804,1
9805,2
9806,0
9807,1
9808,1
9809,0
9810,0
9811,0
9812,0
9813,0
9814,0
9815,0
9816,1
9817,2
9818,1
9819,0
9820,1
9821,2
9822,1
9823,0
9824,0
9825,1
9826,1
9827,0
9828,1
9829,0
9830,0
9831,3
9832,1
9833,1
9834,1
9835,3
9836,2
9837,1
9838,0
9839,0
9840,0
9841,2
9842,3
9843,2
9844,0
9845,2
9846,0
9847,0
9848,0
9849,2
9850,1
9851,3
9852,0
9853,1
9854,0
9855,3
9856,2
9857,0
9858,1
9859,1
9860,2
9861,0
9862,1
9863,0
9864,2
9865,1
9866,1
9867,2
9868,1
9869,1
9870,0
9871,1
9872,0
9873,1
9874,1
9875,0
9876,0
9877,2
9878,1
9879,3
9880,2
9881,2
9882,0
9883,0
9884,0
9885,0
9886,2
9887,2
9888,0
9889,4
9890,0
9891,0
9892,1
9893,1
9894,1
9895,1
9896,3
9897,1
9898,0
9899,0
9900,0
9901,0
9902,1
9903,2
9904,0
9905,1
9906,2
9907,1
9908,1
9909,0
9910,2
9911,2
9912,2
9913,0
9914,2
9915,1
9916,1
9917,4
9918,3
9919,0
9920,0
9921,0
9922,1
9923,2
9924,0
9925,2
9926,0
9927,0
9928,1
9929,0
9930,1
9931,0
9932,0
9933,0
9934,1
9935,2
9936,1
9937,0
9938,1
9939,0
9940,0
9941,0
9942,2
9943,2
9944,3
9945,0
9946,0
9947,0
9948,0
9949,0
9950,0
9951,1
9952,1
9953,1
9954,1
9955,0
9956,2
9957,1
9958,0
9959,2
9960,0
9961,0
9962,1
9963,1
9964,0
9965,0
9966,0
9967,1
9968,2
9969,3
9970,0
9971,0
9972,1
9973,2
9974,1
9975,1
9976,0
9977,2
9978,1
9979,2
9980,1
9981,3
9982,1
9983,1
9984,0
9985,0
9986,1
9987,3
9988,0
9989,0
9990,0
9991,0
9992,1
9993,0
9994,1
9995,1
9996,0
9997,2
9998,1
9999,1
