0,122
1,49
2,40
3,62
4,83
5,20
6,0
7,168
8,18
9,26
10,0
11,63
12,0
13,0
14,3
15,59
16,2
17,3
18,0
19,31
20,53
21,29
22,103
23,11
24,20
25,1
26,13
27,17
28,0
29,6
30,51
31,46
32,0
33,30
34,0
35,33
36,25
37,27
38,12
39,10
40,0
41,66
42,8
43,29
44,8
45,5
46,0
47,3
48,18
49,4
50,0
51,0
52,5
53,0
54,4
55,0
56,3
57,0
58,11
59,0
60,2
61,0
62,4
63,0
64,0
65,22
66,11
67,0
68,9
69,48
70,14
71,11
72,32
73,4
74,0
75,0
76,0
77,0
78,17
79,10
80,0
81,8
82,5
83,0
84,0
85,0
86,21
87,35
88,6
89,49
90,2
91,0
92,0
93,2
94,27
95,19
96,0
97,2
98,35
99,31
100,19
101,4
102,0
103,0
104,8
105,1
106,6
107,6
108,0
109,1
110,43
111,13
112,42
113,0
114,0
115,8
116,14
117,7
118,3
119,11
120,1
121,5
122,1
123,5
124,2
125,3
126,0
127,15
128,12
129,25
130,0
131,1
132,0
133,17
134,18
135,65
136,61
137,23
138,28
139,42
140,0
141,0
142,0
143,15
144,1
145,17
146,14
147,0
148,0
149,19
150,3
151,12
152,26
153,0
154,4
155,8
156,22
157,13
158,0
159,5
160,1
161,1
162,14
163,40
164,0
165,4
166,11
167,7
168,0
169,0
170,0
171,4
172,6
173,2
174,9
175,0
176,0
177,0
178,0
179,10
180,0
181,0
182,1
183,13
184,22
185,23
186,0
187,9
188,0
189,0
190,0
191,15
192,0
193,5
194,0
195,3
196,31
197,1
198,0
199,1
200,12
201,26
202,0
203,5
204,0
205,1
206,8
207,9
208,27
209,0
210,34
211,0
212,2
213,16
214,0
215,4
216,44
217,5
218,2
219,0
220,28
221,0
222,0
223,25
224,5
225,0
226,0
227,18
228,7
229,0
230,0
231,10
232,0
233,7
234,0
235,8
236,12
237,1
238,14
239,0
240,5
241,5
242,1
243,10
244,7
245,7
246,0
247,22
248,10
249,1
250,21
251,2
252,8
253,12
254,0
255,0
256,21
257,3
258,5
259,15
260,20
261,10
262,26
263,0
264,0
265,5
266,20
267,2
268,37
269,2
270,4
271,0
272,0
273,1
274,0
275,0
276,10
277,0
278,0
279,0
280,0
281,0
282,0
283,0
284,10
285,31
286,2
287,26
288,22
289,4
290,0
291,8
292,0
293,6
294,1
295,5
296,38
297,9
298,21
299,10
300,6
301,2
302,6
303,12
304,1
305,12
306,0
307,0
308,3
309,7
310,0
311,10
312,7
313,0
314,10
315,1
316,2
317,0
318,0
319,4
320,0
321,1
322,1
323,4
324,2
325,0
326,0
327,8
328,16
329,13
330,0
331,0
332,0
333,1
334,2
335,0
336,0
337,12
338,2
339,8
340,4
341,0
342,24
343,13
344,2
345,0
346,0
347,13
348,3
349,0
350,8
351,3
352,0
353,4
354,9
355,4
356,0
357,17
358,0
359,0
360,0
361,0
362,2
363,9
364,0
365,0
366,0
367,0
368,9
369,0
370,20
371,0
372,8
373,2
374,7
375,4
376,7
377,10
378,0
379,2
380,8
381,16
382,1
383,0
384,12
385,6
386,4
387,3
388,21
389,15
390,7
391,4
392,1
393,2
394,2
395,17
396,2
397,23
398,0
399,0
400,0
401,0
402,2
403,0
404,20
405,3
406,0
407,2
408,0
409,0
410,0
411,1
412,0
413,2
414,3
415,8
416,24
417,4
418,1
419,0
420,0
421,0
422,0
423,5
424,0
425,2
426,1
427,1
428,7
429,14
430,0
431,7
432,17
433,7
434,0
435,20
436,0
437,0
438,8
439,8
440,0
441,0
442,18
443,13
444,5
445,7
446,27
447,0
448,0
449,18
450,2
451,0
452,0
453,0
454,8
455,1
456,0
457,1
458,0
459,10
460,1
461,7
462,12
463,0
464,1
465,10
466,6
467,7
468,2
469,6
470,0
471,3
472,0
473,8
474,3
475,6
476,8
477,1
478,0
479,6
480,0
481,2
482,5
483,0
484,0
485,8
486,3
487,4
488,15
489,10
490,7
491,2
492,0
493,1
494,15
495,6
496,1
497,3
498,3
499,0
500,10
501,5
502,6
503,0
504,3
505,0
506,7
507,0
508,2
509,0
510,2
511,14
512,6
513,2
514,4
515,7
516,14
517,0
518,13
519,6
520,1
521,12
522,0
523,10
524,0
525,8
526,1
527,10
528,5
529,12
530,2
531,0
532,13
533,9
534,3
535,4
536,0
537,2
538,11
539,16
540,0
541,0
542,0
543,1
544,2
545,2
546,0
547,0
548,1
549,0
550,18
551,5
552,3
553,12
554,6
555,0
556,3
557,2
558,5
559,7
560,2
561,8
562,2
563,2
564,4
565,18
566,6
567,7
568,0
569,0
570,4
571,13
572,4
573,12
574,1
575,0
576,1
577,2
578,14
579,12
580,13
581,9
582,3
583,12
584,0
585,2
586,0
587,2
588,2
589,10
590,2
591,8
592,26
593,0
594,2
595,0
596,3
597,5
598,5
599,1
600,0
601,0
602,12
603,0
604,0
605,0
606,15
607,4
608,1
609,8
610,0
611,0
612,0
613,0
614,10
615,0
616,0
617,19
618,0
619,9
620,21
621,3
622,6
623,1
624,5
625,0
626,0
627,6
628,0
629,3
630,5
631,10
632,2
633,10
634,6
635,0
636,0
637,5
638,4
639,7
640,0
641,5
642,7
643,0
644,1
645,8
646,3
647,0
648,0
649,0
650,0
651,2
652,16
653,0
654,0
655,0
656,12
657,0
658,8
659,7
660,1
661,0
662,3
663,0
664,11
665,0
666,1
667,9
668,0
669,0
670,5
671,1
672,13
673,0
674,2
675,7
676,6
677,6
678,3
679,0
680,20
681,0
682,11
683,4
684,2
685,1
686,9
687,13
688,10
689,1
690,2
691,6
692,5
693,1
694,2
695,1
696,2
697,6
698,1
699,5
700,1
701,14
702,0
703,0
704,9
705,0
706,2
707,4
708,1
709,0
710,2
711,4
712,2
713,0
714,0
715,6
716,12
717,0
718,14
719,7
720,3
721,6
722,0
723,0
724,0
725,0
726,2
727,2
728,0
729,3
730,2
731,0
732,0
733,0
734,0
735,0
736,4
737,2
738,1
739,9
740,6
741,3
742,0
743,0
744,0
745,0
746,1
747,0
748,0
749,9
750,4
751,0
752,3
753,16
754,14
755,0
756,0
757,7
758,4
759,0
760,9
761,1
762,2
763,7
764,0
765,6
766,1
767,0
768,6
769,6
770,15
771,0
772,7
773,3
774,1
775,1
776,9
777,5
778,5
779,0
780,0
781,2
782,1
783,6
784,22
785,13
786,1
787,1
788,7
789,0
790,13
791,4
792,0
793,2
794,0
795,3
796,4
797,0
798,4
799,22
800,4
801,0
802,0
803,2
804,0
805,0
806,2
807,2
808,1
809,3
810,4
811,2
812,0
813,1
814,6
815,0
816,0
817,4
818,0
819,8
820,0
821,2
822,16
823,2
824,0
825,3
826,6
827,0
828,0
829,1
830,4
831,2
832,0
833,1
834,2
835,7
836,0
837,0
838,10
839,0
840,0
841,7
842,0
843,0
844,1
845,1
846,1
847,0
848,6
849,3
850,0
851,0
852,0
853,0
854,0
855,0
856,5
857,8
858,10
859,0
860,6
861,4
862,0
863,5
864,0
865,0
866,0
867,6
868,1
869,8
870,0
871,2
872,0
873,11
874,0
875,1
876,0
877,3
878,6
879,3
880,16
881,4
882,0
883,0
884,3
885,0
886,4
887,0
888,2
889,2
890,7
891,3
892,7
893,0
894,2
895,0
896,0
897,0
898,7
899,1
900,8
901,5
902,12
903,1
904,3
905,0
906,2
907,0
908,8
909,0
910,0
911,16
912,12
913,3
914,2
915,4
916,0
917,2
918,8
919,3
920,4
921,8
922,0
923,0
924,5
925,0
926,0
927,0
928,3
929,5
930,0
931,0
932,12
933,3
934,5
935,10
936,0
937,11
938,0
939,0
940,4
941,8
942,0
943,0
944,9
945,8
946,2
947,0
948,6
949,0
950,1
951,0
952,3
953,0
954,2
955,3
956,0
957,0
958,8
959,0
960,0
961,2
962,3
963,0
964,5
965,7
966,0
967,2
968,0
969,2
970,1
971,0
972,0
973,9
974,31
975,7
976,0
977,0
978,4
979,3
980,3
981,0
982,0
983,2
984,0
985,0
986,5
987,1
988,1
989,1
990,0
991,0
992,0
993,0
994,9
995,1
996,0
997,0
998,0
999,3
1000,6
1001,7
1002,6
1003,0
1004,7
1005,5
1006,3
1007,0
1008,0
1009,0
1010,7
1011,28
1012,9
1013,0
1014,3
1015,0
1016,1
1017,0
1018,9
1019,4
1020,3
1021,1
1022,0
1023,12
1024,1
1025,0
1026,4
1027,0
1028,0
1029,4
1030,0
1031,0
1032,16
1033,10
1034,4
1035,0
1036,0
1037,15
1038,3
1039,0
1040,10
1041,0
1042,0
1043,0
1044,0
1045,3
1046,2
1047,5
1048,0
1049,10
1050,5
1051,2
1052,2
1053,0
1054,0
1055,2
1056,0
1057,2
1058,8
1059,0
1060,8
1061,17
1062,1
1063,3
1064,0
1065,0
1066,0
1067,10
1068,1
1069,6
1070,0
1071,1
1072,10
1073,0
1074,3
1075,6
1076,0
1077,0
1078,2
1079,4
1080,7
1081,0
1082,6
1083,5
1084,0
1085,0
1086,0
1087,5
1088,5
1089,1
1090,4
1091,0
1092,15
1093,2
1094,1
1095,0
1096,2
1097,0
1098,1
1099,0
1100,1
1101,5
1102,3
1103,0
1104,7
1105,1
1106,0
1107,0
1108,8
1109,0
1110,0
1111,0
1112,0
1113,4
1114,10
1115,3
1116,0
1117,10
1118,4
1119,4
1120,4
1121,0
1122,1
1123,8
1124,4
1125,1
1126,0
1127,3
1128,2
1129,0
1130,1
1131,0
1132,0
1133,3
1134,3
1135,0
1136,0
1137,4
1138,2
1139,12
1140,3
1141,5
1142,0
1143,4
1144,1
1145,3
1146,4
1147,12
1148,1
1149,0
1150,2
1151,1
1152,0
1153,0
1154,1
1155,0
1156,4
1157,0
1158,4
1159,11
1160,0
1161,17
1162,5
1163,0
1164,0
1165,3
1166,0
1167,0
1168,1
1169,1
1170,6
1171,1
1172,0
1173,0
1174,0
1175,6
1176,6
1177,9
1178,13
1179,3
1180,0
1181,0
1182,1
1183,7
1184,0
1185,0
1186,2
1187,15
1188,0
1189,3
1190,14
1191,3
1192,3
1193,11
1194,1
1195,0
1196,0
1197,0
1198,3
1199,7
1200,23
1201,0
1202,3
1203,4
1204,2
1205,0
1206,2
1207,3
1208,5
1209,2
1210,0
1211,0
1212,1
1213,1
1214,1
1215,0
1216,6
1217,8
1218,4
1219,0
1220,0
1221,8
1222,0
1223,7
1224,0
1225,4
1226,0
1227,12
1228,16
1229,4
1230,10
1231,4
1232,3
1233,0
1234,0
1235,1
1236,1
1237,0
1238,0
1239,0
1240,2
1241,0
1242,6
1243,1
1244,9
1245,0
1246,2
1247,0
1248,9
1249,5
1250,0
1251,0
1252,5
1253,8
1254,0
1255,10
1256,0
1257,0
1258,2
1259,0
1260,0
1261,1
1262,0
1263,4
1264,0
1265,6
1266,0
1267,2
1268,3
1269,3
1270,8
1271,0
1272,3
1273,4
1274,7
1275,0
1276,1
1277,0
1278,2
1279,5
1280,2
1281,0
1282,7
1283,3
1284,7
1285,0
1286,2
1287,6
1288,19
1289,5
1290,5
1291,2
1292,3
1293,0
1294,0
1295,1
1296,0
1297,7
1298,5
1299,3
1300,4
1301,0
1302,0
1303,0
1304,0
1305,7
1306,5
1307,0
1308,5
1309,1
1310,4
1311,1
1312,1
1313,0
1314,4
1315,0
1316,0
1317,2
1318,3
1319,3
1320,4
1321,1
1322,2
1323,0
1324,3
1325,1
1326,0
1327,4
1328,0
1329,0
1330,2
1331,0
1332,0
1333,0
1334,5
1335,1
1336,7
1337,2
1338,0
1339,0
1340,2
1341,2
1342,0
1343,0
1344,4
1345,4
1346,13
1347,4
1348,0
1349,1
1350,8
1351,3
1352,1
1353,9
1354,0
1355,0
1356,6
1357,0
1358,1
1359,0
1360,0
1361,0
1362,4
1363,9
1364,1
1365,0
1366,10
1367,1
1368,9
1369,7
1370,1
1371,0
1372,3
1373,3
1374,3
1375,0
1376,0
1377,13
1378,0
1379,0
1380,0
1381,3
1382,9
1383,5
1384,0
1385,3
1386,2
1387,0
1388,5
1389,7
1390,0
1391,2
1392,8
1393,2
1394,6
1395,12
1396,2
1397,0
1398,11
1399,0
1400,4
1401,0
1402,0
1403,3
1404,3
1405,0
1406,3
1407,4
1408,7
1409,15
1410,12
1411,0
1412,2
1413,5
1414,0
1415,0
1416,3
1417,0
1418,3
1419,1
1420,1
1421,0
1422,0
1423,5
1424,0
1425,2
1426,1
1427,0
1428,4
1429,2
1430,0
1431,0
1432,8
1433,0
1434,4
1435,6
1436,1
1437,1
1438,5
1439,9
1440,11
1441,2
1442,2
1443,10
1444,9
1445,0
1446,2
1447,0
1448,2
1449,2
1450,4
1451,0
1452,0
1453,0
1454,10
1455,7
1456,5
1457,13
1458,4
1459,7
1460,4
1461,0
1462,12
1463,0
1464,0
1465,0
1466,1
1467,0
1468,0
1469,7
1470,0
1471,2
1472,0
1473,1
1474,2
1475,0
1476,14
1477,7
1478,3
1479,2
1480,4
1481,0
1482,3
1483,0
1484,2
1485,4
1486,0
1487,12
1488,0
1489,0
1490,2
1491,2
1492,6
1493,3
1494,0
1495,1
1496,0
1497,1
1498,5
1499,5
1500,0
1501,11
1502,6
1503,0
1504,0
1505,6
1506,12
1507,7
1508,4
1509,0
1510,0
1511,0
1512,0
1513,0
1514,2
1515,3
1516,4
1517,4
1518,2
1519,0
1520,1
1521,4
1522,2
1523,9
1524,6
1525,15
1526,9
1527,0
1528,0
1529,0
1530,1
1531,0
1532,5
1533,1
1534,2
1535,3
1536,7
1537,5
1538,0
1539,0
1540,0
1541,4
1542,1
1543,5
1544,0
1545,0
1546,6
1547,0
1548,5
1549,0
1550,20
1551,2
1552,5
1553,2
1554,0
1555,10
1556,0
1557,3
1558,2
1559,0
1560,3
1561,0
1562,0
1563,14
1564,10
1565,0
1566,8
1567,4
1568,0
1569,3
1570,0
1571,1
1572,1
1573,3
1574,6
1575,0
1576,0
1577,2
1578,5
1579,7
1580,0
1581,11
1582,0
1583,0
1584,7
1585,5
1586,2
1587,4
1588,1
1589,1
1590,1
1591,0
1592,0
1593,3
1594,5
1595,1
1596,0
1597,2
1598,8
1599,1
1600,0
1601,5
1602,4
1603,0
1604,0
1605,1
1606,2
1607,0
1608,6
1609,2
1610,1
1611,0
1612,0
1613,2
1614,0
1615,2
1616,0
1617,0
1618,3
1619,0
1620,0
1621,0
1622,6
1623,3
1624,3
1625,0
1626,0
1627,10
1628,0
1629,2
1630,0
1631,0
1632,2
1633,1
1634,0
1635,2
1636,0
1637,4
1638,6
1639,1
1640,13
1641,5
1642,0
1643,0
1644,0
1645,0
1646,1
1647,1
1648,0
1649,3
1650,2
1651,0
1652,1
1653,0
1654,1
1655,0
1656,4
1657,0
1658,0
1659,0
1660,3
1661,0
1662,1
1663,0
1664,3
1665,0
1666,1
1667,2
1668,2
1669,0
1670,2
1671,1
1672,0
1673,1
1674,2
1675,5
1676,0
1677,6
1678,2
1679,2
1680,0
1681,3
1682,4
1683,3
1684,0
1685,0
1686,3
1687,6
1688,1
1689,1
1690,7
1691,0
1692,11
1693,5
1694,4
1695,3
1696,1
1697,0
1698,6
1699,2
1700,4
1701,4
1702,1
1703,7
1704,3
1705,4
1706,0
1707,5
1708,5
1709,0
1710,9
1711,2
1712,8
1713,2
1714,2
1715,0
1716,1
1717,5
1718,0
1719,1
1720,1
1721,4
1722,0
1723,4
1724,0
1725,3
1726,1
1727,0
1728,0
1729,0
1730,0
1731,0
1732,1
1733,0
1734,8
1735,0
1736,1
1737,0
1738,0
1739,2
1740,0
1741,6
1742,0
1743,1
1744,1
1745,2
1746,0
1747,0
1748,1
1749,7
1750,0
1751,0
1752,4
1753,1
1754,1
1755,0
1756,4
1757,0
1758,2
1759,3
1760,1
1761,0
1762,4
1763,2
1764,7
1765,4
1766,7
1767,0
1768,5
1769,0
1770,1
1771,0
1772,0
1773,6
1774,2
1775,3
1776,7
1777,2
1778,1
1779,1
1780,6
1781,0
1782,2
1783,1
1784,1
1785,4
1786,0
1787,3
1788,0
1789,0
1790,0
1791,3
1792,3
1793,3
1794,3
1795,0
1796,3
1797,4
1798,3
1799,1
1800,2
1801,0
1802,1
1803,3
1804,0
1805,0
1806,2
1807,3
1808,0
1809,1
1810,0
1811,6
1812,0
1813,1
1814,4
1815,0
1816,1
1817,5
1818,9
1819,1
1820,0
1821,5
1822,5
1823,6
1824,7
1825,0
1826,4
1827,1
1828,2
1829,1
1830,0
1831,0
1832,2
1833,7
1834,0
1835,0
1836,2
1837,1
1838,4
1839,0
1840,0
1841,0
1842,4
1843,0
1844,6
1845,4
1846,0
1847,5
1848,1
1849,0
1850,0
1851,6
1852,3
1853,4
1854,5
1855,3
1856,2
1857,3
1858,1
1859,0
1860,1
1861,0
1862,0
1863,0
1864,2
1865,2
1866,0
1867,6
1868,0
1869,0
1870,1
1871,0
1872,1
1873,1
1874,6
1875,0
1876,4
1877,1
1878,1
1879,6
1880,0
1881,0
1882,3
1883,0
1884,0
1885,0
1886,3
1887,4
1888,2
1889,1
1890,4
1891,3
1892,0
1893,1
1894,0
1895,0
1896,1
1897,6
1898,0
1899,4
1900,3
1901,0
1902,0
1903,1
1904,2
1905,0
1906,0
1907,1
1908,0
1909,1
1910,3
1911,1
1912,3
1913,0
1914,0
1915,0
1916,1
1917,8
1918,0
1919,4
1920,0
1921,0
1922,3
1923,0
1924,1
1925,3
1926,0
1927,2
1928,4
1929,3
1930,0
1931,7
1932,4
1933,0
1934,0
1935,0
1936,4
1937,0
1938,9
1939,0
1940,0
1941,0
1942,6
1943,0
1944,0
1945,7
1946,1
1947,5
1948,0
1949,1
1950,0
1951,0
1952,0
1953,1
1954,0
1955,3
1956,3
1957,8
1958,1
1959,5
1960,5
1961,1
1962,2
1963,0
1964,5
1965,3
1966,7
1967,0
1968,0
1969,0
1970,1
1971,2
1972,0
1973,7
1974,0
1975,10
1976,7
1977,0
1978,0
1979,1
1980,0
1981,0
1982,1
1983,0
1984,1
1985,2
1986,1
1987,1
1988,2
1989,0
1990,1
1991,1
1992,7
1993,2
1994,5
1995,5
1996,0
1997,0
1998,1
1999,5
2000,2
2001,5
2002,1
2003,0
2004,1
2005,9
2006,1
2007,3
2008,0
2009,0
2010,4
2011,1
2012,4
2013,2
2014,1
2015,0
2016,3
2017,0
2018,1
2019,2
2020,1
2021,3
2022,4
2023,3
2024,5
2025,0
2026,4
2027,2
2028,7
2029,5
2030,3
2031,1
2032,6
2033,5
2034,4
2035,0
2036,4
2037,9
2038,0
2039,0
2040,2
2041,1
2042,0
2043,3
2044,1
2045,0
2046,1
2047,5
2048,0
2049,2
2050,8
2051,1
2052,0
2053,8
2054,0
2055,0
2056,2
2057,0
2058,2
2059,0
2060,5
2061,0
2062,0
2063,7
2064,0
2065,3
2066,7
2067,0
2068,2
2069,6
2070,7
2071,5
2072,0
2073,2
2074,2
2075,0
2076,0
2077,0
2078,0
2079,11
2080,0
2081,2
2082,0
2083,1
2084,1
2085,0
2086,3
2087,2
2088,6
2089,4
2090,0
2091,1
2092,0
2093,4
2094,0
2095,0
2096,12
2097,11
2098,1
2099,0
2100,2
2101,1
2102,4
2103,2
2104,0
2105,0
2106,4
2107,8
2108,1
2109,7
2110,0
2111,5
2112,1
2113,2
2114,1
2115,1
2116,2
2117,3
2118,1
2119,0
2120,3
2121,0
2122,3
2123,0
2124,0
2125,2
2126,7
2127,4
2128,0
2129,5
2130,0
2131,0
2132,4
2133,19
2134,0
2135,1
2136,0
2137,1
2138,7
2139,0
2140,0
2141,1
2142,1
2143,1
2144,0
2145,1
2146,0
2147,0
2148,2
2149,5
2150,0
2151,1
2152,1
2153,2
2154,1
2155,0
2156,7
2157,0
2158,0
2159,0
2160,4
2161,4
2162,1
2163,1
2164,5
2165,7
2166,0
2167,2
2168,1
2169,0
2170,1
2171,3
2172,5
2173,23
2174,6
2175,3
2176,1
2177,2
2178,0
2179,1
2180,6
2181,0
2182,0
2183,0
2184,1
2185,0
2186,1
2187,0
2188,0
2189,1
2190,0
2191,2
2192,4
2193,8
2194,2
2195,6
2196,4
2197,2
2198,0
2199,0
2200,1
2201,0
2202,0
2203,2
2204,2
2205,1
2206,2
2207,2
2208,2
2209,6
2210,6
2211,5
2212,5
2213,11
2214,1
2215,4
2216,7
2217,0
2218,6
2219,3
2220,2
2221,0
2222,0
2223,1
2224,0
2225,4
2226,3
2227,0
2228,0
2229,0
2230,0
2231,0
2232,2
2233,0
2234,3
2235,3
2236,1
2237,0
2238,2
2239,2
2240,3
2241,0
2242,2
2243,9
2244,1
2245,2
2246,4
2247,0
2248,0
2249,0
2250,3
2251,2
2252,0
2253,0
2254,4
2255,4
2256,0
2257,1
2258,0
2259,8
2260,2
2261,0
2262,0
2263,8
2264,1
2265,0
2266,3
2267,7
2268,1
2269,2
2270,0
2271,0
2272,1
2273,4
2274,4
2275,1
2276,4
2277,0
2278,0
2279,0
2280,1
2281,1
2282,6
2283,1
2284,3
2285,1
2286,3
2287,0
2288,8
2289,7
2290,2
2291,3
2292,1
2293,2
2294,0
2295,2
2296,6
2297,1
2298,3
2299,0
2300,8
2301,1
2302,1
2303,0
2304,0
2305,2
2306,1
2307,5
2308,0
2309,7
2310,7
2311,1
2312,1
2313,3
2314,4
2315,6
2316,2
2317,1
2318,0
2319,5
2320,0
2321,4
2322,0
2323,0
2324,3
2325,1
2326,0
2327,2
2328,0
2329,5
2330,2
2331,3
2332,5
2333,0
2334,0
2335,1
2336,11
2337,0
2338,5
2339,0
2340,2
2341,1
2342,0
2343,4
2344,4
2345,9
2346,6
2347,0
2348,1
2349,1
2350,0
2351,1
2352,4
2353,0
2354,2
2355,11
2356,4
2357,7
2358,0
2359,1
2360,2
2361,2
2362,0
2363,1
2364,1
2365,2
2366,7
2367,1
2368,7
2369,2
2370,0
2371,6
2372,0
2373,3
2374,1
2375,0
2376,1
2377,3
2378,3
2379,2
2380,0
2381,2
2382,7
2383,1
2384,1
2385,3
2386,3
2387,0
2388,2
2389,2
2390,3
2391,4
2392,0
2393,7
2394,0
2395,0
2396,0
2397,0
2398,0
2399,1
2400,0
2401,2
2402,2
2403,3
2404,3
2405,0
2406,0
2407,2
2408,2
2409,0
2410,8
2411,1
2412,0
2413,0
2414,2
2415,5
2416,9
2417,3
2418,0
2419,0
2420,0
2421,2
2422,3
2423,1
2424,2
2425,0
2426,1
2427,1
2428,3
2429,7
2430,4
2431,4
2432,0
2433,2
2434,4
2435,0
2436,0
2437,4
2438,1
2439,1
2440,5
2441,2
2442,0
2443,4
2444,2
2445,0
2446,0
2447,1
2448,0
2449,0
2450,0
2451,6
2452,0
2453,0
2454,0
2455,4
2456,9
2457,1
2458,1
2459,1
2460,0
2461,0
2462,0
2463,3
2464,0
2465,0
2466,7
2467,0
2468,0
2469,1
2470,6
2471,1
2472,0
2473,6
2474,6
2475,4
2476,0
2477,3
2478,5
2479,0
2480,3
2481,1
2482,7
2483,1
2484,4
2485,0
2486,0
2487,4
2488,0
2489,1
2490,0
2491,3
2492,2
2493,1
2494,0
2495,3
2496,3
2497,0
2498,4
2499,0
2500,5
2501,4
2502,0
2503,0
2504,1
2505,0
2506,7
2507,0
2508,0
2509,2
2510,2
2511,0
2512,3
2513,4
2514,2
2515,1
2516,4
2517,0
2518,1
2519,2
2520,3
2521,9
2522,0
2523,3
2524,2
2525,2
2526,0
2527,2
2528,1
2529,2
2530,1
2531,1
2532,0
2533,0
2534,3
2535,1
2536,2
2537,1
2538,1
2539,0
2540,0
2541,1
2542,2
2543,0
2544,0
2545,0
2546,7
2547,0
2548,6
2549,2
2550,4
2551,6
2552,0
2553,1
2554,1
2555,0
2556,1
2557,1
2558,1
2559,8
2560,1
2561,0
2562,0
2563,5
2564,0
2565,5
2566,0
2567,3
2568,4
2569,5
2570,1
2571,0
2572,0
2573,1
2574,1
2575,0
2576,0
2577,0
2578,3
2579,3
2580,0
2581,1
2582,1
2583,1
2584,2
2585,2
2586,3
2587,0
2588,1
2589,7
2590,0
2591,0
2592,0
2593,4
2594,0
2595,0
2596,0
2597,0
2598,0
2599,0
2600,4
2601,1
2602,1
2603,2
2604,0
2605,0
2606,5
2607,0
2608,0
2609,0
2610,0
2611,0
2612,2
2613,3
2614,1
2615,4
2616,0
2617,0
2618,0
2619,5
2620,6
2621,2
2622,0
2623,0
2624,1
2625,0
2626,5
2627,4
2628,1
2629,0
2630,2
2631,4
2632,1
2633,0
2634,0
2635,3
2636,2
2637,5
2638,0
2639,0
2640,0
2641,0
2642,1
2643,1
2644,1
2645,5
2646,3
2647,2
2648,2
2649,1
2650,0
2651,0
2652,0
2653,0
2654,2
2655,5
2656,0
2657,0
2658,2
2659,9
2660,0
2661,1
2662,0
2663,1
2664,0
2665,1
2666,6
2667,1
2668,3
2669,0
2670,3
2671,0
2672,2
2673,5
2674,4
2675,0
2676,0
2677,2
2678,1
2679,1
2680,6
2681,3
2682,1
2683,2
2684,1
2685,4
2686,0
2687,9
2688,1
2689,8
2690,3
2691,5
2692,6
2693,3
2694,6
2695,10
2696,1
2697,0
2698,1
2699,0
2700,5
2701,1
2702,1
2703,0
2704,1
2705,1
2706,0
2707,1
2708,0
2709,6
2710,1
2711,0
2712,3
2713,1
2714,1
2715,5
2716,5
2717,5
2718,0
2719,4
2720,5
2721,4
2722,4
2723,3
2724,1
2725,0
2726,6
2727,0
2728,1
2729,1
2730,0
2731,0
2732,0
2733,5
2734,0
2735,2
2736,3
2737,0
2738,9
2739,14
2740,3
2741,0
2742,0
2743,0
2744,1
2745,1
2746,0
2747,0
2748,1
2749,1
2750,0
2751,0
2752,4
2753,5
2754,0
2755,2
2756,0
2757,3
2758,1
2759,0
2760,0
2761,0
2762,0
2763,0
2764,0
2765,3
2766,0
2767,0
2768,2
2769,5
2770,2
2771,0
2772,1
2773,5
2774,1
2775,0
2776,2
2777,0
2778,0
2779,0
2780,5
2781,1
2782,2
2783,6
2784,0
2785,0
2786,1
2787,3
2788,0
2789,1
2790,3
2791,0
2792,4
2793,0
2794,6
2795,2
2796,0
2797,0
2798,0
2799,0
2800,2
2801,2
2802,0
2803,1
2804,0
2805,1
2806,0
2807,0
2808,2
2809,2
2810,3
2811,1
2812,1
2813,0
2814,2
2815,0
2816,1
2817,0
2818,1
2819,7
2820,3
2821,2
2822,0
2823,1
2824,0
2825,0
2826,0
2827,6
2828,1
2829,2
2830,0
2831,0
2832,0
2833,4
2834,0
2835,1
2836,1
2837,1
2838,2
2839,1
2840,0
2841,1
2842,0
2843,1
2844,1
2845,3
2846,0
2847,2
2848,0
2849,0
2850,4
2851,0
2852,1
2853,1
2854,3
2855,4
2856,1
2857,0
2858,3
2859,0
2860,3
2861,2
2862,0
2863,2
2864,1
2865,1
2866,1
2867,0
2868,1
2869,1
2870,7
2871,0
2872,5
2873,0
2874,1
2875,0
2876,2
2877,1
2878,1
2879,1
2880,0
2881,0
2882,0
2883,4
2884,0
2885,0
2886,0
2887,3
2888,2
2889,2
2890,0
2891,0
2892,8
2893,1
2894,2
2895,0
2896,10
2897,1
2898,0
2899,0
2900,1
2901,9
2902,0
2903,4
2904,0
2905,0
2906,0
2907,4
2908,1
2909,1
2910,0
2911,2
2912,1
2913,0
2914,1
2915,0
2916,0
2917,3
2918,1
2919,0
2920,10
2921,8
2922,0
2923,1
2924,0
2925,3
2926,2
2927,2
2928,2
2929,2
2930,0
2931,0
2932,1
2933,3
2934,5
2935,4
2936,3
2937,1
2938,2
2939,2
2940,3
2941,1
2942,5
2943,2
2944,0
2945,5
2946,1
2947,1
2948,3
2949,0
2950,3
2951,6
2952,0
2953,5
2954,2
2955,2
2956,5
2957,4
2958,0
2959,4
2960,2
2961,1
2962,4
2963,0
2964,7
2965,0
2966,2
2967,0
2968,5
2969,1
2970,0
2971,4
2972,1
2973,0
2974,1
2975,0
2976,1
2977,1
2978,1
2979,0
2980,1
2981,1
2982,1
2983,0
2984,3
2985,1
2986,2
2987,4
2988,5
2989,1
2990,0
2991,0
2992,0
2993,0
2994,1
2995,1
2996,0
2997,5
2998,5
2999,2
3000,1
3001,1
3002,0
3003,4
3004,3
3005,3
3006,0
3007,4
3008,2
3009,0
3010,0
3011,3
3012,0
3013,6
3014,0
3015,0
3016,2
3017,0
3018,2
3019,1
3020,0
3021,0
3022,2
3023,0
3024,0
3025,0
3026,11
3027,1
3028,0
3029,0
3030,0
3031,8
3032,0
3033,0
3034,0
3035,0
3036,5
3037,0
3038,0
3039,6
3040,4
3041,0
3042,0
3043,1
3044,0
3045,0
3046,4
3047,3
3048,4
3049,0
3050,9
3051,1
3052,0
3053,1
3054,0
3055,0
3056,0
3057,2
3058,0
3059,0
3060,1
3061,0
3062,0
3063,5
3064,2
3065,6
3066,1
3067,1
3068,3
3069,0
3070,1
3071,0
3072,0
3073,1
3074,2
3075,1
3076,0
3077,6
3078,3
3079,0
3080,0
3081,0
3082,2
3083,1
3084,1
3085,4
3086,2
3087,0
3088,4
3089,3
3090,3
3091,0
3092,0
3093,0
3094,0
3095,4
3096,4
3097,0
3098,2
3099,0
3100,0
3101,5
3102,0
3103,0
3104,1
3105,6
3106,5
3107,1
3108,0
3109,6
3110,0
3111,1
3112,4
3113,0
3114,8
3115,2
3116,0
3117,1
3118,2
3119,3
3120,1
3121,2
3122,1
3123,0
3124,0
3125,0
3126,0
3127,0
3128,2
3129,3
3130,3
3131,0
3132,3
3133,0
3134,0
3135,0
3136,1
3137,0
3138,3
3139,1
3140,1
3141,1
3142,3
3143,0
3144,1
3145,2
3146,2
3147,0
3148,2
3149,4
3150,3
3151,2
3152,2
3153,2
3154,4
3155,0
3156,3
3157,1
3158,0
3159,2
3160,0
3161,8
3162,1
3163,6
3164,3
3165,0
3166,1
3167,2
3168,1
3169,1
3170,0
3171,0
3172,0
3173,1
3174,0
3175,0
3176,2
3177,2
3178,0
3179,0
3180,1
3181,0
3182,4
3183,0
3184,1
3185,6
3186,0
3187,0
3188,4
3189,0
3190,2
3191,4
3192,1
3193,1
3194,1
3195,0
3196,3
3197,3
3198,3
3199,1
3200,2
3201,7
3202,1
3203,0
3204,1
3205,2
3206,0
3207,5
3208,0
3209,0
3210,0
3211,1
3212,0
3213,0
3214,5
3215,3
3216,5
3217,3
3218,1
3219,2
3220,0
3221,10
3222,0
3223,4
3224,0
3225,3
3226,3
3227,4
3228,3
3229,1
3230,2
3231,3
3232,0
3233,3
3234,6
3235,2
3236,0
3237,7
3238,0
3239,0
3240,4
3241,0
3242,0
3243,0
3244,0
3245,0
3246,2
3247,3
3248,0
3249,3
3250,1
3251,3
3252,5
3253,0
3254,3
3255,0
3256,0
3257,0
3258,2
3259,2
3260,2
3261,0
3262,1
3263,0
3264,2
3265,0
3266,7
3267,3
3268,1
3269,4
3270,2
3271,10
3272,0
3273,0
3274,2
3275,0
3276,0
3277,0
3278,1
3279,2
3280,1
3281,5
3282,0
3283,1
3284,1
3285,0
3286,4
3287,2
3288,1
3289,2
3290,4
3291,4
3292,5
3293,0
3294,1
3295,0
3296,6
3297,0
3298,2
3299,2
3300,0
3301,0
3302,1
3303,0
3304,1
3305,0
3306,1
3307,1
3308,1
3309,1
3310,2
3311,7
3312,0
3313,0
3314,1
3315,0
3316,3
3317,0
3318,0
3319,3
3320,2
3321,5
3322,1
3323,6
3324,0
3325,1
3326,0
3327,5
3328,0
3329,0
3330,0
3331,2
3332,0
3333,0
3334,0
3335,0
3336,0
3337,1
3338,3
3339,0
3340,2
3341,1
3342,8
3343,2
3344,2
3345,0
3346,0
3347,0
3348,1
3349,3
3350,2
3351,1
3352,4
3353,0
3354,2
3355,0
3356,2
3357,1
3358,0
3359,4
3360,5
3361,7
3362,1
3363,2
3364,4
3365,0
3366,0
3367,2
3368,1
3369,1
3370,0
3371,2
3372,4
3373,7
3374,2
3375,0
3376,2
3377,5
3378,1
3379,5
3380,0
3381,6
3382,4
3383,3
3384,5
3385,0
3386,3
3387,2
3388,3
3389,2
3390,0
3391,1
3392,0
3393,0
3394,0
3395,0
3396,2
3397,0
3398,0
3399,4
3400,2
3401,0
3402,0
3403,0
3404,2
3405,1
3406,5
3407,3
3408,1
3409,1
3410,2
3411,1
3412,2
3413,0
3414,0
3415,3
3416,2
3417,0
3418,1
3419,5
3420,0
3421,3
3422,0
3423,6
3424,1
3425,0
3426,0
3427,0
3428,2
3429,1
3430,2
3431,3
3432,0
3433,5
3434,8
3435,1
3436,2
3437,2
3438,0
3439,1
3440,1
3441,1
3442,2
3443,0
3444,4
3445,0
3446,2
3447,3
3448,1
3449,0
3450,2
3451,1
3452,3
3453,2
3454,2
3455,2
3456,1
3457,0
3458,3
3459,1
3460,0
3461,3
3462,4
3463,1
3464,0
3465,0
3466,3
3467,0
3468,4
3469,0
3470,1
3471,0
3472,0
3473,2
3474,3
3475,0
3476,3
3477,2
3478,3
3479,0
3480,3
3481,1
3482,3
3483,0
3484,2
3485,2
3486,2
3487,2
3488,0
3489,1
3490,0
3491,0
3492,4
3493,5
3494,3
3495,0
3496,1
3497,8
3498,2
3499,0
3500,2
3501,3
3502,5
3503,3
3504,1
3505,4
3506,0
3507,1
3508,8
3509,0
3510,2
3511,1
3512,2
3513,2
3514,6
3515,2
3516,0
3517,0
3518,0
3519,0
3520,0
3521,0
3522,2
3523,0
3524,0
3525,0
3526,1
3527,9
3528,2
3529,1
3530,2
3531,3
3532,1
3533,0
3534,2
3535,1
3536,9
3537,6
3538,2
3539,4
3540,3
3541,0
3542,0
3543,0
3544,5
3545,3
3546,0
3547,1
3548,0
3549,4
3550,0
3551,5
3552,1
3553,5
3554,8
3555,2
3556,6
3557,2
3558,2
3559,6
3560,1
3561,1
3562,0
3563,0
3564,0
3565,2
3566,1
3567,0
3568,0
3569,1
3570,3
3571,0
3572,1
3573,1
3574,4
3575,0
3576,1
3577,3
3578,0
3579,0
3580,2
3581,0
3582,7
3583,0
3584,1
3585,5
3586,2
3587,1
3588,5
3589,0
3590,2
3591,2
3592,0
3593,0
3594,0
3595,0
3596,1
3597,5
3598,0
3599,5
3600,0
3601,7
3602,0
3603,1
3604,0
3605,3
3606,2
3607,0
3608,4
3609,0
3610,0
3611,0
3612,1
3613,7
3614,6
3615,0
3616,6
3617,0
3618,0
3619,2
3620,1
3621,0
3622,2
3623,0
3624,0
3625,1
3626,0
3627,1
3628,0
3629,0
3630,1
3631,3
3632,3
3633,0
3634,0
3635,0
3636,0
3637,4
3638,0
3639,3
3640,1
3641,7
3642,8
3643,0
3644,1
3645,0
3646,4
3647,0
3648,0
3649,3
3650,1
3651,5
3652,0
3653,0
3654,0
3655,1
3656,0
3657,3
3658,7
3659,2
3660,0
3661,1
3662,0
3663,2
3664,0
3665,0
3666,1
3667,7
3668,0
3669,4
3670,2
3671,2
3672,6
3673,0
3674,0
3675,1
3676,0
3677,6
3678,0
3679,0
3680,2
3681,0
3682,2
3683,0
3684,2
3685,0
3686,1
3687,3
3688,1
3689,1
3690,3
3691,0
3692,0
3693,0
3694,3
3695,0
3696,1
3697,5
3698,2
3699,11
3700,1
3701,0
3702,3
3703,3
3704,6
3705,0
3706,2
3707,1
3708,0
3709,1
3710,3
3711,4
3712,3
3713,2
3714,7
3715,0
3716,0
3717,0
3718,0
3719,0
3720,2
3721,2
3722,1
3723,0
3724,5
3725,0
3726,2
3727,2
3728,4
3729,1
3730,0
3731,1
3732,1
3733,1
3734,3
3735,0
3736,1
3737,0
3738,1
3739,1
3740,4
3741,0
3742,7
3743,1
3744,1
3745,2
3746,1
3747,0
3748,2
3749,1
3750,0
3751,0
3752,3
3753,6
3754,1
3755,0
3756,0
3757,5
3758,4
3759,0
3760,1
3761,1
3762,0
3763,4
3764,0
3765,2
3766,1
3767,2
3768,1
3769,1
3770,2
3771,1
3772,0
3773,1
3774,0
3775,1
3776,4
3777,0
3778,2
3779,3
3780,4
3781,0
3782,0
3783,5
3784,1
3785,0
3786,0
3787,2
3788,3
3789,1
3790,2
3791,0
3792,2
3793,0
3794,4
3795,1
3796,3
3797,4
3798,5
3799,1
3800,2
3801,3
3802,3
3803,0
3804,0
3805,2
3806,1
3807,0
3808,3
3809,1
3810,3
3811,3
3812,0
3813,1
3814,2
3815,2
3816,1
3817,0
3818,1
3819,0
3820,1
3821,3
3822,0
3823,0
3824,2
3825,4
3826,0
3827,3
3828,2
3829,3
3830,5
3831,3
3832,0
3833,0
3834,2
3835,0
3836,2
3837,1
3838,0
3839,0
3840,2
3841,2
3842,5
3843,0
3844,0
3845,2
3846,4
3847,0
3848,0
3849,0
3850,3
3851,2
3852,1
3853,0
3854,6
3855,1
3856,1
3857,1
3858,0
3859,0
3860,3
3861,1
3862,0
3863,8
3864,0
3865,0
3866,0
3867,2
3868,2
3869,2
3870,5
3871,1
3872,0
3873,3
3874,0
3875,0
3876,4
3877,0
3878,0
3879,0
3880,4
3881,3
3882,0
3883,4
3884,0
3885,1
3886,1
3887,2
3888,4
3889,8
3890,7
3891,0
3892,3
3893,2
3894,0
3895,0
3896,3
3897,1
3898,0
3899,0
3900,0
3901,9
3902,3
3903,0
3904,0
3905,0
3906,4
3907,4
3908,3
3909,1
3910,3
3911,1
3912,3
3913,1
3914,1
3915,0
3916,6
3917,2
3918,2
3919,2
3920,0
3921,2
3922,0
3923,3
3924,4
3925,2
3926,0
3927,2
3928,1
3929,4
3930,0
3931,0
3932,1
3933,7
3934,1
3935,2
3936,5
3937,0
3938,1
3939,0
3940,1
3941,3
3942,0
3943,1
3944,0
3945,1
3946,1
3947,5
3948,3
3949,0
3950,5
3951,0
3952,1
3953,1
3954,1
3955,2
3956,3
3957,2
3958,0
3959,0
3960,6
3961,2
3962,1
3963,0
3964,1
3965,0
3966,5
3967,0
3968,2
3969,2
3970,0
3971,3
3972,0
3973,2
3974,0
3975,3
3976,0
3977,2
3978,1
3979,2
3980,0
3981,0
3982,1
3983,2
3984,2
3985,1
3986,1
3987,1
3988,0
3989,0
3990,0
3991,1
3992,5
3993,0
3994,2
3995,0
3996,4
3997,1
3998,2
3999,1
4000,0
4001,0
4002,0
4003,0
4004,3
4005,5
4006,0
4007,1
4008,6
4009,0
4010,1
4011,2
4012,0
4013,1
4014,3
4015,6
4016,1
4017,0
4018,4
4019,2
4020,5
4021,4
4022,5
4023,4
4024,5
4025,1
4026,0
4027,1
4028,5
4029,1
4030,2
4031,0
4032,1
4033,3
4034,1
4035,0
4036,0
4037,1
4038,0
4039,0
4040,0
4041,4
4042,8
4043,1
4044,3
4045,0
4046,1
4047,1
4048,0
4049,4
4050,0
4051,3
4052,4
4053,0
4054,11
4055,3
4056,1
4057,0
4058,0
4059,0
4060,0
4061,4
4062,4
4063,2
4064,2
4065,0
4066,11
4067,2
4068,1
4069,1
4070,1
4071,3
4072,4
4073,3
4074,3
4075,2
4076,3
4077,2
4078,0
4079,0
4080,0
4081,2
4082,1
4083,1
4084,5
4085,3
4086,0
4087,0
4088,1
4089,1
4090,4
4091,0
4092,4
4093,0
4094,0
4095,5
4096,4
4097,3
4098,1
4099,3
4100,2
4101,0
4102,1
4103,1
4104,4
4105,2
4106,0
4107,3
4108,0
4109,2
4110,2
4111,9
4112,3
4113,3
4114,1
4115,0
4116,6
4117,1
4118,0
4119,0
4120,3
4121,3
4122,1
4123,0
4124,3
4125,2
4126,1
4127,0
4128,0
4129,3
4130,2
4131,3
4132,0
4133,1
4134,1
4135,1
4136,3
4137,1
4138,5
4139,0
4140,2
4141,1
4142,1
4143,3
4144,2
4145,0
4146,2
4147,2
4148,0
4149,1
4150,3
4151,5
4152,1
4153,3
4154,3
4155,1
4156,1
4157,2
4158,0
4159,5
4160,2
4161,1
4162,0
4163,5
4164,1
4165,0
4166,3
4167,3
4168,0
4169,5
4170,3
4171,4
4172,2
4173,5
4174,2
4175,5
4176,1
4177,2
4178,1
4179,2
4180,1
4181,0
4182,4
4183,0
4184,2
4185,4
4186,4
4187,0
4188,1
4189,1
4190,3
4191,0
4192,1
4193,1
4194,0
4195,3
4196,1
4197,0
4198,2
4199,1
4200,3
4201,5
4202,2
4203,1
4204,0
4205,1
4206,9
4207,0
4208,0
4209,0
4210,1
4211,2
4212,1
4213,0
4214,2
4215,0
4216,4
4217,1
4218,0
4219,2
4220,0
4221,7
4222,1
4223,1
4224,7
4225,0
4226,1
4227,3
4228,1
4229,1
4230,0
4231,0
4232,0
4233,0
4234,0
4235,2
4236,4
4237,3
4238,0
4239,0
4240,4
4241,3
4242,2
4243,0
4244,1
4245,5
4246,0
4247,1
4248,1
4249,2
4250,0
4251,2
4252,0
4253,3
4254,0
4255,3
4256,10
4257,2
4258,4
4259,5
4260,2
4261,3
4262,1
4263,4
4264,0
4265,0
4266,2
4267,0
4268,2
4269,4
4270,0
4271,0
4272,1
4273,0
4274,0
4275,3
4276,2
4277,1
4278,0
4279,1
4280,1
4281,0
4282,2
4283,1
4284,0
4285,4
4286,9
4287,0
4288,0
4289,3
4290,5
4291,0
4292,1
4293,1
4294,2
4295,3
4296,1
4297,3
4298,0
4299,2
4300,0
4301,1
4302,0
4303,0
4304,4
4305,0
4306,2
4307,0
4308,3
4309,0
4310,6
4311,4
4312,2
4313,2
4314,1
4315,8
4316,1
4317,6
4318,0
4319,3
4320,0
4321,1
4322,0
4323,0
4324,3
4325,3
4326,1
4327,0
4328,3
4329,5
4330,0
4331,0
4332,1
4333,0
4334,0
4335,0
4336,4
4337,0
4338,1
4339,2
4340,0
4341,1
4342,1
4343,2
4344,0
4345,2
4346,2
4347,0
4348,3
4349,3
4350,1
4351,2
4352,0
4353,3
4354,1
4355,0
4356,1
4357,0
4358,3
4359,1
4360,2
4361,0
4362,3
4363,5
4364,0
4365,3
4366,3
4367,4
4368,4
4369,0
4370,1
4371,3
4372,2
4373,0
4374,3
4375,0
4376,0
4377,3
4378,2
4379,0
4380,1
4381,3
4382,0
4383,1
4384,7
4385,1
4386,3
4387,1
4388,3
4389,7
4390,0
4391,3
4392,3
4393,1
4394,5
4395,0
4396,0
4397,0
4398,0
4399,0
4400,0
4401,3
4402,2
4403,0
4404,5
4405,5
4406,0
4407,0
4408,1
4409,3
4410,1
4411,2
4412,0
4413,1
4414,0
4415,4
4416,0
4417,0
4418,0
4419,0
4420,0
4421,0
4422,0
4423,0
4424,0
4425,0
4426,0
4427,0
4428,2
4429,1
4430,2
4431,2
4432,0
4433,5
4434,0
4435,1
4436,10
4437,5
4438,0
4439,1
4440,2
4441,1
4442,0
4443,4
4444,1
4445,0
4446,0
4447,0
4448,1
4449,0
4450,0
4451,1
4452,1
4453,1
4454,1
4455,4
4456,1
4457,6
4458,2
4459,3
4460,0
4461,1
4462,1
4463,3
4464,2
4465,0
4466,4
4467,0
4468,1
4469,6
4470,0
4471,0
4472,0
4473,3
4474,2
4475,0
4476,0
4477,0
4478,1
4479,1
4480,3
4481,5
4482,0
4483,4
4484,6
4485,1
4486,0
4487,0
4488,2
4489,1
4490,1
4491,1
4492,3
4493,0
4494,0
4495,0
4496,6
4497,2
4498,4
4499,2
4500,0
4501,1
4502,1
4503,0
4504,2
4505,0
4506,6
4507,0
4508,0
4509,0
4510,1
4511,3
4512,5
4513,0
4514,1
4515,0
4516,3
4517,1
4518,0
4519,4
4520,3
4521,2
4522,0
4523,4
4524,1
4525,1
4526,2
4527,0
4528,0
4529,2
4530,1
4531,0
4532,0
4533,0
4534,0
4535,0
4536,1
4537,2
4538,0
4539,4
4540,0
4541,1
4542,0
4543,0
4544,1
4545,1
4546,0
4547,0
4548,1
4549,2
4550,0
4551,1
4552,2
4553,1
4554,0
4555,0
4556,0
4557,3
4558,0
4559,2
4560,0
4561,0
4562,0
4563,0
4564,0
4565,5
4566,0
4567,3
4568,2
4569,0
4570,1
4571,0
4572,1
4573,2
4574,1
4575,1
4576,2
4577,2
4578,3
4579,1
4580,2
4581,2
4582,0
4583,2
4584,1
4585,6
4586,0
4587,0
4588,0
4589,3
4590,1
4591,0
4592,0
4593,1
4594,0
4595,0
4596,1
4597,2
4598,0
4599,0
4600,0
4601,4
4602,3
4603,1
4604,2
4605,3
4606,1
4607,3
4608,4
4609,1
4610,2
4611,3
4612,1
4613,2
4614,1
4615,3
4616,2
4617,0
4618,0
4619,3
4620,0
4621,2
4622,1
4623,0
4624,2
4625,3
4626,1
4627,0
4628,2
4629,4
4630,1
4631,3
4632,1
4633,1
4634,0
4635,0
4636,0
4637,4
4638,0
4639,3
4640,1
4641,3
4642,2
4643,0
4644,0
4645,2
4646,0
4647,0
4648,0
4649,2
4650,2
4651,3
4652,0
4653,4
4654,1
4655,3
4656,0
4657,0
4658,3
4659,1
4660,0
4661,1
4662,3
4663,2
4664,4
4665,1
4666,3
4667,2
4668,1
4669,0
4670,4
4671,0
4672,1
4673,0
4674,1
4675,1
4676,4
4677,0
4678,5
4679,1
4680,0
4681,0
4682,1
4683,0
4684,0
4685,5
4686,0
4687,3
4688,1
4689,0
4690,0
4691,2
4692,0
4693,5
4694,2
4695,3
4696,3
4697,0
4698,0
4699,1
4700,0
4701,0
4702,1
4703,2
4704,0
4705,3
4706,0
4707,0
4708,1
4709,1
4710,4
4711,0
4712,1
4713,0
4714,2
4715,0
4716,4
4717,2
4718,0
4719,1
4720,2
4721,1
4722,2
4723,0
4724,3
4725,0
4726,5
4727,2
4728,0
4729,0
4730,0
4731,0
4732,4
4733,2
4734,1
4735,2
4736,1
4737,4
4738,0
4739,0
4740,2
4741,2
4742,0
4743,1
4744,1
4745,0
4746,1
4747,0
4748,0
4749,0
4750,1
4751,0
4752,0
4753,4
4754,1
4755,1
4756,0
4757,1
4758,0
4759,1
4760,1
4761,1
4762,3
4763,1
4764,6
4765,3
4766,4
4767,3
4768,1
4769,1
4770,0
4771,0
4772,0
4773,2
4774,0
4775,1
4776,2
4777,1
4778,2
4779,4
4780,3
4781,5
4782,3
4783,0
4784,0
4785,1
4786,0
4787,0
4788,0
4789,0
4790,1
4791,2
4792,0
4793,1
4794,0
4795,1
4796,0
4797,0
4798,2
4799,0
4800,1
4801,0
4802,0
4803,1
4804,1
4805,1
4806,1
4807,0
4808,1
4809,1
4810,6
4811,7
4812,3
4813,0
4814,2
4815,0
4816,1
4817,2
4818,1
4819,4
4820,0
4821,3
4822,11
4823,1
4824,1
4825,1
4826,2
4827,1
4828,0
4829,1
4830,3
4831,1
4832,0
4833,0
4834,4
4835,0
4836,1
4837,0
4838,4
4839,0
4840,5
4841,0
4842,3
4843,0
4844,1
4845,0
4846,0
4847,4
4848,0
4849,0
4850,4
4851,3
4852,2
4853,1
4854,1
4855,2
4856,0
4857,0
4858,1
4859,0
4860,1
4861,0
4862,2
4863,2
4864,3
4865,0
4866,1
4867,1
4868,0
4869,0
4870,0
4871,0
4872,1
4873,0
4874,2
4875,2
4876,0
4877,0
4878,0
4879,2
4880,0
4881,3
4882,0
4883,0
4884,4
4885,2
4886,4
4887,2
4888,5
4889,0
4890,2
4891,1
4892,0
4893,2
4894,1
4895,3
4896,0
4897,1
4898,1
4899,1
4900,0
4901,0
4902,3
4903,2
4904,2
4905,1
4906,2
4907,0
4908,0
4909,2
4910,1
4911,3
4912,0
4913,0
4914,4
4915,0
4916,0
4917,3
4918,2
4919,3
4920,0
4921,2
4922,3
4923,3
4924,1
4925,2
4926,3
4927,1
4928,1
4929,4
4930,0
4931,1
4932,0
4933,1
4934,4
4935,1
4936,1
4937,2
4938,2
4939,0
4940,4
4941,1
4942,1
4943,3
4944,2
4945,0
4946,3
4947,0
4948,3
4949,0
4950,1
4951,0
4952,0
4953,0
4954,3
4955,2
4956,0
4957,1
4958,1
4959,1
4960,0
4961,1
4962,0
4963,1
4964,2
4965,0
4966,3
4967,2
4968,1
4969,5
4970,6
4971,0
4972,0
4973,0
4974,6
4975,3
4976,2
4977,0
4978,1
4979,6
4980,2
4981,0
4982,1
4983,0
4984,0
4985,2
4986,0
4987,0
4988,1
4989,1
4990,3
4991,1
4992,0
4993,2
4994,0
4995,0
4996,0
4997,1
4998,1
4999,1
5000,0
5001,2
5002,0
5003,0
5004,0
5005,1
5006,1
5007,0
5008,1
5009,1
5010,2
5011,0
5012,4
5013,1
5014,3
5015,1
5016,1
5017,4
5018,1
5019,0
5020,3
5021,2
5022,1
5023,1
5024,5
5025,1
5026,0
5027,0
5028,0
5029,1
5030,1
5031,0
5032,0
5033,5
5034,1
5035,1
5036,0
5037,0
5038,0
5039,2
5040,3
5041,1
5042,2
5043,0
5044,0
5045,0
5046,2
5047,2
5048,3
5049,2
5050,2
5051,2
5052,0
5053,0
5054,3
5055,4
5056,0
5057,0
5058,0
5059,1
5060,2
5061,2
5062,0
5063,2
5064,4
5065,0
5066,1
5067,2
5068,0
5069,1
5070,7
5071,0
5072,0
5073,1
5074,4
5075,3
5076,1
5077,0
5078,5
5079,2
5080,0
5081,2
5082,1
5083,0
5084,1
5085,1
5086,1
5087,2
5088,8
5089,0
5090,1
5091,1
5092,0
5093,0
5094,1
5095,1
5096,1
5097,2
5098,0
5099,0
5100,0
5101,1
5102,0
5103,1
5104,0
5105,2
5106,7
5107,0
5108,3
5109,0
5110,2
5111,2
5112,2
5113,0
5114,1
5115,1
5116,2
5117,3
5118,4
5119,4
5120,0
5121,0
5122,0
5123,5
5124,0
5125,1
5126,2
5127,2
5128,6
5129,0
5130,0
5131,5
5132,1
5133,1
5134,1
5135,0
5136,0
5137,1
5138,5
5139,0
5140,0
5141,4
5142,2
5143,1
5144,5
5145,0
5146,0
5147,2
5148,2
5149,2
5150,0
5151,1
5152,1
5153,0
5154,0
5155,1
5156,1
5157,2
5158,3
5159,1
5160,2
5161,2
5162,1
5163,0
5164,2
5165,2
5166,1
5167,5
5168,1
5169,2
5170,3
5171,4
5172,1
5173,0
5174,3
5175,1
5176,2
5177,2
5178,4
5179,1
5180,1
5181,0
5182,3
5183,3
5184,2
5185,0
5186,0
5187,0
5188,0
5189,0
5190,0
5191,0
5192,4
5193,2
5194,2
5195,1
5196,0
5197,2
5198,2
5199,0
5200,7
5201,3
5202,1
5203,2
5204,3
5205,0
5206,0
5207,1
5208,6
5209,1
5210,1
5211,0
5212,2
5213,0
5214,4
5215,0
5216,1
5217,0
5218,0
5219,1
5220,0
5221,0
5222,0
5223,1
5224,2
5225,0
5226,1
5227,0
5228,0
5229,0
5230,2
5231,3
5232,3
5233,2
5234,0
5235,0
5236,3
5237,1
5238,0
5239,0
5240,0
5241,0
5242,1
5243,0
5244,4
5245,0
5246,1
5247,2
5248,1
5249,3
5250,4
5251,0
5252,1
5253,3
5254,4
5255,3
5256,2
5257,1
5258,1
5259,0
5260,1
5261,1
5262,1
5263,0
5264,1
5265,3
5266,3
5267,0
5268,1
5269,4
5270,0
5271,1
5272,0
5273,1
5274,6
5275,1
5276,1
5277,1
5278,1
5279,2
5280,4
5281,0
5282,1
5283,0
5284,6
5285,2
5286,1
5287,0
5288,3
5289,0
5290,1
5291,0
5292,2
5293,2
5294,0
5295,3
5296,0
5297,0
5298,3
5299,0
5300,0
5301,0
5302,1
5303,0
5304,2
5305,1
5306,1
5307,0
5308,2
5309,0
5310,1
5311,2
5312,0
5313,0
5314,2
5315,3
5316,3
5317,0
5318,1
5319,0
5320,0
5321,2
5322,4
5323,1
5324,0
5325,1
5326,0
5327,0
5328,1
5329,1
5330,1
5331,0
5332,1
5333,0
5334,1
5335,2
5336,1
5337,1
5338,2
5339,0
5340,1
5341,1
5342,1
5343,4
5344,2
5345,0
5346,0
5347,0
5348,1
5349,2
5350,0
5351,4
5352,5
5353,1
5354,0
5355,2
5356,0
5357,7
5358,0
5359,0
5360,0
5361,2
5362,3
5363,0
5364,0
5365,5
5366,6
5367,0
5368,2
5369,0
5370,7
5371,0
5372,2
5373,0
5374,0
5375,0
5376,0
5377,0
5378,3
5379,4
5380,4
5381,1
5382,1
5383,5
5384,2
5385,3
5386,0
5387,0
5388,4
5389,1
5390,3
5391,0
5392,2
5393,2
5394,2
5395,3
5396,0
5397,0
5398,0
5399,3
5400,0
5401,1
5402,0
5403,0
5404,3
5405,2
5406,1
5407,2
5408,1
5409,3
5410,1
5411,1
5412,1
5413,1
5414,2
5415,3
5416,1
5417,1
5418,0
5419,0
5420,0
5421,1
5422,0
5423,4
5424,0
5425,0
5426,2
5427,0
5428,0
5429,13
5430,0
5431,1
5432,0
5433,0
5434,0
5435,3
5436,5
5437,3
5438,2
5439,3
5440,0
5441,2
5442,0
5443,3
5444,0
5445,2
5446,0
5447,0
5448,1
5449,4
5450,0
5451,1
5452,1
5453,0
5454,0
5455,3
5456,2
5457,0
5458,0
5459,0
5460,0
5461,0
5462,0
5463,2
5464,1
5465,1
5466,2
5467,0
5468,0
5469,0
5470,3
5471,0
5472,3
5473,1
5474,1
5475,1
5476,4
5477,0
5478,0
5479,3
5480,0
5481,2
5482,1
5483,1
5484,2
5485,0
5486,0
5487,2
5488,2
5489,0
5490,1
5491,1
5492,0
5493,1
5494,1
5495,1
5496,1
5497,0
5498,2
5499,2
5500,11
5501,3
5502,0
5503,0
5504,1
5505,4
5506,2
5507,1
5508,1
5509,3
5510,2
5511,1
5512,0
5513,1
5514,1
5515,4
5516,2
5517,3
5518,0
5519,3
5520,0
5521,0
5522,1
5523,2
5524,2
5525,2
5526,1
5527,1
5528,0
5529,0
5530,0
5531,2
5532,4
5533,0
5534,0
5535,4
5536,2
5537,1
5538,4
5539,3
5540,3
5541,0
5542,2
5543,4
5544,7
5545,0
5546,1
5547,1
5548,1
5549,0
5550,0
5551,0
5552,2
5553,1
5554,2
5555,0
5556,3
5557,2
5558,2
5559,2
5560,1
5561,3
5562,1
5563,0
5564,1
5565,0
5566,0
5567,2
5568,1
5569,2
5570,0
5571,4
5572,0
5573,1
5574,0
5575,1
5576,5
5577,1
5578,3
5579,2
5580,2
5581,0
5582,2
5583,1
5584,0
5585,1
5586,2
5587,0
5588,2
5589,0
5590,0
5591,1
5592,2
5593,1
5594,0
5595,1
5596,0
5597,2
5598,0
5599,0
5600,1
5601,1
5602,0
5603,1
5604,5
5605,4
5606,1
5607,0
5608,0
5609,5
5610,0
5611,0
5612,1
5613,2
5614,2
5615,0
5616,0
5617,1
5618,0
5619,0
5620,1
5621,4
5622,0
5623,3
5624,0
5625,1
5626,1
5627,0
5628,1
5629,3
5630,3
5631,2
5632,1
5633,0
5634,0
5635,4
5636,0
5637,2
5638,0
5639,0
5640,0
5641,0
5642,0
5643,5
5644,1
5645,1
5646,0
5647,1
5648,0
5649,7
5650,0
5651,3
5652,3
5653,3
5654,1
5655,1
5656,2
5657,1
5658,1
5659,1
5660,0
5661,2
5662,1
5663,0
5664,0
5665,3
5666,0
5667,2
5668,1
5669,0
5670,0
5671,1
5672,1
5673,1
5674,3
5675,1
5676,1
5677,1
5678,4
5679,1
5680,0
5681,0
5682,4
5683,4
5684,1
5685,1
5686,1
5687,0
5688,1
5689,0
5690,2
5691,0
5692,0
5693,1
5694,4
5695,0
5696,1
5697,0
5698,2
5699,2
5700,0
5701,3
5702,2
5703,4
5704,4
5705,1
5706,0
5707,2
5708,1
5709,2
5710,2
5711,0
5712,0
5713,2
5714,4
5715,1
5716,0
5717,3
5718,1
5719,0
5720,1
5721,0
5722,3
5723,2
5724,3
5725,5
5726,1
5727,0
5728,0
5729,0
5730,0
5731,0
5732,0
5733,2
5734,4
5735,9
5736,2
5737,0
5738,5
5739,1
5740,0
5741,4
5742,3
5743,4
5744,2
5745,2
5746,1
5747,4
5748,2
5749,1
5750,0
5751,1
5752,2
5753,3
5754,0
5755,0
5756,0
5757,1
5758,2
5759,0
5760,4
5761,0
5762,1
5763,0
5764,0
5765,0
5766,1
5767,1
5768,2
5769,1
5770,3
5771,2
5772,1
5773,1
5774,1
5775,1
5776,3
5777,1
5778,0
5779,1
5780,2
5781,1
5782,1
5783,1
5784,1
5785,2
5786,1
5787,5
5788,1
5789,2
5790,1
5791,3
5792,1
5793,2
5794,1
5795,1
5796,0
5797,0
5798,0
5799,1
5800,1
5801,1
5802,1
5803,1
5804,1
5805,0
5806,1
5807,0
5808,3
5809,3
5810,2
5811,0
5812,0
5813,0
5814,0
5815,0
5816,1
5817,2
5818,1
5819,0
5820,0
5821,2
5822,0
5823,2
5824,1
5825,1
5826,1
5827,2
5828,1
5829,1
5830,0
5831,4
5832,0
5833,2
5834,1
5835,1
5836,0
5837,0
5838,0
5839,0
5840,1
5841,2
5842,0
5843,3
5844,2
5845,3
5846,1
5847,6
5848,2
5849,1
5850,0
5851,2
5852,3
5853,0
5854,0
5855,0
5856,1
5857,0
5858,1
5859,1
5860,3
5861,1
5862,0
5863,3
5864,1
5865,3
5866,1
5867,1
5868,0
5869,0
5870,1
5871,0
5872,0
5873,0
5874,3
5875,4
5876,1
5877,0
5878,1
5879,3
5880,2
5881,2
5882,0
5883,1
5884,1
5885,0
5886,0
5887,4
5888,2
5889,2
5890,0
5891,0
5892,2
5893,1
5894,2
5895,1
5896,0
5897,4
5898,1
5899,1
5900,5
5901,2
5902,0
5903,1
5904,1
5905,0
5906,0
5907,0
5908,0
5909,0
5910,1
5911,0
5912,0
5913,0
5914,1
5915,1
5916,3
5917,4
5918,1
5919,0
5920,1
5921,0
5922,0
5923,2
5924,3
5925,1
5926,0
5927,7
5928,1
5929,1
5930,1
5931,0
5932,4
5933,3
5934,3
5935,0
5936,0
5937,1
5938,2
5939,0
5940,2
5941,5
5942,1
5943,1
5944,2
5945,3
5946,4
5947,2
5948,2
5949,1
5950,0
5951,2
5952,1
5953,3
5954,3
5955,0
5956,0
5957,3
5958,0
5959,1
5960,1
5961,3
5962,1
5963,0
5964,0
5965,3
5966,1
5967,1
5968,5
5969,2
5970,2
5971,0
5972,1
5973,0
5974,2
5975,0
5976,0
5977,0
5978,3
5979,6
5980,1
5981,4
5982,1
5983,0
5984,5
5985,0
5986,3
5987,1
5988,4
5989,1
5990,2
5991,0
5992,0
5993,3
5994,0
5995,2
5996,0
5997,4
5998,0
5999,4
6000,1
6001,3
6002,2
6003,0
6004,0
6005,0
6006,1
6007,0
6008,1
6009,0
6010,2
6011,1
6012,0
6013,1
6014,0
6015,0
6016,3
6017,2
6018,1
6019,0
6020,0
6021,1
6022,2
6023,2
6024,0
6025,0
6026,0
6027,0
6028,0
6029,0
6030,1
6031,1
6032,0
6033,0
6034,4
6035,0
6036,1
6037,4
6038,0
6039,1
6040,2
6041,2
6042,0
6043,1
6044,1
6045,0
6046,0
6047,0
6048,3
6049,2
6050,0
6051,0
6052,1
6053,1
6054,1
6055,1
6056,3
6057,2
6058,1
6059,1
6060,6
6061,2
6062,4
6063,0
6064,1
6065,0
6066,1
6067,0
6068,4
6069,3
6070,0
6071,1
6072,0
6073,4
6074,1
6075,0
6076,2
6077,0
6078,1
6079,1
6080,0
6081,0
6082,1
6083,2
6084,3
6085,1
6086,1
6087,2
6088,2
6089,1
6090,1
6091,2
6092,3
6093,1
6094,0
6095,1
6096,3
6097,2
6098,0
6099,0
6100,2
6101,1
6102,3
6103,2
6104,1
6105,2
6106,0
6107,3
6108,2
6109,4
6110,1
6111,1
6112,2
6113,1
6114,3
6115,0
6116,2
6117,0
6118,1
6119,1
6120,2
6121,1
6122,2
6123,2
6124,0
6125,0
6126,2
6127,2
6128,0
6129,0
6130,2
6131,0
6132,0
6133,2
6134,2
6135,1
6136,3
6137,0
6138,1
6139,1
6140,3
6141,2
6142,0
6143,6
6144,0
6145,5
6146,0
6147,3
6148,0
6149,2
6150,4
6151,1
6152,2
6153,1
6154,1
6155,0
6156,0
6157,0
6158,1
6159,0
6160,0
6161,1
6162,3
6163,6
6164,1
6165,0
6166,0
6167,1
6168,3
6169,0
6170,0
6171,1
6172,1
6173,1
6174,0
6175,0
6176,0
6177,1
6178,0
6179,0
6180,7
6181,4
6182,0
6183,4
6184,2
6185,3
6186,1
6187,3
6188,0
6189,1
6190,1
6191,0
6192,1
6193,2
6194,0
6195,6
6196,2
6197,2
6198,1
6199,2
6200,1
6201,1
6202,1
6203,0
6204,0
6205,1
6206,0
6207,0
6208,0
6209,4
6210,0
6211,1
6212,1
6213,2
6214,0
6215,1
6216,0
6217,1
6218,2
6219,5
6220,2
6221,3
6222,1
6223,2
6224,2
6225,2
6226,0
6227,2
6228,1
6229,2
6230,0
6231,1
6232,0
6233,0
6234,0
6235,1
6236,0
6237,1
6238,0
6239,2
6240,2
6241,0
6242,0
6243,1
6244,8
6245,1
6246,2
6247,2
6248,3
6249,1
6250,0
6251,2
6252,0
6253,0
6254,2
6255,0
6256,0
6257,1
6258,2
6259,1
6260,0
6261,0
6262,1
6263,2
6264,1
6265,2
6266,2
6267,1
6268,0
6269,0
6270,2
6271,6
6272,0
6273,2
6274,3
6275,0
6276,0
6277,1
6278,2
6279,1
6280,0
6281,0
6282,0
6283,0
6284,0
6285,2
6286,0
6287,2
6288,2
6289,2
6290,3
6291,0
6292,3
6293,6
6294,1
6295,1
6296,3
6297,1
6298,3
6299,0
6300,0
6301,0
6302,2
6303,0
6304,1
6305,0
6306,2
6307,1
6308,0
6309,1
6310,1
6311,0
6312,3
6313,0
6314,2
6315,1
6316,1
6317,2
6318,1
6319,3
6320,0
6321,1
6322,6
6323,0
6324,0
6325,2
6326,3
6327,1
6328,0
6329,2
6330,0
6331,0
6332,1
6333,0
6334,0
6335,2
6336,1
6337,0
6338,2
6339,3
6340,1
6341,1
6342,1
6343,2
6344,2
6345,0
6346,1
6347,3
6348,0
6349,0
6350,1
6351,1
6352,1
6353,1
6354,4
6355,0
6356,3
6357,0
6358,0
6359,0
6360,0
6361,1
6362,1
6363,1
6364,2
6365,0
6366,0
6367,0
6368,0
6369,4
6370,1
6371,1
6372,1
6373,2
6374,1
6375,2
6376,2
6377,0
6378,3
6379,0
6380,4
6381,1
6382,2
6383,1
6384,5
6385,0
6386,1
6387,1
6388,0
6389,0
6390,0
6391,1
6392,0
6393,3
6394,2
6395,0
6396,2
6397,0
6398,1
6399,0
6400,3
6401,0
6402,0
6403,0
6404,1
6405,2
6406,1
6407,1
6408,0
6409,1
6410,1
6411,0
6412,3
6413,0
6414,2
6415,0
6416,0
6417,1
6418,0
6419,0
6420,0
6421,0
6422,0
6423,0
6424,0
6425,0
6426,0
6427,0
6428,0
6429,2
6430,0
6431,0
6432,1
6433,0
6434,3
6435,1
6436,0
6437,1
6438,0
6439,5
6440,1
6441,0
6442,1
6443,0
6444,1
6445,0
6446,1
6447,0
6448,0
6449,1
6450,2
6451,1
6452,3
6453,2
6454,3
6455,2
6456,0
6457,0
6458,1
6459,1
6460,0
6461,0
6462,2
6463,3
6464,0
6465,0
6466,0
6467,0
6468,0
6469,1
6470,0
6471,2
6472,2
6473,2
6474,1
6475,2
6476,0
6477,4
6478,0
6479,1
6480,0
6481,2
6482,3
6483,1
6484,1
6485,1
6486,1
6487,2
6488,0
6489,0
6490,0
6491,0
6492,3
6493,4
6494,2
6495,2
6496,0
6497,0
6498,0
6499,2
6500,0
6501,1
6502,0
6503,1
6504,0
6505,2
6506,0
6507,0
6508,1
6509,2
6510,2
6511,2
6512,0
6513,2
6514,1
6515,1
6516,1
6517,2
6518,0
6519,0
6520,2
6521,0
6522,0
6523,1
6524,0
6525,0
6526,0
6527,1
6528,5
6529,1
6530,0
6531,2
6532,0
6533,1
6534,2
6535,0
6536,2
6537,0
6538,1
6539,0
6540,0
6541,0
6542,3
6543,0
6544,0
6545,0
6546,0
6547,1
6548,0
6549,0
6550,2
6551,0
6552,1
6553,4
6554,0
6555,2
6556,1
6557,0
6558,1
6559,0
6560,0
6561,0
6562,0
6563,0
6564,3
6565,1
6566,3
6567,1
6568,0
6569,1
6570,1
6571,1
6572,0
6573,1
6574,0
6575,1
6576,3
6577,2
6578,1
6579,1
6580,1
6581,4
6582,2
6583,0
6584,0
6585,1
6586,1
6587,1
6588,3
6589,2
6590,1
6591,2
6592,4
6593,0
6594,1
6595,1
6596,1
6597,0
6598,0
6599,0
6600,1
6601,0
6602,0
6603,3
6604,3
6605,0
6606,0
6607,6
6608,2
6609,1
6610,2
6611,1
6612,0
6613,0
6614,0
6615,2
6616,3
6617,4
6618,1
6619,1
6620,1
6621,3
6622,0
6623,0
6624,2
6625,0
6626,0
6627,0
6628,1
6629,2
6630,0
6631,1
6632,1
6633,1
6634,0
6635,0
6636,0
6637,1
6638,0
6639,0
6640,3
6641,2
6642,1
6643,1
6644,3
6645,0
6646,0
6647,1
6648,1
6649,0
6650,0
6651,3
6652,1
6653,3
6654,4
6655,1
6656,0
6657,0
6658,3
6659,2
6660,0
6661,4
6662,2
6663,5
6664,0
6665,0
6666,0
6667,3
6668,2
6669,1
6670,1
6671,0
6672,0
6673,1
6674,0
6675,4
6676,1
6677,0
6678,2
6679,1
6680,3
6681,0
6682,1
6683,2
6684,2
6685,0
6686,0
6687,0
6688,5
6689,3
6690,3
6691,0
6692,3
6693,1
6694,0
6695,1
6696,1
6697,1
6698,4
6699,0
6700,4
6701,5
6702,0
6703,3
6704,0
6705,0
6706,1
6707,0
6708,0
6709,0
6710,0
6711,0
6712,0
6713,7
6714,0
6715,3
6716,4
6717,2
6718,2
6719,2
6720,3
6721,0
6722,0
6723,4
6724,0
6725,0
6726,0
6727,0
6728,1
6729,1
6730,0
6731,0
6732,4
6733,0
6734,2
6735,0
6736,1
6737,0
6738,0
6739,1
6740,2
6741,4
6742,2
6743,3
6744,4
6745,2
6746,2
6747,2
6748,1
6749,1
6750,0
6751,2
6752,0
6753,1
6754,1
6755,0
6756,0
6757,2
6758,2
6759,0
6760,1
6761,1
6762,0
6763,1
6764,4
6765,1
6766,1
6767,1
6768,0
6769,3
6770,3
6771,0
6772,1
6773,0
6774,2
6775,0
6776,0
6777,2
6778,0
6779,1
6780,1
6781,0
6782,0
6783,2
6784,0
6785,1
6786,0
6787,0
6788,0
6789,1
6790,1
6791,2
6792,2
6793,0
6794,2
6795,0
6796,1
6797,0
6798,3
6799,1
6800,0
6801,2
6802,2
6803,0
6804,0
6805,0
6806,4
6807,1
6808,2
6809,0
6810,1
6811,1
6812,0
6813,3
6814,1
6815,0
6816,3
6817,1
6818,2
6819,1
6820,2
6821,1
6822,1
6823,0
6824,2
6825,1
6826,1
6827,0
6828,2
6829,3
6830,0
6831,0
6832,3
6833,3
6834,0
6835,0
6836,1
6837,0
6838,1
6839,2
6840,2
6841,1
6842,0
6843,0
6844,1
6845,0
6846,1
6847,0
6848,0
6849,1
6850,1
6851,2
6852,2
6853,0
6854,1
6855,0
6856,3
6857,1
6858,0
6859,1
6860,1
6861,3
6862,1
6863,0
6864,0
6865,0
6866,1
6867,1
6868,1
6869,3
6870,0
6871,1
6872,2
6873,2
6874,1
6875,0
6876,1
6877,1
6878,1
6879,1
6880,0
6881,4
6882,3
6883,0
6884,0
6885,1
6886,0
6887,2
6888,4
6889,0
6890,0
6891,4
6892,4
6893,0
6894,1
6895,2
6896,1
6897,0
6898,0
6899,1
6900,0
6901,0
6902,0
6903,1
6904,0
6905,1
6906,1
6907,1
6908,1
6909,2
6910,1
6911,0
6912,0
6913,0
6914,0
6915,3
6916,2
6917,3
6918,1
6919,1
6920,2
6921,0
6922,1
6923,1
6924,2
6925,0
6926,1
6927,3
6928,1
6929,0
6930,2
6931,1
6932,0
6933,0
6934,1
6935,1
6936,2
6937,1
6938,0
6939,0
6940,0
6941,1
6942,0
6943,0
6944,0
6945,0
6946,2
6947,4
6948,3
6949,1
6950,1
6951,0
6952,2
6953,0
6954,3
6955,1
6956,0
6957,0
6958,0
6959,1
6960,3
6961,2
6962,0
6963,1
6964,1
6965,0
6966,3
6967,1
6968,4
6969,1
6970,2
6971,1
6972,1
6973,0
6974,1
6975,2
6976,2
6977,0
6978,2
6979,4
6980,2
6981,2
6982,1
6983,0
6984,1
6985,2
6986,3
6987,2
6988,0
6989,1
6990,1
6991,1
6992,0
6993,1
6994,2
6995,4
6996,2
6997,1
6998,2
6999,2
7000,5
7001,0
7002,3
7003,0
7004,0
7005,1
7006,4
7007,2
7008,0
7009,1
7010,2
7011,0
7012,1
7013,2
7014,0
7015,0
7016,0
7017,0
7018,0
7019,2
7020,2
7021,1
7022,0
7023,2
7024,1
7025,2
7026,1
7027,0
7028,2
7029,0
7030,3
7031,2
7032,1
7033,0
7034,3
7035,3
7036,1
7037,2
7038,8
7039,2
7040,0
7041,1
7042,3
7043,1
7044,0
7045,0
7046,0
7047,0
7048,0
7049,0
7050,0
7051,0
7052,0
7053,1
7054,2
7055,0
7056,1
7057,1
7058,0
7059,2
7060,0
7061,1
7062,2
7063,0
7064,1
7065,1
7066,1
7067,2
7068,1
7069,0
7070,0
7071,1
7072,1
7073,2
7074,1
7075,1
7076,1
7077,1
7078,1
7079,0
7080,0
7081,3
7082,1
7083,0
7084,3
7085,3
7086,2
7087,0
7088,1
7089,1
7090,2
7091,1
7092,0
7093,3
7094,3
7095,0
7096,0
7097,0
7098,1
7099,3
7100,1
7101,1
7102,5
7103,2
7104,1
7105,3
7106,0
7107,1
7108,2
7109,1
7110,2
7111,1
7112,2
7113,2
7114,0
7115,0
7116,0
7117,0
7118,1
7119,0
7120,5
7121,1
7122,0
7123,2
7124,0
7125,1
7126,1
7127,1
7128,1
7129,1
7130,1
7131,0
7132,1
7133,1
7134,5
7135,0
7136,2
7137,1
7138,0
7139,3
7140,0
7141,2
7142,0
7143,3
7144,0
7145,1
7146,1
7147,2
7148,1
7149,0
7150,2
7151,3
7152,2
7153,1
7154,0
7155,0
7156,1
7157,1
7158,1
7159,3
7160,1
7161,1
7162,1
7163,0
7164,2
7165,0
7166,1
7167,0
7168,1
7169,0
7170,0
7171,0
7172,2
7173,4
7174,0
7175,0
7176,1
7177,5
7178,0
7179,1
7180,1
7181,3
7182,1
7183,0
7184,0
7185,0
7186,4
7187,1
7188,1
7189,0
7190,3
7191,2
7192,4
7193,1
7194,1
7195,0
7196,0
7197,0
7198,1
7199,1
7200,4
7201,1
7202,0
7203,2
7204,0
7205,2
7206,0
7207,2
7208,0
7209,0
7210,2
7211,5
7212,1
7213,2
7214,0
7215,3
7216,0
7217,1
7218,0
7219,1
7220,1
7221,3
7222,0
7223,2
7224,2
7225,0
7226,2
7227,1
7228,0
7229,2
7230,0
7231,1
7232,0
7233,3
7234,0
7235,4
7236,1
7237,2
7238,2
7239,0
7240,1
7241,1
7242,1
7243,0
7244,0
7245,3
7246,1
7247,4
7248,1
7249,1
7250,0
7251,2
7252,2
7253,1
7254,0
7255,2
7256,3
7257,1
7258,1
7259,1
7260,0
7261,2
7262,0
7263,3
7264,0
7265,0
7266,0
7267,1
7268,1
7269,1
7270,2
7271,1
7272,1
7273,2
7274,2
7275,2
7276,2
7277,0
7278,1
7279,3
7280,2
7281,3
7282,0
7283,1
7284,0
7285,1
7286,0
7287,1
7288,1
7289,0
7290,2
7291,0
7292,3
7293,1
7294,2
7295,1
7296,0
7297,1
7298,1
7299,1
7300,2
7301,0
7302,0
7303,0
7304,2
7305,3
7306,0
7307,1
7308,0
7309,1
7310,0
7311,1
7312,3
7313,2
7314,1
7315,0
7316,1
7317,0
7318,2
7319,4
7320,1
7321,0
7322,0
7323,1
7324,3
7325,0
7326,0
7327,0
7328,1
7329,0
7330,0
7331,0
7332,1
7333,1
7334,1
7335,0
7336,0
7337,0
7338,0
7339,2
7340,0
7341,1
7342,3
7343,2
7344,0
7345,0
7346,0
7347,0
7348,1
7349,0
7350,1
7351,2
7352,2
7353,5
7354,2
7355,0
7356,2
7357,0
7358,0
7359,1
7360,0
7361,2
7362,1
7363,4
7364,1
7365,1
7366,2
7367,0
7368,1
7369,0
7370,2
7371,0
7372,0
7373,0
7374,2
7375,1
7376,1
7377,1
7378,0
7379,0
7380,2
7381,2
7382,1
7383,0
7384,1
7385,3
7386,0
7387,1
7388,0
7389,0
7390,1
7391,1
7392,0
7393,0
7394,0
7395,1
7396,0
7397,1
7398,0
7399,1
7400,1
7401,0
7402,0
7403,1
7404,3
7405,6
7406,0
7407,3
7408,0
7409,2
7410,2
7411,0
7412,1
7413,4
7414,0
7415,1
7416,0
7417,1
7418,1
7419,1
7420,0
7421,4
7422,1
7423,0
7424,2
7425,7
7426,0
7427,1
7428,0
7429,1
7430,1
7431,1
7432,1
7433,2
7434,0
7435,1
7436,0
7437,3
7438,0
7439,0
7440,1
7441,1
7442,1
7443,0
7444,4
7445,2
7446,0
7447,5
7448,2
7449,1
7450,4
7451,1
7452,6
7453,0
7454,3
7455,0
7456,2
7457,0
7458,1
7459,1
7460,1
7461,1
7462,0
7463,0
7464,1
7465,0
7466,2
7467,0
7468,1
7469,3
7470,1
7471,3
7472,1
7473,0
7474,0
7475,2
7476,2
7477,2
7478,0
7479,1
7480,1
7481,1
7482,1
7483,2
7484,1
7485,1
7486,1
7487,0
7488,0
7489,3
7490,3
7491,1
7492,1
7493,1
7494,0
7495,0
7496,0
7497,2
7498,2
7499,5
7500,0
7501,2
7502,0
7503,1
7504,5
7505,1
7506,2
7507,0
7508,2
7509,0
7510,1
7511,1
7512,1
7513,0
7514,0
7515,0
7516,2
7517,0
7518,1
7519,2
7520,0
7521,3
7522,0
7523,0
7524,4
7525,1
7526,2
7527,1
7528,2
7529,0
7530,1
7531,0
7532,1
7533,0
7534,0
7535,4
7536,0
7537,0
7538,0
7539,2
7540,0
7541,2
7542,0
7543,0
7544,3
7545,1
7546,1
7547,1
7548,1
7549,0
7550,1
7551,0
7552,2
7553,0
7554,1
7555,1
7556,0
7557,0
7558,1
7559,0
7560,1
7561,0
7562,2
7563,0
7564,0
7565,1
7566,3
7567,1
7568,1
7569,0
7570,1
7571,1
7572,2
7573,4
7574,3
7575,11
7576,1
7577,1
7578,1
7579,1
7580,0
7581,0
7582,4
7583,0
7584,2
7585,0
7586,1
7587,1
7588,0
7589,0
7590,1
7591,0
7592,3
7593,0
7594,0
7595,3
7596,2
7597,0
7598,2
7599,0
7600,4
7601,1
7602,0
7603,0
7604,0
7605,0
7606,2
7607,3
7608,0
7609,1
7610,0
7611,0
7612,1
7613,0
7614,0
7615,0
7616,0
7617,2
7618,2
7619,2
7620,0
7621,0
7622,1
7623,0
7624,0
7625,0
7626,3
7627,1
7628,1
7629,0
7630,1
7631,1
7632,0
7633,0
7634,0
7635,1
7636,0
7637,3
7638,0
7639,0
7640,1
7641,3
7642,1
7643,0
7644,0
7645,0
7646,4
7647,1
7648,0
7649,1
7650,2
7651,0
7652,0
7653,2
7654,1
7655,3
7656,2
7657,0
7658,1
7659,2
7660,2
7661,0
7662,2
7663,1
7664,0
7665,0
7666,0
7667,0
7668,2
7669,1
7670,1
7671,0
7672,1
7673,0
7674,1
7675,0
7676,2
7677,1
7678,2
7679,0
7680,0
7681,1
7682,0
7683,2
7684,3
7685,1
7686,2
7687,1
7688,0
7689,0
7690,0
7691,1
7692,3
7693,2
7694,0
7695,1
7696,0
7697,0
7698,0
7699,1
7700,2
7701,0
7702,0
7703,1
7704,0
7705,0
7706,1
7707,0
7708,3
7709,1
7710,2
7711,2
7712,0
7713,7
7714,2
7715,0
7716,2
7717,0
7718,2
7719,2
7720,0
7721,1
7722,3
7723,0
7724,0
7725,3
7726,1
7727,4
7728,1
7729,2
7730,0
7731,0
7732,1
7733,3
7734,0
7735,0
7736,2
7737,3
7738,1
7739,4
7740,0
7741,0
7742,1
7743,2
7744,0
7745,1
7746,1
7747,0
7748,0
7749,1
7750,0
7751,1
7752,4
7753,0
7754,2
7755,1
7756,1
7757,0
7758,0
7759,0
7760,0
7761,0
7762,2
7763,0
7764,0
7765,1
7766,1
7767,1
7768,0
7769,0
7770,2
7771,1
7772,1
7773,4
7774,0
7775,0
7776,4
7777,0
7778,2
7779,2
7780,1
7781,0
7782,1
7783,2
7784,0
7785,1
7786,1
7787,2
7788,0
7789,0
7790,2
7791,1
7792,1
7793,4
7794,0
7795,0
7796,0
7797,3
7798,1
7799,3
7800,0
7801,0
7802,1
7803,0
7804,1
7805,2
7806,0
7807,2
7808,2
7809,0
7810,5
7811,1
7812,1
7813,2
7814,3
7815,2
7816,2
7817,3
7818,1
7819,0
7820,1
7821,1
7822,3
7823,4
7824,0
7825,4
7826,0
7827,0
7828,3
7829,0
7830,3
7831,0
7832,2
7833,0
7834,2
7835,0
7836,3
7837,1
7838,1
7839,1
7840,2
7841,0
7842,1
7843,0
7844,2
7845,1
7846,1
7847,1
7848,1
7849,1
7850,1
7851,0
7852,0
7853,0
7854,0
7855,0
7856,0
7857,0
7858,6
7859,1
7860,1
7861,2
7862,1
7863,1
7864,1
7865,2
7866,0
7867,2
7868,0
7869,0
7870,1
7871,2
7872,1
7873,2
7874,3
7875,1
7876,1
7877,0
7878,1
7879,2
7880,1
7881,0
7882,2
7883,1
7884,2
7885,2
7886,1
7887,1
7888,1
7889,1
7890,0
7891,0
7892,1
7893,0
7894,0
7895,2
7896,3
7897,2
7898,2
7899,1
7900,0
7901,0
7902,1
7903,1
7904,0
7905,2
7906,2
7907,1
7908,2
7909,0
7910,1
7911,0
7912,2
7913,0
7914,1
7915,0
7916,1
7917,0
7918,0
7919,0
7920,1
7921,3
7922,1
7923,0
7924,3
7925,1
7926,2
7927,0
7928,1
7929,2
7930,0
7931,1
7932,0
7933,0
7934,0
7935,2
7936,2
7937,0
7938,0
7939,1
7940,3
7941,0
7942,1
7943,2
7944,0
7945,0
7946,2
7947,1
7948,0
7949,1
7950,1
7951,1
7952,0
7953,1
7954,0
7955,2
7956,0
7957,1
7958,1
7959,3
7960,3
7961,1
7962,1
7963,3
7964,2
7965,1
7966,0
7967,1
7968,0
7969,1
7970,1
7971,0
7972,2
7973,2
7974,2
7975,0
7976,4
7977,0
7978,1
7979,2
7980,3
7981,2
7982,0
7983,2
7984,0
7985,1
7986,0
7987,1
7988,1
7989,0
7990,1
7991,0
7992,4
7993,0
7994,0
7995,3
7996,2
7997,2
7998,1
7999,1
8000,1
8001,1
8002,1
8003,5
8004,0
8005,2
8006,0
8007,0
8008,0
8009,0
8010,3
8011,1
8012,1
8013,2
8014,0
8015,0
8016,0
8017,1
8018,2
8019,1
8020,1
8021,3
8022,0
8023,6
8024,1
8025,1
8026,0
8027,1
8028,0
8029,1
8030,3
8031,0
8032,2
8033,0
8034,4
8035,0
8036,0
8037,1
8038,1
8039,2
8040,0
8041,1
8042,1
8043,1
8044,0
8045,1
8046,2
8047,0
8048,2
8049,0
8050,0
8051,1
8052,2
8053,0
8054,0
8055,0
8056,0
8057,0
8058,1
8059,1
8060,0
8061,1
8062,1
8063,1
8064,2
8065,2
8066,2
8067,0
8068,0
8069,0
8070,0
8071,1
8072,1
8073,0
8074,0
8075,0
8076,0
8077,1
8078,1
8079,1
8080,0
8081,2
8082,0
8083,3
8084,1
8085,1
8086,4
8087,1
8088,1
8089,0
8090,1
8091,1
8092,1
8093,0
8094,0
8095,1
8096,1
8097,1
8098,0
8099,1
8100,2
8101,1
8102,2
8103,6
8104,2
8105,0
8106,1
8107,1
8108,1
8109,1
8110,1
8111,1
8112,2
8113,1
8114,0
8115,1
8116,1
8117,0
8118,0
8119,0
8120,2
8121,2
8122,2
8123,0
8124,1
8125,3
8126,0
8127,0
8128,0
8129,1
8130,0
8131,1
8132,1
8133,0
8134,0
8135,0
8136,1
8137,0
8138,0
8139,1
8140,1
8141,0
8142,1
8143,0
8144,1
8145,1
8146,0
8147,1
8148,1
8149,2
8150,0
8151,5
8152,2
8153,3
8154,3
8155,0
8156,1
8157,1
8158,1
8159,0
8160,2
8161,1
8162,2
8163,1
8164,0
8165,2
8166,0
8167,1
8168,4
8169,1
8170,0
8171,0
8172,1
8173,1
8174,0
8175,2
8176,1
8177,1
8178,1
8179,0
8180,2
8181,0
8182,1
8183,1
8184,3
8185,0
8186,0
8187,3
8188,0
8189,2
8190,1
8191,0
8192,0
8193,0
8194,0
8195,0
8196,0
8197,1
8198,1
8199,1
8200,0
8201,1
8202,1
8203,1
8204,1
8205,1
8206,3
8207,2
8208,0
8209,0
8210,0
8211,3
8212,1
8213,1
8214,1
8215,2
8216,2
8217,0
8218,0
8219,1
8220,2
8221,0
8222,1
8223,3
8224,1
8225,0
8226,0
8227,2
8228,1
8229,0
8230,4
8231,0
8232,1
8233,2
8234,0
8235,0
8236,1
8237,2
8238,1
8239,1
8240,2
8241,2
8242,1
8243,1
8244,2
8245,1
8246,2
8247,0
8248,0
8249,0
8250,2
8251,0
8252,2
8253,0
8254,0
8255,2
8256,1
8257,4
8258,2
8259,4
8260,1
8261,3
8262,1
8263,3
8264,3
8265,4
8266,0
8267,0
8268,0
8269,0
8270,0
8271,1
8272,0
8273,2
8274,2
8275,1
8276,2
8277,2
8278,3
8279,1
8280,2
8281,1
8282,1
8283,1
8284,0
8285,1
8286,2
8287,0
8288,0
8289,0
8290,2
8291,1
8292,0
8293,1
8294,4
8295,1
8296,2
8297,1
8298,1
8299,1
8300,3
8301,1
8302,1
8303,5
8304,1
8305,0
8306,1
8307,2
8308,1
8309,1
8310,1
8311,0
8312,1
8313,0
8314,0
8315,1
8316,1
8317,0
8318,3
8319,1
8320,2
8321,1
8322,2
8323,0
8324,1
8325,1
8326,1
8327,2
8328,1
8329,0
8330,0
8331,2
8332,0
8333,0
8334,1
8335,2
8336,1
8337,2
8338,0
8339,2
8340,2
8341,4
8342,0
8343,1
8344,5
8345,1
8346,2
8347,2
8348,0
8349,3
8350,0
8351,0
8352,1
8353,0
8354,0
8355,2
8356,1
8357,2
8358,0
8359,0
8360,1
8361,3
8362,1
8363,0
8364,1
8365,0
8366,0
8367,1
8368,0
8369,3
8370,1
8371,1
8372,1
8373,0
8374,0
8375,0
8376,1
8377,1
8378,1
8379,0
8380,1
8381,1
8382,0
8383,0
8384,0
8385,1
8386,1
8387,0
8388,1
8389,0
8390,2
8391,1
8392,1
8393,1
8394,2
8395,2
8396,0
8397,1
8398,1
8399,0
8400,1
8401,2
8402,4
8403,1
8404,0
8405,0
8406,1
8407,1
8408,1
8409,1
8410,0
8411,2
8412,0
8413,1
8414,2
8415,3
8416,2
8417,2
8418,2
8419,1
8420,2
8421,1
8422,2
8423,1
8424,0
8425,0
8426,0
8427,1
8428,2
8429,0
8430,0
8431,0
8432,2
8433,3
8434,0
8435,1
8436,0
8437,2
8438,1
8439,1
8440,1
8441,2
8442,3
8443,1
8444,0
8445,0
8446,0
8447,1
8448,0
8449,0
8450,0
8451,0
8452,0
8453,0
8454,2
8455,0
8456,4
8457,3
8458,0
8459,1
8460,0
8461,1
8462,1
8463,0
8464,2
8465,1
8466,5
8467,1
8468,2
8469,2
8470,0
8471,1
8472,0
8473,0
8474,0
8475,3
8476,1
8477,3
8478,2
8479,3
8480,0
8481,0
8482,1
8483,0
8484,2
8485,2
8486,2
8487,0
8488,1
8489,0
8490,1
8491,1
8492,3
8493,0
8494,0
8495,0
8496,1
8497,2
8498,0
8499,1
8500,2
8501,2
8502,3
8503,1
8504,0
8505,0
8506,1
8507,1
8508,1
8509,2
8510,0
8511,1
8512,0
8513,0
8514,2
8515,3
8516,0
8517,1
8518,0
8519,2
8520,2
8521,0
8522,2
8523,0
8524,0
8525,0
8526,1
8527,1
8528,0
8529,0
8530,0
8531,0
8532,0
8533,1
8534,2
8535,1
8536,2
8537,1
8538,2
8539,3
8540,1
8541,1
8542,0
8543,2
8544,0
8545,0
8546,1
8547,0
8548,0
8549,1
8550,0
8551,0
8552,1
8553,0
8554,2
8555,2
8556,0
8557,1
8558,0
8559,1
8560,2
8561,1
8562,0
8563,0
8564,0
8565,3
8566,2
8567,1
8568,2
8569,2
8570,1
8571,1
8572,0
8573,1
8574,0
8575,0
8576,0
8577,0
8578,0
8579,0
8580,0
8581,2
8582,0
8583,1
8584,3
8585,2
8586,1
8587,1
8588,0
8589,3
8590,0
8591,0
8592,4
8593,2
8594,0
8595,1
8596,1
8597,0
8598,1
8599,0
8600,1
8601,0
8602,1
8603,0
8604,0
8605,0
8606,3
8607,2
8608,2
8609,0
8610,1
8611,0
8612,2
8613,0
8614,1
8615,0
8616,1
8617,1
8618,0
8619,1
8620,3
8621,2
8622,1
8623,2
8624,1
8625,1
8626,0
8627,0
8628,0
8629,0
8630,1
8631,1
8632,1
8633,1
8634,1
8635,2
8636,0
8637,1
8638,2
8639,0
8640,1
8641,1
8642,0
8643,4
8644,0
8645,2
8646,2
8647,1
8648,0
8649,1
8650,1
8651,2
8652,2
8653,2
8654,0
8655,0
8656,1
8657,1
8658,1
8659,0
8660,0
8661,0
8662,0
8663,4
8664,2
8665,1
8666,1
8667,1
8668,0
8669,3
8670,0
8671,1
8672,0
8673,0
8674,1
8675,4
8676,0
8677,1
8678,0
8679,0
8680,2
8681,2
8682,2
8683,0
8684,3
8685,1
8686,1
8687,1
8688,2
8689,2
8690,1
8691,2
8692,0
8693,1
8694,1
8695,1
8696,0
8697,0
8698,0
8699,2
8700,1
8701,2
8702,1
8703,0
8704,1
8705,2
8706,0
8707,1
8708,0
8709,2
8710,0
8711,1
8712,1
8713,1
8714,2
8715,1
8716,0
8717,2
8718,0
8719,2
8720,0
8721,0
8722,1
8723,0
8724,1
8725,0
8726,1
8727,1
8728,2
8729,2
8730,1
8731,0
8732,0
8733,0
8734,0
8735,0
8736,0
8737,0
8738,1
8739,4
8740,1
8741,2
8742,0
8743,1
8744,0
8745,0
8746,1
8747,0
8748,3
8749,0
8750,0
8751,1
8752,3
8753,3
8754,1
8755,1
8756,0
8757,0
8758,1
8759,1
8760,3
8761,2
8762,1
8763,0
8764,1
8765,3
8766,1
8767,2
8768,1
8769,0
8770,0
8771,0
8772,1
8773,1
8774,1
8775,2
8776,2
8777,2
8778,1
8779,2
8780,1
8781,0
8782,1
8783,0
8784,0
8785,2
8786,1
8787,1
8788,3
8789,3
8790,0
8791,1
8792,0
8793,0
8794,0
8795,1
8796,0
8797,3
8798,1
8799,1
8800,1
8801,1
8802,2
8803,2
8804,2
8805,0
8806,1
8807,1
8808,0
8809,1
8810,1
8811,1
8812,1
8813,0
8814,0
8815,0
8816,1
8817,0
8818,2
8819,0
8820,0
8821,0
8822,0
8823,0
8824,1
8825,1
8826,3
8827,3
8828,0
8829,1
8830,1
8831,0
8832,3
8833,1
8834,0
8835,0
8836,0
8837,1
8838,0
8839,0
8840,1
8841,0
8842,0
8843,0
8844,0
8845,0
8846,2
8847,0
8848,1
8849,0
8850,1
8851,1
8852,1
8853,4
8854,5
8855,2
8856,1
8857,2
8858,1
8859,2
8860,1
8861,1
8862,0
8863,0
8864,0
8865,0
8866,0
8867,2
8868,1
8869,0
8870,2
8871,1
8872,1
8873,5
8874,0
8875,1
8876,5
8877,0
8878,0
8879,1
8880,1
8881,6
8882,0
8883,1
8884,1
8885,4
8886,1
8887,2
8888,1
8889,2
8890,1
8891,2
8892,2
8893,0
8894,0
8895,1
8896,1
8897,0
8898,1
8899,1
8900,0
8901,1
8902,0
8903,0
8904,1
8905,0
8906,0
8907,3
8908,0
8909,2
8910,2
8911,1
8912,0
8913,0
8914,2
8915,1
8916,0
8917,0
8918,1
8919,1
8920,0
8921,0
8922,0
8923,2
8924,1
8925,0
8926,2
8927,0
8928,1
8929,1
8930,3
8931,0
8932,2
8933,2
8934,3
8935,5
8936,0
8937,1
8938,3
8939,3
8940,0
8941,0
8942,0
8943,2
8944,0
8945,1
8946,1
8947,1
8948,0
8949,0
8950,3
8951,1
8952,0
8953,3
8954,0
8955,0
8956,2
8957,1
8958,1
8959,1
8960,1
8961,1
8962,0
8963,1
8964,1
8965,0
8966,0
8967,0
8968,0
8969,1
8970,0
8971,1
8972,0
8973,1
8974,0
8975,3
8976,1
8977,2
8978,2
8979,2
8980,0
8981,1
8982,0
8983,1
8984,3
8985,1
8986,0
8987,1
8988,0
8989,2
8990,1
8991,0
8992,5
8993,3
8994,0
8995,2
8996,2
8997,0
8998,2
8999,2
9000,1
9001,1
9002,1
9003,1
9004,3
9005,0
9006,1
9007,2
9008,1
9009,1
9010,1
9011,0
9012,2
9013,0
9014,2
9015,1
9016,0
9017,1
9018,2
9019,0
9020,1
9021,2
9022,2
9023,1
9024,1
9025,2
9026,1
9027,0
9028,0
9029,1
9030,0
9031,2
9032,0
9033,1
9034,0
9035,3
9036,1
9037,1
9038,2
9039,0
9040,1
9041,0
9042,1
9043,2
9044,5
9045,0
9046,0
9047,2
9048,1
9049,0
9050,1
9051,1
9052,0
9053,1
9054,1
9055,1
9056,2
9057,1
9058,2
9059,0
9060,3
9061,0
9062,1
9063,0
9064,2
9065,1
9066,1
9067,2
9068,0
9069,0
9070,0
9071,1
9072,0
9073,0
9074,1
9075,0
9076,5
9077,0
9078,1
9079,1
9080,0
9081,2
9082,1
9083,2
9084,2
9085,0
9086,0
9087,0
9088,2
9089,2
9090,1
9091,1
9092,1
9093,4
9094,1
9095,0
9096,0
9097,2
9098,1
9099,0
9100,3
9101,0
9102,0
9103,0
9104,2
9105,0
9106,1
9107,0
9108,0
9109,2
9110,0
9111,0
9112,0
9113,1
9114,2
9115,0
9116,1
9117,1
9118,1
9119,1
9120,0
9121,0
9122,3
9123,1
9124,0
9125,0
9126,2
9127,0
9128,0
9129,1
9130,1
9131,2
9132,2
9133,0
9134,2
9135,1
9136,0
9137,1
9138,0
9139,0
9140,0
9141,0
9142,2
9143,0
9144,0
9145,1
9146,0
9147,0
9148,2
9149,0
9150,1
9151,0
9152,1
9153,1
9154,0
9155,0
9156,0
9157,3
9158,2
9159,0
9160,2
9161,1
9162,1
9163,0
9164,0
9165,2
9166,0
9167,0
9168,2
9169,2
9170,1
9171,0
9172,2
9173,2
9174,0
9175,4
9176,0
9177,2
9178,0
9179,0
9180,1
9181,2
9182,1
9183,4
9184,4
9185,2
9186,1
9187,0
9188,1
9189,0
9190,0
9191,1
9192,1
9193,2
9194,0
9195,0
9196,1
9197,2
9198,2
9199,0
9200,3
9201,0
9202,1
9203,1
9204,0
9205,1
9206,0
9207,0
9208,0
9209,0
9210,0
9211,1
9212,0
9213,0
9214,0
9215,0
9216,0
9217,1
9218,1
9219,5
9220,0
9221,2
9222,1
9223,3
9224,0
9225,4
9226,1
9227,3
9228,2
9229,1
9230,6
9231,0
9232,1
9233,1
9234,0
9235,0
9236,0
9237,1
9238,0
9239,1
9240,0
9241,0
9242,3
9243,4
9244,1
9245,0
9246,0
9247,2
9248,1
9249,0
9250,0
9251,0
9252,0
9253,0
9254,4
9255,0
9256,0
9257,1
9258,0
9259,4
9260,2
9261,0
9262,3
9263,2
9264,1
9265,1
9266,0
9267,1
9268,1
9269,0
9270,2
9271,1
9272,1
9273,1
9274,0
9275,0
9276,0
9277,3
9278,1
9279,0
9280,0
9281,1
9282,1
9283,1
9284,0
9285,1
9286,4
9287,1
9288,1
9289,0
9290,2
9291,0
9292,1
9293,0
9294,1
9295,1
9296,2
9297,2
9298,2
9299,1
9300,1
9301,2
9302,4
9303,1
9304,0
9305,1
9306,2
9307,0
9308,3
9309,2
9310,0
9311,1
9312,1
9313,1
9314,0
9315,1
9316,0
9317,3
9318,1
9319,0
9320,1
9321,3
9322,0
9323,0
9324,2
9325,0
9326,1
9327,1
9328,0
9329,1
9330,1
9331,1
9332,0
9333,0
9334,0
9335,1
9336,1
9337,2
9338,0
9339,1
9340,0
9341,0
9342,3
9343,3
9344,0
9345,0
9346,0
9347,0
9348,4
9349,0
9350,0
9351,0
9352,4
9353,0
9354,0
9355,1
9356,1
9357,0
9358,0
9359,0
9360,1
9361,1
9362,1
9363,2
9364,2
9365,0
9366,2
9367,0
9368,4
9369,0
9370,0
9371,2
9372,0
9373,1
9374,0
9375,0
9376,2
9377,0
9378,2
9379,0
9380,0
9381,1
9382,0
9383,2
9384,0
9385,0
9386,3
9387,2
9388,0
9389,1
9390,0
9391,1
9392,0
9393,3
9394,0
9395,1
9396,1
9397,0
9398,2
9399,4
9400,0
9401,1
9402,1
9403,1
9404,0
9405,1
9406,2
9407,1
9408,2
9409,2
9410,0
9411,0
9412,1
9413,0
9414,1
9415,0
9416,2
9417,1
9418,1
9419,2
9420,1
9421,1
9422,1
9423,1
9424,2
9425,0
9426,1
9427,2
9428,2
9429,1
9430,2
9431,2
9432,0
9433,0
9434,3
9435,0
9436,2
9437,2
9438,1
9439,0
9440,2
9441,0
9442,3
9443,2
9444,1
9445,1
9446,0
9447,2
9448,1
9449,2
9450,2
9451,0
9452,2
9453,2
9454,0
9455,1
9456,0
9457,1
9458,1
9459,0
9460,3
9461,0
9462,0
9463,0
9464,2
9465,1
9466,0
9467,1
9468,1
9469,1
9470,0
9471,1
9472,2
9473,1
9474,1
9475,0
9476,0
9477,3
9478,0
9479,0
9480,2
9481,2
9482,3
9483,0
9484,2
9485,1
9486,4
9487,0
9488,0
9489,0
9490,3
9491,0
9492,1
9493,1
9494,0
9495,2
9496,1
9497,3
9498,3
9499,0
9500,0
9501,0
9502,0
9503,3
9504,3
9505,1
9506,1
9507,2
9508,1
9509,2
9510,1
9511,1
9512,0
9513,1
9514,3
9515,3
9516,0
9517,0
9518,3
9519,1
9520,0
9521,1
9522,0
9523,2
9524,1
9525,0
9526,1
9527,1
9528,1
9529,0
9530,0
9531,1
9532,1
9533,0
9534,1
9535,1
9536,3
9537,0
9538,3
9539,1
9540,0
9541,1
9542,1
9543,1
9544,1
9545,0
9546,4
9547,1
9548,0
9549,0
9550,1
9551,0
9552,1
9553,2
9554,0
9555,0
9556,0
9557,0
9558,2
9559,1
9560,2
9561,1
9562,1
9563,1
9564,1
9565,0
9566,2
9567,1
9568,1
9569,0
9570,3
9571,1
9572,0
9573,2
9574,3
9575,1
9576,0
9577,0
9578,1
9579,3
9580,2
9581,0
9582,0
9583,0
9584,3
9585,1
9586,0
9587,2
9588,0
9589,1
9590,0
9591,1
9592,0
9593,0
9594,1
9595,0
9596,2
9597,1
9598,3
9599,2
9600,1
9601,3
9602,0
9603,2
9604,2
9605,3
9606,1
9607,1
9608,2
9609,1
9610,2
9611,1
9612,0
9613,1
9614,1
9615,2
9616,0
9617,1
9618,0
9619,1
9620,0
9621,0
9622,0
9623,1
9624,1
9625,0
9626,2
9627,3
9628,0
9629,1
9630,2
9631,0
9632,3
9633,2
9634,2
9635,0
9636,0
9637,1
9638,1
9639,2
9640,0
9641,1
9642,1
9643,0
9644,0
9645,2
9646,0
9647,0
9648,0
9649,0
9650,2
9651,0
9652,0
9653,0
9654,1
9655,0
9656,0
9657,3
9658,0
9659,1
9660,2
9661,1
9662,2
9663,1
9664,1
9665,0
9666,0
9667,0
9668,0
9669,3
9670,1
9671,0
9672,2
9673,0
9674,0
9675,2
9676,1
9677,1
9678,0
9679,0
9680,1
9681,2
9682,1
9683,1
9684,2
9685,0
9686,0
9687,1
9688,1
9689,0
9690,0
9691,0
9692,3
9693,1
9694,1
9695,0
9696,0
9697,2
9698,0
9699,3
9700,1
9701,0
9702,0
9703,2
9704,1
9705,0
9706,1
9707,1
9708,0
9709,1
9710,2
9711,1
9712,1
9713,0
9714,0
9715,0
9716,1
9717,1
9718,1
9719,2
9720,1
9721,0
9722,1
9723,1
9724,0
9725,2
9726,1
9727,1
9728,1
9729,0
9730,2
9731,1
9732,2
9733,1
9734,1
9735,1
9736,1
9737,0
9738,1
9739,0
9740,0
9741,1
9742,1
9743,3
9744,1
9745,1
9746,2
9747,0
9748,2
9749,2
9750,1
9751,1
9752,0
9753,2
9754,0
9755,0
9756,1
9757,0
9758,0
9759,0
9760,2
9761,0
9762,0
9763,0
9764,0
9765,1
9766,1
9767,1
9768,0
9769,2
9770,1
9771,2
9772,1
9773,0
9774,1
9775,0
9776,1
9777,2
9778,0
9779,2
9780,0
9781,1
9782,1
9783,3
9784,0
9785,3
9786,0
9787,0
9788,0
9789,1
9790,0
9791,2
9792,1
9793,0
9794,1
9795,1
9796,0
9797,0
9798,2
9799,1
9800,4
9801,1
9802,5
9803,0
9804,1
9805,1
9806,1
9807,1
9808,2
9809,0
9810,1
9811,1
9812,0
9813,0
9814,0
9815,3
9816,0
9817,0
9818,1
9819,0
9820,1
9821,0
9822,0
9823,1
9824,0
9825,3
9826,0
9827,0
9828,1
9829,0
9830,1
9831,0
9832,2
9833,1
9834,2
9835,2
9836,2
9837,0
9838,0
9839,0
9840,2
9841,0
9842,1
9843,0
9844,0
9845,1
9846,1
9847,1
9848,0
9849,1
9850,0
9851,1
9852,1
9853,1
9854,0
9855,1
9856,0
9857,1
9858,0
9859,2
9860,1
9861,0
9862,2
9863,1
9864,1
9865,0
9866,1
9867,0
9868,2
9869,1
9870,0
9871,0
9872,0
9873,2
9874,0
9875,1
9876,3
9877,1
9878,1
9879,2
9880,1
9881,0
9882,1
9883,0
9884,3
9885,1
9886,2
9887,2
9888,1
9889,0
9890,1
9891,0
9892,2
9893,0
9894,0
9895,3
9896,2
9897,1
9898,0
9899,1
9900,2
9901,1
9902,1
9903,1
9904,0
9905,0
9906,1
9907,3
9908,1
9909,1
9910,0
9911,4
9912,0
9913,1
9914,2
9915,1
9916,2
9917,1
9918,4
9919,0
9920,0
9921,1
9922,0
9923,0
9924,0
9925,0
9926,1
9927,1
9928,0
9929,2
9930,0
9931,2
9932,0
9933,1
9934,1
9935,1
9936,1
9937,2
9938,0
9939,1
9940,0
9941,1
9942,1
9943,1
9944,0
9945,3
9946,2
9947,1
9948,0
9949,1
9950,2
9951,0
9952,0
9953,0
9954,2
9955,0
9956,0
9957,0
9958,0
9959,0
9960,0
9961,2
9962,0
9963,1
9964,0
9965,1
9966,1
9967,1
9968,1
9969,0
9970,2
9971,1
9972,0
9973,0
9974,1
9975,1
9976,1
9977,3
9978,2
9979,1
9980,0
9981,1
9982,1
9983,2
9984,2
9985,0
9986,0
9987,2
9988,0
9989,2
9990,4
9991,1
9992,2
9993,0
9994,1
9995,2
9996,4
9997,2
9998,3
9999,0
