0,167
1,48
2,47
3,154
4,34
5,18
6,154
7,0
8,0
9,102
10,11
11,56
12,0
13,88
14,25
15,22
16,25
17,0
18,5
19,27
20,0
21,0
22,0
23,2
24,17
25,80
26,9
27,32
28,37
29,4
30,0
31,0
32,1
33,0
34,0
35,0
36,0
37,0
38,24
39,8
40,15
41,0
42,0
43,18
44,11
45,28
46,4
47,6
48,0
49,4
50,17
51,3
52,0
53,0
54,0
55,55
56,13
57,1
58,16
59,17
60,21
61,0
62,0
63,0
64,27
65,20
66,6
67,25
68,8
69,17
70,0
71,8
72,0
73,0
74,12
75,8
76,123
77,37
78,5
79,1
80,0
81,0
82,0
83,0
84,23
85,9
86,3
87,0
88,12
89,10
90,18
91,9
92,0
93,26
94,0
95,0
96,9
97,16
98,2
99,0
100,0
101,2
102,13
103,1
104,25
105,11
106,39
107,1
108,0
109,12
110,4
111,0
112,0
113,0
114,0
115,1
116,4
117,0
118,10
119,0
120,1
121,18
122,31
123,14
124,13
125,3
126,0
127,0
128,32
129,17
130,0
131,10
132,15
133,0
134,12
135,0
136,0
137,0
138,13
139,0
140,20
141,8
142,8
143,17
144,4
145,14
146,0
147,0
148,29
149,12
150,15
151,12
152,6
153,28
154,0
155,3
156,16
157,0
158,32
159,10
160,48
161,8
162,0
163,6
164,12
165,11
166,0
167,6
168,6
169,1
170,13
171,15
172,0
173,16
174,12
175,30
176,1
177,0
178,35
179,3
180,18
181,20
182,10
183,0
184,9
185,0
186,0
187,14
188,5
189,31
190,7
191,0
192,7
193,2
194,7
195,7
196,2
197,23
198,5
199,8
200,0
201,20
202,5
203,0
204,1
205,0
206,0
207,35
208,14
209,5
210,8
211,7
212,12
213,30
214,0
215,0
216,4
217,0
218,14
219,7
220,0
221,0
222,1
223,3
224,0
225,15
226,0
227,4
228,0
229,0
230,7
231,18
232,0
233,9
234,7
235,0
236,0
237,2
238,0
239,0
240,3
241,7
242,9
243,2
244,16
245,11
246,6
247,4
248,1
249,26
250,2
251,2
252,13
253,18
254,10
255,0
256,0
257,0
258,44
259,0
260,0
261,28
262,20
263,3
264,14
265,0
266,3
267,13
268,4
269,18
270,3
271,0
272,3
273,0
274,0
275,0
276,0
277,0
278,5
279,0
280,18
281,0
282,27
283,4
284,6
285,4
286,10
287,0
288,19
289,0
290,0
291,15
292,3
293,0
294,0
295,3
296,0
297,6
298,1
299,0
300,8
301,6
302,1
303,0
304,6
305,0
306,16
307,9
308,16
309,0
310,3
311,1
312,0
313,49
314,0
315,0
316,16
317,0
318,6
319,0
320,0
321,11
322,6
323,1
324,2
325,10
326,1
327,12
328,6
329,0
330,13
331,7
332,0
333,3
334,0
335,12
336,0
337,1
338,10
339,1
340,0
341,6
342,0
343,0
344,16
345,0
346,8
347,1
348,0
349,0
350,12
351,0
352,0
353,0
354,8
355,0
356,0
357,3
358,0
359,2
360,11
361,10
362,9
363,0
364,6
365,1
366,10
367,4
368,0
369,1
370,0
371,10
372,15
373,7
374,6
375,0
376,2
377,7
378,1
379,6
380,2
381,1
382,1
383,0
384,0
385,29
386,15
387,0
388,13
389,8
390,0
391,5
392,4
393,5
394,0
395,0
396,0
397,0
398,5
399,11
400,5
401,4
402,10
403,0
404,7
405,4
406,23
407,0
408,0
409,1
410,16
411,1
412,8
413,7
414,0
415,13
416,5
417,3
418,0
419,11
420,4
421,1
422,0
423,30
424,0
425,6
426,12
427,0
428,14
429,2
430,7
431,16
432,7
433,2
434,0
435,3
436,0
437,0
438,0
439,0
440,0
441,4
442,0
443,1
444,0
445,0
446,3
447,18
448,6
449,0
450,11
451,0
452,14
453,0
454,0
455,1
456,0
457,0
458,13
459,0
460,3
461,0
462,0
463,12
464,0
465,0
466,3
467,23
468,2
469,0
470,2
471,5
472,0
473,4
474,0
475,6
476,6
477,1
478,3
479,0
480,6
481,0
482,3
483,2
484,0
485,0
486,2
487,2
488,1
489,9
490,3
491,0
492,3
493,8
494,0
495,3
496,0
497,0
498,2
499,0
500,1
501,3
502,3
503,5
504,4
505,0
506,0
507,2
508,0
509,16
510,1
511,4
512,25
513,28
514,0
515,1
516,9
517,7
518,7
519,0
520,3
521,0
522,12
523,0
524,1
525,12
526,0
527,1
528,4
529,1
530,4
531,1
532,0
533,0
534,1
535,14
536,4
537,0
538,18
539,0
540,2
541,2
542,2
543,8
544,7
545,0
546,21
547,4
548,0
549,1
550,1
551,0
552,2
553,9
554,0
555,0
556,0
557,1
558,3
559,5
560,1
561,0
562,0
563,9
564,25
565,3
566,0
567,7
568,7
569,3
570,0
571,0
572,8
573,0
574,0
575,1
576,5
577,4
578,6
579,0
580,0
581,0
582,13
583,0
584,2
585,0
586,0
587,0
588,0
589,13
590,0
591,0
592,3
593,0
594,8
595,0
596,0
597,5
598,6
599,0
600,14
601,3
602,5
603,1
604,0
605,13
606,1
607,1
608,0
609,0
610,3
611,9
612,18
613,3
614,0
615,3
616,5
617,0
618,6
619,2
620,8
621,0
622,12
623,0
624,3
625,0
626,9
627,2
628,9
629,2
630,7
631,0
632,0
633,2
634,0
635,7
636,0
637,0
638,0
639,0
640,5
641,0
642,0
643,6
644,0
645,0
646,3
647,2
648,4
649,5
650,0
651,1
652,20
653,5
654,0
655,0
656,1
657,0
658,9
659,8
660,8
661,0
662,0
663,0
664,6
665,0
666,0
667,7
668,0
669,2
670,0
671,2
672,0
673,10
674,0
675,13
676,0
677,5
678,7
679,0
680,0
681,0
682,0
683,4
684,0
685,1
686,2
687,0
688,0
689,4
690,0
691,3
692,0
693,0
694,0
695,0
696,0
697,0
698,0
699,5
700,5
701,1
702,0
703,2
704,4
705,1
706,0
707,5
708,13
709,1
710,6
711,1
712,0
713,7
714,4
715,0
716,0
717,10
718,9
719,1
720,4
721,1
722,8
723,2
724,0
725,19
726,3
727,2
728,0
729,6
730,1
731,0
732,6
733,1
734,12
735,0
736,6
737,0
738,0
739,9
740,0
741,0
742,3
743,0
744,0
745,5
746,6
747,1
748,2
749,1
750,1
751,5
752,5
753,6
754,1
755,0
756,1
757,15
758,2
759,2
760,0
761,6
762,3
763,0
764,0
765,6
766,4
767,1
768,0
769,11
770,1
771,8
772,0
773,4
774,0
775,0
776,0
777,12
778,0
779,0
780,7
781,5
782,0
783,11
784,15
785,4
786,1
787,7
788,1
789,0
790,7
791,0
792,1
793,16
794,0
795,2
796,1
797,0
798,7
799,5
800,3
801,1
802,7
803,10
804,3
805,1
806,0
807,9
808,0
809,9
810,0
811,1
812,3
813,0
814,11
815,12
816,0
817,0
818,0
819,3
820,4
821,1
822,1
823,0
824,10
825,10
826,0
827,10
828,11
829,11
830,5
831,5
832,0
833,5
834,0
835,0
836,2
837,3
838,0
839,0
840,0
841,0
842,0
843,1
844,10
845,3
846,5
847,0
848,3
849,21
850,0
851,2
852,16
853,7
854,2
855,0
856,0
857,8
858,11
859,0
860,0
861,3
862,0
863,17
864,7
865,0
866,1
867,1
868,0
869,3
870,9
871,4
872,5
873,1
874,2
875,1
876,0
877,0
878,8
879,15
880,16
881,5
882,4
883,2
884,7
885,4
886,0
887,0
888,2
889,0
890,0
891,0
892,3
893,4
894,2
895,4
896,0
897,0
898,11
899,0
900,0
901,1
902,10
903,0
904,20
905,2
906,4
907,0
908,1
909,0
910,1
911,7
912,1
913,2
914,0
915,2
916,6
917,6
918,2
919,5
920,5
921,8
922,0
923,6
924,8
925,0
926,0
927,5
928,0
929,12
930,0
931,7
932,13
933,0
934,0
935,2
936,5
937,0
938,12
939,2
940,0
941,0
942,1
943,2
944,5
945,5
946,4
947,0
948,2
949,8
950,2
951,3
952,0
953,0
954,6
955,0
956,5
957,5
958,0
959,1
960,7
961,0
962,0
963,1
964,0
965,0
966,1
967,9
968,4
969,1
970,11
971,12
972,1
973,0
974,0
975,3
976,0
977,0
978,0
979,7
980,5
981,1
982,8
983,0
984,10
985,0
986,0
987,8
988,7
989,0
990,4
991,12
992,0
993,3
994,4
995,11
996,13
997,5
998,9
999,7
1000,7
1001,2
1002,0
1003,10
1004,27
1005,0
1006,5
1007,0
1008,3
1009,0
1010,0
1011,4
1012,1
1013,5
1014,0
1015,0
1016,0
1017,1
1018,7
1019,0
1020,3
1021,0
1022,0
1023,11
1024,0
1025,3
1026,2
1027,3
1028,0
1029,0
1030,0
1031,2
1032,12
1033,0
1034,0
1035,0
1036,10
1037,1
1038,1
1039,8
1040,3
1041,7
1042,3
1043,3
1044,10
1045,0
1046,4
1047,2
1048,0
1049,7
1050,0
1051,0
1052,2
1053,0
1054,2
1055,0
1056,1
1057,0
1058,0
1059,0
1060,5
1061,1
1062,3
1063,2
1064,8
1065,0
1066,2
1067,0
1068,10
1069,6
1070,0
1071,0
1072,1
1073,2
1074,0
1075,2
1076,1
1077,2
1078,2
1079,10
1080,0
1081,0
1082,5
1083,0
1084,0
1085,0
1086,1
1087,0
1088,1
1089,5
1090,6
1091,0
1092,4
1093,0
1094,11
1095,0
1096,8
1097,0
1098,0
1099,0
1100,1
1101,1
1102,0
1103,1
1104,0
1105,3
1106,3
1107,6
1108,0
1109,6
1110,2
1111,0
1112,0
1113,0
1114,13
1115,5
1116,0
1117,5
1118,3
1119,0
1120,4
1121,1
1122,12
1123,1
1124,0
1125,3
1126,0
1127,1
1128,1
1129,0
1130,1
1131,10
1132,2
1133,0
1134,15
1135,0
1136,1
1137,5
1138,7
1139,0
1140,5
1141,0
1142,0
1143,2
1144,9
1145,7
1146,1
1147,7
1148,2
1149,3
1150,0
1151,8
1152,3
1153,0
1154,7
1155,1
1156,5
1157,0
1158,0
1159,6
1160,0
1161,0
1162,5
1163,0
1164,5
1165,0
1166,6
1167,8
1168,5
1169,3
1170,3
1171,6
1172,7
1173,5
1174,0
1175,0
1176,1
1177,8
1178,2
1179,9
1180,1
1181,0
1182,0
1183,2
1184,12
1185,1
1186,5
1187,0
1188,6
1189,0
1190,6
1191,2
1192,1
1193,6
1194,6
1195,6
1196,0
1197,8
1198,6
1199,8
1200,0
1201,3
1202,0
1203,2
1204,11
1205,0
1206,0
1207,4
1208,2
1209,7
1210,7
1211,8
1212,11
1213,11
1214,6
1215,0
1216,11
1217,3
1218,2
1219,0
1220,6
1221,0
1222,0
1223,3
1224,7
1225,10
1226,2
1227,3
1228,8
1229,0
1230,8
1231,2
1232,1
1233,0
1234,3
1235,0
1236,0
1237,5
1238,4
1239,2
1240,0
1241,0
1242,0
1243,2
1244,0
1245,1
1246,6
1247,2
1248,10
1249,3
1250,10
1251,13
1252,3
1253,1
1254,10
1255,0
1256,0
1257,0
1258,0
1259,0
1260,2
1261,1
1262,12
1263,1
1264,0
1265,0
1266,1
1267,4
1268,4
1269,6
1270,5
1271,0
1272,1
1273,0
1274,5
1275,3
1276,2
1277,0
1278,0
1279,1
1280,5
1281,4
1282,12
1283,0
1284,0
1285,0
1286,8
1287,3
1288,0
1289,3
1290,9
1291,2
1292,0
1293,0
1294,11
1295,0
1296,0
1297,0
1298,7
1299,0
1300,6
1301,9
1302,5
1303,0
1304,0
1305,5
1306,0
1307,4
1308,4
1309,1
1310,2
1311,0
1312,1
1313,3
1314,9
1315,0
1316,1
1317,7
1318,0
1319,1
1320,10
1321,0
1322,14
1323,4
1324,6
1325,9
1326,4
1327,1
1328,0
1329,4
1330,5
1331,10
1332,0
1333,20
1334,0
1335,0
1336,4
1337,0
1338,1
1339,3
1340,3
1341,0
1342,0
1343,2
1344,0
1345,4
1346,1
1347,0
1348,0
1349,3
1350,1
1351,0
1352,6
1353,0
1354,1
1355,0
1356,2
1357,2
1358,0
1359,2
1360,3
1361,9
1362,3
1363,7
1364,0
1365,0
1366,5
1367,0
1368,6
1369,0
1370,12
1371,3
1372,13
1373,5
1374,1
1375,0
1376,3
1377,2
1378,1
1379,7
1380,0
1381,2
1382,0
1383,1
1384,4
1385,1
1386,0
1387,0
1388,0
1389,1
1390,3
1391,2
1392,1
1393,1
1394,4
1395,5
1396,2
1397,0
1398,1
1399,3
1400,1
1401,0
1402,6
1403,2
1404,0
1405,4
1406,6
1407,2
1408,1
1409,2
1410,1
1411,0
1412,7
1413,0
1414,0
1415,3
1416,11
1417,0
1418,0
1419,1
1420,1
1421,0
1422,2
1423,0
1424,0
1425,0
1426,0
1427,1
1428,7
1429,0
1430,0
1431,3
1432,9
1433,3
1434,0
1435,0
1436,1
1437,0
1438,3
1439,0
1440,5
1441,0
1442,0
1443,8
1444,0
1445,8
1446,10
1447,5
1448,1
1449,0
1450,1
1451,7
1452,13
1453,1
1454,7
1455,0
1456,4
1457,2
1458,0
1459,0
1460,0
1461,0
1462,26
1463,0
1464,4
1465,5
1466,5
1467,1
1468,0
1469,0
1470,0
1471,4
1472,2
1473,2
1474,3
1475,0
1476,2
1477,1
1478,0
1479,4
1480,2
1481,0
1482,2
1483,0
1484,1
1485,1
1486,2
1487,2
1488,5
1489,0
1490,0
1491,0
1492,17
1493,0
1494,14
1495,5
1496,2
1497,2
1498,0
1499,0
1500,0
1501,0
1502,0
1503,4
1504,0
1505,4
1506,5
1507,3
1508,3
1509,9
1510,1
1511,6
1512,2
1513,3
1514,9
1515,0
1516,12
1517,0
1518,9
1519,2
1520,13
1521,0
1522,5
1523,0
1524,3
1525,1
1526,1
1527,4
1528,0
1529,1
1530,2
1531,2
1532,4
1533,0
1534,0
1535,7
1536,2
1537,6
1538,5
1539,0
1540,3
1541,0
1542,2
1543,0
1544,8
1545,4
1546,3
1547,1
1548,0
1549,0
1550,3
1551,7
1552,1
1553,0
1554,5
1555,1
1556,5
1557,2
1558,8
1559,0
1560,0
1561,0
1562,6
1563,3
1564,0
1565,0
1566,2
1567,1
1568,3
1569,2
1570,0
1571,4
1572,0
1573,3
1574,0
1575,2
1576,0
1577,2
1578,6
1579,0
1580,0
1581,0
1582,0
1583,1
1584,4
1585,0
1586,0
1587,5
1588,1
1589,0
1590,4
1591,0
1592,2
1593,0
1594,2
1595,0
1596,2
1597,8
1598,0
1599,5
1600,1
1601,0
1602,0
1603,1
1604,7
1605,4
1606,0
1607,0
1608,6
1609,0
1610,1
1611,2
1612,8
1613,3
1614,1
1615,4
1616,13
1617,2
1618,19
1619,3
1620,0
1621,6
1622,4
1623,0
1624,0
1625,6
1626,1
1627,3
1628,0
1629,2
1630,1
1631,2
1632,6
1633,4
1634,0
1635,1
1636,4
1637,4
1638,4
1639,5
1640,1
1641,0
1642,6
1643,4
1644,5
1645,2
1646,6
1647,0
1648,0
1649,6
1650,5
1651,8
1652,4
1653,2
1654,2
1655,8
1656,10
1657,2
1658,0
1659,0
1660,0
1661,1
1662,4
1663,5
1664,10
1665,3
1666,0
1667,0
1668,6
1669,0
1670,0
1671,4
1672,0
1673,0
1674,4
1675,15
1676,2
1677,0
1678,0
1679,3
1680,0
1681,5
1682,0
1683,0
1684,0
1685,0
1686,3
1687,0
1688,2
1689,5
1690,4
1691,1
1692,0
1693,2
1694,0
1695,0
1696,12
1697,6
1698,2
1699,5
1700,7
1701,1
1702,2
1703,0
1704,0
1705,0
1706,3
1707,4
1708,0
1709,3
1710,1
1711,0
1712,12
1713,0
1714,0
1715,0
1716,0
1717,0
1718,0
1719,3
1720,1
1721,0
1722,0
1723,0
1724,8
1725,13
1726,2
1727,0
1728,1
1729,0
1730,0
1731,2
1732,1
1733,0
1734,3
1735,3
1736,1
1737,0
1738,0
1739,2
1740,0
1741,0
1742,0
1743,4
1744,0
1745,1
1746,3
1747,2
1748,0
1749,9
1750,3
1751,0
1752,10
1753,2
1754,1
1755,4
1756,16
1757,6
1758,9
1759,0
1760,0
1761,6
1762,0
1763,2
1764,0
1765,4
1766,15
1767,0
1768,2
1769,1
1770,3
1771,1
1772,0
1773,6
1774,13
1775,1
1776,4
1777,2
1778,0
1779,3
1780,0
1781,2
1782,0
1783,8
1784,1
1785,1
1786,4
1787,3
1788,1
1789,0
1790,3
1791,2
1792,2
1793,10
1794,0
1795,1
1796,3
1797,0
1798,10
1799,4
1800,0
1801,0
1802,1
1803,4
1804,0
1805,3
1806,0
1807,0
1808,3
1809,0
1810,1
1811,0
1812,2
1813,2
1814,2
1815,8
1816,2
1817,7
1818,10
1819,4
1820,0
1821,2
1822,3
1823,9
1824,1
1825,0
1826,0
1827,1
1828,4
1829,7
1830,0
1831,8
1832,1
1833,0
1834,0
1835,0
1836,0
1837,4
1838,5
1839,0
1840,0
1841,0
1842,1
1843,2
1844,7
1845,0
1846,6
1847,3
1848,0
1849,4
1850,3
1851,13
1852,0
1853,0
1854,1
1855,2
1856,0
1857,0
1858,2
1859,7
1860,6
1861,5
1862,0
1863,0
1864,2
1865,6
1866,3
1867,0
1868,0
1869,0
1870,2
1871,2
1872,1
1873,0
1874,16
1875,4
1876,0
1877,3
1878,2
1879,0
1880,0
1881,7
1882,2
1883,0
1884,4
1885,7
1886,5
1887,3
1888,0
1889,2
1890,5
1891,0
1892,7
1893,0
1894,1
1895,0
1896,0
1897,0
1898,1
1899,10
1900,0
1901,2
1902,0
1903,6
1904,5
1905,1
1906,1
1907,1
1908,0
1909,13
1910,0
1911,1
1912,0
1913,5
1914,8
1915,9
1916,0
1917,0
1918,3
1919,0
1920,7
1921,2
1922,2
1923,10
1924,0
1925,1
1926,0
1927,8
1928,1
1929,1
1930,2
1931,0
1932,1
1933,0
1934,21
1935,8
1936,0
1937,0
1938,0
1939,0
1940,1
1941,0
1942,1
1943,1
1944,11
1945,2
1946,0
1947,5
1948,2
1949,3
1950,0
1951,1
1952,0
1953,4
1954,7
1955,0
1956,2
1957,5
1958,6
1959,10
1960,0
1961,1
1962,0
1963,0
1964,8
1965,1
1966,3
1967,4
1968,4
1969,1
1970,5
1971,0
1972,1
1973,3
1974,6
1975,3
1976,4
1977,3
1978,0
1979,0
1980,0
1981,1
1982,0
1983,1
1984,1
1985,2
1986,3
1987,0
1988,0
1989,1
1990,1
1991,0
1992,2
1993,4
1994,0
1995,0
1996,3
1997,1
1998,0
1999,0
2000,0
2001,2
2002,0
2003,0
2004,1
2005,1
2006,1
2007,0
2008,2
2009,8
2010,0
2011,3
2012,5
2013,0
2014,0
2015,3
2016,4
2017,2
2018,0
2019,0
2020,3
2021,11
2022,2
2023,5
2024,5
2025,0
2026,6
2027,4
2028,0
2029,5
2030,0
2031,3
2032,0
2033,1
2034,0
2035,0
2036,0
2037,0
2038,1
2039,0
2040,3
2041,2
2042,3
2043,1
2044,1
2045,2
2046,2
2047,0
2048,5
2049,3
2050,0
2051,7
2052,1
2053,10
2054,6
2055,3
2056,1
2057,0
2058,2
2059,0
2060,2
2061,0
2062,3
2063,3
2064,0
2065,0
2066,3
2067,1
2068,0
2069,2
2070,0
2071,0
2072,0
2073,0
2074,0
2075,0
2076,3
2077,10
2078,8
2079,0
2080,2
2081,4
2082,1
2083,8
2084,0
2085,0
2086,0
2087,7
2088,4
2089,0
2090,3
2091,4
2092,0
2093,3
2094,3
2095,0
2096,0
2097,2
2098,6
2099,0
2100,2
2101,0
2102,3
2103,0
2104,5
2105,2
2106,0
2107,1
2108,5
2109,6
2110,4
2111,3
2112,1
2113,0
2114,0
2115,0
2116,1
2117,0
2118,0
2119,0
2120,2
2121,1
2122,1
2123,14
2124,0
2125,1
2126,0
2127,2
2128,0
2129,10
2130,1
2131,6
2132,2
2133,0
2134,2
2135,2
2136,3
2137,0
2138,3
2139,1
2140,7
2141,0
2142,0
2143,2
2144,0
2145,2
2146,8
2147,2
2148,4
2149,3
2150,1
2151,0
2152,0
2153,5
2154,2
2155,0
2156,0
2157,3
2158,5
2159,3
2160,0
2161,3
2162,0
2163,1
2164,1
2165,0
2166,0
2167,0
2168,7
2169,1
2170,1
2171,6
2172,1
2173,1
2174,12
2175,5
2176,2
2177,1
2178,1
2179,3
2180,9
2181,2
2182,3
2183,3
2184,1
2185,2
2186,4
2187,2
2188,0
2189,3
2190,1
2191,0
2192,9
2193,5
2194,0
2195,1
2196,8
2197,0
2198,5
2199,4
2200,0
2201,1
2202,2
2203,4
2204,1
2205,7
2206,2
2207,4
2208,1
2209,2
2210,4
2211,3
2212,2
2213,5
2214,4
2215,7
2216,1
2217,1
2218,0
2219,2
2220,0
2221,0
2222,2
2223,1
2224,6
2225,0
2226,0
2227,1
2228,0
2229,9
2230,7
2231,6
2232,4
2233,4
2234,2
2235,0
2236,0
2237,0
2238,0
2239,2
2240,1
2241,4
2242,2
2243,0
2244,3
2245,3
2246,4
2247,7
2248,7
2249,3
2250,2
2251,1
2252,2
2253,0
2254,9
2255,2
2256,2
2257,2
2258,0
2259,2
2260,4
2261,2
2262,5
2263,0
2264,0
2265,5
2266,2
2267,0
2268,2
2269,2
2270,4
2271,1
2272,2
2273,3
2274,0
2275,9
2276,1
2277,11
2278,4
2279,3
2280,1
2281,1
2282,4
2283,9
2284,0
2285,5
2286,0
2287,0
2288,6
2289,4
2290,1
2291,0
2292,4
2293,0
2294,12
2295,2
2296,4
2297,0
2298,2
2299,1
2300,7
2301,0
2302,0
2303,2
2304,0
2305,4
2306,3
2307,0
2308,6
2309,7
2310,1
2311,3
2312,3
2313,5
2314,0
2315,0
2316,10
2317,1
2318,3
2319,1
2320,3
2321,0
2322,6
2323,0
2324,1
2325,9
2326,6
2327,5
2328,1
2329,0
2330,1
2331,0
2332,0
2333,1
2334,1
2335,10
2336,2
2337,5
2338,2
2339,0
2340,1
2341,0
2342,0
2343,0
2344,8
2345,2
2346,8
2347,0
2348,14
2349,0
2350,1
2351,1
2352,6
2353,1
2354,3
2355,2
2356,0
2357,3
2358,3
2359,0
2360,0
2361,3
2362,9
2363,1
2364,5
2365,0
2366,1
2367,0
2368,0
2369,1
2370,4
2371,7
2372,7
2373,1
2374,0
2375,0
2376,2
2377,2
2378,4
2379,1
2380,1
2381,4
2382,6
2383,0
2384,2
2385,0
2386,0
2387,3
2388,7
2389,3
2390,0
2391,2
2392,0
2393,4
2394,0
2395,0
2396,8
2397,4
2398,0
2399,0
2400,2
2401,4
2402,3
2403,2
2404,3
2405,0
2406,0
2407,0
2408,1
2409,5
2410,1
2411,0
2412,7
2413,0
2414,0
2415,4
2416,0
2417,0
2418,1
2419,0
2420,0
2421,2
2422,0
2423,2
2424,6
2425,2
2426,4
2427,0
2428,3
2429,7
2430,1
2431,8
2432,0
2433,0
2434,2
2435,2
2436,2
2437,3
2438,0
2439,0
2440,7
2441,2
2442,7
2443,3
2444,3
2445,1
2446,0
2447,0
2448,8
2449,3
2450,0
2451,1
2452,2
2453,0
2454,2
2455,0
2456,10
2457,3
2458,0
2459,0
2460,0
2461,2
2462,0
2463,1
2464,0
2465,1
2466,0
2467,2
2468,1
2469,2
2470,2
2471,1
2472,8
2473,0
2474,0
2475,1
2476,0
2477,4
2478,0
2479,0
2480,1
2481,0
2482,7
2483,4
2484,1
2485,9
2486,6
2487,0
2488,0
2489,0
2490,0
2491,9
2492,2
2493,8
2494,2
2495,2
2496,0
2497,1
2498,3
2499,2
2500,1
2501,0
2502,0
2503,6
2504,3
2505,2
2506,1
2507,5
2508,11
2509,3
2510,0
2511,1
2512,0
2513,2
2514,6
2515,0
2516,2
2517,5
2518,1
2519,2
2520,6
2521,0
2522,1
2523,1
2524,1
2525,2
2526,1
2527,3
2528,0
2529,0
2530,0
2531,0
2532,2
2533,0
2534,0
2535,5
2536,0
2537,2
2538,0
2539,6
2540,0
2541,1
2542,5
2543,4
2544,4
2545,0
2546,2
2547,2
2548,1
2549,0
2550,0
2551,2
2552,2
2553,4
2554,3
2555,0
2556,2
2557,4
2558,6
2559,2
2560,0
2561,0
2562,0
2563,0
2564,5
2565,2
2566,3
2567,0
2568,0
2569,0
2570,6
2571,0
2572,1
2573,2
2574,1
2575,1
2576,2
2577,0
2578,1
2579,0
2580,0
2581,0
2582,3
2583,5
2584,10
2585,0
2586,0
2587,9
2588,2
2589,6
2590,1
2591,3
2592,5
2593,0
2594,2
2595,1
2596,2
2597,1
2598,2
2599,0
2600,2
2601,1
2602,0
2603,0
2604,6
2605,0
2606,4
2607,6
2608,4
2609,1
2610,0
2611,1
2612,1
2613,0
2614,3
2615,8
2616,0
2617,0
2618,5
2619,5
2620,7
2621,0
2622,3
2623,3
2624,0
2625,6
2626,3
2627,0
2628,6
2629,1
2630,10
2631,0
2632,0
2633,1
2634,1
2635,3
2636,2
2637,5
2638,4
2639,5
2640,9
2641,3
2642,1
2643,0
2644,5
2645,1
2646,1
2647,3
2648,1
2649,5
2650,2
2651,0
2652,0
2653,4
2654,3
2655,0
2656,0
2657,2
2658,0
2659,0
2660,0
2661,1
2662,2
2663,0
2664,0
2665,3
2666,6
2667,9
2668,0
2669,0
2670,1
2671,1
2672,0
2673,2
2674,2
2675,0
2676,2
2677,1
2678,1
2679,0
2680,4
2681,0
2682,11
2683,0
2684,1
2685,3
2686,0
2687,3
2688,2
2689,6
2690,5
2691,0
2692,1
2693,4
2694,0
2695,4
2696,0
2697,0
2698,0
2699,0
2700,0
2701,3
2702,7
2703,0
2704,0
2705,0
2706,0
2707,0
2708,0
2709,1
2710,2
2711,1
2712,5
2713,1
2714,1
2715,0
2716,0
2717,2
2718,0
2719,0
2720,2
2721,7
2722,0
2723,2
2724,1
2725,5
2726,0
2727,6
2728,1
2729,0
2730,0
2731,0
2732,0
2733,5
2734,0
2735,1
2736,3
2737,0
2738,0
2739,1
2740,0
2741,0
2742,4
2743,1
2744,5
2745,2
2746,0
2747,0
2748,0
2749,1
2750,3
2751,1
2752,1
2753,1
2754,3
2755,3
2756,5
2757,0
2758,13
2759,7
2760,0
2761,2
2762,0
2763,0
2764,1
2765,2
2766,4
2767,3
2768,3
2769,10
2770,1
2771,1
2772,0
2773,1
2774,0
2775,0
2776,4
2777,0
2778,3
2779,0
2780,2
2781,3
2782,12
2783,2
2784,3
2785,2
2786,1
2787,1
2788,3
2789,0
2790,3
2791,0
2792,2
2793,6
2794,0
2795,1
2796,5
2797,1
2798,0
2799,2
2800,0
2801,1
2802,0
2803,4
2804,0
2805,2
2806,2
2807,1
2808,2
2809,2
2810,0
2811,3
2812,3
2813,3
2814,0
2815,5
2816,1
2817,2
2818,1
2819,1
2820,0
2821,1
2822,6
2823,4
2824,0
2825,0
2826,2
2827,4
2828,4
2829,3
2830,7
2831,0
2832,0
2833,3
2834,1
2835,3
2836,1
2837,0
2838,1
2839,1
2840,0
2841,1
2842,6
2843,0
2844,0
2845,4
2846,2
2847,0
2848,2
2849,0
2850,3
2851,0
2852,0
2853,1
2854,0
2855,3
2856,2
2857,0
2858,2
2859,2
2860,3
2861,3
2862,0
2863,3
2864,3
2865,0
2866,8
2867,0
2868,3
2869,5
2870,0
2871,6
2872,0
2873,2
2874,6
2875,0
2876,0
2877,4
2878,2
2879,8
2880,0
2881,0
2882,3
2883,2
2884,7
2885,6
2886,0
2887,2
2888,1
2889,1
2890,0
2891,5
2892,2
2893,3
2894,4
2895,3
2896,0
2897,3
2898,0
2899,1
2900,0
2901,3
2902,2
2903,0
2904,0
2905,4
2906,2
2907,4
2908,1
2909,0
2910,3
2911,4
2912,1
2913,10
2914,0
2915,1
2916,1
2917,0
2918,0
2919,1
2920,1
2921,0
2922,4
2923,1
2924,1
2925,4
2926,5
2927,1
2928,2
2929,0
2930,3
2931,3
2932,1
2933,3
2934,0
2935,4
2936,0
2937,2
2938,5
2939,2
2940,1
2941,5
2942,0
2943,0
2944,2
2945,3
2946,2
2947,0
2948,0
2949,0
2950,0
2951,0
2952,2
2953,2
2954,0
2955,10
2956,2
2957,4
2958,2
2959,0
2960,0
2961,7
2962,6
2963,2
2964,5
2965,2
2966,0
2967,3
2968,0
2969,1
2970,0
2971,7
2972,1
2973,3
2974,0
2975,2
2976,2
2977,2
2978,1
2979,3
2980,2
2981,2
2982,2
2983,0
2984,0
2985,0
2986,1
2987,0
2988,2
2989,3
2990,0
2991,1
2992,0
2993,0
2994,7
2995,2
2996,3
2997,3
2998,0
2999,0
3000,2
3001,3
3002,5
3003,0
3004,3
3005,5
3006,4
3007,3
3008,0
3009,1
3010,0
3011,0
3012,0
3013,2
3014,2
3015,12
3016,1
3017,2
3018,2
3019,0
3020,1
3021,0
3022,0
3023,0
3024,2
3025,0
3026,2
3027,1
3028,2
3029,1
3030,0
3031,2
3032,1
3033,1
3034,2
3035,2
3036,0
3037,3
3038,5
3039,2
3040,4
3041,6
3042,2
3043,1
3044,1
3045,0
3046,1
3047,4
3048,7
3049,0
3050,0
3051,1
3052,0
3053,0
3054,0
3055,1
3056,1
3057,0
3058,0
3059,4
3060,3
3061,1
3062,0
3063,1
3064,3
3065,5
3066,0
3067,2
3068,3
3069,0
3070,0
3071,1
3072,4
3073,2
3074,1
3075,1
3076,1
3077,0
3078,1
3079,2
3080,0
3081,0
3082,3
3083,0
3084,2
3085,5
3086,1
3087,0
3088,1
3089,1
3090,6
3091,0
3092,1
3093,3
3094,1
3095,0
3096,4
3097,1
3098,4
3099,1
3100,1
3101,4
3102,1
3103,2
3104,4
3105,2
3106,2
3107,4
3108,0
3109,2
3110,0
3111,0
3112,1
3113,1
3114,1
3115,0
3116,0
3117,3
3118,5
3119,0
3120,0
3121,3
3122,0
3123,0
3124,1
3125,10
3126,4
3127,5
3128,0
3129,9
3130,0
3131,2
3132,3
3133,6
3134,3
3135,2
3136,0
3137,0
3138,3
3139,1
3140,0
3141,0
3142,0
3143,1
3144,0
3145,0
3146,3
3147,0
3148,0
3149,4
3150,0
3151,1
3152,3
3153,3
3154,0
3155,0
3156,3
3157,1
3158,0
3159,0
3160,0
3161,0
3162,2
3163,1
3164,9
3165,3
3166,0
3167,3
3168,1
3169,1
3170,0
3171,1
3172,0
3173,1
3174,0
3175,2
3176,2
3177,1
3178,2
3179,1
3180,4
3181,3
3182,1
3183,6
3184,1
3185,0
3186,0
3187,0
3188,2
3189,1
3190,1
3191,1
3192,4
3193,4
3194,0
3195,3
3196,3
3197,0
3198,5
3199,0
3200,2
3201,1
3202,4
3203,3
3204,7
3205,3
3206,2
3207,0
3208,2
3209,0
3210,0
3211,9
3212,0
3213,2
3214,7
3215,2
3216,2
3217,4
3218,2
3219,1
3220,3
3221,3
3222,0
3223,0
3224,5
3225,0
3226,0
3227,5
3228,5
3229,5
3230,1
3231,0
3232,1
3233,0
3234,1
3235,3
3236,0
3237,0
3238,1
3239,0
3240,0
3241,5
3242,5
3243,0
3244,0
3245,0
3246,0
3247,7
3248,2
3249,1
3250,0
3251,2
3252,2
3253,2
3254,0
3255,1
3256,2
3257,2
3258,0
3259,2
3260,1
3261,6
3262,5
3263,0
3264,5
3265,1
3266,5
3267,1
3268,1
3269,0
3270,6
3271,0
3272,4
3273,1
3274,2
3275,5
3276,2
3277,0
3278,0
3279,0
3280,1
3281,3
3282,0
3283,0
3284,1
3285,0
3286,0
3287,0
3288,2
3289,5
3290,0
3291,4
3292,0
3293,0
3294,0
3295,2
3296,0
3297,2
3298,2
3299,0
3300,0
3301,2
3302,0
3303,3
3304,5
3305,3
3306,3
3307,0
3308,3
3309,0
3310,0
3311,1
3312,3
3313,1
3314,0
3315,4
3316,0
3317,2
3318,0
3319,1
3320,1
3321,0
3322,3
3323,2
3324,6
3325,2
3326,1
3327,1
3328,1
3329,0
3330,0
3331,0
3332,0
3333,5
3334,0
3335,0
3336,0
3337,1
3338,1
3339,1
3340,0
3341,0
3342,3
3343,2
3344,3
3345,0
3346,0
3347,0
3348,1
3349,7
3350,0
3351,1
3352,3
3353,0
3354,9
3355,0
3356,0
3357,0
3358,0
3359,11
3360,3
3361,0
3362,3
3363,1
3364,1
3365,0
3366,3
3367,1
3368,0
3369,0
3370,1
3371,0
3372,5
3373,0
3374,1
3375,4
3376,0
3377,0
3378,0
3379,0
3380,0
3381,0
3382,0
3383,5
3384,0
3385,4
3386,1
3387,1
3388,0
3389,1
3390,0
3391,1
3392,0
3393,0
3394,0
3395,3
3396,2
3397,0
3398,1
3399,0
3400,0
3401,3
3402,1
3403,7
3404,5
3405,0
3406,0
3407,0
3408,9
3409,1
3410,4
3411,1
3412,4
3413,5
3414,1
3415,0
3416,4
3417,1
3418,1
3419,0
3420,1
3421,3
3422,1
3423,0
3424,3
3425,0
3426,1
3427,4
3428,2
3429,0
3430,0
3431,3
3432,0
3433,1
3434,1
3435,0
3436,3
3437,0
3438,0
3439,4
3440,6
3441,5
3442,1
3443,2
3444,1
3445,4
3446,1
3447,9
3448,0
3449,2
3450,0
3451,1
3452,1
3453,0
3454,1
3455,0
3456,3
3457,0
3458,0
3459,0
3460,2
3461,3
3462,4
3463,1
3464,0
3465,1
3466,4
3467,5
3468,2
3469,7
3470,0
3471,0
3472,2
3473,3
3474,1
3475,1
3476,0
3477,0
3478,0
3479,0
3480,2
3481,4
3482,4
3483,0
3484,1
3485,0
3486,4
3487,5
3488,2
3489,1
3490,2
3491,4
3492,9
3493,0
3494,8
3495,2
3496,1
3497,0
3498,0
3499,1
3500,0
3501,2
3502,4
3503,13
3504,1
3505,0
3506,1
3507,6
3508,1
3509,1
3510,3
3511,0
3512,0
3513,0
3514,2
3515,2
3516,8
3517,1
3518,6
3519,2
3520,1
3521,0
3522,1
3523,0
3524,6
3525,0
3526,1
3527,2
3528,1
3529,1
3530,2
3531,3
3532,1
3533,5
3534,2
3535,1
3536,2
3537,0
3538,0
3539,0
3540,7
3541,4
3542,0
3543,1
3544,3
3545,1
3546,4
3547,0
3548,5
3549,0
3550,0
3551,2
3552,6
3553,1
3554,1
3555,1
3556,3
3557,1
3558,3
3559,1
3560,0
3561,0
3562,1
3563,0
3564,4
3565,3
3566,1
3567,3
3568,4
3569,0
3570,1
3571,0
3572,0
3573,5
3574,0
3575,1
3576,0
3577,3
3578,4
3579,0
3580,2
3581,0
3582,0
3583,1
3584,5
3585,1
3586,1
3587,0
3588,1
3589,6
3590,2
3591,2
3592,7
3593,0
3594,9
3595,0
3596,4
3597,2
3598,4
3599,0
3600,2
3601,0
3602,0
3603,0
3604,2
3605,2
3606,1
3607,0
3608,7
3609,1
3610,5
3611,0
3612,1
3613,1
3614,0
3615,1
3616,1
3617,1
3618,0
3619,2
3620,1
3621,3
3622,0
3623,1
3624,0
3625,4
3626,2
3627,1
3628,2
3629,2
3630,1
3631,6
3632,0
3633,1
3634,0
3635,0
3636,2
3637,3
3638,1
3639,1
3640,3
3641,2
3642,0
3643,3
3644,0
3645,0
3646,0
3647,4
3648,7
3649,1
3650,0
3651,5
3652,0
3653,4
3654,0
3655,0
3656,4
3657,3
3658,4
3659,0
3660,0
3661,0
3662,2
3663,0
3664,0
3665,2
3666,1
3667,1
3668,1
3669,5
3670,3
3671,3
3672,0
3673,4
3674,0
3675,2
3676,1
3677,0
3678,1
3679,0
3680,0
3681,0
3682,2
3683,1
3684,1
3685,1
3686,1
3687,3
3688,1
3689,5
3690,1
3691,1
3692,0
3693,2
3694,3
3695,1
3696,1
3697,1
3698,3
3699,0
3700,1
3701,0
3702,4
3703,0
3704,0
3705,0
3706,2
3707,1
3708,0
3709,7
3710,1
3711,3
3712,4
3713,0
3714,0
3715,0
3716,2
3717,3
3718,2
3719,0
3720,3
3721,1
3722,0
3723,0
3724,0
3725,4
3726,0
3727,0
3728,0
3729,0
3730,1
3731,2
3732,1
3733,6
3734,0
3735,3
3736,0
3737,1
3738,2
3739,1
3740,3
3741,2
3742,2
3743,0
3744,4
3745,1
3746,1
3747,5
3748,0
3749,0
3750,1
3751,1
3752,2
3753,5
3754,2
3755,7
3756,0
3757,0
3758,0
3759,0
3760,7
3761,0
3762,2
3763,1
3764,4
3765,3
3766,0
3767,16
3768,1
3769,2
3770,0
3771,5
3772,5
3773,1
3774,4
3775,4
3776,7
3777,1
3778,1
3779,0
3780,3
3781,1
3782,0
3783,2
3784,6
3785,4
3786,3
3787,1
3788,1
3789,5
3790,2
3791,3
3792,0
3793,1
3794,0
3795,0
3796,2
3797,2
3798,1
3799,0
3800,2
3801,2
3802,11
3803,3
3804,0
3805,2
3806,2
3807,2
3808,3
3809,2
3810,0
3811,0
3812,2
3813,0
3814,4
3815,6
3816,0
3817,0
3818,0
3819,2
3820,0
3821,0
3822,1
3823,0
3824,0
3825,2
3826,1
3827,1
3828,5
3829,1
3830,0
3831,0
3832,2
3833,0
3834,0
3835,2
3836,4
3837,0
3838,3
3839,0
3840,6
3841,5
3842,0
3843,0
3844,0
3845,2
3846,5
3847,3
3848,0
3849,0
3850,0
3851,0
3852,0
3853,13
3854,3
3855,5
3856,6
3857,1
3858,4
3859,2
3860,4
3861,1
3862,1
3863,0
3864,2
3865,0
3866,1
3867,1
3868,3
3869,2
3870,2
3871,0
3872,1
3873,4
3874,0
3875,0
3876,0
3877,0
3878,2
3879,2
3880,3
3881,2
3882,13
3883,0
3884,0
3885,1
3886,4
3887,0
3888,3
3889,3
3890,1
3891,0
3892,0
3893,1
3894,2
3895,1
3896,1
3897,1
3898,2
3899,1
3900,8
3901,5
3902,0
3903,0
3904,2
3905,1
3906,0
3907,0
3908,0
3909,1
3910,0
3911,0
3912,2
3913,3
3914,3
3915,2
3916,3
3917,1
3918,0
3919,4
3920,0
3921,2
3922,0
3923,1
3924,3
3925,1
3926,0
3927,1
3928,1
3929,0
3930,3
3931,5
3932,2
3933,0
3934,5
3935,4
3936,6
3937,3
3938,2
3939,5
3940,1
3941,2
3942,1
3943,0
3944,3
3945,1
3946,1
3947,1
3948,3
3949,0
3950,1
3951,0
3952,4
3953,3
3954,6
3955,0
3956,0
3957,1
3958,0
3959,0
3960,6
3961,5
3962,1
3963,4
3964,3
3965,0
3966,1
3967,3
3968,1
3969,0
3970,2
3971,1
3972,0
3973,0
3974,0
3975,0
3976,2
3977,7
3978,0
3979,2
3980,2
3981,8
3982,3
3983,2
3984,0
3985,0
3986,1
3987,0
3988,3
3989,6
3990,2
3991,0
3992,0
3993,0
3994,3
3995,1
3996,2
3997,1
3998,1
3999,2
4000,0
4001,0
4002,2
4003,3
4004,0
4005,3
4006,2
4007,1
4008,2
4009,7
4010,1
4011,1
4012,1
4013,0
4014,1
4015,0
4016,2
4017,2
4018,5
4019,2
4020,3
4021,2
4022,1
4023,1
4024,0
4025,3
4026,1
4027,0
4028,0
4029,1
4030,0
4031,5
4032,0
4033,2
4034,4
4035,1
4036,0
4037,5
4038,3
4039,0
4040,1
4041,1
4042,8
4043,3
4044,1
4045,2
4046,0
4047,2
4048,1
4049,0
4050,2
4051,5
4052,6
4053,1
4054,3
4055,1
4056,3
4057,0
4058,0
4059,4
4060,6
4061,5
4062,2
4063,1
4064,2
4065,0
4066,4
4067,1
4068,0
4069,0
4070,1
4071,1
4072,1
4073,0
4074,0
4075,0
4076,0
4077,0
4078,3
4079,2
4080,3
4081,2
4082,2
4083,1
4084,0
4085,0
4086,1
4087,2
4088,1
4089,4
4090,1
4091,6
4092,1
4093,1
4094,3
4095,1
4096,0
4097,0
4098,0
4099,2
4100,0
4101,3
4102,6
4103,1
4104,0
4105,0
4106,0
4107,1
4108,3
4109,3
4110,1
4111,2
4112,2
4113,1
4114,0
4115,0
4116,1
4117,1
4118,7
4119,1
4120,0
4121,2
4122,0
4123,0
4124,0
4125,2
4126,3
4127,3
4128,0
4129,0
4130,0
4131,0
4132,0
4133,4
4134,0
4135,1
4136,1
4137,1
4138,3
4139,3
4140,1
4141,2
4142,0
4143,0
4144,1
4145,0
4146,1
4147,3
4148,6
4149,2
4150,3
4151,0
4152,2
4153,3
4154,1
4155,1
4156,0
4157,0
4158,2
4159,0
4160,2
4161,1
4162,2
4163,4
4164,0
4165,4
4166,0
4167,1
4168,2
4169,1
4170,0
4171,0
4172,0
4173,0
4174,0
4175,0
4176,0
4177,0
4178,2
4179,0
4180,1
4181,5
4182,1
4183,0
4184,2
4185,3
4186,2
4187,0
4188,0
4189,0
4190,1
4191,0
4192,1
4193,0
4194,0
4195,3
4196,1
4197,2
4198,1
4199,4
4200,0
4201,3
4202,2
4203,1
4204,0
4205,1
4206,1
4207,0
4208,2
4209,1
4210,1
4211,0
4212,6
4213,1
4214,0
4215,1
4216,0
4217,3
4218,3
4219,1
4220,1
4221,3
4222,0
4223,1
4224,0
4225,0
4226,3
4227,1
4228,1
4229,1
4230,1
4231,0
4232,3
4233,0
4234,3
4235,5
4236,4
4237,1
4238,0
4239,1
4240,0
4241,2
4242,0
4243,1
4244,0
4245,0
4246,4
4247,0
4248,2
4249,4
4250,0
4251,0
4252,1
4253,2
4254,1
4255,0
4256,0
4257,2
4258,1
4259,3
4260,0
4261,0
4262,2
4263,0
4264,1
4265,0
4266,1
4267,1
4268,1
4269,0
4270,1
4271,0
4272,0
4273,0
4274,0
4275,0
4276,2
4277,2
4278,5
4279,0
4280,3
4281,1
4282,1
4283,0
4284,1
4285,2
4286,2
4287,0
4288,5
4289,3
4290,4
4291,8
4292,0
4293,1
4294,0
4295,1
4296,0
4297,1
4298,0
4299,1
4300,0
4301,0
4302,0
4303,1
4304,8
4305,1
4306,10
4307,5
4308,2
4309,0
4310,8
4311,5
4312,0
4313,0
4314,2
4315,5
4316,0
4317,3
4318,0
4319,4
4320,0
4321,2
4322,0
4323,2
4324,0
4325,0
4326,0
4327,7
4328,3
4329,4
4330,4
4331,0
4332,1
4333,2
4334,4
4335,1
4336,1
4337,5
4338,1
4339,0
4340,3
4341,2
4342,1
4343,5
4344,0
4345,1
4346,0
4347,1
4348,3
4349,0
4350,3
4351,1
4352,3
4353,3
4354,1
4355,2
4356,1
4357,0
4358,1
4359,2
4360,0
4361,1
4362,2
4363,0
4364,1
4365,0
4366,0
4367,0
4368,2
4369,2
4370,2
4371,1
4372,0
4373,2
4374,1
4375,2
4376,2
4377,3
4378,1
4379,1
4380,1
4381,0
4382,2
4383,0
4384,2
4385,1
4386,4
4387,0
4388,4
4389,2
4390,0
4391,1
4392,1
4393,0
4394,0
4395,1
4396,0
4397,4
4398,0
4399,2
4400,2
4401,0
4402,3
4403,0
4404,0
4405,0
4406,2
4407,0
4408,2
4409,0
4410,0
4411,4
4412,1
4413,1
4414,0
4415,1
4416,0
4417,3
4418,2
4419,8
4420,0
4421,2
4422,2
4423,0
4424,0
4425,1
4426,1
4427,3
4428,2
4429,0
4430,2
4431,0
4432,1
4433,7
4434,2
4435,0
4436,0
4437,3
4438,1
4439,0
4440,0
4441,1
4442,4
4443,5
4444,2
4445,2
4446,1
4447,0
4448,0
4449,0
4450,1
4451,2
4452,0
4453,1
4454,1
4455,1
4456,2
4457,4
4458,0
4459,0
4460,1
4461,0
4462,2
4463,0
4464,2
4465,3
4466,0
4467,0
4468,3
4469,0
4470,2
4471,5
4472,5
4473,2
4474,2
4475,2
4476,2
4477,1
4478,2
4479,1
4480,1
4481,8
4482,2
4483,0
4484,4
4485,1
4486,1
4487,2
4488,0
4489,0
4490,1
4491,2
4492,2
4493,4
4494,5
4495,1
4496,0
4497,3
4498,0
4499,2
4500,1
4501,0
4502,3
4503,0
4504,0
4505,0
4506,1
4507,3
4508,4
4509,0
4510,1
4511,0
4512,0
4513,0
4514,4
4515,4
4516,3
4517,1
4518,4
4519,4
4520,1
4521,0
4522,1
4523,2
4524,0
4525,0
4526,2
4527,0
4528,1
4529,0
4530,2
4531,0
4532,1
4533,0
4534,4
4535,0
4536,3
4537,4
4538,0
4539,0
4540,2
4541,0
4542,0
4543,1
4544,2
4545,4
4546,1
4547,0
4548,0
4549,1
4550,0
4551,0
4552,0
4553,0
4554,0
4555,0
4556,0
4557,3
4558,0
4559,1
4560,1
4561,0
4562,1
4563,3
4564,0
4565,0
4566,2
4567,2
4568,0
4569,3
4570,0
4571,0
4572,0
4573,0
4574,1
4575,1
4576,1
4577,0
4578,6
4579,1
4580,2
4581,0
4582,0
4583,1
4584,4
4585,4
4586,3
4587,1
4588,0
4589,0
4590,3
4591,1
4592,1
4593,2
4594,0
4595,0
4596,0
4597,0
4598,1
4599,1
4600,0
4601,0
4602,1
4603,0
4604,1
4605,1
4606,1
4607,2
4608,0
4609,0
4610,0
4611,1
4612,1
4613,0
4614,0
4615,2
4616,2
4617,0
4618,0
4619,0
4620,0
4621,2
4622,0
4623,0
4624,6
4625,3
4626,1
4627,1
4628,0
4629,3
4630,1
4631,0
4632,4
4633,1
4634,5
4635,3
4636,4
4637,0
4638,1
4639,1
4640,1
4641,3
4642,1
4643,1
4644,2
4645,1
4646,3
4647,5
4648,0
4649,4
4650,3
4651,1
4652,0
4653,0
4654,0
4655,0
4656,3
4657,1
4658,0
4659,1
4660,7
4661,0
4662,3
4663,2
4664,0
4665,1
4666,2
4667,2
4668,1
4669,0
4670,1
4671,0
4672,0
4673,1
4674,0
4675,1
4676,0
4677,1
4678,3
4679,1
4680,0
4681,1
4682,1
4683,2
4684,2
4685,0
4686,0
4687,5
4688,2
4689,0
4690,7
4691,2
4692,1
4693,4
4694,6
4695,1
4696,1
4697,1
4698,0
4699,1
4700,1
4701,0
4702,5
4703,4
4704,0
4705,2
4706,1
4707,3
4708,4
4709,0
4710,3
4711,3
4712,5
4713,3
4714,6
4715,4
4716,1
4717,1
4718,1
4719,4
4720,1
4721,0
4722,1
4723,0
4724,0
4725,1
4726,3
4727,4
4728,2
4729,0
4730,1
4731,0
4732,1
4733,0
4734,1
4735,4
4736,0
4737,0
4738,0
4739,5
4740,0
4741,1
4742,0
4743,2
4744,4
4745,1
4746,2
4747,5
4748,0
4749,0
4750,0
4751,1
4752,2
4753,0
4754,0
4755,3
4756,4
4757,0
4758,1
4759,3
4760,2
4761,0
4762,0
4763,0
4764,4
4765,2
4766,0
4767,1
4768,3
4769,0
4770,0
4771,0
4772,0
4773,0
4774,3
4775,8
4776,1
4777,0
4778,1
4779,5
4780,2
4781,1
4782,3
4783,0
4784,1
4785,3
4786,1
4787,1
4788,1
4789,5
4790,1
4791,0
4792,0
4793,4
4794,1
4795,6
4796,0
4797,0
4798,3
4799,1
4800,1
4801,3
4802,1
4803,0
4804,4
4805,1
4806,1
4807,1
4808,2
4809,2
4810,1
4811,1
4812,6
4813,2
4814,0
4815,1
4816,2
4817,1
4818,0
4819,1
4820,4
4821,2
4822,1
4823,0
4824,1
4825,1
4826,0
4827,2
4828,3
4829,0
4830,2
4831,3
4832,0
4833,1
4834,0
4835,3
4836,1
4837,1
4838,0
4839,0
4840,1
4841,0
4842,3
4843,2
4844,0
4845,0
4846,0
4847,3
4848,5
4849,0
4850,2
4851,4
4852,1
4853,6
4854,0
4855,2
4856,0
4857,2
4858,0
4859,2
4860,0
4861,0
4862,0
4863,0
4864,0
4865,0
4866,0
4867,0
4868,3
4869,0
4870,0
4871,0
4872,0
4873,1
4874,1
4875,2
4876,1
4877,1
4878,1
4879,0
4880,2
4881,1
4882,0
4883,8
4884,3
4885,1
4886,1
4887,0
4888,5
4889,0
4890,1
4891,2
4892,1
4893,1
4894,1
4895,0
4896,0
4897,0
4898,0
4899,2
4900,1
4901,3
4902,0
4903,2
4904,1
4905,3
4906,0
4907,0
4908,0
4909,1
4910,0
4911,2
4912,0
4913,1
4914,1
4915,0
4916,0
4917,2
4918,2
4919,0
4920,3
4921,2
4922,0
4923,2
4924,2
4925,1
4926,2
4927,0
4928,2
4929,2
4930,1
4931,3
4932,0
4933,1
4934,4
4935,1
4936,1
4937,0
4938,0
4939,3
4940,0
4941,0
4942,0
4943,0
4944,2
4945,6
4946,0
4947,8
4948,1
4949,0
4950,0
4951,0
4952,0
4953,1
4954,2
4955,2
4956,1
4957,3
4958,2
4959,1
4960,2
4961,4
4962,1
4963,0
4964,0
4965,2
4966,2
4967,3
4968,2
4969,0
4970,0
4971,0
4972,0
4973,1
4974,1
4975,2
4976,6
4977,0
4978,1
4979,3
4980,3
4981,0
4982,0
4983,1
4984,0
4985,0
4986,1
4987,0
4988,0
4989,3
4990,0
4991,2
4992,1
4993,4
4994,3
4995,0
4996,1
4997,2
4998,4
4999,2
5000,5
5001,0
5002,1
5003,0
5004,3
5005,3
5006,0
5007,0
5008,2
5009,3
5010,0
5011,0
5012,0
5013,0
5014,4
5015,2
5016,0
5017,3
5018,2
5019,1
5020,1
5021,3
5022,4
5023,2
5024,0
5025,0
5026,3
5027,1
5028,0
5029,3
5030,2
5031,0
5032,2
5033,3
5034,1
5035,2
5036,0
5037,0
5038,4
5039,2
5040,1
5041,0
5042,2
5043,4
5044,1
5045,2
5046,0
5047,1
5048,0
5049,0
5050,1
5051,1
5052,0
5053,0
5054,2
5055,3
5056,1
5057,1
5058,2
5059,2
5060,0
5061,2
5062,1
5063,0
5064,6
5065,2
5066,1
5067,1
5068,1
5069,0
5070,0
5071,0
5072,0
5073,2
5074,0
5075,0
5076,2
5077,1
5078,0
5079,0
5080,1
5081,0
5082,1
5083,0
5084,1
5085,2
5086,2
5087,3
5088,2
5089,0
5090,11
5091,5
5092,1
5093,1
5094,1
5095,0
5096,0
5097,0
5098,2
5099,0
5100,4
5101,0
5102,5
5103,3
5104,2
5105,0
5106,1
5107,0
5108,0
5109,1
5110,0
5111,1
5112,2
5113,2
5114,3
5115,5
5116,3
5117,1
5118,2
5119,0
5120,1
5121,1
5122,0
5123,3
5124,1
5125,0
5126,0
5127,1
5128,0
5129,1
5130,5
5131,1
5132,1
5133,0
5134,5
5135,1
5136,2
5137,6
5138,1
5139,0
5140,2
5141,4
5142,2
5143,2
5144,0
5145,3
5146,1
5147,2
5148,0
5149,1
5150,1
5151,3
5152,1
5153,6
5154,1
5155,1
5156,3
5157,0
5158,0
5159,1
5160,1
5161,0
5162,2
5163,8
5164,0
5165,0
5166,5
5167,1
5168,1
5169,0
5170,0
5171,0
5172,3
5173,0
5174,6
5175,4
5176,0
5177,0
5178,0
5179,4
5180,0
5181,0
5182,2
5183,2
5184,1
5185,4
5186,1
5187,0
5188,2
5189,0
5190,0
5191,3
5192,3
5193,7
5194,2
5195,1
5196,0
5197,0
5198,1
5199,0
5200,0
5201,0
5202,1
5203,1
5204,1
5205,1
5206,4
5207,0
5208,0
5209,0
5210,0
5211,0
5212,2
5213,4
5214,0
5215,1
5216,1
5217,0
5218,1
5219,1
5220,0
5221,1
5222,5
5223,1
5224,0
5225,0
5226,3
5227,1
5228,2
5229,1
5230,0
5231,0
5232,0
5233,1
5234,2
5235,0
5236,0
5237,0
5238,0
5239,2
5240,0
5241,7
5242,2
5243,1
5244,3
5245,2
5246,2
5247,1
5248,1
5249,2
5250,0
5251,1
5252,2
5253,1
5254,3
5255,0
5256,0
5257,1
5258,0
5259,1
5260,1
5261,1
5262,0
5263,0
5264,1
5265,0
5266,1
5267,2
5268,4
5269,6
5270,2
5271,0
5272,1
5273,0
5274,0
5275,0
5276,0
5277,0
5278,4
5279,0
5280,0
5281,1
5282,1
5283,4
5284,0
5285,0
5286,1
5287,0
5288,2
5289,0
5290,1
5291,2
5292,1
5293,6
5294,2
5295,2
5296,1
5297,2
5298,3
5299,0
5300,1
5301,0
5302,1
5303,2
5304,0
5305,3
5306,0
5307,0
5308,3
5309,3
5310,0
5311,0
5312,0
5313,0
5314,2
5315,0
5316,0
5317,3
5318,0
5319,2
5320,2
5321,2
5322,6
5323,2
5324,2
5325,0
5326,0
5327,0
5328,1
5329,0
5330,0
5331,0
5332,1
5333,0
5334,1
5335,0
5336,1
5337,1
5338,1
5339,5
5340,2
5341,0
5342,1
5343,1
5344,0
5345,0
5346,2
5347,1
5348,0
5349,1
5350,0
5351,6
5352,3
5353,1
5354,2
5355,0
5356,0
5357,0
5358,1
5359,1
5360,4
5361,0
5362,0
5363,4
5364,2
5365,0
5366,0
5367,1
5368,0
5369,2
5370,2
5371,1
5372,1
5373,0
5374,2
5375,1
5376,0
5377,1
5378,2
5379,1
5380,1
5381,0
5382,3
5383,2
5384,3
5385,3
5386,3
5387,1
5388,2
5389,2
5390,1
5391,2
5392,5
5393,1
5394,0
5395,1
5396,0
5397,1
5398,0
5399,1
5400,3
5401,2
5402,0
5403,1
5404,1
5405,1
5406,0
5407,0
5408,0
5409,0
5410,3
5411,1
5412,2
5413,4
5414,2
5415,1
5416,0
5417,1
5418,0
5419,1
5420,0
5421,0
5422,2
5423,1
5424,3
5425,1
5426,0
5427,1
5428,0
5429,1
5430,0
5431,0
5432,2
5433,4
5434,2
5435,1
5436,0
5437,1
5438,1
5439,3
5440,1
5441,1
5442,6
5443,0
5444,2
5445,2
5446,2
5447,3
5448,1
5449,2
5450,0
5451,1
5452,4
5453,0
5454,3
5455,0
5456,4
5457,1
5458,2
5459,0
5460,1
5461,1
5462,3
5463,3
5464,1
5465,1
5466,1
5467,0
5468,1
5469,1
5470,1
5471,2
5472,3
5473,0
5474,0
5475,1
5476,0
5477,1
5478,2
5479,1
5480,0
5481,0
5482,4
5483,1
5484,0
5485,5
5486,4
5487,1
5488,2
5489,0
5490,1
5491,1
5492,5
5493,0
5494,2
5495,1
5496,2
5497,1
5498,2
5499,0
5500,0
5501,0
5502,1
5503,0
5504,2
5505,3
5506,0
5507,1
5508,5
5509,2
5510,2
5511,2
5512,1
5513,3
5514,3
5515,1
5516,1
5517,1
5518,2
5519,1
5520,1
5521,2
5522,4
5523,0
5524,2
5525,1
5526,1
5527,2
5528,0
5529,6
5530,1
5531,4
5532,1
5533,1
5534,1
5535,2
5536,0
5537,1
5538,1
5539,5
5540,0
5541,0
5542,0
5543,0
5544,2
5545,3
5546,2
5547,1
5548,0
5549,1
5550,3
5551,2
5552,3
5553,1
5554,1
5555,0
5556,3
5557,3
5558,1
5559,2
5560,0
5561,0
5562,0
5563,1
5564,1
5565,1
5566,1
5567,0
5568,0
5569,1
5570,4
5571,2
5572,2
5573,7
5574,5
5575,3
5576,3
5577,0
5578,1
5579,0
5580,2
5581,2
5582,0
5583,0
5584,1
5585,0
5586,0
5587,1
5588,0
5589,3
5590,3
5591,2
5592,1
5593,2
5594,2
5595,2
5596,0
5597,4
5598,4
5599,0
5600,0
5601,1
5602,1
5603,1
5604,3
5605,2
5606,0
5607,2
5608,2
5609,1
5610,2
5611,0
5612,0
5613,4
5614,3
5615,0
5616,1
5617,0
5618,0
5619,1
5620,3
5621,0
5622,2
5623,0
5624,3
5625,5
5626,0
5627,2
5628,3
5629,1
5630,0
5631,3
5632,0
5633,0
5634,1
5635,0
5636,0
5637,0
5638,2
5639,0
5640,5
5641,0
5642,1
5643,0
5644,0
5645,1
5646,1
5647,1
5648,2
5649,0
5650,0
5651,2
5652,2
5653,0
5654,4
5655,0
5656,0
5657,2
5658,2
5659,2
5660,7
5661,3
5662,0
5663,1
5664,2
5665,2
5666,2
5667,0
5668,1
5669,0
5670,2
5671,1
5672,2
5673,2
5674,2
5675,9
5676,1
5677,0
5678,4
5679,1
5680,2
5681,1
5682,0
5683,0
5684,3
5685,2
5686,1
5687,0
5688,5
5689,0
5690,1
5691,0
5692,0
5693,1
5694,0
5695,0
5696,1
5697,0
5698,0
5699,2
5700,1
5701,1
5702,0
5703,0
5704,1
5705,2
5706,0
5707,2
5708,1
5709,0
5710,2
5711,1
5712,0
5713,9
5714,0
5715,0
5716,2
5717,4
5718,0
5719,2
5720,2
5721,0
5722,1
5723,1
5724,3
5725,1
5726,0
5727,1
5728,3
5729,2
5730,1
5731,1
5732,0
5733,1
5734,1
5735,1
5736,0
5737,2
5738,0
5739,3
5740,4
5741,1
5742,0
5743,2
5744,0
5745,2
5746,0
5747,0
5748,1
5749,0
5750,2
5751,3
5752,0
5753,0
5754,1
5755,4
5756,2
5757,3
5758,0
5759,2
5760,2
5761,0
5762,3
5763,4
5764,5
5765,0
5766,1
5767,1
5768,2
5769,2
5770,0
5771,4
5772,0
5773,0
5774,0
5775,2
5776,0
5777,1
5778,0
5779,1
5780,1
5781,5
5782,2
5783,2
5784,1
5785,0
5786,1
5787,0
5788,0
5789,4
5790,1
5791,6
5792,0
5793,3
5794,0
5795,1
5796,0
5797,1
5798,2
5799,1
5800,2
5801,0
5802,2
5803,1
5804,1
5805,2
5806,0
5807,2
5808,0
5809,7
5810,0
5811,1
5812,1
5813,3
5814,0
5815,1
5816,2
5817,1
5818,0
5819,2
5820,3
5821,0
5822,3
5823,4
5824,0
5825,1
5826,0
5827,0
5828,0
5829,5
5830,0
5831,0
5832,4
5833,0
5834,0
5835,1
5836,1
5837,3
5838,1
5839,1
5840,0
5841,0
5842,0
5843,2
5844,1
5845,0
5846,3
5847,0
5848,0
5849,1
5850,0
5851,1
5852,0
5853,0
5854,0
5855,1
5856,1
5857,3
5858,0
5859,2
5860,1
5861,0
5862,1
5863,0
5864,3
5865,2
5866,0
5867,1
5868,4
5869,0
5870,2
5871,0
5872,1
5873,0
5874,6
5875,0
5876,0
5877,1
5878,0
5879,0
5880,0
5881,0
5882,1
5883,6
5884,2
5885,0
5886,1
5887,2
5888,0
5889,7
5890,3
5891,2
5892,2
5893,0
5894,1
5895,1
5896,2
5897,0
5898,0
5899,2
5900,0
5901,0
5902,3
5903,0
5904,0
5905,0
5906,2
5907,1
5908,1
5909,1
5910,1
5911,2
5912,0
5913,2
5914,0
5915,1
5916,1
5917,1
5918,1
5919,1
5920,0
5921,2
5922,0
5923,1
5924,5
5925,1
5926,0
5927,0
5928,2
5929,2
5930,0
5931,3
5932,0
5933,0
5934,0
5935,5
5936,1
5937,2
5938,0
5939,2
5940,0
5941,2
5942,5
5943,0
5944,0
5945,3
5946,7
5947,0
5948,0
5949,1
5950,1
5951,0
5952,0
5953,3
5954,3
5955,0
5956,0
5957,1
5958,3
5959,0
5960,0
5961,2
5962,0
5963,1
5964,3
5965,1
5966,3
5967,3
5968,1
5969,2
5970,7
5971,1
5972,0
5973,2
5974,1
5975,3
5976,0
5977,5
5978,1
5979,1
5980,3
5981,3
5982,0
5983,1
5984,0
5985,0
5986,2
5987,1
5988,0
5989,4
5990,2
5991,0
5992,3
5993,2
5994,5
5995,2
5996,1
5997,0
5998,1
5999,1
6000,0
6001,2
6002,1
6003,7
6004,2
6005,2
6006,5
6007,0
6008,0
6009,0
6010,2
6011,0
6012,1
6013,2
6014,1
6015,0
6016,2
6017,0
6018,0
6019,0
6020,0
6021,1
6022,1
6023,1
6024,0
6025,0
6026,0
6027,3
6028,1
6029,0
6030,0
6031,4
6032,1
6033,1
6034,1
6035,2
6036,1
6037,1
6038,3
6039,1
6040,1
6041,1
6042,2
6043,2
6044,2
6045,1
6046,2
6047,0
6048,0
6049,0
6050,1
6051,3
6052,0
6053,0
6054,0
6055,3
6056,5
6057,0
6058,1
6059,2
6060,0
6061,1
6062,1
6063,0
6064,2
6065,3
6066,0
6067,0
6068,1
6069,0
6070,2
6071,3
6072,2
6073,2
6074,2
6075,0
6076,1
6077,0
6078,2
6079,0
6080,3
6081,1
6082,3
6083,0
6084,0
6085,1
6086,1
6087,1
6088,1
6089,0
6090,1
6091,3
6092,1
6093,1
6094,2
6095,2
6096,1
6097,3
6098,2
6099,0
6100,3
6101,0
6102,0
6103,0
6104,1
6105,3
6106,1
6107,0
6108,0
6109,0
6110,0
6111,0
6112,1
6113,2
6114,1
6115,2
6116,0
6117,1
6118,1
6119,1
6120,1
6121,1
6122,0
6123,0
6124,3
6125,0
6126,0
6127,4
6128,0
6129,2
6130,1
6131,0
6132,0
6133,1
6134,2
6135,2
6136,1
6137,1
6138,3
6139,1
6140,2
6141,0
6142,1
6143,0
6144,4
6145,1
6146,0
6147,1
6148,3
6149,2
6150,4
6151,1
6152,2
6153,2
6154,1
6155,1
6156,2
6157,0
6158,2
6159,0
6160,0
6161,0
6162,2
6163,2
6164,1
6165,1
6166,1
6167,0
6168,1
6169,0
6170,0
6171,2
6172,0
6173,2
6174,4
6175,0
6176,4
6177,0
6178,6
6179,1
6180,1
6181,2
6182,2
6183,3
6184,1
6185,0
6186,2
6187,0
6188,1
6189,3
6190,1
6191,2
6192,2
6193,0
6194,1
6195,0
6196,2
6197,3
6198,1
6199,1
6200,2
6201,1
6202,1
6203,0
6204,1
6205,2
6206,1
6207,4
6208,4
6209,0
6210,1
6211,0
6212,1
6213,1
6214,0
6215,0
6216,1
6217,1
6218,0
6219,1
6220,3
6221,0
6222,0
6223,1
6224,1
6225,0
6226,2
6227,1
6228,0
6229,3
6230,2
6231,0
6232,0
6233,3
6234,5
6235,0
6236,1
6237,1
6238,0
6239,3
6240,0
6241,1
6242,2
6243,3
6244,7
6245,5
6246,0
6247,3
6248,3
6249,0
6250,0
6251,0
6252,2
6253,5
6254,0
6255,0
6256,1
6257,0
6258,1
6259,0
6260,0
6261,3
6262,2
6263,2
6264,1
6265,0
6266,0
6267,1
6268,0
6269,1
6270,1
6271,0
6272,0
6273,0
6274,0
6275,2
6276,1
6277,1
6278,1
6279,1
6280,4
6281,0
6282,2
6283,2
6284,1
6285,0
6286,0
6287,0
6288,0
6289,2
6290,0
6291,3
6292,1
6293,0
6294,0
6295,2
6296,2
6297,0
6298,2
6299,1
6300,2
6301,1
6302,2
6303,0
6304,1
6305,0
6306,7
6307,0
6308,1
6309,1
6310,0
6311,3
6312,1
6313,0
6314,0
6315,0
6316,3
6317,1
6318,1
6319,2
6320,1
6321,1
6322,1
6323,0
6324,0
6325,2
6326,0
6327,2
6328,4
6329,1
6330,2
6331,1
6332,0
6333,1
6334,2
6335,0
6336,1
6337,0
6338,1
6339,2
6340,0
6341,2
6342,0
6343,1
6344,2
6345,4
6346,1
6347,3
6348,2
6349,1
6350,3
6351,0
6352,0
6353,5
6354,4
6355,0
6356,2
6357,3
6358,0
6359,1
6360,1
6361,4
6362,2
6363,1
6364,0
6365,1
6366,0
6367,0
6368,3
6369,0
6370,1
6371,0
6372,1
6373,1
6374,1
6375,3
6376,1
6377,1
6378,1
6379,0
6380,0
6381,0
6382,3
6383,4
6384,0
6385,2
6386,1
6387,1
6388,1
6389,0
6390,0
6391,2
6392,3
6393,1
6394,0
6395,0
6396,1
6397,1
6398,0
6399,2
6400,1
6401,3
6402,0
6403,1
6404,1
6405,1
6406,1
6407,1
6408,0
6409,0
6410,2
6411,3
6412,2
6413,0
6414,0
6415,0
6416,1
6417,1
6418,0
6419,3
6420,2
6421,1
6422,1
6423,1
6424,0
6425,2
6426,1
6427,0
6428,2
6429,0
6430,2
6431,1
6432,1
6433,0
6434,3
6435,0
6436,0
6437,1
6438,0
6439,0
6440,1
6441,2
6442,1
6443,2
6444,0
6445,2
6446,0
6447,1
6448,8
6449,0
6450,0
6451,0
6452,0
6453,3
6454,0
6455,2
6456,4
6457,0
6458,3
6459,1
6460,1
6461,0
6462,2
6463,0
6464,0
6465,2
6466,0
6467,5
6468,0
6469,1
6470,0
6471,2
6472,2
6473,1
6474,0
6475,0
6476,2
6477,0
6478,0
6479,0
6480,0
6481,0
6482,2
6483,2
6484,2
6485,1
6486,0
6487,0
6488,0
6489,0
6490,4
6491,1
6492,1
6493,6
6494,2
6495,3
6496,1
6497,0
6498,2
6499,0
6500,1
6501,0
6502,0
6503,0
6504,2
6505,0
6506,1
6507,0
6508,1
6509,0
6510,1
6511,2
6512,3
6513,0
6514,6
6515,1
6516,2
6517,0
6518,1
6519,1
6520,1
6521,2
6522,1
6523,1
6524,1
6525,0
6526,0
6527,1
6528,0
6529,1
6530,1
6531,0
6532,0
6533,0
6534,1
6535,1
6536,1
6537,2
6538,3
6539,1
6540,0
6541,2
6542,0
6543,0
6544,0
6545,2
6546,0
6547,1
6548,1
6549,2
6550,0
6551,0
6552,4
6553,1
6554,0
6555,1
6556,0
6557,0
6558,4
6559,3
6560,2
6561,0
6562,1
6563,0
6564,1
6565,3
6566,3
6567,1
6568,3
6569,4
6570,1
6571,0
6572,0
6573,1
6574,5
6575,2
6576,0
6577,3
6578,3
6579,1
6580,1
6581,1
6582,0
6583,0
6584,1
6585,1
6586,0
6587,4
6588,3
6589,4
6590,0
6591,0
6592,3
6593,2
6594,0
6595,1
6596,2
6597,0
6598,1
6599,0
6600,6
6601,0
6602,0
6603,0
6604,2
6605,1
6606,1
6607,1
6608,1
6609,0
6610,1
6611,1
6612,2
6613,0
6614,0
6615,1
6616,0
6617,0
6618,3
6619,1
6620,0
6621,0
6622,2
6623,0
6624,0
6625,0
6626,0
6627,0
6628,0
6629,1
6630,3
6631,1
6632,0
6633,1
6634,0
6635,3
6636,2
6637,4
6638,3
6639,2
6640,1
6641,2
6642,1
6643,1
6644,1
6645,4
6646,2
6647,0
6648,0
6649,1
6650,0
6651,1
6652,0
6653,0
6654,0
6655,4
6656,5
6657,1
6658,1
6659,4
6660,1
6661,1
6662,0
6663,2
6664,0
6665,0
6666,0
6667,0
6668,1
6669,1
6670,0
6671,0
6672,1
6673,2
6674,2
6675,0
6676,0
6677,0
6678,0
6679,1
6680,0
6681,0
6682,3
6683,1
6684,1
6685,0
6686,0
6687,1
6688,0
6689,6
6690,2
6691,5
6692,1
6693,0
6694,1
6695,3
6696,0
6697,1
6698,2
6699,0
6700,2
6701,0
6702,2
6703,2
6704,2
6705,0
6706,0
6707,4
6708,2
6709,2
6710,2
6711,1
6712,1
6713,0
6714,0
6715,1
6716,1
6717,0
6718,3
6719,2
6720,0
6721,0
6722,0
6723,2
6724,1
6725,4
6726,0
6727,6
6728,2
6729,0
6730,1
6731,1
6732,0
6733,0
6734,2
6735,0
6736,2
6737,2
6738,1
6739,3
6740,0
6741,2
6742,0
6743,1
6744,2
6745,1
6746,0
6747,3
6748,1
6749,1
6750,0
6751,0
6752,1
6753,0
6754,1
6755,1
6756,0
6757,1
6758,2
6759,1
6760,0
6761,1
6762,0
6763,0
6764,0
6765,4
6766,2
6767,4
6768,0
6769,0
6770,1
6771,0
6772,2
6773,0
6774,0
6775,2
6776,1
6777,3
6778,4
6779,3
6780,2
6781,0
6782,0
6783,1
6784,1
6785,0
6786,1
6787,0
6788,1
6789,0
6790,0
6791,0
6792,0
6793,3
6794,3
6795,1
6796,2
6797,0
6798,1
6799,2
6800,1
6801,3
6802,1
6803,1
6804,2
6805,0
6806,3
6807,0
6808,1
6809,1
6810,2
6811,0
6812,0
6813,0
6814,0
6815,2
6816,2
6817,2
6818,2
6819,2
6820,2
6821,0
6822,2
6823,1
6824,0
6825,1
6826,0
6827,0
6828,1
6829,1
6830,1
6831,4
6832,1
6833,2
6834,0
6835,0
6836,1
6837,0
6838,4
6839,1
6840,0
6841,1
6842,0
6843,2
6844,2
6845,0
6846,0
6847,3
6848,3
6849,2
6850,0
6851,0
6852,0
6853,0
6854,3
6855,0
6856,1
6857,0
6858,1
6859,0
6860,3
6861,0
6862,2
6863,0
6864,1
6865,0
6866,1
6867,2
6868,1
6869,2
6870,4
6871,0
6872,3
6873,3
6874,0
6875,0
6876,0
6877,2
6878,3
6879,0
6880,0
6881,1
6882,2
6883,0
6884,3
6885,3
6886,2
6887,9
6888,0
6889,0
6890,2
6891,2
6892,1
6893,0
6894,0
6895,0
6896,0
6897,0
6898,1
6899,0
6900,0
6901,1
6902,0
6903,2
6904,1
6905,0
6906,2
6907,3
6908,2
6909,0
6910,5
6911,1
6912,0
6913,1
6914,0
6915,1
6916,0
6917,0
6918,0
6919,0
6920,1
6921,1
6922,5
6923,3
6924,0
6925,0
6926,1
6927,3
6928,0
6929,0
6930,0
6931,0
6932,0
6933,2
6934,2
6935,0
6936,1
6937,2
6938,2
6939,2
6940,1
6941,1
6942,3
6943,0
6944,1
6945,3
6946,0
6947,0
6948,0
6949,2
6950,1
6951,1
6952,0
6953,2
6954,0
6955,2
6956,4
6957,2
6958,1
6959,1
6960,0
6961,0
6962,1
6963,0
6964,1
6965,1
6966,0
6967,0
6968,0
6969,0
6970,0
6971,2
6972,0
6973,0
6974,0
6975,2
6976,2
6977,0
6978,0
6979,1
6980,0
6981,5
6982,0
6983,3
6984,0
6985,0
6986,2
6987,0
6988,3
6989,0
6990,1
6991,6
6992,2
6993,5
6994,1
6995,5
6996,0
6997,0
6998,3
6999,2
7000,1
7001,1
7002,2
7003,2
7004,0
7005,2
7006,3
7007,2
7008,1
7009,1
7010,4
7011,3
7012,2
7013,4
7014,2
7015,4
7016,0
7017,1
7018,0
7019,0
7020,3
7021,2
7022,2
7023,0
7024,2
7025,1
7026,0
7027,2
7028,1
7029,0
7030,1
7031,0
7032,1
7033,1
7034,0
7035,3
7036,0
7037,0
7038,0
7039,2
7040,1
7041,0
7042,1
7043,0
7044,1
7045,1
7046,1
7047,4
7048,0
7049,0
7050,3
7051,0
7052,3
7053,3
7054,0
7055,0
7056,0
7057,0
7058,0
7059,1
7060,1
7061,1
7062,0
7063,5
7064,1
7065,1
7066,1
7067,1
7068,1
7069,2
7070,1
7071,1
7072,1
7073,1
7074,0
7075,0
7076,1
7077,0
7078,1
7079,0
7080,0
7081,1
7082,0
7083,3
7084,0
7085,2
7086,2
7087,2
7088,1
7089,0
7090,2
7091,0
7092,0
7093,1
7094,2
7095,4
7096,1
7097,3
7098,1
7099,0
7100,0
7101,5
7102,0
7103,1
7104,1
7105,1
7106,2
7107,0
7108,1
7109,1
7110,4
7111,0
7112,2
7113,1
7114,2
7115,2
7116,2
7117,3
7118,0
7119,0
7120,1
7121,0
7122,2
7123,1
7124,2
7125,2
7126,2
7127,1
7128,1
7129,0
7130,0
7131,0
7132,0
7133,1
7134,0
7135,2
7136,1
7137,4
7138,2
7139,1
7140,1
7141,1
7142,4
7143,2
7144,3
7145,2
7146,0
7147,2
7148,2
7149,1
7150,0
7151,1
7152,1
7153,0
7154,1
7155,2
7156,0
7157,0
7158,0
7159,0
7160,1
7161,4
7162,4
7163,1
7164,1
7165,2
7166,1
7167,1
7168,0
7169,0
7170,1
7171,1
7172,2
7173,1
7174,0
7175,0
7176,0
7177,1
7178,2
7179,2
7180,1
7181,0
7182,6
7183,3
7184,0
7185,0
7186,1
7187,0
7188,1
7189,0
7190,3
7191,1
7192,0
7193,0
7194,2
7195,0
7196,1
7197,5
7198,4
7199,0
7200,2
7201,2
7202,2
7203,1
7204,1
7205,0
7206,1
7207,0
7208,1
7209,1
7210,2
7211,0
7212,4
7213,0
7214,1
7215,1
7216,1
7217,1
7218,1
7219,1
7220,2
7221,0
7222,2
7223,2
7224,1
7225,0
7226,0
7227,3
7228,1
7229,2
7230,2
7231,1
7232,5
7233,1
7234,0
7235,1
7236,0
7237,1
7238,5
7239,3
7240,0
7241,1
7242,5
7243,0
7244,0
7245,0
7246,1
7247,3
7248,1
7249,1
7250,0
7251,0
7252,2
7253,2
7254,1
7255,3
7256,3
7257,1
7258,1
7259,0
7260,0
7261,1
7262,1
7263,4
7264,1
7265,1
7266,0
7267,1
7268,2
7269,0
7270,2
7271,1
7272,3
7273,0
7274,1
7275,1
7276,2
7277,0
7278,3
7279,1
7280,0
7281,1
7282,2
7283,0
7284,0
7285,1
7286,0
7287,3
7288,7
7289,1
7290,1
7291,2
7292,3
7293,1
7294,1
7295,0
7296,0
7297,1
7298,2
7299,1
7300,2
7301,1
7302,0
7303,1
7304,0
7305,1
7306,0
7307,1
7308,0
7309,0
7310,2
7311,4
7312,2
7313,0
7314,0
7315,0
7316,2
7317,1
7318,0
7319,2
7320,0
7321,3
7322,1
7323,1
7324,0
7325,1
7326,3
7327,1
7328,0
7329,0
7330,0
7331,3
7332,0
7333,2
7334,1
7335,2
7336,2
7337,1
7338,0
7339,1
7340,2
7341,2
7342,1
7343,0
7344,2
7345,1
7346,0
7347,1
7348,1
7349,0
7350,0
7351,0
7352,3
7353,3
7354,2
7355,1
7356,0
7357,0
7358,1
7359,2
7360,1
7361,0
7362,0
7363,1
7364,0
7365,1
7366,2
7367,1
7368,2
7369,0
7370,0
7371,1
7372,2
7373,1
7374,0
7375,1
7376,3
7377,1
7378,0
7379,3
7380,3
7381,2
7382,1
7383,3
7384,1
7385,1
7386,2
7387,3
7388,0
7389,3
7390,1
7391,1
7392,3
7393,1
7394,0
7395,0
7396,2
7397,2
7398,0
7399,2
7400,1
7401,0
7402,0
7403,0
7404,2
7405,0
7406,3
7407,0
7408,0
7409,3
7410,0
7411,0
7412,2
7413,0
7414,1
7415,0
7416,1
7417,1
7418,0
7419,3
7420,0
7421,3
7422,0
7423,1
7424,2
7425,0
7426,1
7427,1
7428,2
7429,0
7430,1
7431,1
7432,0
7433,1
7434,0
7435,1
7436,0
7437,1
7438,2
7439,4
7440,2
7441,1
7442,3
7443,2
7444,3
7445,0
7446,1
7447,4
7448,0
7449,0
7450,1
7451,0
7452,0
7453,1
7454,1
7455,1
7456,1
7457,2
7458,4
7459,0
7460,2
7461,1
7462,2
7463,1
7464,0
7465,1
7466,2
7467,1
7468,0
7469,0
7470,2
7471,1
7472,1
7473,0
7474,2
7475,0
7476,0
7477,2
7478,2
7479,1
7480,2
7481,3
7482,0
7483,0
7484,1
7485,2
7486,1
7487,1
7488,0
7489,2
7490,2
7491,0
7492,3
7493,4
7494,1
7495,4
7496,2
7497,0
7498,2
7499,0
7500,0
7501,0
7502,2
7503,0
7504,1
7505,0
7506,1
7507,1
7508,1
7509,3
7510,0
7511,3
7512,1
7513,0
7514,1
7515,1
7516,7
7517,0
7518,0
7519,2
7520,2
7521,1
7522,5
7523,0
7524,4
7525,1
7526,2
7527,1
7528,1
7529,0
7530,1
7531,1
7532,0
7533,1
7534,4
7535,0
7536,0
7537,1
7538,0
7539,3
7540,0
7541,2
7542,0
7543,0
7544,2
7545,0
7546,0
7547,2
7548,0
7549,1
7550,0
7551,0
7552,1
7553,0
7554,1
7555,1
7556,1
7557,1
7558,1
7559,0
7560,0
7561,1
7562,2
7563,1
7564,1
7565,0
7566,0
7567,1
7568,2
7569,1
7570,0
7571,1
7572,0
7573,0
7574,0
7575,0
7576,1
7577,0
7578,0
7579,2
7580,1
7581,0
7582,1
7583,5
7584,1
7585,4
7586,1
7587,0
7588,0
7589,3
7590,0
7591,1
7592,1
7593,0
7594,3
7595,0
7596,0
7597,2
7598,0
7599,0
7600,0
7601,0
7602,0
7603,0
7604,0
7605,1
7606,1
7607,0
7608,0
7609,0
7610,3
7611,2
7612,2
7613,0
7614,0
7615,1
7616,0
7617,0
7618,1
7619,2
7620,2
7621,2
7622,0
7623,0
7624,1
7625,1
7626,2
7627,0
7628,0
7629,2
7630,4
7631,0
7632,0
7633,2
7634,1
7635,0
7636,0
7637,1
7638,0
7639,0
7640,0
7641,0
7642,0
7643,0
7644,0
7645,1
7646,0
7647,0
7648,1
7649,2
7650,2
7651,1
7652,0
7653,0
7654,2
7655,0
7656,0
7657,1
7658,0
7659,3
7660,0
7661,1
7662,0
7663,0
7664,0
7665,0
7666,0
7667,1
7668,1
7669,1
7670,3
7671,0
7672,0
7673,1
7674,4
7675,0
7676,0
7677,0
7678,1
7679,4
7680,0
7681,0
7682,3
7683,1
7684,0
7685,1
7686,0
7687,0
7688,1
7689,2
7690,2
7691,0
7692,1
7693,0
7694,2
7695,2
7696,0
7697,0
7698,3
7699,0
7700,0
7701,0
7702,0
7703,0
7704,1
7705,1
7706,0
7707,1
7708,0
7709,0
7710,3
7711,3
7712,2
7713,3
7714,3
7715,1
7716,1
7717,1
7718,2
7719,0
7720,1
7721,2
7722,1
7723,0
7724,0
7725,2
7726,0
7727,2
7728,1
7729,1
7730,0
7731,2
7732,3
7733,0
7734,1
7735,0
7736,2
7737,0
7738,3
7739,1
7740,2
7741,1
7742,0
7743,0
7744,2
7745,0
7746,0
7747,0
7748,1
7749,1
7750,2
7751,0
7752,0
7753,0
7754,0
7755,1
7756,2
7757,1
7758,2
7759,2
7760,2
7761,0
7762,2
7763,2
7764,1
7765,2
7766,0
7767,2
7768,1
7769,2
7770,1
7771,0
7772,0
7773,2
7774,2
7775,1
7776,0
7777,0
7778,2
7779,0
7780,0
7781,1
7782,1
7783,0
7784,3
7785,1
7786,1
7787,2
7788,3
7789,0
7790,1
7791,1
7792,5
7793,1
7794,1
7795,1
7796,1
7797,1
7798,2
7799,1
7800,0
7801,0
7802,1
7803,2
7804,1
7805,1
7806,1
7807,1
7808,0
7809,0
7810,6
7811,3
7812,0
7813,2
7814,2
7815,2
7816,1
7817,0
7818,1
7819,0
7820,1
7821,0
7822,0
7823,0
7824,1
7825,0
7826,1
7827,0
7828,1
7829,4
7830,2
7831,1
7832,1
7833,1
7834,0
7835,1
7836,0
7837,1
7838,2
7839,2
7840,1
7841,1
7842,0
7843,3
7844,1
7845,1
7846,1
7847,2
7848,0
7849,2
7850,1
7851,5
7852,2
7853,0
7854,0
7855,0
7856,1
7857,2
7858,0
7859,2
7860,0
7861,0
7862,1
7863,0
7864,0
7865,3
7866,1
7867,0
7868,1
7869,1
7870,4
7871,0
7872,2
7873,1
7874,0
7875,0
7876,1
7877,1
7878,1
7879,0
7880,1
7881,2
7882,1
7883,0
7884,1
7885,0
7886,1
7887,2
7888,0
7889,0
7890,1
7891,0
7892,0
7893,0
7894,1
7895,2
7896,1
7897,0
7898,1
7899,1
7900,3
7901,1
7902,0
7903,0
7904,1
7905,1
7906,4
7907,2
7908,1
7909,0
7910,0
7911,1
7912,0
7913,0
7914,0
7915,0
7916,0
7917,1
7918,0
7919,2
7920,0
7921,3
7922,1
7923,3
7924,1
7925,0
7926,0
7927,0
7928,3
7929,1
7930,4
7931,0
7932,1
7933,0
7934,1
7935,2
7936,1
7937,1
7938,3
7939,3
7940,2
7941,0
7942,1
7943,0
7944,1
7945,1
7946,0
7947,1
7948,0
7949,1
7950,1
7951,0
7952,2
7953,0
7954,0
7955,3
7956,1
7957,0
7958,2
7959,0
7960,2
7961,4
7962,0
7963,0
7964,1
7965,2
7966,1
7967,2
7968,1
7969,1
7970,2
7971,0
7972,4
7973,1
7974,0
7975,0
7976,0
7977,0
7978,1
7979,0
7980,2
7981,0
7982,0
7983,5
7984,3
7985,3
7986,2
7987,2
7988,2
7989,1
7990,1
7991,4
7992,0
7993,0
7994,0
7995,3
7996,0
7997,3
7998,2
7999,0
8000,1
8001,0
8002,5
8003,0
8004,1
8005,2
8006,2
8007,1
8008,0
8009,2
8010,1
8011,4
8012,0
8013,3
8014,1
8015,0
8016,0
8017,3
8018,1
8019,3
8020,0
8021,1
8022,2
8023,1
8024,2
8025,2
8026,2
8027,1
8028,0
8029,3
8030,0
8031,4
8032,1
8033,0
8034,2
8035,0
8036,0
8037,1
8038,0
8039,0
8040,1
8041,2
8042,0
8043,2
8044,1
8045,0
8046,1
8047,4
8048,2
8049,0
8050,1
8051,0
8052,0
8053,0
8054,1
8055,0
8056,0
8057,4
8058,2
8059,1
8060,3
8061,1
8062,1
8063,2
8064,4
8065,2
8066,4
8067,0
8068,4
8069,0
8070,1
8071,1
8072,1
8073,2
8074,0
8075,0
8076,1
8077,3
8078,3
8079,0
8080,0
8081,2
8082,1
8083,0
8084,2
8085,0
8086,1
8087,1
8088,4
8089,2
8090,0
8091,3
8092,3
8093,1
8094,3
8095,1
8096,0
8097,1
8098,0
8099,0
8100,1
8101,2
8102,1
8103,3
8104,0
8105,0
8106,1
8107,1
8108,1
8109,2
8110,3
8111,5
8112,1
8113,0
8114,0
8115,3
8116,1
8117,1
8118,4
8119,0
8120,0
8121,2
8122,1
8123,0
8124,2
8125,0
8126,1
8127,0
8128,2
8129,0
8130,1
8131,1
8132,0
8133,1
8134,1
8135,1
8136,1
8137,2
8138,1
8139,0
8140,0
8141,2
8142,3
8143,0
8144,3
8145,2
8146,1
8147,3
8148,1
8149,0
8150,1
8151,2
8152,0
8153,2
8154,0
8155,2
8156,3
8157,1
8158,0
8159,1
8160,1
8161,0
8162,1
8163,1
8164,2
8165,0
8166,1
8167,2
8168,2
8169,0
8170,0
8171,0
8172,1
8173,1
8174,2
8175,4
8176,0
8177,1
8178,0
8179,0
8180,1
8181,0
8182,0
8183,0
8184,0
8185,0
8186,1
8187,2
8188,2
8189,4
8190,0
8191,0
8192,2
8193,3
8194,0
8195,0
8196,0
8197,0
8198,0
8199,1
8200,1
8201,0
8202,0
8203,0
8204,1
8205,3
8206,1
8207,0
8208,1
8209,1
8210,0
8211,1
8212,1
8213,2
8214,0
8215,0
8216,2
8217,5
8218,1
8219,1
8220,1
8221,2
8222,1
8223,0
8224,0
8225,0
8226,1
8227,2
8228,1
8229,1
8230,2
8231,4
8232,1
8233,2
8234,1
8235,0
8236,1
8237,1
8238,1
8239,1
8240,1
8241,1
8242,0
8243,1
8244,0
8245,1
8246,1
8247,0
8248,0
8249,1
8250,3
8251,1
8252,0
8253,3
8254,3
8255,2
8256,3
8257,2
8258,1
8259,1
8260,3
8261,1
8262,2
8263,2
8264,0
8265,0
8266,1
8267,0
8268,0
8269,2
8270,0
8271,2
8272,0
8273,2
8274,1
8275,3
8276,0
8277,0
8278,0
8279,3
8280,1
8281,2
8282,1
8283,1
8284,1
8285,2
8286,0
8287,1
8288,0
8289,0
8290,0
8291,1
8292,1
8293,0
8294,0
8295,0
8296,0
8297,0
8298,0
8299,1
8300,2
8301,2
8302,0
8303,1
8304,2
8305,2
8306,1
8307,0
8308,0
8309,0
8310,0
8311,1
8312,0
8313,3
8314,0
8315,2
8316,1
8317,2
8318,0
8319,3
8320,1
8321,0
8322,2
8323,0
8324,0
8325,2
8326,1
8327,2
8328,1
8329,1
8330,6
8331,0
8332,0
8333,2
8334,0
8335,0
8336,0
8337,2
8338,0
8339,1
8340,2
8341,2
8342,1
8343,0
8344,4
8345,3
8346,2
8347,0
8348,0
8349,1
8350,1
8351,2
8352,2
8353,0
8354,1
8355,0
8356,0
8357,1
8358,0
8359,2
8360,1
8361,0
8362,2
8363,2
8364,1
8365,1
8366,0
8367,3
8368,2
8369,0
8370,2
8371,1
8372,0
8373,0
8374,1
8375,1
8376,0
8377,2
8378,3
8379,1
8380,2
8381,0
8382,1
8383,0
8384,2
8385,0
8386,1
8387,1
8388,0
8389,2
8390,1
8391,3
8392,1
8393,1
8394,0
8395,0
8396,0
8397,0
8398,2
8399,1
8400,1
8401,1
8402,0
8403,0
8404,0
8405,0
8406,3
8407,0
8408,2
8409,2
8410,3
8411,0
8412,2
8413,1
8414,0
8415,3
8416,1
8417,0
8418,2
8419,4
8420,3
8421,1
8422,2
8423,0
8424,1
8425,1
8426,0
8427,0
8428,1
8429,0
8430,1
8431,1
8432,1
8433,3
8434,4
8435,1
8436,0
8437,1
8438,1
8439,2
8440,3
8441,1
8442,0
8443,2
8444,1
8445,0
8446,0
8447,1
8448,1
8449,3
8450,1
8451,2
8452,4
8453,1
8454,0
8455,0
8456,0
8457,1
8458,0
8459,0
8460,3
8461,0
8462,3
8463,2
8464,2
8465,1
8466,1
8467,1
8468,0
8469,2
8470,0
8471,1
8472,0
8473,2
8474,0
8475,0
8476,0
8477,1
8478,2
8479,1
8480,0
8481,0
8482,3
8483,0
8484,2
8485,1
8486,2
8487,1
8488,2
8489,0
8490,0
8491,1
8492,0
8493,2
8494,2
8495,2
8496,1
8497,1
8498,2
8499,2
8500,2
8501,0
8502,1
8503,1
8504,3
8505,0
8506,0
8507,2
8508,0
8509,0
8510,0
8511,1
8512,0
8513,0
8514,2
8515,0
8516,1
8517,3
8518,1
8519,1
8520,0
8521,2
8522,3
8523,2
8524,0
8525,2
8526,1
8527,1
8528,1
8529,0
8530,1
8531,0
8532,1
8533,0
8534,0
8535,0
8536,1
8537,1
8538,1
8539,0
8540,0
8541,0
8542,2
8543,3
8544,1
8545,1
8546,0
8547,0
8548,2
8549,2
8550,0
8551,2
8552,0
8553,0
8554,1
8555,3
8556,1
8557,1
8558,0
8559,0
8560,0
8561,0
8562,3
8563,2
8564,2
8565,2
8566,1
8567,1
8568,0
8569,0
8570,0
8571,4
8572,0
8573,2
8574,3
8575,4
8576,0
8577,0
8578,3
8579,0
8580,3
8581,0
8582,1
8583,0
8584,1
8585,2
8586,0
8587,2
8588,0
8589,2
8590,0
8591,3
8592,1
8593,0
8594,2
8595,4
8596,1
8597,1
8598,0
8599,1
8600,1
8601,1
8602,3
8603,0
8604,0
8605,0
8606,0
8607,0
8608,0
8609,1
8610,0
8611,0
8612,1
8613,0
8614,1
8615,0
8616,2
8617,0
8618,3
8619,0
8620,0
8621,0
8622,1
8623,0
8624,3
8625,1
8626,1
8627,3
8628,2
8629,1
8630,1
8631,0
8632,1
8633,0
8634,0
8635,3
8636,1
8637,1
8638,1
8639,2
8640,1
8641,1
8642,0
8643,0
8644,2
8645,2
8646,2
8647,1
8648,1
8649,1
8650,2
8651,0
8652,0
8653,0
8654,0
8655,1
8656,0
8657,1
8658,1
8659,0
8660,1
8661,3
8662,2
8663,2
8664,1
8665,2
8666,0
8667,1
8668,3
8669,1
8670,1
8671,0
8672,2
8673,0
8674,1
8675,2
8676,0
8677,0
8678,2
8679,2
8680,2
8681,2
8682,0
8683,3
8684,1
8685,0
8686,3
8687,1
8688,2
8689,2
8690,0
8691,0
8692,3
8693,0
8694,0
8695,0
8696,1
8697,1
8698,1
8699,3
8700,1
8701,1
8702,1
8703,2
8704,1
8705,4
8706,0
8707,2
8708,2
8709,1
8710,2
8711,1
8712,3
8713,1
8714,1
8715,1
8716,0
8717,1
8718,1
8719,1
8720,4
8721,0
8722,1
8723,1
8724,0
8725,0
8726,1
8727,1
8728,2
8729,0
8730,2
8731,3
8732,0
8733,1
8734,1
8735,1
8736,0
8737,1
8738,2
8739,0
8740,1
8741,0
8742,2
8743,2
8744,0
8745,0
8746,0
8747,0
8748,1
8749,1
8750,0
8751,3
8752,0
8753,1
8754,2
8755,1
8756,0
8757,0
8758,0
8759,0
8760,0
8761,0
8762,2
8763,1
8764,3
8765,0
8766,0
8767,1
8768,1
8769,0
8770,1
8771,0
8772,1
8773,1
8774,1
8775,1
8776,0
8777,0
8778,3
8779,2
8780,0
8781,0
8782,3
8783,3
8784,1
8785,1
8786,2
8787,3
8788,0
8789,0
8790,2
8791,0
8792,1
8793,2
8794,1
8795,0
8796,1
8797,0
8798,0
8799,1
8800,0
8801,1
8802,0
8803,1
8804,1
8805,0
8806,0
8807,1
8808,2
8809,1
8810,1
8811,2
8812,3
8813,1
8814,1
8815,0
8816,0
8817,4
8818,0
8819,0
8820,4
8821,0
8822,2
8823,3
8824,1
8825,1
8826,1
8827,1
8828,0
8829,1
8830,0
8831,0
8832,4
8833,1
8834,0
8835,1
8836,0
8837,0
8838,0
8839,2
8840,0
8841,2
8842,0
8843,2
8844,0
8845,1
8846,4
8847,2
8848,1
8849,2
8850,2
8851,0
8852,0
8853,1
8854,3
8855,0
8856,1
8857,1
8858,2
8859,1
8860,0
8861,1
8862,0
8863,1
8864,1
8865,0
8866,1
8867,1
8868,2
8869,0
8870,2
8871,0
8872,3
8873,0
8874,0
8875,0
8876,3
8877,1
8878,0
8879,1
8880,0
8881,1
8882,1
8883,0
8884,0
8885,1
8886,1
8887,1
8888,7
8889,0
8890,2
8891,1
8892,0
8893,4
8894,1
8895,0
8896,0
8897,1
8898,1
8899,2
8900,0
8901,0
8902,0
8903,0
8904,3
8905,0
8906,1
8907,4
8908,0
8909,0
8910,3
8911,0
8912,4
8913,2
8914,0
8915,2
8916,1
8917,0
8918,0
8919,2
8920,1
8921,2
8922,0
8923,1
8924,1
8925,2
8926,0
8927,1
8928,0
8929,0
8930,1
8931,1
8932,0
8933,1
8934,4
8935,0
8936,3
8937,0
8938,1
8939,0
8940,0
8941,0
8942,0
8943,1
8944,1
8945,4
8946,0
8947,0
8948,0
8949,0
8950,0
8951,1
8952,4
8953,1
8954,0
8955,2
8956,1
8957,2
8958,2
8959,3
8960,0
8961,0
8962,1
8963,0
8964,1
8965,1
8966,1
8967,0
8968,0
8969,1
8970,1
8971,0
8972,0
8973,0
8974,0
8975,1
8976,1
8977,1
8978,3
8979,3
8980,2
8981,1
8982,4
8983,3
8984,0
8985,4
8986,1
8987,1
8988,3
8989,1
8990,2
8991,2
8992,0
8993,0
8994,1
8995,1
8996,0
8997,4
8998,0
8999,1
9000,2
9001,0
9002,1
9003,1
9004,1
9005,1
9006,2
9007,1
9008,3
9009,0
9010,1
9011,1
9012,1
9013,0
9014,0
9015,2
9016,0
9017,1
9018,1
9019,3
9020,0
9021,0
9022,1
9023,4
9024,0
9025,1
9026,0
9027,1
9028,0
9029,0
9030,1
9031,1
9032,1
9033,0
9034,2
9035,2
9036,1
9037,2
9038,0
9039,1
9040,0
9041,3
9042,1
9043,1
9044,4
9045,4
9046,2
9047,0
9048,1
9049,0
9050,0
9051,0
9052,0
9053,1
9054,1
9055,1
9056,1
9057,1
9058,0
9059,3
9060,0
9061,4
9062,0
9063,1
9064,0
9065,1
9066,0
9067,0
9068,2
9069,1
9070,0
9071,1
9072,1
9073,3
9074,1
9075,0
9076,1
9077,2
9078,0
9079,1
9080,2
9081,2
9082,2
9083,0
9084,1
9085,2
9086,3
9087,0
9088,1
9089,1
9090,0
9091,0
9092,0
9093,0
9094,0
9095,0
9096,0
9097,0
9098,2
9099,2
9100,0
9101,1
9102,1
9103,1
9104,1
9105,0
9106,1
9107,1
9108,1
9109,1
9110,1
9111,1
9112,1
9113,3
9114,2
9115,2
9116,1
9117,0
9118,0
9119,0
9120,1
9121,0
9122,2
9123,2
9124,1
9125,2
9126,0
9127,0
9128,0
9129,2
9130,3
9131,1
9132,0
9133,1
9134,1
9135,0
9136,1
9137,0
9138,0
9139,1
9140,0
9141,3
9142,1
9143,2
9144,3
9145,3
9146,1
9147,1
9148,2
9149,2
9150,4
9151,0
9152,0
9153,0
9154,1
9155,3
9156,3
9157,0
9158,1
9159,4
9160,0
9161,1
9162,1
9163,0
9164,2
9165,0
9166,0
9167,2
9168,1
9169,3
9170,3
9171,2
9172,1
9173,1
9174,0
9175,2
9176,0
9177,0
9178,3
9179,1
9180,1
9181,3
9182,0
9183,0
9184,0
9185,0
9186,4
9187,1
9188,0
9189,1
9190,1
9191,0
9192,1
9193,1
9194,1
9195,1
9196,0
9197,0
9198,2
9199,3
9200,0
9201,1
9202,2
9203,2
9204,2
9205,2
9206,1
9207,0
9208,1
9209,0
9210,3
9211,2
9212,0
9213,1
9214,0
9215,0
9216,1
9217,0
9218,0
9219,0
9220,0
9221,1
9222,2
9223,1
9224,0
9225,4
9226,1
9227,1
9228,2
9229,3
9230,0
9231,0
9232,0
9233,0
9234,1
9235,2
9236,0
9237,2
9238,0
9239,1
9240,1
9241,0
9242,1
9243,0
9244,0
9245,2
9246,0
9247,2
9248,1
9249,2
9250,2
9251,2
9252,2
9253,0
9254,2
9255,1
9256,1
9257,2
9258,2
9259,1
9260,1
9261,1
9262,2
9263,1
9264,1
9265,5
9266,1
9267,1
9268,0
9269,3
9270,1
9271,3
9272,0
9273,2
9274,1
9275,1
9276,0
9277,1
9278,1
9279,0
9280,2
9281,1
9282,3
9283,0
9284,1
9285,0
9286,0
9287,0
9288,2
9289,0
9290,1
9291,2
9292,3
9293,4
9294,3
9295,0
9296,0
9297,1
9298,0
9299,0
9300,3
9301,1
9302,1
9303,3
9304,1
9305,0
9306,1
9307,1
9308,2
9309,1
9310,0
9311,1
9312,0
9313,0
9314,1
9315,3
9316,0
9317,3
9318,0
9319,0
9320,3
9321,1
9322,0
9323,0
9324,1
9325,2
9326,3
9327,0
9328,1
9329,1
9330,1
9331,1
9332,0
9333,1
9334,0
9335,2
9336,1
9337,2
9338,4
9339,1
9340,2
9341,1
9342,1
9343,3
9344,0
9345,2
9346,1
9347,1
9348,1
9349,0
9350,2
9351,1
9352,0
9353,0
9354,0
9355,2
9356,1
9357,2
9358,0
9359,2
9360,2
9361,1
9362,1
9363,0
9364,1
9365,0
9366,1
9367,3
9368,0
9369,2
9370,2
9371,3
9372,3
9373,1
9374,2
9375,1
9376,0
9377,1
9378,0
9379,2
9380,0
9381,1
9382,1
9383,2
9384,0
9385,3
9386,1
9387,0
9388,1
9389,2
9390,1
9391,1
9392,2
9393,1
9394,1
9395,0
9396,1
9397,1
9398,0
9399,2
9400,0
9401,1
9402,1
9403,0
9404,0
9405,0
9406,1
9407,4
9408,1
9409,1
9410,0
9411,0
9412,0
9413,1
9414,2
9415,0
9416,0
9417,0
9418,1
9419,1
9420,1
9421,0
9422,1
9423,1
9424,2
9425,0
9426,1
9427,0
9428,1
9429,2
9430,1
9431,0
9432,2
9433,0
9434,0
9435,0
9436,2
9437,3
9438,2
9439,0
9440,3
9441,0
9442,3
9443,1
9444,0
9445,1
9446,0
9447,2
9448,1
9449,2
9450,0
9451,0
9452,2
9453,1
9454,1
9455,1
9456,1
9457,0
9458,0
9459,3
9460,0
9461,1
9462,1
9463,5
9464,0
9465,4
9466,0
9467,1
9468,3
9469,0
9470,0
9471,1
9472,1
9473,0
9474,1
9475,0
9476,1
9477,0
9478,0
9479,1
9480,1
9481,1
9482,3
9483,3
9484,0
9485,0
9486,1
9487,1
9488,0
9489,2
9490,0
9491,3
9492,2
9493,0
9494,1
9495,1
9496,0
9497,0
9498,0
9499,1
9500,0
9501,1
9502,2
9503,1
9504,2
9505,1
9506,0
9507,2
9508,0
9509,1
9510,2
9511,1
9512,1
9513,0
9514,2
9515,1
9516,1
9517,1
9518,0
9519,0
9520,2
9521,0
9522,3
9523,2
9524,1
9525,0
9526,0
9527,0
9528,1
9529,2
9530,1
9531,2
9532,1
9533,2
9534,0
9535,4
9536,3
9537,2
9538,0
9539,1
9540,2
9541,1
9542,4
9543,1
9544,0
9545,0
9546,1
9547,4
9548,0
9549,0
9550,0
9551,1
9552,2
9553,0
9554,2
9555,0
9556,0
9557,3
9558,0
9559,4
9560,3
9561,1
9562,2
9563,3
9564,1
9565,2
9566,1
9567,1
9568,0
9569,0
9570,0
9571,0
9572,1
9573,0
9574,0
9575,1
9576,0
9577,1
9578,3
9579,2
9580,2
9581,1
9582,0
9583,2
9584,2
9585,0
9586,0
9587,0
9588,0
9589,1
9590,2
9591,1
9592,0
9593,2
9594,1
9595,2
9596,2
9597,1
9598,0
9599,3
9600,1
9601,0
9602,2
9603,1
9604,3
9605,0
9606,1
9607,1
9608,3
9609,2
9610,1
9611,0
9612,2
9613,1
9614,1
9615,1
9616,0
9617,2
9618,0
9619,1
9620,3
9621,1
9622,0
9623,1
9624,0
9625,0
9626,0
9627,3
9628,1
9629,1
9630,2
9631,1
9632,5
9633,0
9634,1
9635,0
9636,0
9637,1
9638,4
9639,3
9640,1
9641,0
9642,3
9643,0
9644,1
9645,1
9646,1
9647,2
9648,0
9649,0
9650,1
9651,2
9652,0
9653,1
9654,1
9655,2
9656,3
9657,0
9658,1
9659,0
9660,0
9661,1
9662,1
9663,1
9664,3
9665,3
9666,0
9667,2
9668,0
9669,2
9670,3
9671,0
9672,1
9673,2
9674,0
9675,0
9676,0
9677,0
9678,1
9679,1
9680,2
9681,5
9682,2
9683,1
9684,2
9685,2
9686,0
9687,2
9688,0
9689,1
9690,1
9691,3
9692,0
9693,0
9694,0
9695,0
9696,1
9697,1
9698,3
9699,4
9700,1
9701,0
9702,1
9703,0
9704,1
9705,1
9706,1
9707,1
9708,1
9709,3
9710,0
9711,0
9712,2
9713,2
9714,0
9715,1
9716,2
9717,0
9718,0
9719,0
9720,0
9721,2
9722,0
9723,1
9724,0
9725,0
9726,0
9727,0
9728,0
9729,1
9730,0
9731,1
9732,3
9733,0
9734,0
9735,1
9736,2
9737,4
9738,1
9739,0
9740,1
9741,1
9742,1
9743,0
9744,1
9745,3
9746,1
9747,0
9748,0
9749,2
9750,3
9751,2
9752,0
9753,0
9754,0
9755,0
9756,1
9757,0
9758,2
9759,2
9760,1
9761,2
9762,0
9763,0
9764,1
9765,1
9766,0
9767,0
9768,1
9769,2
9770,0
9771,0
9772,1
9773,0
9774,2
9775,1
9776,0
9777,1
9778,1
9779,2
9780,0
9781,0
9782,0
9783,0
9784,2
9785,1
9786,0
9787,1
9788,1
9789,0
9790,0
9791,1
9792,0
9793,0
9794,1
9795,2
9796,0
9797,1
9798,0
9799,0
9800,1
9801,1
9802,2
9803,0
9804,2
9805,0
9806,3
9807,1
9808,0
9809,1
9810,1
9811,0
9812,0
9813,2
9814,2
9815,0
9816,1
9817,1
9818,2
9819,0
9820,1
9821,1
9822,1
9823,2
9824,1
9825,1
9826,0
9827,1
9828,2
9829,0
9830,1
9831,1
9832,0
9833,2
9834,1
9835,2
9836,0
9837,2
9838,1
9839,2
9840,0
9841,0
9842,1
9843,1
9844,0
9845,0
9846,0
9847,0
9848,1
9849,0
9850,1
9851,0
9852,2
9853,1
9854,1
9855,0
9856,1
9857,1
9858,1
9859,1
9860,2
9861,0
9862,1
9863,0
9864,0
9865,0
9866,0
9867,2
9868,1
9869,1
9870,1
9871,1
9872,2
9873,0
9874,0
9875,0
9876,2
9877,1
9878,1
9879,0
9880,1
9881,0
9882,1
9883,0
9884,0
9885,0
9886,0
9887,1
9888,0
9889,2
9890,2
9891,1
9892,1
9893,0
9894,3
9895,2
9896,2
9897,1
9898,4
9899,2
9900,1
9901,0
9902,0
9903,1
9904,0
9905,0
9906,0
9907,1
9908,0
9909,1
9910,3
9911,0
9912,0
9913,1
9914,2
9915,0
9916,3
9917,1
9918,0
9919,2
9920,0
9921,0
9922,1
9923,2
9924,0
9925,0
9926,1
9927,0
9928,3
9929,3
9930,0
9931,1
9932,0
9933,1
9934,1
9935,0
9936,0
9937,1
9938,1
9939,0
9940,1
9941,1
9942,0
9943,4
9944,0
9945,1
9946,0
9947,0
9948,3
9949,6
9950,1
9951,0
9952,2
9953,2
9954,1
9955,0
9956,0
9957,1
9958,2
9959,0
9960,0
9961,1
9962,1
9963,0
9964,0
9965,0
9966,2
9967,0
9968,3
9969,2
9970,0
9971,1
9972,3
9973,1
9974,2
9975,0
9976,1
9977,2
9978,1
9979,3
9980,1
9981,0
9982,2
9983,4
9984,0
9985,2
9986,2
9987,0
9988,1
9989,1
9990,0
9991,2
9992,1
9993,1
9994,1
9995,1
9996,3
9997,1
9998,1
9999,1
