0,88
1,75
2,0
3,134
4,51
5,0
6,6
7,0
8,0
9,122
10,12
11,25
12,24
13,1
14,16
15,105
16,0
17,0
18,0
19,0
20,29
21,53
22,30
23,0
24,27
25,124
26,36
27,13
28,0
29,17
30,14
31,0
32,0
33,42
34,0
35,59
36,17
37,0
38,0
39,16
40,0
41,20
42,33
43,8
44,0
45,0
46,40
47,0
48,21
49,18
50,77
51,6
52,8
53,19
54,0
55,0
56,19
57,4
58,17
59,6
60,52
61,0
62,0
63,0
64,13
65,23
66,5
67,20
68,3
69,42
70,7
71,0
72,17
73,0
74,1
75,5
76,0
77,0
78,0
79,0
80,0
81,0
82,10
83,8
84,0
85,2
86,20
87,36
88,20
89,6
90,5
91,0
92,16
93,12
94,0
95,0
96,0
97,7
98,0
99,0
100,0
101,12
102,0
103,52
104,8
105,27
106,0
107,17
108,8
109,17
110,0
111,28
112,0
113,44
114,0
115,22
116,33
117,0
118,36
119,0
120,0
121,16
122,0
123,6
124,13
125,0
126,12
127,1
128,13
129,12
130,0
131,2
132,5
133,12
134,1
135,63
136,29
137,26
138,0
139,19
140,0
141,13
142,0
143,5
144,0
145,4
146,0
147,18
148,0
149,0
150,0
151,9
152,17
153,8
154,13
155,2
156,1
157,4
158,4
159,13
160,3
161,17
162,0
163,6
164,0
165,13
166,0
167,2
168,6
169,0
170,0
171,18
172,3
173,5
174,20
175,8
176,1
177,10
178,25
179,13
180,0
181,13
182,13
183,0
184,0
185,0
186,15
187,0
188,5
189,13
190,9
191,2
192,0
193,0
194,19
195,3
196,0
197,0
198,0
199,5
200,2
201,1
202,18
203,34
204,6
205,6
206,6
207,24
208,0
209,8
210,0
211,3
212,65
213,34
214,7
215,39
216,0
217,3
218,4
219,1
220,0
221,5
222,15
223,20
224,0
225,0
226,35
227,7
228,0
229,10
230,4
231,0
232,2
233,10
234,13
235,19
236,8
237,0
238,2
239,0
240,4
241,5
242,0
243,4
244,1
245,0
246,4
247,1
248,0
249,10
250,0
251,8
252,12
253,0
254,0
255,1
256,0
257,0
258,16
259,14
260,0
261,3
262,2
263,0
264,3
265,7
266,0
267,7
268,11
269,6
270,18
271,6
272,1
273,0
274,1
275,4
276,0
277,18
278,17
279,2
280,0
281,12
282,18
283,6
284,0
285,3
286,8
287,6
288,1
289,0
290,1
291,0
292,0
293,0
294,10
295,5
296,0
297,8
298,20
299,32
300,18
301,1
302,2
303,0
304,0
305,11
306,11
307,0
308,3
309,0
310,0
311,0
312,4
313,0
314,0
315,1
316,0
317,0
318,9
319,11
320,2
321,0
322,13
323,0
324,2
325,5
326,0
327,1
328,10
329,0
330,0
331,1
332,0
333,5
334,0
335,0
336,8
337,0
338,0
339,7
340,0
341,3
342,8
343,6
344,1
345,0
346,0
347,8
348,5
349,6
350,5
351,9
352,0
353,3
354,0
355,0
356,5
357,0
358,11
359,3
360,9
361,0
362,0
363,3
364,0
365,7
366,0
367,16
368,7
369,12
370,28
371,0
372,0
373,20
374,3
375,10
376,24
377,21
378,7
379,0
380,17
381,17
382,10
383,2
384,31
385,1
386,0
387,0
388,0
389,1
390,3
391,0
392,6
393,30
394,11
395,0
396,0
397,6
398,0
399,6
400,0
401,9
402,2
403,0
404,0
405,21
406,3
407,0
408,0
409,0
410,0
411,0
412,5
413,14
414,8
415,8
416,0
417,0
418,5
419,0
420,16
421,19
422,2
423,19
424,2
425,2
426,0
427,5
428,0
429,17
430,7
431,47
432,15
433,0
434,2
435,0
436,0
437,3
438,0
439,2
440,7
441,4
442,2
443,0
444,6
445,3
446,9
447,0
448,0
449,0
450,0
451,20
452,4
453,6
454,8
455,0
456,6
457,0
458,0
459,0
460,1
461,12
462,0
463,12
464,0
465,20
466,5
467,16
468,4
469,7
470,18
471,1
472,0
473,8
474,20
475,0
476,0
477,1
478,2
479,3
480,16
481,4
482,0
483,0
484,4
485,13
486,1
487,4
488,29
489,5
490,1
491,5
492,12
493,0
494,0
495,0
496,0
497,1
498,0
499,2
500,3
501,14
502,12
503,0
504,0
505,22
506,0
507,2
508,4
509,35
510,0
511,3
512,1
513,0
514,0
515,2
516,0
517,12
518,0
519,0
520,3
521,0
522,5
523,0
524,2
525,0
526,6
527,0
528,3
529,6
530,15
531,1
532,0
533,18
534,4
535,0
536,2
537,10
538,8
539,0
540,0
541,0
542,0
543,0
544,4
545,4
546,0
547,16
548,8
549,4
550,0
551,0
552,0
553,7
554,6
555,3
556,5
557,0
558,6
559,12
560,0
561,0
562,0
563,4
564,4
565,17
566,7
567,1
568,0
569,0
570,5
571,0
572,9
573,1
574,0
575,0
576,0
577,7
578,0
579,0
580,5
581,6
582,9
583,0
584,25
585,1
586,7
587,7
588,3
589,6
590,0
591,0
592,0
593,1
594,1
595,4
596,2
597,0
598,0
599,1
600,0
601,0
602,0
603,7
604,1
605,17
606,2
607,14
608,0
609,0
610,5
611,1
612,6
613,2
614,0
615,12
616,7
617,1
618,3
619,7
620,0
621,0
622,6
623,0
624,15
625,11
626,7
627,8
628,14
629,0
630,7
631,0
632,0
633,6
634,0
635,1
636,0
637,12
638,0
639,0
640,3
641,8
642,0
643,3
644,2
645,0
646,11
647,0
648,1
649,3
650,2
651,0
652,0
653,0
654,13
655,0
656,0
657,2
658,4
659,2
660,3
661,6
662,0
663,0
664,0
665,0
666,4
667,2
668,0
669,2
670,0
671,3
672,10
673,1
674,2
675,4
676,0
677,6
678,1
679,0
680,7
681,6
682,0
683,4
684,0
685,18
686,4
687,5
688,0
689,3
690,0
691,1
692,2
693,0
694,0
695,2
696,4
697,6
698,6
699,0
700,3
701,0
702,0
703,0
704,9
705,4
706,0
707,11
708,4
709,0
710,1
711,2
712,4
713,1
714,2
715,9
716,0
717,21
718,2
719,18
720,6
721,7
722,4
723,20
724,3
725,8
726,2
727,5
728,1
729,5
730,12
731,3
732,0
733,4
734,5
735,7
736,12
737,2
738,3
739,5
740,0
741,2
742,0
743,0
744,9
745,7
746,21
747,11
748,3
749,0
750,0
751,11
752,0
753,2
754,6
755,3
756,5
757,10
758,24
759,0
760,12
761,3
762,3
763,6
764,9
765,3
766,0
767,2
768,1
769,0
770,17
771,0
772,0
773,2
774,0
775,9
776,2
777,0
778,4
779,0
780,10
781,0
782,0
783,0
784,2
785,18
786,4
787,4
788,2
789,6
790,18
791,3
792,0
793,8
794,14
795,0
796,1
797,0
798,0
799,4
800,0
801,8
802,0
803,2
804,3
805,0
806,17
807,13
808,0
809,2
810,3
811,1
812,2
813,1
814,0
815,0
816,0
817,2
818,23
819,3
820,5
821,0
822,0
823,1
824,0
825,0
826,2
827,3
828,10
829,0
830,12
831,6
832,8
833,5
834,1
835,3
836,0
837,4
838,0
839,6
840,9
841,0
842,1
843,0
844,8
845,9
846,0
847,7
848,13
849,0
850,15
851,10
852,0
853,0
854,0
855,3
856,0
857,4
858,1
859,0
860,6
861,0
862,2
863,0
864,11
865,16
866,1
867,0
868,0
869,0
870,0
871,0
872,1
873,8
874,4
875,0
876,2
877,4
878,3
879,3
880,0
881,4
882,6
883,7
884,3
885,4
886,11
887,0
888,3
889,0
890,3
891,0
892,2
893,10
894,0
895,0
896,1
897,3
898,0
899,0
900,8
901,16
902,4
903,7
904,6
905,2
906,1
907,11
908,2
909,4
910,0
911,7
912,1
913,5
914,0
915,0
916,2
917,20
918,22
919,4
920,6
921,0
922,12
923,0
924,0
925,5
926,0
927,0
928,5
929,5
930,4
931,0
932,8
933,0
934,5
935,3
936,2
937,10
938,1
939,9
940,6
941,7
942,2
943,2
944,0
945,11
946,1
947,1
948,0
949,4
950,8
951,5
952,0
953,1
954,0
955,6
956,3
957,0
958,2
959,11
960,21
961,0
962,0
963,6
964,6
965,2
966,2
967,1
968,4
969,6
970,2
971,1
972,7
973,3
974,0
975,0
976,0
977,0
978,0
979,7
980,0
981,5
982,2
983,7
984,1
985,4
986,0
987,15
988,2
989,0
990,2
991,0
992,14
993,0
994,2
995,0
996,1
997,3
998,0
999,0
1000,9
1001,6
1002,0
1003,3
1004,2
1005,0
1006,5
1007,6
1008,0
1009,0
1010,4
1011,4
1012,4
1013,2
1014,4
1015,1
1016,1
1017,8
1018,1
1019,0
1020,9
1021,0
1022,2
1023,9
1024,0
1025,0
1026,2
1027,3
1028,0
1029,2
1030,0
1031,6
1032,7
1033,0
1034,3
1035,0
1036,0
1037,1
1038,5
1039,4
1040,14
1041,11
1042,4
1043,0
1044,0
1045,3
1046,19
1047,0
1048,4
1049,14
1050,0
1051,3
1052,0
1053,10
1054,10
1055,0
1056,1
1057,9
1058,9
1059,11
1060,4
1061,4
1062,0
1063,5
1064,2
1065,2
1066,3
1067,2
1068,1
1069,0
1070,0
1071,0
1072,0
1073,7
1074,5
1075,0
1076,0
1077,1
1078,7
1079,10
1080,10
1081,0
1082,11
1083,4
1084,0
1085,0
1086,0
1087,0
1088,13
1089,1
1090,0
1091,0
1092,0
1093,14
1094,2
1095,0
1096,0
1097,0
1098,8
1099,0
1100,0
1101,2
1102,4
1103,2
1104,0
1105,2
1106,14
1107,8
1108,1
1109,0
1110,0
1111,1
1112,1
1113,3
1114,0
1115,2
1116,1
1117,3
1118,1
1119,4
1120,0
1121,1
1122,5
1123,3
1124,2
1125,1
1126,4
1127,0
1128,10
1129,4
1130,4
1131,0
1132,11
1133,0
1134,3
1135,0
1136,0
1137,0
1138,4
1139,0
1140,0
1141,0
1142,6
1143,14
1144,1
1145,5
1146,3
1147,0
1148,2
1149,5
1150,0
1151,10
1152,0
1153,5
1154,0
1155,2
1156,0
1157,2
1158,0
1159,0
1160,0
1161,2
1162,1
1163,9
1164,3
1165,0
1166,2
1167,8
1168,4
1169,2
1170,0
1171,1
1172,4
1173,0
1174,0
1175,0
1176,0
1177,14
1178,0
1179,15
1180,9
1181,2
1182,6
1183,4
1184,0
1185,6
1186,4
1187,3
1188,4
1189,18
1190,2
1191,8
1192,1
1193,2
1194,3
1195,0
1196,1
1197,3
1198,0
1199,0
1200,0
1201,6
1202,6
1203,4
1204,4
1205,0
1206,2
1207,0
1208,0
1209,1
1210,0
1211,5
1212,7
1213,0
1214,4
1215,9
1216,8
1217,0
1218,0
1219,0
1220,0
1221,0
1222,9
1223,1
1224,2
1225,1
1226,4
1227,0
1228,2
1229,1
1230,1
1231,2
1232,0
1233,0
1234,0
1235,6
1236,0
1237,2
1238,16
1239,4
1240,6
1241,2
1242,0
1243,1
1244,0
1245,0
1246,1
1247,0
1248,12
1249,5
1250,0
1251,2
1252,3
1253,2
1254,13
1255,9
1256,4
1257,2
1258,12
1259,2
1260,8
1261,8
1262,0
1263,0
1264,12
1265,1
1266,4
1267,10
1268,0
1269,4
1270,2
1271,6
1272,0
1273,11
1274,3
1275,0
1276,6
1277,5
1278,9
1279,1
1280,5
1281,8
1282,0
1283,12
1284,6
1285,10
1286,3
1287,3
1288,3
1289,5
1290,0
1291,5
1292,0
1293,13
1294,7
1295,0
1296,6
1297,0
1298,6
1299,3
1300,4
1301,0
1302,1
1303,1
1304,2
1305,0
1306,2
1307,1
1308,0
1309,0
1310,2
1311,3
1312,2
1313,1
1314,2
1315,9
1316,17
1317,1
1318,6
1319,8
1320,1
1321,3
1322,8
1323,0
1324,6
1325,1
1326,4
1327,7
1328,0
1329,0
1330,2
1331,3
1332,4
1333,1
1334,4
1335,5
1336,2
1337,3
1338,1
1339,2
1340,0
1341,1
1342,2
1343,1
1344,4
1345,0
1346,1
1347,0
1348,8
1349,5
1350,0
1351,5
1352,18
1353,3
1354,2
1355,1
1356,9
1357,0
1358,2
1359,0
1360,6
1361,5
1362,1
1363,3
1364,7
1365,0
1366,7
1367,0
1368,0
1369,3
1370,0
1371,0
1372,1
1373,3
1374,1
1375,0
1376,4
1377,0
1378,5
1379,0
1380,0
1381,2
1382,2
1383,0
1384,3
1385,0
1386,2
1387,0
1388,0
1389,6
1390,0
1391,3
1392,6
1393,0
1394,5
1395,7
1396,6
1397,0
1398,1
1399,0
1400,0
1401,0
1402,7
1403,2
1404,0
1405,1
1406,5
1407,9
1408,12
1409,8
1410,0
1411,3
1412,8
1413,9
1414,5
1415,4
1416,1
1417,13
1418,0
1419,1
1420,1
1421,0
1422,3
1423,3
1424,1
1425,1
1426,1
1427,2
1428,2
1429,0
1430,0
1431,1
1432,2
1433,0
1434,2
1435,0
1436,0
1437,3
1438,0
1439,0
1440,0
1441,4
1442,2
1443,1
1444,2
1445,4
1446,0
1447,6
1448,0
1449,0
1450,3
1451,0
1452,0
1453,9
1454,0
1455,7
1456,5
1457,22
1458,1
1459,6
1460,1
1461,5
1462,3
1463,4
1464,6
1465,0
1466,0
1467,0
1468,0
1469,5
1470,4
1471,2
1472,0
1473,1
1474,3
1475,6
1476,2
1477,2
1478,0
1479,2
1480,0
1481,2
1482,9
1483,0
1484,3
1485,1
1486,0
1487,0
1488,0
1489,7
1490,5
1491,2
1492,0
1493,0
1494,13
1495,12
1496,0
1497,10
1498,14
1499,4
1500,3
1501,1
1502,0
1503,12
1504,2
1505,0
1506,2
1507,0
1508,0
1509,0
1510,0
1511,1
1512,0
1513,3
1514,0
1515,2
1516,0
1517,1
1518,0
1519,1
1520,2
1521,2
1522,6
1523,1
1524,4
1525,0
1526,3
1527,1
1528,1
1529,14
1530,3
1531,2
1532,0
1533,0
1534,0
1535,8
1536,0
1537,8
1538,2
1539,2
1540,3
1541,0
1542,4
1543,0
1544,0
1545,0
1546,0
1547,0
1548,6
1549,4
1550,0
1551,0
1552,0
1553,0
1554,3
1555,2
1556,11
1557,0
1558,7
1559,2
1560,2
1561,0
1562,5
1563,0
1564,0
1565,2
1566,0
1567,0
1568,4
1569,2
1570,5
1571,0
1572,0
1573,0
1574,0
1575,5
1576,3
1577,4
1578,3
1579,0
1580,0
1581,4
1582,0
1583,1
1584,0
1585,3
1586,7
1587,5
1588,4
1589,10
1590,6
1591,0
1592,12
1593,6
1594,4
1595,2
1596,0
1597,3
1598,9
1599,2
1600,3
1601,0
1602,1
1603,2
1604,3
1605,5
1606,2
1607,0
1608,0
1609,0
1610,0
1611,1
1612,4
1613,4
1614,1
1615,2
1616,0
1617,0
1618,4
1619,3
1620,0
1621,6
1622,0
1623,0
1624,0
1625,3
1626,5
1627,7
1628,0
1629,6
1630,2
1631,5
1632,3
1633,1
1634,3
1635,3
1636,0
1637,5
1638,1
1639,6
1640,6
1641,6
1642,0
1643,4
1644,4
1645,0
1646,2
1647,3
1648,1
1649,5
1650,0
1651,0
1652,1
1653,1
1654,2
1655,8
1656,0
1657,5
1658,1
1659,5
1660,0
1661,7
1662,0
1663,0
1664,0
1665,1
1666,0
1667,0
1668,12
1669,3
1670,6
1671,0
1672,0
1673,3
1674,3
1675,1
1676,0
1677,0
1678,3
1679,5
1680,4
1681,4
1682,0
1683,2
1684,2
1685,0
1686,1
1687,2
1688,1
1689,2
1690,9
1691,0
1692,6
1693,3
1694,2
1695,0
1696,2
1697,0
1698,4
1699,0
1700,0
1701,5
1702,0
1703,2
1704,9
1705,2
1706,7
1707,10
1708,2
1709,0
1710,19
1711,2
1712,9
1713,7
1714,0
1715,1
1716,0
1717,2
1718,1
1719,0
1720,0
1721,0
1722,0
1723,2
1724,1
1725,2
1726,11
1727,0
1728,4
1729,1
1730,0
1731,4
1732,0
1733,2
1734,0
1735,1
1736,1
1737,2
1738,2
1739,0
1740,1
1741,2
1742,0
1743,6
1744,0
1745,2
1746,3
1747,0
1748,3
1749,0
1750,9
1751,2
1752,0
1753,6
1754,0
1755,5
1756,0
1757,8
1758,1
1759,1
1760,2
1761,6
1762,2
1763,0
1764,0
1765,8
1766,5
1767,0
1768,4
1769,2
1770,5
1771,11
1772,9
1773,0
1774,2
1775,3
1776,4
1777,5
1778,0
1779,2
1780,4
1781,3
1782,0
1783,6
1784,7
1785,0
1786,1
1787,4
1788,0
1789,1
1790,6
1791,1
1792,6
1793,7
1794,0
1795,2
1796,4
1797,0
1798,0
1799,1
1800,1
1801,0
1802,2
1803,0
1804,0
1805,11
1806,0
1807,0
1808,2
1809,0
1810,4
1811,0
1812,1
1813,1
1814,0
1815,0
1816,1
1817,3
1818,3
1819,1
1820,2
1821,4
1822,0
1823,0
1824,0
1825,0
1826,4
1827,0
1828,8
1829,1
1830,0
1831,0
1832,5
1833,0
1834,5
1835,3
1836,10
1837,0
1838,1
1839,3
1840,1
1841,6
1842,0
1843,0
1844,1
1845,0
1846,4
1847,8
1848,1
1849,2
1850,7
1851,1
1852,11
1853,5
1854,4
1855,0
1856,1
1857,8
1858,0
1859,6
1860,6
1861,0
1862,3
1863,4
1864,3
1865,13
1866,2
1867,1
1868,0
1869,3
1870,3
1871,1
1872,2
1873,0
1874,0
1875,3
1876,3
1877,1
1878,0
1879,1
1880,6
1881,1
1882,0
1883,5
1884,11
1885,3
1886,0
1887,6
1888,3
1889,1
1890,0
1891,5
1892,0
1893,0
1894,1
1895,3
1896,5
1897,5
1898,0
1899,0
1900,8
1901,5
1902,2
1903,0
1904,3
1905,0
1906,0
1907,0
1908,9
1909,0
1910,0
1911,0
1912,0
1913,0
1914,6
1915,0
1916,0
1917,4
1918,0
1919,2
1920,0
1921,4
1922,5
1923,2
1924,4
1925,0
1926,0
1927,2
1928,1
1929,3
1930,0
1931,0
1932,0
1933,0
1934,6
1935,2
1936,0
1937,2
1938,7
1939,1
1940,0
1941,2
1942,0
1943,1
1944,0
1945,6
1946,7
1947,8
1948,6
1949,7
1950,5
1951,2
1952,0
1953,0
1954,0
1955,5
1956,1
1957,0
1958,2
1959,1
1960,2
1961,1
1962,0
1963,7
1964,5
1965,7
1966,3
1967,4
1968,0
1969,9
1970,0
1971,2
1972,2
1973,0
1974,1
1975,4
1976,0
1977,3
1978,0
1979,2
1980,4
1981,0
1982,6
1983,2
1984,0
1985,0
1986,0
1987,6
1988,0
1989,0
1990,0
1991,1
1992,0
1993,0
1994,11
1995,9
1996,0
1997,4
1998,2
1999,0
2000,2
2001,1
2002,1
2003,0
2004,0
2005,1
2006,0
2007,0
2008,2
2009,1
2010,7
2011,3
2012,3
2013,7
2014,1
2015,0
2016,0
2017,0
2018,0
2019,1
2020,1
2021,0
2022,1
2023,7
2024,3
2025,1
2026,0
2027,1
2028,1
2029,0
2030,1
2031,0
2032,0
2033,5
2034,1
2035,1
2036,4
2037,4
2038,6
2039,1
2040,1
2041,1
2042,0
2043,3
2044,11
2045,1
2046,5
2047,0
2048,0
2049,0
2050,7
2051,0
2052,5
2053,4
2054,3
2055,4
2056,3
2057,0
2058,0
2059,0
2060,4
2061,3
2062,2
2063,2
2064,0
2065,1
2066,0
2067,3
2068,2
2069,4
2070,0
2071,2
2072,5
2073,1
2074,0
2075,0
2076,9
2077,0
2078,7
2079,2
2080,4
2081,1
2082,2
2083,2
2084,3
2085,4
2086,0
2087,0
2088,0
2089,0
2090,0
2091,1
2092,4
2093,5
2094,1
2095,0
2096,0
2097,2
2098,0
2099,2
2100,0
2101,0
2102,4
2103,6
2104,0
2105,0
2106,5
2107,0
2108,3
2109,0
2110,0
2111,0
2112,1
2113,0
2114,0
2115,8
2116,5
2117,3
2118,0
2119,0
2120,4
2121,4
2122,6
2123,2
2124,5
2125,3
2126,1
2127,5
2128,7
2129,15
2130,10
2131,5
2132,0
2133,1
2134,2
2135,1
2136,4
2137,0
2138,0
2139,0
2140,4
2141,5
2142,0
2143,9
2144,0
2145,0
2146,4
2147,1
2148,0
2149,6
2150,0
2151,0
2152,0
2153,2
2154,0
2155,0
2156,0
2157,3
2158,2
2159,1
2160,0
2161,3
2162,1
2163,1
2164,0
2165,6
2166,3
2167,0
2168,7
2169,3
2170,5
2171,2
2172,3
2173,7
2174,1
2175,3
2176,0
2177,10
2178,1
2179,6
2180,0
2181,2
2182,2
2183,1
2184,6
2185,0
2186,0
2187,0
2188,0
2189,0
2190,0
2191,0
2192,0
2193,0
2194,0
2195,0
2196,7
2197,3
2198,0
2199,3
2200,3
2201,1
2202,8
2203,6
2204,0
2205,1
2206,1
2207,1
2208,7
2209,2
2210,6
2211,4
2212,0
2213,3
2214,8
2215,0
2216,6
2217,0
2218,1
2219,2
2220,0
2221,1
2222,0
2223,7
2224,7
2225,1
2226,3
2227,4
2228,14
2229,1
2230,11
2231,0
2232,4
2233,0
2234,3
2235,0
2236,2
2237,2
2238,8
2239,0
2240,1
2241,4
2242,0
2243,0
2244,5
2245,0
2246,3
2247,0
2248,1
2249,3
2250,4
2251,5
2252,2
2253,0
2254,6
2255,0
2256,3
2257,6
2258,0
2259,3
2260,0
2261,3
2262,0
2263,8
2264,0
2265,1
2266,3
2267,0
2268,0
2269,0
2270,1
2271,0
2272,3
2273,1
2274,0
2275,6
2276,0
2277,0
2278,4
2279,5
2280,0
2281,5
2282,2
2283,0
2284,2
2285,4
2286,2
2287,0
2288,8
2289,0
2290,3
2291,0
2292,2
2293,2
2294,8
2295,2
2296,0
2297,0
2298,2
2299,1
2300,9
2301,1
2302,0
2303,4
2304,1
2305,0
2306,2
2307,1
2308,2
2309,2
2310,1
2311,0
2312,0
2313,1
2314,10
2315,0
2316,7
2317,1
2318,1
2319,0
2320,6
2321,2
2322,0
2323,3
2324,0
2325,6
2326,0
2327,0
2328,1
2329,0
2330,0
2331,1
2332,0
2333,4
2334,0
2335,0
2336,0
2337,1
2338,3
2339,2
2340,4
2341,1
2342,1
2343,6
2344,2
2345,6
2346,0
2347,0
2348,4
2349,0
2350,1
2351,0
2352,2
2353,6
2354,2
2355,3
2356,0
2357,2
2358,0
2359,5
2360,0
2361,1
2362,2
2363,5
2364,2
2365,2
2366,2
2367,0
2368,2
2369,2
2370,0
2371,0
2372,4
2373,1
2374,0
2375,0
2376,6
2377,1
2378,0
2379,0
2380,0
2381,3
2382,6
2383,4
2384,4
2385,8
2386,0
2387,0
2388,0
2389,3
2390,12
2391,4
2392,7
2393,5
2394,0
2395,0
2396,2
2397,3
2398,0
2399,0
2400,1
2401,4
2402,3
2403,1
2404,1
2405,1
2406,3
2407,0
2408,6
2409,1
2410,2
2411,1
2412,0
2413,4
2414,5
2415,2
2416,0
2417,0
2418,2
2419,5
2420,3
2421,1
2422,4
2423,3
2424,0
2425,0
2426,1
2427,2
2428,0
2429,1
2430,2
2431,0
2432,1
2433,2
2434,0
2435,2
2436,1
2437,2
2438,0
2439,0
2440,4
2441,2
2442,0
2443,3
2444,5
2445,5
2446,1
2447,3
2448,5
2449,1
2450,1
2451,11
2452,0
2453,1
2454,2
2455,3
2456,0
2457,0
2458,0
2459,0
2460,3
2461,0
2462,6
2463,2
2464,3
2465,0
2466,2
2467,0
2468,3
2469,5
2470,0
2471,2
2472,7
2473,0
2474,1
2475,4
2476,1
2477,4
2478,3
2479,1
2480,1
2481,1
2482,2
2483,0
2484,0
2485,0
2486,0
2487,1
2488,4
2489,4
2490,0
2491,0
2492,2
2493,0
2494,0
2495,0
2496,2
2497,0
2498,0
2499,2
2500,3
2501,4
2502,3
2503,0
2504,2
2505,1
2506,1
2507,0
2508,0
2509,0
2510,0
2511,3
2512,1
2513,0
2514,6
2515,0
2516,0
2517,3
2518,1
2519,4
2520,1
2521,1
2522,0
2523,0
2524,4
2525,0
2526,0
2527,0
2528,5
2529,5
2530,0
2531,1
2532,4
2533,0
2534,0
2535,0
2536,0
2537,2
2538,4
2539,0
2540,1
2541,0
2542,0
2543,3
2544,1
2545,0
2546,0
2547,0
2548,4
2549,0
2550,2
2551,0
2552,1
2553,9
2554,0
2555,3
2556,0
2557,3
2558,1
2559,0
2560,5
2561,1
2562,3
2563,0
2564,6
2565,7
2566,3
2567,3
2568,2
2569,0
2570,2
2571,0
2572,0
2573,0
2574,1
2575,0
2576,1
2577,1
2578,2
2579,0
2580,0
2581,9
2582,1
2583,2
2584,3
2585,0
2586,3
2587,1
2588,0
2589,0
2590,6
2591,0
2592,0
2593,4
2594,0
2595,3
2596,0
2597,3
2598,0
2599,1
2600,1
2601,0
2602,0
2603,4
2604,0
2605,0
2606,0
2607,2
2608,2
2609,7
2610,0
2611,6
2612,11
2613,0
2614,4
2615,0
2616,0
2617,3
2618,1
2619,0
2620,0
2621,1
2622,1
2623,6
2624,2
2625,4
2626,0
2627,1
2628,0
2629,1
2630,1
2631,0
2632,3
2633,3
2634,4
2635,2
2636,2
2637,0
2638,8
2639,2
2640,5
2641,0
2642,3
2643,4
2644,7
2645,3
2646,6
2647,4
2648,0
2649,1
2650,0
2651,3
2652,1
2653,2
2654,2
2655,0
2656,2
2657,3
2658,5
2659,0
2660,2
2661,3
2662,0
2663,0
2664,1
2665,1
2666,2
2667,3
2668,1
2669,1
2670,2
2671,0
2672,3
2673,0
2674,0
2675,2
2676,1
2677,0
2678,0
2679,1
2680,5
2681,1
2682,1
2683,0
2684,2
2685,4
2686,0
2687,4
2688,0
2689,4
2690,5
2691,0
2692,0
2693,12
2694,2
2695,0
2696,3
2697,1
2698,2
2699,1
2700,2
2701,0
2702,0
2703,0
2704,4
2705,0
2706,0
2707,0
2708,1
2709,0
2710,0
2711,0
2712,0
2713,5
2714,8
2715,2
2716,2
2717,0
2718,0
2719,1
2720,0
2721,0
2722,0
2723,2
2724,3
2725,2
2726,3
2727,0
2728,0
2729,7
2730,5
2731,2
2732,1
2733,0
2734,0
2735,0
2736,4
2737,2
2738,1
2739,5
2740,1
2741,1
2742,4
2743,0
2744,0
2745,0
2746,0
2747,8
2748,3
2749,0
2750,2
2751,0
2752,6
2753,3
2754,0
2755,3
2756,2
2757,4
2758,1
2759,3
2760,5
2761,0
2762,1
2763,0
2764,1
2765,0
2766,1
2767,2
2768,1
2769,4
2770,1
2771,1
2772,0
2773,1
2774,1
2775,0
2776,3
2777,1
2778,4
2779,1
2780,0
2781,2
2782,0
2783,7
2784,2
2785,0
2786,0
2787,0
2788,3
2789,7
2790,3
2791,1
2792,1
2793,2
2794,0
2795,1
2796,0
2797,0
2798,0
2799,0
2800,2
2801,0
2802,2
2803,0
2804,2
2805,2
2806,1
2807,1
2808,3
2809,0
2810,0
2811,3
2812,3
2813,0
2814,4
2815,0
2816,1
2817,1
2818,0
2819,2
2820,2
2821,1
2822,0
2823,3
2824,3
2825,6
2826,0
2827,3
2828,0
2829,1
2830,0
2831,2
2832,3
2833,2
2834,0
2835,0
2836,5
2837,3
2838,2
2839,0
2840,0
2841,1
2842,0
2843,3
2844,4
2845,0
2846,0
2847,0
2848,0
2849,0
2850,0
2851,2
2852,0
2853,0
2854,3
2855,0
2856,2
2857,0
2858,0
2859,0
2860,3
2861,6
2862,1
2863,0
2864,7
2865,1
2866,2
2867,3
2868,2
2869,6
2870,4
2871,1
2872,1
2873,0
2874,1
2875,2
2876,1
2877,1
2878,10
2879,0
2880,0
2881,2
2882,0
2883,1
2884,2
2885,0
2886,0
2887,3
2888,3
2889,0
2890,1
2891,0
2892,0
2893,3
2894,1
2895,1
2896,0
2897,0
2898,0
2899,0
2900,1
2901,1
2902,3
2903,0
2904,12
2905,0
2906,0
2907,2
2908,3
2909,0
2910,0
2911,0
2912,0
2913,3
2914,0
2915,0
2916,2
2917,9
2918,1
2919,0
2920,2
2921,0
2922,3
2923,4
2924,0
2925,2
2926,4
2927,4
2928,0
2929,5
2930,0
2931,0
2932,10
2933,4
2934,2
2935,3
2936,0
2937,3
2938,4
2939,1
2940,3
2941,4
2942,0
2943,10
2944,1
2945,2
2946,2
2947,0
2948,2
2949,0
2950,0
2951,5
2952,4
2953,4
2954,1
2955,0
2956,4
2957,3
2958,3
2959,0
2960,3
2961,10
2962,1
2963,5
2964,0
2965,1
2966,1
2967,3
2968,5
2969,2
2970,2
2971,0
2972,2
2973,0
2974,1
2975,0
2976,0
2977,2
2978,0
2979,3
2980,2
2981,1
2982,5
2983,4
2984,0
2985,5
2986,0
2987,2
2988,4
2989,0
2990,0
2991,3
2992,2
2993,1
2994,0
2995,4
2996,1
2997,2
2998,1
2999,0
3000,7
3001,2
3002,3
3003,3
3004,1
3005,0
3006,4
3007,1
3008,0
3009,0
3010,3
3011,0
3012,1
3013,0
3014,0
3015,1
3016,0
3017,1
3018,2
3019,1
3020,1
3021,0
3022,6
3023,0
3024,0
3025,1
3026,0
3027,2
3028,0
3029,2
3030,1
3031,0
3032,3
3033,1
3034,1
3035,9
3036,2
3037,3
3038,0
3039,1
3040,4
3041,2
3042,0
3043,0
3044,3
3045,0
3046,1
3047,0
3048,2
3049,1
3050,1
3051,1
3052,1
3053,2
3054,0
3055,0
3056,0
3057,0
3058,0
3059,0
3060,0
3061,0
3062,6
3063,1
3064,1
3065,7
3066,7
3067,5
3068,1
3069,1
3070,1
3071,1
3072,3
3073,9
3074,0
3075,0
3076,5
3077,4
3078,2
3079,0
3080,2
3081,3
3082,3
3083,3
3084,6
3085,5
3086,2
3087,1
3088,0
3089,2
3090,9
3091,0
3092,0
3093,0
3094,6
3095,1
3096,0
3097,1
3098,3
3099,1
3100,2
3101,3
3102,0
3103,1
3104,0
3105,1
3106,0
3107,0
3108,0
3109,1
3110,2
3111,3
3112,1
3113,4
3114,2
3115,1
3116,0
3117,4
3118,2
3119,2
3120,1
3121,5
3122,3
3123,0
3124,0
3125,5
3126,2
3127,1
3128,0
3129,5
3130,3
3131,5
3132,1
3133,1
3134,0
3135,2
3136,3
3137,1
3138,2
3139,2
3140,1
3141,4
3142,4
3143,2
3144,4
3145,0
3146,0
3147,0
3148,0
3149,4
3150,0
3151,0
3152,1
3153,6
3154,1
3155,0
3156,6
3157,0
3158,5
3159,8
3160,1
3161,5
3162,7
3163,3
3164,4
3165,0
3166,3
3167,0
3168,0
3169,3
3170,0
3171,1
3172,0
3173,1
3174,0
3175,11
3176,7
3177,0
3178,0
3179,1
3180,1
3181,5
3182,0
3183,1
3184,1
3185,0
3186,8
3187,1
3188,0
3189,2
3190,2
3191,0
3192,0
3193,0
3194,4
3195,4
3196,1
3197,0
3198,1
3199,0
3200,3
3201,0
3202,3
3203,1
3204,0
3205,1
3206,1
3207,1
3208,0
3209,0
3210,3
3211,1
3212,0
3213,0
3214,2
3215,2
3216,4
3217,3
3218,1
3219,0
3220,0
3221,2
3222,2
3223,2
3224,0
3225,0
3226,3
3227,2
3228,2
3229,1
3230,2
3231,2
3232,2
3233,0
3234,3
3235,0
3236,3
3237,0
3238,1
3239,0
3240,1
3241,5
3242,2
3243,3
3244,1
3245,1
3246,1
3247,0
3248,0
3249,2
3250,0
3251,0
3252,0
3253,6
3254,0
3255,2
3256,3
3257,2
3258,4
3259,0
3260,0
3261,3
3262,0
3263,4
3264,6
3265,2
3266,2
3267,1
3268,1
3269,0
3270,1
3271,3
3272,6
3273,1
3274,0
3275,1
3276,2
3277,4
3278,1
3279,0
3280,1
3281,1
3282,3
3283,8
3284,1
3285,1
3286,1
3287,1
3288,0
3289,1
3290,4
3291,4
3292,1
3293,2
3294,3
3295,1
3296,3
3297,1
3298,1
3299,0
3300,2
3301,0
3302,0
3303,0
3304,1
3305,0
3306,1
3307,0
3308,0
3309,3
3310,4
3311,0
3312,1
3313,0
3314,9
3315,4
3316,0
3317,0
3318,0
3319,5
3320,1
3321,0
3322,0
3323,2
3324,0
3325,1
3326,0
3327,3
3328,0
3329,0
3330,5
3331,4
3332,1
3333,3
3334,2
3335,1
3336,2
3337,2
3338,0
3339,1
3340,0
3341,0
3342,1
3343,0
3344,9
3345,7
3346,0
3347,1
3348,2
3349,4
3350,0
3351,4
3352,0
3353,1
3354,1
3355,5
3356,3
3357,3
3358,0
3359,0
3360,4
3361,0
3362,3
3363,0
3364,0
3365,1
3366,0
3367,0
3368,1
3369,4
3370,5
3371,0
3372,0
3373,0
3374,1
3375,0
3376,1
3377,1
3378,1
3379,1
3380,0
3381,2
3382,6
3383,0
3384,0
3385,2
3386,0
3387,1
3388,1
3389,0
3390,1
3391,4
3392,1
3393,1
3394,0
3395,7
3396,0
3397,2
3398,2
3399,0
3400,4
3401,0
3402,0
3403,1
3404,2
3405,5
3406,2
3407,9
3408,5
3409,0
3410,2
3411,1
3412,2
3413,2
3414,3
3415,2
3416,1
3417,7
3418,3
3419,0
3420,0
3421,4
3422,0
3423,1
3424,1
3425,0
3426,1
3427,3
3428,3
3429,0
3430,0
3431,0
3432,0
3433,4
3434,1
3435,4
3436,1
3437,1
3438,1
3439,0
3440,4
3441,4
3442,1
3443,0
3444,2
3445,4
3446,4
3447,2
3448,3
3449,3
3450,0
3451,1
3452,0
3453,2
3454,1
3455,1
3456,0
3457,1
3458,0
3459,1
3460,2
3461,0
3462,3
3463,2
3464,0
3465,1
3466,4
3467,7
3468,0
3469,0
3470,7
3471,0
3472,1
3473,0
3474,3
3475,0
3476,0
3477,0
3478,0
3479,4
3480,0
3481,1
3482,4
3483,2
3484,5
3485,0
3486,0
3487,2
3488,4
3489,3
3490,6
3491,3
3492,7
3493,1
3494,1
3495,0
3496,0
3497,8
3498,4
3499,4
3500,2
3501,0
3502,4
3503,0
3504,0
3505,1
3506,0
3507,0
3508,4
3509,2
3510,1
3511,0
3512,1
3513,4
3514,0
3515,0
3516,0
3517,2
3518,3
3519,3
3520,0
3521,0
3522,3
3523,2
3524,3
3525,1
3526,0
3527,1
3528,2
3529,0
3530,1
3531,2
3532,0
3533,3
3534,1
3535,2
3536,0
3537,1
3538,0
3539,0
3540,5
3541,2
3542,4
3543,0
3544,0
3545,0
3546,1
3547,0
3548,1
3549,0
3550,0
3551,1
3552,0
3553,0
3554,1
3555,2
3556,4
3557,2
3558,1
3559,1
3560,0
3561,2
3562,0
3563,9
3564,3
3565,4
3566,0
3567,1
3568,0
3569,0
3570,0
3571,5
3572,0
3573,1
3574,0
3575,0
3576,0
3577,2
3578,5
3579,1
3580,0
3581,4
3582,1
3583,0
3584,6
3585,1
3586,1
3587,1
3588,0
3589,4
3590,4
3591,1
3592,0
3593,2
3594,1
3595,0
3596,0
3597,1
3598,0
3599,2
3600,1
3601,8
3602,0
3603,4
3604,2
3605,1
3606,2
3607,2
3608,0
3609,2
3610,1
3611,0
3612,2
3613,2
3614,3
3615,7
3616,1
3617,0
3618,2
3619,1
3620,1
3621,4
3622,2
3623,0
3624,1
3625,0
3626,2
3627,0
3628,1
3629,5
3630,0
3631,5
3632,1
3633,0
3634,6
3635,0
3636,2
3637,4
3638,0
3639,2
3640,1
3641,7
3642,0
3643,6
3644,0
3645,0
3646,0
3647,1
3648,2
3649,1
3650,1
3651,1
3652,3
3653,5
3654,0
3655,0
3656,3
3657,4
3658,3
3659,5
3660,2
3661,0
3662,0
3663,0
3664,0
3665,1
3666,1
3667,6
3668,0
3669,0
3670,5
3671,1
3672,2
3673,0
3674,0
3675,0
3676,0
3677,3
3678,4
3679,1
3680,4
3681,3
3682,0
3683,1
3684,0
3685,0
3686,0
3687,0
3688,0
3689,1
3690,1
3691,0
3692,7
3693,4
3694,0
3695,2
3696,2
3697,1
3698,1
3699,0
3700,1
3701,1
3702,2
3703,1
3704,0
3705,1
3706,0
3707,2
3708,3
3709,0
3710,1
3711,0
3712,0
3713,5
3714,0
3715,5
3716,4
3717,1
3718,6
3719,0
3720,1
3721,3
3722,7
3723,3
3724,2
3725,2
3726,1
3727,3
3728,0
3729,0
3730,1
3731,1
3732,5
3733,0
3734,2
3735,3
3736,3
3737,0
3738,0
3739,0
3740,4
3741,3
3742,1
3743,5
3744,2
3745,9
3746,1
3747,1
3748,0
3749,6
3750,2
3751,1
3752,2
3753,1
3754,3
3755,3
3756,0
3757,0
3758,0
3759,1
3760,1
3761,0
3762,1
3763,0
3764,0
3765,1
3766,0
3767,0
3768,1
3769,3
3770,0
3771,2
3772,1
3773,1
3774,1
3775,3
3776,2
3777,2
3778,2
3779,3
3780,0
3781,1
3782,0
3783,6
3784,0
3785,6
3786,1
3787,0
3788,2
3789,1
3790,0
3791,0
3792,2
3793,1
3794,7
3795,0
3796,1
3797,1
3798,0
3799,1
3800,0
3801,3
3802,2
3803,3
3804,1
3805,0
3806,0
3807,0
3808,4
3809,3
3810,0
3811,0
3812,0
3813,1
3814,0
3815,7
3816,0
3817,0
3818,0
3819,2
3820,0
3821,0
3822,0
3823,0
3824,1
3825,1
3826,1
3827,1
3828,0
3829,7
3830,5
3831,0
3832,4
3833,3
3834,0
3835,1
3836,6
3837,1
3838,0
3839,0
3840,1
3841,0
3842,0
3843,5
3844,2
3845,0
3846,4
3847,1
3848,1
3849,2
3850,7
3851,5
3852,2
3853,0
3854,3
3855,0
3856,1
3857,0
3858,1
3859,1
3860,4
3861,1
3862,2
3863,3
3864,3
3865,2
3866,3
3867,1
3868,2
3869,0
3870,0
3871,3
3872,1
3873,0
3874,1
3875,2
3876,3
3877,0
3878,5
3879,0
3880,2
3881,1
3882,0
3883,0
3884,0
3885,1
3886,2
3887,2
3888,2
3889,1
3890,0
3891,3
3892,2
3893,0
3894,3
3895,1
3896,0
3897,0
3898,0
3899,3
3900,0
3901,3
3902,1
3903,0
3904,1
3905,2
3906,1
3907,1
3908,0
3909,2
3910,1
3911,6
3912,0
3913,2
3914,6
3915,0
3916,0
3917,0
3918,2
3919,0
3920,1
3921,0
3922,3
3923,1
3924,0
3925,1
3926,1
3927,0
3928,4
3929,1
3930,0
3931,6
3932,3
3933,0
3934,3
3935,3
3936,0
3937,6
3938,0
3939,2
3940,2
3941,1
3942,1
3943,0
3944,0
3945,0
3946,2
3947,2
3948,7
3949,0
3950,4
3951,2
3952,1
3953,0
3954,1
3955,3
3956,1
3957,3
3958,3
3959,0
3960,3
3961,1
3962,3
3963,1
3964,0
3965,1
3966,5
3967,1
3968,1
3969,2
3970,4
3971,4
3972,6
3973,1
3974,6
3975,0
3976,0
3977,2
3978,5
3979,0
3980,3
3981,0
3982,0
3983,0
3984,4
3985,0
3986,0
3987,0
3988,2
3989,4
3990,2
3991,0
3992,1
3993,0
3994,1
3995,0
3996,0
3997,0
3998,0
3999,2
4000,0
4001,1
4002,0
4003,0
4004,1
4005,0
4006,3
4007,1
4008,2
4009,2
4010,0
4011,0
4012,1
4013,0
4014,0
4015,2
4016,1
4017,2
4018,0
4019,2
4020,2
4021,4
4022,3
4023,0
4024,1
4025,0
4026,0
4027,0
4028,2
4029,2
4030,0
4031,1
4032,5
4033,1
4034,2
4035,0
4036,3
4037,0
4038,0
4039,4
4040,2
4041,0
4042,0
4043,1
4044,4
4045,4
4046,1
4047,1
4048,2
4049,2
4050,0
4051,0
4052,1
4053,3
4054,5
4055,4
4056,5
4057,2
4058,2
4059,0
4060,1
4061,1
4062,0
4063,1
4064,3
4065,0
4066,1
4067,2
4068,0
4069,0
4070,1
4071,0
4072,0
4073,7
4074,1
4075,1
4076,0
4077,2
4078,2
4079,1
4080,3
4081,0
4082,1
4083,0
4084,3
4085,1
4086,1
4087,0
4088,5
4089,2
4090,1
4091,0
4092,2
4093,1
4094,0
4095,2
4096,0
4097,1
4098,1
4099,0
4100,2
4101,0
4102,1
4103,0
4104,0
4105,0
4106,2
4107,0
4108,5
4109,0
4110,2
4111,0
4112,4
4113,0
4114,0
4115,0
4116,2
4117,0
4118,0
4119,1
4120,1
4121,3
4122,4
4123,1
4124,4
4125,0
4126,4
4127,2
4128,2
4129,3
4130,0
4131,1
4132,1
4133,1
4134,4
4135,5
4136,3
4137,2
4138,0
4139,0
4140,0
4141,2
4142,4
4143,3
4144,6
4145,3
4146,4
4147,5
4148,0
4149,0
4150,2
4151,1
4152,10
4153,0
4154,1
4155,0
4156,3
4157,3
4158,0
4159,0
4160,0
4161,3
4162,0
4163,1
4164,0
4165,2
4166,1
4167,1
4168,0
4169,0
4170,2
4171,0
4172,2
4173,1
4174,3
4175,0
4176,4
4177,2
4178,5
4179,1
4180,2
4181,0
4182,1
4183,0
4184,4
4185,0
4186,2
4187,0
4188,0
4189,0
4190,1
4191,2
4192,1
4193,0
4194,0
4195,4
4196,1
4197,3
4198,0
4199,1
4200,3
4201,2
4202,1
4203,2
4204,0
4205,0
4206,2
4207,3
4208,3
4209,3
4210,1
4211,2
4212,2
4213,0
4214,2
4215,2
4216,0
4217,3
4218,4
4219,1
4220,2
4221,2
4222,0
4223,8
4224,4
4225,3
4226,1
4227,1
4228,1
4229,0
4230,1
4231,3
4232,2
4233,0
4234,1
4235,1
4236,0
4237,2
4238,0
4239,1
4240,0
4241,0
4242,0
4243,0
4244,0
4245,2
4246,2
4247,1
4248,2
4249,2
4250,3
4251,2
4252,5
4253,0
4254,1
4255,2
4256,3
4257,0
4258,0
4259,2
4260,2
4261,7
4262,2
4263,1
4264,1
4265,0
4266,1
4267,1
4268,6
4269,0
4270,1
4271,1
4272,0
4273,0
4274,0
4275,0
4276,0
4277,1
4278,2
4279,5
4280,3
4281,0
4282,1
4283,2
4284,2
4285,1
4286,1
4287,0
4288,1
4289,5
4290,2
4291,0
4292,3
4293,2
4294,0
4295,2
4296,1
4297,1
4298,0
4299,2
4300,0
4301,1
4302,4
4303,1
4304,2
4305,0
4306,7
4307,5
4308,2
4309,0
4310,3
4311,0
4312,0
4313,0
4314,1
4315,7
4316,0
4317,0
4318,4
4319,3
4320,0
4321,0
4322,6
4323,0
4324,0
4325,0
4326,1
4327,2
4328,0
4329,1
4330,1
4331,0
4332,1
4333,0
4334,1
4335,1
4336,4
4337,1
4338,0
4339,0
4340,2
4341,1
4342,2
4343,0
4344,2
4345,1
4346,2
4347,1
4348,2
4349,1
4350,0
4351,2
4352,6
4353,4
4354,0
4355,4
4356,2
4357,0
4358,0
4359,2
4360,2
4361,0
4362,0
4363,1
4364,4
4365,2
4366,5
4367,0
4368,0
4369,2
4370,5
4371,0
4372,1
4373,0
4374,3
4375,2
4376,2
4377,1
4378,2
4379,0
4380,2
4381,0
4382,0
4383,9
4384,2
4385,0
4386,0
4387,1
4388,6
4389,0
4390,1
4391,2
4392,0
4393,0
4394,0
4395,1
4396,1
4397,1
4398,3
4399,3
4400,3
4401,0
4402,1
4403,2
4404,1
4405,3
4406,4
4407,1
4408,0
4409,2
4410,1
4411,1
4412,0
4413,0
4414,1
4415,0
4416,1
4417,1
4418,2
4419,0
4420,6
4421,3
4422,1
4423,6
4424,3
4425,0
4426,0
4427,4
4428,0
4429,4
4430,0
4431,1
4432,1
4433,1
4434,3
4435,1
4436,0
4437,3
4438,0
4439,1
4440,1
4441,1
4442,0
4443,0
4444,0
4445,2
4446,2
4447,2
4448,0
4449,1
4450,2
4451,4
4452,4
4453,2
4454,2
4455,2
4456,2
4457,1
4458,1
4459,0
4460,0
4461,0
4462,2
4463,1
4464,0
4465,0
4466,0
4467,1
4468,0
4469,1
4470,2
4471,0
4472,1
4473,0
4474,2
4475,4
4476,2
4477,0
4478,0
4479,1
4480,2
4481,2
4482,2
4483,0
4484,1
4485,1
4486,6
4487,3
4488,2
4489,1
4490,3
4491,0
4492,2
4493,0
4494,1
4495,1
4496,2
4497,0
4498,0
4499,3
4500,1
4501,0
4502,0
4503,0
4504,0
4505,1
4506,2
4507,0
4508,0
4509,2
4510,1
4511,3
4512,2
4513,1
4514,1
4515,2
4516,0
4517,6
4518,5
4519,1
4520,0
4521,1
4522,0
4523,3
4524,2
4525,2
4526,1
4527,3
4528,6
4529,0
4530,2
4531,2
4532,0
4533,0
4534,0
4535,0
4536,1
4537,1
4538,1
4539,4
4540,1
4541,2
4542,3
4543,0
4544,2
4545,1
4546,3
4547,0
4548,0
4549,1
4550,0
4551,0
4552,0
4553,2
4554,2
4555,0
4556,1
4557,0
4558,0
4559,2
4560,3
4561,2
4562,2
4563,0
4564,1
4565,0
4566,2
4567,1
4568,2
4569,1
4570,2
4571,13
4572,5
4573,0
4574,0
4575,3
4576,0
4577,0
4578,3
4579,2
4580,2
4581,0
4582,0
4583,0
4584,0
4585,2
4586,3
4587,6
4588,2
4589,3
4590,7
4591,0
4592,2
4593,4
4594,1
4595,1
4596,5
4597,6
4598,0
4599,2
4600,4
4601,2
4602,5
4603,1
4604,1
4605,1
4606,0
4607,3
4608,0
4609,1
4610,2
4611,4
4612,0
4613,5
4614,2
4615,4
4616,1
4617,1
4618,0
4619,4
4620,2
4621,0
4622,1
4623,0
4624,0
4625,1
4626,0
4627,1
4628,1
4629,0
4630,0
4631,0
4632,5
4633,0
4634,2
4635,3
4636,0
4637,1
4638,0
4639,1
4640,1
4641,0
4642,3
4643,3
4644,2
4645,0
4646,12
4647,2
4648,3
4649,0
4650,1
4651,0
4652,0
4653,1
4654,4
4655,1
4656,0
4657,1
4658,0
4659,1
4660,0
4661,1
4662,2
4663,1
4664,0
4665,1
4666,5
4667,1
4668,2
4669,2
4670,1
4671,0
4672,0
4673,0
4674,3
4675,1
4676,1
4677,1
4678,1
4679,2
4680,0
4681,1
4682,2
4683,2
4684,0
4685,0
4686,1
4687,1
4688,0
4689,0
4690,2
4691,0
4692,0
4693,1
4694,1
4695,0
4696,1
4697,1
4698,0
4699,0
4700,0
4701,0
4702,2
4703,1
4704,7
4705,0
4706,5
4707,1
4708,1
4709,0
4710,0
4711,3
4712,4
4713,1
4714,2
4715,3
4716,3
4717,0
4718,3
4719,1
4720,0
4721,4
4722,1
4723,1
4724,2
4725,0
4726,2
4727,1
4728,0
4729,2
4730,3
4731,2
4732,2
4733,3
4734,1
4735,7
4736,2
4737,0
4738,4
4739,0
4740,0
4741,0
4742,2
4743,0
4744,0
4745,0
4746,1
4747,0
4748,0
4749,1
4750,1
4751,0
4752,1
4753,0
4754,2
4755,0
4756,4
4757,0
4758,0
4759,3
4760,6
4761,3
4762,1
4763,5
4764,2
4765,1
4766,4
4767,1
4768,1
4769,1
4770,0
4771,1
4772,2
4773,1
4774,0
4775,1
4776,1
4777,2
4778,1
4779,5
4780,0
4781,0
4782,1
4783,0
4784,7
4785,0
4786,0
4787,0
4788,0
4789,1
4790,3
4791,0
4792,0
4793,0
4794,2
4795,1
4796,1
4797,2
4798,2
4799,2
4800,4
4801,1
4802,3
4803,6
4804,0
4805,0
4806,2
4807,1
4808,1
4809,0
4810,1
4811,0
4812,0
4813,0
4814,0
4815,4
4816,4
4817,0
4818,1
4819,3
4820,2
4821,1
4822,2
4823,4
4824,0
4825,0
4826,1
4827,0
4828,3
4829,1
4830,0
4831,1
4832,8
4833,0
4834,1
4835,0
4836,0
4837,3
4838,0
4839,1
4840,3
4841,0
4842,2
4843,0
4844,1
4845,1
4846,4
4847,0
4848,2
4849,0
4850,0
4851,4
4852,0
4853,0
4854,0
4855,2
4856,0
4857,1
4858,2
4859,1
4860,3
4861,0
4862,3
4863,4
4864,4
4865,0
4866,0
4867,1
4868,1
4869,0
4870,3
4871,2
4872,6
4873,1
4874,4
4875,1
4876,1
4877,1
4878,1
4879,2
4880,5
4881,0
4882,2
4883,0
4884,0
4885,1
4886,1
4887,2
4888,0
4889,3
4890,1
4891,4
4892,0
4893,2
4894,0
4895,0
4896,0
4897,1
4898,4
4899,1
4900,1
4901,4
4902,3
4903,5
4904,0
4905,0
4906,0
4907,2
4908,1
4909,0
4910,1
4911,1
4912,0
4913,0
4914,0
4915,2
4916,1
4917,1
4918,1
4919,2
4920,2
4921,1
4922,4
4923,0
4924,1
4925,1
4926,0
4927,0
4928,0
4929,2
4930,2
4931,0
4932,1
4933,0
4934,1
4935,0
4936,0
4937,1
4938,0
4939,0
4940,3
4941,0
4942,6
4943,0
4944,3
4945,1
4946,2
4947,5
4948,1
4949,1
4950,0
4951,1
4952,4
4953,1
4954,3
4955,0
4956,0
4957,1
4958,0
4959,0
4960,0
4961,1
4962,1
4963,0
4964,6
4965,0
4966,1
4967,0
4968,3
4969,3
4970,0
4971,2
4972,2
4973,0
4974,2
4975,5
4976,2
4977,0
4978,1
4979,0
4980,5
4981,1
4982,2
4983,0
4984,2
4985,0
4986,1
4987,4
4988,0
4989,2
4990,0
4991,0
4992,0
4993,0
4994,1
4995,2
4996,1
4997,1
4998,1
4999,4
5000,3
5001,1
5002,2
5003,0
5004,0
5005,0
5006,1
5007,4
5008,1
5009,0
5010,0
5011,2
5012,0
5013,1
5014,5
5015,1
5016,5
5017,2
5018,4
5019,3
5020,3
5021,2
5022,3
5023,1
5024,1
5025,0
5026,0
5027,1
5028,2
5029,4
5030,0
5031,6
5032,5
5033,2
5034,0
5035,1
5036,0
5037,0
5038,1
5039,3
5040,0
5041,2
5042,2
5043,1
5044,2
5045,0
5046,0
5047,0
5048,1
5049,4
5050,6
5051,1
5052,10
5053,0
5054,5
5055,2
5056,5
5057,2
5058,0
5059,2
5060,0
5061,1
5062,3
5063,1
5064,0
5065,1
5066,0
5067,1
5068,0
5069,1
5070,3
5071,0
5072,4
5073,0
5074,2
5075,0
5076,2
5077,0
5078,1
5079,0
5080,1
5081,0
5082,2
5083,2
5084,2
5085,0
5086,1
5087,0
5088,0
5089,0
5090,1
5091,2
5092,2
5093,0
5094,1
5095,4
5096,0
5097,2
5098,1
5099,0
5100,2
5101,2
5102,2
5103,0
5104,1
5105,1
5106,5
5107,0
5108,1
5109,0
5110,4
5111,1
5112,2
5113,4
5114,0
5115,0
5116,1
5117,0
5118,0
5119,5
5120,2
5121,2
5122,3
5123,2
5124,1
5125,3
5126,2
5127,0
5128,1
5129,0
5130,1
5131,2
5132,4
5133,2
5134,1
5135,2
5136,2
5137,0
5138,0
5139,3
5140,2
5141,0
5142,2
5143,0
5144,3
5145,0
5146,0
5147,2
5148,0
5149,0
5150,3
5151,0
5152,0
5153,2
5154,3
5155,0
5156,2
5157,3
5158,3
5159,0
5160,3
5161,1
5162,0
5163,2
5164,0
5165,1
5166,2
5167,0
5168,2
5169,0
5170,1
5171,0
5172,2
5173,1
5174,1
5175,0
5176,0
5177,4
5178,0
5179,1
5180,3
5181,0
5182,3
5183,0
5184,1
5185,1
5186,2
5187,0
5188,0
5189,3
5190,0
5191,1
5192,1
5193,0
5194,1
5195,1
5196,3
5197,0
5198,0
5199,2
5200,0
5201,0
5202,1
5203,0
5204,2
5205,0
5206,1
5207,1
5208,0
5209,1
5210,0
5211,0
5212,1
5213,0
5214,2
5215,0
5216,0
5217,1
5218,0
5219,0
5220,1
5221,0
5222,3
5223,1
5224,0
5225,1
5226,2
5227,0
5228,2
5229,0
5230,2
5231,0
5232,0
5233,1
5234,2
5235,4
5236,2
5237,0
5238,2
5239,0
5240,6
5241,1
5242,0
5243,0
5244,1
5245,0
5246,2
5247,2
5248,3
5249,0
5250,2
5251,4
5252,0
5253,1
5254,1
5255,2
5256,0
5257,1
5258,2
5259,3
5260,0
5261,3
5262,0
5263,0
5264,0
5265,0
5266,0
5267,2
5268,0
5269,3
5270,3
5271,0
5272,0
5273,1
5274,0
5275,1
5276,1
5277,0
5278,1
5279,5
5280,1
5281,0
5282,0
5283,2
5284,1
5285,5
5286,1
5287,1
5288,0
5289,0
5290,1
5291,0
5292,0
5293,1
5294,1
5295,0
5296,5
5297,0
5298,3
5299,0
5300,1
5301,3
5302,2
5303,1
5304,1
5305,0
5306,2
5307,2
5308,0
5309,0
5310,1
5311,2
5312,2
5313,0
5314,3
5315,3
5316,2
5317,2
5318,4
5319,1
5320,0
5321,0
5322,1
5323,1
5324,1
5325,2
5326,4
5327,2
5328,1
5329,0
5330,0
5331,1
5332,0
5333,0
5334,2
5335,1
5336,0
5337,0
5338,3
5339,0
5340,0
5341,0
5342,1
5343,1
5344,1
5345,0
5346,2
5347,0
5348,0
5349,0
5350,1
5351,1
5352,0
5353,0
5354,0
5355,1
5356,3
5357,0
5358,2
5359,5
5360,1
5361,0
5362,1
5363,0
5364,2
5365,2
5366,4
5367,5
5368,0
5369,0
5370,0
5371,1
5372,1
5373,1
5374,1
5375,1
5376,0
5377,0
5378,1
5379,1
5380,1
5381,3
5382,5
5383,1
5384,1
5385,1
5386,0
5387,2
5388,2
5389,0
5390,1
5391,4
5392,1
5393,1
5394,0
5395,4
5396,5
5397,3
5398,1
5399,2
5400,0
5401,3
5402,2
5403,5
5404,1
5405,0
5406,1
5407,0
5408,6
5409,0
5410,0
5411,1
5412,0
5413,0
5414,4
5415,1
5416,2
5417,4
5418,3
5419,2
5420,0
5421,1
5422,1
5423,0
5424,0
5425,0
5426,2
5427,2
5428,0
5429,1
5430,0
5431,0
5432,1
5433,2
5434,1
5435,0
5436,1
5437,3
5438,0
5439,0
5440,1
5441,0
5442,2
5443,5
5444,1
5445,0
5446,0
5447,0
5448,0
5449,1
5450,0
5451,1
5452,2
5453,1
5454,0
5455,2
5456,0
5457,2
5458,4
5459,0
5460,1
5461,1
5462,2
5463,1
5464,2
5465,2
5466,0
5467,4
5468,0
5469,0
5470,5
5471,1
5472,0
5473,1
5474,2
5475,1
5476,0
5477,5
5478,2
5479,0
5480,1
5481,0
5482,3
5483,0
5484,1
5485,0
5486,0
5487,1
5488,1
5489,1
5490,2
5491,2
5492,0
5493,2
5494,2
5495,1
5496,0
5497,3
5498,2
5499,0
5500,0
5501,3
5502,1
5503,0
5504,2
5505,0
5506,1
5507,2
5508,0
5509,0
5510,2
5511,1
5512,0
5513,3
5514,0
5515,1
5516,1
5517,0
5518,1
5519,2
5520,2
5521,0
5522,0
5523,3
5524,1
5525,0
5526,1
5527,2
5528,0
5529,1
5530,1
5531,0
5532,1
5533,2
5534,1
5535,1
5536,0
5537,0
5538,0
5539,2
5540,2
5541,2
5542,4
5543,3
5544,2
5545,0
5546,0
5547,2
5548,2
5549,0
5550,2
5551,2
5552,3
5553,1
5554,2
5555,0
5556,0
5557,1
5558,4
5559,3
5560,2
5561,3
5562,3
5563,2
5564,1
5565,2
5566,0
5567,0
5568,2
5569,0
5570,3
5571,2
5572,0
5573,3
5574,2
5575,4
5576,2
5577,1
5578,0
5579,0
5580,0
5581,1
5582,2
5583,2
5584,2
5585,1
5586,0
5587,1
5588,3
5589,0
5590,1
5591,0
5592,0
5593,2
5594,1
5595,1
5596,2
5597,1
5598,1
5599,3
5600,2
5601,0
5602,2
5603,0
5604,1
5605,3
5606,2
5607,4
5608,1
5609,2
5610,0
5611,2
5612,0
5613,0
5614,2
5615,0
5616,3
5617,1
5618,3
5619,4
5620,0
5621,1
5622,0
5623,0
5624,3
5625,1
5626,0
5627,3
5628,0
5629,0
5630,0
5631,0
5632,1
5633,1
5634,3
5635,6
5636,0
5637,6
5638,2
5639,1
5640,1
5641,3
5642,0
5643,1
5644,0
5645,1
5646,0
5647,1
5648,2
5649,6
5650,1
5651,1
5652,0
5653,2
5654,0
5655,0
5656,0
5657,0
5658,0
5659,1
5660,0
5661,0
5662,0
5663,2
5664,0
5665,0
5666,0
5667,0
5668,0
5669,1
5670,0
5671,0
5672,2
5673,0
5674,1
5675,0
5676,1
5677,0
5678,1
5679,0
5680,0
5681,5
5682,0
5683,1
5684,2
5685,3
5686,0
5687,0
5688,1
5689,0
5690,0
5691,4
5692,0
5693,6
5694,2
5695,1
5696,0
5697,3
5698,2
5699,0
5700,3
5701,0
5702,0
5703,6
5704,5
5705,0
5706,1
5707,1
5708,0
5709,0
5710,1
5711,1
5712,1
5713,0
5714,0
5715,0
5716,1
5717,3
5718,3
5719,1
5720,4
5721,3
5722,0
5723,3
5724,1
5725,0
5726,0
5727,2
5728,0
5729,1
5730,4
5731,1
5732,1
5733,0
5734,1
5735,1
5736,0
5737,1
5738,1
5739,2
5740,0
5741,2
5742,0
5743,1
5744,3
5745,1
5746,2
5747,1
5748,1
5749,0
5750,1
5751,0
5752,0
5753,2
5754,2
5755,1
5756,1
5757,0
5758,3
5759,1
5760,2
5761,4
5762,0
5763,1
5764,0
5765,0
5766,4
5767,2
5768,0
5769,2
5770,1
5771,4
5772,1
5773,3
5774,0
5775,1
5776,2
5777,1
5778,4
5779,3
5780,1
5781,0
5782,0
5783,1
5784,3
5785,1
5786,1
5787,0
5788,1
5789,2
5790,1
5791,3
5792,1
5793,2
5794,0
5795,0
5796,2
5797,0
5798,1
5799,0
5800,2
5801,0
5802,1
5803,3
5804,2
5805,0
5806,0
5807,0
5808,0
5809,2
5810,4
5811,0
5812,1
5813,2
5814,2
5815,1
5816,3
5817,2
5818,4
5819,1
5820,0
5821,0
5822,1
5823,1
5824,2
5825,1
5826,2
5827,1
5828,1
5829,1
5830,0
5831,0
5832,0
5833,1
5834,0
5835,2
5836,3
5837,3
5838,0
5839,3
5840,2
5841,0
5842,0
5843,5
5844,1
5845,0
5846,2
5847,2
5848,2
5849,3
5850,0
5851,1
5852,0
5853,0
5854,0
5855,1
5856,2
5857,0
5858,0
5859,0
5860,1
5861,2
5862,3
5863,2
5864,0
5865,0
5866,0
5867,3
5868,3
5869,1
5870,1
5871,0
5872,1
5873,0
5874,2
5875,0
5876,1
5877,3
5878,0
5879,2
5880,0
5881,0
5882,0
5883,1
5884,1
5885,0
5886,2
5887,1
5888,0
5889,1
5890,2
5891,4
5892,0
5893,2
5894,0
5895,0
5896,1
5897,1
5898,1
5899,1
5900,2
5901,1
5902,0
5903,1
5904,1
5905,4
5906,2
5907,1
5908,0
5909,4
5910,1
5911,0
5912,1
5913,1
5914,4
5915,2
5916,1
5917,1
5918,0
5919,1
5920,4
5921,1
5922,1
5923,0
5924,0
5925,1
5926,4
5927,1
5928,0
5929,1
5930,0
5931,0
5932,0
5933,0
5934,2
5935,0
5936,0
5937,2
5938,1
5939,0
5940,0
5941,1
5942,3
5943,0
5944,2
5945,1
5946,0
5947,0
5948,3
5949,0
5950,1
5951,0
5952,2
5953,1
5954,0
5955,1
5956,1
5957,0
5958,0
5959,5
5960,1
5961,0
5962,1
5963,0
5964,0
5965,1
5966,1
5967,1
5968,0
5969,2
5970,3
5971,0
5972,3
5973,1
5974,0
5975,0
5976,0
5977,1
5978,0
5979,2
5980,0
5981,1
5982,0
5983,0
5984,0
5985,1
5986,0
5987,6
5988,2
5989,0
5990,1
5991,2
5992,0
5993,0
5994,0
5995,0
5996,0
5997,1
5998,0
5999,2
6000,1
6001,2
6002,0
6003,0
6004,1
6005,1
6006,1
6007,1
6008,1
6009,0
6010,0
6011,0
6012,1
6013,1
6014,1
6015,0
6016,0
6017,0
6018,0
6019,1
6020,1
6021,1
6022,1
6023,2
6024,1
6025,1
6026,0
6027,0
6028,2
6029,2
6030,1
6031,1
6032,1
6033,3
6034,0
6035,2
6036,6
6037,2
6038,2
6039,1
6040,0
6041,0
6042,3
6043,0
6044,0
6045,0
6046,0
6047,0
6048,2
6049,0
6050,5
6051,7
6052,1
6053,1
6054,0
6055,0
6056,3
6057,1
6058,0
6059,0
6060,1
6061,1
6062,0
6063,2
6064,3
6065,0
6066,1
6067,0
6068,0
6069,0
6070,0
6071,0
6072,0
6073,5
6074,1
6075,0
6076,0
6077,2
6078,0
6079,2
6080,2
6081,1
6082,0
6083,1
6084,1
6085,1
6086,0
6087,0
6088,3
6089,3
6090,0
6091,2
6092,2
6093,0
6094,0
6095,0
6096,1
6097,3
6098,0
6099,3
6100,2
6101,0
6102,0
6103,1
6104,1
6105,2
6106,0
6107,1
6108,1
6109,0
6110,1
6111,2
6112,1
6113,0
6114,0
6115,2
6116,4
6117,0
6118,2
6119,0
6120,3
6121,0
6122,2
6123,2
6124,1
6125,0
6126,0
6127,0
6128,0
6129,3
6130,0
6131,0
6132,0
6133,3
6134,0
6135,2
6136,1
6137,3
6138,0
6139,0
6140,2
6141,2
6142,0
6143,2
6144,0
6145,0
6146,1
6147,2
6148,0
6149,2
6150,0
6151,5
6152,0
6153,1
6154,0
6155,1
6156,0
6157,0
6158,0
6159,1
6160,0
6161,2
6162,4
6163,1
6164,2
6165,1
6166,2
6167,3
6168,0
6169,2
6170,4
6171,0
6172,0
6173,1
6174,1
6175,0
6176,1
6177,2
6178,1
6179,3
6180,1
6181,1
6182,0
6183,2
6184,2
6185,2
6186,1
6187,0
6188,3
6189,4
6190,3
6191,3
6192,1
6193,2
6194,1
6195,4
6196,6
6197,0
6198,1
6199,1
6200,3
6201,0
6202,2
6203,0
6204,2
6205,2
6206,1
6207,3
6208,2
6209,1
6210,0
6211,0
6212,1
6213,1
6214,0
6215,3
6216,0
6217,0
6218,1
6219,2
6220,2
6221,4
6222,1
6223,0
6224,0
6225,0
6226,0
6227,0
6228,1
6229,1
6230,1
6231,0
6232,0
6233,1
6234,0
6235,3
6236,1
6237,1
6238,0
6239,0
6240,0
6241,4
6242,0
6243,2
6244,1
6245,5
6246,3
6247,0
6248,1
6249,1
6250,0
6251,1
6252,0
6253,2
6254,3
6255,1
6256,2
6257,0
6258,0
6259,6
6260,1
6261,0
6262,3
6263,3
6264,5
6265,1
6266,2
6267,0
6268,3
6269,1
6270,0
6271,1
6272,1
6273,1
6274,1
6275,1
6276,1
6277,4
6278,0
6279,5
6280,4
6281,1
6282,1
6283,2
6284,1
6285,3
6286,0
6287,0
6288,3
6289,1
6290,5
6291,0
6292,0
6293,0
6294,0
6295,2
6296,3
6297,0
6298,0
6299,4
6300,3
6301,0
6302,3
6303,0
6304,0
6305,1
6306,3
6307,0
6308,0
6309,0
6310,1
6311,0
6312,2
6313,5
6314,2
6315,2
6316,1
6317,4
6318,3
6319,1
6320,0
6321,2
6322,2
6323,0
6324,1
6325,1
6326,0
6327,0
6328,3
6329,2
6330,3
6331,3
6332,2
6333,1
6334,2
6335,0
6336,0
6337,0
6338,0
6339,1
6340,2
6341,1
6342,2
6343,0
6344,2
6345,2
6346,0
6347,1
6348,1
6349,2
6350,1
6351,0
6352,0
6353,1
6354,5
6355,3
6356,2
6357,0
6358,3
6359,1
6360,2
6361,2
6362,1
6363,0
6364,1
6365,0
6366,2
6367,2
6368,1
6369,0
6370,3
6371,0
6372,1
6373,2
6374,0
6375,0
6376,0
6377,0
6378,4
6379,0
6380,0
6381,0
6382,2
6383,1
6384,2
6385,0
6386,0
6387,0
6388,0
6389,1
6390,2
6391,2
6392,0
6393,2
6394,0
6395,0
6396,3
6397,0
6398,1
6399,0
6400,0
6401,0
6402,0
6403,2
6404,0
6405,1
6406,1
6407,2
6408,1
6409,4
6410,0
6411,0
6412,2
6413,2
6414,0
6415,0
6416,1
6417,4
6418,2
6419,2
6420,1
6421,1
6422,2
6423,0
6424,0
6425,0
6426,1
6427,2
6428,1
6429,0
6430,0
6431,0
6432,0
6433,2
6434,2
6435,2
6436,0
6437,1
6438,0
6439,2
6440,2
6441,1
6442,0
6443,2
6444,1
6445,0
6446,0
6447,1
6448,0
6449,1
6450,0
6451,0
6452,0
6453,1
6454,1
6455,6
6456,2
6457,1
6458,1
6459,0
6460,8
6461,2
6462,1
6463,0
6464,0
6465,0
6466,2
6467,2
6468,4
6469,0
6470,0
6471,0
6472,0
6473,2
6474,1
6475,0
6476,0
6477,0
6478,3
6479,0
6480,1
6481,0
6482,2
6483,0
6484,1
6485,2
6486,0
6487,1
6488,1
6489,1
6490,3
6491,1
6492,0
6493,1
6494,0
6495,0
6496,0
6497,2
6498,1
6499,2
6500,1
6501,0
6502,0
6503,5
6504,1
6505,2
6506,2
6507,1
6508,0
6509,2
6510,1
6511,5
6512,0
6513,1
6514,0
6515,0
6516,2
6517,0
6518,0
6519,1
6520,3
6521,0
6522,1
6523,0
6524,1
6525,1
6526,0
6527,0
6528,4
6529,1
6530,1
6531,3
6532,0
6533,2
6534,0
6535,1
6536,1
6537,1
6538,1
6539,2
6540,3
6541,1
6542,1
6543,0
6544,0
6545,2
6546,0
6547,2
6548,0
6549,2
6550,3
6551,0
6552,2
6553,4
6554,1
6555,0
6556,0
6557,1
6558,0
6559,0
6560,6
6561,3
6562,1
6563,0
6564,1
6565,0
6566,2
6567,2
6568,3
6569,1
6570,1
6571,0
6572,2
6573,3
6574,2
6575,0
6576,0
6577,1
6578,3
6579,0
6580,0
6581,0
6582,0
6583,0
6584,2
6585,1
6586,2
6587,1
6588,1
6589,1
6590,2
6591,2
6592,3
6593,2
6594,2
6595,5
6596,0
6597,0
6598,1
6599,1
6600,3
6601,2
6602,0
6603,1
6604,0
6605,0
6606,0
6607,1
6608,0
6609,2
6610,1
6611,2
6612,0
6613,0
6614,0
6615,1
6616,1
6617,2
6618,1
6619,1
6620,0
6621,1
6622,0
6623,3
6624,0
6625,5
6626,1
6627,2
6628,7
6629,0
6630,1
6631,4
6632,0
6633,3
6634,0
6635,4
6636,1
6637,3
6638,5
6639,0
6640,0
6641,1
6642,2
6643,3
6644,0
6645,0
6646,2
6647,6
6648,0
6649,2
6650,1
6651,2
6652,0
6653,2
6654,1
6655,0
6656,0
6657,5
6658,0
6659,0
6660,1
6661,0
6662,2
6663,3
6664,0
6665,1
6666,1
6667,0
6668,6
6669,0
6670,0
6671,2
6672,1
6673,0
6674,0
6675,0
6676,1
6677,3
6678,0
6679,1
6680,2
6681,1
6682,2
6683,2
6684,2
6685,0
6686,0
6687,5
6688,0
6689,0
6690,0
6691,6
6692,2
6693,1
6694,3
6695,0
6696,3
6697,3
6698,1
6699,3
6700,0
6701,0
6702,0
6703,4
6704,2
6705,2
6706,2
6707,1
6708,2
6709,2
6710,1
6711,0
6712,1
6713,0
6714,2
6715,1
6716,2
6717,0
6718,2
6719,0
6720,5
6721,2
6722,0
6723,1
6724,1
6725,1
6726,0
6727,0
6728,2
6729,3
6730,1
6731,1
6732,0
6733,0
6734,0
6735,0
6736,0
6737,2
6738,0
6739,1
6740,1
6741,1
6742,2
6743,1
6744,1
6745,0
6746,1
6747,3
6748,0
6749,1
6750,1
6751,0
6752,0
6753,1
6754,0
6755,1
6756,2
6757,0
6758,2
6759,2
6760,1
6761,1
6762,2
6763,2
6764,1
6765,1
6766,0
6767,0
6768,1
6769,4
6770,0
6771,1
6772,1
6773,2
6774,1
6775,0
6776,1
6777,0
6778,0
6779,1
6780,2
6781,0
6782,0
6783,3
6784,1
6785,0
6786,0
6787,1
6788,2
6789,1
6790,1
6791,2
6792,5
6793,0
6794,0
6795,0
6796,1
6797,0
6798,0
6799,0
6800,1
6801,2
6802,0
6803,1
6804,3
6805,1
6806,1
6807,2
6808,0
6809,1
6810,0
6811,0
6812,3
6813,2
6814,1
6815,1
6816,1
6817,0
6818,1
6819,0
6820,0
6821,1
6822,1
6823,1
6824,1
6825,0
6826,0
6827,1
6828,3
6829,1
6830,2
6831,2
6832,1
6833,2
6834,2
6835,0
6836,0
6837,0
6838,1
6839,0
6840,1
6841,2
6842,1
6843,0
6844,0
6845,3
6846,0
6847,1
6848,0
6849,1
6850,0
6851,0
6852,0
6853,1
6854,2
6855,1
6856,2
6857,1
6858,2
6859,3
6860,2
6861,0
6862,3
6863,1
6864,0
6865,2
6866,2
6867,4
6868,0
6869,3
6870,1
6871,1
6872,1
6873,0
6874,0
6875,0
6876,3
6877,3
6878,2
6879,1
6880,3
6881,2
6882,1
6883,2
6884,2
6885,0
6886,0
6887,5
6888,1
6889,1
6890,1
6891,2
6892,2
6893,0
6894,0
6895,2
6896,0
6897,2
6898,3
6899,0
6900,3
6901,0
6902,0
6903,0
6904,1
6905,2
6906,1
6907,2
6908,2
6909,0
6910,2
6911,0
6912,3
6913,0
6914,1
6915,0
6916,0
6917,2
6918,2
6919,2
6920,2
6921,0
6922,2
6923,2
6924,0
6925,6
6926,1
6927,0
6928,2
6929,1
6930,3
6931,0
6932,0
6933,3
6934,3
6935,3
6936,3
6937,1
6938,2
6939,2
6940,0
6941,0
6942,1
6943,0
6944,0
6945,1
6946,0
6947,1
6948,2
6949,1
6950,2
6951,0
6952,2
6953,0
6954,3
6955,0
6956,0
6957,4
6958,3
6959,2
6960,1
6961,0
6962,0
6963,1
6964,2
6965,1
6966,0
6967,3
6968,0
6969,1
6970,1
6971,4
6972,1
6973,0
6974,3
6975,2
6976,0
6977,7
6978,0
6979,1
6980,0
6981,0
6982,2
6983,5
6984,2
6985,4
6986,0
6987,1
6988,0
6989,0
6990,0
6991,2
6992,0
6993,0
6994,4
6995,1
6996,7
6997,0
6998,0
6999,2
7000,1
7001,0
7002,0
7003,5
7004,1
7005,1
7006,1
7007,3
7008,0
7009,1
7010,0
7011,1
7012,0
7013,4
7014,2
7015,3
7016,3
7017,3
7018,0
7019,1
7020,3
7021,1
7022,0
7023,0
7024,5
7025,0
7026,3
7027,0
7028,2
7029,1
7030,1
7031,1
7032,0
7033,2
7034,2
7035,0
7036,2
7037,3
7038,2
7039,0
7040,0
7041,1
7042,0
7043,1
7044,1
7045,0
7046,2
7047,2
7048,2
7049,1
7050,0
7051,0
7052,1
7053,1
7054,4
7055,1
7056,4
7057,1
7058,1
7059,2
7060,0
7061,2
7062,3
7063,1
7064,0
7065,0
7066,3
7067,0
7068,1
7069,0
7070,0
7071,1
7072,0
7073,2
7074,2
7075,0
7076,0
7077,0
7078,1
7079,1
7080,1
7081,2
7082,0
7083,4
7084,1
7085,1
7086,0
7087,1
7088,0
7089,3
7090,1
7091,1
7092,1
7093,10
7094,1
7095,0
7096,1
7097,0
7098,0
7099,0
7100,1
7101,1
7102,2
7103,2
7104,1
7105,0
7106,1
7107,2
7108,2
7109,0
7110,0
7111,0
7112,1
7113,3
7114,2
7115,4
7116,2
7117,3
7118,4
7119,1
7120,0
7121,1
7122,1
7123,0
7124,0
7125,3
7126,1
7127,0
7128,2
7129,1
7130,1
7131,1
7132,1
7133,0
7134,5
7135,3
7136,0
7137,1
7138,0
7139,0
7140,0
7141,1
7142,0
7143,0
7144,6
7145,0
7146,1
7147,0
7148,2
7149,3
7150,2
7151,0
7152,0
7153,1
7154,0
7155,3
7156,2
7157,1
7158,0
7159,1
7160,2
7161,2
7162,2
7163,1
7164,0
7165,2
7166,2
7167,3
7168,3
7169,0
7170,3
7171,1
7172,5
7173,2
7174,0
7175,1
7176,0
7177,3
7178,1
7179,0
7180,0
7181,1
7182,0
7183,1
7184,1
7185,2
7186,1
7187,1
7188,2
7189,1
7190,0
7191,2
7192,0
7193,0
7194,0
7195,1
7196,0
7197,0
7198,1
7199,1
7200,1
7201,3
7202,2
7203,3
7204,2
7205,2
7206,2
7207,2
7208,1
7209,0
7210,0
7211,0
7212,0
7213,0
7214,2
7215,2
7216,2
7217,0
7218,2
7219,1
7220,2
7221,0
7222,1
7223,1
7224,0
7225,0
7226,4
7227,1
7228,1
7229,0
7230,1
7231,2
7232,1
7233,1
7234,0
7235,0
7236,1
7237,0
7238,0
7239,0
7240,2
7241,0
7242,0
7243,4
7244,4
7245,3
7246,1
7247,1
7248,1
7249,1
7250,0
7251,1
7252,2
7253,2
7254,1
7255,3
7256,0
7257,3
7258,3
7259,0
7260,4
7261,0
7262,0
7263,1
7264,0
7265,0
7266,1
7267,1
7268,1
7269,1
7270,4
7271,0
7272,0
7273,0
7274,3
7275,3
7276,0
7277,3
7278,0
7279,0
7280,4
7281,1
7282,2
7283,0
7284,1
7285,0
7286,1
7287,0
7288,0
7289,5
7290,0
7291,1
7292,0
7293,0
7294,0
7295,1
7296,2
7297,4
7298,1
7299,2
7300,0
7301,0
7302,2
7303,2
7304,0
7305,5
7306,1
7307,0
7308,0
7309,2
7310,2
7311,1
7312,4
7313,1
7314,0
7315,0
7316,0
7317,3
7318,1
7319,2
7320,0
7321,1
7322,2
7323,4
7324,4
7325,0
7326,1
7327,1
7328,0
7329,0
7330,0
7331,1
7332,3
7333,3
7334,1
7335,5
7336,3
7337,0
7338,2
7339,2
7340,0
7341,2
7342,1
7343,0
7344,1
7345,5
7346,1
7347,0
7348,0
7349,1
7350,1
7351,2
7352,2
7353,0
7354,1
7355,2
7356,0
7357,0
7358,3
7359,0
7360,0
7361,0
7362,2
7363,1
7364,0
7365,2
7366,3
7367,2
7368,1
7369,0
7370,0
7371,2
7372,2
7373,1
7374,1
7375,2
7376,0
7377,2
7378,0
7379,1
7380,3
7381,1
7382,1
7383,1
7384,4
7385,0
7386,1
7387,1
7388,1
7389,0
7390,2
7391,0
7392,7
7393,1
7394,0
7395,4
7396,1
7397,0
7398,1
7399,0
7400,1
7401,0
7402,0
7403,1
7404,0
7405,0
7406,1
7407,2
7408,0
7409,3
7410,0
7411,0
7412,2
7413,0
7414,2
7415,3
7416,1
7417,0
7418,2
7419,0
7420,2
7421,3
7422,3
7423,1
7424,2
7425,2
7426,0
7427,0
7428,0
7429,1
7430,1
7431,0
7432,1
7433,0
7434,0
7435,1
7436,1
7437,0
7438,2
7439,1
7440,1
7441,2
7442,0
7443,0
7444,2
7445,3
7446,0
7447,1
7448,3
7449,1
7450,0
7451,0
7452,1
7453,0
7454,0
7455,2
7456,1
7457,2
7458,1
7459,3
7460,1
7461,2
7462,1
7463,1
7464,2
7465,2
7466,0
7467,1
7468,2
7469,1
7470,0
7471,2
7472,1
7473,0
7474,0
7475,1
7476,0
7477,0
7478,2
7479,1
7480,0
7481,2
7482,0
7483,2
7484,5
7485,1
7486,1
7487,0
7488,0
7489,2
7490,0
7491,2
7492,2
7493,3
7494,2
7495,3
7496,2
7497,0
7498,0
7499,4
7500,1
7501,0
7502,2
7503,0
7504,1
7505,2
7506,0
7507,0
7508,1
7509,0
7510,0
7511,1
7512,1
7513,0
7514,3
7515,2
7516,1
7517,1
7518,6
7519,2
7520,0
7521,0
7522,1
7523,3
7524,2
7525,1
7526,0
7527,0
7528,1
7529,0
7530,0
7531,1
7532,0
7533,1
7534,3
7535,0
7536,0
7537,1
7538,0
7539,3
7540,4
7541,1
7542,0
7543,2
7544,1
7545,0
7546,5
7547,2
7548,0
7549,0
7550,0
7551,1
7552,0
7553,3
7554,1
7555,1
7556,1
7557,0
7558,3
7559,1
7560,0
7561,1
7562,1
7563,1
7564,0
7565,0
7566,1
7567,0
7568,0
7569,2
7570,0
7571,0
7572,3
7573,2
7574,4
7575,2
7576,1
7577,1
7578,0
7579,2
7580,0
7581,0
7582,4
7583,1
7584,1
7585,0
7586,0
7587,3
7588,1
7589,1
7590,0
7591,2
7592,0
7593,3
7594,1
7595,0
7596,0
7597,1
7598,2
7599,0
7600,0
7601,0
7602,1
7603,2
7604,1
7605,0
7606,0
7607,1
7608,2
7609,0
7610,1
7611,0
7612,3
7613,2
7614,0
7615,3
7616,3
7617,1
7618,0
7619,1
7620,1
7621,0
7622,1
7623,1
7624,2
7625,0
7626,4
7627,1
7628,0
7629,0
7630,1
7631,0
7632,0
7633,1
7634,0
7635,1
7636,0
7637,1
7638,0
7639,0
7640,1
7641,2
7642,2
7643,1
7644,0
7645,2
7646,0
7647,0
7648,2
7649,1
7650,0
7651,1
7652,0
7653,1
7654,4
7655,0
7656,2
7657,0
7658,0
7659,5
7660,2
7661,5
7662,1
7663,1
7664,0
7665,2
7666,1
7667,1
7668,1
7669,2
7670,1
7671,0
7672,3
7673,0
7674,1
7675,1
7676,1
7677,0
7678,1
7679,3
7680,0
7681,3
7682,1
7683,0
7684,1
7685,0
7686,0
7687,0
7688,2
7689,0
7690,0
7691,1
7692,3
7693,2
7694,4
7695,1
7696,4
7697,1
7698,0
7699,3
7700,0
7701,0
7702,5
7703,0
7704,2
7705,1
7706,2
7707,0
7708,2
7709,0
7710,4
7711,1
7712,1
7713,2
7714,2
7715,0
7716,0
7717,0
7718,2
7719,1
7720,0
7721,0
7722,1
7723,2
7724,0
7725,0
7726,1
7727,0
7728,0
7729,0
7730,1
7731,4
7732,1
7733,1
7734,1
7735,2
7736,0
7737,3
7738,3
7739,1
7740,2
7741,3
7742,2
7743,1
7744,1
7745,0
7746,0
7747,1
7748,2
7749,1
7750,0
7751,1
7752,0
7753,1
7754,2
7755,0
7756,1
7757,4
7758,0
7759,1
7760,1
7761,4
7762,0
7763,3
7764,1
7765,3
7766,2
7767,1
7768,0
7769,2
7770,2
7771,2
7772,3
7773,2
7774,1
7775,0
7776,1
7777,0
7778,1
7779,1
7780,1
7781,0
7782,0
7783,1
7784,2
7785,2
7786,1
7787,0
7788,1
7789,3
7790,2
7791,1
7792,1
7793,0
7794,1
7795,0
7796,0
7797,2
7798,0
7799,0
7800,0
7801,1
7802,2
7803,0
7804,1
7805,1
7806,2
7807,1
7808,1
7809,3
7810,5
7811,2
7812,2
7813,0
7814,3
7815,1
7816,1
7817,3
7818,0
7819,0
7820,4
7821,1
7822,1
7823,2
7824,2
7825,0
7826,0
7827,2
7828,2
7829,2
7830,0
7831,2
7832,1
7833,1
7834,2
7835,1
7836,3
7837,1
7838,0
7839,1
7840,1
7841,0
7842,1
7843,0
7844,0
7845,4
7846,1
7847,1
7848,0
7849,0
7850,0
7851,1
7852,1
7853,1
7854,0
7855,1
7856,0
7857,1
7858,3
7859,0
7860,1
7861,1
7862,1
7863,1
7864,0
7865,1
7866,1
7867,3
7868,2
7869,0
7870,0
7871,4
7872,2
7873,0
7874,2
7875,2
7876,0
7877,0
7878,1
7879,2
7880,0
7881,3
7882,0
7883,1
7884,0
7885,4
7886,2
7887,2
7888,2
7889,0
7890,0
7891,1
7892,2
7893,1
7894,2
7895,1
7896,1
7897,3
7898,1
7899,1
7900,1
7901,1
7902,0
7903,1
7904,0
7905,2
7906,0
7907,0
7908,0
7909,0
7910,1
7911,0
7912,3
7913,1
7914,1
7915,0
7916,3
7917,1
7918,0
7919,3
7920,0
7921,0
7922,3
7923,2
7924,0
7925,0
7926,1
7927,0
7928,3
7929,2
7930,3
7931,4
7932,0
7933,1
7934,0
7935,2
7936,2
7937,0
7938,1
7939,1
7940,1
7941,1
7942,0
7943,0
7944,1
7945,0
7946,0
7947,1
7948,2
7949,2
7950,2
7951,2
7952,1
7953,2
7954,1
7955,0
7956,2
7957,0
7958,0
7959,0
7960,2
7961,0
7962,2
7963,1
7964,0
7965,1
7966,0
7967,1
7968,0
7969,0
7970,3
7971,0
7972,2
7973,0
7974,1
7975,4
7976,1
7977,0
7978,0
7979,0
7980,0
7981,1
7982,1
7983,1
7984,5
7985,0
7986,1
7987,0
7988,0
7989,0
7990,0
7991,0
7992,5
7993,4
7994,2
7995,0
7996,1
7997,0
7998,2
7999,0
8000,1
8001,1
8002,3
8003,2
8004,0
8005,2
8006,2
8007,2
8008,0
8009,2
8010,1
8011,0
8012,1
8013,2
8014,3
8015,2
8016,0
8017,0
8018,1
8019,0
8020,4
8021,2
8022,1
8023,2
8024,2
8025,0
8026,1
8027,1
8028,1
8029,2
8030,0
8031,0
8032,3
8033,1
8034,1
8035,1
8036,0
8037,0
8038,1
8039,0
8040,1
8041,2
8042,1
8043,2
8044,3
8045,3
8046,3
8047,3
8048,2
8049,1
8050,0
8051,0
8052,3
8053,0
8054,2
8055,2
8056,2
8057,1
8058,0
8059,2
8060,2
8061,2
8062,0
8063,0
8064,2
8065,3
8066,2
8067,3
8068,4
8069,1
8070,0
8071,0
8072,3
8073,0
8074,1
8075,4
8076,0
8077,1
8078,1
8079,0
8080,4
8081,1
8082,2
8083,0
8084,1
8085,0
8086,3
8087,0
8088,0
8089,0
8090,1
8091,0
8092,1
8093,2
8094,3
8095,0
8096,0
8097,1
8098,2
8099,1
8100,1
8101,0
8102,2
8103,1
8104,2
8105,3
8106,3
8107,3
8108,3
8109,1
8110,2
8111,2
8112,0
8113,0
8114,0
8115,1
8116,0
8117,0
8118,0
8119,0
8120,1
8121,0
8122,2
8123,3
8124,2
8125,0
8126,1
8127,5
8128,0
8129,1
8130,3
8131,3
8132,1
8133,1
8134,1
8135,2
8136,0
8137,2
8138,1
8139,3
8140,1
8141,1
8142,2
8143,3
8144,1
8145,1
8146,1
8147,0
8148,2
8149,3
8150,0
8151,1
8152,0
8153,0
8154,0
8155,0
8156,1
8157,2
8158,0
8159,0
8160,2
8161,0
8162,2
8163,0
8164,0
8165,1
8166,1
8167,0
8168,0
8169,0
8170,0
8171,0
8172,2
8173,1
8174,0
8175,0
8176,0
8177,2
8178,0
8179,2
8180,0
8181,0
8182,0
8183,3
8184,1
8185,3
8186,0
8187,0
8188,1
8189,2
8190,1
8191,2
8192,2
8193,0
8194,0
8195,1
8196,2
8197,0
8198,0
8199,1
8200,0
8201,0
8202,4
8203,1
8204,0
8205,2
8206,0
8207,1
8208,1
8209,2
8210,4
8211,5
8212,0
8213,1
8214,1
8215,1
8216,0
8217,2
8218,1
8219,1
8220,1
8221,2
8222,1
8223,0
8224,2
8225,1
8226,2
8227,0
8228,2
8229,1
8230,0
8231,0
8232,0
8233,3
8234,0
8235,1
8236,3
8237,0
8238,2
8239,2
8240,0
8241,0
8242,0
8243,0
8244,0
8245,3
8246,4
8247,1
8248,2
8249,1
8250,2
8251,3
8252,0
8253,4
8254,0
8255,0
8256,1
8257,1
8258,0
8259,0
8260,1
8261,2
8262,0
8263,0
8264,0
8265,1
8266,2
8267,3
8268,0
8269,0
8270,2
8271,0
8272,0
8273,1
8274,4
8275,0
8276,2
8277,0
8278,1
8279,3
8280,3
8281,0
8282,0
8283,2
8284,0
8285,2
8286,2
8287,1
8288,0
8289,1
8290,1
8291,2
8292,0
8293,0
8294,3
8295,0
8296,3
8297,1
8298,0
8299,0
8300,2
8301,1
8302,1
8303,0
8304,2
8305,4
8306,1
8307,0
8308,1
8309,0
8310,2
8311,2
8312,1
8313,1
8314,2
8315,1
8316,1
8317,1
8318,0
8319,0
8320,2
8321,0
8322,0
8323,3
8324,0
8325,0
8326,2
8327,1
8328,0
8329,1
8330,1
8331,2
8332,0
8333,0
8334,1
8335,2
8336,1
8337,1
8338,1
8339,4
8340,0
8341,0
8342,0
8343,3
8344,1
8345,0
8346,2
8347,0
8348,1
8349,0
8350,2
8351,1
8352,0
8353,2
8354,1
8355,2
8356,2
8357,1
8358,1
8359,1
8360,1
8361,0
8362,0
8363,0
8364,2
8365,0
8366,0
8367,0
8368,3
8369,2
8370,1
8371,1
8372,2
8373,4
8374,0
8375,1
8376,3
8377,0
8378,1
8379,0
8380,2
8381,3
8382,0
8383,0
8384,1
8385,1
8386,3
8387,1
8388,0
8389,0
8390,1
8391,0
8392,2
8393,2
8394,1
8395,0
8396,0
8397,0
8398,1
8399,0
8400,1
8401,5
8402,1
8403,0
8404,0
8405,1
8406,0
8407,0
8408,2
8409,4
8410,2
8411,1
8412,1
8413,1
8414,2
8415,1
8416,3
8417,1
8418,2
8419,0
8420,0
8421,3
8422,0
8423,1
8424,1
8425,1
8426,0
8427,0
8428,3
8429,1
8430,2
8431,0
8432,1
8433,1
8434,1
8435,2
8436,0
8437,0
8438,0
8439,0
8440,1
8441,1
8442,0
8443,2
8444,1
8445,0
8446,3
8447,1
8448,1
8449,1
8450,1
8451,0
8452,0
8453,0
8454,0
8455,2
8456,0
8457,0
8458,3
8459,0
8460,1
8461,3
8462,1
8463,0
8464,4
8465,4
8466,1
8467,1
8468,3
8469,0
8470,1
8471,2
8472,1
8473,2
8474,0
8475,3
8476,0
8477,1
8478,3
8479,3
8480,1
8481,1
8482,0
8483,1
8484,3
8485,2
8486,1
8487,4
8488,1
8489,0
8490,3
8491,0
8492,1
8493,0
8494,1
8495,3
8496,1
8497,3
8498,1
8499,0
8500,0
8501,1
8502,0
8503,1
8504,1
8505,0
8506,2
8507,0
8508,1
8509,1
8510,4
8511,0
8512,2
8513,1
8514,1
8515,0
8516,2
8517,0
8518,1
8519,2
8520,0
8521,2
8522,2
8523,1
8524,1
8525,1
8526,1
8527,0
8528,0
8529,1
8530,0
8531,0
8532,3
8533,0
8534,1
8535,1
8536,0
8537,0
8538,1
8539,2
8540,1
8541,0
8542,2
8543,1
8544,0
8545,2
8546,0
8547,3
8548,2
8549,2
8550,1
8551,1
8552,0
8553,3
8554,0
8555,1
8556,0
8557,0
8558,2
8559,2
8560,1
8561,2
8562,1
8563,1
8564,2
8565,0
8566,1
8567,1
8568,1
8569,0
8570,1
8571,0
8572,0
8573,1
8574,0
8575,1
8576,4
8577,2
8578,0
8579,0
8580,1
8581,4
8582,0
8583,3
8584,0
8585,0
8586,0
8587,1
8588,2
8589,4
8590,3
8591,3
8592,0
8593,2
8594,0
8595,2
8596,2
8597,0
8598,0
8599,1
8600,1
8601,0
8602,0
8603,1
8604,1
8605,0
8606,0
8607,0
8608,0
8609,1
8610,2
8611,0
8612,0
8613,0
8614,3
8615,4
8616,2
8617,0
8618,0
8619,0
8620,1
8621,2
8622,1
8623,2
8624,0
8625,3
8626,1
8627,1
8628,2
8629,0
8630,3
8631,3
8632,1
8633,0
8634,1
8635,1
8636,1
8637,1
8638,0
8639,1
8640,0
8641,1
8642,2
8643,0
8644,0
8645,2
8646,1
8647,1
8648,1
8649,6
8650,0
8651,1
8652,1
8653,2
8654,3
8655,0
8656,2
8657,2
8658,1
8659,0
8660,0
8661,0
8662,1
8663,2
8664,0
8665,0
8666,0
8667,3
8668,2
8669,1
8670,1
8671,1
8672,0
8673,1
8674,0
8675,1
8676,1
8677,1
8678,0
8679,1
8680,1
8681,0
8682,2
8683,1
8684,1
8685,4
8686,1
8687,1
8688,1
8689,1
8690,1
8691,2
8692,3
8693,2
8694,3
8695,2
8696,2
8697,0
8698,1
8699,1
8700,1
8701,0
8702,0
8703,1
8704,1
8705,3
8706,1
8707,1
8708,2
8709,0
8710,4
8711,3
8712,0
8713,1
8714,1
8715,1
8716,3
8717,1
8718,0
8719,0
8720,4
8721,0
8722,2
8723,1
8724,1
8725,3
8726,0
8727,0
8728,0
8729,1
8730,1
8731,0
8732,0
8733,1
8734,2
8735,1
8736,0
8737,1
8738,2
8739,1
8740,0
8741,1
8742,0
8743,0
8744,2
8745,2
8746,2
8747,1
8748,0
8749,1
8750,0
8751,0
8752,0
8753,0
8754,2
8755,0
8756,0
8757,3
8758,1
8759,0
8760,0
8761,2
8762,1
8763,2
8764,2
8765,1
8766,0
8767,1
8768,1
8769,0
8770,1
8771,1
8772,3
8773,1
8774,3
8775,0
8776,2
8777,0
8778,1
8779,0
8780,0
8781,1
8782,2
8783,3
8784,0
8785,1
8786,1
8787,1
8788,0
8789,1
8790,0
8791,0
8792,0
8793,1
8794,0
8795,0
8796,0
8797,2
8798,1
8799,3
8800,0
8801,3
8802,1
8803,0
8804,0
8805,2
8806,2
8807,0
8808,1
8809,0
8810,0
8811,3
8812,1
8813,0
8814,1
8815,1
8816,0
8817,1
8818,0
8819,5
8820,0
8821,1
8822,0
8823,0
8824,0
8825,0
8826,1
8827,0
8828,0
8829,0
8830,2
8831,0
8832,0
8833,1
8834,0
8835,1
8836,1
8837,1
8838,0
8839,1
8840,5
8841,2
8842,2
8843,1
8844,1
8845,0
8846,0
8847,2
8848,1
8849,3
8850,2
8851,0
8852,0
8853,0
8854,0
8855,2
8856,1
8857,0
8858,1
8859,0
8860,2
8861,1
8862,1
8863,1
8864,1
8865,2
8866,1
8867,1
8868,0
8869,1
8870,1
8871,1
8872,0
8873,1
8874,0
8875,0
8876,1
8877,2
8878,1
8879,0
8880,1
8881,0
8882,0
8883,2
8884,2
8885,1
8886,3
8887,2
8888,0
8889,0
8890,1
8891,1
8892,0
8893,0
8894,0
8895,2
8896,4
8897,2
8898,2
8899,0
8900,3
8901,0
8902,0
8903,0
8904,1
8905,1
8906,3
8907,2
8908,0
8909,1
8910,0
8911,1
8912,1
8913,1
8914,0
8915,0
8916,0
8917,1
8918,0
8919,2
8920,2
8921,2
8922,3
8923,0
8924,1
8925,1
8926,1
8927,1
8928,2
8929,0
8930,0
8931,3
8932,1
8933,1
8934,0
8935,3
8936,1
8937,4
8938,2
8939,0
8940,2
8941,1
8942,4
8943,0
8944,1
8945,0
8946,2
8947,0
8948,2
8949,1
8950,2
8951,0
8952,0
8953,0
8954,5
8955,0
8956,1
8957,0
8958,0
8959,3
8960,0
8961,1
8962,0
8963,3
8964,0
8965,3
8966,0
8967,0
8968,1
8969,1
8970,2
8971,1
8972,0
8973,1
8974,0
8975,1
8976,5
8977,1
8978,4
8979,0
8980,1
8981,2
8982,2
8983,0
8984,1
8985,0
8986,0
8987,0
8988,2
8989,1
8990,3
8991,3
8992,0
8993,2
8994,0
8995,2
8996,3
8997,1
8998,0
8999,1
9000,2
9001,2
9002,0
9003,0
9004,0
9005,1
9006,0
9007,1
9008,0
9009,1
9010,1
9011,0
9012,4
9013,1
9014,3
9015,2
9016,2
9017,1
9018,2
9019,0
9020,2
9021,2
9022,2
9023,1
9024,0
9025,0
9026,1
9027,1
9028,0
9029,0
9030,0
9031,0
9032,0
9033,1
9034,0
9035,0
9036,0
9037,1
9038,0
9039,1
9040,1
9041,0
9042,2
9043,0
9044,2
9045,1
9046,1
9047,1
9048,1
9049,3
9050,0
9051,1
9052,1
9053,2
9054,2
9055,3
9056,1
9057,1
9058,1
9059,1
9060,1
9061,0
9062,1
9063,0
9064,5
9065,1
9066,0
9067,0
9068,0
9069,0
9070,2
9071,1
9072,0
9073,3
9074,2
9075,4
9076,2
9077,1
9078,1
9079,2
9080,3
9081,2
9082,0
9083,0
9084,0
9085,2
9086,0
9087,1
9088,0
9089,1
9090,1
9091,1
9092,1
9093,2
9094,0
9095,2
9096,1
9097,0
9098,0
9099,1
9100,0
9101,0
9102,2
9103,0
9104,0
9105,1
9106,1
9107,3
9108,1
9109,1
9110,0
9111,2
9112,4
9113,1
9114,2
9115,0
9116,2
9117,1
9118,0
9119,0
9120,0
9121,0
9122,2
9123,1
9124,0
9125,2
9126,1
9127,2
9128,0
9129,2
9130,1
9131,1
9132,2
9133,0
9134,1
9135,0
9136,1
9137,3
9138,0
9139,0
9140,0
9141,1
9142,0
9143,1
9144,0
9145,2
9146,0
9147,2
9148,1
9149,2
9150,1
9151,1
9152,3
9153,5
9154,1
9155,1
9156,2
9157,1
9158,1
9159,1
9160,0
9161,0
9162,0
9163,0
9164,1
9165,0
9166,0
9167,0
9168,0
9169,2
9170,0
9171,1
9172,1
9173,1
9174,1
9175,2
9176,1
9177,1
9178,0
9179,2
9180,0
9181,1
9182,0
9183,1
9184,0
9185,2
9186,2
9187,0
9188,2
9189,2
9190,0
9191,0
9192,0
9193,2
9194,2
9195,0
9196,1
9197,1
9198,2
9199,1
9200,0
9201,1
9202,0
9203,2
9204,1
9205,0
9206,1
9207,1
9208,1
9209,1
9210,1
9211,1
9212,0
9213,2
9214,3
9215,0
9216,2
9217,3
9218,2
9219,0
9220,1
9221,1
9222,0
9223,1
9224,2
9225,0
9226,0
9227,0
9228,2
9229,1
9230,1
9231,0
9232,1
9233,3
9234,2
9235,0
9236,0
9237,0
9238,2
9239,1
9240,0
9241,1
9242,3
9243,1
9244,1
9245,0
9246,1
9247,1
9248,1
9249,0
9250,0
9251,3
9252,0
9253,3
9254,1
9255,3
9256,1
9257,0
9258,1
9259,1
9260,1
9261,2
9262,2
9263,0
9264,0
9265,0
9266,1
9267,0
9268,0
9269,0
9270,1
9271,1
9272,3
9273,0
9274,1
9275,1
9276,2
9277,1
9278,0
9279,1
9280,0
9281,2
9282,0
9283,2
9284,0
9285,3
9286,0
9287,0
9288,1
9289,0
9290,0
9291,0
9292,1
9293,2
9294,1
9295,2
9296,1
9297,0
9298,0
9299,2
9300,1
9301,2
9302,1
9303,0
9304,2
9305,4
9306,1
9307,0
9308,1
9309,2
9310,1
9311,1
9312,5
9313,2
9314,1
9315,1
9316,0
9317,3
9318,2
9319,0
9320,2
9321,3
9322,1
9323,2
9324,1
9325,0
9326,2
9327,0
9328,0
9329,0
9330,2
9331,4
9332,0
9333,0
9334,1
9335,1
9336,2
9337,0
9338,0
9339,1
9340,0
9341,3
9342,0
9343,0
9344,0
9345,0
9346,1
9347,0
9348,1
9349,1
9350,0
9351,3
9352,0
9353,1
9354,1
9355,1
9356,1
9357,0
9358,1
9359,0
9360,0
9361,3
9362,0
9363,0
9364,2
9365,0
9366,0
9367,1
9368,1
9369,0
9370,1
9371,0
9372,2
9373,1
9374,1
9375,1
9376,0
9377,1
9378,2
9379,1
9380,0
9381,1
9382,2
9383,0
9384,1
9385,0
9386,0
9387,0
9388,1
9389,0
9390,0
9391,2
9392,2
9393,1
9394,3
9395,2
9396,0
9397,1
9398,1
9399,1
9400,0
9401,1
9402,2
9403,2
9404,1
9405,0
9406,2
9407,0
9408,4
9409,2
9410,0
9411,1
9412,0
9413,1
9414,0
9415,0
9416,1
9417,1
9418,5
9419,0
9420,0
9421,2
9422,3
9423,1
9424,1
9425,2
9426,0
9427,1
9428,2
9429,1
9430,0
9431,2
9432,0
9433,1
9434,1
9435,2
9436,1
9437,1
9438,1
9439,0
9440,1
9441,0
9442,0
9443,1
9444,0
9445,2
9446,2
9447,0
9448,0
9449,4
9450,1
9451,1
9452,3
9453,2
9454,3
9455,1
9456,0
9457,0
9458,3
9459,1
9460,0
9461,0
9462,1
9463,0
9464,2
9465,1
9466,1
9467,0
9468,2
9469,1
9470,3
9471,1
9472,1
9473,0
9474,1
9475,0
9476,0
9477,0
9478,1
9479,0
9480,0
9481,0
9482,0
9483,0
9484,0
9485,0
9486,0
9487,2
9488,4
9489,1
9490,1
9491,2
9492,0
9493,0
9494,0
9495,1
9496,0
9497,0
9498,3
9499,1
9500,0
9501,1
9502,3
9503,1
9504,1
9505,0
9506,0
9507,0
9508,1
9509,0
9510,0
9511,1
9512,1
9513,3
9514,0
9515,3
9516,1
9517,1
9518,1
9519,2
9520,1
9521,1
9522,1
9523,2
9524,1
9525,1
9526,0
9527,2
9528,0
9529,0
9530,2
9531,0
9532,1
9533,3
9534,0
9535,3
9536,1
9537,3
9538,1
9539,0
9540,1
9541,0
9542,1
9543,1
9544,1
9545,0
9546,3
9547,1
9548,0
9549,1
9550,0
9551,1
9552,0
9553,1
9554,1
9555,1
9556,2
9557,0
9558,0
9559,2
9560,0
9561,2
9562,2
9563,1
9564,2
9565,3
9566,0
9567,0
9568,1
9569,0
9570,1
9571,0
9572,0
9573,2
9574,0
9575,1
9576,1
9577,1
9578,2
9579,1
9580,0
9581,1
9582,0
9583,1
9584,1
9585,1
9586,0
9587,1
9588,1
9589,1
9590,2
9591,3
9592,0
9593,2
9594,2
9595,0
9596,1
9597,0
9598,2
9599,2
9600,1
9601,0
9602,1
9603,2
9604,2
9605,0
9606,0
9607,1
9608,1
9609,2
9610,1
9611,0
9612,0
9613,1
9614,1
9615,0
9616,1
9617,2
9618,1
9619,1
9620,0
9621,1
9622,1
9623,0
9624,1
9625,2
9626,0
9627,0
9628,2
9629,2
9630,1
9631,0
9632,1
9633,2
9634,1
9635,1
9636,1
9637,1
9638,0
9639,2
9640,4
9641,3
9642,0
9643,1
9644,0
9645,2
9646,0
9647,1
9648,2
9649,0
9650,0
9651,0
9652,3
9653,0
9654,1
9655,1
9656,2
9657,1
9658,3
9659,0
9660,1
9661,2
9662,0
9663,1
9664,1
9665,0
9666,3
9667,1
9668,1
9669,2
9670,1
9671,1
9672,0
9673,1
9674,1
9675,2
9676,1
9677,3
9678,1
9679,0
9680,2
9681,0
9682,1
9683,0
9684,0
9685,0
9686,1
9687,2
9688,0
9689,0
9690,1
9691,2
9692,1
9693,1
9694,0
9695,0
9696,0
9697,2
9698,1
9699,0
9700,1
9701,0
9702,1
9703,0
9704,0
9705,2
9706,1
9707,0
9708,1
9709,0
9710,0
9711,1
9712,0
9713,2
9714,1
9715,1
9716,4
9717,1
9718,1
9719,0
9720,1
9721,3
9722,1
9723,1
9724,1
9725,1
9726,0
9727,1
9728,0
9729,0
9730,0
9731,2
9732,0
9733,1
9734,0
9735,0
9736,1
9737,0
9738,1
9739,0
9740,0
9741,0
9742,1
9743,1
9744,1
9745,2
9746,2
9747,2
9748,0
9749,0
9750,0
9751,1
9752,0
9753,0
9754,2
9755,0
9756,1
9757,2
9758,0
9759,1
9760,3
9761,1
9762,1
9763,0
9764,3
9765,1
9766,1
9767,2
9768,3
9769,1
9770,1
9771,2
9772,0
9773,2
9774,2
9775,1
9776,2
9777,1
9778,0
9779,2
9780,0
9781,3
9782,0
9783,1
9784,0
9785,0
9786,1
9787,1
9788,1
9789,0
9790,1
9791,1
9792,1
9793,2
9794,0
9795,0
9796,0
9797,3
9798,1
9799,1
9800,0
9801,2
9802,0
9803,4
9804,0
9805,0
9806,1
9807,0
9808,1
9809,1
9810,0
9811,1
9812,0
9813,1
9814,0
9815,1
9816,1
9817,3
9818,0
9819,1
9820,0
9821,1
9822,1
9823,2
9824,2
9825,0
9826,2
9827,4
9828,0
9829,1
9830,0
9831,0
9832,0
9833,3
9834,2
9835,1
9836,1
9837,0
9838,0
9839,0
9840,3
9841,1
9842,2
9843,3
9844,0
9845,1
9846,1
9847,0
9848,2
9849,0
9850,0
9851,0
9852,2
9853,2
9854,3
9855,0
9856,2
9857,3
9858,1
9859,1
9860,2
9861,1
9862,0
9863,1
9864,0
9865,0
9866,0
9867,0
9868,2
9869,1
9870,1
9871,1
9872,0
9873,0
9874,0
9875,1
9876,0
9877,1
9878,0
9879,0
9880,1
9881,0
9882,1
9883,0
9884,1
9885,1
9886,2
9887,0
9888,0
9889,1
9890,2
9891,1
9892,2
9893,0
9894,1
9895,0
9896,3
9897,0
9898,0
9899,1
9900,4
9901,2
9902,0
9903,1
9904,1
9905,1
9906,1
9907,0
9908,1
9909,0
9910,2
9911,0
9912,0
9913,1
9914,0
9915,0
9916,0
9917,3
9918,0
9919,0
9920,1
9921,3
9922,1
9923,1
9924,0
9925,0
9926,2
9927,1
9928,2
9929,0
9930,1
9931,2
9932,0
9933,1
9934,1
9935,1
9936,1
9937,2
9938,2
9939,2
9940,4
9941,0
9942,1
9943,0
9944,2
9945,1
9946,1
9947,2
9948,0
9949,3
9950,3
9951,0
9952,0
9953,0
9954,0
9955,2
9956,0
9957,1
9958,0
9959,1
9960,1
9961,2
9962,1
9963,1
9964,1
9965,2
9966,0
9967,1
9968,3
9969,0
9970,0
9971,0
9972,2
9973,1
9974,0
9975,1
9976,6
9977,0
9978,0
9979,1
9980,2
9981,0
9982,3
9983,1
9984,0
9985,1
9986,1
9987,1
9988,0
9989,2
9990,0
9991,2
9992,2
9993,3
9994,2
9995,0
9996,1
9997,0
9998,0
9999,2
