0,188
1,75
2,130
3,43
4,59
5,50
6,0
7,50
8,43
9,21
10,106
11,0
12,84
13,31
14,33
15,0
16,22
17,43
18,0
19,15
20,22
21,54
22,0
23,57
24,0
25,7
26,14
27,0
28,0
29,0
30,73
31,10
32,9
33,0
34,6
35,0
36,3
37,4
38,3
39,0
40,37
41,2
42,1
43,0
44,34
45,14
46,0
47,15
48,0
49,0
50,20
51,8
52,0
53,14
54,15
55,26
56,38
57,19
58,21
59,19
60,6
61,0
62,50
63,0
64,0
65,21
66,51
67,38
68,0
69,19
70,46
71,21
72,11
73,2
74,20
75,35
76,79
77,0
78,8
79,18
80,8
81,47
82,0
83,0
84,0
85,25
86,8
87,11
88,2
89,0
90,22
91,0
92,0
93,0
94,6
95,0
96,0
97,13
98,0
99,0
100,0
101,0
102,0
103,46
104,54
105,0
106,34
107,6
108,0
109,19
110,29
111,0
112,3
113,5
114,0
115,0
116,0
117,0
118,12
119,40
120,0
121,0
122,10
123,0
124,38
125,0
126,4
127,0
128,23
129,26
130,0
131,15
132,0
133,1
134,0
135,0
136,0
137,19
138,18
139,3
140,12
141,0
142,31
143,50
144,9
145,10
146,0
147,0
148,16
149,12
150,11
151,26
152,1
153,9
154,25
155,0
156,5
157,29
158,0
159,0
160,8
161,1
162,0
163,14
164,5
165,0
166,0
167,7
168,23
169,3
170,0
171,0
172,17
173,16
174,7
175,0
176,16
177,0
178,5
179,15
180,0
181,0
182,0
183,22
184,2
185,3
186,2
187,0
188,8
189,24
190,15
191,12
192,2
193,4
194,10
195,0
196,22
197,0
198,15
199,15
200,16
201,11
202,9
203,0
204,10
205,0
206,0
207,1
208,13
209,0
210,2
211,0
212,10
213,0
214,0
215,3
216,10
217,0
218,11
219,0
220,0
221,0
222,0
223,9
224,9
225,16
226,0
227,7
228,7
229,28
230,0
231,0
232,7
233,0
234,12
235,0
236,1
237,36
238,0
239,0
240,5
241,0
242,0
243,5
244,13
245,16
246,16
247,7
248,0
249,4
250,2
251,13
252,0
253,5
254,9
255,1
256,17
257,0
258,12
259,8
260,5
261,0
262,2
263,2
264,22
265,21
266,2
267,8
268,1
269,40
270,7
271,7
272,7
273,6
274,7
275,3
276,1
277,2
278,0
279,0
280,0
281,0
282,17
283,0
284,10
285,0
286,3
287,10
288,0
289,23
290,0
291,15
292,0
293,5
294,0
295,6
296,13
297,9
298,12
299,3
300,7
301,0
302,7
303,12
304,4
305,4
306,0
307,4
308,3
309,1
310,6
311,0
312,0
313,5
314,7
315,3
316,0
317,17
318,0
319,4
320,6
321,0
322,15
323,14
324,7
325,21
326,0
327,7
328,6
329,2
330,9
331,1
332,0
333,13
334,0
335,0
336,3
337,0
338,8
339,2
340,6
341,0
342,0
343,2
344,1
345,8
346,8
347,7
348,19
349,0
350,9
351,3
352,0
353,15
354,5
355,0
356,0
357,0
358,0
359,0
360,0
361,24
362,3
363,0
364,2
365,0
366,2
367,1
368,19
369,14
370,0
371,2
372,0
373,0
374,5
375,0
376,1
377,0
378,19
379,3
380,11
381,14
382,8
383,11
384,8
385,1
386,16
387,0
388,0
389,8
390,6
391,0
392,6
393,0
394,1
395,16
396,0
397,0
398,0
399,0
400,1
401,5
402,0
403,17
404,8
405,2
406,11
407,8
408,0
409,2
410,6
411,2
412,1
413,4
414,0
415,21
416,5
417,5
418,6
419,17
420,2
421,0
422,1
423,0
424,2
425,9
426,6
427,0
428,0
429,5
430,5
431,8
432,0
433,0
434,1
435,3
436,0
437,0
438,0
439,9
440,2
441,0
442,0
443,7
444,0
445,2
446,2
447,0
448,0
449,3
450,2
451,2
452,10
453,28
454,10
455,0
456,0
457,0
458,0
459,1
460,30
461,0
462,5
463,5
464,0
465,0
466,1
467,0
468,7
469,0
470,0
471,0
472,0
473,6
474,0
475,9
476,21
477,1
478,1
479,0
480,0
481,1
482,2
483,5
484,2
485,6
486,0
487,0
488,0
489,0
490,0
491,0
492,0
493,23
494,11
495,0
496,2
497,0
498,0
499,1
500,12
501,20
502,0
503,3
504,0
505,19
506,16
507,2
508,8
509,2
510,0
511,5
512,14
513,4
514,8
515,3
516,9
517,19
518,1
519,17
520,0
521,13
522,12
523,7
524,3
525,0
526,1
527,1
528,18
529,0
530,0
531,10
532,15
533,1
534,0
535,1
536,5
537,0
538,0
539,1
540,11
541,0
542,13
543,0
544,9
545,11
546,6
547,0
548,3
549,8
550,0
551,1
552,0
553,3
554,0
555,0
556,8
557,2
558,0
559,0
560,0
561,0
562,4
563,1
564,0
565,10
566,6
567,6
568,10
569,1
570,5
571,0
572,3
573,0
574,18
575,0
576,0
577,0
578,0
579,0
580,2
581,1
582,13
583,0
584,1
585,0
586,0
587,1
588,0
589,6
590,20
591,0
592,6
593,16
594,9
595,6
596,7
597,0
598,16
599,5
600,19
601,0
602,1
603,10
604,3
605,0
606,1
607,6
608,0
609,2
610,12
611,3
612,4
613,0
614,14
615,1
616,0
617,2
618,7
619,6
620,11
621,5
622,10
623,0
624,0
625,1
626,15
627,0
628,7
629,0
630,0
631,7
632,3
633,3
634,3
635,0
636,2
637,3
638,0
639,0
640,4
641,3
642,5
643,7
644,0
645,12
646,11
647,1
648,2
649,0
650,0
651,0
652,0
653,0
654,5
655,1
656,1
657,0
658,0
659,35
660,2
661,0
662,0
663,1
664,2
665,0
666,12
667,0
668,1
669,10
670,8
671,0
672,3
673,2
674,0
675,0
676,0
677,9
678,2
679,8
680,0
681,5
682,11
683,3
684,9
685,8
686,2
687,5
688,21
689,7
690,0
691,3
692,4
693,9
694,9
695,3
696,0
697,0
698,10
699,1
700,0
701,8
702,8
703,0
704,3
705,6
706,2
707,5
708,5
709,1
710,1
711,1
712,0
713,6
714,0
715,2
716,0
717,4
718,8
719,3
720,0
721,3
722,0
723,0
724,4
725,5
726,7
727,1
728,5
729,1
730,0
731,6
732,8
733,1
734,7
735,1
736,10
737,9
738,4
739,1
740,0
741,0
742,0
743,5
744,0
745,0
746,0
747,4
748,6
749,0
750,0
751,0
752,4
753,6
754,5
755,28
756,0
757,11
758,2
759,6
760,13
761,0
762,1
763,4
764,0
765,6
766,2
767,0
768,21
769,3
770,2
771,4
772,5
773,8
774,0
775,0
776,5
777,4
778,0
779,0
780,0
781,0
782,0
783,1
784,4
785,0
786,1
787,5
788,7
789,15
790,0
791,11
792,5
793,1
794,0
795,0
796,0
797,10
798,18
799,2
800,2
801,10
802,5
803,1
804,10
805,4
806,0
807,0
808,0
809,1
810,0
811,5
812,3
813,4
814,12
815,3
816,0
817,0
818,0
819,15
820,0
821,0
822,1
823,3
824,0
825,3
826,1
827,0
828,7
829,0
830,0
831,2
832,0
833,6
834,8
835,0
836,3
837,4
838,4
839,0
840,0
841,0
842,1
843,6
844,1
845,7
846,4
847,0
848,0
849,10
850,3
851,2
852,10
853,0
854,0
855,4
856,5
857,0
858,3
859,0
860,0
861,5
862,2
863,0
864,0
865,18
866,3
867,0
868,12
869,1
870,0
871,0
872,9
873,11
874,6
875,2
876,0
877,2
878,3
879,8
880,0
881,6
882,10
883,0
884,0
885,0
886,10
887,0
888,0
889,8
890,6
891,0
892,3
893,4
894,1
895,1
896,10
897,2
898,0
899,0
900,2
901,3
902,13
903,3
904,0
905,0
906,5
907,1
908,0
909,0
910,0
911,4
912,0
913,4
914,24
915,7
916,1
917,3
918,0
919,6
920,10
921,3
922,4
923,6
924,14
925,7
926,11
927,0
928,0
929,0
930,8
931,8
932,10
933,0
934,0
935,0
936,0
937,0
938,9
939,2
940,0
941,0
942,1
943,0
944,2
945,2
946,0
947,7
948,1
949,0
950,0
951,14
952,3
953,2
954,5
955,0
956,3
957,3
958,5
959,0
960,0
961,15
962,0
963,0
964,4
965,1
966,7
967,0
968,4
969,0
970,1
971,3
972,9
973,13
974,0
975,3
976,0
977,4
978,0
979,0
980,23
981,2
982,4
983,5
984,3
985,0
986,0
987,0
988,4
989,1
990,2
991,1
992,0
993,7
994,6
995,0
996,9
997,3
998,0
999,0
1000,10
1001,0
1002,0
1003,8
1004,0
1005,0
1006,16
1007,6
1008,1
1009,6
1010,0
1011,7
1012,0
1013,0
1014,6
1015,0
1016,3
1017,0
1018,0
1019,4
1020,3
1021,23
1022,0
1023,3
1024,5
1025,0
1026,0
1027,0
1028,6
1029,5
1030,4
1031,0
1032,3
1033,1
1034,0
1035,4
1036,5
1037,2
1038,0
1039,0
1040,1
1041,0
1042,5
1043,5
1044,0
1045,0
1046,6
1047,7
1048,4
1049,0
1050,0
1051,3
1052,9
1053,0
1054,0
1055,0
1056,0
1057,4
1058,0
1059,0
1060,2
1061,11
1062,0
1063,8
1064,0
1065,1
1066,5
1067,6
1068,14
1069,1
1070,1
1071,3
1072,8
1073,0
1074,3
1075,1
1076,4
1077,1
1078,0
1079,3
1080,0
1081,0
1082,1
1083,1
1084,8
1085,0
1086,0
1087,6
1088,0
1089,11
1090,3
1091,1
1092,14
1093,5
1094,0
1095,2
1096,9
1097,13
1098,6
1099,1
1100,0
1101,6
1102,10
1103,1
1104,0
1105,0
1106,0
1107,0
1108,4
1109,4
1110,2
1111,0
1112,7
1113,4
1114,0
1115,0
1116,2
1117,3
1118,2
1119,2
1120,1
1121,0
1122,0
1123,1
1124,0
1125,4
1126,4
1127,0
1128,11
1129,0
1130,4
1131,0
1132,0
1133,8
1134,0
1135,20
1136,4
1137,0
1138,0
1139,0
1140,1
1141,1
1142,0
1143,0
1144,7
1145,0
1146,3
1147,6
1148,0
1149,2
1150,0
1151,7
1152,4
1153,0
1154,0
1155,0
1156,0
1157,0
1158,6
1159,0
1160,0
1161,2
1162,0
1163,5
1164,0
1165,1
1166,0
1167,0
1168,7
1169,5
1170,8
1171,1
1172,6
1173,1
1174,0
1175,6
1176,1
1177,0
1178,1
1179,4
1180,1
1181,3
1182,0
1183,1
1184,4
1185,3
1186,0
1187,8
1188,0
1189,3
1190,0
1191,1
1192,5
1193,0
1194,1
1195,0
1196,1
1197,1
1198,0
1199,6
1200,0
1201,6
1202,0
1203,4
1204,4
1205,4
1206,5
1207,0
1208,0
1209,2
1210,0
1211,0
1212,0
1213,0
1214,1
1215,0
1216,0
1217,0
1218,0
1219,1
1220,3
1221,2
1222,0
1223,0
1224,5
1225,6
1226,10
1227,3
1228,0
1229,3
1230,0
1231,0
1232,6
1233,12
1234,0
1235,1
1236,9
1237,4
1238,4
1239,5
1240,0
1241,2
1242,3
1243,1
1244,0
1245,0
1246,0
1247,13
1248,8
1249,0
1250,2
1251,7
1252,2
1253,2
1254,2
1255,0
1256,12
1257,0
1258,4
1259,3
1260,0
1261,0
1262,0
1263,6
1264,13
1265,0
1266,0
1267,2
1268,0
1269,6
1270,0
1271,0
1272,8
1273,7
1274,0
1275,0
1276,4
1277,2
1278,0
1279,0
1280,2
1281,1
1282,7
1283,2
1284,11
1285,5
1286,0
1287,2
1288,2
1289,0
1290,1
1291,1
1292,9
1293,0
1294,0
1295,5
1296,0
1297,15
1298,3
1299,16
1300,5
1301,0
1302,2
1303,1
1304,1
1305,0
1306,1
1307,0
1308,6
1309,2
1310,5
1311,4
1312,7
1313,0
1314,0
1315,0
1316,0
1317,2
1318,0
1319,4
1320,7
1321,2
1322,0
1323,0
1324,0
1325,4
1326,13
1327,2
1328,0
1329,7
1330,1
1331,2
1332,3
1333,4
1334,0
1335,0
1336,1
1337,0
1338,3
1339,1
1340,0
1341,12
1342,2
1343,5
1344,1
1345,0
1346,1
1347,7
1348,3
1349,10
1350,2
1351,4
1352,4
1353,0
1354,0
1355,3
1356,0
1357,3
1358,0
1359,2
1360,1
1361,8
1362,1
1363,7
1364,0
1365,0
1366,5
1367,0
1368,0
1369,0
1370,3
1371,1
1372,2
1373,11
1374,2
1375,2
1376,1
1377,1
1378,1
1379,0
1380,8
1381,0
1382,0
1383,1
1384,0
1385,3
1386,1
1387,4
1388,2
1389,1
1390,4
1391,0
1392,0
1393,2
1394,5
1395,0
1396,1
1397,4
1398,0
1399,0
1400,2
1401,0
1402,2
1403,1
1404,0
1405,11
1406,1
1407,3
1408,1
1409,4
1410,0
1411,0
1412,3
1413,4
1414,1
1415,2
1416,11
1417,2
1418,4
1419,0
1420,8
1421,2
1422,0
1423,2
1424,5
1425,0
1426,9
1427,5
1428,0
1429,0
1430,1
1431,4
1432,5
1433,6
1434,7
1435,2
1436,0
1437,0
1438,1
1439,0
1440,1
1441,1
1442,3
1443,7
1444,0
1445,6
1446,0
1447,0
1448,3
1449,2
1450,10
1451,3
1452,1
1453,0
1454,0
1455,7
1456,5
1457,3
1458,0
1459,5
1460,3
1461,1
1462,6
1463,0
1464,8
1465,1
1466,0
1467,5
1468,4
1469,0
1470,3
1471,6
1472,0
1473,0
1474,0
1475,4
1476,5
1477,1
1478,0
1479,2
1480,2
1481,17
1482,0
1483,2
1484,9
1485,2
1486,0
1487,12
1488,0
1489,9
1490,3
1491,2
1492,9
1493,2
1494,0
1495,12
1496,0
1497,5
1498,0
1499,2
1500,2
1501,10
1502,2
1503,12
1504,1
1505,8
1506,2
1507,1
1508,2
1509,0
1510,0
1511,0
1512,2
1513,5
1514,0
1515,3
1516,2
1517,1
1518,6
1519,1
1520,5
1521,0
1522,0
1523,0
1524,0
1525,3
1526,0
1527,1
1528,0
1529,0
1530,6
1531,0
1532,2
1533,2
1534,0
1535,3
1536,0
1537,3
1538,1
1539,7
1540,7
1541,0
1542,3
1543,8
1544,6
1545,6
1546,2
1547,4
1548,0
1549,6
1550,3
1551,0
1552,0
1553,5
1554,0
1555,4
1556,0
1557,3
1558,0
1559,1
1560,3
1561,0
1562,0
1563,3
1564,0
1565,3
1566,1
1567,6
1568,2
1569,2
1570,3
1571,3
1572,2
1573,10
1574,0
1575,2
1576,0
1577,1
1578,4
1579,4
1580,3
1581,10
1582,2
1583,2
1584,1
1585,0
1586,0
1587,1
1588,14
1589,2
1590,7
1591,0
1592,6
1593,0
1594,1
1595,2
1596,3
1597,2
1598,0
1599,0
1600,0
1601,0
1602,1
1603,4
1604,0
1605,1
1606,0
1607,20
1608,0
1609,0
1610,8
1611,5
1612,1
1613,1
1614,0
1615,10
1616,7
1617,0
1618,5
1619,15
1620,7
1621,8
1622,7
1623,0
1624,3
1625,2
1626,4
1627,3
1628,2
1629,0
1630,0
1631,3
1632,0
1633,2
1634,0
1635,0
1636,3
1637,0
1638,6
1639,0
1640,2
1641,0
1642,2
1643,8
1644,3
1645,0
1646,2
1647,3
1648,1
1649,0
1650,0
1651,5
1652,0
1653,0
1654,3
1655,0
1656,8
1657,0
1658,5
1659,0
1660,2
1661,10
1662,0
1663,0
1664,0
1665,0
1666,2
1667,0
1668,0
1669,6
1670,1
1671,5
1672,0
1673,1
1674,1
1675,2
1676,0
1677,7
1678,1
1679,0
1680,2
1681,0
1682,1
1683,8
1684,0
1685,5
1686,5
1687,4
1688,2
1689,2
1690,3
1691,2
1692,0
1693,7
1694,1
1695,6
1696,11
1697,17
1698,0
1699,0
1700,7
1701,2
1702,2
1703,4
1704,1
1705,3
1706,5
1707,0
1708,3
1709,1
1710,5
1711,6
1712,0
1713,1
1714,1
1715,4
1716,20
1717,1
1718,0
1719,2
1720,0
1721,0
1722,3
1723,3
1724,0
1725,5
1726,1
1727,9
1728,1
1729,0
1730,4
1731,1
1732,0
1733,2
1734,0
1735,4
1736,3
1737,4
1738,0
1739,0
1740,0
1741,0
1742,0
1743,4
1744,0
1745,0
1746,0
1747,7
1748,0
1749,0
1750,0
1751,2
1752,10
1753,5
1754,1
1755,7
1756,0
1757,1
1758,2
1759,4
1760,4
1761,5
1762,8
1763,0
1764,2
1765,3
1766,0
1767,2
1768,4
1769,0
1770,3
1771,1
1772,4
1773,0
1774,6
1775,0
1776,2
1777,0
1778,2
1779,7
1780,7
1781,4
1782,2
1783,3
1784,4
1785,1
1786,9
1787,0
1788,3
1789,5
1790,0
1791,0
1792,6
1793,0
1794,1
1795,1
1796,1
1797,0
1798,0
1799,0
1800,0
1801,0
1802,7
1803,1
1804,5
1805,1
1806,1
1807,3
1808,2
1809,0
1810,3
1811,6
1812,7
1813,1
1814,1
1815,4
1816,1
1817,1
1818,3
1819,2
1820,1
1821,8
1822,4
1823,3
1824,3
1825,0
1826,0
1827,2
1828,0
1829,0
1830,0
1831,6
1832,5
1833,4
1834,0
1835,0
1836,8
1837,0
1838,1
1839,1
1840,2
1841,0
1842,0
1843,0
1844,0
1845,5
1846,0
1847,3
1848,4
1849,1
1850,2
1851,1
1852,0
1853,2
1854,5
1855,2
1856,1
1857,7
1858,4
1859,1
1860,6
1861,1
1862,2
1863,15
1864,1
1865,0
1866,4
1867,3
1868,4
1869,2
1870,0
1871,0
1872,0
1873,2
1874,2
1875,0
1876,4
1877,5
1878,4
1879,0
1880,0
1881,4
1882,2
1883,0
1884,5
1885,2
1886,0
1887,0
1888,3
1889,4
1890,0
1891,5
1892,6
1893,5
1894,1
1895,0
1896,1
1897,4
1898,1
1899,3
1900,6
1901,6
1902,0
1903,1
1904,6
1905,7
1906,7
1907,3
1908,0
1909,2
1910,2
1911,0
1912,0
1913,2
1914,2
1915,0
1916,1
1917,2
1918,3
1919,0
1920,8
1921,2
1922,3
1923,1
1924,0
1925,1
1926,0
1927,2
1928,2
1929,3
1930,0
1931,8
1932,1
1933,3
1934,0
1935,0
1936,0
1937,0
1938,1
1939,0
1940,4
1941,0
1942,0
1943,3
1944,0
1945,2
1946,0
1947,0
1948,1
1949,1
1950,6
1951,3
1952,2
1953,2
1954,3
1955,0
1956,3
1957,1
1958,1
1959,3
1960,5
1961,0
1962,3
1963,4
1964,0
1965,0
1966,0
1967,0
1968,1
1969,0
1970,0
1971,3
1972,4
1973,7
1974,0
1975,1
1976,6
1977,0
1978,4
1979,3
1980,0
1981,0
1982,0
1983,5
1984,0
1985,6
1986,1
1987,1
1988,2
1989,13
1990,0
1991,2
1992,0
1993,0
1994,1
1995,0
1996,0
1997,4
1998,1
1999,0
2000,0
2001,0
2002,1
2003,0
2004,0
2005,4
2006,2
2007,2
2008,4
2009,0
2010,3
2011,4
2012,2
2013,1
2014,0
2015,7
2016,0
2017,2
2018,0
2019,3
2020,9
2021,1
2022,0
2023,0
2024,0
2025,5
2026,0
2027,0
2028,1
2029,0
2030,5
2031,0
2032,3
2033,0
2034,6
2035,3
2036,0
2037,0
2038,1
2039,2
2040,2
2041,0
2042,0
2043,0
2044,9
2045,2
2046,5
2047,0
2048,0
2049,0
2050,4
2051,2
2052,0
2053,0
2054,0
2055,4
2056,1
2057,0
2058,5
2059,0
2060,6
2061,0
2062,1
2063,20
2064,1
2065,0
2066,5
2067,0
2068,5
2069,0
2070,1
2071,6
2072,0
2073,0
2074,3
2075,0
2076,1
2077,1
2078,1
2079,0
2080,0
2081,2
2082,0
2083,0
2084,5
2085,1
2086,2
2087,0
2088,0
2089,0
2090,0
2091,1
2092,3
2093,6
2094,4
2095,2
2096,5
2097,0
2098,7
2099,1
2100,2
2101,2
2102,0
2103,3
2104,10
2105,0
2106,3
2107,2
2108,0
2109,5
2110,3
2111,0
2112,2
2113,0
2114,1
2115,4
2116,1
2117,5
2118,0
2119,4
2120,1
2121,0
2122,0
2123,0
2124,2
2125,11
2126,1
2127,0
2128,5
2129,2
2130,0
2131,6
2132,0
2133,0
2134,6
2135,11
2136,2
2137,1
2138,2
2139,1
2140,1
2141,0
2142,4
2143,2
2144,2
2145,7
2146,2
2147,0
2148,0
2149,1
2150,0
2151,3
2152,3
2153,3
2154,0
2155,2
2156,7
2157,0
2158,0
2159,4
2160,0
2161,0
2162,0
2163,4
2164,0
2165,0
2166,0
2167,2
2168,4
2169,6
2170,4
2171,3
2172,0
2173,3
2174,6
2175,0
2176,6
2177,0
2178,1
2179,0
2180,0
2181,4
2182,0
2183,0
2184,3
2185,3
2186,9
2187,0
2188,3
2189,0
2190,5
2191,0
2192,0
2193,3
2194,0
2195,1
2196,7
2197,1
2198,4
2199,1
2200,0
2201,1
2202,0
2203,0
2204,1
2205,0
2206,0
2207,0
2208,4
2209,5
2210,3
2211,0
2212,1
2213,2
2214,0
2215,12
2216,3
2217,4
2218,2
2219,3
2220,4
2221,0
2222,0
2223,0
2224,1
2225,4
2226,0
2227,1
2228,0
2229,5
2230,5
2231,0
2232,1
2233,0
2234,3
2235,2
2236,3
2237,0
2238,0
2239,3
2240,1
2241,5
2242,3
2243,6
2244,3
2245,0
2246,0
2247,3
2248,0
2249,7
2250,0
2251,4
2252,0
2253,0
2254,4
2255,4
2256,1
2257,2
2258,1
2259,1
2260,0
2261,1
2262,5
2263,0
2264,4
2265,0
2266,5
2267,0
2268,1
2269,0
2270,0
2271,0
2272,1
2273,0
2274,13
2275,1
2276,0
2277,3
2278,3
2279,0
2280,1
2281,3
2282,0
2283,4
2284,0
2285,2
2286,6
2287,0
2288,1
2289,0
2290,0
2291,2
2292,1
2293,7
2294,0
2295,0
2296,4
2297,0
2298,4
2299,7
2300,1
2301,7
2302,5
2303,6
2304,1
2305,0
2306,4
2307,3
2308,3
2309,0
2310,1
2311,0
2312,0
2313,0
2314,8
2315,4
2316,4
2317,4
2318,0
2319,0
2320,7
2321,0
2322,1
2323,0
2324,1
2325,0
2326,5
2327,4
2328,1
2329,1
2330,5
2331,13
2332,1
2333,13
2334,5
2335,1
2336,6
2337,2
2338,8
2339,5
2340,2
2341,1
2342,0
2343,2
2344,9
2345,0
2346,2
2347,3
2348,1
2349,0
2350,1
2351,0
2352,2
2353,1
2354,1
2355,4
2356,2
2357,0
2358,0
2359,2
2360,0
2361,1
2362,3
2363,0
2364,4
2365,0
2366,0
2367,5
2368,2
2369,0
2370,13
2371,1
2372,0
2373,2
2374,0
2375,7
2376,2
2377,2
2378,3
2379,0
2380,2
2381,2
2382,0
2383,0
2384,1
2385,0
2386,2
2387,0
2388,0
2389,0
2390,4
2391,0
2392,1
2393,0
2394,2
2395,3
2396,2
2397,3
2398,3
2399,0
2400,0
2401,5
2402,0
2403,1
2404,0
2405,2
2406,2
2407,2
2408,6
2409,6
2410,4
2411,0
2412,4
2413,1
2414,4
2415,0
2416,0
2417,1
2418,3
2419,2
2420,0
2421,0
2422,2
2423,0
2424,2
2425,0
2426,0
2427,0
2428,0
2429,0
2430,3
2431,3
2432,4
2433,0
2434,3
2435,1
2436,4
2437,1
2438,2
2439,0
2440,5
2441,2
2442,8
2443,0
2444,1
2445,0
2446,0
2447,0
2448,0
2449,0
2450,11
2451,0
2452,0
2453,8
2454,1
2455,0
2456,4
2457,2
2458,0
2459,0
2460,0
2461,1
2462,5
2463,7
2464,0
2465,19
2466,1
2467,7
2468,0
2469,1
2470,0
2471,3
2472,3
2473,2
2474,2
2475,3
2476,2
2477,2
2478,2
2479,0
2480,1
2481,0
2482,2
2483,0
2484,1
2485,4
2486,5
2487,0
2488,1
2489,0
2490,5
2491,0
2492,2
2493,0
2494,0
2495,0
2496,0
2497,1
2498,1
2499,11
2500,0
2501,3
2502,0
2503,0
2504,3
2505,1
2506,5
2507,0
2508,1
2509,5
2510,0
2511,3
2512,1
2513,1
2514,0
2515,0
2516,0
2517,1
2518,2
2519,0
2520,2
2521,7
2522,4
2523,2
2524,2
2525,4
2526,0
2527,1
2528,0
2529,0
2530,3
2531,0
2532,5
2533,1
2534,1
2535,0
2536,3
2537,0
2538,0
2539,0
2540,2
2541,2
2542,4
2543,5
2544,4
2545,9
2546,2
2547,4
2548,0
2549,0
2550,0
2551,2
2552,1
2553,0
2554,2
2555,1
2556,4
2557,6
2558,1
2559,0
2560,1
2561,3
2562,0
2563,1
2564,8
2565,8
2566,9
2567,2
2568,10
2569,5
2570,4
2571,0
2572,0
2573,0
2574,0
2575,0
2576,6
2577,3
2578,6
2579,1
2580,4
2581,0
2582,0
2583,1
2584,1
2585,0
2586,2
2587,1
2588,8
2589,0
2590,0
2591,3
2592,2
2593,2
2594,0
2595,4
2596,1
2597,7
2598,4
2599,1
2600,2
2601,1
2602,3
2603,0
2604,4
2605,1
2606,1
2607,0
2608,1
2609,0
2610,0
2611,1
2612,1
2613,0
2614,2
2615,2
2616,7
2617,3
2618,3
2619,0
2620,0
2621,1
2622,3
2623,1
2624,1
2625,0
2626,5
2627,7
2628,6
2629,1
2630,1
2631,1
2632,1
2633,2
2634,1
2635,0
2636,3
2637,0
2638,0
2639,1
2640,2
2641,6
2642,0
2643,0
2644,0
2645,1
2646,3
2647,0
2648,0
2649,2
2650,9
2651,3
2652,4
2653,0
2654,3
2655,2
2656,0
2657,1
2658,1
2659,9
2660,0
2661,0
2662,2
2663,0
2664,3
2665,3
2666,0
2667,1
2668,0
2669,5
2670,1
2671,5
2672,0
2673,0
2674,0
2675,0
2676,0
2677,0
2678,5
2679,1
2680,0
2681,0
2682,8
2683,1
2684,1
2685,0
2686,1
2687,5
2688,1
2689,4
2690,2
2691,8
2692,0
2693,2
2694,4
2695,11
2696,0
2697,2
2698,3
2699,2
2700,0
2701,1
2702,2
2703,9
2704,5
2705,0
2706,0
2707,3
2708,0
2709,0
2710,1
2711,0
2712,0
2713,1
2714,6
2715,2
2716,0
2717,6
2718,2
2719,1
2720,3
2721,0
2722,1
2723,3
2724,0
2725,0
2726,1
2727,4
2728,0
2729,1
2730,3
2731,1
2732,4
2733,2
2734,4
2735,4
2736,0
2737,0
2738,0
2739,0
2740,4
2741,2
2742,5
2743,0
2744,5
2745,2
2746,1
2747,4
2748,1
2749,3
2750,2
2751,3
2752,0
2753,0
2754,2
2755,1
2756,1
2757,0
2758,0
2759,0
2760,0
2761,2
2762,2
2763,3
2764,6
2765,7
2766,1
2767,1
2768,0
2769,0
2770,1
2771,0
2772,0
2773,5
2774,0
2775,6
2776,1
2777,7
2778,0
2779,3
2780,1
2781,3
2782,2
2783,3
2784,3
2785,1
2786,0
2787,0
2788,1
2789,0
2790,0
2791,0
2792,1
2793,2
2794,1
2795,6
2796,0
2797,2
2798,1
2799,3
2800,6
2801,0
2802,0
2803,3
2804,1
2805,1
2806,1
2807,3
2808,0
2809,0
2810,0
2811,2
2812,0
2813,2
2814,2
2815,1
2816,2
2817,5
2818,1
2819,0
2820,0
2821,1
2822,1
2823,0
2824,0
2825,4
2826,2
2827,1
2828,5
2829,4
2830,1
2831,0
2832,1
2833,6
2834,0
2835,2
2836,0
2837,1
2838,0
2839,0
2840,1
2841,2
2842,0
2843,0
2844,6
2845,3
2846,5
2847,0
2848,0
2849,0
2850,4
2851,0
2852,0
2853,3
2854,0
2855,2
2856,2
2857,3
2858,1
2859,5
2860,0
2861,0
2862,2
2863,1
2864,1
2865,11
2866,0
2867,0
2868,6
2869,4
2870,4
2871,2
2872,0
2873,2
2874,0
2875,1
2876,6
2877,1
2878,2
2879,5
2880,1
2881,0
2882,0
2883,1
2884,1
2885,3
2886,2
2887,1
2888,2
2889,0
2890,4
2891,0
2892,3
2893,3
2894,3
2895,7
2896,0
2897,3
2898,4
2899,3
2900,1
2901,3
2902,0
2903,1
2904,1
2905,0
2906,0
2907,1
2908,0
2909,5
2910,5
2911,6
2912,3
2913,0
2914,0
2915,2
2916,2
2917,1
2918,4
2919,1
2920,1
2921,2
2922,0
2923,2
2924,1
2925,3
2926,0
2927,0
2928,0
2929,0
2930,0
2931,0
2932,2
2933,9
2934,1
2935,0
2936,6
2937,1
2938,4
2939,0
2940,2
2941,1
2942,0
2943,2
2944,1
2945,0
2946,2
2947,0
2948,8
2949,0
2950,0
2951,0
2952,6
2953,2
2954,0
2955,1
2956,4
2957,0
2958,1
2959,0
2960,3
2961,6
2962,2
2963,1
2964,5
2965,3
2966,1
2967,3
2968,0
2969,0
2970,0
2971,2
2972,6
2973,4
2974,8
2975,0
2976,3
2977,0
2978,4
2979,1
2980,0
2981,3
2982,1
2983,0
2984,3
2985,2
2986,1
2987,2
2988,1
2989,3
2990,0
2991,9
2992,2
2993,0
2994,2
2995,2
2996,2
2997,0
2998,0
2999,2
3000,1
3001,8
3002,0
3003,2
3004,4
3005,2
3006,0
3007,0
3008,2
3009,4
3010,0
3011,0
3012,1
3013,1
3014,2
3015,2
3016,5
3017,2
3018,1
3019,3
3020,0
3021,4
3022,0
3023,0
3024,1
3025,3
3026,0
3027,1
3028,0
3029,0
3030,3
3031,4
3032,1
3033,0
3034,0
3035,8
3036,0
3037,4
3038,2
3039,2
3040,2
3041,1
3042,0
3043,0
3044,2
3045,3
3046,0
3047,2
3048,0
3049,0
3050,4
3051,3
3052,5
3053,0
3054,2
3055,0
3056,0
3057,1
3058,1
3059,1
3060,2
3061,6
3062,2
3063,0
3064,1
3065,8
3066,0
3067,1
3068,10
3069,5
3070,1
3071,0
3072,4
3073,6
3074,5
3075,1
3076,3
3077,1
3078,2
3079,4
3080,3
3081,2
3082,1
3083,1
3084,1
3085,0
3086,1
3087,0
3088,7
3089,0
3090,0
3091,1
3092,1
3093,3
3094,0
3095,0
3096,1
3097,0
3098,2
3099,7
3100,0
3101,0
3102,1
3103,4
3104,0
3105,0
3106,1
3107,2
3108,0
3109,2
3110,7
3111,5
3112,8
3113,0
3114,1
3115,0
3116,2
3117,0
3118,2
3119,0
3120,1
3121,0
3122,1
3123,1
3124,0
3125,0
3126,2
3127,2
3128,2
3129,0
3130,0
3131,0
3132,0
3133,0
3134,0
3135,0
3136,3
3137,4
3138,0
3139,1
3140,2
3141,3
3142,3
3143,5
3144,0
3145,1
3146,0
3147,0
3148,5
3149,2
3150,0
3151,3
3152,1
3153,1
3154,0
3155,2
3156,3
3157,0
3158,3
3159,1
3160,0
3161,0
3162,3
3163,2
3164,1
3165,4
3166,5
3167,2
3168,1
3169,5
3170,0
3171,2
3172,6
3173,0
3174,5
3175,0
3176,4
3177,2
3178,0
3179,1
3180,3
3181,1
3182,0
3183,1
3184,2
3185,3
3186,2
3187,2
3188,6
3189,0
3190,0
3191,3
3192,0
3193,5
3194,1
3195,3
3196,1
3197,6
3198,0
3199,0
3200,5
3201,3
3202,10
3203,0
3204,0
3205,2
3206,6
3207,2
3208,3
3209,6
3210,0
3211,4
3212,0
3213,0
3214,0
3215,0
3216,0
3217,2
3218,3
3219,0
3220,3
3221,0
3222,6
3223,0
3224,0
3225,1
3226,3
3227,0
3228,0
3229,1
3230,0
3231,0
3232,0
3233,4
3234,1
3235,0
3236,1
3237,3
3238,0
3239,1
3240,3
3241,7
3242,0
3243,2
3244,1
3245,3
3246,1
3247,3
3248,0
3249,3
3250,1
3251,2
3252,0
3253,1
3254,0
3255,0
3256,0
3257,3
3258,0
3259,0
3260,0
3261,0
3262,3
3263,0
3264,0
3265,0
3266,1
3267,0
3268,1
3269,1
3270,4
3271,0
3272,0
3273,0
3274,7
3275,0
3276,0
3277,2
3278,2
3279,6
3280,2
3281,2
3282,1
3283,9
3284,0
3285,7
3286,0
3287,6
3288,4
3289,0
3290,0
3291,0
3292,3
3293,5
3294,1
3295,1
3296,0
3297,0
3298,0
3299,4
3300,1
3301,0
3302,3
3303,4
3304,6
3305,6
3306,4
3307,2
3308,1
3309,0
3310,2
3311,0
3312,0
3313,1
3314,0
3315,4
3316,0
3317,1
3318,2
3319,0
3320,2
3321,1
3322,4
3323,0
3324,2
3325,5
3326,0
3327,2
3328,0
3329,0
3330,0
3331,4
3332,1
3333,0
3334,1
3335,1
3336,0
3337,1
3338,0
3339,1
3340,0
3341,0
3342,1
3343,0
3344,1
3345,2
3346,6
3347,0
3348,3
3349,2
3350,0
3351,1
3352,0
3353,5
3354,1
3355,1
3356,0
3357,0
3358,0
3359,3
3360,1
3361,0
3362,0
3363,2
3364,6
3365,7
3366,0
3367,1
3368,3
3369,0
3370,3
3371,0
3372,3
3373,4
3374,0
3375,3
3376,1
3377,1
3378,1
3379,0
3380,0
3381,0
3382,6
3383,0
3384,2
3385,4
3386,0
3387,3
3388,1
3389,3
3390,0
3391,3
3392,1
3393,1
3394,0
3395,1
3396,1
3397,4
3398,0
3399,0
3400,0
3401,0
3402,0
3403,1
3404,0
3405,0
3406,1
3407,0
3408,1
3409,2
3410,4
3411,7
3412,3
3413,1
3414,2
3415,6
3416,5
3417,3
3418,5
3419,0
3420,4
3421,0
3422,3
3423,1
3424,0
3425,0
3426,0
3427,6
3428,4
3429,2
3430,3
3431,4
3432,1
3433,0
3434,9
3435,3
3436,0
3437,2
3438,5
3439,1
3440,1
3441,6
3442,0
3443,0
3444,0
3445,0
3446,0
3447,2
3448,2
3449,2
3450,3
3451,1
3452,0
3453,5
3454,0
3455,1
3456,3
3457,2
3458,0
3459,0
3460,0
3461,1
3462,1
3463,2
3464,4
3465,2
3466,10
3467,0
3468,0
3469,4
3470,2
3471,2
3472,1
3473,1
3474,1
3475,1
3476,1
3477,1
3478,3
3479,1
3480,0
3481,0
3482,3
3483,4
3484,2
3485,0
3486,2
3487,0
3488,2
3489,0
3490,1
3491,0
3492,0
3493,8
3494,0
3495,0
3496,3
3497,2
3498,7
3499,3
3500,1
3501,0
3502,4
3503,0
3504,0
3505,2
3506,14
3507,1
3508,5
3509,0
3510,0
3511,0
3512,5
3513,0
3514,0
3515,9
3516,0
3517,0
3518,3
3519,0
3520,0
3521,4
3522,4
3523,0
3524,8
3525,4
3526,0
3527,3
3528,6
3529,0
3530,3
3531,0
3532,1
3533,0
3534,1
3535,0
3536,1
3537,2
3538,1
3539,0
3540,1
3541,0
3542,0
3543,3
3544,3
3545,2
3546,2
3547,1
3548,0
3549,5
3550,3
3551,0
3552,2
3553,1
3554,6
3555,2
3556,5
3557,0
3558,0
3559,5
3560,0
3561,0
3562,0
3563,0
3564,3
3565,1
3566,6
3567,2
3568,5
3569,3
3570,4
3571,3
3572,2
3573,0
3574,4
3575,0
3576,2
3577,2
3578,0
3579,4
3580,0
3581,7
3582,1
3583,0
3584,0
3585,5
3586,1
3587,0
3588,0
3589,0
3590,2
3591,1
3592,1
3593,1
3594,1
3595,2
3596,5
3597,0
3598,0
3599,6
3600,0
3601,6
3602,0
3603,2
3604,0
3605,0
3606,0
3607,0
3608,5
3609,7
3610,0
3611,7
3612,7
3613,0
3614,0
3615,0
3616,5
3617,3
3618,0
3619,1
3620,1
3621,0
3622,2
3623,0
3624,10
3625,3
3626,2
3627,1
3628,2
3629,2
3630,2
3631,0
3632,0
3633,0
3634,0
3635,4
3636,0
3637,3
3638,1
3639,0
3640,0
3641,2
3642,0
3643,0
3644,1
3645,1
3646,0
3647,3
3648,0
3649,2
3650,5
3651,4
3652,0
3653,0
3654,1
3655,0
3656,0
3657,4
3658,0
3659,4
3660,0
3661,0
3662,1
3663,1
3664,0
3665,1
3666,1
3667,3
3668,0
3669,2
3670,0
3671,0
3672,2
3673,5
3674,3
3675,1
3676,4
3677,0
3678,3
3679,1
3680,0
3681,3
3682,2
3683,1
3684,2
3685,0
3686,3
3687,1
3688,2
3689,3
3690,0
3691,1
3692,4
3693,1
3694,3
3695,3
3696,2
3697,4
3698,0
3699,1
3700,8
3701,4
3702,1
3703,1
3704,0
3705,1
3706,1
3707,0
3708,0
3709,4
3710,4
3711,2
3712,2
3713,0
3714,0
3715,10
3716,2
3717,3
3718,7
3719,0
3720,0
3721,7
3722,1
3723,3
3724,0
3725,0
3726,1
3727,3
3728,0
3729,0
3730,7
3731,3
3732,4
3733,0
3734,0
3735,3
3736,2
3737,1
3738,0
3739,4
3740,0
3741,5
3742,3
3743,1
3744,6
3745,0
3746,5
3747,0
3748,0
3749,1
3750,0
3751,2
3752,1
3753,11
3754,0
3755,1
3756,0
3757,2
3758,1
3759,2
3760,2
3761,3
3762,0
3763,3
3764,0
3765,4
3766,2
3767,1
3768,2
3769,1
3770,2
3771,0
3772,1
3773,2
3774,7
3775,1
3776,1
3777,0
3778,2
3779,1
3780,12
3781,0
3782,2
3783,0
3784,1
3785,6
3786,0
3787,1
3788,7
3789,3
3790,0
3791,0
3792,1
3793,5
3794,0
3795,2
3796,7
3797,4
3798,1
3799,3
3800,0
3801,0
3802,1
3803,0
3804,0
3805,0
3806,1
3807,3
3808,3
3809,0
3810,3
3811,0
3812,0
3813,3
3814,0
3815,1
3816,0
3817,1
3818,5
3819,0
3820,3
3821,5
3822,3
3823,2
3824,0
3825,0
3826,2
3827,6
3828,2
3829,1
3830,0
3831,5
3832,2
3833,3
3834,0
3835,1
3836,1
3837,0
3838,4
3839,1
3840,1
3841,1
3842,1
3843,0
3844,1
3845,0
3846,3
3847,0
3848,1
3849,2
3850,5
3851,0
3852,0
3853,4
3854,0
3855,8
3856,4
3857,0
3858,7
3859,3
3860,0
3861,4
3862,0
3863,2
3864,0
3865,0
3866,1
3867,1
3868,5
3869,0
3870,0
3871,0
3872,0
3873,1
3874,4
3875,2
3876,4
3877,0
3878,1
3879,2
3880,1
3881,4
3882,1
3883,7
3884,0
3885,0
3886,1
3887,2
3888,5
3889,0
3890,2
3891,0
3892,0
3893,1
3894,3
3895,5
3896,9
3897,0
3898,0
3899,0
3900,2
3901,4
3902,0
3903,4
3904,5
3905,6
3906,1
3907,0
3908,0
3909,5
3910,5
3911,0
3912,3
3913,1
3914,2
3915,1
3916,0
3917,3
3918,1
3919,3
3920,6
3921,3
3922,2
3923,5
3924,4
3925,3
3926,3
3927,0
3928,4
3929,0
3930,7
3931,7
3932,3
3933,2
3934,0
3935,4
3936,0
3937,0
3938,0
3939,2
3940,1
3941,1
3942,0
3943,2
3944,0
3945,0
3946,1
3947,0
3948,2
3949,2
3950,3
3951,2
3952,0
3953,1
3954,3
3955,1
3956,0
3957,0
3958,1
3959,3
3960,0
3961,0
3962,0
3963,0
3964,0
3965,1
3966,3
3967,1
3968,3
3969,4
3970,1
3971,1
3972,0
3973,2
3974,3
3975,3
3976,2
3977,0
3978,1
3979,0
3980,0
3981,3
3982,4
3983,1
3984,0
3985,4
3986,1
3987,1
3988,3
3989,1
3990,0
3991,0
3992,6
3993,0
3994,2
3995,0
3996,6
3997,0
3998,0
3999,0
4000,3
4001,0
4002,1
4003,4
4004,0
4005,2
4006,1
4007,6
4008,2
4009,0
4010,2
4011,0
4012,2
4013,4
4014,5
4015,1
4016,0
4017,0
4018,2
4019,1
4020,4
4021,5
4022,0
4023,0
4024,3
4025,0
4026,1
4027,4
4028,1
4029,0
4030,0
4031,2
4032,1
4033,1
4034,0
4035,2
4036,0
4037,2
4038,2
4039,0
4040,0
4041,0
4042,0
4043,0
4044,1
4045,2
4046,1
4047,2
4048,1
4049,7
4050,3
4051,0
4052,2
4053,3
4054,1
4055,0
4056,3
4057,3
4058,0
4059,1
4060,2
4061,2
4062,1
4063,11
4064,1
4065,2
4066,0
4067,1
4068,3
4069,0
4070,1
4071,0
4072,0
4073,1
4074,1
4075,0
4076,0
4077,2
4078,8
4079,1
4080,0
4081,0
4082,3
4083,0
4084,2
4085,0
4086,0
4087,7
4088,0
4089,0
4090,0
4091,0
4092,1
4093,0
4094,2
4095,0
4096,4
4097,4
4098,0
4099,3
4100,0
4101,2
4102,3
4103,0
4104,0
4105,3
4106,2
4107,2
4108,3
4109,2
4110,3
4111,1
4112,0
4113,5
4114,6
4115,3
4116,5
4117,3
4118,1
4119,0
4120,1
4121,6
4122,0
4123,0
4124,2
4125,2
4126,1
4127,4
4128,6
4129,1
4130,0
4131,1
4132,1
4133,0
4134,1
4135,2
4136,2
4137,4
4138,0
4139,0
4140,0
4141,1
4142,3
4143,2
4144,0
4145,3
4146,3
4147,0
4148,0
4149,5
4150,5
4151,1
4152,2
4153,0
4154,2
4155,0
4156,1
4157,0
4158,1
4159,1
4160,3
4161,3
4162,4
4163,2
4164,4
4165,4
4166,3
4167,1
4168,1
4169,0
4170,2
4171,3
4172,1
4173,2
4174,0
4175,3
4176,0
4177,3
4178,1
4179,0
4180,4
4181,0
4182,2
4183,0
4184,0
4185,2
4186,2
4187,1
4188,5
4189,5
4190,3
4191,3
4192,0
4193,0
4194,3
4195,4
4196,0
4197,1
4198,3
4199,4
4200,0
4201,1
4202,0
4203,1
4204,0
4205,2
4206,0
4207,0
4208,2
4209,0
4210,4
4211,0
4212,7
4213,2
4214,2
4215,1
4216,3
4217,0
4218,3
4219,1
4220,0
4221,0
4222,2
4223,1
4224,1
4225,0
4226,0
4227,2
4228,1
4229,1
4230,5
4231,3
4232,0
4233,0
4234,3
4235,0
4236,0
4237,0
4238,1
4239,1
4240,1
4241,1
4242,0
4243,1
4244,1
4245,3
4246,0
4247,0
4248,2
4249,0
4250,0
4251,3
4252,1
4253,0
4254,1
4255,0
4256,10
4257,0
4258,2
4259,0
4260,0
4261,1
4262,0
4263,0
4264,1
4265,3
4266,1
4267,0
4268,0
4269,1
4270,3
4271,5
4272,0
4273,2
4274,1
4275,0
4276,0
4277,0
4278,0
4279,2
4280,4
4281,0
4282,0
4283,0
4284,4
4285,8
4286,2
4287,2
4288,2
4289,0
4290,1
4291,1
4292,1
4293,2
4294,0
4295,3
4296,0
4297,1
4298,0
4299,1
4300,0
4301,0
4302,2
4303,1
4304,0
4305,1
4306,0
4307,2
4308,0
4309,0
4310,10
4311,1
4312,0
4313,0
4314,1
4315,0
4316,0
4317,0
4318,5
4319,0
4320,0
4321,1
4322,0
4323,2
4324,3
4325,5
4326,1
4327,3
4328,3
4329,3
4330,0
4331,1
4332,1
4333,1
4334,4
4335,0
4336,1
4337,1
4338,2
4339,1
4340,0
4341,2
4342,1
4343,2
4344,5
4345,4
4346,2
4347,0
4348,0
4349,0
4350,8
4351,2
4352,2
4353,1
4354,2
4355,4
4356,1
4357,0
4358,0
4359,3
4360,1
4361,2
4362,1
4363,1
4364,9
4365,0
4366,11
4367,2
4368,3
4369,3
4370,1
4371,0
4372,3
4373,0
4374,2
4375,0
4376,1
4377,1
4378,1
4379,4
4380,2
4381,0
4382,4
4383,4
4384,4
4385,2
4386,1
4387,0
4388,1
4389,5
4390,0
4391,0
4392,0
4393,3
4394,0
4395,3
4396,3
4397,0
4398,2
4399,1
4400,0
4401,1
4402,5
4403,1
4404,1
4405,7
4406,1
4407,0
4408,1
4409,0
4410,2
4411,4
4412,0
4413,2
4414,0
4415,0
4416,0
4417,2
4418,0
4419,4
4420,2
4421,1
4422,5
4423,0
4424,1
4425,2
4426,1
4427,0
4428,0
4429,3
4430,0
4431,0
4432,0
4433,0
4434,3
4435,1
4436,2
4437,1
4438,4
4439,2
4440,0
4441,0
4442,2
4443,1
4444,3
4445,4
4446,0
4447,0
4448,0
4449,2
4450,1
4451,2
4452,2
4453,2
4454,7
4455,0
4456,3
4457,1
4458,3
4459,0
4460,0
4461,6
4462,4
4463,0
4464,2
4465,3
4466,0
4467,0
4468,1
4469,1
4470,3
4471,3
4472,1
4473,1
4474,0
4475,1
4476,2
4477,2
4478,0
4479,1
4480,4
4481,2
4482,1
4483,2
4484,2
4485,3
4486,3
4487,5
4488,0
4489,2
4490,3
4491,0
4492,0
4493,1
4494,0
4495,0
4496,0
4497,1
4498,2
4499,8
4500,3
4501,1
4502,0
4503,3
4504,1
4505,0
4506,0
4507,2
4508,1
4509,2
4510,3
4511,2
4512,0
4513,1
4514,1
4515,2
4516,1
4517,2
4518,2
4519,4
4520,1
4521,1
4522,1
4523,6
4524,0
4525,1
4526,2
4527,3
4528,1
4529,1
4530,2
4531,3
4532,1
4533,0
4534,0
4535,0
4536,0
4537,0
4538,4
4539,0
4540,0
4541,0
4542,6
4543,1
4544,0
4545,3
4546,0
4547,1
4548,3
4549,2
4550,2
4551,0
4552,1
4553,0
4554,0
4555,1
4556,3
4557,3
4558,0
4559,2
4560,1
4561,1
4562,2
4563,3
4564,0
4565,0
4566,2
4567,3
4568,5
4569,0
4570,0
4571,1
4572,3
4573,0
4574,0
4575,0
4576,1
4577,1
4578,1
4579,3
4580,0
4581,3
4582,0
4583,1
4584,0
4585,0
4586,0
4587,0
4588,0
4589,3
4590,2
4591,6
4592,2
4593,4
4594,2
4595,0
4596,0
4597,0
4598,3
4599,1
4600,5
4601,0
4602,3
4603,2
4604,1
4605,2
4606,5
4607,1
4608,3
4609,0
4610,0
4611,0
4612,1
4613,6
4614,0
4615,2
4616,0
4617,4
4618,1
4619,1
4620,1
4621,2
4622,5
4623,5
4624,3
4625,1
4626,2
4627,0
4628,4
4629,1
4630,0
4631,0
4632,3
4633,5
4634,3
4635,0
4636,2
4637,2
4638,0
4639,0
4640,1
4641,1
4642,0
4643,1
4644,5
4645,1
4646,1
4647,1
4648,3
4649,3
4650,2
4651,0
4652,1
4653,1
4654,0
4655,0
4656,0
4657,5
4658,0
4659,0
4660,0
4661,4
4662,1
4663,2
4664,1
4665,1
4666,1
4667,3
4668,0
4669,2
4670,0
4671,0
4672,0
4673,1
4674,2
4675,3
4676,2
4677,2
4678,3
4679,0
4680,0
4681,4
4682,0
4683,0
4684,1
4685,3
4686,1
4687,3
4688,1
4689,4
4690,2
4691,0
4692,2
4693,2
4694,0
4695,1
4696,1
4697,1
4698,1
4699,2
4700,5
4701,0
4702,2
4703,10
4704,4
4705,1
4706,2
4707,0
4708,0
4709,0
4710,1
4711,0
4712,0
4713,1
4714,3
4715,1
4716,2
4717,0
4718,3
4719,1
4720,0
4721,4
4722,2
4723,3
4724,1
4725,0
4726,0
4727,2
4728,1
4729,4
4730,7
4731,0
4732,0
4733,2
4734,0
4735,0
4736,4
4737,5
4738,1
4739,1
4740,0
4741,0
4742,5
4743,0
4744,0
4745,1
4746,0
4747,0
4748,2
4749,3
4750,2
4751,2
4752,5
4753,1
4754,0
4755,0
4756,5
4757,1
4758,4
4759,0
4760,0
4761,2
4762,2
4763,2
4764,3
4765,1
4766,0
4767,1
4768,1
4769,6
4770,4
4771,0
4772,6
4773,1
4774,4
4775,2
4776,0
4777,2
4778,4
4779,3
4780,2
4781,0
4782,4
4783,0
4784,1
4785,0
4786,1
4787,0
4788,0
4789,1
4790,0
4791,6
4792,0
4793,0
4794,0
4795,0
4796,0
4797,0
4798,6
4799,0
4800,0
4801,2
4802,2
4803,1
4804,2
4805,1
4806,4
4807,0
4808,5
4809,1
4810,0
4811,1
4812,0
4813,3
4814,1
4815,1
4816,1
4817,2
4818,1
4819,0
4820,1
4821,1
4822,0
4823,0
4824,0
4825,2
4826,7
4827,1
4828,0
4829,4
4830,6
4831,4
4832,1
4833,3
4834,2
4835,4
4836,0
4837,0
4838,2
4839,1
4840,2
4841,2
4842,0
4843,1
4844,7
4845,1
4846,1
4847,1
4848,3
4849,0
4850,1
4851,4
4852,1
4853,2
4854,0
4855,2
4856,2
4857,0
4858,0
4859,0
4860,1
4861,3
4862,0
4863,2
4864,0
4865,0
4866,3
4867,1
4868,2
4869,0
4870,2
4871,1
4872,0
4873,2
4874,1
4875,1
4876,0
4877,0
4878,0
4879,2
4880,1
4881,2
4882,2
4883,0
4884,5
4885,0
4886,0
4887,3
4888,0
4889,1
4890,2
4891,5
4892,0
4893,3
4894,2
4895,2
4896,0
4897,1
4898,1
4899,2
4900,0
4901,4
4902,2
4903,0
4904,1
4905,3
4906,1
4907,2
4908,1
4909,4
4910,5
4911,0
4912,1
4913,1
4914,5
4915,0
4916,0
4917,1
4918,0
4919,1
4920,5
4921,0
4922,0
4923,1
4924,0
4925,1
4926,3
4927,0
4928,0
4929,1
4930,0
4931,4
4932,0
4933,1
4934,11
4935,1
4936,0
4937,0
4938,0
4939,0
4940,1
4941,0
4942,5
4943,4
4944,0
4945,0
4946,0
4947,4
4948,1
4949,0
4950,1
4951,0
4952,2
4953,4
4954,1
4955,1
4956,1
4957,0
4958,1
4959,2
4960,4
4961,1
4962,0
4963,1
4964,1
4965,0
4966,1
4967,0
4968,0
4969,2
4970,3
4971,1
4972,2
4973,1
4974,0
4975,1
4976,2
4977,4
4978,2
4979,4
4980,1
4981,0
4982,0
4983,0
4984,2
4985,2
4986,2
4987,0
4988,0
4989,2
4990,3
4991,1
4992,2
4993,4
4994,2
4995,0
4996,1
4997,1
4998,0
4999,3
5000,1
5001,1
5002,4
5003,3
5004,2
5005,1
5006,1
5007,2
5008,0
5009,0
5010,0
5011,1
5012,4
5013,0
5014,1
5015,0
5016,5
5017,1
5018,0
5019,1
5020,3
5021,3
5022,0
5023,1
5024,3
5025,1
5026,3
5027,0
5028,2
5029,4
5030,1
5031,1
5032,1
5033,0
5034,1
5035,2
5036,1
5037,1
5038,1
5039,2
5040,0
5041,1
5042,3
5043,2
5044,0
5045,1
5046,1
5047,2
5048,5
5049,0
5050,0
5051,1
5052,0
5053,4
5054,3
5055,2
5056,1
5057,6
5058,0
5059,0
5060,1
5061,4
5062,5
5063,3
5064,0
5065,1
5066,2
5067,0
5068,0
5069,0
5070,1
5071,3
5072,5
5073,4
5074,0
5075,0
5076,0
5077,3
5078,0
5079,6
5080,2
5081,5
5082,0
5083,0
5084,1
5085,0
5086,2
5087,0
5088,1
5089,1
5090,0
5091,2
5092,0
5093,1
5094,0
5095,0
5096,2
5097,2
5098,1
5099,2
5100,4
5101,1
5102,0
5103,0
5104,1
5105,1
5106,3
5107,1
5108,2
5109,2
5110,4
5111,1
5112,3
5113,1
5114,3
5115,0
5116,1
5117,0
5118,0
5119,0
5120,3
5121,1
5122,0
5123,1
5124,1
5125,3
5126,1
5127,7
5128,0
5129,0
5130,1
5131,2
5132,2
5133,0
5134,0
5135,1
5136,1
5137,0
5138,1
5139,1
5140,2
5141,2
5142,2
5143,2
5144,0
5145,3
5146,1
5147,1
5148,0
5149,0
5150,1
5151,2
5152,1
5153,2
5154,0
5155,3
5156,0
5157,3
5158,2
5159,0
5160,1
5161,0
5162,2
5163,2
5164,0
5165,2
5166,2
5167,1
5168,0
5169,0
5170,5
5171,0
5172,2
5173,1
5174,2
5175,2
5176,1
5177,2
5178,3
5179,1
5180,1
5181,0
5182,0
5183,1
5184,1
5185,2
5186,1
5187,3
5188,1
5189,4
5190,0
5191,5
5192,1
5193,2
5194,0
5195,0
5196,4
5197,2
5198,6
5199,3
5200,0
5201,0
5202,6
5203,4
5204,1
5205,2
5206,0
5207,0
5208,0
5209,3
5210,0
5211,0
5212,5
5213,2
5214,2
5215,3
5216,0
5217,4
5218,3
5219,0
5220,0
5221,0
5222,0
5223,0
5224,4
5225,2
5226,3
5227,4
5228,1
5229,1
5230,2
5231,1
5232,2
5233,1
5234,2
5235,1
5236,0
5237,0
5238,2
5239,1
5240,0
5241,0
5242,1
5243,0
5244,1
5245,0
5246,2
5247,0
5248,1
5249,1
5250,0
5251,4
5252,2
5253,0
5254,1
5255,1
5256,1
5257,0
5258,1
5259,0
5260,1
5261,5
5262,1
5263,2
5264,4
5265,2
5266,3
5267,1
5268,1
5269,0
5270,2
5271,0
5272,5
5273,1
5274,1
5275,1
5276,2
5277,0
5278,1
5279,1
5280,2
5281,0
5282,0
5283,1
5284,1
5285,0
5286,2
5287,0
5288,1
5289,1
5290,1
5291,3
5292,2
5293,1
5294,0
5295,2
5296,2
5297,3
5298,1
5299,0
5300,0
5301,5
5302,1
5303,2
5304,2
5305,2
5306,2
5307,2
5308,0
5309,2
5310,1
5311,1
5312,2
5313,2
5314,0
5315,4
5316,2
5317,3
5318,2
5319,2
5320,2
5321,0
5322,3
5323,3
5324,1
5325,5
5326,0
5327,0
5328,3
5329,0
5330,5
5331,1
5332,2
5333,0
5334,1
5335,2
5336,3
5337,5
5338,0
5339,0
5340,0
5341,0
5342,3
5343,1
5344,0
5345,1
5346,1
5347,1
5348,0
5349,0
5350,3
5351,2
5352,0
5353,1
5354,1
5355,2
5356,1
5357,0
5358,1
5359,4
5360,4
5361,1
5362,1
5363,2
5364,1
5365,2
5366,2
5367,2
5368,1
5369,3
5370,0
5371,0
5372,2
5373,2
5374,0
5375,1
5376,1
5377,2
5378,2
5379,1
5380,2
5381,1
5382,1
5383,1
5384,0
5385,0
5386,0
5387,1
5388,1
5389,3
5390,0
5391,0
5392,1
5393,2
5394,0
5395,4
5396,0
5397,1
5398,0
5399,3
5400,1
5401,1
5402,1
5403,0
5404,0
5405,0
5406,1
5407,3
5408,0
5409,3
5410,1
5411,1
5412,3
5413,0
5414,2
5415,2
5416,2
5417,0
5418,0
5419,3
5420,1
5421,1
5422,0
5423,2
5424,2
5425,0
5426,0
5427,3
5428,1
5429,3
5430,3
5431,2
5432,1
5433,3
5434,2
5435,0
5436,3
5437,0
5438,3
5439,6
5440,1
5441,1
5442,1
5443,0
5444,6
5445,0
5446,0
5447,0
5448,3
5449,4
5450,1
5451,0
5452,1
5453,2
5454,0
5455,0
5456,1
5457,2
5458,4
5459,2
5460,2
5461,0
5462,1
5463,1
5464,0
5465,0
5466,3
5467,2
5468,1
5469,1
5470,0
5471,0
5472,2
5473,2
5474,0
5475,0
5476,2
5477,0
5478,0
5479,1
5480,4
5481,1
5482,2
5483,2
5484,2
5485,4
5486,0
5487,2
5488,2
5489,1
5490,1
5491,1
5492,0
5493,3
5494,0
5495,3
5496,5
5497,2
5498,1
5499,1
5500,0
5501,5
5502,0
5503,0
5504,4
5505,2
5506,0
5507,5
5508,4
5509,6
5510,0
5511,4
5512,0
5513,0
5514,0
5515,3
5516,3
5517,0
5518,7
5519,1
5520,4
5521,0
5522,1
5523,0
5524,0
5525,0
5526,0
5527,1
5528,1
5529,1
5530,1
5531,0
5532,3
5533,1
5534,5
5535,1
5536,2
5537,0
5538,0
5539,3
5540,2
5541,3
5542,0
5543,0
5544,1
5545,3
5546,0
5547,3
5548,0
5549,0
5550,1
5551,0
5552,1
5553,1
5554,2
5555,1
5556,0
5557,3
5558,1
5559,1
5560,0
5561,1
5562,1
5563,10
5564,1
5565,0
5566,0
5567,0
5568,1
5569,6
5570,1
5571,0
5572,1
5573,0
5574,3
5575,1
5576,1
5577,3
5578,1
5579,2
5580,0
5581,0
5582,0
5583,2
5584,4
5585,0
5586,3
5587,2
5588,0
5589,6
5590,0
5591,3
5592,0
5593,3
5594,2
5595,0
5596,2
5597,0
5598,2
5599,0
5600,0
5601,0
5602,0
5603,2
5604,2
5605,1
5606,1
5607,1
5608,2
5609,1
5610,0
5611,1
5612,5
5613,0
5614,2
5615,2
5616,1
5617,4
5618,2
5619,0
5620,0
5621,1
5622,1
5623,1
5624,2
5625,1
5626,1
5627,5
5628,0
5629,1
5630,1
5631,2
5632,2
5633,0
5634,1
5635,0
5636,2
5637,2
5638,0
5639,2
5640,0
5641,2
5642,0
5643,3
5644,1
5645,2
5646,1
5647,2
5648,1
5649,0
5650,4
5651,5
5652,0
5653,0
5654,0
5655,1
5656,2
5657,2
5658,0
5659,1
5660,0
5661,5
5662,2
5663,4
5664,2
5665,1
5666,1
5667,1
5668,2
5669,2
5670,1
5671,2
5672,0
5673,0
5674,0
5675,1
5676,0
5677,1
5678,1
5679,2
5680,0
5681,1
5682,4
5683,1
5684,3
5685,0
5686,0
5687,5
5688,2
5689,1
5690,1
5691,1
5692,1
5693,0
5694,4
5695,2
5696,1
5697,0
5698,1
5699,0
5700,4
5701,4
5702,0
5703,2
5704,0
5705,4
5706,0
5707,4
5708,0
5709,10
5710,0
5711,2
5712,3
5713,2
5714,0
5715,2
5716,3
5717,3
5718,0
5719,7
5720,3
5721,1
5722,1
5723,0
5724,2
5725,4
5726,0
5727,0
5728,0
5729,3
5730,0
5731,1
5732,0
5733,0
5734,0
5735,0
5736,1
5737,1
5738,0
5739,2
5740,0
5741,2
5742,1
5743,0
5744,2
5745,1
5746,6
5747,4
5748,0
5749,0
5750,0
5751,0
5752,1
5753,0
5754,1
5755,0
5756,1
5757,1
5758,3
5759,0
5760,1
5761,2
5762,1
5763,1
5764,2
5765,0
5766,0
5767,1
5768,0
5769,0
5770,3
5771,4
5772,0
5773,0
5774,1
5775,1
5776,0
5777,2
5778,1
5779,0
5780,4
5781,0
5782,2
5783,4
5784,2
5785,0
5786,0
5787,1
5788,1
5789,5
5790,0
5791,2
5792,0
5793,1
5794,1
5795,1
5796,1
5797,1
5798,2
5799,4
5800,2
5801,4
5802,1
5803,3
5804,1
5805,0
5806,1
5807,2
5808,0
5809,0
5810,3
5811,2
5812,0
5813,4
5814,0
5815,1
5816,1
5817,1
5818,0
5819,1
5820,0
5821,1
5822,1
5823,3
5824,1
5825,2
5826,1
5827,2
5828,1
5829,3
5830,1
5831,0
5832,0
5833,3
5834,1
5835,3
5836,0
5837,1
5838,0
5839,1
5840,1
5841,0
5842,8
5843,0
5844,3
5845,1
5846,1
5847,2
5848,2
5849,3
5850,2
5851,0
5852,0
5853,0
5854,0
5855,2
5856,3
5857,0
5858,0
5859,4
5860,0
5861,0
5862,0
5863,1
5864,1
5865,0
5866,1
5867,5
5868,3
5869,1
5870,1
5871,0
5872,4
5873,3
5874,1
5875,0
5876,1
5877,0
5878,2
5879,6
5880,0
5881,0
5882,1
5883,2
5884,0
5885,0
5886,1
5887,1
5888,2
5889,2
5890,2
5891,2
5892,3
5893,1
5894,1
5895,2
5896,0
5897,1
5898,6
5899,1
5900,4
5901,0
5902,0
5903,0
5904,1
5905,0
5906,3
5907,0
5908,1
5909,0
5910,2
5911,1
5912,1
5913,2
5914,0
5915,1
5916,0
5917,0
5918,2
5919,0
5920,1
5921,3
5922,2
5923,3
5924,1
5925,1
5926,0
5927,1
5928,0
5929,0
5930,2
5931,0
5932,0
5933,0
5934,0
5935,5
5936,1
5937,0
5938,3
5939,0
5940,0
5941,1
5942,0
5943,1
5944,0
5945,1
5946,4
5947,0
5948,0
5949,1
5950,3
5951,1
5952,3
5953,2
5954,0
5955,1
5956,4
5957,0
5958,1
5959,2
5960,0
5961,0
5962,1
5963,0
5964,2
5965,0
5966,0
5967,1
5968,0
5969,1
5970,0
5971,3
5972,3
5973,0
5974,0
5975,0
5976,0
5977,3
5978,0
5979,0
5980,2
5981,1
5982,0
5983,4
5984,2
5985,0
5986,2
5987,1
5988,1
5989,0
5990,0
5991,1
5992,0
5993,4
5994,0
5995,2
5996,1
5997,0
5998,1
5999,6
6000,4
6001,5
6002,2
6003,2
6004,0
6005,2
6006,1
6007,0
6008,1
6009,4
6010,0
6011,0
6012,1
6013,1
6014,1
6015,2
6016,2
6017,2
6018,2
6019,1
6020,0
6021,0
6022,1
6023,2
6024,2
6025,1
6026,0
6027,3
6028,3
6029,3
6030,3
6031,1
6032,4
6033,4
6034,0
6035,1
6036,0
6037,2
6038,0
6039,0
6040,2
6041,2
6042,0
6043,0
6044,0
6045,0
6046,0
6047,0
6048,0
6049,0
6050,1
6051,2
6052,2
6053,1
6054,0
6055,0
6056,2
6057,3
6058,2
6059,5
6060,1
6061,1
6062,3
6063,0
6064,1
6065,2
6066,2
6067,2
6068,0
6069,0
6070,0
6071,0
6072,0
6073,0
6074,0
6075,3
6076,0
6077,0
6078,1
6079,3
6080,1
6081,2
6082,1
6083,0
6084,2
6085,4
6086,1
6087,3
6088,3
6089,0
6090,1
6091,0
6092,0
6093,3
6094,2
6095,0
6096,1
6097,0
6098,0
6099,4
6100,1
6101,2
6102,0
6103,1
6104,2
6105,1
6106,2
6107,1
6108,8
6109,0
6110,4
6111,4
6112,1
6113,1
6114,4
6115,0
6116,3
6117,0
6118,2
6119,1
6120,0
6121,0
6122,0
6123,0
6124,3
6125,3
6126,3
6127,0
6128,2
6129,0
6130,1
6131,4
6132,1
6133,2
6134,0
6135,0
6136,0
6137,0
6138,3
6139,2
6140,3
6141,1
6142,0
6143,4
6144,0
6145,0
6146,1
6147,2
6148,1
6149,0
6150,1
6151,5
6152,2
6153,1
6154,0
6155,1
6156,1
6157,0
6158,1
6159,2
6160,1
6161,1
6162,0
6163,0
6164,1
6165,0
6166,1
6167,0
6168,1
6169,3
6170,0
6171,3
6172,2
6173,2
6174,0
6175,2
6176,0
6177,0
6178,0
6179,0
6180,0
6181,0
6182,1
6183,3
6184,6
6185,0
6186,2
6187,0
6188,1
6189,2
6190,1
6191,1
6192,0
6193,0
6194,5
6195,0
6196,1
6197,0
6198,1
6199,1
6200,0
6201,0
6202,3
6203,1
6204,2
6205,0
6206,0
6207,3
6208,2
6209,2
6210,5
6211,4
6212,2
6213,1
6214,2
6215,4
6216,3
6217,1
6218,0
6219,2
6220,1
6221,0
6222,1
6223,3
6224,1
6225,3
6226,4
6227,1
6228,4
6229,2
6230,2
6231,1
6232,0
6233,0
6234,1
6235,0
6236,1
6237,0
6238,1
6239,2
6240,1
6241,1
6242,3
6243,2
6244,1
6245,3
6246,0
6247,3
6248,3
6249,1
6250,2
6251,1
6252,0
6253,4
6254,1
6255,0
6256,2
6257,1
6258,0
6259,1
6260,4
6261,5
6262,2
6263,0
6264,1
6265,1
6266,0
6267,2
6268,1
6269,0
6270,1
6271,1
6272,0
6273,1
6274,1
6275,0
6276,1
6277,0
6278,0
6279,0
6280,5
6281,0
6282,0
6283,2
6284,0
6285,0
6286,4
6287,0
6288,0
6289,1
6290,2
6291,1
6292,1
6293,2
6294,1
6295,0
6296,1
6297,1
6298,1
6299,3
6300,1
6301,2
6302,0
6303,1
6304,1
6305,0
6306,0
6307,2
6308,1
6309,2
6310,0
6311,1
6312,1
6313,1
6314,1
6315,0
6316,2
6317,3
6318,1
6319,0
6320,2
6321,0
6322,0
6323,0
6324,0
6325,0
6326,2
6327,0
6328,6
6329,0
6330,2
6331,1
6332,3
6333,1
6334,3
6335,1
6336,3
6337,1
6338,1
6339,1
6340,1
6341,0
6342,0
6343,1
6344,1
6345,1
6346,3
6347,2
6348,2
6349,5
6350,0
6351,0
6352,0
6353,1
6354,0
6355,0
6356,2
6357,3
6358,0
6359,4
6360,3
6361,2
6362,0
6363,1
6364,0
6365,2
6366,3
6367,3
6368,4
6369,3
6370,2
6371,2
6372,1
6373,0
6374,0
6375,4
6376,0
6377,4
6378,0
6379,0
6380,1
6381,0
6382,0
6383,2
6384,3
6385,0
6386,3
6387,0
6388,0
6389,1
6390,1
6391,0
6392,0
6393,0
6394,1
6395,3
6396,0
6397,1
6398,0
6399,2
6400,1
6401,1
6402,0
6403,1
6404,0
6405,0
6406,3
6407,2
6408,4
6409,2
6410,0
6411,1
6412,4
6413,8
6414,0
6415,3
6416,0
6417,0
6418,1
6419,1
6420,1
6421,0
6422,4
6423,1
6424,3
6425,5
6426,2
6427,2
6428,1
6429,1
6430,4
6431,1
6432,1
6433,4
6434,3
6435,1
6436,2
6437,1
6438,1
6439,0
6440,0
6441,0
6442,1
6443,0
6444,1
6445,0
6446,4
6447,0
6448,1
6449,2
6450,1
6451,1
6452,2
6453,1
6454,0
6455,0
6456,1
6457,2
6458,3
6459,1
6460,0
6461,3
6462,1
6463,2
6464,0
6465,2
6466,0
6467,2
6468,3
6469,4
6470,2
6471,1
6472,1
6473,3
6474,1
6475,0
6476,0
6477,0
6478,1
6479,2
6480,0
6481,0
6482,0
6483,0
6484,3
6485,3
6486,2
6487,0
6488,0
6489,2
6490,2
6491,0
6492,0
6493,0
6494,0
6495,2
6496,1
6497,0
6498,4
6499,2
6500,0
6501,1
6502,0
6503,1
6504,0
6505,1
6506,0
6507,2
6508,2
6509,0
6510,2
6511,2
6512,1
6513,2
6514,0
6515,0
6516,1
6517,0
6518,2
6519,1
6520,0
6521,0
6522,1
6523,2
6524,0
6525,1
6526,0
6527,0
6528,2
6529,0
6530,1
6531,1
6532,1
6533,1
6534,0
6535,1
6536,0
6537,0
6538,4
6539,1
6540,0
6541,1
6542,1
6543,2
6544,1
6545,1
6546,2
6547,1
6548,3
6549,1
6550,0
6551,1
6552,0
6553,0
6554,3
6555,0
6556,3
6557,1
6558,1
6559,1
6560,0
6561,2
6562,0
6563,5
6564,1
6565,0
6566,5
6567,1
6568,1
6569,3
6570,0
6571,2
6572,4
6573,1
6574,0
6575,3
6576,2
6577,1
6578,0
6579,5
6580,2
6581,1
6582,1
6583,1
6584,2
6585,1
6586,1
6587,0
6588,0
6589,1
6590,1
6591,2
6592,0
6593,1
6594,4
6595,0
6596,2
6597,2
6598,0
6599,1
6600,2
6601,1
6602,0
6603,0
6604,0
6605,1
6606,2
6607,1
6608,1
6609,0
6610,2
6611,3
6612,3
6613,1
6614,0
6615,1
6616,5
6617,1
6618,1
6619,0
6620,1
6621,2
6622,2
6623,0
6624,2
6625,0
6626,1
6627,1
6628,2
6629,1
6630,0
6631,0
6632,1
6633,0
6634,5
6635,0
6636,0
6637,2
6638,0
6639,2
6640,2
6641,0
6642,0
6643,0
6644,1
6645,1
6646,1
6647,0
6648,1
6649,2
6650,0
6651,2
6652,2
6653,1
6654,1
6655,4
6656,0
6657,1
6658,0
6659,2
6660,2
6661,2
6662,0
6663,1
6664,1
6665,0
6666,1
6667,4
6668,0
6669,1
6670,1
6671,0
6672,1
6673,1
6674,2
6675,2
6676,0
6677,1
6678,0
6679,1
6680,0
6681,0
6682,4
6683,0
6684,2
6685,0
6686,0
6687,2
6688,0
6689,2
6690,1
6691,5
6692,0
6693,2
6694,0
6695,2
6696,0
6697,1
6698,1
6699,1
6700,0
6701,0
6702,4
6703,3
6704,1
6705,0
6706,3
6707,1
6708,7
6709,0
6710,0
6711,0
6712,2
6713,4
6714,2
6715,3
6716,0
6717,0
6718,1
6719,1
6720,0
6721,3
6722,0
6723,1
6724,2
6725,1
6726,4
6727,2
6728,0
6729,0
6730,0
6731,1
6732,2
6733,3
6734,2
6735,3
6736,0
6737,0
6738,0
6739,2
6740,0
6741,0
6742,2
6743,0
6744,1
6745,0
6746,0
6747,2
6748,1
6749,0
6750,1
6751,2
6752,0
6753,3
6754,2
6755,3
6756,0
6757,0
6758,0
6759,1
6760,0
6761,2
6762,1
6763,0
6764,0
6765,0
6766,1
6767,0
6768,2
6769,1
6770,2
6771,1
6772,3
6773,2
6774,1
6775,1
6776,0
6777,1
6778,1
6779,1
6780,5
6781,2
6782,0
6783,2
6784,0
6785,1
6786,2
6787,0
6788,1
6789,0
6790,0
6791,2
6792,0
6793,2
6794,3
6795,3
6796,1
6797,1
6798,0
6799,1
6800,0
6801,2
6802,0
6803,1
6804,0
6805,0
6806,0
6807,1
6808,0
6809,2
6810,0
6811,2
6812,2
6813,1
6814,1
6815,0
6816,0
6817,1
6818,0
6819,0
6820,1
6821,0
6822,1
6823,3
6824,0
6825,2
6826,1
6827,1
6828,1
6829,2
6830,0
6831,1
6832,1
6833,0
6834,2
6835,0
6836,1
6837,3
6838,1
6839,3
6840,1
6841,2
6842,1
6843,2
6844,0
6845,1
6846,0
6847,0
6848,1
6849,2
6850,1
6851,1
6852,0
6853,1
6854,0
6855,0
6856,0
6857,0
6858,0
6859,1
6860,2
6861,0
6862,4
6863,0
6864,1
6865,0
6866,2
6867,3
6868,2
6869,1
6870,1
6871,2
6872,0
6873,2
6874,1
6875,1
6876,1
6877,0
6878,1
6879,1
6880,2
6881,0
6882,0
6883,2
6884,0
6885,1
6886,5
6887,3
6888,0
6889,0
6890,0
6891,2
6892,1
6893,2
6894,3
6895,1
6896,1
6897,0
6898,0
6899,6
6900,0
6901,0
6902,1
6903,0
6904,2
6905,0
6906,1
6907,0
6908,0
6909,3
6910,1
6911,0
6912,0
6913,1
6914,1
6915,1
6916,2
6917,1
6918,2
6919,2
6920,1
6921,0
6922,3
6923,2
6924,2
6925,3
6926,4
6927,0
6928,2
6929,3
6930,0
6931,5
6932,0
6933,4
6934,0
6935,0
6936,0
6937,2
6938,1
6939,1
6940,1
6941,0
6942,0
6943,1
6944,0
6945,0
6946,1
6947,0
6948,0
6949,0
6950,1
6951,2
6952,3
6953,1
6954,2
6955,1
6956,2
6957,1
6958,2
6959,1
6960,1
6961,2
6962,2
6963,2
6964,1
6965,1
6966,0
6967,2
6968,1
6969,0
6970,3
6971,1
6972,5
6973,1
6974,4
6975,0
6976,1
6977,1
6978,1
6979,0
6980,3
6981,0
6982,1
6983,0
6984,2
6985,0
6986,1
6987,0
6988,0
6989,0
6990,2
6991,2
6992,1
6993,0
6994,0
6995,1
6996,2
6997,2
6998,0
6999,1
7000,1
7001,0
7002,1
7003,0
7004,2
7005,0
7006,0
7007,3
7008,1
7009,2
7010,1
7011,0
7012,2
7013,1
7014,0
7015,7
7016,1
7017,2
7018,2
7019,0
7020,1
7021,3
7022,1
7023,3
7024,2
7025,1
7026,0
7027,3
7028,0
7029,1
7030,5
7031,1
7032,1
7033,4
7034,0
7035,0
7036,1
7037,0
7038,1
7039,3
7040,0
7041,0
7042,0
7043,1
7044,5
7045,1
7046,2
7047,0
7048,1
7049,0
7050,1
7051,1
7052,0
7053,2
7054,0
7055,3
7056,1
7057,2
7058,2
7059,2
7060,1
7061,0
7062,2
7063,0
7064,2
7065,0
7066,0
7067,0
7068,3
7069,3
7070,1
7071,0
7072,0
7073,1
7074,3
7075,1
7076,0
7077,2
7078,2
7079,0
7080,1
7081,1
7082,1
7083,1
7084,1
7085,0
7086,1
7087,3
7088,3
7089,0
7090,0
7091,2
7092,0
7093,1
7094,0
7095,2
7096,0
7097,0
7098,0
7099,2
7100,1
7101,1
7102,2
7103,0
7104,0
7105,1
7106,2
7107,0
7108,1
7109,1
7110,1
7111,3
7112,0
7113,1
7114,1
7115,2
7116,2
7117,3
7118,2
7119,0
7120,1
7121,1
7122,0
7123,3
7124,0
7125,0
7126,1
7127,0
7128,1
7129,3
7130,1
7131,7
7132,0
7133,0
7134,3
7135,2
7136,1
7137,0
7138,0
7139,2
7140,0
7141,0
7142,0
7143,1
7144,1
7145,0
7146,3
7147,3
7148,0
7149,0
7150,2
7151,2
7152,0
7153,1
7154,1
7155,4
7156,1
7157,1
7158,0
7159,0
7160,0
7161,1
7162,2
7163,0
7164,3
7165,1
7166,3
7167,0
7168,4
7169,2
7170,2
7171,2
7172,2
7173,2
7174,0
7175,1
7176,3
7177,1
7178,3
7179,4
7180,0
7181,1
7182,0
7183,0
7184,3
7185,1
7186,0
7187,0
7188,3
7189,2
7190,7
7191,0
7192,0
7193,1
7194,0
7195,0
7196,1
7197,0
7198,1
7199,1
7200,1
7201,2
7202,1
7203,0
7204,0
7205,0
7206,1
7207,1
7208,0
7209,3
7210,0
7211,5
7212,0
7213,2
7214,1
7215,2
7216,1
7217,0
7218,1
7219,1
7220,2
7221,1
7222,2
7223,0
7224,2
7225,2
7226,3
7227,2
7228,3
7229,3
7230,0
7231,2
7232,0
7233,3
7234,0
7235,2
7236,3
7237,3
7238,3
7239,0
7240,2
7241,3
7242,3
7243,0
7244,0
7245,0
7246,1
7247,0
7248,1
7249,2
7250,0
7251,3
7252,2
7253,0
7254,1
7255,1
7256,2
7257,0
7258,2
7259,3
7260,1
7261,0
7262,1
7263,0
7264,4
7265,0
7266,2
7267,0
7268,2
7269,3
7270,1
7271,0
7272,1
7273,5
7274,0
7275,1
7276,1
7277,1
7278,0
7279,2
7280,0
7281,0
7282,0
7283,2
7284,0
7285,3
7286,1
7287,0
7288,1
7289,1
7290,2
7291,0
7292,0
7293,0
7294,1
7295,2
7296,1
7297,1
7298,0
7299,1
7300,0
7301,0
7302,2
7303,2
7304,1
7305,1
7306,1
7307,0
7308,2
7309,0
7310,2
7311,4
7312,1
7313,2
7314,1
7315,0
7316,0
7317,0
7318,4
7319,0
7320,4
7321,3
7322,0
7323,3
7324,0
7325,1
7326,0
7327,1
7328,1
7329,0
7330,1
7331,1
7332,0
7333,1
7334,0
7335,2
7336,0
7337,2
7338,1
7339,1
7340,1
7341,1
7342,0
7343,1
7344,1
7345,0
7346,0
7347,2
7348,2
7349,0
7350,1
7351,1
7352,0
7353,0
7354,5
7355,1
7356,2
7357,0
7358,2
7359,1
7360,2
7361,3
7362,5
7363,0
7364,0
7365,1
7366,0
7367,2
7368,0
7369,2
7370,2
7371,1
7372,0
7373,0
7374,0
7375,4
7376,0
7377,0
7378,4
7379,1
7380,1
7381,0
7382,0
7383,1
7384,0
7385,1
7386,0
7387,1
7388,2
7389,2
7390,1
7391,2
7392,1
7393,1
7394,0
7395,0
7396,1
7397,1
7398,2
7399,0
7400,1
7401,0
7402,1
7403,1
7404,1
7405,4
7406,2
7407,0
7408,0
7409,3
7410,2
7411,0
7412,0
7413,2
7414,1
7415,1
7416,1
7417,1
7418,0
7419,0
7420,0
7421,2
7422,0
7423,3
7424,3
7425,2
7426,0
7427,1
7428,3
7429,0
7430,0
7431,1
7432,0
7433,1
7434,0
7435,0
7436,3
7437,0
7438,3
7439,2
7440,1
7441,0
7442,2
7443,2
7444,1
7445,1
7446,2
7447,4
7448,0
7449,0
7450,0
7451,0
7452,2
7453,2
7454,3
7455,0
7456,1
7457,2
7458,1
7459,0
7460,1
7461,0
7462,5
7463,2
7464,1
7465,1
7466,1
7467,0
7468,2
7469,1
7470,0
7471,1
7472,2
7473,2
7474,1
7475,0
7476,5
7477,1
7478,0
7479,1
7480,1
7481,0
7482,2
7483,1
7484,0
7485,0
7486,1
7487,2
7488,2
7489,0
7490,0
7491,1
7492,1
7493,3
7494,1
7495,2
7496,2
7497,1
7498,0
7499,1
7500,2
7501,2
7502,1
7503,2
7504,1
7505,3
7506,1
7507,2
7508,1
7509,2
7510,1
7511,1
7512,2
7513,0
7514,2
7515,0
7516,0
7517,0
7518,1
7519,1
7520,1
7521,0
7522,0
7523,2
7524,0
7525,3
7526,2
7527,5
7528,6
7529,3
7530,1
7531,3
7532,0
7533,0
7534,3
7535,0
7536,0
7537,1
7538,1
7539,0
7540,2
7541,1
7542,3
7543,1
7544,0
7545,0
7546,2
7547,4
7548,2
7549,1
7550,0
7551,0
7552,0
7553,1
7554,1
7555,0
7556,1
7557,0
7558,0
7559,1
7560,0
7561,7
7562,1
7563,0
7564,0
7565,2
7566,0
7567,0
7568,1
7569,5
7570,3
7571,1
7572,0
7573,0
7574,2
7575,0
7576,1
7577,6
7578,0
7579,0
7580,3
7581,4
7582,1
7583,1
7584,1
7585,0
7586,1
7587,1
7588,0
7589,0
7590,1
7591,1
7592,0
7593,5
7594,1
7595,1
7596,0
7597,0
7598,0
7599,1
7600,1
7601,0
7602,2
7603,1
7604,1
7605,1
7606,1
7607,2
7608,1
7609,1
7610,1
7611,3
7612,2
7613,1
7614,1
7615,1
7616,0
7617,3
7618,1
7619,1
7620,0
7621,0
7622,2
7623,0
7624,0
7625,3
7626,0
7627,2
7628,3
7629,0
7630,2
7631,0
7632,1
7633,2
7634,1
7635,0
7636,0
7637,4
7638,1
7639,2
7640,1
7641,1
7642,1
7643,0
7644,2
7645,1
7646,0
7647,1
7648,0
7649,2
7650,0
7651,0
7652,1
7653,1
7654,2
7655,1
7656,3
7657,1
7658,3
7659,0
7660,1
7661,1
7662,1
7663,2
7664,1
7665,1
7666,2
7667,0
7668,1
7669,5
7670,0
7671,2
7672,4
7673,1
7674,0
7675,0
7676,1
7677,3
7678,1
7679,0
7680,0
7681,0
7682,0
7683,4
7684,0
7685,1
7686,3
7687,0
7688,1
7689,0
7690,1
7691,0
7692,3
7693,0
7694,3
7695,2
7696,0
7697,3
7698,1
7699,2
7700,1
7701,0
7702,0
7703,1
7704,1
7705,3
7706,0
7707,3
7708,2
7709,2
7710,0
7711,0
7712,0
7713,0
7714,3
7715,3
7716,2
7717,2
7718,0
7719,1
7720,1
7721,3
7722,0
7723,0
7724,1
7725,2
7726,4
7727,0
7728,3
7729,3
7730,2
7731,3
7732,0
7733,2
7734,1
7735,4
7736,1
7737,1
7738,2
7739,1
7740,1
7741,0
7742,0
7743,1
7744,0
7745,1
7746,0
7747,1
7748,3
7749,2
7750,2
7751,0
7752,0
7753,1
7754,3
7755,1
7756,3
7757,2
7758,1
7759,2
7760,0
7761,1
7762,0
7763,2
7764,1
7765,0
7766,0
7767,0
7768,0
7769,2
7770,1
7771,1
7772,0
7773,2
7774,1
7775,1
7776,2
7777,1
7778,1
7779,3
7780,0
7781,1
7782,2
7783,2
7784,0
7785,2
7786,2
7787,2
7788,0
7789,2
7790,3
7791,0
7792,2
7793,3
7794,0
7795,0
7796,1
7797,4
7798,0
7799,0
7800,0
7801,0
7802,2
7803,2
7804,1
7805,0
7806,0
7807,1
7808,3
7809,1
7810,0
7811,0
7812,2
7813,2
7814,1
7815,1
7816,3
7817,1
7818,2
7819,0
7820,2
7821,0
7822,1
7823,2
7824,1
7825,2
7826,0
7827,0
7828,2
7829,2
7830,1
7831,1
7832,2
7833,5
7834,1
7835,0
7836,0
7837,0
7838,1
7839,1
7840,2
7841,2
7842,0
7843,1
7844,3
7845,0
7846,1
7847,1
7848,0
7849,1
7850,0
7851,0
7852,0
7853,4
7854,2
7855,0
7856,1
7857,3
7858,2
7859,1
7860,0
7861,0
7862,1
7863,1
7864,3
7865,0
7866,3
7867,0
7868,0
7869,1
7870,0
7871,0
7872,1
7873,3
7874,0
7875,0
7876,2
7877,0
7878,0
7879,0
7880,0
7881,7
7882,3
7883,1
7884,0
7885,0
7886,3
7887,4
7888,0
7889,2
7890,1
7891,0
7892,4
7893,1
7894,3
7895,0
7896,5
7897,2
7898,1
7899,2
7900,1
7901,2
7902,2
7903,0
7904,1
7905,1
7906,0
7907,1
7908,1
7909,4
7910,1
7911,1
7912,3
7913,0
7914,0
7915,0
7916,1
7917,0
7918,0
7919,1
7920,0
7921,1
7922,0
7923,2
7924,0
7925,0
7926,2
7927,1
7928,0
7929,1
7930,1
7931,2
7932,0
7933,0
7934,1
7935,2
7936,1
7937,1
7938,4
7939,0
7940,0
7941,2
7942,1
7943,0
7944,0
7945,1
7946,1
7947,0
7948,1
7949,2
7950,0
7951,0
7952,0
7953,1
7954,0
7955,2
7956,0
7957,2
7958,1
7959,2
7960,1
7961,2
7962,2
7963,3
7964,1
7965,0
7966,0
7967,1
7968,0
7969,0
7970,1
7971,0
7972,0
7973,2
7974,0
7975,1
7976,0
7977,5
7978,0
7979,0
7980,0
7981,2
7982,1
7983,2
7984,3
7985,1
7986,1
7987,0
7988,2
7989,0
7990,0
7991,1
7992,0
7993,1
7994,0
7995,2
7996,0
7997,0
7998,0
7999,0
8000,0
8001,1
8002,0
8003,1
8004,0
8005,2
8006,0
8007,3
8008,1
8009,4
8010,0
8011,1
8012,1
8013,0
8014,1
8015,0
8016,0
8017,2
8018,1
8019,1
8020,1
8021,2
8022,2
8023,0
8024,0
8025,1
8026,0
8027,0
8028,0
8029,2
8030,1
8031,1
8032,2
8033,0
8034,1
8035,1
8036,1
8037,1
8038,2
8039,0
8040,2
8041,0
8042,1
8043,0
8044,0
8045,1
8046,0
8047,2
8048,1
8049,1
8050,1
8051,3
8052,2
8053,2
8054,0
8055,1
8056,1
8057,3
8058,1
8059,1
8060,1
8061,4
8062,0
8063,0
8064,1
8065,0
8066,0
8067,2
8068,0
8069,0
8070,2
8071,1
8072,1
8073,1
8074,0
8075,0
8076,1
8077,1
8078,1
8079,3
8080,1
8081,1
8082,2
8083,1
8084,2
8085,0
8086,5
8087,0
8088,0
8089,0
8090,3
8091,0
8092,0
8093,0
8094,1
8095,0
8096,0
8097,0
8098,1
8099,1
8100,2
8101,1
8102,0
8103,0
8104,3
8105,4
8106,0
8107,1
8108,0
8109,1
8110,3
8111,1
8112,0
8113,0
8114,0
8115,0
8116,3
8117,2
8118,2
8119,1
8120,1
8121,1
8122,1
8123,0
8124,1
8125,1
8126,0
8127,0
8128,3
8129,0
8130,2
8131,0
8132,0
8133,2
8134,1
8135,0
8136,0
8137,0
8138,0
8139,3
8140,2
8141,0
8142,0
8143,0
8144,1
8145,1
8146,0
8147,0
8148,2
8149,0
8150,1
8151,0
8152,2
8153,2
8154,2
8155,0
8156,0
8157,3
8158,1
8159,0
8160,2
8161,1
8162,1
8163,0
8164,2
8165,3
8166,2
8167,1
8168,0
8169,2
8170,0
8171,2
8172,0
8173,0
8174,3
8175,0
8176,0
8177,0
8178,1
8179,2
8180,2
8181,1
8182,1
8183,2
8184,1
8185,0
8186,1
8187,0
8188,3
8189,1
8190,3
8191,2
8192,0
8193,3
8194,1
8195,0
8196,3
8197,1
8198,2
8199,1
8200,1
8201,0
8202,1
8203,1
8204,1
8205,5
8206,4
8207,1
8208,2
8209,1
8210,0
8211,0
8212,1
8213,1
8214,0
8215,1
8216,2
8217,0
8218,1
8219,1
8220,2
8221,0
8222,0
8223,1
8224,2
8225,0
8226,0
8227,0
8228,1
8229,1
8230,1
8231,3
8232,2
8233,2
8234,4
8235,2
8236,2
8237,1
8238,2
8239,0
8240,1
8241,4
8242,1
8243,1
8244,2
8245,1
8246,1
8247,1
8248,0
8249,0
8250,1
8251,1
8252,0
8253,0
8254,0
8255,1
8256,0
8257,1
8258,0
8259,1
8260,1
8261,1
8262,3
8263,2
8264,0
8265,4
8266,0
8267,1
8268,0
8269,4
8270,2
8271,0
8272,3
8273,1
8274,0
8275,2
8276,0
8277,4
8278,2
8279,1
8280,0
8281,0
8282,1
8283,1
8284,1
8285,0
8286,4
8287,2
8288,1
8289,2
8290,1
8291,0
8292,1
8293,0
8294,3
8295,0
8296,1
8297,1
8298,0
8299,1
8300,0
8301,0
8302,1
8303,1
8304,0
8305,0
8306,0
8307,0
8308,4
8309,0
8310,0
8311,1
8312,0
8313,3
8314,1
8315,1
8316,0
8317,1
8318,0
8319,2
8320,0
8321,2
8322,1
8323,0
8324,2
8325,4
8326,4
8327,1
8328,1
8329,3
8330,0
8331,1
8332,0
8333,6
8334,1
8335,0
8336,1
8337,1
8338,2
8339,2
8340,0
8341,1
8342,2
8343,1
8344,1
8345,2
8346,2
8347,1
8348,0
8349,0
8350,2
8351,0
8352,3
8353,1
8354,0
8355,0
8356,0
8357,0
8358,0
8359,0
8360,0
8361,2
8362,0
8363,1
8364,2
8365,2
8366,0
8367,0
8368,1
8369,1
8370,2
8371,2
8372,2
8373,2
8374,1
8375,1
8376,0
8377,0
8378,3
8379,0
8380,1
8381,1
8382,2
8383,3
8384,1
8385,0
8386,0
8387,3
8388,0
8389,0
8390,0
8391,5
8392,1
8393,2
8394,2
8395,1
8396,1
8397,1
8398,2
8399,1
8400,3
8401,0
8402,0
8403,1
8404,1
8405,0
8406,0
8407,1
8408,2
8409,0
8410,0
8411,3
8412,3
8413,0
8414,3
8415,2
8416,0
8417,2
8418,3
8419,2
8420,0
8421,3
8422,0
8423,1
8424,0
8425,0
8426,1
8427,1
8428,0
8429,1
8430,1
8431,0
8432,1
8433,1
8434,1
8435,0
8436,0
8437,1
8438,2
8439,1
8440,0
8441,0
8442,0
8443,3
8444,2
8445,1
8446,1
8447,0
8448,4
8449,1
8450,0
8451,0
8452,2
8453,1
8454,1
8455,1
8456,2
8457,1
8458,0
8459,1
8460,1
8461,0
8462,0
8463,0
8464,1
8465,1
8466,1
8467,3
8468,0
8469,0
8470,0
8471,1
8472,2
8473,2
8474,2
8475,0
8476,0
8477,3
8478,1
8479,2
8480,2
8481,1
8482,1
8483,1
8484,1
8485,1
8486,0
8487,3
8488,2
8489,0
8490,1
8491,0
8492,1
8493,0
8494,1
8495,0
8496,0
8497,1
8498,0
8499,0
8500,1
8501,0
8502,3
8503,4
8504,1
8505,0
8506,0
8507,1
8508,1
8509,1
8510,2
8511,0
8512,1
8513,4
8514,2
8515,1
8516,0
8517,1
8518,1
8519,0
8520,1
8521,1
8522,1
8523,0
8524,0
8525,1
8526,0
8527,3
8528,3
8529,1
8530,0
8531,0
8532,2
8533,0
8534,1
8535,0
8536,0
8537,1
8538,1
8539,1
8540,1
8541,2
8542,2
8543,0
8544,1
8545,0
8546,0
8547,1
8548,1
8549,2
8550,3
8551,0
8552,1
8553,1
8554,1
8555,0
8556,0
8557,4
8558,1
8559,2
8560,2
8561,1
8562,2
8563,2
8564,2
8565,1
8566,2
8567,1
8568,2
8569,0
8570,1
8571,0
8572,0
8573,3
8574,1
8575,1
8576,0
8577,1
8578,2
8579,1
8580,1
8581,1
8582,0
8583,1
8584,2
8585,0
8586,1
8587,2
8588,2
8589,0
8590,0
8591,0
8592,2
8593,0
8594,3
8595,3
8596,0
8597,2
8598,0
8599,1
8600,2
8601,0
8602,1
8603,1
8604,1
8605,1
8606,0
8607,1
8608,1
8609,4
8610,1
8611,1
8612,1
8613,3
8614,0
8615,1
8616,3
8617,2
8618,2
8619,1
8620,0
8621,0
8622,0
8623,3
8624,1
8625,1
8626,1
8627,2
8628,3
8629,0
8630,0
8631,0
8632,0
8633,1
8634,3
8635,2
8636,3
8637,0
8638,0
8639,2
8640,0
8641,1
8642,1
8643,1
8644,3
8645,1
8646,3
8647,0
8648,0
8649,3
8650,0
8651,0
8652,3
8653,0
8654,0
8655,0
8656,1
8657,2
8658,0
8659,0
8660,1
8661,1
8662,0
8663,1
8664,1
8665,0
8666,0
8667,1
8668,0
8669,1
8670,3
8671,5
8672,0
8673,0
8674,0
8675,0
8676,0
8677,2
8678,0
8679,0
8680,1
8681,1
8682,3
8683,0
8684,0
8685,0
8686,1
8687,0
8688,0
8689,1
8690,2
8691,2
8692,0
8693,1
8694,0
8695,2
8696,1
8697,0
8698,1
8699,0
8700,0
8701,1
8702,2
8703,3
8704,0
8705,2
8706,1
8707,0
8708,5
8709,0
8710,1
8711,1
8712,0
8713,0
8714,1
8715,1
8716,0
8717,0
8718,1
8719,1
8720,0
8721,0
8722,3
8723,0
8724,4
8725,1
8726,1
8727,0
8728,0
8729,1
8730,1
8731,1
8732,0
8733,0
8734,2
8735,0
8736,1
8737,1
8738,1
8739,1
8740,1
8741,1
8742,3
8743,4
8744,0
8745,1
8746,0
8747,2
8748,0
8749,0
8750,0
8751,2
8752,3
8753,2
8754,1
8755,1
8756,0
8757,3
8758,3
8759,2
8760,3
8761,0
8762,1
8763,2
8764,2
8765,1
8766,1
8767,0
8768,1
8769,1
8770,3
8771,0
8772,0
8773,2
8774,0
8775,0
8776,4
8777,0
8778,0
8779,2
8780,0
8781,0
8782,1
8783,1
8784,0
8785,0
8786,2
8787,2
8788,1
8789,1
8790,1
8791,1
8792,0
8793,1
8794,1
8795,1
8796,1
8797,1
8798,1
8799,1
8800,1
8801,0
8802,0
8803,1
8804,0
8805,0
8806,2
8807,5
8808,0
8809,0
8810,1
8811,1
8812,1
8813,2
8814,0
8815,1
8816,1
8817,1
8818,0
8819,2
8820,1
8821,0
8822,0
8823,0
8824,2
8825,0
8826,0
8827,1
8828,0
8829,0
8830,0
8831,0
8832,3
8833,2
8834,0
8835,1
8836,1
8837,1
8838,1
8839,0
8840,3
8841,1
8842,1
8843,2
8844,1
8845,1
8846,4
8847,2
8848,5
8849,0
8850,1
8851,0
8852,2
8853,0
8854,2
8855,1
8856,0
8857,4
8858,1
8859,1
8860,0
8861,0
8862,1
8863,3
8864,0
8865,0
8866,0
8867,1
8868,3
8869,1
8870,0
8871,1
8872,0
8873,1
8874,2
8875,0
8876,2
8877,2
8878,0
8879,0
8880,0
8881,0
8882,0
8883,0
8884,2
8885,2
8886,0
8887,2
8888,4
8889,2
8890,2
8891,1
8892,1
8893,1
8894,2
8895,1
8896,1
8897,1
8898,0
8899,2
8900,1
8901,0
8902,0
8903,2
8904,1
8905,3
8906,1
8907,0
8908,1
8909,0
8910,0
8911,2
8912,1
8913,1
8914,2
8915,0
8916,3
8917,0
8918,0
8919,1
8920,1
8921,1
8922,0
8923,1
8924,1
8925,3
8926,2
8927,0
8928,2
8929,3
8930,0
8931,1
8932,0
8933,2
8934,0
8935,0
8936,2
8937,2
8938,1
8939,0
8940,2
8941,2
8942,3
8943,0
8944,2
8945,2
8946,2
8947,2
8948,1
8949,2
8950,1
8951,1
8952,1
8953,0
8954,0
8955,0
8956,1
8957,0
8958,1
8959,3
8960,0
8961,1
8962,2
8963,2
8964,3
8965,1
8966,0
8967,2
8968,0
8969,4
8970,1
8971,5
8972,0
8973,1
8974,0
8975,0
8976,2
8977,0
8978,0
8979,2
8980,1
8981,1
8982,0
8983,0
8984,2
8985,3
8986,1
8987,2
8988,0
8989,0
8990,4
8991,1
8992,1
8993,1
8994,0
8995,1
8996,2
8997,1
8998,0
8999,2
9000,1
9001,1
9002,0
9003,0
9004,0
9005,0
9006,2
9007,1
9008,1
9009,1
9010,2
9011,1
9012,0
9013,1
9014,1
9015,0
9016,1
9017,0
9018,1
9019,1
9020,0
9021,1
9022,0
9023,4
9024,0
9025,1
9026,0
9027,2
9028,0
9029,0
9030,1
9031,1
9032,0
9033,1
9034,3
9035,1
9036,0
9037,0
9038,1
9039,1
9040,2
9041,1
9042,1
9043,0
9044,1
9045,2
9046,3
9047,1
9048,3
9049,0
9050,0
9051,2
9052,2
9053,0
9054,3
9055,2
9056,0
9057,0
9058,0
9059,1
9060,0
9061,1
9062,0
9063,0
9064,0
9065,0
9066,1
9067,0
9068,0
9069,0
9070,1
9071,2
9072,0
9073,0
9074,1
9075,0
9076,2
9077,1
9078,1
9079,3
9080,2
9081,1
9082,0
9083,0
9084,0
9085,2
9086,0
9087,0
9088,0
9089,2
9090,0
9091,0
9092,4
9093,0
9094,1
9095,0
9096,1
9097,0
9098,0
9099,4
9100,1
9101,1
9102,2
9103,1
9104,1
9105,1
9106,1
9107,3
9108,0
9109,1
9110,2
9111,1
9112,2
9113,1
9114,1
9115,1
9116,2
9117,0
9118,0
9119,2
9120,0
9121,0
9122,1
9123,4
9124,1
9125,0
9126,0
9127,0
9128,0
9129,0
9130,0
9131,0
9132,0
9133,1
9134,0
9135,0
9136,0
9137,1
9138,0
9139,0
9140,2
9141,0
9142,0
9143,0
9144,3
9145,0
9146,1
9147,1
9148,2
9149,0
9150,1
9151,1
9152,1
9153,0
9154,3
9155,0
9156,3
9157,1
9158,0
9159,2
9160,2
9161,0
9162,3
9163,2
9164,3
9165,0
9166,0
9167,2
9168,0
9169,1
9170,0
9171,1
9172,1
9173,1
9174,2
9175,1
9176,0
9177,0
9178,0
9179,2
9180,1
9181,0
9182,1
9183,2
9184,1
9185,5
9186,1
9187,1
9188,0
9189,2
9190,1
9191,1
9192,1
9193,0
9194,2
9195,1
9196,0
9197,1
9198,2
9199,1
9200,4
9201,3
9202,1
9203,1
9204,1
9205,1
9206,0
9207,0
9208,1
9209,0
9210,1
9211,0
9212,0
9213,1
9214,2
9215,2
9216,0
9217,1
9218,2
9219,1
9220,1
9221,0
9222,1
9223,0
9224,0
9225,0
9226,2
9227,0
9228,1
9229,0
9230,2
9231,0
9232,0
9233,2
9234,0
9235,1
9236,0
9237,0
9238,3
9239,1
9240,2
9241,2
9242,2
9243,2
9244,0
9245,0
9246,0
9247,1
9248,0
9249,1
9250,0
9251,0
9252,0
9253,0
9254,0
9255,0
9256,0
9257,0
9258,0
9259,0
9260,3
9261,0
9262,1
9263,2
9264,0
9265,0
9266,0
9267,0
9268,1
9269,2
9270,0
9271,0
9272,0
9273,1
9274,2
9275,0
9276,2
9277,0
9278,4
9279,0
9280,0
9281,1
9282,0
9283,0
9284,0
9285,4
9286,0
9287,2
9288,0
9289,0
9290,1
9291,1
9292,1
9293,0
9294,2
9295,1
9296,1
9297,1
9298,0
9299,0
9300,0
9301,1
9302,1
9303,1
9304,2
9305,0
9306,0
9307,1
9308,1
9309,2
9310,0
9311,0
9312,2
9313,1
9314,2
9315,0
9316,2
9317,1
9318,0
9319,1
9320,0
9321,0
9322,1
9323,0
9324,0
9325,4
9326,1
9327,2
9328,0
9329,0
9330,0
9331,0
9332,4
9333,3
9334,1
9335,0
9336,0
9337,2
9338,1
9339,1
9340,3
9341,2
9342,0
9343,0
9344,1
9345,2
9346,0
9347,2
9348,0
9349,0
9350,1
9351,1
9352,0
9353,0
9354,1
9355,2
9356,1
9357,2
9358,1
9359,2
9360,1
9361,1
9362,1
9363,0
9364,2
9365,0
9366,0
9367,1
9368,1
9369,1
9370,0
9371,2
9372,1
9373,1
9374,0
9375,2
9376,4
9377,3
9378,1
9379,0
9380,0
9381,0
9382,0
9383,2
9384,2
9385,0
9386,1
9387,1
9388,2
9389,1
9390,2
9391,1
9392,0
9393,2
9394,1
9395,0
9396,1
9397,1
9398,1
9399,2
9400,1
9401,3
9402,1
9403,2
9404,4
9405,0
9406,0
9407,2
9408,1
9409,1
9410,0
9411,0
9412,1
9413,2
9414,0
9415,2
9416,1
9417,0
9418,2
9419,0
9420,2
9421,0
9422,2
9423,0
9424,1
9425,2
9426,1
9427,1
9428,0
9429,0
9430,0
9431,0
9432,2
9433,0
9434,1
9435,1
9436,2
9437,1
9438,0
9439,1
9440,1
9441,2
9442,1
9443,1
9444,0
9445,1
9446,1
9447,1
9448,2
9449,4
9450,1
9451,0
9452,1
9453,2
9454,0
9455,1
9456,1
9457,1
9458,2
9459,1
9460,0
9461,0
9462,0
9463,1
9464,3
9465,1
9466,0
9467,2
9468,0
9469,3
9470,0
9471,0
9472,2
9473,0
9474,1
9475,3
9476,3
9477,1
9478,1
9479,0
9480,1
9481,1
9482,0
9483,1
9484,1
9485,0
9486,2
9487,1
9488,1
9489,0
9490,0
9491,0
9492,1
9493,1
9494,1
9495,0
9496,0
9497,1
9498,0
9499,0
9500,1
9501,1
9502,1
9503,2
9504,2
9505,1
9506,2
9507,2
9508,0
9509,1
9510,0
9511,2
9512,1
9513,1
9514,3
9515,1
9516,1
9517,2
9518,0
9519,2
9520,2
9521,0
9522,0
9523,0
9524,1
9525,1
9526,0
9527,1
9528,1
9529,0
9530,0
9531,3
9532,1
9533,2
9534,2
9535,1
9536,2
9537,0
9538,0
9539,0
9540,2
9541,0
9542,2
9543,0
9544,1
9545,0
9546,1
9547,0
9548,1
9549,3
9550,1
9551,1
9552,0
9553,1
9554,1
9555,1
9556,0
9557,0
9558,1
9559,1
9560,0
9561,1
9562,3
9563,0
9564,2
9565,0
9566,0
9567,0
9568,1
9569,0
9570,1
9571,1
9572,1
9573,0
9574,0
9575,1
9576,1
9577,0
9578,3
9579,0
9580,0
9581,0
9582,1
9583,0
9584,0
9585,1
9586,2
9587,2
9588,0
9589,0
9590,0
9591,2
9592,0
9593,0
9594,0
9595,0
9596,2
9597,1
9598,2
9599,0
9600,1
9601,1
9602,0
9603,0
9604,0
9605,2
9606,1
9607,1
9608,1
9609,2
9610,2
9611,0
9612,1
9613,2
9614,0
9615,0
9616,2
9617,1
9618,2
9619,0
9620,3
9621,1
9622,3
9623,0
9624,2
9625,1
9626,0
9627,4
9628,3
9629,2
9630,1
9631,1
9632,3
9633,2
9634,0
9635,1
9636,0
9637,1
9638,2
9639,1
9640,0
9641,1
9642,0
9643,0
9644,1
9645,1
9646,0
9647,0
9648,1
9649,1
9650,2
9651,0
9652,1
9653,1
9654,3
9655,1
9656,1
9657,2
9658,0
9659,1
9660,0
9661,0
9662,2
9663,0
9664,0
9665,1
9666,1
9667,0
9668,0
9669,2
9670,2
9671,0
9672,0
9673,0
9674,1
9675,0
9676,1
9677,1
9678,2
9679,1
9680,1
9681,0
9682,1
9683,0
9684,0
9685,0
9686,0
9687,3
9688,1
9689,3
9690,0
9691,2
9692,4
9693,2
9694,1
9695,1
9696,2
9697,1
9698,1
9699,0
9700,0
9701,0
9702,3
9703,0
9704,0
9705,0
9706,0
9707,1
9708,0
9709,0
9710,2
9711,1
9712,0
9713,0
9714,0
9715,3
9716,1
9717,3
9718,1
9719,0
9720,0
9721,0
9722,0
9723,2
9724,0
9725,3
9726,1
9727,0
9728,3
9729,1
9730,1
9731,4
9732,1
9733,1
9734,1
9735,0
9736,0
9737,3
9738,0
9739,0
9740,0
9741,0
9742,1
9743,2
9744,0
9745,2
9746,0
9747,1
9748,3
9749,1
9750,1
9751,1
9752,0
9753,1
9754,1
9755,0
9756,0
9757,1
9758,1
9759,2
9760,2
9761,3
9762,2
9763,3
9764,0
9765,1
9766,1
9767,0
9768,2
9769,0
9770,0
9771,3
9772,0
9773,2
9774,1
9775,1
9776,3
9777,2
9778,1
9779,0
9780,3
9781,1
9782,1
9783,3
9784,2
9785,1
9786,1
9787,3
9788,0
9789,0
9790,0
9791,1
9792,0
9793,1
9794,1
9795,1
9796,3
9797,5
9798,0
9799,0
9800,3
9801,0
9802,0
9803,0
9804,0
9805,1
9806,1
9807,2
9808,1
9809,1
9810,1
9811,1
9812,0
9813,2
9814,0
9815,0
9816,1
9817,0
9818,1
9819,0
9820,3
9821,0
9822,0
9823,2
9824,2
9825,1
9826,0
9827,1
9828,2
9829,0
9830,2
9831,1
9832,2
9833,1
9834,0
9835,0
9836,3
9837,0
9838,3
9839,3
9840,1
9841,0
9842,1
9843,1
9844,0
9845,0
9846,3
9847,0
9848,3
9849,3
9850,0
9851,2
9852,1
9853,1
9854,1
9855,1
9856,2
9857,1
9858,4
9859,1
9860,0
9861,3
9862,0
9863,0
9864,2
9865,1
9866,2
9867,0
9868,4
9869,0
9870,0
9871,1
9872,2
9873,2
9874,4
9875,3
9876,0
9877,0
9878,2
9879,1
9880,3
9881,2
9882,0
9883,0
9884,3
9885,0
9886,1
9887,3
9888,1
9889,0
9890,3
9891,2
9892,0
9893,0
9894,1
9895,0
9896,0
9897,2
9898,1
9899,2
9900,1
9901,0
9902,2
9903,1
9904,2
9905,0
9906,1
9907,0
9908,0
9909,1
9910,1
9911,0
9912,0
9913,0
9914,1
9915,2
9916,2
9917,0
9918,1
9919,1
9920,2
9921,0
9922,0
9923,1
9924,0
9925,1
9926,1
9927,1
9928,1
9929,2
9930,3
9931,2
9932,0
9933,0
9934,3
9935,2
9936,0
9937,0
9938,3
9939,1
9940,0
9941,0
9942,0
9943,1
9944,2
9945,1
9946,2
9947,0
9948,0
9949,1
9950,0
9951,0
9952,2
9953,0
9954,0
9955,0
9956,1
9957,1
9958,2
9959,1
9960,0
9961,1
9962,2
9963,1
9964,0
9965,1
9966,1
9967,0
9968,1
9969,0
9970,2
9971,2
9972,2
9973,0
9974,1
9975,1
9976,2
9977,1
9978,1
9979,1
9980,1
9981,1
9982,0
9983,1
9984,1
9985,0
9986,1
9987,1
9988,2
9989,1
9990,1
9991,1
9992,2
9993,1
9994,0
9995,1
9996,0
9997,0
9998,2
9999,1
