0,28
1,107
2,84
3,182
4,33
5,0
6,0
7,0
8,0
9,0
10,24
11,35
12,55
13,29
14,16
15,0
16,0
17,99
18,71
19,5
20,0
21,7
22,50
23,49
24,0
25,0
26,5
27,0
28,60
29,14
30,34
31,15
32,7
33,0
34,0
35,0
36,23
37,0
38,6
39,0
40,0
41,3
42,0
43,26
44,15
45,62
46,0
47,0
48,9
49,58
50,0
51,0
52,10
53,47
54,0
55,6
56,5
57,40
58,12
59,12
60,32
61,18
62,34
63,0
64,4
65,6
66,7
67,19
68,0
69,25
70,41
71,8
72,36
73,11
74,3
75,26
76,38
77,3
78,0
79,7
80,0
81,18
82,7
83,5
84,9
85,0
86,19
87,38
88,0
89,2
90,11
91,0
92,8
93,0
94,4
95,0
96,26
97,0
98,33
99,11
100,14
101,4
102,1
103,4
104,0
105,0
106,0
107,21
108,10
109,15
110,26
111,32
112,13
113,1
114,0
115,0
116,17
117,16
118,6
119,22
120,0
121,0
122,13
123,1
124,0
125,11
126,38
127,0
128,0
129,0
130,4
131,20
132,0
133,0
134,0
135,3
136,22
137,3
138,0
139,0
140,2
141,6
142,0
143,0
144,12
145,6
146,0
147,3
148,0
149,5
150,0
151,0
152,0
153,43
154,2
155,0
156,6
157,3
158,0
159,3
160,0
161,33
162,0
163,7
164,22
165,0
166,10
167,1
168,0
169,6
170,0
171,15
172,0
173,0
174,5
175,0
176,9
177,7
178,1
179,2
180,24
181,1
182,0
183,0
184,1
185,0
186,2
187,10
188,6
189,11
190,0
191,1
192,10
193,4
194,4
195,3
196,6
197,2
198,4
199,21
200,15
201,0
202,1
203,0
204,20
205,0
206,5
207,0
208,15
209,0
210,6
211,11
212,1
213,1
214,22
215,23
216,0
217,7
218,10
219,0
220,13
221,35
222,0
223,32
224,10
225,17
226,41
227,0
228,0
229,0
230,2
231,4
232,63
233,2
234,6
235,0
236,21
237,0
238,9
239,0
240,0
241,17
242,0
243,11
244,9
245,0
246,1
247,11
248,0
249,1
250,0
251,19
252,2
253,0
254,0
255,12
256,4
257,8
258,30
259,0
260,1
261,0
262,33
263,13
264,0
265,0
266,1
267,0
268,11
269,0
270,0
271,0
272,34
273,7
274,6
275,12
276,15
277,2
278,0
279,14
280,0
281,0
282,11
283,0
284,3
285,5
286,1
287,3
288,0
289,24
290,12
291,0
292,0
293,0
294,0
295,7
296,9
297,5
298,18
299,0
300,1
301,12
302,1
303,2
304,7
305,3
306,0
307,1
308,6
309,0
310,4
311,5
312,0
313,12
314,8
315,4
316,3
317,12
318,0
319,2
320,0
321,24
322,0
323,14
324,1
325,7
326,17
327,24
328,0
329,0
330,9
331,23
332,0
333,0
334,5
335,0
336,8
337,0
338,0
339,1
340,33
341,0
342,4
343,0
344,0
345,14
346,4
347,3
348,5
349,0
350,5
351,0
352,2
353,0
354,0
355,0
356,19
357,0
358,0
359,12
360,0
361,4
362,8
363,10
364,8
365,1
366,0
367,40
368,0
369,7
370,1
371,21
372,1
373,25
374,1
375,17
376,0
377,4
378,10
379,21
380,0
381,14
382,11
383,1
384,4
385,3
386,0
387,1
388,26
389,0
390,11
391,0
392,1
393,64
394,3
395,10
396,11
397,1
398,0
399,0
400,17
401,8
402,11
403,1
404,12
405,10
406,3
407,0
408,0
409,4
410,21
411,10
412,15
413,2
414,0
415,3
416,3
417,0
418,0
419,0
420,7
421,8
422,2
423,0
424,0
425,9
426,2
427,0
428,5
429,10
430,0
431,3
432,11
433,0
434,0
435,0
436,23
437,0
438,7
439,13
440,2
441,21
442,0
443,6
444,8
445,0
446,9
447,5
448,3
449,7
450,1
451,3
452,37
453,0
454,8
455,4
456,8
457,0
458,2
459,7
460,0
461,5
462,5
463,0
464,13
465,4
466,0
467,3
468,0
469,7
470,0
471,5
472,1
473,12
474,6
475,6
476,4
477,2
478,11
479,8
480,17
481,9
482,0
483,2
484,7
485,4
486,0
487,5
488,21
489,1
490,4
491,1
492,0
493,12
494,0
495,4
496,19
497,12
498,0
499,0
500,0
501,0
502,0
503,4
504,9
505,5
506,7
507,0
508,0
509,19
510,0
511,1
512,0
513,1
514,2
515,0
516,6
517,14
518,0
519,0
520,3
521,6
522,2
523,17
524,0
525,6
526,6
527,2
528,5
529,8
530,0
531,10
532,10
533,0
534,4
535,2
536,6
537,0
538,5
539,12
540,0
541,2
542,3
543,12
544,2
545,8
546,0
547,2
548,10
549,0
550,15
551,3
552,11
553,1
554,5
555,0
556,6
557,9
558,3
559,12
560,4
561,0
562,0
563,19
564,7
565,0
566,0
567,0
568,1
569,0
570,0
571,11
572,5
573,3
574,0
575,4
576,0
577,22
578,11
579,1
580,9
581,10
582,0
583,11
584,6
585,1
586,1
587,2
588,6
589,2
590,2
591,1
592,3
593,29
594,6
595,4
596,6
597,0
598,0
599,0
600,0
601,3
602,4
603,0
604,3
605,0
606,0
607,24
608,0
609,5
610,2
611,4
612,0
613,5
614,0
615,11
616,3
617,0
618,0
619,3
620,0
621,10
622,0
623,14
624,1
625,9
626,11
627,7
628,1
629,4
630,0
631,3
632,0
633,0
634,0
635,15
636,3
637,0
638,1
639,0
640,0
641,3
642,6
643,3
644,17
645,2
646,13
647,0
648,18
649,23
650,0
651,1
652,0
653,0
654,10
655,2
656,19
657,11
658,1
659,17
660,0
661,7
662,0
663,0
664,2
665,13
666,0
667,51
668,0
669,1
670,4
671,9
672,0
673,5
674,3
675,10
676,0
677,0
678,0
679,2
680,3
681,10
682,1
683,7
684,4
685,0
686,8
687,0
688,0
689,0
690,11
691,4
692,5
693,1
694,0
695,0
696,10
697,0
698,6
699,0
700,0
701,2
702,4
703,6
704,4
705,3
706,0
707,15
708,5
709,0
710,3
711,4
712,9
713,1
714,3
715,5
716,0
717,14
718,2
719,3
720,1
721,1
722,11
723,1
724,2
725,2
726,6
727,3
728,0
729,0
730,12
731,0
732,0
733,7
734,0
735,2
736,13
737,2
738,0
739,0
740,5
741,6
742,2
743,14
744,0
745,1
746,2
747,0
748,0
749,0
750,10
751,2
752,0
753,0
754,33
755,6
756,0
757,1
758,0
759,0
760,2
761,0
762,1
763,16
764,1
765,0
766,12
767,0
768,10
769,0
770,0
771,1
772,6
773,17
774,14
775,2
776,0
777,3
778,7
779,0
780,7
781,4
782,0
783,11
784,0
785,9
786,2
787,0
788,2
789,1
790,6
791,0
792,7
793,25
794,2
795,0
796,14
797,6
798,3
799,0
800,9
801,2
802,0
803,0
804,5
805,0
806,2
807,17
808,0
809,1
810,4
811,0
812,0
813,0
814,1
815,5
816,7
817,0
818,22
819,13
820,0
821,0
822,0
823,19
824,4
825,3
826,0
827,2
828,20
829,0
830,0
831,6
832,9
833,11
834,0
835,0
836,13
837,2
838,3
839,10
840,8
841,7
842,0
843,3
844,4
845,2
846,4
847,0
848,0
849,16
850,0
851,4
852,0
853,0
854,3
855,3
856,8
857,18
858,0
859,9
860,7
861,4
862,0
863,0
864,0
865,0
866,9
867,3
868,0
869,3
870,0
871,3
872,1
873,0
874,12
875,1
876,5
877,4
878,6
879,5
880,11
881,0
882,16
883,0
884,5
885,0
886,9
887,0
888,0
889,0
890,6
891,2
892,1
893,11
894,12
895,0
896,0
897,0
898,0
899,2
900,2
901,2
902,0
903,0
904,1
905,5
906,3
907,1
908,21
909,3
910,2
911,0
912,3
913,23
914,6
915,2
916,7
917,0
918,2
919,1
920,6
921,1
922,3
923,4
924,2
925,9
926,2
927,0
928,1
929,3
930,11
931,2
932,2
933,0
934,5
935,0
936,0
937,0
938,0
939,0
940,0
941,8
942,1
943,3
944,1
945,3
946,1
947,2
948,0
949,0
950,3
951,0
952,0
953,3
954,2
955,0
956,1
957,6
958,7
959,1
960,1
961,2
962,0
963,3
964,3
965,3
966,2
967,0
968,1
969,0
970,0
971,10
972,4
973,2
974,4
975,12
976,5
977,0
978,0
979,0
980,5
981,1
982,1
983,11
984,22
985,0
986,2
987,0
988,3
989,5
990,0
991,1
992,1
993,2
994,1
995,5
996,2
997,1
998,7
999,2
1000,4
1001,2
1002,6
1003,2
1004,2
1005,0
1006,1
1007,2
1008,3
1009,1
1010,0
1011,0
1012,1
1013,0
1014,5
1015,1
1016,12
1017,0
1018,0
1019,9
1020,8
1021,4
1022,0
1023,4
1024,2
1025,0
1026,5
1027,2
1028,6
1029,9
1030,7
1031,3
1032,4
1033,11
1034,0
1035,4
1036,0
1037,1
1038,3
1039,5
1040,0
1041,2
1042,0
1043,4
1044,2
1045,1
1046,0
1047,2
1048,0
1049,13
1050,8
1051,2
1052,0
1053,8
1054,4
1055,2
1056,1
1057,6
1058,3
1059,2
1060,6
1061,13
1062,7
1063,5
1064,2
1065,2
1066,4
1067,1
1068,0
1069,3
1070,1
1071,0
1072,4
1073,0
1074,2
1075,7
1076,0
1077,5
1078,0
1079,0
1080,0
1081,2
1082,13
1083,2
1084,4
1085,0
1086,18
1087,7
1088,0
1089,0
1090,4
1091,5
1092,16
1093,3
1094,8
1095,0
1096,3
1097,3
1098,6
1099,0
1100,5
1101,7
1102,3
1103,0
1104,3
1105,2
1106,8
1107,4
1108,0
1109,0
1110,0
1111,11
1112,0
1113,0
1114,5
1115,2
1116,3
1117,3
1118,12
1119,2
1120,3
1121,2
1122,1
1123,4
1124,2
1125,0
1126,3
1127,0
1128,0
1129,15
1130,0
1131,0
1132,2
1133,8
1134,2
1135,0
1136,9
1137,4
1138,2
1139,2
1140,3
1141,0
1142,0
1143,0
1144,3
1145,0
1146,0
1147,1
1148,0
1149,0
1150,0
1151,1
1152,2
1153,1
1154,4
1155,4
1156,7
1157,0
1158,7
1159,2
1160,2
1161,0
1162,2
1163,1
1164,4
1165,6
1166,3
1167,0
1168,1
1169,0
1170,2
1171,3
1172,1
1173,9
1174,7
1175,0
1176,0
1177,0
1178,0
1179,0
1180,3
1181,3
1182,2
1183,8
1184,0
1185,0
1186,8
1187,2
1188,4
1189,5
1190,0
1191,6
1192,3
1193,0
1194,0
1195,0
1196,0
1197,0
1198,0
1199,3
1200,1
1201,3
1202,0
1203,1
1204,0
1205,5
1206,6
1207,1
1208,1
1209,2
1210,11
1211,1
1212,0
1213,1
1214,0
1215,0
1216,0
1217,0
1218,13
1219,4
1220,4
1221,4
1222,2
1223,0
1224,0
1225,9
1226,2
1227,4
1228,7
1229,3
1230,1
1231,1
1232,0
1233,2
1234,1
1235,0
1236,2
1237,6
1238,3
1239,0
1240,9
1241,0
1242,2
1243,2
1244,22
1245,0
1246,11
1247,1
1248,0
1249,0
1250,0
1251,0
1252,5
1253,0
1254,3
1255,3
1256,2
1257,7
1258,1
1259,6
1260,1
1261,7
1262,1
1263,3
1264,0
1265,0
1266,5
1267,5
1268,0
1269,2
1270,8
1271,0
1272,1
1273,0
1274,1
1275,11
1276,1
1277,1
1278,0
1279,0
1280,9
1281,8
1282,2
1283,6
1284,1
1285,1
1286,5
1287,0
1288,0
1289,4
1290,5
1291,4
1292,0
1293,2
1294,0
1295,6
1296,0
1297,5
1298,5
1299,1
1300,4
1301,5
1302,3
1303,1
1304,0
1305,1
1306,4
1307,8
1308,0
1309,4
1310,0
1311,1
1312,0
1313,1
1314,1
1315,5
1316,2
1317,2
1318,1
1319,1
1320,1
1321,0
1322,1
1323,0
1324,0
1325,1
1326,9
1327,15
1328,4
1329,2
1330,0
1331,9
1332,9
1333,0
1334,0
1335,1
1336,4
1337,1
1338,0
1339,0
1340,10
1341,2
1342,7
1343,0
1344,4
1345,0
1346,1
1347,7
1348,0
1349,1
1350,2
1351,0
1352,5
1353,1
1354,3
1355,11
1356,0
1357,3
1358,1
1359,0
1360,7
1361,4
1362,3
1363,0
1364,7
1365,1
1366,1
1367,5
1368,0
1369,1
1370,7
1371,0
1372,7
1373,0
1374,0
1375,3
1376,0
1377,4
1378,3
1379,0
1380,2
1381,6
1382,4
1383,11
1384,5
1385,0
1386,3
1387,5
1388,0
1389,8
1390,1
1391,5
1392,4
1393,1
1394,2
1395,1
1396,0
1397,0
1398,0
1399,1
1400,4
1401,2
1402,6
1403,1
1404,0
1405,0
1406,2
1407,5
1408,7
1409,0
1410,0
1411,1
1412,1
1413,1
1414,3
1415,8
1416,0
1417,0
1418,0
1419,1
1420,7
1421,0
1422,5
1423,8
1424,13
1425,6
1426,9
1427,0
1428,0
1429,3
1430,0
1431,4
1432,6
1433,0
1434,1
1435,1
1436,0
1437,0
1438,4
1439,4
1440,5
1441,5
1442,0
1443,7
1444,6
1445,0
1446,7
1447,1
1448,5
1449,0
1450,0
1451,1
1452,9
1453,11
1454,0
1455,0
1456,0
1457,1
1458,0
1459,5
1460,0
1461,3
1462,9
1463,2
1464,5
1465,1
1466,4
1467,3
1468,1
1469,0
1470,0
1471,0
1472,5
1473,2
1474,0
1475,2
1476,5
1477,2
1478,1
1479,3
1480,1
1481,8
1482,5
1483,8
1484,5
1485,5
1486,11
1487,3
1488,12
1489,4
1490,4
1491,5
1492,12
1493,3
1494,0
1495,0
1496,6
1497,0
1498,0
1499,0
1500,8
1501,5
1502,6
1503,8
1504,2
1505,0
1506,4
1507,1
1508,0
1509,0
1510,0
1511,1
1512,0
1513,1
1514,0
1515,8
1516,0
1517,0
1518,2
1519,0
1520,0
1521,2
1522,6
1523,4
1524,2
1525,0
1526,1
1527,0
1528,0
1529,0
1530,5
1531,0
1532,2
1533,1
1534,1
1535,1
1536,0
1537,1
1538,1
1539,0
1540,5
1541,7
1542,4
1543,5
1544,2
1545,0
1546,1
1547,0
1548,2
1549,0
1550,2
1551,0
1552,5
1553,2
1554,8
1555,1
1556,4
1557,0
1558,0
1559,12
1560,5
1561,4
1562,5
1563,4
1564,1
1565,5
1566,0
1567,0
1568,0
1569,1
1570,3
1571,10
1572,3
1573,0
1574,5
1575,0
1576,0
1577,3
1578,2
1579,3
1580,0
1581,10
1582,3
1583,3
1584,0
1585,2
1586,1
1587,3
1588,7
1589,6
1590,3
1591,2
1592,0
1593,1
1594,0
1595,0
1596,0
1597,0
1598,0
1599,2
1600,0
1601,7
1602,0
1603,0
1604,0
1605,2
1606,0
1607,0
1608,1
1609,0
1610,0
1611,10
1612,0
1613,0
1614,0
1615,1
1616,6
1617,13
1618,2
1619,6
1620,0
1621,2
1622,0
1623,2
1624,7
1625,0
1626,0
1627,0
1628,0
1629,0
1630,0
1631,0
1632,1
1633,0
1634,1
1635,6
1636,0
1637,0
1638,2
1639,9
1640,0
1641,0
1642,10
1643,0
1644,8
1645,0
1646,1
1647,0
1648,0
1649,7
1650,0
1651,1
1652,3
1653,14
1654,1
1655,0
1656,2
1657,8
1658,2
1659,0
1660,4
1661,0
1662,6
1663,1
1664,0
1665,2
1666,1
1667,1
1668,2
1669,0
1670,4
1671,0
1672,7
1673,0
1674,0
1675,6
1676,10
1677,3
1678,1
1679,3
1680,0
1681,6
1682,9
1683,0
1684,3
1685,1
1686,0
1687,4
1688,0
1689,2
1690,7
1691,0
1692,4
1693,0
1694,1
1695,5
1696,5
1697,0
1698,0
1699,1
1700,1
1701,5
1702,8
1703,3
1704,3
1705,0
1706,0
1707,0
1708,9
1709,0
1710,2
1711,5
1712,3
1713,0
1714,5
1715,6
1716,1
1717,1
1718,2
1719,8
1720,4
1721,4
1722,2
1723,4
1724,0
1725,0
1726,1
1727,11
1728,3
1729,1
1730,8
1731,3
1732,6
1733,0
1734,0
1735,8
1736,3
1737,1
1738,0
1739,0
1740,1
1741,0
1742,0
1743,2
1744,1
1745,0
1746,0
1747,0
1748,2
1749,1
1750,0
1751,0
1752,0
1753,7
1754,0
1755,0
1756,0
1757,5
1758,2
1759,1
1760,0
1761,0
1762,10
1763,3
1764,6
1765,0
1766,3
1767,0
1768,6
1769,1
1770,6
1771,3
1772,5
1773,4
1774,5
1775,0
1776,1
1777,2
1778,0
1779,0
1780,8
1781,1
1782,1
1783,1
1784,2
1785,1
1786,5
1787,0
1788,5
1789,3
1790,3
1791,1
1792,6
1793,9
1794,3
1795,2
1796,3
1797,2
1798,0
1799,0
1800,3
1801,3
1802,0
1803,0
1804,1
1805,0
1806,3
1807,7
1808,0
1809,1
1810,7
1811,2
1812,3
1813,0
1814,0
1815,0
1816,7
1817,6
1818,1
1819,0
1820,5
1821,0
1822,4
1823,2
1824,2
1825,4
1826,2
1827,4
1828,1
1829,0
1830,2
1831,2
1832,2
1833,4
1834,1
1835,2
1836,9
1837,0
1838,1
1839,0
1840,2
1841,3
1842,0
1843,0
1844,0
1845,0
1846,1
1847,0
1848,3
1849,0
1850,0
1851,11
1852,4
1853,5
1854,0
1855,2
1856,2
1857,3
1858,3
1859,0
1860,0
1861,0
1862,2
1863,3
1864,5
1865,0
1866,3
1867,9
1868,1
1869,5
1870,3
1871,0
1872,1
1873,0
1874,1
1875,0
1876,4
1877,8
1878,0
1879,1
1880,0
1881,3
1882,7
1883,2
1884,1
1885,0
1886,2
1887,1
1888,0
1889,5
1890,1
1891,1
1892,2
1893,0
1894,0
1895,3
1896,2
1897,5
1898,8
1899,4
1900,4
1901,0
1902,6
1903,0
1904,0
1905,6
1906,3
1907,0
1908,0
1909,2
1910,4
1911,0
1912,2
1913,1
1914,1
1915,0
1916,0
1917,6
1918,0
1919,2
1920,8
1921,3
1922,3
1923,4
1924,4
1925,3
1926,4
1927,1
1928,1
1929,0
1930,3
1931,0
1932,0
1933,1
1934,14
1935,1
1936,1
1937,5
1938,0
1939,0
1940,2
1941,0
1942,0
1943,1
1944,1
1945,1
1946,0
1947,2
1948,0
1949,0
1950,2
1951,2
1952,4
1953,0
1954,2
1955,1
1956,5
1957,0
1958,0
1959,5
1960,9
1961,0
1962,1
1963,6
1964,0
1965,0
1966,6
1967,0
1968,2
1969,0
1970,4
1971,2
1972,9
1973,5
1974,0
1975,7
1976,0
1977,0
1978,2
1979,0
1980,0
1981,1
1982,0
1983,0
1984,5
1985,0
1986,1
1987,2
1988,2
1989,1
1990,2
1991,0
1992,0
1993,0
1994,1
1995,0
1996,4
1997,10
1998,0
1999,0
2000,0
2001,7
2002,10
2003,2
2004,0
2005,0
2006,5
2007,0
2008,10
2009,0
2010,2
2011,1
2012,0
2013,5
2014,1
2015,3
2016,0
2017,1
2018,0
2019,0
2020,0
2021,0
2022,5
2023,0
2024,0
2025,0
2026,4
2027,1
2028,0
2029,4
2030,6
2031,1
2032,1
2033,4
2034,2
2035,0
2036,0
2037,3
2038,0
2039,12
2040,0
2041,0
2042,3
2043,0
2044,1
2045,1
2046,0
2047,0
2048,3
2049,2
2050,2
2051,3
2052,0
2053,0
2054,0
2055,5
2056,1
2057,1
2058,11
2059,0
2060,0
2061,2
2062,0
2063,0
2064,1
2065,0
2066,0
2067,2
2068,8
2069,8
2070,0
2071,4
2072,1
2073,4
2074,4
2075,9
2076,0
2077,3
2078,0
2079,5
2080,2
2081,3
2082,0
2083,1
2084,0
2085,0
2086,0
2087,1
2088,8
2089,2
2090,1
2091,2
2092,1
2093,3
2094,1
2095,2
2096,1
2097,0
2098,1
2099,0
2100,4
2101,2
2102,0
2103,2
2104,0
2105,2
2106,0
2107,17
2108,1
2109,4
2110,2
2111,2
2112,4
2113,4
2114,0
2115,0
2116,4
2117,1
2118,1
2119,2
2120,5
2121,0
2122,0
2123,0
2124,4
2125,2
2126,3
2127,4
2128,0
2129,0
2130,9
2131,0
2132,0
2133,0
2134,5
2135,0
2136,13
2137,2
2138,1
2139,0
2140,5
2141,0
2142,1
2143,7
2144,0
2145,2
2146,0
2147,2
2148,9
2149,0
2150,6
2151,0
2152,2
2153,2
2154,2
2155,2
2156,1
2157,0
2158,1
2159,2
2160,5
2161,1
2162,1
2163,0
2164,5
2165,1
2166,2
2167,5
2168,1
2169,0
2170,0
2171,2
2172,1
2173,4
2174,0
2175,0
2176,0
2177,3
2178,2
2179,1
2180,4
2181,1
2182,4
2183,0
2184,1
2185,1
2186,0
2187,2
2188,3
2189,1
2190,1
2191,0
2192,3
2193,4
2194,1
2195,5
2196,5
2197,0
2198,0
2199,5
2200,1
2201,0
2202,0
2203,3
2204,0
2205,1
2206,0
2207,3
2208,0
2209,6
2210,0
2211,3
2212,1
2213,0
2214,2
2215,0
2216,0
2217,1
2218,5
2219,0
2220,1
2221,8
2222,6
2223,0
2224,1
2225,3
2226,2
2227,0
2228,3
2229,1
2230,0
2231,0
2232,2
2233,0
2234,7
2235,5
2236,6
2237,0
2238,1
2239,0
2240,9
2241,0
2242,0
2243,0
2244,0
2245,0
2246,0
2247,0
2248,1
2249,0
2250,0
2251,0
2252,5
2253,0
2254,0
2255,2
2256,1
2257,3
2258,2
2259,0
2260,0
2261,0
2262,3
2263,2
2264,0
2265,5
2266,3
2267,2
2268,0
2269,4
2270,7
2271,9
2272,0
2273,3
2274,0
2275,2
2276,0
2277,3
2278,0
2279,0
2280,0
2281,4
2282,0
2283,0
2284,0
2285,1
2286,0
2287,0
2288,5
2289,0
2290,1
2291,0
2292,0
2293,6
2294,3
2295,1
2296,3
2297,1
2298,0
2299,2
2300,6
2301,3
2302,0
2303,4
2304,0
2305,2
2306,0
2307,2
2308,5
2309,3
2310,6
2311,0
2312,2
2313,3
2314,0
2315,1
2316,3
2317,4
2318,3
2319,11
2320,5
2321,4
2322,1
2323,6
2324,1
2325,1
2326,0
2327,2
2328,1
2329,12
2330,5
2331,5
2332,0
2333,2
2334,2
2335,0
2336,0
2337,0
2338,0
2339,2
2340,1
2341,5
2342,0
2343,1
2344,5
2345,1
2346,5
2347,0
2348,2
2349,2
2350,1
2351,4
2352,6
2353,0
2354,4
2355,1
2356,6
2357,5
2358,0
2359,9
2360,0
2361,0
2362,0
2363,0
2364,1
2365,3
2366,3
2367,0
2368,0
2369,0
2370,1
2371,2
2372,1
2373,0
2374,2
2375,2
2376,0
2377,3
2378,0
2379,0
2380,1
2381,3
2382,3
2383,1
2384,2
2385,1
2386,3
2387,1
2388,6
2389,0
2390,0
2391,0
2392,1
2393,1
2394,3
2395,2
2396,0
2397,6
2398,0
2399,0
2400,3
2401,0
2402,0
2403,2
2404,2
2405,2
2406,1
2407,0
2408,7
2409,0
2410,0
2411,0
2412,5
2413,4
2414,0
2415,1
2416,0
2417,2
2418,1
2419,2
2420,2
2421,12
2422,0
2423,2
2424,4
2425,0
2426,0
2427,7
2428,5
2429,2
2430,5
2431,1
2432,0
2433,1
2434,4
2435,8
2436,0
2437,0
2438,4
2439,2
2440,0
2441,0
2442,1
2443,1
2444,1
2445,0
2446,4
2447,1
2448,0
2449,0
2450,1
2451,0
2452,0
2453,3
2454,0
2455,6
2456,1
2457,0
2458,3
2459,0
2460,2
2461,0
2462,2
2463,3
2464,1
2465,0
2466,1
2467,1
2468,3
2469,0
2470,0
2471,0
2472,0
2473,0
2474,0
2475,4
2476,1
2477,2
2478,2
2479,0
2480,0
2481,3
2482,1
2483,1
2484,2
2485,5
2486,3
2487,2
2488,5
2489,0
2490,0
2491,6
2492,0
2493,6
2494,1
2495,0
2496,4
2497,1
2498,0
2499,1
2500,5
2501,0
2502,0
2503,4
2504,0
2505,0
2506,1
2507,0
2508,5
2509,0
2510,2
2511,0
2512,0
2513,2
2514,0
2515,1
2516,2
2517,0
2518,0
2519,3
2520,1
2521,2
2522,0
2523,0
2524,5
2525,0
2526,1
2527,3
2528,2
2529,0
2530,8
2531,0
2532,5
2533,5
2534,0
2535,1
2536,0
2537,0
2538,0
2539,5
2540,2
2541,13
2542,1
2543,3
2544,4
2545,0
2546,4
2547,0
2548,0
2549,1
2550,0
2551,1
2552,1
2553,2
2554,5
2555,0
2556,0
2557,4
2558,0
2559,0
2560,1
2561,0
2562,0
2563,6
2564,0
2565,7
2566,0
2567,5
2568,2
2569,5
2570,5
2571,0
2572,1
2573,0
2574,0
2575,5
2576,1
2577,11
2578,5
2579,6
2580,4
2581,2
2582,0
2583,6
2584,0
2585,5
2586,2
2587,0
2588,0
2589,5
2590,0
2591,0
2592,0
2593,8
2594,3
2595,0
2596,0
2597,3
2598,1
2599,1
2600,4
2601,0
2602,1
2603,2
2604,0
2605,0
2606,2
2607,6
2608,0
2609,1
2610,8
2611,1
2612,4
2613,2
2614,1
2615,2
2616,5
2617,3
2618,3
2619,0
2620,1
2621,2
2622,4
2623,1
2624,3
2625,6
2626,3
2627,0
2628,2
2629,5
2630,5
2631,0
2632,0
2633,3
2634,0
2635,0
2636,1
2637,7
2638,3
2639,8
2640,0
2641,1
2642,3
2643,0
2644,5
2645,0
2646,2
2647,0
2648,1
2649,0
2650,2
2651,2
2652,3
2653,1
2654,1
2655,0
2656,2
2657,4
2658,0
2659,0
2660,1
2661,0
2662,3
2663,0
2664,2
2665,3
2666,2
2667,0
2668,0
2669,0
2670,0
2671,2
2672,1
2673,0
2674,2
2675,0
2676,0
2677,2
2678,0
2679,0
2680,0
2681,1
2682,1
2683,4
2684,0
2685,2
2686,1
2687,2
2688,0
2689,0
2690,6
2691,1
2692,3
2693,1
2694,0
2695,3
2696,3
2697,4
2698,2
2699,1
2700,1
2701,3
2702,3
2703,1
2704,1
2705,0
2706,4
2707,0
2708,0
2709,2
2710,3
2711,1
2712,1
2713,0
2714,1
2715,0
2716,5
2717,3
2718,2
2719,1
2720,1
2721,14
2722,0
2723,3
2724,2
2725,2
2726,2
2727,6
2728,0
2729,3
2730,0
2731,0
2732,0
2733,0
2734,7
2735,1
2736,1
2737,0
2738,0
2739,3
2740,1
2741,1
2742,0
2743,1
2744,0
2745,3
2746,0
2747,2
2748,3
2749,1
2750,4
2751,2
2752,0
2753,1
2754,0
2755,1
2756,1
2757,1
2758,3
2759,1
2760,1
2761,2
2762,1
2763,2
2764,0
2765,0
2766,0
2767,0
2768,0
2769,1
2770,5
2771,4
2772,0
2773,1
2774,4
2775,0
2776,0
2777,3
2778,6
2779,5
2780,0
2781,1
2782,8
2783,0
2784,0
2785,0
2786,6
2787,2
2788,2
2789,1
2790,2
2791,3
2792,0
2793,7
2794,1
2795,4
2796,0
2797,7
2798,8
2799,6
2800,0
2801,5
2802,5
2803,2
2804,0
2805,0
2806,0
2807,7
2808,2
2809,0
2810,1
2811,2
2812,4
2813,2
2814,0
2815,3
2816,0
2817,2
2818,5
2819,5
2820,0
2821,8
2822,0
2823,3
2824,0
2825,3
2826,1
2827,0
2828,0
2829,0
2830,2
2831,5
2832,0
2833,4
2834,0
2835,1
2836,9
2837,2
2838,0
2839,0
2840,0
2841,0
2842,3
2843,2
2844,0
2845,8
2846,2
2847,1
2848,5
2849,4
2850,0
2851,0
2852,3
2853,3
2854,2
2855,1
2856,0
2857,1
2858,0
2859,0
2860,1
2861,1
2862,2
2863,0
2864,0
2865,2
2866,1
2867,1
2868,2
2869,0
2870,3
2871,1
2872,8
2873,5
2874,0
2875,0
2876,2
2877,0
2878,0
2879,3
2880,4
2881,0
2882,1
2883,0
2884,5
2885,0
2886,5
2887,0
2888,0
2889,0
2890,1
2891,0
2892,0
2893,4
2894,3
2895,1
2896,1
2897,0
2898,1
2899,2
2900,0
2901,4
2902,2
2903,10
2904,3
2905,2
2906,1
2907,2
2908,0
2909,1
2910,3
2911,0
2912,3
2913,1
2914,3
2915,5
2916,0
2917,1
2918,1
2919,1
2920,3
2921,1
2922,1
2923,1
2924,1
2925,0
2926,0
2927,0
2928,9
2929,3
2930,0
2931,1
2932,1
2933,0
2934,0
2935,1
2936,5
2937,2
2938,2
2939,2
2940,0
2941,0
2942,5
2943,3
2944,6
2945,1
2946,0
2947,0
2948,4
2949,3
2950,2
2951,1
2952,0
2953,2
2954,2
2955,5
2956,0
2957,2
2958,4
2959,0
2960,0
2961,0
2962,2
2963,1
2964,4
2965,1
2966,5
2967,8
2968,0
2969,0
2970,0
2971,2
2972,2
2973,2
2974,1
2975,3
2976,3
2977,0
2978,1
2979,5
2980,3
2981,1
2982,1
2983,1
2984,0
2985,0
2986,4
2987,4
2988,3
2989,1
2990,1
2991,1
2992,0
2993,3
2994,0
2995,0
2996,2
2997,3
2998,3
2999,0
3000,2
3001,0
3002,10
3003,0
3004,0
3005,1
3006,1
3007,4
3008,0
3009,0
3010,5
3011,1
3012,1
3013,1
3014,3
3015,0
3016,4
3017,2
3018,0
3019,0
3020,0
3021,3
3022,0
3023,3
3024,0
3025,2
3026,3
3027,2
3028,1
3029,2
3030,0
3031,4
3032,0
3033,0
3034,0
3035,3
3036,0
3037,9
3038,0
3039,2
3040,0
3041,3
3042,0
3043,0
3044,0
3045,0
3046,1
3047,0
3048,0
3049,2
3050,0
3051,0
3052,1
3053,7
3054,0
3055,1
3056,1
3057,0
3058,2
3059,0
3060,0
3061,0
3062,1
3063,0
3064,0
3065,3
3066,0
3067,6
3068,1
3069,2
3070,0
3071,4
3072,0
3073,6
3074,3
3075,3
3076,4
3077,1
3078,0
3079,0
3080,0
3081,6
3082,4
3083,1
3084,6
3085,0
3086,4
3087,2
3088,4
3089,0
3090,1
3091,4
3092,1
3093,1
3094,0
3095,0
3096,1
3097,2
3098,0
3099,2
3100,0
3101,1
3102,5
3103,2
3104,0
3105,1
3106,7
3107,6
3108,1
3109,0
3110,0
3111,1
3112,2
3113,0
3114,4
3115,0
3116,1
3117,4
3118,1
3119,4
3120,3
3121,1
3122,3
3123,0
3124,0
3125,6
3126,7
3127,3
3128,4
3129,1
3130,1
3131,6
3132,1
3133,0
3134,0
3135,0
3136,6
3137,1
3138,3
3139,0
3140,2
3141,2
3142,0
3143,6
3144,0
3145,2
3146,13
3147,0
3148,4
3149,1
3150,2
3151,6
3152,7
3153,3
3154,0
3155,4
3156,5
3157,1
3158,0
3159,3
3160,0
3161,0
3162,9
3163,3
3164,0
3165,4
3166,1
3167,3
3168,3
3169,0
3170,1
3171,0
3172,0
3173,0
3174,0
3175,0
3176,0
3177,0
3178,3
3179,0
3180,3
3181,1
3182,1
3183,3
3184,1
3185,2
3186,5
3187,0
3188,0
3189,0
3190,5
3191,1
3192,0
3193,0
3194,5
3195,0
3196,0
3197,0
3198,3
3199,1
3200,0
3201,3
3202,0
3203,0
3204,4
3205,1
3206,4
3207,0
3208,3
3209,0
3210,2
3211,1
3212,2
3213,0
3214,0
3215,0
3216,1
3217,0
3218,5
3219,1
3220,0
3221,5
3222,0
3223,0
3224,0
3225,0
3226,1
3227,1
3228,2
3229,3
3230,3
3231,1
3232,4
3233,1
3234,3
3235,2
3236,2
3237,1
3238,3
3239,4
3240,3
3241,2
3242,4
3243,1
3244,2
3245,0
3246,1
3247,2
3248,0
3249,3
3250,0
3251,3
3252,3
3253,1
3254,0
3255,1
3256,0
3257,0
3258,0
3259,0
3260,1
3261,0
3262,1
3263,1
3264,0
3265,0
3266,3
3267,0
3268,0
3269,0
3270,1
3271,1
3272,4
3273,2
3274,2
3275,2
3276,0
3277,3
3278,0
3279,0
3280,1
3281,2
3282,3
3283,4
3284,1
3285,0
3286,3
3287,1
3288,1
3289,6
3290,2
3291,3
3292,2
3293,3
3294,0
3295,0
3296,4
3297,0
3298,2
3299,1
3300,3
3301,1
3302,0
3303,0
3304,2
3305,0
3306,0
3307,1
3308,0
3309,2
3310,4
3311,1
3312,1
3313,1
3314,6
3315,0
3316,4
3317,1
3318,1
3319,1
3320,0
3321,3
3322,0
3323,0
3324,0
3325,11
3326,1
3327,4
3328,5
3329,0
3330,1
3331,0
3332,10
3333,0
3334,2
3335,1
3336,4
3337,0
3338,4
3339,2
3340,8
3341,0
3342,4
3343,0
3344,1
3345,1
3346,8
3347,4
3348,0
3349,0
3350,2
3351,1
3352,0
3353,0
3354,0
3355,1
3356,0
3357,1
3358,2
3359,6
3360,0
3361,0
3362,0
3363,3
3364,0
3365,0
3366,2
3367,2
3368,3
3369,0
3370,5
3371,0
3372,2
3373,5
3374,0
3375,0
3376,3
3377,0
3378,2
3379,0
3380,5
3381,1
3382,6
3383,3
3384,0
3385,0
3386,3
3387,1
3388,2
3389,1
3390,3
3391,5
3392,2
3393,7
3394,4
3395,3
3396,4
3397,1
3398,1
3399,0
3400,1
3401,0
3402,0
3403,0
3404,4
3405,2
3406,0
3407,2
3408,5
3409,5
3410,1
3411,7
3412,0
3413,0
3414,2
3415,1
3416,0
3417,4
3418,3
3419,0
3420,1
3421,4
3422,5
3423,0
3424,0
3425,6
3426,1
3427,3
3428,1
3429,0
3430,0
3431,2
3432,1
3433,1
3434,1
3435,9
3436,1
3437,5
3438,6
3439,0
3440,1
3441,0
3442,0
3443,1
3444,2
3445,3
3446,2
3447,3
3448,0
3449,1
3450,7
3451,0
3452,5
3453,2
3454,1
3455,3
3456,6
3457,0
3458,4
3459,2
3460,1
3461,2
3462,3
3463,0
3464,0
3465,3
3466,4
3467,4
3468,2
3469,1
3470,0
3471,3
3472,1
3473,0
3474,2
3475,2
3476,6
3477,1
3478,0
3479,2
3480,0
3481,1
3482,1
3483,4
3484,2
3485,4
3486,2
3487,3
3488,1
3489,3
3490,2
3491,7
3492,8
3493,1
3494,2
3495,1
3496,1
3497,2
3498,0
3499,0
3500,3
3501,0
3502,1
3503,3
3504,0
3505,0
3506,1
3507,0
3508,0
3509,5
3510,4
3511,4
3512,0
3513,2
3514,1
3515,1
3516,2
3517,2
3518,0
3519,4
3520,0
3521,1
3522,3
3523,0
3524,10
3525,3
3526,1
3527,1
3528,2
3529,0
3530,1
3531,4
3532,0
3533,1
3534,0
3535,0
3536,0
3537,1
3538,1
3539,0
3540,0
3541,0
3542,3
3543,2
3544,0
3545,1
3546,5
3547,0
3548,2
3549,1
3550,1
3551,0
3552,2
3553,2
3554,2
3555,2
3556,2
3557,1
3558,1
3559,1
3560,1
3561,5
3562,0
3563,9
3564,4
3565,2
3566,0
3567,0
3568,2
3569,2
3570,5
3571,0
3572,3
3573,2
3574,0
3575,0
3576,3
3577,0
3578,1
3579,1
3580,0
3581,0
3582,2
3583,0
3584,0
3585,4
3586,2
3587,2
3588,3
3589,0
3590,0
3591,3
3592,2
3593,0
3594,1
3595,1
3596,1
3597,0
3598,1
3599,2
3600,0
3601,0
3602,0
3603,1
3604,0
3605,0
3606,0
3607,4
3608,2
3609,0
3610,1
3611,0
3612,5
3613,0
3614,1
3615,1
3616,2
3617,2
3618,0
3619,1
3620,2
3621,1
3622,2
3623,0
3624,2
3625,0
3626,1
3627,0
3628,8
3629,0
3630,0
3631,1
3632,1
3633,0
3634,1
3635,0
3636,0
3637,0
3638,0
3639,1
3640,0
3641,0
3642,0
3643,1
3644,0
3645,0
3646,0
3647,1
3648,0
3649,1
3650,3
3651,3
3652,1
3653,2
3654,1
3655,2
3656,2
3657,0
3658,1
3659,2
3660,0
3661,4
3662,0
3663,1
3664,1
3665,2
3666,0
3667,0
3668,0
3669,0
3670,1
3671,4
3672,5
3673,3
3674,1
3675,0
3676,2
3677,0
3678,1
3679,3
3680,1
3681,1
3682,0
3683,0
3684,0
3685,2
3686,2
3687,4
3688,2
3689,2
3690,0
3691,0
3692,2
3693,2
3694,4
3695,1
3696,0
3697,0
3698,1
3699,4
3700,0
3701,0
3702,6
3703,5
3704,3
3705,0
3706,10
3707,4
3708,4
3709,4
3710,4
3711,0
3712,5
3713,1
3714,1
3715,0
3716,1
3717,1
3718,0
3719,7
3720,6
3721,5
3722,2
3723,0
3724,0
3725,1
3726,0
3727,0
3728,0
3729,1
3730,2
3731,2
3732,2
3733,6
3734,1
3735,2
3736,0
3737,3
3738,6
3739,3
3740,2
3741,1
3742,3
3743,0
3744,3
3745,0
3746,3
3747,2
3748,1
3749,3
3750,3
3751,0
3752,0
3753,1
3754,3
3755,1
3756,0
3757,1
3758,1
3759,4
3760,2
3761,0
3762,5
3763,3
3764,0
3765,0
3766,0
3767,0
3768,0
3769,10
3770,0
3771,0
3772,0
3773,0
3774,1
3775,0
3776,2
3777,4
3778,3
3779,0
3780,0
3781,0
3782,4
3783,0
3784,6
3785,2
3786,0
3787,0
3788,4
3789,3
3790,0
3791,1
3792,2
3793,3
3794,3
3795,1
3796,2
3797,0
3798,2
3799,0
3800,1
3801,1
3802,0
3803,0
3804,0
3805,3
3806,1
3807,2
3808,1
3809,3
3810,0
3811,0
3812,1
3813,0
3814,1
3815,2
3816,0
3817,1
3818,0
3819,0
3820,1
3821,0
3822,0
3823,2
3824,0
3825,2
3826,3
3827,1
3828,0
3829,3
3830,2
3831,0
3832,2
3833,0
3834,5
3835,0
3836,3
3837,2
3838,0
3839,2
3840,2
3841,0
3842,1
3843,1
3844,1
3845,0
3846,0
3847,0
3848,1
3849,3
3850,1
3851,3
3852,0
3853,2
3854,2
3855,0
3856,0
3857,5
3858,3
3859,0
3860,0
3861,0
3862,3
3863,2
3864,1
3865,4
3866,0
3867,4
3868,1
3869,1
3870,0
3871,1
3872,1
3873,9
3874,5
3875,0
3876,1
3877,7
3878,2
3879,0
3880,1
3881,1
3882,1
3883,0
3884,1
3885,2
3886,0
3887,5
3888,4
3889,2
3890,0
3891,3
3892,4
3893,4
3894,0
3895,6
3896,5
3897,1
3898,1
3899,2
3900,0
3901,5
3902,0
3903,5
3904,2
3905,1
3906,1
3907,1
3908,1
3909,0
3910,6
3911,4
3912,3
3913,3
3914,2
3915,0
3916,2
3917,0
3918,0
3919,0
3920,0
3921,3
3922,1
3923,6
3924,3
3925,0
3926,5
3927,1
3928,2
3929,2
3930,2
3931,1
3932,0
3933,0
3934,2
3935,3
3936,1
3937,0
3938,0
3939,1
3940,1
3941,0
3942,0
3943,2
3944,1
3945,2
3946,1
3947,2
3948,2
3949,0
3950,3
3951,0
3952,1
3953,5
3954,4
3955,2
3956,0
3957,1
3958,0
3959,0
3960,0
3961,0
3962,0
3963,2
3964,2
3965,1
3966,6
3967,1
3968,0
3969,0
3970,0
3971,1
3972,0
3973,0
3974,0
3975,0
3976,2
3977,0
3978,3
3979,4
3980,0
3981,0
3982,0
3983,0
3984,0
3985,7
3986,0
3987,2
3988,4
3989,6
3990,1
3991,2
3992,0
3993,0
3994,5
3995,0
3996,0
3997,0
3998,1
3999,2
4000,0
4001,1
4002,4
4003,1
4004,0
4005,0
4006,1
4007,1
4008,0
4009,2
4010,1
4011,2
4012,1
4013,3
4014,1
4015,2
4016,1
4017,0
4018,0
4019,1
4020,1
4021,1
4022,0
4023,0
4024,4
4025,1
4026,1
4027,3
4028,0
4029,1
4030,1
4031,1
4032,2
4033,1
4034,2
4035,1
4036,7
4037,2
4038,0
4039,2
4040,2
4041,0
4042,3
4043,1
4044,6
4045,0
4046,1
4047,3
4048,4
4049,0
4050,1
4051,1
4052,0
4053,1
4054,2
4055,2
4056,6
4057,1
4058,3
4059,0
4060,5
4061,2
4062,0
4063,0
4064,0
4065,3
4066,0
4067,1
4068,5
4069,1
4070,3
4071,2
4072,6
4073,1
4074,0
4075,2
4076,0
4077,1
4078,0
4079,0
4080,7
4081,0
4082,0
4083,4
4084,1
4085,2
4086,1
4087,0
4088,2
4089,0
4090,0
4091,4
4092,0
4093,2
4094,0
4095,5
4096,0
4097,0
4098,0
4099,2
4100,3
4101,2
4102,1
4103,0
4104,1
4105,0
4106,0
4107,1
4108,2
4109,1
4110,0
4111,0
4112,1
4113,1
4114,2
4115,0
4116,2
4117,4
4118,1
4119,1
4120,1
4121,1
4122,3
4123,1
4124,0
4125,0
4126,1
4127,4
4128,0
4129,2
4130,5
4131,3
4132,2
4133,0
4134,3
4135,0
4136,3
4137,0
4138,0
4139,1
4140,0
4141,0
4142,0
4143,1
4144,0
4145,0
4146,3
4147,0
4148,4
4149,1
4150,1
4151,2
4152,1
4153,0
4154,1
4155,1
4156,6
4157,1
4158,0
4159,0
4160,0
4161,0
4162,0
4163,2
4164,0
4165,1
4166,0
4167,2
4168,3
4169,0
4170,3
4171,2
4172,1
4173,4
4174,0
4175,0
4176,0
4177,1
4178,3
4179,2
4180,0
4181,5
4182,0
4183,3
4184,0
4185,2
4186,1
4187,0
4188,2
4189,0
4190,0
4191,2
4192,1
4193,6
4194,0
4195,1
4196,3
4197,2
4198,0
4199,1
4200,1
4201,2
4202,3
4203,0
4204,6
4205,5
4206,0
4207,2
4208,1
4209,1
4210,1
4211,2
4212,0
4213,2
4214,0
4215,0
4216,0
4217,2
4218,0
4219,1
4220,0
4221,3
4222,3
4223,2
4224,3
4225,1
4226,0
4227,0
4228,2
4229,3
4230,3
4231,1
4232,0
4233,0
4234,1
4235,0
4236,1
4237,1
4238,3
4239,4
4240,0
4241,0
4242,2
4243,1
4244,2
4245,0
4246,0
4247,3
4248,5
4249,0
4250,1
4251,0
4252,2
4253,0
4254,3
4255,1
4256,1
4257,2
4258,2
4259,1
4260,2
4261,0
4262,0
4263,0
4264,5
4265,1
4266,4
4267,3
4268,2
4269,1
4270,4
4271,1
4272,1
4273,0
4274,1
4275,0
4276,0
4277,3
4278,2
4279,3
4280,4
4281,0
4282,0
4283,0
4284,1
4285,1
4286,3
4287,2
4288,0
4289,0
4290,3
4291,1
4292,0
4293,0
4294,4
4295,0
4296,3
4297,3
4298,0
4299,0
4300,5
4301,1
4302,2
4303,1
4304,4
4305,1
4306,0
4307,0
4308,1
4309,0
4310,0
4311,2
4312,4
4313,1
4314,2
4315,3
4316,0
4317,1
4318,0
4319,4
4320,0
4321,1
4322,1
4323,2
4324,6
4325,1
4326,0
4327,2
4328,1
4329,0
4330,3
4331,0
4332,4
4333,1
4334,0
4335,0
4336,1
4337,0
4338,0
4339,1
4340,2
4341,0
4342,3
4343,0
4344,0
4345,0
4346,1
4347,2
4348,0
4349,1
4350,0
4351,1
4352,0
4353,2
4354,2
4355,8
4356,1
4357,5
4358,0
4359,0
4360,0
4361,2
4362,1
4363,1
4364,4
4365,0
4366,4
4367,2
4368,3
4369,2
4370,0
4371,1
4372,0
4373,7
4374,3
4375,2
4376,2
4377,2
4378,0
4379,0
4380,1
4381,1
4382,0
4383,5
4384,2
4385,3
4386,0
4387,3
4388,4
4389,1
4390,0
4391,1
4392,0
4393,0
4394,0
4395,5
4396,0
4397,0
4398,0
4399,0
4400,6
4401,1
4402,2
4403,0
4404,0
4405,5
4406,2
4407,1
4408,0
4409,2
4410,2
4411,1
4412,2
4413,2
4414,0
4415,1
4416,1
4417,0
4418,2
4419,6
4420,0
4421,1
4422,1
4423,1
4424,0
4425,0
4426,4
4427,0
4428,0
4429,3
4430,2
4431,1
4432,0
4433,4
4434,1
4435,0
4436,0
4437,2
4438,4
4439,2
4440,4
4441,1
4442,2
4443,0
4444,1
4445,3
4446,1
4447,0
4448,0
4449,1
4450,0
4451,2
4452,0
4453,2
4454,1
4455,0
4456,0
4457,1
4458,3
4459,0
4460,1
4461,4
4462,0
4463,0
4464,1
4465,2
4466,3
4467,0
4468,0
4469,1
4470,1
4471,0
4472,0
4473,0
4474,0
4475,3
4476,0
4477,1
4478,2
4479,1
4480,0
4481,0
4482,2
4483,3
4484,3
4485,1
4486,2
4487,2
4488,4
4489,1
4490,5
4491,4
4492,1
4493,5
4494,12
4495,2
4496,1
4497,0
4498,3
4499,3
4500,0
4501,1
4502,4
4503,2
4504,0
4505,3
4506,1
4507,0
4508,0
4509,0
4510,1
4511,0
4512,4
4513,3
4514,1
4515,1
4516,6
4517,1
4518,0
4519,0
4520,4
4521,2
4522,0
4523,0
4524,2
4525,1
4526,2
4527,2
4528,0
4529,2
4530,1
4531,3
4532,1
4533,1
4534,0
4535,0
4536,0
4537,1
4538,3
4539,1
4540,2
4541,7
4542,0
4543,0
4544,2
4545,3
4546,0
4547,1
4548,0
4549,0
4550,1
4551,0
4552,0
4553,1
4554,1
4555,7
4556,2
4557,0
4558,1
4559,2
4560,0
4561,3
4562,2
4563,5
4564,6
4565,2
4566,0
4567,2
4568,2
4569,2
4570,0
4571,0
4572,1
4573,3
4574,3
4575,3
4576,1
4577,3
4578,5
4579,2
4580,1
4581,2
4582,0
4583,2
4584,2
4585,1
4586,1
4587,0
4588,0
4589,2
4590,2
4591,1
4592,4
4593,2
4594,0
4595,3
4596,6
4597,0
4598,0
4599,1
4600,0
4601,0
4602,0
4603,1
4604,0
4605,0
4606,1
4607,3
4608,0
4609,1
4610,1
4611,0
4612,0
4613,0
4614,3
4615,1
4616,2
4617,0
4618,2
4619,2
4620,1
4621,0
4622,0
4623,1
4624,0
4625,5
4626,1
4627,1
4628,0
4629,0
4630,3
4631,0
4632,2
4633,3
4634,0
4635,0
4636,0
4637,0
4638,0
4639,0
4640,5
4641,4
4642,2
4643,1
4644,0
4645,2
4646,0
4647,0
4648,3
4649,3
4650,0
4651,5
4652,0
4653,0
4654,2
4655,4
4656,2
4657,3
4658,1
4659,3
4660,1
4661,0
4662,1
4663,0
4664,1
4665,0
4666,0
4667,5
4668,1
4669,0
4670,4
4671,0
4672,2
4673,0
4674,2
4675,8
4676,2
4677,2
4678,0
4679,1
4680,2
4681,0
4682,1
4683,0
4684,0
4685,0
4686,1
4687,8
4688,3
4689,3
4690,1
4691,2
4692,1
4693,1
4694,1
4695,2
4696,4
4697,0
4698,3
4699,2
4700,0
4701,1
4702,0
4703,1
4704,0
4705,2
4706,4
4707,0
4708,3
4709,1
4710,4
4711,0
4712,2
4713,1
4714,1
4715,0
4716,4
4717,0
4718,1
4719,0
4720,2
4721,1
4722,0
4723,1
4724,1
4725,2
4726,0
4727,3
4728,5
4729,2
4730,1
4731,0
4732,4
4733,0
4734,3
4735,0
4736,0
4737,1
4738,1
4739,0
4740,2
4741,7
4742,1
4743,0
4744,1
4745,1
4746,0
4747,0
4748,3
4749,3
4750,0
4751,2
4752,1
4753,0
4754,0
4755,7
4756,2
4757,0
4758,0
4759,2
4760,1
4761,1
4762,1
4763,0
4764,2
4765,3
4766,0
4767,0
4768,0
4769,2
4770,0
4771,0
4772,3
4773,3
4774,10
4775,3
4776,3
4777,4
4778,5
4779,2
4780,0
4781,6
4782,6
4783,0
4784,2
4785,0
4786,1
4787,1
4788,2
4789,1
4790,2
4791,0
4792,0
4793,0
4794,3
4795,1
4796,0
4797,0
4798,0
4799,0
4800,0
4801,7
4802,0
4803,1
4804,2
4805,0
4806,5
4807,5
4808,3
4809,3
4810,0
4811,0
4812,0
4813,6
4814,0
4815,2
4816,2
4817,0
4818,4
4819,0
4820,1
4821,1
4822,4
4823,0
4824,0
4825,0
4826,3
4827,1
4828,3
4829,0
4830,2
4831,2
4832,0
4833,3
4834,3
4835,0
4836,0
4837,3
4838,0
4839,2
4840,1
4841,0
4842,0
4843,3
4844,1
4845,3
4846,2
4847,1
4848,3
4849,0
4850,0
4851,0
4852,0
4853,0
4854,2
4855,1
4856,4
4857,1
4858,0
4859,0
4860,3
4861,0
4862,1
4863,1
4864,0
4865,1
4866,2
4867,0
4868,0
4869,5
4870,5
4871,4
4872,2
4873,4
4874,3
4875,5
4876,4
4877,0
4878,0
4879,0
4880,2
4881,0
4882,4
4883,2
4884,0
4885,1
4886,2
4887,2
4888,3
4889,7
4890,2
4891,0
4892,1
4893,0
4894,4
4895,2
4896,5
4897,2
4898,0
4899,1
4900,1
4901,3
4902,1
4903,0
4904,1
4905,0
4906,2
4907,1
4908,1
4909,0
4910,1
4911,2
4912,3
4913,1
4914,1
4915,0
4916,2
4917,1
4918,0
4919,1
4920,3
4921,4
4922,2
4923,3
4924,0
4925,0
4926,1
4927,2
4928,2
4929,1
4930,2
4931,1
4932,3
4933,1
4934,2
4935,2
4936,6
4937,1
4938,0
4939,2
4940,5
4941,0
4942,1
4943,0
4944,2
4945,2
4946,2
4947,1
4948,0
4949,0
4950,0
4951,0
4952,2
4953,1
4954,1
4955,4
4956,1
4957,1
4958,5
4959,4
4960,0
4961,3
4962,2
4963,0
4964,0
4965,0
4966,5
4967,1
4968,0
4969,0
4970,0
4971,1
4972,0
4973,0
4974,0
4975,0
4976,2
4977,1
4978,0
4979,3
4980,0
4981,0
4982,2
4983,0
4984,3
4985,1
4986,1
4987,2
4988,0
4989,0
4990,1
4991,1
4992,0
4993,2
4994,0
4995,0
4996,2
4997,1
4998,2
4999,7
5000,0
5001,1
5002,3
5003,1
5004,0
5005,4
5006,0
5007,0
5008,0
5009,2
5010,3
5011,1
5012,7
5013,0
5014,3
5015,1
5016,2
5017,0
5018,0
5019,3
5020,2
5021,2
5022,1
5023,1
5024,0
5025,3
5026,0
5027,4
5028,0
5029,6
5030,3
5031,2
5032,4
5033,1
5034,0
5035,6
5036,4
5037,0
5038,2
5039,5
5040,1
5041,1
5042,0
5043,0
5044,0
5045,1
5046,0
5047,2
5048,1
5049,4
5050,1
5051,1
5052,3
5053,2
5054,1
5055,0
5056,0
5057,2
5058,0
5059,3
5060,2
5061,0
5062,0
5063,1
5064,1
5065,0
5066,1
5067,3
5068,0
5069,0
5070,3
5071,2
5072,2
5073,0
5074,4
5075,4
5076,1
5077,2
5078,1
5079,0
5080,0
5081,2
5082,0
5083,3
5084,2
5085,1
5086,0
5087,1
5088,3
5089,1
5090,3
5091,3
5092,3
5093,2
5094,0
5095,3
5096,1
5097,1
5098,0
5099,4
5100,1
5101,4
5102,1
5103,1
5104,1
5105,1
5106,0
5107,1
5108,3
5109,0
5110,1
5111,1
5112,4
5113,1
5114,1
5115,0
5116,1
5117,1
5118,2
5119,1
5120,0
5121,5
5122,2
5123,5
5124,4
5125,2
5126,0
5127,5
5128,0
5129,1
5130,0
5131,6
5132,2
5133,0
5134,2
5135,2
5136,2
5137,0
5138,0
5139,1
5140,1
5141,2
5142,1
5143,3
5144,0
5145,1
5146,0
5147,0
5148,0
5149,0
5150,2
5151,0
5152,1
5153,0
5154,4
5155,2
5156,1
5157,1
5158,1
5159,0
5160,2
5161,0
5162,1
5163,0
5164,3
5165,0
5166,2
5167,2
5168,0
5169,2
5170,1
5171,3
5172,7
5173,2
5174,1
5175,4
5176,0
5177,3
5178,2
5179,1
5180,2
5181,0
5182,3
5183,1
5184,4
5185,3
5186,2
5187,2
5188,3
5189,0
5190,2
5191,1
5192,1
5193,2
5194,1
5195,0
5196,0
5197,5
5198,1
5199,1
5200,4
5201,4
5202,1
5203,1
5204,1
5205,3
5206,1
5207,0
5208,0
5209,4
5210,6
5211,5
5212,0
5213,3
5214,1
5215,1
5216,1
5217,1
5218,0
5219,3
5220,2
5221,2
5222,0
5223,0
5224,0
5225,1
5226,0
5227,1
5228,0
5229,0
5230,2
5231,1
5232,0
5233,0
5234,2
5235,0
5236,0
5237,0
5238,1
5239,2
5240,3
5241,0
5242,0
5243,0
5244,1
5245,0
5246,1
5247,2
5248,3
5249,0
5250,1
5251,2
5252,0
5253,3
5254,1
5255,4
5256,1
5257,3
5258,0
5259,0
5260,0
5261,2
5262,2
5263,2
5264,0
5265,0
5266,1
5267,1
5268,0
5269,1
5270,1
5271,2
5272,0
5273,2
5274,0
5275,1
5276,1
5277,3
5278,1
5279,0
5280,0
5281,2
5282,0
5283,3
5284,2
5285,1
5286,0
5287,0
5288,1
5289,2
5290,0
5291,2
5292,0
5293,3
5294,2
5295,1
5296,2
5297,0
5298,0
5299,4
5300,0
5301,1
5302,0
5303,0
5304,0
5305,1
5306,3
5307,2
5308,0
5309,1
5310,0
5311,0
5312,4
5313,2
5314,2
5315,0
5316,0
5317,5
5318,1
5319,0
5320,0
5321,3
5322,2
5323,1
5324,1
5325,0
5326,3
5327,2
5328,0
5329,1
5330,1
5331,0
5332,3
5333,3
5334,1
5335,1
5336,0
5337,1
5338,2
5339,0
5340,1
5341,0
5342,1
5343,0
5344,4
5345,4
5346,1
5347,0
5348,0
5349,1
5350,0
5351,6
5352,1
5353,2
5354,0
5355,3
5356,1
5357,1
5358,0
5359,2
5360,0
5361,2
5362,2
5363,0
5364,5
5365,3
5366,1
5367,0
5368,2
5369,2
5370,0
5371,1
5372,2
5373,4
5374,3
5375,1
5376,2
5377,0
5378,5
5379,1
5380,4
5381,2
5382,1
5383,1
5384,5
5385,1
5386,0
5387,2
5388,1
5389,2
5390,3
5391,5
5392,0
5393,0
5394,0
5395,0
5396,0
5397,1
5398,1
5399,1
5400,0
5401,0
5402,0
5403,0
5404,2
5405,0
5406,1
5407,2
5408,0
5409,0
5410,0
5411,2
5412,0
5413,1
5414,5
5415,0
5416,1
5417,0
5418,0
5419,2
5420,0
5421,0
5422,2
5423,1
5424,3
5425,0
5426,1
5427,0
5428,1
5429,3
5430,2
5431,2
5432,4
5433,0
5434,0
5435,1
5436,1
5437,1
5438,0
5439,3
5440,0
5441,1
5442,0
5443,2
5444,3
5445,3
5446,1
5447,0
5448,1
5449,1
5450,1
5451,0
5452,1
5453,2
5454,0
5455,3
5456,1
5457,3
5458,4
5459,1
5460,1
5461,2
5462,0
5463,3
5464,0
5465,1
5466,0
5467,4
5468,4
5469,0
5470,0
5471,0
5472,0
5473,0
5474,2
5475,3
5476,0
5477,5
5478,1
5479,1
5480,1
5481,2
5482,0
5483,4
5484,5
5485,2
5486,1
5487,4
5488,1
5489,0
5490,1
5491,1
5492,1
5493,3
5494,2
5495,0
5496,1
5497,3
5498,2
5499,0
5500,0
5501,0
5502,0
5503,0
5504,1
5505,7
5506,0
5507,1
5508,0
5509,0
5510,2
5511,1
5512,3
5513,1
5514,1
5515,0
5516,1
5517,3
5518,3
5519,3
5520,0
5521,1
5522,0
5523,0
5524,0
5525,1
5526,2
5527,0
5528,0
5529,1
5530,1
5531,3
5532,0
5533,0
5534,1
5535,0
5536,1
5537,1
5538,0
5539,2
5540,2
5541,2
5542,0
5543,1
5544,0
5545,2
5546,1
5547,0
5548,3
5549,1
5550,0
5551,4
5552,1
5553,1
5554,2
5555,1
5556,1
5557,0
5558,3
5559,2
5560,0
5561,1
5562,0
5563,1
5564,0
5565,1
5566,5
5567,1
5568,1
5569,1
5570,0
5571,1
5572,0
5573,0
5574,2
5575,3
5576,0
5577,1
5578,2
5579,0
5580,0
5581,0
5582,3
5583,1
5584,0
5585,1
5586,1
5587,0
5588,1
5589,1
5590,2
5591,4
5592,0
5593,1
5594,0
5595,3
5596,0
5597,0
5598,6
5599,0
5600,3
5601,1
5602,0
5603,1
5604,0
5605,0
5606,2
5607,0
5608,0
5609,0
5610,0
5611,0
5612,1
5613,1
5614,1
5615,0
5616,4
5617,1
5618,2
5619,0
5620,1
5621,4
5622,4
5623,1
5624,0
5625,5
5626,2
5627,3
5628,2
5629,1
5630,0
5631,0
5632,5
5633,0
5634,3
5635,3
5636,0
5637,6
5638,4
5639,1
5640,1
5641,1
5642,3
5643,1
5644,2
5645,4
5646,9
5647,2
5648,3
5649,3
5650,1
5651,0
5652,1
5653,0
5654,0
5655,0
5656,2
5657,1
5658,3
5659,0
5660,1
5661,0
5662,2
5663,0
5664,0
5665,1
5666,0
5667,0
5668,0
5669,0
5670,1
5671,5
5672,0
5673,0
5674,0
5675,0
5676,3
5677,1
5678,2
5679,4
5680,2
5681,1
5682,0
5683,1
5684,0
5685,1
5686,0
5687,1
5688,2
5689,2
5690,0
5691,1
5692,0
5693,0
5694,2
5695,1
5696,1
5697,0
5698,1
5699,1
5700,1
5701,3
5702,3
5703,0
5704,2
5705,3
5706,2
5707,0
5708,0
5709,0
5710,2
5711,0
5712,0
5713,0
5714,0
5715,1
5716,1
5717,1
5718,0
5719,0
5720,1
5721,2
5722,4
5723,2
5724,0
5725,3
5726,3
5727,1
5728,2
5729,0
5730,0
5731,0
5732,2
5733,2
5734,0
5735,0
5736,0
5737,1
5738,8
5739,0
5740,2
5741,1
5742,3
5743,2
5744,4
5745,5
5746,6
5747,2
5748,1
5749,0
5750,0
5751,1
5752,0
5753,1
5754,0
5755,0
5756,0
5757,0
5758,2
5759,1
5760,0
5761,1
5762,3
5763,2
5764,0
5765,1
5766,0
5767,0
5768,2
5769,3
5770,2
5771,0
5772,0
5773,0
5774,4
5775,0
5776,1
5777,1
5778,4
5779,1
5780,1
5781,0
5782,0
5783,1
5784,0
5785,0
5786,2
5787,0
5788,2
5789,1
5790,3
5791,0
5792,1
5793,1
5794,0
5795,1
5796,0
5797,3
5798,0
5799,0
5800,0
5801,1
5802,4
5803,1
5804,0
5805,3
5806,0
5807,2
5808,1
5809,0
5810,1
5811,0
5812,2
5813,5
5814,1
5815,1
5816,1
5817,4
5818,0
5819,0
5820,1
5821,3
5822,3
5823,0
5824,2
5825,1
5826,2
5827,0
5828,0
5829,0
5830,4
5831,2
5832,2
5833,0
5834,3
5835,3
5836,0
5837,5
5838,2
5839,0
5840,0
5841,1
5842,2
5843,0
5844,2
5845,2
5846,4
5847,1
5848,6
5849,2
5850,0
5851,4
5852,1
5853,2
5854,0
5855,0
5856,1
5857,1
5858,4
5859,2
5860,2
5861,2
5862,0
5863,0
5864,2
5865,3
5866,0
5867,0
5868,1
5869,6
5870,0
5871,3
5872,1
5873,0
5874,1
5875,0
5876,4
5877,0
5878,0
5879,0
5880,1
5881,2
5882,0
5883,4
5884,0
5885,0
5886,3
5887,3
5888,1
5889,0
5890,0
5891,1
5892,0
5893,0
5894,0
5895,3
5896,5
5897,7
5898,1
5899,0
5900,2
5901,0
5902,0
5903,1
5904,3
5905,2
5906,0
5907,0
5908,2
5909,0
5910,0
5911,0
5912,1
5913,2
5914,2
5915,4
5916,1
5917,3
5918,1
5919,3
5920,1
5921,1
5922,0
5923,0
5924,0
5925,1
5926,2
5927,2
5928,1
5929,2
5930,1
5931,2
5932,1
5933,2
5934,0
5935,5
5936,0
5937,3
5938,4
5939,4
5940,1
5941,3
5942,2
5943,3
5944,3
5945,0
5946,2
5947,3
5948,4
5949,1
5950,3
5951,0
5952,0
5953,1
5954,3
5955,2
5956,0
5957,2
5958,0
5959,1
5960,0
5961,0
5962,0
5963,4
5964,1
5965,1
5966,0
5967,1
5968,2
5969,1
5970,0
5971,0
5972,1
5973,1
5974,0
5975,1
5976,0
5977,3
5978,2
5979,4
5980,0
5981,2
5982,3
5983,1
5984,0
5985,4
5986,0
5987,0
5988,0
5989,2
5990,1
5991,0
5992,3
5993,2
5994,0
5995,5
5996,0
5997,0
5998,2
5999,3
6000,5
6001,0
6002,2
6003,1
6004,1
6005,0
6006,1
6007,0
6008,1
6009,1
6010,1
6011,1
6012,1
6013,0
6014,2
6015,0
6016,0
6017,3
6018,2
6019,0
6020,1
6021,1
6022,4
6023,1
6024,0
6025,0
6026,3
6027,1
6028,2
6029,1
6030,0
6031,3
6032,2
6033,0
6034,1
6035,1
6036,1
6037,0
6038,1
6039,0
6040,3
6041,1
6042,1
6043,1
6044,3
6045,6
6046,1
6047,2
6048,1
6049,0
6050,7
6051,1
6052,1
6053,1
6054,4
6055,5
6056,0
6057,0
6058,2
6059,3
6060,1
6061,1
6062,1
6063,3
6064,0
6065,1
6066,1
6067,0
6068,0
6069,1
6070,0
6071,2
6072,3
6073,3
6074,1
6075,0
6076,0
6077,1
6078,3
6079,1
6080,0
6081,0
6082,2
6083,1
6084,4
6085,0
6086,1
6087,0
6088,1
6089,0
6090,0
6091,2
6092,0
6093,1
6094,0
6095,0
6096,3
6097,0
6098,0
6099,0
6100,3
6101,0
6102,0
6103,1
6104,1
6105,3
6106,0
6107,3
6108,1
6109,8
6110,1
6111,0
6112,0
6113,2
6114,3
6115,1
6116,0
6117,1
6118,0
6119,1
6120,0
6121,2
6122,3
6123,1
6124,2
6125,0
6126,1
6127,0
6128,0
6129,3
6130,1
6131,4
6132,1
6133,0
6134,1
6135,1
6136,2
6137,0
6138,1
6139,3
6140,0
6141,2
6142,0
6143,0
6144,2
6145,1
6146,2
6147,1
6148,3
6149,2
6150,2
6151,0
6152,1
6153,0
6154,1
6155,0
6156,1
6157,0
6158,0
6159,2
6160,0
6161,1
6162,1
6163,2
6164,1
6165,2
6166,1
6167,2
6168,0
6169,1
6170,4
6171,1
6172,0
6173,0
6174,2
6175,2
6176,0
6177,1
6178,2
6179,0
6180,3
6181,0
6182,2
6183,0
6184,0
6185,0
6186,1
6187,1
6188,0
6189,2
6190,5
6191,0
6192,0
6193,0
6194,1
6195,0
6196,4
6197,0
6198,2
6199,0
6200,2
6201,2
6202,0
6203,1
6204,3
6205,0
6206,1
6207,0
6208,0
6209,2
6210,0
6211,3
6212,1
6213,2
6214,0
6215,0
6216,1
6217,0
6218,2
6219,1
6220,0
6221,0
6222,0
6223,1
6224,0
6225,3
6226,0
6227,5
6228,1
6229,1
6230,1
6231,1
6232,0
6233,0
6234,0
6235,2
6236,1
6237,0
6238,0
6239,1
6240,5
6241,2
6242,1
6243,5
6244,1
6245,0
6246,2
6247,4
6248,1
6249,0
6250,2
6251,0
6252,0
6253,1
6254,3
6255,0
6256,4
6257,0
6258,3
6259,2
6260,0
6261,1
6262,0
6263,1
6264,1
6265,1
6266,1
6267,1
6268,2
6269,4
6270,1
6271,0
6272,1
6273,0
6274,0
6275,1
6276,0
6277,2
6278,2
6279,0
6280,1
6281,2
6282,1
6283,1
6284,1
6285,0
6286,1
6287,1
6288,0
6289,0
6290,3
6291,0
6292,1
6293,6
6294,0
6295,1
6296,0
6297,1
6298,2
6299,0
6300,1
6301,2
6302,1
6303,0
6304,2
6305,0
6306,0
6307,1
6308,4
6309,0
6310,2
6311,5
6312,1
6313,1
6314,0
6315,2
6316,0
6317,5
6318,0
6319,2
6320,2
6321,1
6322,2
6323,0
6324,1
6325,0
6326,3
6327,1
6328,1
6329,2
6330,3
6331,2
6332,1
6333,0
6334,0
6335,1
6336,1
6337,1
6338,2
6339,1
6340,1
6341,0
6342,1
6343,0
6344,2
6345,1
6346,0
6347,1
6348,4
6349,0
6350,0
6351,0
6352,2
6353,0
6354,2
6355,0
6356,1
6357,5
6358,0
6359,1
6360,1
6361,0
6362,1
6363,0
6364,2
6365,2
6366,1
6367,1
6368,2
6369,0
6370,0
6371,0
6372,3
6373,0
6374,0
6375,2
6376,0
6377,2
6378,0
6379,0
6380,5
6381,0
6382,0
6383,1
6384,2
6385,1
6386,0
6387,1
6388,3
6389,0
6390,2
6391,1
6392,1
6393,0
6394,0
6395,4
6396,0
6397,1
6398,1
6399,1
6400,0
6401,4
6402,1
6403,1
6404,0
6405,1
6406,1
6407,4
6408,0
6409,2
6410,0
6411,2
6412,4
6413,3
6414,1
6415,3
6416,2
6417,4
6418,0
6419,1
6420,0
6421,3
6422,1
6423,0
6424,0
6425,4
6426,2
6427,2
6428,3
6429,0
6430,0
6431,0
6432,2
6433,4
6434,0
6435,1
6436,1
6437,3
6438,3
6439,2
6440,1
6441,0
6442,2
6443,1
6444,0
6445,0
6446,0
6447,3
6448,2
6449,2
6450,3
6451,2
6452,1
6453,2
6454,2
6455,4
6456,1
6457,5
6458,1
6459,0
6460,1
6461,0
6462,0
6463,0
6464,0
6465,1
6466,1
6467,3
6468,0
6469,0
6470,1
6471,1
6472,0
6473,2
6474,1
6475,0
6476,4
6477,0
6478,1
6479,3
6480,0
6481,2
6482,1
6483,0
6484,0
6485,2
6486,1
6487,2
6488,2
6489,1
6490,2
6491,0
6492,2
6493,1
6494,3
6495,4
6496,0
6497,0
6498,1
6499,1
6500,0
6501,0
6502,1
6503,0
6504,0
6505,1
6506,1
6507,3
6508,2
6509,1
6510,0
6511,4
6512,2
6513,0
6514,0
6515,0
6516,2
6517,0
6518,1
6519,0
6520,0
6521,0
6522,0
6523,0
6524,3
6525,3
6526,0
6527,0
6528,0
6529,0
6530,0
6531,2
6532,3
6533,1
6534,2
6535,4
6536,0
6537,1
6538,3
6539,1
6540,1
6541,0
6542,3
6543,2
6544,1
6545,0
6546,1
6547,0
6548,0
6549,1
6550,0
6551,2
6552,1
6553,1
6554,3
6555,0
6556,1
6557,2
6558,0
6559,0
6560,2
6561,1
6562,1
6563,1
6564,1
6565,2
6566,0
6567,7
6568,0
6569,0
6570,1
6571,6
6572,2
6573,0
6574,1
6575,2
6576,1
6577,1
6578,1
6579,0
6580,2
6581,1
6582,0
6583,2
6584,1
6585,3
6586,2
6587,1
6588,0
6589,1
6590,1
6591,1
6592,3
6593,1
6594,0
6595,1
6596,1
6597,0
6598,4
6599,0
6600,2
6601,3
6602,0
6603,0
6604,2
6605,1
6606,2
6607,3
6608,2
6609,0
6610,0
6611,2
6612,0
6613,0
6614,0
6615,0
6616,1
6617,1
6618,2
6619,1
6620,0
6621,3
6622,2
6623,0
6624,1
6625,2
6626,3
6627,0
6628,0
6629,1
6630,6
6631,0
6632,1
6633,0
6634,0
6635,1
6636,3
6637,2
6638,0
6639,3
6640,4
6641,1
6642,1
6643,1
6644,3
6645,1
6646,2
6647,1
6648,2
6649,1
6650,1
6651,6
6652,3
6653,1
6654,0
6655,1
6656,3
6657,4
6658,0
6659,3
6660,0
6661,2
6662,3
6663,2
6664,0
6665,0
6666,3
6667,2
6668,4
6669,2
6670,0
6671,2
6672,2
6673,1
6674,3
6675,0
6676,5
6677,2
6678,3
6679,1
6680,0
6681,0
6682,1
6683,3
6684,0
6685,3
6686,3
6687,0
6688,0
6689,0
6690,2
6691,1
6692,1
6693,0
6694,0
6695,3
6696,1
6697,0
6698,2
6699,5
6700,0
6701,2
6702,0
6703,0
6704,1
6705,0
6706,2
6707,1
6708,0
6709,1
6710,0
6711,0
6712,1
6713,1
6714,0
6715,0
6716,1
6717,0
6718,1
6719,0
6720,1
6721,2
6722,0
6723,3
6724,2
6725,0
6726,0
6727,3
6728,0
6729,1
6730,0
6731,0
6732,2
6733,0
6734,0
6735,0
6736,1
6737,0
6738,1
6739,1
6740,4
6741,0
6742,1
6743,1
6744,0
6745,1
6746,0
6747,2
6748,4
6749,5
6750,0
6751,3
6752,2
6753,2
6754,0
6755,1
6756,2
6757,0
6758,0
6759,0
6760,1
6761,1
6762,2
6763,3
6764,2
6765,0
6766,0
6767,1
6768,4
6769,3
6770,0
6771,0
6772,1
6773,1
6774,0
6775,0
6776,3
6777,3
6778,1
6779,2
6780,0
6781,0
6782,0
6783,1
6784,1
6785,1
6786,1
6787,2
6788,1
6789,1
6790,3
6791,0
6792,0
6793,1
6794,3
6795,0
6796,2
6797,0
6798,1
6799,1
6800,1
6801,6
6802,0
6803,0
6804,0
6805,2
6806,0
6807,5
6808,2
6809,2
6810,2
6811,1
6812,1
6813,0
6814,0
6815,1
6816,1
6817,0
6818,2
6819,0
6820,4
6821,0
6822,0
6823,0
6824,1
6825,1
6826,0
6827,1
6828,2
6829,6
6830,2
6831,1
6832,0
6833,1
6834,1
6835,0
6836,1
6837,1
6838,1
6839,1
6840,1
6841,3
6842,1
6843,1
6844,0
6845,0
6846,0
6847,0
6848,1
6849,2
6850,1
6851,0
6852,1
6853,0
6854,1
6855,0
6856,0
6857,5
6858,0
6859,0
6860,0
6861,2
6862,1
6863,0
6864,0
6865,5
6866,0
6867,2
6868,3
6869,1
6870,0
6871,3
6872,1
6873,1
6874,1
6875,1
6876,3
6877,1
6878,1
6879,0
6880,0
6881,0
6882,3
6883,1
6884,4
6885,1
6886,1
6887,0
6888,2
6889,2
6890,1
6891,0
6892,0
6893,1
6894,1
6895,0
6896,0
6897,1
6898,0
6899,3
6900,0
6901,5
6902,2
6903,2
6904,0
6905,1
6906,2
6907,1
6908,1
6909,4
6910,1
6911,1
6912,0
6913,4
6914,1
6915,2
6916,0
6917,5
6918,0
6919,2
6920,1
6921,0
6922,0
6923,3
6924,1
6925,1
6926,0
6927,0
6928,1
6929,2
6930,3
6931,0
6932,0
6933,0
6934,2
6935,1
6936,0
6937,0
6938,0
6939,4
6940,1
6941,1
6942,0
6943,0
6944,1
6945,1
6946,0
6947,1
6948,2
6949,5
6950,0
6951,0
6952,0
6953,0
6954,0
6955,1
6956,0
6957,0
6958,3
6959,1
6960,2
6961,2
6962,0
6963,0
6964,0
6965,0
6966,1
6967,1
6968,0
6969,0
6970,2
6971,1
6972,1
6973,0
6974,1
6975,3
6976,0
6977,1
6978,0
6979,1
6980,0
6981,0
6982,2
6983,0
6984,2
6985,1
6986,1
6987,2
6988,2
6989,4
6990,1
6991,1
6992,1
6993,0
6994,4
6995,0
6996,2
6997,0
6998,2
6999,1
7000,2
7001,3
7002,1
7003,0
7004,2
7005,1
7006,3
7007,1
7008,1
7009,2
7010,2
7011,1
7012,2
7013,0
7014,2
7015,2
7016,2
7017,0
7018,3
7019,0
7020,1
7021,0
7022,1
7023,1
7024,2
7025,2
7026,0
7027,0
7028,0
7029,0
7030,2
7031,5
7032,0
7033,1
7034,2
7035,2
7036,4
7037,2
7038,2
7039,3
7040,0
7041,0
7042,3
7043,2
7044,0
7045,1
7046,0
7047,1
7048,1
7049,4
7050,0
7051,1
7052,1
7053,3
7054,1
7055,0
7056,2
7057,2
7058,1
7059,3
7060,1
7061,0
7062,1
7063,0
7064,0
7065,2
7066,0
7067,2
7068,2
7069,1
7070,1
7071,1
7072,0
7073,1
7074,0
7075,2
7076,0
7077,1
7078,1
7079,2
7080,3
7081,0
7082,4
7083,3
7084,2
7085,1
7086,2
7087,0
7088,1
7089,1
7090,0
7091,1
7092,2
7093,4
7094,0
7095,1
7096,0
7097,0
7098,0
7099,2
7100,0
7101,0
7102,0
7103,1
7104,2
7105,3
7106,1
7107,4
7108,1
7109,1
7110,0
7111,4
7112,4
7113,3
7114,0
7115,0
7116,3
7117,1
7118,3
7119,3
7120,0
7121,0
7122,2
7123,1
7124,1
7125,1
7126,1
7127,0
7128,1
7129,1
7130,4
7131,2
7132,2
7133,1
7134,2
7135,0
7136,0
7137,1
7138,4
7139,1
7140,2
7141,1
7142,2
7143,1
7144,1
7145,2
7146,3
7147,1
7148,1
7149,0
7150,2
7151,3
7152,1
7153,1
7154,4
7155,0
7156,0
7157,1
7158,1
7159,0
7160,1
7161,1
7162,1
7163,1
7164,2
7165,0
7166,2
7167,0
7168,0
7169,1
7170,2
7171,2
7172,1
7173,1
7174,0
7175,2
7176,1
7177,0
7178,1
7179,1
7180,3
7181,1
7182,0
7183,1
7184,0
7185,1
7186,0
7187,4
7188,1
7189,1
7190,1
7191,2
7192,0
7193,0
7194,0
7195,0
7196,2
7197,4
7198,4
7199,0
7200,0
7201,1
7202,0
7203,0
7204,1
7205,2
7206,2
7207,2
7208,0
7209,0
7210,0
7211,0
7212,3
7213,0
7214,0
7215,0
7216,0
7217,1
7218,1
7219,1
7220,0
7221,0
7222,0
7223,2
7224,2
7225,1
7226,4
7227,1
7228,8
7229,0
7230,0
7231,0
7232,2
7233,1
7234,0
7235,0
7236,2
7237,0
7238,1
7239,1
7240,1
7241,1
7242,0
7243,1
7244,3
7245,1
7246,1
7247,1
7248,2
7249,0
7250,0
7251,3
7252,0
7253,1
7254,2
7255,3
7256,0
7257,2
7258,1
7259,0
7260,0
7261,1
7262,0
7263,1
7264,1
7265,0
7266,0
7267,1
7268,1
7269,0
7270,2
7271,2
7272,0
7273,1
7274,1
7275,0
7276,0
7277,1
7278,0
7279,1
7280,0
7281,0
7282,3
7283,0
7284,2
7285,1
7286,0
7287,3
7288,0
7289,0
7290,0
7291,1
7292,1
7293,2
7294,1
7295,1
7296,2
7297,1
7298,2
7299,0
7300,0
7301,1
7302,2
7303,0
7304,3
7305,2
7306,0
7307,1
7308,1
7309,2
7310,3
7311,1
7312,0
7313,4
7314,3
7315,0
7316,4
7317,1
7318,2
7319,4
7320,1
7321,3
7322,0
7323,2
7324,0
7325,1
7326,0
7327,0
7328,4
7329,1
7330,1
7331,0
7332,1
7333,1
7334,1
7335,0
7336,0
7337,2
7338,1
7339,1
7340,2
7341,3
7342,3
7343,1
7344,1
7345,0
7346,0
7347,0
7348,2
7349,3
7350,0
7351,0
7352,2
7353,0
7354,0
7355,1
7356,2
7357,0
7358,0
7359,3
7360,0
7361,1
7362,0
7363,2
7364,0
7365,0
7366,1
7367,3
7368,2
7369,2
7370,1
7371,1
7372,0
7373,0
7374,0
7375,1
7376,0
7377,0
7378,4
7379,2
7380,1
7381,3
7382,3
7383,1
7384,1
7385,0
7386,0
7387,2
7388,0
7389,0
7390,2
7391,0
7392,0
7393,0
7394,0
7395,1
7396,0
7397,0
7398,2
7399,0
7400,0
7401,0
7402,2
7403,6
7404,3
7405,3
7406,0
7407,2
7408,2
7409,1
7410,2
7411,0
7412,0
7413,2
7414,0
7415,2
7416,0
7417,1
7418,1
7419,1
7420,0
7421,1
7422,2
7423,1
7424,0
7425,2
7426,1
7427,0
7428,2
7429,0
7430,1
7431,1
7432,1
7433,1
7434,0
7435,2
7436,0
7437,0
7438,2
7439,2
7440,0
7441,1
7442,1
7443,0
7444,0
7445,0
7446,2
7447,0
7448,2
7449,2
7450,3
7451,0
7452,0
7453,0
7454,1
7455,0
7456,0
7457,2
7458,0
7459,0
7460,2
7461,2
7462,0
7463,2
7464,1
7465,2
7466,2
7467,1
7468,2
7469,2
7470,0
7471,3
7472,5
7473,0
7474,2
7475,0
7476,2
7477,1
7478,2
7479,3
7480,0
7481,2
7482,2
7483,7
7484,2
7485,0
7486,1
7487,0
7488,3
7489,2
7490,0
7491,1
7492,1
7493,0
7494,3
7495,2
7496,2
7497,2
7498,3
7499,1
7500,0
7501,6
7502,2
7503,3
7504,1
7505,2
7506,1
7507,1
7508,2
7509,0
7510,2
7511,0
7512,0
7513,0
7514,2
7515,2
7516,5
7517,0
7518,0
7519,0
7520,2
7521,0
7522,1
7523,0
7524,2
7525,0
7526,2
7527,1
7528,1
7529,1
7530,1
7531,3
7532,2
7533,1
7534,0
7535,0
7536,4
7537,0
7538,2
7539,1
7540,2
7541,1
7542,2
7543,3
7544,4
7545,0
7546,1
7547,1
7548,0
7549,0
7550,1
7551,1
7552,1
7553,0
7554,1
7555,1
7556,2
7557,0
7558,2
7559,4
7560,1
7561,2
7562,0
7563,1
7564,0
7565,0
7566,0
7567,1
7568,4
7569,0
7570,0
7571,3
7572,2
7573,3
7574,1
7575,0
7576,0
7577,1
7578,0
7579,0
7580,1
7581,3
7582,2
7583,0
7584,3
7585,0
7586,4
7587,0
7588,1
7589,1
7590,0
7591,1
7592,0
7593,2
7594,1
7595,1
7596,1
7597,0
7598,4
7599,3
7600,0
7601,0
7602,0
7603,1
7604,1
7605,2
7606,1
7607,1
7608,1
7609,1
7610,0
7611,0
7612,3
7613,1
7614,1
7615,2
7616,0
7617,0
7618,1
7619,1
7620,1
7621,1
7622,2
7623,3
7624,2
7625,1
7626,1
7627,0
7628,0
7629,1
7630,0
7631,2
7632,3
7633,2
7634,0
7635,0
7636,0
7637,0
7638,4
7639,1
7640,2
7641,0
7642,1
7643,1
7644,0
7645,1
7646,0
7647,0
7648,1
7649,6
7650,0
7651,1
7652,3
7653,1
7654,2
7655,2
7656,2
7657,1
7658,3
7659,0
7660,3
7661,1
7662,0
7663,3
7664,1
7665,0
7666,2
7667,0
7668,2
7669,0
7670,1
7671,2
7672,1
7673,2
7674,3
7675,3
7676,1
7677,2
7678,0
7679,2
7680,1
7681,0
7682,2
7683,0
7684,0
7685,3
7686,1
7687,3
7688,0
7689,2
7690,3
7691,1
7692,2
7693,2
7694,2
7695,0
7696,1
7697,1
7698,2
7699,0
7700,0
7701,0
7702,1
7703,3
7704,2
7705,0
7706,4
7707,2
7708,0
7709,1
7710,1
7711,1
7712,0
7713,1
7714,0
7715,0
7716,3
7717,0
7718,3
7719,0
7720,1
7721,1
7722,1
7723,1
7724,1
7725,3
7726,1
7727,0
7728,2
7729,1
7730,0
7731,2
7732,0
7733,1
7734,0
7735,1
7736,1
7737,1
7738,1
7739,0
7740,1
7741,1
7742,0
7743,2
7744,0
7745,1
7746,2
7747,0
7748,2
7749,1
7750,2
7751,0
7752,2
7753,3
7754,2
7755,0
7756,1
7757,1
7758,0
7759,1
7760,0
7761,1
7762,1
7763,2
7764,0
7765,0
7766,0
7767,0
7768,3
7769,0
7770,0
7771,3
7772,2
7773,0
7774,1
7775,1
7776,2
7777,0
7778,0
7779,5
7780,0
7781,0
7782,4
7783,0
7784,1
7785,0
7786,0
7787,1
7788,0
7789,4
7790,2
7791,0
7792,1
7793,0
7794,1
7795,2
7796,1
7797,2
7798,1
7799,4
7800,0
7801,2
7802,3
7803,0
7804,0
7805,1
7806,0
7807,1
7808,1
7809,0
7810,3
7811,2
7812,2
7813,1
7814,1
7815,0
7816,1
7817,3
7818,0
7819,3
7820,4
7821,2
7822,0
7823,1
7824,0
7825,0
7826,2
7827,3
7828,1
7829,0
7830,1
7831,0
7832,1
7833,2
7834,5
7835,2
7836,3
7837,2
7838,1
7839,0
7840,3
7841,1
7842,0
7843,1
7844,2
7845,1
7846,2
7847,1
7848,1
7849,2
7850,0
7851,3
7852,1
7853,1
7854,0
7855,1
7856,0
7857,2
7858,0
7859,2
7860,1
7861,0
7862,2
7863,1
7864,2
7865,0
7866,1
7867,0
7868,2
7869,0
7870,2
7871,0
7872,0
7873,0
7874,2
7875,0
7876,1
7877,1
7878,4
7879,0
7880,0
7881,2
7882,0
7883,0
7884,0
7885,3
7886,1
7887,0
7888,1
7889,3
7890,0
7891,1
7892,0
7893,0
7894,1
7895,0
7896,1
7897,3
7898,0
7899,1
7900,1
7901,0
7902,2
7903,4
7904,0
7905,0
7906,1
7907,0
7908,1
7909,1
7910,2
7911,0
7912,0
7913,0
7914,1
7915,0
7916,1
7917,2
7918,0
7919,0
7920,3
7921,0
7922,2
7923,0
7924,2
7925,0
7926,0
7927,1
7928,3
7929,0
7930,0
7931,1
7932,1
7933,3
7934,2
7935,1
7936,2
7937,0
7938,1
7939,0
7940,0
7941,0
7942,1
7943,1
7944,0
7945,1
7946,1
7947,3
7948,1
7949,0
7950,0
7951,0
7952,3
7953,0
7954,2
7955,3
7956,2
7957,0
7958,0
7959,4
7960,1
7961,0
7962,1
7963,0
7964,0
7965,2
7966,3
7967,0
7968,0
7969,3
7970,0
7971,2
7972,1
7973,3
7974,0
7975,0
7976,0
7977,3
7978,1
7979,0
7980,0
7981,3
7982,3
7983,2
7984,0
7985,0
7986,2
7987,0
7988,1
7989,0
7990,0
7991,0
7992,0
7993,0
7994,0
7995,1
7996,0
7997,3
7998,0
7999,1
8000,0
8001,0
8002,0
8003,0
8004,1
8005,0
8006,0
8007,1
8008,0
8009,2
8010,1
8011,1
8012,1
8013,0
8014,4
8015,1
8016,1
8017,0
8018,2
8019,1
8020,2
8021,0
8022,3
8023,4
8024,2
8025,1
8026,0
8027,1
8028,0
8029,3
8030,0
8031,3
8032,2
8033,0
8034,0
8035,1
8036,0
8037,0
8038,0
8039,4
8040,0
8041,1
8042,1
8043,2
8044,2
8045,0
8046,0
8047,2
8048,1
8049,0
8050,2
8051,2
8052,0
8053,3
8054,1
8055,1
8056,0
8057,2
8058,4
8059,0
8060,1
8061,0
8062,0
8063,0
8064,0
8065,1
8066,0
8067,0
8068,2
8069,2
8070,2
8071,2
8072,2
8073,1
8074,1
8075,1
8076,2
8077,1
8078,1
8079,5
8080,1
8081,1
8082,1
8083,0
8084,4
8085,1
8086,0
8087,2
8088,1
8089,1
8090,0
8091,0
8092,2
8093,3
8094,0
8095,2
8096,0
8097,1
8098,1
8099,1
8100,0
8101,0
8102,2
8103,1
8104,0
8105,1
8106,0
8107,0
8108,0
8109,3
8110,1
8111,1
8112,2
8113,3
8114,2
8115,3
8116,0
8117,0
8118,2
8119,1
8120,1
8121,1
8122,2
8123,1
8124,2
8125,2
8126,1
8127,2
8128,0
8129,1
8130,0
8131,0
8132,1
8133,1
8134,3
8135,0
8136,0
8137,1
8138,0
8139,0
8140,0
8141,0
8142,1
8143,1
8144,2
8145,1
8146,1
8147,1
8148,3
8149,0
8150,2
8151,0
8152,1
8153,1
8154,0
8155,3
8156,3
8157,5
8158,0
8159,0
8160,2
8161,3
8162,1
8163,1
8164,2
8165,2
8166,0
8167,0
8168,2
8169,3
8170,3
8171,2
8172,2
8173,2
8174,2
8175,0
8176,1
8177,2
8178,1
8179,1
8180,0
8181,1
8182,0
8183,1
8184,0
8185,2
8186,2
8187,1
8188,3
8189,0
8190,0
8191,2
8192,1
8193,1
8194,1
8195,2
8196,0
8197,2
8198,0
8199,1
8200,1
8201,0
8202,0
8203,2
8204,1
8205,1
8206,0
8207,2
8208,3
8209,6
8210,2
8211,0
8212,0
8213,0
8214,1
8215,3
8216,3
8217,1
8218,1
8219,0
8220,1
8221,0
8222,2
8223,3
8224,1
8225,1
8226,1
8227,1
8228,0
8229,0
8230,2
8231,1
8232,0
8233,1
8234,2
8235,1
8236,4
8237,1
8238,0
8239,2
8240,1
8241,0
8242,0
8243,2
8244,1
8245,3
8246,1
8247,2
8248,0
8249,0
8250,1
8251,3
8252,2
8253,1
8254,0
8255,3
8256,0
8257,0
8258,1
8259,2
8260,0
8261,1
8262,1
8263,4
8264,0
8265,3
8266,1
8267,0
8268,0
8269,1
8270,0
8271,0
8272,1
8273,0
8274,0
8275,1
8276,0
8277,0
8278,0
8279,2
8280,0
8281,0
8282,0
8283,0
8284,2
8285,1
8286,1
8287,1
8288,1
8289,4
8290,0
8291,0
8292,2
8293,0
8294,0
8295,1
8296,1
8297,2
8298,1
8299,1
8300,0
8301,3
8302,1
8303,2
8304,0
8305,1
8306,1
8307,0
8308,1
8309,2
8310,4
8311,4
8312,2
8313,1
8314,1
8315,2
8316,0
8317,1
8318,2
8319,0
8320,0
8321,1
8322,2
8323,0
8324,0
8325,0
8326,2
8327,1
8328,0
8329,2
8330,0
8331,0
8332,4
8333,0
8334,0
8335,0
8336,0
8337,1
8338,1
8339,1
8340,1
8341,1
8342,1
8343,1
8344,2
8345,1
8346,0
8347,4
8348,1
8349,1
8350,1
8351,2
8352,0
8353,1
8354,1
8355,2
8356,0
8357,2
8358,1
8359,3
8360,0
8361,1
8362,0
8363,1
8364,0
8365,1
8366,1
8367,2
8368,0
8369,1
8370,2
8371,1
8372,1
8373,1
8374,1
8375,1
8376,1
8377,1
8378,1
8379,0
8380,1
8381,3
8382,0
8383,1
8384,1
8385,3
8386,2
8387,0
8388,1
8389,1
8390,1
8391,1
8392,2
8393,0
8394,0
8395,2
8396,1
8397,2
8398,1
8399,1
8400,2
8401,1
8402,0
8403,1
8404,1
8405,1
8406,1
8407,0
8408,3
8409,3
8410,1
8411,1
8412,1
8413,1
8414,1
8415,0
8416,1
8417,2
8418,0
8419,0
8420,0
8421,0
8422,3
8423,1
8424,2
8425,1
8426,0
8427,1
8428,0
8429,0
8430,5
8431,0
8432,2
8433,4
8434,2
8435,0
8436,0
8437,2
8438,1
8439,1
8440,1
8441,3
8442,2
8443,1
8444,1
8445,2
8446,2
8447,2
8448,2
8449,1
8450,1
8451,0
8452,0
8453,1
8454,0
8455,0
8456,0
8457,2
8458,2
8459,1
8460,1
8461,0
8462,2
8463,0
8464,2
8465,0
8466,2
8467,1
8468,0
8469,3
8470,4
8471,2
8472,1
8473,1
8474,0
8475,3
8476,1
8477,0
8478,0
8479,0
8480,2
8481,2
8482,1
8483,0
8484,2
8485,1
8486,0
8487,2
8488,2
8489,0
8490,1
8491,0
8492,2
8493,1
8494,0
8495,0
8496,0
8497,0
8498,2
8499,1
8500,1
8501,0
8502,0
8503,0
8504,1
8505,0
8506,1
8507,1
8508,0
8509,0
8510,1
8511,3
8512,3
8513,1
8514,0
8515,0
8516,0
8517,0
8518,2
8519,2
8520,1
8521,5
8522,5
8523,0
8524,0
8525,1
8526,0
8527,1
8528,2
8529,1
8530,0
8531,1
8532,1
8533,0
8534,3
8535,0
8536,0
8537,0
8538,1
8539,0
8540,0
8541,2
8542,2
8543,0
8544,3
8545,2
8546,0
8547,1
8548,2
8549,0
8550,0
8551,0
8552,0
8553,1
8554,1
8555,0
8556,1
8557,1
8558,0
8559,4
8560,1
8561,7
8562,2
8563,1
8564,2
8565,2
8566,2
8567,1
8568,1
8569,2
8570,2
8571,1
8572,0
8573,0
8574,1
8575,0
8576,1
8577,0
8578,1
8579,0
8580,2
8581,0
8582,1
8583,0
8584,2
8585,1
8586,2
8587,4
8588,2
8589,0
8590,1
8591,1
8592,0
8593,2
8594,0
8595,0
8596,1
8597,0
8598,0
8599,3
8600,2
8601,0
8602,0
8603,1
8604,1
8605,0
8606,2
8607,2
8608,1
8609,1
8610,1
8611,3
8612,0
8613,2
8614,1
8615,0
8616,0
8617,0
8618,2
8619,0
8620,1
8621,1
8622,1
8623,4
8624,1
8625,2
8626,0
8627,1
8628,0
8629,2
8630,1
8631,2
8632,3
8633,2
8634,0
8635,1
8636,0
8637,2
8638,1
8639,1
8640,1
8641,1
8642,0
8643,1
8644,0
8645,2
8646,1
8647,0
8648,1
8649,1
8650,0
8651,1
8652,3
8653,2
8654,2
8655,0
8656,1
8657,1
8658,0
8659,1
8660,3
8661,0
8662,0
8663,3
8664,0
8665,0
8666,0
8667,0
8668,0
8669,5
8670,1
8671,1
8672,1
8673,0
8674,0
8675,0
8676,0
8677,0
8678,2
8679,1
8680,0
8681,1
8682,0
8683,0
8684,3
8685,0
8686,1
8687,1
8688,0
8689,0
8690,1
8691,4
8692,2
8693,1
8694,2
8695,1
8696,0
8697,2
8698,1
8699,2
8700,0
8701,3
8702,1
8703,0
8704,3
8705,0
8706,3
8707,0
8708,2
8709,0
8710,2
8711,2
8712,1
8713,0
8714,1
8715,1
8716,2
8717,1
8718,0
8719,2
8720,2
8721,2
8722,1
8723,0
8724,2
8725,2
8726,3
8727,0
8728,0
8729,2
8730,0
8731,2
8732,2
8733,1
8734,0
8735,0
8736,1
8737,3
8738,3
8739,1
8740,2
8741,0
8742,0
8743,1
8744,0
8745,5
8746,1
8747,1
8748,1
8749,1
8750,2
8751,1
8752,0
8753,2
8754,2
8755,0
8756,2
8757,0
8758,1
8759,1
8760,2
8761,1
8762,0
8763,0
8764,1
8765,0
8766,1
8767,2
8768,2
8769,1
8770,0
8771,3
8772,0
8773,1
8774,1
8775,0
8776,2
8777,1
8778,1
8779,2
8780,3
8781,1
8782,1
8783,1
8784,1
8785,1
8786,1
8787,2
8788,0
8789,1
8790,2
8791,1
8792,1
8793,2
8794,0
8795,0
8796,0
8797,3
8798,2
8799,0
8800,0
8801,0
8802,2
8803,2
8804,4
8805,3
8806,1
8807,0
8808,1
8809,1
8810,1
8811,1
8812,0
8813,0
8814,0
8815,1
8816,0
8817,3
8818,3
8819,3
8820,1
8821,0
8822,0
8823,0
8824,0
8825,0
8826,2
8827,1
8828,0
8829,2
8830,1
8831,1
8832,0
8833,1
8834,0
8835,1
8836,1
8837,2
8838,0
8839,1
8840,0
8841,0
8842,2
8843,3
8844,2
8845,0
8846,2
8847,0
8848,3
8849,1
8850,0
8851,1
8852,0
8853,1
8854,0
8855,1
8856,3
8857,1
8858,0
8859,0
8860,1
8861,2
8862,1
8863,3
8864,1
8865,0
8866,1
8867,0
8868,1
8869,3
8870,1
8871,1
8872,1
8873,0
8874,1
8875,0
8876,1
8877,1
8878,1
8879,4
8880,1
8881,1
8882,3
8883,1
8884,2
8885,0
8886,0
8887,0
8888,0
8889,0
8890,0
8891,2
8892,0
8893,0
8894,0
8895,1
8896,1
8897,3
8898,3
8899,4
8900,2
8901,0
8902,0
8903,0
8904,0
8905,3
8906,2
8907,0
8908,0
8909,1
8910,2
8911,1
8912,1
8913,0
8914,0
8915,2
8916,3
8917,2
8918,3
8919,0
8920,0
8921,0
8922,1
8923,2
8924,1
8925,0
8926,4
8927,2
8928,3
8929,0
8930,0
8931,2
8932,0
8933,1
8934,1
8935,1
8936,1
8937,3
8938,0
8939,2
8940,2
8941,2
8942,1
8943,4
8944,2
8945,1
8946,3
8947,0
8948,1
8949,3
8950,1
8951,5
8952,4
8953,0
8954,0
8955,1
8956,3
8957,1
8958,1
8959,3
8960,0
8961,0
8962,1
8963,1
8964,2
8965,2
8966,4
8967,3
8968,1
8969,4
8970,2
8971,3
8972,2
8973,1
8974,1
8975,0
8976,1
8977,0
8978,1
8979,1
8980,2
8981,0
8982,2
8983,0
8984,1
8985,0
8986,2
8987,3
8988,0
8989,2
8990,1
8991,0
8992,1
8993,0
8994,1
8995,0
8996,0
8997,1
8998,0
8999,1
9000,1
9001,1
9002,0
9003,0
9004,3
9005,1
9006,2
9007,0
9008,1
9009,0
9010,4
9011,0
9012,0
9013,0
9014,2
9015,0
9016,0
9017,1
9018,0
9019,0
9020,1
9021,2
9022,0
9023,1
9024,1
9025,1
9026,2
9027,1
9028,0
9029,2
9030,2
9031,2
9032,2
9033,1
9034,3
9035,0
9036,2
9037,2
9038,2
9039,2
9040,0
9041,0
9042,2
9043,1
9044,2
9045,1
9046,1
9047,1
9048,1
9049,1
9050,1
9051,4
9052,0
9053,1
9054,1
9055,0
9056,0
9057,1
9058,1
9059,1
9060,1
9061,1
9062,0
9063,1
9064,1
9065,0
9066,1
9067,0
9068,1
9069,1
9070,0
9071,0
9072,1
9073,2
9074,1
9075,2
9076,1
9077,0
9078,2
9079,1
9080,1
9081,1
9082,1
9083,3
9084,0
9085,0
9086,0
9087,1
9088,4
9089,1
9090,2
9091,0
9092,0
9093,0
9094,1
9095,1
9096,0
9097,0
9098,0
9099,1
9100,2
9101,0
9102,0
9103,0
9104,0
9105,0
9106,0
9107,2
9108,2
9109,2
9110,1
9111,0
9112,1
9113,3
9114,0
9115,0
9116,1
9117,2
9118,0
9119,0
9120,2
9121,0
9122,2
9123,1
9124,1
9125,0
9126,0
9127,0
9128,1
9129,0
9130,0
9131,3
9132,0
9133,1
9134,1
9135,3
9136,1
9137,0
9138,3
9139,1
9140,0
9141,0
9142,0
9143,1
9144,0
9145,1
9146,3
9147,0
9148,0
9149,1
9150,0
9151,0
9152,0
9153,1
9154,2
9155,2
9156,0
9157,1
9158,0
9159,2
9160,0
9161,1
9162,0
9163,2
9164,1
9165,0
9166,0
9167,2
9168,0
9169,0
9170,0
9171,2
9172,1
9173,1
9174,2
9175,0
9176,1
9177,1
9178,2
9179,1
9180,0
9181,1
9182,0
9183,1
9184,1
9185,2
9186,3
9187,0
9188,1
9189,0
9190,0
9191,1
9192,0
9193,2
9194,1
9195,0
9196,0
9197,0
9198,2
9199,1
9200,4
9201,1
9202,0
9203,3
9204,1
9205,1
9206,1
9207,2
9208,1
9209,1
9210,0
9211,1
9212,2
9213,1
9214,1
9215,1
9216,1
9217,1
9218,4
9219,0
9220,1
9221,3
9222,1
9223,3
9224,2
9225,0
9226,0
9227,0
9228,0
9229,0
9230,2
9231,0
9232,1
9233,0
9234,1
9235,1
9236,0
9237,2
9238,0
9239,1
9240,2
9241,0
9242,2
9243,0
9244,1
9245,1
9246,0
9247,0
9248,2
9249,0
9250,0
9251,0
9252,1
9253,0
9254,3
9255,0
9256,2
9257,0
9258,2
9259,1
9260,5
9261,0
9262,2
9263,1
9264,1
9265,1
9266,1
9267,1
9268,1
9269,2
9270,1
9271,2
9272,1
9273,0
9274,0
9275,0
9276,3
9277,0
9278,1
9279,0
9280,1
9281,1
9282,1
9283,1
9284,0
9285,2
9286,0
9287,2
9288,0
9289,0
9290,1
9291,0
9292,0
9293,2
9294,0
9295,0
9296,0
9297,0
9298,1
9299,1
9300,1
9301,1
9302,2
9303,1
9304,0
9305,3
9306,0
9307,1
9308,0
9309,1
9310,4
9311,2
9312,0
9313,1
9314,0
9315,0
9316,1
9317,2
9318,0
9319,1
9320,3
9321,2
9322,4
9323,1
9324,1
9325,1
9326,0
9327,4
9328,1
9329,0
9330,1
9331,0
9332,1
9333,2
9334,2
9335,2
9336,0
9337,1
9338,0
9339,3
9340,0
9341,0
9342,3
9343,1
9344,3
9345,0
9346,1
9347,0
9348,0
9349,0
9350,1
9351,1
9352,3
9353,1
9354,0
9355,1
9356,2
9357,3
9358,0
9359,0
9360,2
9361,3
9362,2
9363,1
9364,2
9365,0
9366,1
9367,0
9368,1
9369,2
9370,1
9371,0
9372,1
9373,1
9374,2
9375,3
9376,1
9377,1
9378,1
9379,3
9380,4
9381,0
9382,0
9383,4
9384,0
9385,1
9386,1
9387,0
9388,2
9389,1
9390,1
9391,1
9392,1
9393,3
9394,0
9395,1
9396,1
9397,2
9398,1
9399,1
9400,0
9401,1
9402,0
9403,1
9404,2
9405,1
9406,3
9407,1
9408,3
9409,0
9410,0
9411,1
9412,0
9413,1
9414,1
9415,3
9416,0
9417,2
9418,0
9419,1
9420,2
9421,1
9422,2
9423,2
9424,1
9425,2
9426,0
9427,2
9428,0
9429,0
9430,1
9431,1
9432,0
9433,0
9434,0
9435,0
9436,1
9437,2
9438,0
9439,2
9440,1
9441,1
9442,3
9443,1
9444,1
9445,0
9446,1
9447,0
9448,1
9449,2
9450,4
9451,1
9452,1
9453,0
9454,2
9455,1
9456,0
9457,2
9458,1
9459,1
9460,0
9461,1
9462,0
9463,4
9464,2
9465,0
9466,0
9467,2
9468,1
9469,1
9470,1
9471,1
9472,0
9473,3
9474,2
9475,0
9476,1
9477,1
9478,1
9479,1
9480,1
9481,0
9482,2
9483,3
9484,2
9485,1
9486,0
9487,1
9488,1
9489,1
9490,0
9491,0
9492,0
9493,0
9494,0
9495,1
9496,1
9497,2
9498,1
9499,1
9500,0
9501,0
9502,0
9503,0
9504,1
9505,3
9506,0
9507,1
9508,1
9509,1
9510,1
9511,1
9512,0
9513,3
9514,0
9515,0
9516,1
9517,0
9518,2
9519,0
9520,0
9521,1
9522,0
9523,0
9524,0
9525,0
9526,1
9527,3
9528,4
9529,0
9530,1
9531,0
9532,0
9533,0
9534,1
9535,0
9536,2
9537,0
9538,0
9539,0
9540,0
9541,3
9542,2
9543,0
9544,3
9545,0
9546,3
9547,1
9548,6
9549,0
9550,1
9551,0
9552,1
9553,0
9554,0
9555,1
9556,0
9557,3
9558,1
9559,0
9560,1
9561,2
9562,1
9563,2
9564,1
9565,1
9566,1
9567,2
9568,0
9569,0
9570,0
9571,2
9572,2
9573,0
9574,0
9575,0
9576,2
9577,0
9578,0
9579,0
9580,0
9581,0
9582,1
9583,1
9584,2
9585,1
9586,1
9587,1
9588,0
9589,1
9590,0
9591,0
9592,0
9593,0
9594,3
9595,0
9596,0
9597,1
9598,2
9599,0
9600,0
9601,1
9602,0
9603,0
9604,3
9605,2
9606,2
9607,0
9608,0
9609,1
9610,1
9611,1
9612,1
9613,1
9614,0
9615,0
9616,0
9617,2
9618,0
9619,2
9620,1
9621,0
9622,0
9623,0
9624,2
9625,1
9626,2
9627,1
9628,1
9629,0
9630,1
9631,2
9632,1
9633,3
9634,0
9635,1
9636,1
9637,0
9638,2
9639,2
9640,0
9641,1
9642,3
9643,2
9644,4
9645,0
9646,0
9647,2
9648,2
9649,1
9650,2
9651,1
9652,0
9653,0
9654,1
9655,0
9656,0
9657,0
9658,1
9659,1
9660,0
9661,0
9662,0
9663,2
9664,2
9665,1
9666,0
9667,1
9668,2
9669,3
9670,0
9671,1
9672,0
9673,0
9674,0
9675,2
9676,0
9677,1
9678,1
9679,1
9680,3
9681,0
9682,0
9683,1
9684,0
9685,1
9686,1
9687,2
9688,1
9689,0
9690,0
9691,2
9692,0
9693,1
9694,2
9695,1
9696,2
9697,0
9698,2
9699,0
9700,0
9701,0
9702,4
9703,2
9704,0
9705,1
9706,1
9707,1
9708,2
9709,1
9710,1
9711,2
9712,0
9713,1
9714,1
9715,1
9716,0
9717,2
9718,1
9719,1
9720,2
9721,1
9722,2
9723,2
9724,0
9725,2
9726,2
9727,1
9728,1
9729,0
9730,1
9731,0
9732,0
9733,2
9734,1
9735,1
9736,1
9737,2
9738,0
9739,1
9740,2
9741,1
9742,1
9743,2
9744,1
9745,1
9746,2
9747,0
9748,1
9749,2
9750,1
9751,0
9752,0
9753,1
9754,1
9755,0
9756,1
9757,0
9758,2
9759,2
9760,0
9761,1
9762,1
9763,2
9764,2
9765,0
9766,0
9767,4
9768,0
9769,0
9770,2
9771,1
9772,3
9773,0
9774,1
9775,0
9776,0
9777,1
9778,2
9779,1
9780,0
9781,0
9782,1
9783,1
9784,3
9785,2
9786,0
9787,1
9788,0
9789,0
9790,0
9791,0
9792,1
9793,1
9794,0
9795,0
9796,0
9797,1
9798,0
9799,2
9800,1
9801,2
9802,0
9803,1
9804,0
9805,0
9806,1
9807,1
9808,2
9809,2
9810,1
9811,1
9812,0
9813,1
9814,1
9815,1
9816,1
9817,0
9818,2
9819,1
9820,0
9821,1
9822,0
9823,1
9824,1
9825,2
9826,1
9827,1
9828,0
9829,2
9830,0
9831,2
9832,0
9833,0
9834,1
9835,1
9836,1
9837,3
9838,0
9839,1
9840,0
9841,0
9842,1
9843,3
9844,0
9845,3
9846,0
9847,1
9848,1
9849,1
9850,0
9851,0
9852,0
9853,1
9854,2
9855,3
9856,0
9857,1
9858,1
9859,2
9860,2
9861,3
9862,1
9863,0
9864,1
9865,3
9866,3
9867,2
9868,0
9869,2
9870,1
9871,1
9872,3
9873,3
9874,2
9875,0
9876,2
9877,2
9878,0
9879,1
9880,0
9881,0
9882,1
9883,0
9884,1
9885,1
9886,4
9887,1
9888,2
9889,1
9890,2
9891,2
9892,0
9893,1
9894,2
9895,0
9896,1
9897,0
9898,2
9899,1
9900,0
9901,0
9902,1
9903,1
9904,1
9905,1
9906,2
9907,0
9908,0
9909,1
9910,2
9911,0
9912,1
9913,0
9914,0
9915,3
9916,2
9917,1
9918,0
9919,1
9920,2
9921,0
9922,2
9923,1
9924,0
9925,1
9926,1
9927,0
9928,0
9929,3
9930,0
9931,3
9932,1
9933,0
9934,1
9935,1
9936,3
9937,1
9938,0
9939,2
9940,3
9941,2
9942,0
9943,0
9944,2
9945,0
9946,1
9947,2
9948,0
9949,0
9950,2
9951,1
9952,1
9953,1
9954,0
9955,0
9956,1
9957,2
9958,1
9959,1
9960,2
9961,0
9962,2
9963,0
9964,0
9965,0
9966,0
9967,2
9968,1
9969,0
9970,1
9971,0
9972,1
9973,0
9974,1
9975,3
9976,2
9977,0
9978,0
9979,3
9980,3
9981,1
9982,0
9983,1
9984,2
9985,0
9986,0
9987,3
9988,1
9989,1
9990,1
9991,1
9992,0
9993,1
9994,2
9995,1
9996,1
9997,1
9998,2
9999,0
