0,58
1,83
2,36
3,221
4,100
5,2
6,79
7,21
8,0
9,26
10,26
11,68
12,18
13,1
14,21
15,8
16,61
17,121
18,12
19,7
20,1
21,47
22,54
23,104
24,21
25,7
26,0
27,9
28,0
29,2
30,0
31,0
32,20
33,27
34,28
35,44
36,23
37,9
38,31
39,17
40,6
41,14
42,0
43,0
44,3
45,9
46,0
47,11
48,0
49,7
50,58
51,53
52,30
53,27
54,0
55,0
56,0
57,2
58,3
59,4
60,3
61,0
62,0
63,14
64,65
65,5
66,11
67,6
68,5
69,8
70,0
71,7
72,15
73,0
74,15
75,18
76,16
77,10
78,30
79,83
80,18
81,0
82,0
83,0
84,24
85,0
86,32
87,7
88,5
89,7
90,7
91,1
92,0
93,0
94,11
95,6
96,17
97,0
98,0
99,11
100,16
101,12
102,0
103,0
104,5
105,31
106,20
107,11
108,7
109,0
110,44
111,0
112,0
113,2
114,0
115,10
116,0
117,0
118,0
119,1
120,0
121,22
122,16
123,3
124,55
125,9
126,14
127,0
128,3
129,20
130,0
131,0
132,4
133,13
134,0
135,10
136,0
137,12
138,4
139,0
140,1
141,57
142,8
143,27
144,3
145,0
146,0
147,9
148,0
149,16
150,2
151,37
152,0
153,0
154,36
155,8
156,4
157,10
158,5
159,22
160,0
161,7
162,1
163,0
164,1
165,0
166,4
167,0
168,1
169,4
170,0
171,0
172,19
173,28
174,0
175,15
176,13
177,5
178,1
179,7
180,7
181,4
182,0
183,0
184,0
185,0
186,7
187,37
188,3
189,18
190,3
191,0
192,0
193,1
194,0
195,7
196,0
197,0
198,7
199,0
200,4
201,2
202,0
203,2
204,24
205,0
206,6
207,0
208,18
209,2
210,22
211,22
212,28
213,0
214,0
215,13
216,0
217,6
218,25
219,0
220,0
221,2
222,0
223,7
224,30
225,1
226,5
227,11
228,6
229,8
230,5
231,17
232,12
233,0
234,8
235,0
236,14
237,0
238,6
239,0
240,0
241,8
242,0
243,10
244,10
245,12
246,1
247,0
248,3
249,0
250,11
251,0
252,18
253,0
254,0
255,14
256,3
257,0
258,0
259,2
260,18
261,0
262,0
263,0
264,2
265,0
266,0
267,0
268,23
269,0
270,0
271,0
272,0
273,18
274,0
275,0
276,0
277,3
278,0
279,10
280,2
281,4
282,10
283,0
284,23
285,21
286,4
287,0
288,7
289,6
290,4
291,17
292,50
293,0
294,0
295,0
296,3
297,0
298,1
299,0
300,0
301,5
302,1
303,3
304,11
305,0
306,0
307,0
308,2
309,0
310,0
311,0
312,32
313,8
314,13
315,9
316,4
317,15
318,4
319,5
320,6
321,4
322,16
323,13
324,0
325,0
326,5
327,0
328,2
329,6
330,26
331,6
332,0
333,0
334,0
335,0
336,10
337,10
338,6
339,2
340,1
341,2
342,22
343,19
344,0
345,3
346,0
347,10
348,4
349,0
350,19
351,0
352,6
353,0
354,0
355,3
356,6
357,0
358,2
359,0
360,0
361,0
362,5
363,0
364,2
365,0
366,0
367,0
368,1
369,3
370,0
371,7
372,7
373,2
374,1
375,3
376,4
377,4
378,10
379,4
380,0
381,6
382,7
383,1
384,33
385,0
386,0
387,2
388,0
389,13
390,0
391,21
392,3
393,0
394,2
395,19
396,1
397,22
398,6
399,22
400,4
401,7
402,6
403,0
404,0
405,0
406,1
407,0
408,11
409,3
410,2
411,5
412,7
413,4
414,7
415,26
416,2
417,0
418,0
419,5
420,0
421,4
422,8
423,11
424,10
425,0
426,10
427,6
428,1
429,2
430,0
431,4
432,0
433,1
434,3
435,0
436,4
437,2
438,4
439,5
440,3
441,7
442,12
443,5
444,24
445,11
446,2
447,9
448,0
449,11
450,3
451,0
452,0
453,4
454,11
455,0
456,0
457,4
458,0
459,0
460,0
461,0
462,18
463,7
464,12
465,0
466,29
467,1
468,0
469,2
470,23
471,4
472,1
473,3
474,1
475,0
476,0
477,9
478,11
479,0
480,5
481,1
482,15
483,3
484,0
485,4
486,0
487,5
488,0
489,0
490,36
491,0
492,0
493,0
494,6
495,10
496,2
497,10
498,10
499,0
500,4
501,0
502,4
503,0
504,0
505,0
506,1
507,20
508,0
509,0
510,2
511,1
512,8
513,0
514,0
515,0
516,0
517,6
518,1
519,0
520,2
521,0
522,10
523,1
524,16
525,4
526,0
527,21
528,0
529,7
530,4
531,20
532,0
533,0
534,0
535,1
536,1
537,1
538,3
539,6
540,0
541,0
542,0
543,0
544,14
545,5
546,8
547,2
548,0
549,1
550,7
551,0
552,11
553,7
554,2
555,0
556,8
557,0
558,15
559,0
560,2
561,12
562,1
563,8
564,3
565,3
566,5
567,0
568,0
569,0
570,0
571,4
572,7
573,0
574,1
575,2
576,0
577,5
578,0
579,3
580,0
581,3
582,12
583,1
584,8
585,0
586,9
587,5
588,5
589,0
590,37
591,14
592,5
593,4
594,2
595,7
596,0
597,3
598,0
599,0
600,2
601,18
602,2
603,3
604,1
605,0
606,0
607,3
608,3
609,8
610,0
611,9
612,0
613,0
614,1
615,4
616,2
617,6
618,16
619,3
620,0
621,23
622,0
623,3
624,4
625,0
626,0
627,19
628,0
629,6
630,4
631,4
632,13
633,8
634,0
635,10
636,0
637,0
638,0
639,12
640,0
641,2
642,0
643,7
644,2
645,1
646,6
647,0
648,0
649,5
650,10
651,0
652,0
653,6
654,0
655,0
656,0
657,4
658,1
659,0
660,0
661,0
662,0
663,0
664,2
665,0
666,13
667,8
668,4
669,13
670,3
671,0
672,5
673,0
674,0
675,7
676,0
677,0
678,0
679,0
680,2
681,0
682,0
683,1
684,3
685,1
686,0
687,1
688,0
689,13
690,0
691,9
692,5
693,6
694,0
695,0
696,0
697,0
698,0
699,20
700,0
701,10
702,0
703,0
704,2
705,1
706,1
707,4
708,2
709,5
710,0
711,6
712,5
713,1
714,0
715,0
716,0
717,10
718,0
719,0
720,7
721,4
722,4
723,3
724,7
725,5
726,8
727,8
728,2
729,0
730,3
731,2
732,2
733,10
734,0
735,2
736,2
737,23
738,7
739,0
740,6
741,7
742,0
743,1
744,0
745,1
746,7
747,0
748,1
749,3
750,2
751,7
752,6
753,6
754,1
755,10
756,8
757,3
758,2
759,9
760,0
761,2
762,0
763,7
764,1
765,0
766,0
767,2
768,0
769,9
770,7
771,8
772,13
773,0
774,17
775,3
776,0
777,2
778,4
779,0
780,0
781,10
782,0
783,0
784,3
785,3
786,1
787,0
788,0
789,4
790,8
791,2
792,18
793,0
794,4
795,4
796,0
797,0
798,3
799,5
800,0
801,0
802,0
803,0
804,2
805,3
806,11
807,9
808,0
809,3
810,12
811,0
812,3
813,1
814,2
815,0
816,0
817,0
818,2
819,6
820,7
821,0
822,2
823,0
824,4
825,1
826,0
827,0
828,2
829,0
830,8
831,0
832,9
833,8
834,0
835,7
836,9
837,8
838,0
839,5
840,13
841,6
842,3
843,3
844,17
845,2
846,9
847,11
848,0
849,13
850,4
851,15
852,0
853,4
854,0
855,5
856,6
857,0
858,6
859,0
860,0
861,0
862,7
863,8
864,7
865,2
866,10
867,8
868,5
869,1
870,2
871,4
872,0
873,14
874,0
875,0
876,3
877,1
878,13
879,0
880,0
881,0
882,20
883,0
884,5
885,0
886,0
887,0
888,1
889,0
890,4
891,1
892,1
893,2
894,0
895,22
896,0
897,13
898,9
899,16
900,1
901,7
902,1
903,0
904,0
905,7
906,1
907,0
908,10
909,3
910,17
911,10
912,3
913,5
914,0
915,2
916,0
917,7
918,7
919,2
920,2
921,3
922,0
923,0
924,2
925,0
926,0
927,4
928,0
929,9
930,0
931,0
932,2
933,0
934,0
935,1
936,0
937,0
938,1
939,0
940,32
941,7
942,4
943,3
944,0
945,7
946,0
947,0
948,4
949,0
950,0
951,0
952,0
953,1
954,0
955,2
956,4
957,0
958,0
959,0
960,2
961,1
962,0
963,1
964,16
965,0
966,12
967,0
968,4
969,17
970,8
971,14
972,0
973,2
974,8
975,0
976,3
977,1
978,6
979,6
980,0
981,0
982,15
983,2
984,0
985,9
986,0
987,0
988,0
989,2
990,0
991,2
992,0
993,0
994,1
995,2
996,5
997,7
998,7
999,0
1000,0
1001,0
1002,0
1003,0
1004,0
1005,5
1006,0
1007,0
1008,7
1009,2
1010,0
1011,0
1012,0
1013,0
1014,5
1015,7
1016,0
1017,5
1018,3
1019,0
1020,6
1021,3
1022,0
1023,9
1024,0
1025,0
1026,3
1027,5
1028,1
1029,2
1030,2
1031,7
1032,5
1033,5
1034,0
1035,5
1036,0
1037,1
1038,2
1039,20
1040,0
1041,1
1042,0
1043,0
1044,22
1045,5
1046,0
1047,0
1048,0
1049,0
1050,8
1051,0
1052,12
1053,0
1054,0
1055,2
1056,12
1057,4
1058,0
1059,8
1060,5
1061,0
1062,0
1063,4
1064,0
1065,0
1066,0
1067,0
1068,10
1069,0
1070,0
1071,0
1072,0
1073,5
1074,6
1075,1
1076,3
1077,4
1078,0
1079,4
1080,8
1081,0
1082,2
1083,4
1084,1
1085,2
1086,0
1087,3
1088,4
1089,11
1090,6
1091,1
1092,6
1093,23
1094,0
1095,2
1096,0
1097,0
1098,0
1099,0
1100,2
1101,4
1102,0
1103,4
1104,0
1105,5
1106,0
1107,8
1108,2
1109,0
1110,0
1111,2
1112,8
1113,7
1114,4
1115,0
1116,5
1117,20
1118,0
1119,0
1120,2
1121,5
1122,17
1123,8
1124,7
1125,0
1126,4
1127,5
1128,11
1129,0
1130,5
1131,8
1132,0
1133,2
1134,5
1135,1
1136,3
1137,0
1138,0
1139,2
1140,2
1141,5
1142,6
1143,13
1144,0
1145,0
1146,0
1147,0
1148,4
1149,3
1150,2
1151,9
1152,9
1153,2
1154,7
1155,0
1156,1
1157,0
1158,1
1159,3
1160,0
1161,3
1162,6
1163,5
1164,8
1165,5
1166,4
1167,1
1168,0
1169,0
1170,1
1171,0
1172,0
1173,0
1174,1
1175,0
1176,11
1177,0
1178,4
1179,0
1180,0
1181,11
1182,1
1183,3
1184,1
1185,0
1186,14
1187,4
1188,0
1189,2
1190,0
1191,0
1192,0
1193,2
1194,7
1195,0
1196,8
1197,6
1198,5
1199,3
1200,0
1201,8
1202,1
1203,2
1204,11
1205,0
1206,3
1207,3
1208,7
1209,3
1210,0
1211,3
1212,5
1213,0
1214,7
1215,3
1216,14
1217,8
1218,0
1219,1
1220,0
1221,2
1222,7
1223,1
1224,0
1225,2
1226,0
1227,1
1228,0
1229,2
1230,0
1231,4
1232,4
1233,0
1234,0
1235,3
1236,6
1237,0
1238,2
1239,0
1240,0
1241,4
1242,6
1243,0
1244,12
1245,1
1246,0
1247,0
1248,4
1249,23
1250,7
1251,0
1252,2
1253,0
1254,0
1255,0
1256,0
1257,1
1258,5
1259,7
1260,4
1261,3
1262,3
1263,0
1264,0
1265,0
1266,11
1267,0
1268,0
1269,1
1270,5
1271,8
1272,3
1273,1
1274,0
1275,2
1276,3
1277,1
1278,5
1279,2
1280,1
1281,0
1282,3
1283,1
1284,2
1285,1
1286,3
1287,0
1288,4
1289,0
1290,2
1291,3
1292,4
1293,4
1294,0
1295,4
1296,3
1297,1
1298,1
1299,0
1300,3
1301,0
1302,0
1303,5
1304,5
1305,0
1306,0
1307,3
1308,0
1309,0
1310,0
1311,1
1312,3
1313,5
1314,2
1315,2
1316,1
1317,0
1318,0
1319,12
1320,0
1321,8
1322,10
1323,4
1324,0
1325,1
1326,0
1327,9
1328,0
1329,2
1330,3
1331,0
1332,0
1333,0
1334,0
1335,6
1336,8
1337,0
1338,5
1339,0
1340,8
1341,5
1342,0
1343,11
1344,9
1345,7
1346,2
1347,11
1348,13
1349,3
1350,0
1351,0
1352,8
1353,2
1354,0
1355,6
1356,3
1357,1
1358,2
1359,0
1360,2
1361,10
1362,6
1363,0
1364,5
1365,0
1366,0
1367,0
1368,3
1369,4
1370,4
1371,0
1372,2
1373,1
1374,16
1375,0
1376,7
1377,0
1378,9
1379,0
1380,3
1381,5
1382,0
1383,2
1384,3
1385,2
1386,2
1387,2
1388,0
1389,4
1390,1
1391,0
1392,0
1393,1
1394,7
1395,0
1396,0
1397,1
1398,1
1399,0
1400,0
1401,3
1402,1
1403,2
1404,4
1405,5
1406,0
1407,0
1408,3
1409,5
1410,1
1411,0
1412,3
1413,0
1414,7
1415,0
1416,2
1417,1
1418,3
1419,0
1420,0
1421,0
1422,0
1423,2
1424,2
1425,2
1426,9
1427,5
1428,1
1429,0
1430,1
1431,0
1432,0
1433,5
1434,2
1435,3
1436,4
1437,2
1438,5
1439,5
1440,4
1441,4
1442,2
1443,0
1444,0
1445,0
1446,1
1447,0
1448,5
1449,7
1450,0
1451,0
1452,1
1453,4
1454,10
1455,2
1456,3
1457,0
1458,1
1459,3
1460,5
1461,0
1462,14
1463,1
1464,1
1465,0
1466,0
1467,0
1468,0
1469,9
1470,4
1471,0
1472,0
1473,4
1474,0
1475,5
1476,4
1477,0
1478,1
1479,0
1480,2
1481,1
1482,1
1483,0
1484,0
1485,3
1486,0
1487,12
1488,0
1489,0
1490,2
1491,1
1492,0
1493,0
1494,0
1495,1
1496,2
1497,0
1498,3
1499,10
1500,6
1501,2
1502,2
1503,0
1504,0
1505,5
1506,0
1507,0
1508,4
1509,0
1510,0
1511,2
1512,1
1513,6
1514,2
1515,0
1516,0
1517,2
1518,13
1519,1
1520,7
1521,0
1522,5
1523,14
1524,0
1525,0
1526,2
1527,2
1528,0
1529,1
1530,5
1531,6
1532,10
1533,1
1534,0
1535,0
1536,1
1537,2
1538,1
1539,4
1540,0
1541,7
1542,0
1543,6
1544,13
1545,3
1546,4
1547,17
1548,1
1549,6
1550,6
1551,0
1552,0
1553,0
1554,2
1555,12
1556,7
1557,2
1558,2
1559,1
1560,3
1561,1
1562,3
1563,12
1564,2
1565,0
1566,6
1567,0
1568,1
1569,1
1570,3
1571,1
1572,6
1573,0
1574,5
1575,6
1576,5
1577,0
1578,0
1579,10
1580,0
1581,1
1582,1
1583,1
1584,2
1585,3
1586,3
1587,4
1588,7
1589,0
1590,0
1591,0
1592,6
1593,1
1594,6
1595,0
1596,1
1597,0
1598,4
1599,5
1600,3
1601,0
1602,9
1603,0
1604,2
1605,5
1606,0
1607,1
1608,6
1609,3
1610,4
1611,0
1612,0
1613,3
1614,6
1615,1
1616,0
1617,3
1618,0
1619,0
1620,5
1621,0
1622,2
1623,7
1624,6
1625,2
1626,1
1627,11
1628,10
1629,4
1630,0
1631,3
1632,3
1633,2
1634,2
1635,3
1636,5
1637,0
1638,9
1639,0
1640,0
1641,0
1642,0
1643,5
1644,0
1645,0
1646,13
1647,0
1648,0
1649,7
1650,3
1651,5
1652,0
1653,3
1654,0
1655,0
1656,6
1657,1
1658,1
1659,9
1660,1
1661,0
1662,4
1663,1
1664,1
1665,12
1666,3
1667,4
1668,0
1669,4
1670,0
1671,0
1672,0
1673,1
1674,4
1675,1
1676,1
1677,0
1678,5
1679,6
1680,0
1681,0
1682,5
1683,2
1684,0
1685,0
1686,4
1687,0
1688,5
1689,4
1690,3
1691,3
1692,0
1693,0
1694,8
1695,2
1696,2
1697,5
1698,3
1699,1
1700,0
1701,4
1702,0
1703,1
1704,2
1705,7
1706,0
1707,4
1708,5
1709,0
1710,1
1711,0
1712,1
1713,8
1714,4
1715,1
1716,2
1717,1
1718,2
1719,4
1720,0
1721,5
1722,1
1723,2
1724,3
1725,6
1726,0
1727,6
1728,1
1729,0
1730,1
1731,5
1732,3
1733,1
1734,7
1735,6
1736,0
1737,5
1738,4
1739,4
1740,2
1741,5
1742,11
1743,0
1744,1
1745,4
1746,0
1747,0
1748,0
1749,4
1750,5
1751,2
1752,0
1753,13
1754,0
1755,0
1756,8
1757,1
1758,12
1759,0
1760,2
1761,5
1762,2
1763,0
1764,0
1765,0
1766,0
1767,0
1768,6
1769,7
1770,9
1771,0
1772,2
1773,0
1774,0
1775,2
1776,3
1777,5
1778,12
1779,0
1780,1
1781,7
1782,2
1783,0
1784,1
1785,1
1786,1
1787,3
1788,3
1789,2
1790,5
1791,2
1792,0
1793,1
1794,0
1795,0
1796,10
1797,3
1798,3
1799,1
1800,4
1801,4
1802,0
1803,3
1804,3
1805,3
1806,0
1807,0
1808,0
1809,3
1810,3
1811,1
1812,3
1813,0
1814,1
1815,9
1816,2
1817,3
1818,5
1819,0
1820,6
1821,0
1822,2
1823,0
1824,2
1825,5
1826,3
1827,0
1828,1
1829,5
1830,1
1831,8
1832,7
1833,0
1834,4
1835,0
1836,10
1837,0
1838,2
1839,0
1840,2
1841,1
1842,0
1843,1
1844,0
1845,2
1846,8
1847,0
1848,0
1849,0
1850,0
1851,6
1852,0
1853,0
1854,7
1855,1
1856,2
1857,1
1858,1
1859,2
1860,5
1861,3
1862,3
1863,4
1864,1
1865,0
1866,1
1867,2
1868,2
1869,3
1870,0
1871,1
1872,0
1873,2
1874,4
1875,6
1876,0
1877,0
1878,5
1879,2
1880,1
1881,5
1882,0
1883,0
1884,3
1885,7
1886,1
1887,10
1888,0
1889,0
1890,0
1891,4
1892,0
1893,1
1894,0
1895,0
1896,6
1897,7
1898,0
1899,2
1900,0
1901,2
1902,1
1903,3
1904,0
1905,0
1906,2
1907,4
1908,2
1909,1
1910,0
1911,1
1912,3
1913,2
1914,16
1915,0
1916,2
1917,7
1918,3
1919,8
1920,4
1921,10
1922,1
1923,3
1924,2
1925,0
1926,3
1927,3
1928,9
1929,1
1930,2
1931,2
1932,0
1933,0
1934,2
1935,1
1936,13
1937,0
1938,0
1939,0
1940,1
1941,0
1942,0
1943,0
1944,2
1945,4
1946,0
1947,2
1948,3
1949,0
1950,4
1951,1
1952,6
1953,1
1954,3
1955,0
1956,0
1957,4
1958,0
1959,1
1960,2
1961,7
1962,6
1963,7
1964,1
1965,2
1966,6
1967,0
1968,2
1969,0
1970,1
1971,2
1972,10
1973,2
1974,7
1975,1
1976,1
1977,0
1978,0
1979,7
1980,0
1981,3
1982,0
1983,2
1984,0
1985,3
1986,0
1987,0
1988,1
1989,0
1990,0
1991,2
1992,3
1993,0
1994,1
1995,3
1996,0
1997,2
1998,3
1999,1
2000,10
2001,9
2002,1
2003,0
2004,4
2005,0
2006,3
2007,1
2008,2
2009,1
2010,1
2011,6
2012,0
2013,3
2014,0
2015,3
2016,1
2017,6
2018,3
2019,0
2020,3
2021,7
2022,5
2023,3
2024,2
2025,3
2026,1
2027,3
2028,9
2029,1
2030,2
2031,0
2032,0
2033,3
2034,3
2035,1
2036,7
2037,8
2038,0
2039,6
2040,2
2041,1
2042,2
2043,0
2044,2
2045,0
2046,7
2047,0
2048,2
2049,1
2050,2
2051,0
2052,0
2053,5
2054,0
2055,3
2056,2
2057,3
2058,1
2059,8
2060,1
2061,1
2062,2
2063,5
2064,1
2065,0
2066,9
2067,0
2068,0
2069,1
2070,0
2071,2
2072,0
2073,3
2074,0
2075,0
2076,2
2077,0
2078,0
2079,4
2080,0
2081,0
2082,3
2083,2
2084,1
2085,3
2086,0
2087,3
2088,0
2089,0
2090,0
2091,4
2092,7
2093,0
2094,0
2095,1
2096,3
2097,2
2098,1
2099,0
2100,16
2101,0
2102,0
2103,1
2104,0
2105,0
2106,6
2107,0
2108,2
2109,2
2110,0
2111,2
2112,2
2113,0
2114,0
2115,0
2116,0
2117,0
2118,0
2119,0
2120,0
2121,0
2122,0
2123,7
2124,1
2125,0
2126,0
2127,6
2128,4
2129,3
2130,5
2131,2
2132,0
2133,2
2134,0
2135,0
2136,0
2137,0
2138,6
2139,3
2140,4
2141,4
2142,4
2143,0
2144,2
2145,7
2146,2
2147,0
2148,1
2149,1
2150,2
2151,0
2152,9
2153,5
2154,0
2155,1
2156,1
2157,0
2158,2
2159,1
2160,5
2161,0
2162,0
2163,1
2164,0
2165,5
2166,1
2167,0
2168,1
2169,1
2170,8
2171,0
2172,1
2173,0
2174,1
2175,6
2176,1
2177,1
2178,3
2179,0
2180,0
2181,1
2182,1
2183,2
2184,4
2185,0
2186,1
2187,4
2188,7
2189,7
2190,0
2191,0
2192,0
2193,0
2194,1
2195,3
2196,0
2197,0
2198,6
2199,2
2200,8
2201,4
2202,0
2203,0
2204,1
2205,4
2206,1
2207,0
2208,1
2209,0
2210,6
2211,0
2212,0
2213,10
2214,1
2215,2
2216,0
2217,0
2218,3
2219,0
2220,0
2221,2
2222,7
2223,6
2224,0
2225,6
2226,3
2227,0
2228,0
2229,0
2230,6
2231,1
2232,2
2233,6
2234,0
2235,1
2236,3
2237,2
2238,3
2239,2
2240,1
2241,8
2242,3
2243,4
2244,0
2245,0
2246,4
2247,2
2248,1
2249,0
2250,0
2251,2
2252,8
2253,0
2254,0
2255,1
2256,11
2257,2
2258,2
2259,1
2260,1
2261,1
2262,0
2263,7
2264,4
2265,0
2266,1
2267,4
2268,1
2269,0
2270,0
2271,1
2272,0
2273,2
2274,0
2275,2
2276,0
2277,2
2278,1
2279,3
2280,1
2281,2
2282,0
2283,1
2284,3
2285,0
2286,6
2287,3
2288,2
2289,0
2290,3
2291,0
2292,0
2293,1
2294,0
2295,0
2296,0
2297,1
2298,0
2299,0
2300,0
2301,5
2302,3
2303,1
2304,0
2305,0
2306,0
2307,5
2308,0
2309,2
2310,0
2311,0
2312,0
2313,0
2314,6
2315,5
2316,8
2317,5
2318,0
2319,0
2320,2
2321,0
2322,2
2323,3
2324,1
2325,2
2326,5
2327,7
2328,3
2329,10
2330,4
2331,3
2332,0
2333,3
2334,2
2335,5
2336,4
2337,3
2338,0
2339,5
2340,0
2341,0
2342,0
2343,1
2344,1
2345,0
2346,1
2347,5
2348,1
2349,0
2350,4
2351,1
2352,4
2353,4
2354,1
2355,3
2356,4
2357,3
2358,0
2359,6
2360,0
2361,1
2362,10
2363,0
2364,4
2365,0
2366,0
2367,1
2368,0
2369,1
2370,0
2371,0
2372,0
2373,0
2374,0
2375,0
2376,3
2377,1
2378,2
2379,0
2380,0
2381,0
2382,0
2383,0
2384,0
2385,4
2386,4
2387,1
2388,5
2389,0
2390,4
2391,1
2392,3
2393,3
2394,5
2395,2
2396,5
2397,3
2398,0
2399,1
2400,4
2401,1
2402,1
2403,2
2404,3
2405,2
2406,0
2407,3
2408,2
2409,2
2410,0
2411,0
2412,2
2413,2
2414,1
2415,3
2416,1
2417,4
2418,3
2419,5
2420,1
2421,1
2422,3
2423,4
2424,5
2425,1
2426,4
2427,1
2428,0
2429,3
2430,2
2431,0
2432,0
2433,7
2434,5
2435,1
2436,3
2437,2
2438,1
2439,2
2440,14
2441,0
2442,0
2443,1
2444,3
2445,0
2446,5
2447,0
2448,1
2449,1
2450,0
2451,3
2452,5
2453,7
2454,2
2455,2
2456,4
2457,0
2458,2
2459,3
2460,0
2461,1
2462,2
2463,3
2464,0
2465,3
2466,5
2467,0
2468,1
2469,3
2470,3
2471,4
2472,1
2473,0
2474,2
2475,0
2476,1
2477,1
2478,4
2479,0
2480,0
2481,0
2482,0
2483,0
2484,2
2485,5
2486,0
2487,2
2488,4
2489,3
2490,0
2491,0
2492,0
2493,0
2494,1
2495,0
2496,0
2497,1
2498,0
2499,0
2500,4
2501,4
2502,0
2503,3
2504,6
2505,1
2506,1
2507,0
2508,4
2509,1
2510,0
2511,1
2512,0
2513,1
2514,0
2515,3
2516,0
2517,1
2518,6
2519,7
2520,0
2521,0
2522,2
2523,1
2524,1
2525,0
2526,0
2527,1
2528,0
2529,3
2530,0
2531,1
2532,0
2533,8
2534,2
2535,3
2536,0
2537,0
2538,0
2539,0
2540,0
2541,1
2542,0
2543,0
2544,2
2545,2
2546,3
2547,1
2548,2
2549,0
2550,0
2551,1
2552,0
2553,1
2554,0
2555,0
2556,0
2557,0
2558,1
2559,0
2560,1
2561,0
2562,3
2563,1
2564,2
2565,0
2566,1
2567,1
2568,6
2569,1
2570,0
2571,4
2572,0
2573,4
2574,0
2575,6
2576,0
2577,0
2578,0
2579,0
2580,8
2581,3
2582,1
2583,4
2584,0
2585,1
2586,1
2587,3
2588,1
2589,5
2590,0
2591,3
2592,2
2593,2
2594,2
2595,1
2596,11
2597,3
2598,4
2599,1
2600,3
2601,0
2602,0
2603,2
2604,0
2605,3
2606,1
2607,3
2608,4
2609,3
2610,0
2611,4
2612,4
2613,3
2614,1
2615,7
2616,0
2617,1
2618,0
2619,1
2620,0
2621,2
2622,0
2623,0
2624,3
2625,5
2626,0
2627,0
2628,0
2629,1
2630,3
2631,5
2632,4
2633,0
2634,3
2635,0
2636,2
2637,0
2638,1
2639,4
2640,0
2641,5
2642,1
2643,1
2644,3
2645,1
2646,0
2647,4
2648,3
2649,0
2650,3
2651,4
2652,1
2653,3
2654,4
2655,0
2656,3
2657,3
2658,0
2659,5
2660,2
2661,0
2662,7
2663,2
2664,2
2665,1
2666,2
2667,3
2668,2
2669,0
2670,0
2671,3
2672,1
2673,5
2674,4
2675,0
2676,8
2677,3
2678,2
2679,1
2680,3
2681,4
2682,0
2683,0
2684,0
2685,2
2686,1
2687,0
2688,1
2689,0
2690,1
2691,1
2692,5
2693,5
2694,0
2695,3
2696,1
2697,1
2698,2
2699,0
2700,2
2701,1
2702,0
2703,1
2704,2
2705,0
2706,0
2707,3
2708,0
2709,1
2710,0
2711,1
2712,4
2713,3
2714,0
2715,5
2716,6
2717,0
2718,0
2719,1
2720,5
2721,3
2722,10
2723,4
2724,0
2725,1
2726,0
2727,0
2728,0
2729,2
2730,3
2731,0
2732,0
2733,1
2734,2
2735,0
2736,2
2737,0
2738,7
2739,4
2740,6
2741,0
2742,4
2743,0
2744,5
2745,8
2746,0
2747,2
2748,2
2749,0
2750,5
2751,3
2752,0
2753,5
2754,2
2755,0
2756,1
2757,1
2758,1
2759,0
2760,5
2761,4
2762,1
2763,2
2764,7
2765,4
2766,0
2767,0
2768,4
2769,1
2770,0
2771,3
2772,2
2773,2
2774,4
2775,1
2776,2
2777,5
2778,3
2779,7
2780,3
2781,0
2782,0
2783,0
2784,0
2785,3
2786,1
2787,5
2788,0
2789,11
2790,4
2791,4
2792,3
2793,2
2794,0
2795,1
2796,0
2797,4
2798,4
2799,0
2800,0
2801,0
2802,0
2803,0
2804,0
2805,0
2806,1
2807,4
2808,1
2809,0
2810,2
2811,5
2812,1
2813,4
2814,0
2815,3
2816,5
2817,1
2818,0
2819,3
2820,0
2821,3
2822,0
2823,1
2824,0
2825,0
2826,0
2827,0
2828,0
2829,2
2830,0
2831,4
2832,2
2833,2
2834,0
2835,4
2836,3
2837,3
2838,4
2839,4
2840,2
2841,0
2842,3
2843,5
2844,0
2845,1
2846,4
2847,7
2848,0
2849,2
2850,0
2851,2
2852,0
2853,0
2854,1
2855,0
2856,0
2857,7
2858,0
2859,0
2860,7
2861,0
2862,0
2863,1
2864,0
2865,1
2866,3
2867,3
2868,4
2869,6
2870,0
2871,0
2872,0
2873,3
2874,10
2875,0
2876,0
2877,1
2878,0
2879,3
2880,0
2881,0
2882,3
2883,2
2884,3
2885,2
2886,3
2887,2
2888,0
2889,1
2890,0
2891,0
2892,2
2893,2
2894,1
2895,6
2896,6
2897,0
2898,0
2899,2
2900,6
2901,2
2902,3
2903,1
2904,3
2905,2
2906,3
2907,3
2908,0
2909,0
2910,1
2911,4
2912,2
2913,0
2914,3
2915,4
2916,9
2917,3
2918,2
2919,1
2920,2
2921,0
2922,7
2923,4
2924,3
2925,0
2926,3
2927,2
2928,3
2929,4
2930,4
2931,1
2932,1
2933,2
2934,6
2935,4
2936,12
2937,4
2938,1
2939,0
2940,0
2941,2
2942,1
2943,4
2944,0
2945,4
2946,0
2947,5
2948,2
2949,2
2950,6
2951,0
2952,1
2953,10
2954,2
2955,1
2956,0
2957,3
2958,0
2959,0
2960,4
2961,2
2962,0
2963,3
2964,2
2965,6
2966,1
2967,0
2968,1
2969,6
2970,0
2971,4
2972,0
2973,4
2974,0
2975,3
2976,2
2977,4
2978,1
2979,3
2980,2
2981,1
2982,1
2983,1
2984,5
2985,2
2986,0
2987,3
2988,1
2989,4
2990,0
2991,5
2992,8
2993,4
2994,3
2995,0
2996,0
2997,0
2998,6
2999,0
3000,0
3001,1
3002,3
3003,0
3004,0
3005,2
3006,1
3007,3
3008,2
3009,0
3010,5
3011,0
3012,1
3013,1
3014,1
3015,5
3016,2
3017,1
3018,6
3019,0
3020,3
3021,3
3022,2
3023,0
3024,0
3025,0
3026,1
3027,3
3028,0
3029,0
3030,0
3031,0
3032,5
3033,6
3034,0
3035,3
3036,0
3037,0
3038,4
3039,0
3040,2
3041,0
3042,3
3043,8
3044,3
3045,0
3046,5
3047,5
3048,0
3049,1
3050,4
3051,3
3052,1
3053,1
3054,6
3055,3
3056,1
3057,2
3058,3
3059,2
3060,3
3061,1
3062,1
3063,1
3064,0
3065,3
3066,3
3067,2
3068,1
3069,1
3070,1
3071,0
3072,0
3073,2
3074,3
3075,0
3076,1
3077,0
3078,5
3079,1
3080,0
3081,0
3082,0
3083,4
3084,2
3085,0
3086,0
3087,3
3088,1
3089,0
3090,1
3091,6
3092,0
3093,5
3094,0
3095,0
3096,1
3097,6
3098,5
3099,0
3100,0
3101,1
3102,0
3103,2
3104,2
3105,2
3106,5
3107,4
3108,3
3109,2
3110,0
3111,5
3112,9
3113,0
3114,4
3115,0
3116,2
3117,2
3118,2
3119,1
3120,1
3121,1
3122,0
3123,4
3124,0
3125,0
3126,1
3127,1
3128,2
3129,1
3130,0
3131,0
3132,1
3133,1
3134,3
3135,1
3136,0
3137,1
3138,0
3139,2
3140,0
3141,4
3142,1
3143,3
3144,0
3145,2
3146,1
3147,1
3148,4
3149,0
3150,3
3151,0
3152,4
3153,0
3154,0
3155,1
3156,0
3157,0
3158,0
3159,3
3160,0
3161,2
3162,1
3163,0
3164,2
3165,1
3166,1
3167,4
3168,1
3169,0
3170,3
3171,2
3172,0
3173,2
3174,0
3175,3
3176,2
3177,0
3178,1
3179,1
3180,5
3181,3
3182,0
3183,2
3184,1
3185,2
3186,0
3187,4
3188,3
3189,0
3190,2
3191,1
3192,2
3193,0
3194,2
3195,0
3196,3
3197,0
3198,0
3199,3
3200,0
3201,0
3202,0
3203,3
3204,0
3205,4
3206,2
3207,9
3208,1
3209,3
3210,0
3211,3
3212,1
3213,3
3214,0
3215,2
3216,1
3217,1
3218,0
3219,3
3220,2
3221,5
3222,1
3223,1
3224,0
3225,0
3226,1
3227,0
3228,0
3229,2
3230,0
3231,1
3232,0
3233,3
3234,0
3235,4
3236,4
3237,2
3238,0
3239,0
3240,0
3241,5
3242,0
3243,2
3244,2
3245,4
3246,2
3247,6
3248,0
3249,5
3250,4
3251,0
3252,1
3253,0
3254,3
3255,3
3256,0
3257,9
3258,4
3259,3
3260,0
3261,1
3262,0
3263,5
3264,5
3265,1
3266,0
3267,2
3268,4
3269,2
3270,0
3271,2
3272,0
3273,6
3274,1
3275,0
3276,2
3277,3
3278,0
3279,0
3280,0
3281,8
3282,0
3283,0
3284,4
3285,3
3286,1
3287,1
3288,0
3289,3
3290,0
3291,2
3292,4
3293,4
3294,0
3295,2
3296,1
3297,2
3298,0
3299,2
3300,0
3301,5
3302,1
3303,5
3304,2
3305,0
3306,1
3307,2
3308,9
3309,2
3310,0
3311,3
3312,2
3313,0
3314,1
3315,0
3316,1
3317,1
3318,1
3319,1
3320,2
3321,0
3322,1
3323,1
3324,0
3325,1
3326,4
3327,2
3328,2
3329,0
3330,2
3331,0
3332,0
3333,1
3334,0
3335,1
3336,4
3337,0
3338,0
3339,6
3340,2
3341,3
3342,1
3343,2
3344,0
3345,2
3346,2
3347,7
3348,1
3349,3
3350,5
3351,4
3352,1
3353,0
3354,1
3355,0
3356,0
3357,2
3358,1
3359,3
3360,0
3361,3
3362,1
3363,1
3364,3
3365,6
3366,3
3367,3
3368,0
3369,0
3370,2
3371,5
3372,0
3373,2
3374,0
3375,5
3376,0
3377,2
3378,0
3379,1
3380,0
3381,0
3382,6
3383,1
3384,1
3385,1
3386,0
3387,0
3388,0
3389,0
3390,0
3391,1
3392,3
3393,1
3394,2
3395,1
3396,0
3397,1
3398,0
3399,0
3400,0
3401,0
3402,2
3403,0
3404,6
3405,0
3406,0
3407,0
3408,2
3409,2
3410,6
3411,1
3412,0
3413,2
3414,1
3415,2
3416,0
3417,0
3418,0
3419,0
3420,1
3421,0
3422,1
3423,2
3424,0
3425,0
3426,0
3427,3
3428,1
3429,3
3430,4
3431,5
3432,0
3433,3
3434,1
3435,1
3436,1
3437,0
3438,0
3439,2
3440,5
3441,5
3442,2
3443,1
3444,0
3445,0
3446,2
3447,0
3448,2
3449,3
3450,1
3451,0
3452,2
3453,0
3454,3
3455,0
3456,1
3457,4
3458,2
3459,2
3460,3
3461,2
3462,1
3463,0
3464,1
3465,0
3466,5
3467,0
3468,1
3469,0
3470,8
3471,0
3472,1
3473,0
3474,0
3475,1
3476,0
3477,1
3478,2
3479,0
3480,5
3481,8
3482,1
3483,2
3484,2
3485,8
3486,0
3487,3
3488,1
3489,0
3490,3
3491,7
3492,7
3493,0
3494,0
3495,0
3496,0
3497,2
3498,3
3499,0
3500,0
3501,5
3502,0
3503,1
3504,0
3505,2
3506,2
3507,2
3508,6
3509,3
3510,0
3511,2
3512,0
3513,8
3514,4
3515,1
3516,2
3517,2
3518,1
3519,5
3520,0
3521,5
3522,6
3523,0
3524,2
3525,0
3526,0
3527,1
3528,2
3529,1
3530,5
3531,2
3532,2
3533,0
3534,2
3535,0
3536,2
3537,2
3538,0
3539,0
3540,0
3541,4
3542,4
3543,1
3544,4
3545,4
3546,5
3547,1
3548,3
3549,3
3550,2
3551,1
3552,0
3553,1
3554,4
3555,1
3556,4
3557,2
3558,1
3559,1
3560,3
3561,4
3562,4
3563,0
3564,4
3565,3
3566,0
3567,2
3568,3
3569,6
3570,6
3571,0
3572,0
3573,2
3574,0
3575,0
3576,1
3577,1
3578,0
3579,1
3580,2
3581,0
3582,3
3583,0
3584,0
3585,1
3586,4
3587,3
3588,2
3589,1
3590,2
3591,1
3592,5
3593,0
3594,0
3595,0
3596,0
3597,0
3598,0
3599,5
3600,0
3601,0
3602,2
3603,1
3604,1
3605,0
3606,3
3607,2
3608,1
3609,1
3610,1
3611,2
3612,1
3613,6
3614,3
3615,2
3616,2
3617,0
3618,3
3619,0
3620,0
3621,0
3622,4
3623,3
3624,4
3625,0
3626,1
3627,0
3628,0
3629,5
3630,1
3631,2
3632,0
3633,3
3634,9
3635,0
3636,0
3637,0
3638,0
3639,2
3640,0
3641,0
3642,0
3643,4
3644,1
3645,5
3646,1
3647,4
3648,0
3649,0
3650,1
3651,1
3652,7
3653,0
3654,3
3655,0
3656,3
3657,6
3658,0
3659,1
3660,1
3661,0
3662,1
3663,0
3664,0
3665,0
3666,4
3667,5
3668,3
3669,0
3670,3
3671,1
3672,0
3673,1
3674,5
3675,0
3676,0
3677,0
3678,1
3679,3
3680,2
3681,1
3682,1
3683,2
3684,0
3685,2
3686,1
3687,0
3688,0
3689,0
3690,1
3691,3
3692,1
3693,0
3694,2
3695,0
3696,0
3697,1
3698,5
3699,0
3700,0
3701,4
3702,0
3703,0
3704,0
3705,7
3706,0
3707,0
3708,1
3709,5
3710,3
3711,2
3712,0
3713,3
3714,0
3715,1
3716,0
3717,8
3718,0
3719,0
3720,2
3721,9
3722,0
3723,1
3724,4
3725,1
3726,2
3727,3
3728,0
3729,0
3730,1
3731,0
3732,3
3733,3
3734,2
3735,1
3736,0
3737,0
3738,2
3739,3
3740,0
3741,1
3742,3
3743,0
3744,1
3745,1
3746,3
3747,2
3748,2
3749,1
3750,1
3751,1
3752,0
3753,1
3754,0
3755,0
3756,7
3757,2
3758,2
3759,3
3760,0
3761,0
3762,3
3763,0
3764,0
3765,7
3766,3
3767,0
3768,3
3769,0
3770,1
3771,0
3772,5
3773,4
3774,2
3775,1
3776,1
3777,0
3778,2
3779,6
3780,2
3781,1
3782,6
3783,4
3784,1
3785,0
3786,2
3787,0
3788,2
3789,2
3790,1
3791,0
3792,1
3793,8
3794,1
3795,2
3796,2
3797,1
3798,0
3799,4
3800,5
3801,0
3802,4
3803,0
3804,2
3805,2
3806,2
3807,1
3808,0
3809,0
3810,0
3811,3
3812,0
3813,0
3814,1
3815,0
3816,0
3817,0
3818,1
3819,2
3820,3
3821,5
3822,0
3823,1
3824,2
3825,0
3826,2
3827,0
3828,1
3829,1
3830,1
3831,5
3832,3
3833,0
3834,0
3835,2
3836,0
3837,5
3838,0
3839,5
3840,1
3841,1
3842,0
3843,0
3844,1
3845,1
3846,0
3847,1
3848,3
3849,2
3850,4
3851,1
3852,4
3853,1
3854,0
3855,0
3856,0
3857,3
3858,6
3859,0
3860,2
3861,3
3862,1
3863,3
3864,1
3865,0
3866,3
3867,0
3868,0
3869,0
3870,2
3871,1
3872,2
3873,2
3874,1
3875,1
3876,1
3877,2
3878,0
3879,9
3880,0
3881,2
3882,0
3883,3
3884,1
3885,0
3886,0
3887,3
3888,0
3889,0
3890,1
3891,5
3892,0
3893,2
3894,2
3895,3
3896,3
3897,0
3898,0
3899,0
3900,1
3901,1
3902,0
3903,1
3904,2
3905,1
3906,1
3907,0
3908,1
3909,1
3910,0
3911,0
3912,2
3913,0
3914,2
3915,2
3916,2
3917,2
3918,0
3919,0
3920,0
3921,1
3922,4
3923,7
3924,2
3925,0
3926,0
3927,1
3928,1
3929,4
3930,0
3931,1
3932,0
3933,0
3934,1
3935,2
3936,2
3937,0
3938,4
3939,3
3940,2
3941,0
3942,1
3943,1
3944,9
3945,2
3946,4
3947,0
3948,0
3949,1
3950,0
3951,3
3952,0
3953,2
3954,0
3955,0
3956,1
3957,8
3958,2
3959,0
3960,5
3961,0
3962,1
3963,0
3964,1
3965,6
3966,0
3967,2
3968,2
3969,3
3970,1
3971,3
3972,5
3973,6
3974,5
3975,3
3976,1
3977,0
3978,6
3979,4
3980,1
3981,0
3982,0
3983,1
3984,0
3985,0
3986,1
3987,0
3988,0
3989,3
3990,0
3991,9
3992,5
3993,2
3994,0
3995,0
3996,1
3997,2
3998,0
3999,1
4000,0
4001,0
4002,2
4003,0
4004,1
4005,0
4006,1
4007,2
4008,0
4009,1
4010,0
4011,0
4012,0
4013,1
4014,8
4015,2
4016,2
4017,1
4018,1
4019,7
4020,3
4021,0
4022,1
4023,1
4024,1
4025,0
4026,0
4027,1
4028,1
4029,0
4030,1
4031,1
4032,2
4033,0
4034,2
4035,6
4036,0
4037,4
4038,1
4039,1
4040,0
4041,1
4042,8
4043,0
4044,1
4045,4
4046,0
4047,2
4048,1
4049,0
4050,0
4051,0
4052,0
4053,3
4054,1
4055,1
4056,0
4057,2
4058,4
4059,1
4060,1
4061,1
4062,4
4063,3
4064,0
4065,2
4066,3
4067,1
4068,1
4069,1
4070,3
4071,1
4072,3
4073,3
4074,3
4075,1
4076,3
4077,1
4078,2
4079,0
4080,0
4081,5
4082,1
4083,2
4084,1
4085,5
4086,2
4087,1
4088,3
4089,4
4090,0
4091,3
4092,9
4093,2
4094,3
4095,0
4096,1
4097,0
4098,0
4099,0
4100,1
4101,0
4102,0
4103,0
4104,0
4105,4
4106,0
4107,1
4108,6
4109,0
4110,5
4111,0
4112,8
4113,0
4114,0
4115,0
4116,0
4117,7
4118,1
4119,1
4120,4
4121,0
4122,6
4123,1
4124,1
4125,1
4126,2
4127,2
4128,3
4129,2
4130,2
4131,0
4132,4
4133,1
4134,1
4135,0
4136,0
4137,1
4138,0
4139,1
4140,0
4141,1
4142,2
4143,2
4144,0
4145,1
4146,3
4147,0
4148,1
4149,2
4150,4
4151,1
4152,4
4153,3
4154,0
4155,1
4156,2
4157,0
4158,1
4159,0
4160,0
4161,3
4162,1
4163,1
4164,0
4165,1
4166,0
4167,2
4168,1
4169,1
4170,0
4171,0
4172,2
4173,1
4174,0
4175,2
4176,2
4177,3
4178,5
4179,2
4180,3
4181,0
4182,0
4183,5
4184,1
4185,2
4186,0
4187,1
4188,0
4189,6
4190,0
4191,1
4192,8
4193,0
4194,6
4195,0
4196,0
4197,1
4198,0
4199,3
4200,2
4201,2
4202,7
4203,0
4204,0
4205,1
4206,2
4207,1
4208,5
4209,4
4210,1
4211,0
4212,0
4213,0
4214,2
4215,3
4216,0
4217,1
4218,3
4219,4
4220,0
4221,5
4222,0
4223,2
4224,1
4225,1
4226,0
4227,0
4228,3
4229,0
4230,2
4231,1
4232,2
4233,0
4234,0
4235,0
4236,0
4237,4
4238,1
4239,2
4240,1
4241,0
4242,0
4243,0
4244,1
4245,3
4246,0
4247,4
4248,2
4249,5
4250,1
4251,0
4252,1
4253,0
4254,5
4255,3
4256,1
4257,2
4258,1
4259,0
4260,1
4261,0
4262,1
4263,5
4264,0
4265,2
4266,0
4267,3
4268,4
4269,4
4270,0
4271,1
4272,0
4273,0
4274,2
4275,3
4276,1
4277,1
4278,3
4279,1
4280,0
4281,0
4282,3
4283,0
4284,1
4285,2
4286,0
4287,3
4288,1
4289,0
4290,1
4291,0
4292,1
4293,5
4294,1
4295,0
4296,1
4297,0
4298,2
4299,0
4300,1
4301,1
4302,0
4303,3
4304,2
4305,0
4306,1
4307,2
4308,1
4309,0
4310,5
4311,2
4312,1
4313,0
4314,0
4315,2
4316,0
4317,2
4318,1
4319,0
4320,1
4321,0
4322,1
4323,2
4324,0
4325,9
4326,0
4327,2
4328,4
4329,3
4330,2
4331,0
4332,0
4333,2
4334,5
4335,2
4336,2
4337,3
4338,2
4339,3
4340,0
4341,3
4342,3
4343,3
4344,0
4345,0
4346,1
4347,2
4348,0
4349,0
4350,0
4351,4
4352,2
4353,1
4354,0
4355,1
4356,3
4357,2
4358,0
4359,1
4360,0
4361,0
4362,0
4363,1
4364,0
4365,5
4366,4
4367,1
4368,0
4369,1
4370,5
4371,0
4372,1
4373,3
4374,0
4375,4
4376,0
4377,2
4378,0
4379,5
4380,1
4381,1
4382,1
4383,1
4384,1
4385,6
4386,2
4387,2
4388,1
4389,1
4390,2
4391,4
4392,0
4393,0
4394,2
4395,4
4396,0
4397,4
4398,2
4399,0
4400,0
4401,1
4402,2
4403,0
4404,0
4405,2
4406,5
4407,1
4408,0
4409,4
4410,0
4411,0
4412,3
4413,0
4414,1
4415,3
4416,1
4417,0
4418,1
4419,0
4420,0
4421,0
4422,2
4423,0
4424,2
4425,0
4426,5
4427,3
4428,2
4429,0
4430,0
4431,3
4432,2
4433,0
4434,5
4435,0
4436,1
4437,0
4438,1
4439,2
4440,5
4441,3
4442,2
4443,0
4444,0
4445,1
4446,1
4447,2
4448,1
4449,1
4450,1
4451,8
4452,3
4453,1
4454,3
4455,2
4456,5
4457,1
4458,0
4459,1
4460,3
4461,0
4462,1
4463,0
4464,0
4465,0
4466,2
4467,0
4468,8
4469,3
4470,1
4471,1
4472,3
4473,1
4474,1
4475,0
4476,0
4477,0
4478,0
4479,2
4480,2
4481,4
4482,1
4483,1
4484,4
4485,0
4486,3
4487,1
4488,0
4489,0
4490,5
4491,0
4492,0
4493,0
4494,1
4495,3
4496,2
4497,1
4498,0
4499,2
4500,2
4501,1
4502,1
4503,0
4504,1
4505,2
4506,0
4507,2
4508,0
4509,1
4510,0
4511,0
4512,1
4513,0
4514,0
4515,2
4516,2
4517,3
4518,0
4519,0
4520,1
4521,2
4522,1
4523,0
4524,0
4525,0
4526,2
4527,0
4528,0
4529,2
4530,0
4531,4
4532,2
4533,5
4534,1
4535,4
4536,2
4537,0
4538,1
4539,0
4540,2
4541,0
4542,5
4543,0
4544,0
4545,7
4546,0
4547,2
4548,0
4549,4
4550,2
4551,1
4552,0
4553,0
4554,0
4555,3
4556,0
4557,1
4558,2
4559,1
4560,1
4561,0
4562,0
4563,2
4564,1
4565,0
4566,0
4567,3
4568,1
4569,0
4570,0
4571,6
4572,0
4573,1
4574,1
4575,2
4576,0
4577,0
4578,0
4579,0
4580,0
4581,2
4582,3
4583,1
4584,0
4585,3
4586,0
4587,0
4588,0
4589,1
4590,0
4591,0
4592,2
4593,0
4594,1
4595,2
4596,0
4597,0
4598,1
4599,2
4600,0
4601,7
4602,0
4603,0
4604,2
4605,1
4606,3
4607,1
4608,0
4609,1
4610,1
4611,2
4612,4
4613,5
4614,0
4615,2
4616,0
4617,4
4618,2
4619,2
4620,2
4621,0
4622,1
4623,2
4624,3
4625,6
4626,2
4627,1
4628,1
4629,1
4630,8
4631,1
4632,1
4633,0
4634,3
4635,0
4636,1
4637,7
4638,0
4639,6
4640,0
4641,0
4642,6
4643,5
4644,3
4645,3
4646,0
4647,0
4648,0
4649,6
4650,5
4651,0
4652,0
4653,4
4654,3
4655,3
4656,1
4657,2
4658,1
4659,0
4660,1
4661,4
4662,0
4663,0
4664,0
4665,6
4666,1
4667,0
4668,0
4669,0
4670,4
4671,0
4672,1
4673,1
4674,3
4675,3
4676,5
4677,0
4678,1
4679,0
4680,0
4681,1
4682,4
4683,2
4684,4
4685,3
4686,0
4687,2
4688,0
4689,0
4690,0
4691,4
4692,1
4693,2
4694,1
4695,1
4696,3
4697,1
4698,1
4699,0
4700,4
4701,1
4702,3
4703,0
4704,2
4705,0
4706,0
4707,3
4708,1
4709,0
4710,1
4711,1
4712,3
4713,3
4714,0
4715,0
4716,1
4717,0
4718,1
4719,0
4720,2
4721,4
4722,0
4723,0
4724,0
4725,1
4726,3
4727,0
4728,3
4729,1
4730,0
4731,0
4732,1
4733,1
4734,1
4735,0
4736,0
4737,0
4738,2
4739,7
4740,0
4741,5
4742,1
4743,2
4744,0
4745,4
4746,1
4747,2
4748,0
4749,3
4750,4
4751,2
4752,2
4753,0
4754,1
4755,4
4756,0
4757,0
4758,1
4759,0
4760,3
4761,0
4762,0
4763,1
4764,1
4765,6
4766,3
4767,0
4768,2
4769,1
4770,2
4771,2
4772,4
4773,0
4774,0
4775,1
4776,3
4777,0
4778,1
4779,3
4780,1
4781,3
4782,0
4783,4
4784,2
4785,0
4786,1
4787,1
4788,1
4789,2
4790,1
4791,3
4792,1
4793,4
4794,0
4795,1
4796,2
4797,0
4798,2
4799,1
4800,0
4801,0
4802,0
4803,1
4804,4
4805,1
4806,0
4807,3
4808,2
4809,2
4810,0
4811,1
4812,5
4813,0
4814,5
4815,1
4816,0
4817,1
4818,1
4819,0
4820,0
4821,0
4822,4
4823,1
4824,0
4825,0
4826,2
4827,2
4828,5
4829,2
4830,1
4831,4
4832,5
4833,2
4834,6
4835,1
4836,1
4837,5
4838,2
4839,1
4840,3
4841,3
4842,0
4843,0
4844,2
4845,3
4846,0
4847,3
4848,0
4849,0
4850,2
4851,4
4852,1
4853,1
4854,0
4855,1
4856,6
4857,2
4858,0
4859,0
4860,0
4861,3
4862,1
4863,0
4864,0
4865,0
4866,3
4867,0
4868,0
4869,1
4870,0
4871,1
4872,3
4873,2
4874,1
4875,0
4876,1
4877,2
4878,0
4879,5
4880,0
4881,0
4882,3
4883,1
4884,2
4885,5
4886,2
4887,1
4888,1
4889,0
4890,0
4891,0
4892,0
4893,0
4894,0
4895,2
4896,2
4897,1
4898,3
4899,5
4900,3
4901,0
4902,1
4903,2
4904,1
4905,0
4906,0
4907,1
4908,0
4909,1
4910,4
4911,1
4912,2
4913,1
4914,1
4915,2
4916,2
4917,0
4918,2
4919,0
4920,6
4921,0
4922,2
4923,2
4924,0
4925,0
4926,1
4927,0
4928,0
4929,2
4930,0
4931,2
4932,2
4933,4
4934,0
4935,1
4936,1
4937,4
4938,0
4939,1
4940,4
4941,2
4942,2
4943,0
4944,0
4945,3
4946,2
4947,0
4948,0
4949,2
4950,3
4951,1
4952,0
4953,2
4954,1
4955,2
4956,2
4957,2
4958,3
4959,2
4960,0
4961,0
4962,2
4963,0
4964,3
4965,7
4966,5
4967,3
4968,2
4969,2
4970,1
4971,2
4972,0
4973,6
4974,0
4975,4
4976,1
4977,0
4978,0
4979,2
4980,4
4981,1
4982,2
4983,0
4984,4
4985,0
4986,0
4987,1
4988,1
4989,4
4990,3
4991,0
4992,1
4993,0
4994,2
4995,2
4996,2
4997,4
4998,0
4999,0
5000,3
5001,0
5002,2
5003,1
5004,3
5005,1
5006,0
5007,0
5008,0
5009,1
5010,2
5011,0
5012,0
5013,0
5014,0
5015,1
5016,0
5017,2
5018,0
5019,1
5020,2
5021,1
5022,4
5023,0
5024,1
5025,4
5026,1
5027,10
5028,3
5029,1
5030,0
5031,0
5032,1
5033,0
5034,1
5035,1
5036,0
5037,2
5038,3
5039,3
5040,0
5041,0
5042,0
5043,0
5044,2
5045,2
5046,0
5047,2
5048,6
5049,0
5050,0
5051,1
5052,0
5053,0
5054,2
5055,1
5056,2
5057,0
5058,1
5059,1
5060,6
5061,0
5062,0
5063,0
5064,2
5065,0
5066,2
5067,0
5068,4
5069,0
5070,6
5071,4
5072,4
5073,1
5074,0
5075,1
5076,0
5077,0
5078,1
5079,0
5080,5
5081,0
5082,1
5083,0
5084,0
5085,3
5086,0
5087,0
5088,2
5089,1
5090,2
5091,0
5092,1
5093,0
5094,6
5095,1
5096,2
5097,2
5098,2
5099,0
5100,0
5101,1
5102,0
5103,0
5104,0
5105,0
5106,1
5107,4
5108,0
5109,1
5110,4
5111,1
5112,0
5113,1
5114,3
5115,2
5116,3
5117,1
5118,1
5119,1
5120,2
5121,2
5122,1
5123,1
5124,8
5125,0
5126,3
5127,1
5128,1
5129,0
5130,1
5131,4
5132,3
5133,3
5134,3
5135,3
5136,2
5137,3
5138,1
5139,0
5140,2
5141,1
5142,0
5143,0
5144,4
5145,2
5146,3
5147,0
5148,3
5149,1
5150,3
5151,1
5152,2
5153,1
5154,0
5155,5
5156,2
5157,0
5158,1
5159,3
5160,2
5161,0
5162,3
5163,1
5164,6
5165,0
5166,8
5167,1
5168,1
5169,1
5170,4
5171,0
5172,3
5173,0
5174,2
5175,1
5176,2
5177,0
5178,1
5179,3
5180,4
5181,3
5182,0
5183,0
5184,0
5185,0
5186,3
5187,1
5188,0
5189,1
5190,3
5191,2
5192,1
5193,7
5194,1
5195,1
5196,1
5197,1
5198,2
5199,1
5200,0
5201,1
5202,3
5203,0
5204,0
5205,0
5206,2
5207,0
5208,1
5209,4
5210,0
5211,0
5212,2
5213,0
5214,0
5215,0
5216,1
5217,0
5218,1
5219,1
5220,5
5221,0
5222,1
5223,1
5224,0
5225,0
5226,0
5227,2
5228,4
5229,2
5230,0
5231,0
5232,1
5233,1
5234,1
5235,3
5236,2
5237,2
5238,1
5239,0
5240,1
5241,0
5242,8
5243,2
5244,3
5245,0
5246,0
5247,2
5248,1
5249,3
5250,0
5251,2
5252,1
5253,0
5254,5
5255,0
5256,0
5257,3
5258,0
5259,2
5260,0
5261,4
5262,0
5263,0
5264,0
5265,3
5266,4
5267,1
5268,3
5269,0
5270,1
5271,2
5272,0
5273,1
5274,3
5275,1
5276,1
5277,2
5278,0
5279,2
5280,2
5281,1
5282,1
5283,0
5284,0
5285,3
5286,0
5287,0
5288,0
5289,2
5290,1
5291,1
5292,3
5293,2
5294,0
5295,0
5296,1
5297,5
5298,1
5299,1
5300,3
5301,0
5302,1
5303,3
5304,3
5305,0
5306,0
5307,0
5308,2
5309,0
5310,1
5311,1
5312,0
5313,4
5314,1
5315,0
5316,0
5317,2
5318,1
5319,1
5320,3
5321,2
5322,0
5323,3
5324,5
5325,2
5326,0
5327,0
5328,1
5329,1
5330,1
5331,0
5332,1
5333,0
5334,0
5335,0
5336,0
5337,7
5338,1
5339,1
5340,1
5341,4
5342,1
5343,0
5344,1
5345,1
5346,0
5347,0
5348,0
5349,0
5350,2
5351,3
5352,2
5353,4
5354,0
5355,0
5356,0
5357,2
5358,4
5359,4
5360,0
5361,2
5362,2
5363,1
5364,1
5365,0
5366,1
5367,0
5368,1
5369,4
5370,1
5371,3
5372,2
5373,2
5374,0
5375,1
5376,0
5377,5
5378,2
5379,2
5380,1
5381,0
5382,2
5383,3
5384,1
5385,1
5386,0
5387,1
5388,0
5389,0
5390,2
5391,1
5392,0
5393,1
5394,1
5395,3
5396,2
5397,0
5398,0
5399,4
5400,1
5401,0
5402,0
5403,0
5404,2
5405,3
5406,2
5407,0
5408,1
5409,1
5410,1
5411,1
5412,3
5413,4
5414,2
5415,1
5416,1
5417,0
5418,0
5419,5
5420,3
5421,2
5422,0
5423,1
5424,3
5425,0
5426,3
5427,1
5428,1
5429,1
5430,0
5431,0
5432,0
5433,0
5434,1
5435,1
5436,2
5437,0
5438,0
5439,2
5440,0
5441,0
5442,0
5443,1
5444,1
5445,1
5446,0
5447,1
5448,2
5449,4
5450,1
5451,2
5452,1
5453,0
5454,1
5455,0
5456,0
5457,0
5458,5
5459,1
5460,2
5461,1
5462,0
5463,2
5464,2
5465,3
5466,0
5467,4
5468,4
5469,1
5470,1
5471,1
5472,5
5473,10
5474,1
5475,1
5476,2
5477,2
5478,0
5479,1
5480,0
5481,3
5482,1
5483,1
5484,0
5485,1
5486,0
5487,0
5488,1
5489,1
5490,0
5491,0
5492,0
5493,1
5494,0
5495,3
5496,1
5497,6
5498,1
5499,0
5500,2
5501,0
5502,1
5503,1
5504,2
5505,2
5506,2
5507,0
5508,2
5509,2
5510,1
5511,1
5512,1
5513,0
5514,0
5515,0
5516,1
5517,0
5518,0
5519,1
5520,4
5521,1
5522,2
5523,0
5524,0
5525,0
5526,2
5527,0
5528,1
5529,0
5530,2
5531,0
5532,0
5533,0
5534,4
5535,3
5536,0
5537,4
5538,2
5539,0
5540,0
5541,0
5542,4
5543,1
5544,0
5545,5
5546,0
5547,0
5548,3
5549,1
5550,1
5551,3
5552,0
5553,4
5554,0
5555,4
5556,0
5557,1
5558,1
5559,6
5560,1
5561,0
5562,1
5563,1
5564,4
5565,0
5566,1
5567,0
5568,1
5569,0
5570,0
5571,1
5572,2
5573,2
5574,2
5575,0
5576,2
5577,1
5578,0
5579,0
5580,1
5581,2
5582,1
5583,3
5584,1
5585,4
5586,2
5587,3
5588,2
5589,0
5590,0
5591,1
5592,3
5593,3
5594,1
5595,0
5596,0
5597,1
5598,3
5599,0
5600,1
5601,3
5602,0
5603,0
5604,2
5605,0
5606,0
5607,2
5608,2
5609,0
5610,1
5611,1
5612,2
5613,1
5614,1
5615,1
5616,2
5617,2
5618,0
5619,2
5620,1
5621,2
5622,5
5623,2
5624,2
5625,1
5626,3
5627,2
5628,4
5629,2
5630,1
5631,2
5632,3
5633,1
5634,0
5635,4
5636,1
5637,4
5638,4
5639,2
5640,0
5641,2
5642,0
5643,4
5644,0
5645,1
5646,0
5647,1
5648,2
5649,1
5650,2
5651,1
5652,0
5653,0
5654,1
5655,4
5656,3
5657,3
5658,0
5659,0
5660,2
5661,0
5662,0
5663,2
5664,0
5665,1
5666,0
5667,0
5668,0
5669,2
5670,0
5671,0
5672,2
5673,1
5674,1
5675,0
5676,1
5677,0
5678,0
5679,1
5680,4
5681,2
5682,0
5683,2
5684,0
5685,2
5686,1
5687,2
5688,1
5689,3
5690,1
5691,0
5692,0
5693,1
5694,0
5695,0
5696,0
5697,0
5698,0
5699,2
5700,0
5701,0
5702,0
5703,2
5704,0
5705,2
5706,2
5707,3
5708,2
5709,0
5710,1
5711,1
5712,0
5713,2
5714,0
5715,1
5716,1
5717,1
5718,3
5719,0
5720,0
5721,3
5722,4
5723,1
5724,0
5725,1
5726,0
5727,0
5728,2
5729,2
5730,5
5731,2
5732,0
5733,2
5734,0
5735,0
5736,0
5737,2
5738,1
5739,0
5740,0
5741,1
5742,1
5743,2
5744,3
5745,3
5746,6
5747,0
5748,0
5749,3
5750,1
5751,0
5752,1
5753,0
5754,3
5755,1
5756,0
5757,1
5758,2
5759,1
5760,0
5761,1
5762,2
5763,2
5764,0
5765,1
5766,0
5767,2
5768,0
5769,1
5770,0
5771,0
5772,4
5773,0
5774,2
5775,0
5776,1
5777,0
5778,1
5779,6
5780,2
5781,0
5782,0
5783,0
5784,0
5785,4
5786,0
5787,0
5788,2
5789,0
5790,1
5791,1
5792,4
5793,6
5794,5
5795,0
5796,0
5797,0
5798,0
5799,2
5800,1
5801,0
5802,0
5803,0
5804,1
5805,4
5806,0
5807,1
5808,0
5809,6
5810,2
5811,2
5812,0
5813,0
5814,3
5815,0
5816,0
5817,0
5818,0
5819,3
5820,4
5821,1
5822,0
5823,1
5824,0
5825,2
5826,2
5827,1
5828,3
5829,0
5830,4
5831,0
5832,0
5833,0
5834,2
5835,2
5836,0
5837,3
5838,1
5839,1
5840,2
5841,1
5842,0
5843,1
5844,0
5845,0
5846,2
5847,0
5848,1
5849,1
5850,2
5851,2
5852,0
5853,2
5854,2
5855,1
5856,3
5857,1
5858,0
5859,0
5860,1
5861,2
5862,2
5863,0
5864,0
5865,0
5866,2
5867,3
5868,1
5869,0
5870,1
5871,0
5872,0
5873,1
5874,3
5875,0
5876,4
5877,1
5878,2
5879,1
5880,1
5881,2
5882,0
5883,0
5884,1
5885,0
5886,2
5887,4
5888,1
5889,0
5890,0
5891,1
5892,0
5893,0
5894,3
5895,3
5896,0
5897,0
5898,3
5899,3
5900,2
5901,0
5902,1
5903,0
5904,3
5905,1
5906,0
5907,1
5908,1
5909,1
5910,3
5911,0
5912,1
5913,0
5914,1
5915,1
5916,1
5917,0
5918,1
5919,0
5920,1
5921,0
5922,3
5923,2
5924,2
5925,0
5926,6
5927,0
5928,1
5929,1
5930,0
5931,3
5932,3
5933,3
5934,2
5935,2
5936,0
5937,2
5938,1
5939,0
5940,0
5941,1
5942,0
5943,1
5944,2
5945,0
5946,0
5947,0
5948,4
5949,0
5950,0
5951,3
5952,1
5953,2
5954,0
5955,2
5956,1
5957,0
5958,0
5959,2
5960,2
5961,0
5962,1
5963,0
5964,1
5965,0
5966,1
5967,2
5968,1
5969,0
5970,1
5971,4
5972,2
5973,0
5974,0
5975,0
5976,2
5977,0
5978,3
5979,0
5980,1
5981,0
5982,1
5983,3
5984,1
5985,0
5986,3
5987,0
5988,3
5989,1
5990,3
5991,3
5992,1
5993,2
5994,1
5995,1
5996,1
5997,2
5998,1
5999,0
6000,0
6001,1
6002,0
6003,3
6004,0
6005,0
6006,0
6007,2
6008,3
6009,0
6010,2
6011,3
6012,1
6013,2
6014,3
6015,0
6016,1
6017,5
6018,0
6019,0
6020,4
6021,2
6022,0
6023,1
6024,2
6025,2
6026,0
6027,2
6028,6
6029,3
6030,4
6031,9
6032,2
6033,2
6034,2
6035,0
6036,1
6037,0
6038,1
6039,0
6040,0
6041,2
6042,5
6043,1
6044,1
6045,3
6046,3
6047,0
6048,4
6049,1
6050,0
6051,0
6052,1
6053,0
6054,0
6055,0
6056,2
6057,1
6058,2
6059,0
6060,0
6061,0
6062,1
6063,2
6064,0
6065,0
6066,0
6067,0
6068,1
6069,2
6070,4
6071,3
6072,3
6073,0
6074,0
6075,4
6076,3
6077,0
6078,0
6079,0
6080,0
6081,1
6082,1
6083,0
6084,0
6085,0
6086,0
6087,2
6088,0
6089,0
6090,2
6091,0
6092,0
6093,3
6094,4
6095,0
6096,2
6097,1
6098,2
6099,2
6100,1
6101,3
6102,1
6103,0
6104,3
6105,0
6106,1
6107,0
6108,0
6109,1
6110,0
6111,0
6112,3
6113,0
6114,1
6115,4
6116,1
6117,3
6118,1
6119,1
6120,0
6121,0
6122,1
6123,2
6124,0
6125,2
6126,0
6127,1
6128,1
6129,4
6130,5
6131,1
6132,3
6133,2
6134,0
6135,0
6136,2
6137,2
6138,1
6139,3
6140,3
6141,3
6142,1
6143,0
6144,3
6145,1
6146,0
6147,0
6148,1
6149,1
6150,0
6151,4
6152,1
6153,0
6154,1
6155,4
6156,1
6157,1
6158,2
6159,1
6160,3
6161,3
6162,0
6163,1
6164,1
6165,3
6166,0
6167,3
6168,1
6169,2
6170,1
6171,4
6172,1
6173,2
6174,0
6175,2
6176,3
6177,0
6178,0
6179,1
6180,2
6181,0
6182,0
6183,0
6184,2
6185,1
6186,2
6187,0
6188,1
6189,1
6190,0
6191,0
6192,1
6193,1
6194,0
6195,3
6196,1
6197,1
6198,1
6199,0
6200,0
6201,6
6202,1
6203,1
6204,0
6205,1
6206,2
6207,4
6208,3
6209,4
6210,0
6211,1
6212,1
6213,1
6214,3
6215,4
6216,0
6217,1
6218,0
6219,1
6220,2
6221,2
6222,0
6223,2
6224,1
6225,1
6226,0
6227,1
6228,1
6229,0
6230,0
6231,0
6232,1
6233,0
6234,1
6235,1
6236,1
6237,1
6238,3
6239,2
6240,2
6241,2
6242,3
6243,1
6244,6
6245,6
6246,0
6247,1
6248,1
6249,0
6250,2
6251,4
6252,1
6253,0
6254,0
6255,5
6256,1
6257,1
6258,2
6259,1
6260,5
6261,0
6262,0
6263,1
6264,0
6265,3
6266,2
6267,1
6268,1
6269,0
6270,0
6271,0
6272,1
6273,2
6274,0
6275,0
6276,1
6277,4
6278,1
6279,2
6280,0
6281,0
6282,0
6283,5
6284,3
6285,0
6286,0
6287,0
6288,2
6289,2
6290,1
6291,0
6292,1
6293,1
6294,1
6295,1
6296,0
6297,1
6298,1
6299,1
6300,5
6301,2
6302,0
6303,0
6304,1
6305,2
6306,0
6307,0
6308,1
6309,2
6310,3
6311,1
6312,4
6313,2
6314,1
6315,0
6316,2
6317,0
6318,2
6319,1
6320,0
6321,0
6322,1
6323,1
6324,2
6325,4
6326,1
6327,0
6328,0
6329,0
6330,3
6331,0
6332,1
6333,0
6334,1
6335,4
6336,1
6337,2
6338,2
6339,0
6340,0
6341,4
6342,1
6343,6
6344,1
6345,2
6346,0
6347,0
6348,3
6349,0
6350,0
6351,4
6352,0
6353,0
6354,0
6355,1
6356,0
6357,1
6358,0
6359,1
6360,0
6361,1
6362,0
6363,2
6364,0
6365,0
6366,6
6367,2
6368,1
6369,0
6370,0
6371,0
6372,0
6373,1
6374,0
6375,1
6376,1
6377,1
6378,6
6379,0
6380,8
6381,3
6382,0
6383,2
6384,1
6385,2
6386,3
6387,0
6388,3
6389,1
6390,5
6391,0
6392,0
6393,0
6394,3
6395,1
6396,0
6397,3
6398,1
6399,1
6400,0
6401,1
6402,0
6403,3
6404,1
6405,1
6406,4
6407,0
6408,5
6409,1
6410,5
6411,4
6412,0
6413,0
6414,3
6415,1
6416,2
6417,3
6418,4
6419,1
6420,3
6421,1
6422,4
6423,0
6424,6
6425,1
6426,1
6427,1
6428,0
6429,2
6430,0
6431,1
6432,1
6433,0
6434,0
6435,3
6436,1
6437,0
6438,0
6439,1
6440,0
6441,1
6442,2
6443,4
6444,1
6445,0
6446,2
6447,1
6448,4
6449,1
6450,1
6451,1
6452,0
6453,0
6454,1
6455,0
6456,0
6457,0
6458,0
6459,0
6460,0
6461,0
6462,0
6463,1
6464,1
6465,0
6466,0
6467,0
6468,0
6469,2
6470,0
6471,0
6472,1
6473,1
6474,0
6475,5
6476,0
6477,2
6478,0
6479,3
6480,0
6481,1
6482,1
6483,1
6484,0
6485,1
6486,1
6487,0
6488,2
6489,2
6490,1
6491,0
6492,0
6493,0
6494,2
6495,0
6496,0
6497,3
6498,0
6499,1
6500,1
6501,1
6502,3
6503,1
6504,1
6505,2
6506,1
6507,0
6508,0
6509,1
6510,3
6511,2
6512,1
6513,2
6514,0
6515,1
6516,3
6517,2
6518,1
6519,1
6520,1
6521,2
6522,4
6523,1
6524,1
6525,1
6526,2
6527,1
6528,0
6529,1
6530,1
6531,1
6532,0
6533,1
6534,2
6535,2
6536,2
6537,1
6538,0
6539,0
6540,2
6541,1
6542,0
6543,2
6544,1
6545,0
6546,1
6547,0
6548,0
6549,0
6550,1
6551,0
6552,1
6553,0
6554,4
6555,0
6556,5
6557,0
6558,0
6559,1
6560,0
6561,1
6562,0
6563,1
6564,1
6565,1
6566,3
6567,2
6568,3
6569,0
6570,1
6571,0
6572,0
6573,1
6574,1
6575,0
6576,2
6577,1
6578,1
6579,3
6580,2
6581,0
6582,1
6583,0
6584,0
6585,2
6586,2
6587,0
6588,0
6589,2
6590,2
6591,0
6592,0
6593,0
6594,1
6595,8
6596,1
6597,2
6598,2
6599,0
6600,0
6601,1
6602,1
6603,1
6604,0
6605,5
6606,0
6607,1
6608,1
6609,1
6610,6
6611,1
6612,1
6613,1
6614,0
6615,3
6616,1
6617,4
6618,1
6619,0
6620,0
6621,0
6622,1
6623,1
6624,3
6625,4
6626,0
6627,1
6628,2
6629,1
6630,0
6631,2
6632,1
6633,2
6634,1
6635,0
6636,4
6637,0
6638,1
6639,0
6640,0
6641,0
6642,1
6643,0
6644,2
6645,0
6646,3
6647,4
6648,1
6649,2
6650,0
6651,2
6652,1
6653,0
6654,0
6655,2
6656,1
6657,0
6658,1
6659,0
6660,1
6661,1
6662,1
6663,1
6664,0
6665,1
6666,1
6667,0
6668,1
6669,2
6670,1
6671,5
6672,0
6673,1
6674,0
6675,0
6676,0
6677,1
6678,2
6679,1
6680,1
6681,0
6682,0
6683,1
6684,0
6685,2
6686,2
6687,0
6688,1
6689,1
6690,0
6691,0
6692,0
6693,3
6694,1
6695,2
6696,1
6697,0
6698,3
6699,1
6700,0
6701,0
6702,2
6703,0
6704,0
6705,1
6706,3
6707,1
6708,0
6709,5
6710,0
6711,4
6712,2
6713,0
6714,1
6715,1
6716,3
6717,0
6718,1
6719,2
6720,0
6721,2
6722,1
6723,1
6724,2
6725,1
6726,1
6727,0
6728,0
6729,0
6730,0
6731,3
6732,3
6733,4
6734,0
6735,0
6736,0
6737,2
6738,1
6739,1
6740,0
6741,2
6742,0
6743,1
6744,1
6745,2
6746,1
6747,3
6748,1
6749,1
6750,0
6751,5
6752,1
6753,1
6754,0
6755,1
6756,1
6757,2
6758,5
6759,0
6760,0
6761,1
6762,1
6763,1
6764,1
6765,2
6766,0
6767,0
6768,0
6769,2
6770,0
6771,0
6772,0
6773,0
6774,0
6775,0
6776,1
6777,1
6778,3
6779,2
6780,0
6781,1
6782,3
6783,2
6784,0
6785,6
6786,0
6787,0
6788,7
6789,2
6790,1
6791,0
6792,0
6793,1
6794,1
6795,0
6796,0
6797,0
6798,3
6799,1
6800,3
6801,1
6802,1
6803,0
6804,0
6805,0
6806,0
6807,0
6808,2
6809,1
6810,4
6811,0
6812,1
6813,3
6814,0
6815,2
6816,1
6817,3
6818,2
6819,2
6820,1
6821,1
6822,0
6823,1
6824,0
6825,0
6826,2
6827,0
6828,2
6829,0
6830,0
6831,0
6832,2
6833,1
6834,8
6835,2
6836,0
6837,2
6838,0
6839,2
6840,0
6841,1
6842,3
6843,1
6844,0
6845,1
6846,2
6847,0
6848,0
6849,1
6850,0
6851,0
6852,1
6853,1
6854,0
6855,1
6856,2
6857,0
6858,3
6859,1
6860,0
6861,1
6862,1
6863,4
6864,2
6865,0
6866,0
6867,0
6868,0
6869,1
6870,1
6871,1
6872,6
6873,1
6874,1
6875,1
6876,0
6877,0
6878,0
6879,1
6880,4
6881,1
6882,0
6883,1
6884,2
6885,4
6886,0
6887,1
6888,0
6889,2
6890,1
6891,3
6892,0
6893,2
6894,1
6895,0
6896,3
6897,1
6898,3
6899,2
6900,1
6901,1
6902,3
6903,5
6904,0
6905,0
6906,0
6907,0
6908,0
6909,2
6910,0
6911,0
6912,1
6913,3
6914,0
6915,0
6916,1
6917,0
6918,1
6919,3
6920,2
6921,0
6922,1
6923,0
6924,1
6925,0
6926,0
6927,5
6928,2
6929,1
6930,0
6931,6
6932,0
6933,0
6934,1
6935,1
6936,1
6937,0
6938,0
6939,0
6940,0
6941,1
6942,3
6943,4
6944,0
6945,1
6946,2
6947,0
6948,0
6949,0
6950,1
6951,0
6952,1
6953,0
6954,0
6955,0
6956,1
6957,1
6958,0
6959,0
6960,0
6961,0
6962,0
6963,1
6964,3
6965,0
6966,1
6967,0
6968,1
6969,2
6970,0
6971,1
6972,3
6973,3
6974,0
6975,4
6976,0
6977,2
6978,0
6979,1
6980,0
6981,1
6982,0
6983,0
6984,2
6985,0
6986,0
6987,0
6988,0
6989,0
6990,0
6991,0
6992,1
6993,0
6994,0
6995,0
6996,2
6997,3
6998,0
6999,1
7000,2
7001,1
7002,0
7003,0
7004,1
7005,1
7006,0
7007,1
7008,3
7009,2
7010,1
7011,0
7012,0
7013,2
7014,0
7015,0
7016,3
7017,0
7018,0
7019,0
7020,3
7021,2
7022,1
7023,2
7024,1
7025,3
7026,0
7027,2
7028,1
7029,1
7030,0
7031,0
7032,0
7033,3
7034,3
7035,3
7036,0
7037,1
7038,0
7039,0
7040,0
7041,7
7042,0
7043,0
7044,1
7045,2
7046,1
7047,3
7048,1
7049,0
7050,0
7051,0
7052,0
7053,2
7054,1
7055,0
7056,1
7057,2
7058,0
7059,1
7060,1
7061,0
7062,0
7063,1
7064,2
7065,2
7066,2
7067,0
7068,0
7069,0
7070,2
7071,2
7072,0
7073,5
7074,0
7075,1
7076,1
7077,3
7078,1
7079,0
7080,1
7081,2
7082,1
7083,1
7084,0
7085,3
7086,2
7087,2
7088,0
7089,2
7090,1
7091,2
7092,3
7093,1
7094,1
7095,1
7096,1
7097,3
7098,0
7099,2
7100,1
7101,0
7102,1
7103,1
7104,0
7105,0
7106,1
7107,3
7108,2
7109,1
7110,3
7111,1
7112,1
7113,0
7114,1
7115,1
7116,2
7117,0
7118,1
7119,5
7120,2
7121,1
7122,1
7123,3
7124,1
7125,4
7126,0
7127,0
7128,0
7129,3
7130,1
7131,0
7132,0
7133,0
7134,0
7135,1
7136,1
7137,0
7138,3
7139,0
7140,2
7141,3
7142,0
7143,1
7144,0
7145,1
7146,0
7147,1
7148,3
7149,0
7150,0
7151,1
7152,1
7153,1
7154,1
7155,3
7156,2
7157,4
7158,2
7159,0
7160,1
7161,2
7162,0
7163,1
7164,0
7165,3
7166,0
7167,1
7168,2
7169,1
7170,0
7171,0
7172,2
7173,1
7174,1
7175,0
7176,2
7177,0
7178,3
7179,1
7180,1
7181,0
7182,0
7183,2
7184,0
7185,1
7186,0
7187,0
7188,0
7189,1
7190,0
7191,3
7192,0
7193,0
7194,1
7195,1
7196,2
7197,0
7198,0
7199,3
7200,1
7201,1
7202,0
7203,2
7204,0
7205,1
7206,0
7207,1
7208,0
7209,1
7210,1
7211,0
7212,0
7213,2
7214,1
7215,1
7216,2
7217,2
7218,1
7219,2
7220,3
7221,1
7222,4
7223,1
7224,1
7225,4
7226,1
7227,0
7228,2
7229,4
7230,1
7231,1
7232,0
7233,3
7234,0
7235,1
7236,0
7237,1
7238,0
7239,0
7240,1
7241,2
7242,2
7243,1
7244,1
7245,0
7246,4
7247,0
7248,1
7249,0
7250,0
7251,2
7252,0
7253,0
7254,2
7255,1
7256,1
7257,7
7258,1
7259,1
7260,1
7261,4
7262,2
7263,3
7264,1
7265,1
7266,1
7267,2
7268,1
7269,1
7270,0
7271,0
7272,0
7273,0
7274,0
7275,0
7276,1
7277,1
7278,2
7279,1
7280,1
7281,1
7282,2
7283,2
7284,0
7285,0
7286,0
7287,3
7288,2
7289,0
7290,0
7291,1
7292,2
7293,0
7294,2
7295,0
7296,1
7297,0
7298,1
7299,1
7300,2
7301,2
7302,4
7303,1
7304,1
7305,0
7306,2
7307,1
7308,1
7309,0
7310,0
7311,3
7312,2
7313,0
7314,1
7315,0
7316,1
7317,0
7318,1
7319,1
7320,1
7321,1
7322,2
7323,1
7324,4
7325,1
7326,0
7327,0
7328,1
7329,3
7330,5
7331,1
7332,1
7333,0
7334,0
7335,1
7336,3
7337,1
7338,3
7339,1
7340,0
7341,0
7342,0
7343,2
7344,2
7345,2
7346,1
7347,3
7348,3
7349,0
7350,5
7351,1
7352,1
7353,0
7354,2
7355,1
7356,2
7357,0
7358,1
7359,1
7360,1
7361,1
7362,1
7363,2
7364,2
7365,2
7366,1
7367,0
7368,1
7369,1
7370,1
7371,1
7372,0
7373,3
7374,3
7375,0
7376,1
7377,1
7378,1
7379,3
7380,1
7381,1
7382,2
7383,0
7384,0
7385,2
7386,0
7387,2
7388,0
7389,1
7390,0
7391,1
7392,2
7393,1
7394,1
7395,0
7396,4
7397,1
7398,1
7399,0
7400,1
7401,2
7402,3
7403,0
7404,2
7405,0
7406,3
7407,1
7408,0
7409,2
7410,1
7411,1
7412,0
7413,0
7414,2
7415,0
7416,0
7417,0
7418,1
7419,0
7420,0
7421,1
7422,0
7423,2
7424,1
7425,0
7426,1
7427,0
7428,0
7429,1
7430,1
7431,1
7432,2
7433,1
7434,0
7435,0
7436,1
7437,2
7438,2
7439,0
7440,0
7441,0
7442,1
7443,0
7444,1
7445,0
7446,2
7447,1
7448,1
7449,0
7450,1
7451,0
7452,3
7453,4
7454,2
7455,0
7456,2
7457,2
7458,4
7459,1
7460,1
7461,0
7462,1
7463,0
7464,0
7465,3
7466,2
7467,1
7468,3
7469,0
7470,2
7471,0
7472,2
7473,2
7474,1
7475,0
7476,1
7477,0
7478,0
7479,1
7480,0
7481,2
7482,0
7483,0
7484,2
7485,2
7486,1
7487,1
7488,0
7489,1
7490,0
7491,1
7492,2
7493,2
7494,0
7495,1
7496,2
7497,1
7498,1
7499,1
7500,1
7501,2
7502,2
7503,2
7504,0
7505,2
7506,1
7507,1
7508,0
7509,0
7510,0
7511,1
7512,1
7513,2
7514,0
7515,1
7516,0
7517,0
7518,0
7519,1
7520,1
7521,0
7522,1
7523,1
7524,0
7525,0
7526,1
7527,1
7528,0
7529,1
7530,1
7531,0
7532,1
7533,0
7534,3
7535,1
7536,1
7537,0
7538,1
7539,0
7540,0
7541,1
7542,2
7543,0
7544,2
7545,1
7546,0
7547,3
7548,0
7549,0
7550,0
7551,0
7552,0
7553,1
7554,2
7555,0
7556,0
7557,3
7558,0
7559,0
7560,2
7561,5
7562,1
7563,1
7564,1
7565,0
7566,1
7567,0
7568,0
7569,0
7570,0
7571,1
7572,5
7573,0
7574,2
7575,1
7576,0
7577,0
7578,0
7579,1
7580,2
7581,2
7582,2
7583,0
7584,2
7585,2
7586,0
7587,0
7588,0
7589,0
7590,2
7591,0
7592,4
7593,0
7594,1
7595,0
7596,1
7597,3
7598,3
7599,2
7600,1
7601,1
7602,0
7603,0
7604,1
7605,4
7606,0
7607,1
7608,3
7609,1
7610,1
7611,1
7612,0
7613,0
7614,4
7615,0
7616,0
7617,0
7618,1
7619,1
7620,1
7621,2
7622,0
7623,0
7624,1
7625,5
7626,5
7627,1
7628,0
7629,0
7630,2
7631,0
7632,0
7633,0
7634,2
7635,2
7636,1
7637,2
7638,2
7639,0
7640,0
7641,2
7642,2
7643,0
7644,0
7645,0
7646,2
7647,0
7648,4
7649,0
7650,2
7651,2
7652,1
7653,1
7654,3
7655,1
7656,0
7657,1
7658,5
7659,1
7660,0
7661,2
7662,0
7663,0
7664,0
7665,2
7666,0
7667,4
7668,0
7669,0
7670,1
7671,3
7672,1
7673,1
7674,1
7675,2
7676,3
7677,3
7678,0
7679,0
7680,0
7681,1
7682,0
7683,0
7684,1
7685,0
7686,0
7687,1
7688,0
7689,1
7690,0
7691,2
7692,1
7693,1
7694,0
7695,0
7696,0
7697,0
7698,0
7699,1
7700,0
7701,1
7702,0
7703,0
7704,1
7705,0
7706,1
7707,0
7708,0
7709,0
7710,0
7711,1
7712,1
7713,0
7714,1
7715,0
7716,0
7717,2
7718,2
7719,0
7720,1
7721,2
7722,0
7723,0
7724,0
7725,2
7726,1
7727,3
7728,2
7729,0
7730,1
7731,0
7732,1
7733,0
7734,0
7735,0
7736,2
7737,2
7738,1
7739,1
7740,1
7741,0
7742,1
7743,1
7744,2
7745,1
7746,0
7747,0
7748,0
7749,0
7750,0
7751,0
7752,3
7753,0
7754,1
7755,0
7756,1
7757,2
7758,0
7759,1
7760,0
7761,2
7762,3
7763,2
7764,0
7765,2
7766,0
7767,0
7768,3
7769,2
7770,2
7771,3
7772,2
7773,3
7774,3
7775,1
7776,3
7777,0
7778,0
7779,0
7780,2
7781,0
7782,0
7783,1
7784,0
7785,4
7786,2
7787,0
7788,0
7789,2
7790,1
7791,2
7792,0
7793,1
7794,3
7795,1
7796,1
7797,1
7798,0
7799,1
7800,2
7801,3
7802,1
7803,0
7804,0
7805,1
7806,0
7807,1
7808,3
7809,1
7810,2
7811,2
7812,0
7813,0
7814,0
7815,0
7816,0
7817,2
7818,0
7819,0
7820,2
7821,1
7822,0
7823,3
7824,0
7825,3
7826,0
7827,0
7828,1
7829,2
7830,2
7831,0
7832,1
7833,1
7834,2
7835,1
7836,1
7837,1
7838,1
7839,1
7840,1
7841,2
7842,0
7843,2
7844,1
7845,0
7846,0
7847,0
7848,0
7849,1
7850,1
7851,1
7852,0
7853,2
7854,2
7855,5
7856,3
7857,0
7858,0
7859,0
7860,0
7861,0
7862,0
7863,1
7864,0
7865,2
7866,2
7867,0
7868,0
7869,0
7870,1
7871,1
7872,6
7873,1
7874,2
7875,2
7876,3
7877,2
7878,2
7879,3
7880,0
7881,1
7882,4
7883,2
7884,1
7885,1
7886,2
7887,0
7888,0
7889,3
7890,1
7891,0
7892,0
7893,0
7894,0
7895,1
7896,0
7897,1
7898,1
7899,2
7900,1
7901,0
7902,1
7903,1
7904,1
7905,3
7906,4
7907,3
7908,1
7909,1
7910,1
7911,0
7912,2
7913,1
7914,0
7915,0
7916,1
7917,1
7918,0
7919,0
7920,1
7921,1
7922,1
7923,1
7924,1
7925,0
7926,5
7927,0
7928,0
7929,1
7930,1
7931,0
7932,0
7933,2
7934,1
7935,1
7936,0
7937,2
7938,0
7939,1
7940,0
7941,1
7942,1
7943,0
7944,1
7945,1
7946,0
7947,0
7948,3
7949,1
7950,0
7951,0
7952,1
7953,3
7954,2
7955,3
7956,2
7957,5
7958,1
7959,2
7960,0
7961,0
7962,1
7963,1
7964,0
7965,1
7966,0
7967,0
7968,2
7969,2
7970,0
7971,2
7972,1
7973,3
7974,0
7975,2
7976,0
7977,0
7978,0
7979,1
7980,4
7981,0
7982,1
7983,1
7984,0
7985,2
7986,2
7987,2
7988,3
7989,3
7990,0
7991,1
7992,0
7993,1
7994,4
7995,0
7996,1
7997,0
7998,7
7999,2
8000,2
8001,0
8002,0
8003,0
8004,1
8005,2
8006,3
8007,0
8008,2
8009,2
8010,1
8011,2
8012,2
8013,0
8014,1
8015,0
8016,0
8017,0
8018,1
8019,2
8020,0
8021,2
8022,0
8023,1
8024,2
8025,0
8026,1
8027,2
8028,3
8029,1
8030,1
8031,0
8032,2
8033,1
8034,1
8035,0
8036,1
8037,0
8038,3
8039,1
8040,0
8041,2
8042,2
8043,0
8044,2
8045,1
8046,0
8047,1
8048,3
8049,3
8050,0
8051,0
8052,3
8053,1
8054,0
8055,1
8056,0
8057,0
8058,0
8059,0
8060,1
8061,4
8062,0
8063,2
8064,4
8065,2
8066,1
8067,1
8068,1
8069,2
8070,0
8071,0
8072,1
8073,1
8074,0
8075,1
8076,2
8077,0
8078,0
8079,1
8080,1
8081,1
8082,1
8083,0
8084,2
8085,2
8086,2
8087,1
8088,1
8089,1
8090,1
8091,1
8092,0
8093,0
8094,4
8095,4
8096,3
8097,1
8098,0
8099,3
8100,0
8101,1
8102,1
8103,4
8104,1
8105,2
8106,1
8107,1
8108,0
8109,2
8110,0
8111,0
8112,0
8113,0
8114,2
8115,2
8116,0
8117,1
8118,4
8119,1
8120,1
8121,1
8122,3
8123,3
8124,0
8125,2
8126,2
8127,1
8128,2
8129,0
8130,0
8131,3
8132,3
8133,0
8134,0
8135,2
8136,1
8137,4
8138,2
8139,0
8140,0
8141,0
8142,0
8143,1
8144,0
8145,0
8146,3
8147,1
8148,0
8149,1
8150,2
8151,1
8152,1
8153,2
8154,1
8155,1
8156,1
8157,4
8158,0
8159,0
8160,0
8161,0
8162,0
8163,0
8164,0
8165,3
8166,0
8167,0
8168,2
8169,2
8170,2
8171,1
8172,2
8173,0
8174,0
8175,1
8176,0
8177,0
8178,0
8179,3
8180,2
8181,0
8182,2
8183,0
8184,1
8185,0
8186,1
8187,0
8188,0
8189,0
8190,0
8191,1
8192,0
8193,0
8194,0
8195,0
8196,1
8197,1
8198,1
8199,1
8200,0
8201,2
8202,0
8203,0
8204,0
8205,1
8206,0
8207,0
8208,1
8209,0
8210,2
8211,1
8212,1
8213,2
8214,2
8215,3
8216,3
8217,4
8218,4
8219,0
8220,0
8221,0
8222,1
8223,0
8224,0
8225,3
8226,0
8227,3
8228,1
8229,1
8230,1
8231,0
8232,0
8233,1
8234,0
8235,0
8236,0
8237,2
8238,0
8239,0
8240,1
8241,2
8242,0
8243,0
8244,2
8245,1
8246,1
8247,0
8248,1
8249,1
8250,0
8251,0
8252,2
8253,0
8254,1
8255,1
8256,1
8257,3
8258,1
8259,2
8260,1
8261,0
8262,0
8263,1
8264,1
8265,8
8266,1
8267,0
8268,0
8269,0
8270,1
8271,1
8272,2
8273,1
8274,1
8275,0
8276,0
8277,0
8278,1
8279,0
8280,1
8281,1
8282,2
8283,2
8284,1
8285,0
8286,1
8287,0
8288,0
8289,4
8290,2
8291,0
8292,5
8293,1
8294,1
8295,1
8296,1
8297,0
8298,4
8299,0
8300,1
8301,0
8302,0
8303,0
8304,1
8305,1
8306,0
8307,1
8308,2
8309,2
8310,0
8311,2
8312,1
8313,0
8314,1
8315,1
8316,2
8317,1
8318,0
8319,1
8320,2
8321,0
8322,2
8323,3
8324,0
8325,1
8326,2
8327,4
8328,2
8329,0
8330,1
8331,0
8332,2
8333,0
8334,2
8335,1
8336,0
8337,1
8338,1
8339,2
8340,0
8341,1
8342,0
8343,0
8344,1
8345,2
8346,0
8347,0
8348,0
8349,0
8350,2
8351,0
8352,0
8353,1
8354,1
8355,0
8356,1
8357,1
8358,0
8359,1
8360,0
8361,1
8362,3
8363,1
8364,3
8365,1
8366,1
8367,1
8368,2
8369,4
8370,1
8371,0
8372,1
8373,0
8374,1
8375,1
8376,0
8377,3
8378,0
8379,2
8380,0
8381,1
8382,1
8383,1
8384,0
8385,2
8386,1
8387,3
8388,1
8389,2
8390,0
8391,2
8392,0
8393,1
8394,1
8395,2
8396,0
8397,0
8398,0
8399,0
8400,1
8401,2
8402,3
8403,4
8404,3
8405,2
8406,5
8407,0
8408,4
8409,1
8410,2
8411,0
8412,1
8413,3
8414,2
8415,0
8416,0
8417,0
8418,0
8419,0
8420,1
8421,1
8422,1
8423,3
8424,0
8425,0
8426,3
8427,1
8428,1
8429,2
8430,0
8431,0
8432,1
8433,1
8434,0
8435,0
8436,2
8437,0
8438,1
8439,1
8440,1
8441,1
8442,2
8443,1
8444,0
8445,1
8446,1
8447,1
8448,3
8449,0
8450,1
8451,1
8452,1
8453,0
8454,2
8455,2
8456,1
8457,1
8458,3
8459,0
8460,1
8461,1
8462,0
8463,2
8464,0
8465,1
8466,1
8467,4
8468,5
8469,0
8470,5
8471,2
8472,1
8473,2
8474,3
8475,1
8476,0
8477,0
8478,2
8479,2
8480,0
8481,1
8482,2
8483,0
8484,0
8485,0
8486,1
8487,0
8488,1
8489,0
8490,0
8491,0
8492,2
8493,2
8494,0
8495,1
8496,5
8497,0
8498,1
8499,1
8500,1
8501,0
8502,1
8503,2
8504,2
8505,1
8506,2
8507,2
8508,0
8509,0
8510,3
8511,1
8512,2
8513,2
8514,2
8515,1
8516,1
8517,2
8518,1
8519,3
8520,0
8521,2
8522,0
8523,1
8524,2
8525,2
8526,0
8527,1
8528,1
8529,1
8530,1
8531,1
8532,0
8533,2
8534,1
8535,1
8536,1
8537,4
8538,0
8539,4
8540,0
8541,1
8542,0
8543,0
8544,2
8545,2
8546,2
8547,0
8548,0
8549,0
8550,0
8551,0
8552,1
8553,0
8554,2
8555,0
8556,2
8557,2
8558,0
8559,0
8560,0
8561,3
8562,0
8563,0
8564,1
8565,2
8566,1
8567,2
8568,1
8569,3
8570,1
8571,0
8572,1
8573,0
8574,2
8575,0
8576,0
8577,0
8578,4
8579,2
8580,0
8581,1
8582,1
8583,1
8584,2
8585,1
8586,0
8587,1
8588,1
8589,1
8590,1
8591,2
8592,0
8593,2
8594,0
8595,0
8596,1
8597,2
8598,3
8599,1
8600,0
8601,3
8602,0
8603,1
8604,0
8605,4
8606,0
8607,3
8608,3
8609,0
8610,3
8611,2
8612,0
8613,0
8614,1
8615,0
8616,0
8617,1
8618,0
8619,2
8620,2
8621,0
8622,5
8623,1
8624,0
8625,3
8626,1
8627,0
8628,2
8629,2
8630,2
8631,2
8632,1
8633,1
8634,0
8635,0
8636,0
8637,1
8638,0
8639,1
8640,2
8641,1
8642,1
8643,0
8644,0
8645,3
8646,1
8647,1
8648,0
8649,1
8650,2
8651,1
8652,1
8653,2
8654,0
8655,1
8656,0
8657,3
8658,1
8659,2
8660,1
8661,0
8662,2
8663,1
8664,2
8665,1
8666,1
8667,0
8668,2
8669,2
8670,1
8671,1
8672,2
8673,0
8674,2
8675,3
8676,0
8677,1
8678,0
8679,1
8680,1
8681,2
8682,0
8683,0
8684,1
8685,0
8686,2
8687,0
8688,0
8689,0
8690,0
8691,0
8692,1
8693,3
8694,1
8695,0
8696,0
8697,0
8698,0
8699,0
8700,2
8701,1
8702,2
8703,0
8704,3
8705,0
8706,1
8707,4
8708,1
8709,1
8710,1
8711,2
8712,0
8713,0
8714,1
8715,3
8716,2
8717,0
8718,3
8719,1
8720,4
8721,1
8722,0
8723,0
8724,2
8725,0
8726,1
8727,0
8728,1
8729,1
8730,0
8731,1
8732,0
8733,0
8734,3
8735,0
8736,1
8737,1
8738,1
8739,0
8740,0
8741,1
8742,0
8743,2
8744,2
8745,1
8746,0
8747,2
8748,0
8749,0
8750,4
8751,2
8752,2
8753,1
8754,0
8755,1
8756,0
8757,1
8758,1
8759,1
8760,1
8761,0
8762,1
8763,3
8764,1
8765,0
8766,1
8767,2
8768,0
8769,1
8770,0
8771,0
8772,1
8773,4
8774,1
8775,0
8776,2
8777,2
8778,0
8779,3
8780,1
8781,1
8782,2
8783,1
8784,4
8785,0
8786,0
8787,0
8788,1
8789,1
8790,1
8791,2
8792,1
8793,4
8794,3
8795,3
8796,3
8797,1
8798,0
8799,1
8800,1
8801,0
8802,1
8803,0
8804,1
8805,2
8806,1
8807,3
8808,2
8809,1
8810,0
8811,1
8812,2
8813,4
8814,1
8815,0
8816,2
8817,2
8818,0
8819,0
8820,1
8821,2
8822,1
8823,0
8824,2
8825,1
8826,2
8827,0
8828,2
8829,0
8830,0
8831,1
8832,2
8833,0
8834,0
8835,1
8836,3
8837,4
8838,0
8839,0
8840,0
8841,1
8842,2
8843,5
8844,3
8845,2
8846,2
8847,1
8848,0
8849,1
8850,2
8851,0
8852,5
8853,1
8854,1
8855,1
8856,3
8857,2
8858,1
8859,1
8860,0
8861,2
8862,1
8863,1
8864,1
8865,0
8866,0
8867,0
8868,1
8869,1
8870,1
8871,1
8872,1
8873,1
8874,2
8875,0
8876,1
8877,1
8878,1
8879,1
8880,1
8881,0
8882,0
8883,0
8884,0
8885,3
8886,0
8887,0
8888,1
8889,0
8890,0
8891,1
8892,3
8893,2
8894,1
8895,2
8896,2
8897,0
8898,2
8899,1
8900,1
8901,1
8902,1
8903,0
8904,0
8905,1
8906,1
8907,0
8908,1
8909,1
8910,2
8911,1
8912,2
8913,2
8914,1
8915,0
8916,1
8917,1
8918,1
8919,1
8920,1
8921,0
8922,1
8923,1
8924,2
8925,3
8926,2
8927,0
8928,2
8929,2
8930,0
8931,3
8932,0
8933,1
8934,0
8935,3
8936,3
8937,0
8938,1
8939,0
8940,0
8941,0
8942,0
8943,0
8944,1
8945,3
8946,1
8947,0
8948,1
8949,3
8950,4
8951,2
8952,1
8953,1
8954,0
8955,3
8956,0
8957,0
8958,0
8959,2
8960,2
8961,0
8962,1
8963,0
8964,0
8965,1
8966,1
8967,1
8968,2
8969,0
8970,3
8971,2
8972,1
8973,0
8974,0
8975,4
8976,1
8977,0
8978,1
8979,0
8980,0
8981,0
8982,0
8983,2
8984,0
8985,0
8986,0
8987,2
8988,0
8989,2
8990,1
8991,2
8992,1
8993,1
8994,2
8995,5
8996,1
8997,0
8998,2
8999,1
9000,2
9001,1
9002,2
9003,1
9004,1
9005,0
9006,0
9007,0
9008,1
9009,0
9010,1
9011,3
9012,2
9013,0
9014,0
9015,0
9016,1
9017,1
9018,0
9019,1
9020,3
9021,0
9022,1
9023,1
9024,3
9025,2
9026,0
9027,0
9028,0
9029,1
9030,0
9031,2
9032,2
9033,1
9034,0
9035,0
9036,0
9037,0
9038,4
9039,1
9040,0
9041,2
9042,1
9043,0
9044,0
9045,0
9046,2
9047,1
9048,1
9049,2
9050,2
9051,1
9052,0
9053,1
9054,1
9055,1
9056,0
9057,2
9058,2
9059,1
9060,2
9061,0
9062,1
9063,1
9064,1
9065,0
9066,0
9067,2
9068,0
9069,2
9070,1
9071,0
9072,0
9073,0
9074,0
9075,0
9076,0
9077,2
9078,2
9079,0
9080,1
9081,0
9082,0
9083,0
9084,1
9085,0
9086,0
9087,1
9088,1
9089,0
9090,0
9091,1
9092,1
9093,0
9094,1
9095,2
9096,0
9097,2
9098,2
9099,1
9100,0
9101,0
9102,0
9103,0
9104,1
9105,0
9106,0
9107,2
9108,2
9109,0
9110,0
9111,0
9112,1
9113,0
9114,1
9115,0
9116,0
9117,1
9118,0
9119,1
9120,0
9121,0
9122,2
9123,0
9124,1
9125,1
9126,2
9127,1
9128,2
9129,0
9130,3
9131,1
9132,1
9133,2
9134,1
9135,2
9136,1
9137,1
9138,0
9139,0
9140,1
9141,2
9142,0
9143,4
9144,2
9145,0
9146,0
9147,0
9148,1
9149,1
9150,2
9151,1
9152,1
9153,1
9154,2
9155,0
9156,1
9157,2
9158,1
9159,1
9160,2
9161,1
9162,0
9163,1
9164,1
9165,3
9166,2
9167,0
9168,2
9169,1
9170,0
9171,0
9172,0
9173,0
9174,1
9175,0
9176,1
9177,0
9178,1
9179,2
9180,1
9181,2
9182,1
9183,2
9184,1
9185,0
9186,3
9187,0
9188,2
9189,1
9190,0
9191,2
9192,0
9193,0
9194,5
9195,2
9196,3
9197,0
9198,1
9199,0
9200,2
9201,1
9202,4
9203,3
9204,2
9205,2
9206,1
9207,3
9208,3
9209,2
9210,2
9211,3
9212,1
9213,1
9214,0
9215,0
9216,1
9217,2
9218,0
9219,1
9220,1
9221,1
9222,1
9223,0
9224,0
9225,1
9226,1
9227,0
9228,0
9229,1
9230,0
9231,0
9232,1
9233,1
9234,1
9235,0
9236,1
9237,0
9238,0
9239,1
9240,0
9241,1
9242,0
9243,2
9244,2
9245,1
9246,1
9247,1
9248,1
9249,1
9250,1
9251,0
9252,1
9253,2
9254,0
9255,0
9256,2
9257,1
9258,2
9259,1
9260,1
9261,1
9262,0
9263,3
9264,1
9265,1
9266,2
9267,0
9268,0
9269,1
9270,0
9271,0
9272,1
9273,0
9274,2
9275,0
9276,0
9277,1
9278,2
9279,2
9280,2
9281,0
9282,1
9283,2
9284,2
9285,1
9286,1
9287,0
9288,1
9289,2
9290,1
9291,1
9292,1
9293,0
9294,1
9295,0
9296,1
9297,0
9298,3
9299,0
9300,0
9301,1
9302,0
9303,0
9304,1
9305,0
9306,2
9307,2
9308,0
9309,2
9310,0
9311,2
9312,1
9313,2
9314,0
9315,0
9316,1
9317,5
9318,1
9319,0
9320,2
9321,0
9322,0
9323,2
9324,2
9325,0
9326,1
9327,0
9328,1
9329,1
9330,0
9331,2
9332,1
9333,1
9334,3
9335,1
9336,1
9337,2
9338,1
9339,1
9340,0
9341,0
9342,0
9343,1
9344,1
9345,2
9346,0
9347,4
9348,1
9349,3
9350,1
9351,1
9352,0
9353,2
9354,0
9355,1
9356,1
9357,1
9358,2
9359,0
9360,2
9361,2
9362,0
9363,0
9364,1
9365,1
9366,1
9367,0
9368,0
9369,3
9370,0
9371,0
9372,2
9373,1
9374,1
9375,3
9376,1
9377,3
9378,0
9379,0
9380,1
9381,0
9382,0
9383,1
9384,1
9385,1
9386,1
9387,2
9388,1
9389,1
9390,1
9391,0
9392,1
9393,2
9394,1
9395,4
9396,2
9397,1
9398,1
9399,1
9400,1
9401,2
9402,0
9403,1
9404,2
9405,1
9406,3
9407,1
9408,1
9409,1
9410,2
9411,1
9412,2
9413,0
9414,1
9415,2
9416,1
9417,1
9418,0
9419,1
9420,1
9421,1
9422,1
9423,0
9424,1
9425,1
9426,0
9427,0
9428,0
9429,1
9430,3
9431,3
9432,2
9433,1
9434,1
9435,2
9436,0
9437,1
9438,1
9439,1
9440,0
9441,0
9442,0
9443,1
9444,4
9445,1
9446,1
9447,2
9448,1
9449,1
9450,1
9451,1
9452,1
9453,1
9454,1
9455,1
9456,1
9457,1
9458,2
9459,3
9460,0
9461,2
9462,2
9463,0
9464,0
9465,0
9466,0
9467,1
9468,1
9469,0
9470,1
9471,0
9472,1
9473,1
9474,3
9475,2
9476,2
9477,2
9478,1
9479,0
9480,0
9481,3
9482,2
9483,1
9484,1
9485,0
9486,3
9487,0
9488,2
9489,1
9490,2
9491,0
9492,2
9493,1
9494,1
9495,2
9496,0
9497,0
9498,0
9499,1
9500,4
9501,5
9502,2
9503,0
9504,0
9505,1
9506,0
9507,0
9508,0
9509,1
9510,0
9511,2
9512,1
9513,0
9514,1
9515,4
9516,1
9517,1
9518,0
9519,1
9520,2
9521,1
9522,1
9523,1
9524,3
9525,1
9526,0
9527,0
9528,0
9529,2
9530,1
9531,1
9532,0
9533,2
9534,1
9535,1
9536,0
9537,2
9538,0
9539,4
9540,2
9541,1
9542,1
9543,0
9544,2
9545,1
9546,4
9547,1
9548,0
9549,2
9550,1
9551,0
9552,1
9553,2
9554,2
9555,0
9556,1
9557,1
9558,0
9559,1
9560,0
9561,0
9562,0
9563,0
9564,0
9565,1
9566,2
9567,0
9568,0
9569,2
9570,0
9571,0
9572,1
9573,3
9574,2
9575,0
9576,0
9577,0
9578,1
9579,3
9580,1
9581,0
9582,1
9583,0
9584,1
9585,0
9586,1
9587,1
9588,0
9589,0
9590,0
9591,3
9592,0
9593,1
9594,0
9595,1
9596,2
9597,2
9598,2
9599,1
9600,2
9601,2
9602,2
9603,2
9604,1
9605,1
9606,1
9607,0
9608,1
9609,0
9610,0
9611,1
9612,1
9613,1
9614,0
9615,0
9616,1
9617,2
9618,1
9619,3
9620,2
9621,1
9622,1
9623,1
9624,1
9625,0
9626,0
9627,0
9628,0
9629,2
9630,1
9631,1
9632,1
9633,1
9634,2
9635,0
9636,1
9637,0
9638,2
9639,1
9640,0
9641,2
9642,0
9643,2
9644,2
9645,1
9646,0
9647,0
9648,3
9649,0
9650,0
9651,1
9652,2
9653,1
9654,1
9655,2
9656,0
9657,1
9658,0
9659,1
9660,0
9661,0
9662,0
9663,0
9664,0
9665,0
9666,2
9667,2
9668,1
9669,0
9670,2
9671,0
9672,2
9673,0
9674,0
9675,2
9676,1
9677,1
9678,0
9679,0
9680,0
9681,2
9682,1
9683,0
9684,0
9685,2
9686,0
9687,0
9688,0
9689,1
9690,0
9691,0
9692,0
9693,1
9694,1
9695,1
9696,1
9697,0
9698,0
9699,2
9700,1
9701,0
9702,0
9703,0
9704,1
9705,1
9706,2
9707,0
9708,3
9709,1
9710,0
9711,0
9712,0
9713,1
9714,2
9715,2
9716,1
9717,0
9718,2
9719,0
9720,0
9721,1
9722,1
9723,2
9724,0
9725,1
9726,1
9727,2
9728,1
9729,1
9730,1
9731,0
9732,2
9733,0
9734,2
9735,0
9736,0
9737,0
9738,0
9739,0
9740,1
9741,2
9742,0
9743,0
9744,2
9745,0
9746,2
9747,0
9748,1
9749,1
9750,1
9751,1
9752,5
9753,1
9754,0
9755,0
9756,1
9757,0
9758,0
9759,2
9760,0
9761,1
9762,0
9763,2
9764,1
9765,0
9766,0
9767,1
9768,0
9769,1
9770,1
9771,0
9772,0
9773,1
9774,1
9775,1
9776,3
9777,0
9778,0
9779,0
9780,0
9781,0
9782,0
9783,1
9784,1
9785,1
9786,1
9787,1
9788,3
9789,0
9790,0
9791,1
9792,2
9793,0
9794,1
9795,1
9796,1
9797,3
9798,1
9799,0
9800,1
9801,1
9802,0
9803,0
9804,1
9805,2
9806,1
9807,0
9808,2
9809,3
9810,0
9811,1
9812,0
9813,2
9814,2
9815,2
9816,1
9817,0
9818,2
9819,1
9820,1
9821,1
9822,4
9823,1
9824,4
9825,3
9826,3
9827,1
9828,4
9829,3
9830,0
9831,2
9832,1
9833,1
9834,2
9835,2
9836,0
9837,1
9838,1
9839,1
9840,3
9841,1
9842,1
9843,1
9844,0
9845,2
9846,3
9847,2
9848,3
9849,1
9850,0
9851,0
9852,0
9853,2
9854,2
9855,0
9856,2
9857,2
9858,2
9859,0
9860,1
9861,0
9862,0
9863,2
9864,3
9865,1
9866,0
9867,1
9868,2
9869,0
9870,1
9871,0
9872,1
9873,0
9874,0
9875,0
9876,1
9877,0
9878,0
9879,0
9880,1
9881,0
9882,2
9883,0
9884,1
9885,1
9886,2
9887,0
9888,0
9889,1
9890,0
9891,0
9892,1
9893,0
9894,0
9895,2
9896,1
9897,2
9898,2
9899,2
9900,0
9901,2
9902,0
9903,1
9904,0
9905,1
9906,0
9907,3
9908,1
9909,1
9910,0
9911,0
9912,1
9913,0
9914,0
9915,1
9916,2
9917,0
9918,0
9919,1
9920,2
9921,0
9922,1
9923,1
9924,1
9925,1
9926,1
9927,1
9928,4
9929,2
9930,3
9931,0
9932,1
9933,2
9934,1
9935,0
9936,2
9937,0
9938,1
9939,2
9940,0
9941,0
9942,2
9943,3
9944,0
9945,0
9946,3
9947,2
9948,1
9949,2
9950,1
9951,2
9952,2
9953,1
9954,1
9955,1
9956,1
9957,1
9958,1
9959,1
9960,0
9961,0
9962,1
9963,1
9964,0
9965,0
9966,0
9967,1
9968,1
9969,0
9970,1
9971,0
9972,0
9973,0
9974,1
9975,2
9976,1
9977,0
9978,2
9979,0
9980,0
9981,0
9982,1
9983,1
9984,5
9985,2
9986,0
9987,3
9988,0
9989,3
9990,0
9991,1
9992,3
9993,0
9994,0
9995,1
9996,2
9997,0
9998,0
9999,2
