0,162
1,62
2,3
3,76
4,73
5,29
6,41
7,21
8,25
9,8
10,16
11,65
12,6
13,1
14,23
15,36
16,33
17,7
18,0
19,0
20,92
21,0
22,0
23,69
24,0
25,65
26,58
27,34
28,50
29,72
30,0
31,0
32,2
33,51
34,9
35,0
36,0
37,6
38,0
39,29
40,40
41,40
42,12
43,0
44,0
45,21
46,0
47,42
48,15
49,0
50,0
51,4
52,0
53,5
54,0
55,17
56,32
57,18
58,0
59,0
60,34
61,0
62,33
63,40
64,31
65,38
66,21
67,48
68,11
69,11
70,12
71,0
72,11
73,5
74,8
75,17
76,24
77,7
78,0
79,1
80,0
81,4
82,4
83,3
84,0
85,32
86,6
87,5
88,49
89,0
90,2
91,0
92,52
93,16
94,0
95,21
96,0
97,35
98,0
99,9
100,16
101,0
102,3
103,2
104,0
105,30
106,12
107,0
108,0
109,0
110,7
111,0
112,0
113,8
114,0
115,20
116,7
117,0
118,7
119,12
120,0
121,10
122,7
123,0
124,16
125,26
126,10
127,2
128,0
129,6
130,35
131,30
132,0
133,3
134,38
135,10
136,0
137,27
138,12
139,7
140,0
141,16
142,27
143,40
144,71
145,7
146,1
147,0
148,8
149,4
150,2
151,31
152,4
153,26
154,0
155,4
156,0
157,1
158,0
159,20
160,0
161,8
162,6
163,20
164,22
165,35
166,2
167,6
168,6
169,0
170,1
171,6
172,3
173,3
174,16
175,5
176,7
177,0
178,0
179,0
180,0
181,0
182,0
183,2
184,11
185,1
186,17
187,13
188,1
189,0
190,5
191,0
192,26
193,25
194,0
195,0
196,0
197,9
198,0
199,0
200,0
201,4
202,20
203,34
204,0
205,0
206,6
207,0
208,19
209,0
210,4
211,21
212,12
213,0
214,6
215,7
216,0
217,0
218,4
219,24
220,0
221,10
222,1
223,0
224,2
225,5
226,1
227,8
228,0
229,2
230,0
231,0
232,13
233,14
234,5
235,2
236,0
237,8
238,8
239,17
240,0
241,0
242,14
243,0
244,4
245,15
246,0
247,0
248,4
249,5
250,0
251,17
252,4
253,0
254,18
255,4
256,0
257,0
258,1
259,5
260,0
261,7
262,7
263,0
264,0
265,0
266,0
267,0
268,6
269,5
270,1
271,9
272,9
273,5
274,12
275,0
276,0
277,1
278,13
279,4
280,0
281,9
282,15
283,0
284,2
285,4
286,7
287,13
288,3
289,18
290,16
291,0
292,5
293,0
294,18
295,4
296,4
297,0
298,4
299,0
300,12
301,5
302,16
303,1
304,13
305,12
306,12
307,0
308,0
309,0
310,10
311,3
312,0
313,0
314,0
315,19
316,5
317,0
318,6
319,0
320,0
321,0
322,11
323,2
324,9
325,9
326,1
327,0
328,3
329,18
330,1
331,0
332,3
333,12
334,0
335,0
336,1
337,16
338,6
339,19
340,3
341,5
342,0
343,2
344,0
345,10
346,19
347,19
348,0
349,1
350,0
351,2
352,15
353,4
354,17
355,0
356,0
357,0
358,0
359,15
360,0
361,0
362,10
363,5
364,0
365,0
366,0
367,4
368,0
369,8
370,0
371,7
372,2
373,0
374,0
375,0
376,0
377,0
378,0
379,3
380,3
381,16
382,0
383,7
384,15
385,0
386,9
387,0
388,4
389,0
390,0
391,4
392,9
393,12
394,0
395,7
396,7
397,8
398,5
399,5
400,0
401,0
402,16
403,0
404,10
405,2
406,12
407,0
408,0
409,0
410,10
411,3
412,7
413,7
414,0
415,0
416,0
417,15
418,4
419,7
420,3
421,2
422,9
423,0
424,0
425,2
426,0
427,0
428,3
429,8
430,2
431,15
432,6
433,18
434,8
435,8
436,0
437,0
438,0
439,3
440,3
441,4
442,13
443,0
444,0
445,6
446,0
447,5
448,4
449,2
450,16
451,4
452,4
453,0
454,13
455,2
456,0
457,7
458,0
459,9
460,0
461,1
462,1
463,0
464,0
465,8
466,1
467,0
468,0
469,3
470,10
471,0
472,15
473,0
474,3
475,1
476,10
477,3
478,2
479,0
480,12
481,0
482,6
483,0
484,2
485,0
486,17
487,8
488,8
489,4
490,2
491,0
492,1
493,1
494,3
495,6
496,0
497,0
498,0
499,2
500,0
501,5
502,1
503,0
504,3
505,3
506,0
507,8
508,7
509,5
510,3
511,11
512,5
513,16
514,3
515,6
516,0
517,7
518,1
519,6
520,5
521,0
522,7
523,2
524,0
525,5
526,7
527,5
528,3
529,3
530,5
531,0
532,0
533,0
534,2
535,3
536,0
537,13
538,7
539,0
540,10
541,3
542,15
543,8
544,10
545,0
546,2
547,11
548,4
549,8
550,0
551,3
552,5
553,4
554,0
555,1
556,4
557,0
558,0
559,11
560,0
561,1
562,1
563,5
564,0
565,21
566,0
567,0
568,0
569,0
570,5
571,2
572,16
573,5
574,0
575,15
576,0
577,0
578,11
579,6
580,2
581,5
582,6
583,0
584,2
585,0
586,9
587,0
588,16
589,0
590,0
591,0
592,4
593,0
594,0
595,3
596,0
597,9
598,7
599,0
600,1
601,4
602,13
603,1
604,0
605,0
606,2
607,7
608,1
609,5
610,10
611,0
612,4
613,7
614,7
615,5
616,0
617,4
618,12
619,1
620,0
621,1
622,4
623,1
624,1
625,10
626,29
627,1
628,4
629,0
630,2
631,0
632,0
633,2
634,3
635,4
636,15
637,0
638,5
639,3
640,3
641,2
642,1
643,0
644,3
645,7
646,11
647,0
648,0
649,3
650,2
651,16
652,0
653,3
654,11
655,0
656,0
657,5
658,0
659,14
660,5
661,0
662,0
663,0
664,0
665,0
666,0
667,1
668,6
669,8
670,4
671,12
672,3
673,0
674,2
675,4
676,3
677,1
678,0
679,0
680,0
681,12
682,13
683,0
684,1
685,5
686,3
687,1
688,1
689,0
690,2
691,0
692,0
693,0
694,6
695,11
696,4
697,7
698,0
699,16
700,4
701,0
702,0
703,7
704,14
705,15
706,23
707,9
708,0
709,0
710,0
711,4
712,0
713,0
714,7
715,0
716,0
717,3
718,7
719,0
720,4
721,6
722,4
723,0
724,1
725,11
726,0
727,5
728,1
729,4
730,9
731,0
732,0
733,0
734,7
735,0
736,6
737,4
738,0
739,3
740,6
741,2
742,0
743,6
744,0
745,0
746,2
747,2
748,0
749,0
750,0
751,0
752,17
753,1
754,2
755,2
756,6
757,0
758,0
759,1
760,0
761,0
762,3
763,6
764,4
765,6
766,0
767,8
768,20
769,1
770,5
771,1
772,7
773,6
774,2
775,1
776,12
777,3
778,0
779,4
780,0
781,2
782,1
783,4
784,3
785,5
786,0
787,3
788,9
789,6
790,0
791,9
792,0
793,1
794,2
795,0
796,4
797,4
798,2
799,10
800,4
801,16
802,4
803,0
804,0
805,1
806,1
807,0
808,16
809,2
810,4
811,3
812,3
813,0
814,0
815,2
816,5
817,1
818,0
819,0
820,0
821,0
822,0
823,8
824,1
825,10
826,0
827,2
828,0
829,5
830,0
831,11
832,22
833,9
834,4
835,6
836,0
837,2
838,0
839,2
840,0
841,0
842,0
843,1
844,0
845,10
846,8
847,0
848,0
849,0
850,0
851,0
852,0
853,0
854,6
855,3
856,0
857,0
858,0
859,0
860,1
861,0
862,3
863,5
864,11
865,1
866,6
867,8
868,3
869,4
870,5
871,0
872,2
873,11
874,9
875,1
876,0
877,0
878,0
879,3
880,6
881,5
882,1
883,3
884,1
885,2
886,2
887,0
888,12
889,0
890,1
891,13
892,3
893,2
894,0
895,1
896,8
897,16
898,0
899,2
900,8
901,5
902,0
903,0
904,0
905,0
906,0
907,3
908,7
909,0
910,4
911,3
912,0
913,9
914,5
915,2
916,5
917,0
918,4
919,0
920,4
921,0
922,7
923,8
924,3
925,0
926,27
927,1
928,0
929,18
930,0
931,4
932,4
933,5
934,0
935,0
936,2
937,0
938,0
939,7
940,0
941,3
942,3
943,2
944,2
945,0
946,0
947,2
948,0
949,0
950,0
951,0
952,0
953,2
954,1
955,3
956,0
957,0
958,0
959,2
960,5
961,0
962,15
963,2
964,16
965,7
966,1
967,0
968,2
969,0
970,15
971,1
972,11
973,0
974,3
975,4
976,1
977,10
978,11
979,0
980,3
981,6
982,0
983,14
984,0
985,6
986,5
987,9
988,0
989,12
990,0
991,2
992,2
993,1
994,5
995,1
996,0
997,0
998,11
999,0
1000,4
1001,0
1002,1
1003,18
1004,2
1005,0
1006,6
1007,8
1008,0
1009,4
1010,12
1011,1
1012,0
1013,0
1014,0
1015,0
1016,0
1017,0
1018,0
1019,2
1020,0
1021,0
1022,0
1023,7
1024,0
1025,2
1026,2
1027,8
1028,0
1029,3
1030,7
1031,0
1032,3
1033,1
1034,6
1035,12
1036,4
1037,0
1038,3
1039,3
1040,3
1041,4
1042,9
1043,1
1044,4
1045,7
1046,0
1047,2
1048,1
1049,0
1050,0
1051,7
1052,0
1053,11
1054,3
1055,6
1056,0
1057,24
1058,4
1059,0
1060,0
1061,2
1062,5
1063,0
1064,0
1065,1
1066,0
1067,9
1068,7
1069,4
1070,9
1071,4
1072,2
1073,3
1074,15
1075,1
1076,0
1077,6
1078,0
1079,2
1080,0
1081,0
1082,1
1083,8
1084,2
1085,4
1086,1
1087,4
1088,3
1089,8
1090,2
1091,8
1092,2
1093,0
1094,6
1095,1
1096,1
1097,0
1098,9
1099,1
1100,0
1101,3
1102,0
1103,5
1104,8
1105,4
1106,1
1107,0
1108,5
1109,2
1110,0
1111,1
1112,1
1113,1
1114,2
1115,5
1116,0
1117,0
1118,6
1119,0
1120,1
1121,4
1122,4
1123,1
1124,4
1125,1
1126,0
1127,1
1128,6
1129,0
1130,5
1131,7
1132,5
1133,6
1134,1
1135,14
1136,6
1137,2
1138,1
1139,9
1140,2
1141,0
1142,24
1143,1
1144,0
1145,2
1146,0
1147,0
1148,1
1149,0
1150,0
1151,6
1152,0
1153,4
1154,0
1155,6
1156,0
1157,0
1158,12
1159,16
1160,0
1161,0
1162,1
1163,0
1164,0
1165,1
1166,4
1167,10
1168,5
1169,0
1170,7
1171,8
1172,0
1173,0
1174,0
1175,10
1176,0
1177,3
1178,5
1179,0
1180,3
1181,16
1182,0
1183,0
1184,0
1185,3
1186,1
1187,3
1188,0
1189,2
1190,0
1191,0
1192,10
1193,0
1194,0
1195,9
1196,0
1197,8
1198,3
1199,1
1200,6
1201,2
1202,3
1203,8
1204,0
1205,2
1206,0
1207,11
1208,0
1209,0
1210,0
1211,2
1212,1
1213,3
1214,2
1215,3
1216,6
1217,22
1218,5
1219,2
1220,11
1221,6
1222,2
1223,0
1224,2
1225,0
1226,0
1227,7
1228,6
1229,0
1230,2
1231,0
1232,1
1233,0
1234,0
1235,1
1236,4
1237,4
1238,3
1239,15
1240,0
1241,0
1242,1
1243,4
1244,5
1245,0
1246,0
1247,6
1248,0
1249,0
1250,1
1251,0
1252,0
1253,0
1254,4
1255,0
1256,11
1257,7
1258,5
1259,2
1260,1
1261,0
1262,1
1263,5
1264,5
1265,2
1266,1
1267,3
1268,0
1269,3
1270,0
1271,8
1272,10
1273,0
1274,3
1275,5
1276,7
1277,1
1278,3
1279,0
1280,0
1281,0
1282,9
1283,3
1284,0
1285,2
1286,4
1287,0
1288,1
1289,6
1290,0
1291,0
1292,16
1293,1
1294,1
1295,0
1296,0
1297,0
1298,0
1299,1
1300,0
1301,0
1302,6
1303,0
1304,0
1305,3
1306,5
1307,4
1308,7
1309,0
1310,0
1311,6
1312,0
1313,2
1314,7
1315,3
1316,0
1317,2
1318,0
1319,0
1320,4
1321,1
1322,0
1323,5
1324,0
1325,0
1326,0
1327,1
1328,3
1329,7
1330,0
1331,1
1332,8
1333,0
1334,0
1335,1
1336,3
1337,17
1338,3
1339,15
1340,2
1341,2
1342,1
1343,0
1344,0
1345,2
1346,1
1347,10
1348,3
1349,2
1350,2
1351,0
1352,1
1353,0
1354,2
1355,4
1356,6
1357,1
1358,26
1359,2
1360,9
1361,0
1362,8
1363,0
1364,1
1365,0
1366,0
1367,1
1368,1
1369,10
1370,2
1371,6
1372,0
1373,2
1374,0
1375,10
1376,0
1377,1
1378,1
1379,0
1380,1
1381,5
1382,0
1383,0
1384,1
1385,1
1386,12
1387,0
1388,0
1389,1
1390,2
1391,0
1392,0
1393,0
1394,5
1395,6
1396,2
1397,0
1398,0
1399,8
1400,0
1401,2
1402,0
1403,0
1404,6
1405,1
1406,0
1407,0
1408,1
1409,0
1410,1
1411,1
1412,0
1413,12
1414,4
1415,0
1416,2
1417,1
1418,2
1419,5
1420,5
1421,3
1422,2
1423,0
1424,0
1425,2
1426,6
1427,0
1428,3
1429,0
1430,2
1431,0
1432,1
1433,2
1434,4
1435,2
1436,2
1437,3
1438,0
1439,0
1440,1
1441,0
1442,2
1443,2
1444,0
1445,1
1446,1
1447,1
1448,0
1449,1
1450,0
1451,3
1452,0
1453,1
1454,0
1455,0
1456,0
1457,0
1458,1
1459,0
1460,0
1461,2
1462,0
1463,0
1464,0
1465,0
1466,6
1467,0
1468,18
1469,1
1470,0
1471,15
1472,1
1473,1
1474,5
1475,2
1476,1
1477,0
1478,10
1479,3
1480,2
1481,12
1482,4
1483,6
1484,5
1485,1
1486,0
1487,2
1488,3
1489,0
1490,0
1491,8
1492,0
1493,6
1494,0
1495,0
1496,1
1497,15
1498,0
1499,5
1500,0
1501,0
1502,4
1503,14
1504,0
1505,0
1506,0
1507,0
1508,1
1509,0
1510,1
1511,0
1512,0
1513,2
1514,0
1515,0
1516,1
1517,1
1518,1
1519,0
1520,6
1521,0
1522,1
1523,5
1524,5
1525,3
1526,0
1527,0
1528,5
1529,0
1530,4
1531,0
1532,0
1533,0
1534,4
1535,6
1536,8
1537,3
1538,0
1539,0
1540,0
1541,1
1542,0
1543,0
1544,0
1545,10
1546,0
1547,2
1548,0
1549,2
1550,13
1551,1
1552,5
1553,0
1554,1
1555,1
1556,0
1557,0
1558,3
1559,1
1560,0
1561,7
1562,3
1563,8
1564,0
1565,0
1566,13
1567,0
1568,8
1569,6
1570,2
1571,0
1572,1
1573,0
1574,1
1575,1
1576,1
1577,4
1578,0
1579,1
1580,0
1581,0
1582,1
1583,2
1584,2
1585,2
1586,0
1587,5
1588,0
1589,0
1590,0
1591,0
1592,1
1593,0
1594,0
1595,0
1596,1
1597,0
1598,1
1599,0
1600,0
1601,0
1602,0
1603,1
1604,4
1605,2
1606,0
1607,6
1608,3
1609,0
1610,2
1611,0
1612,2
1613,9
1614,0
1615,6
1616,7
1617,0
1618,0
1619,4
1620,2
1621,6
1622,0
1623,11
1624,2
1625,1
1626,1
1627,0
1628,2
1629,4
1630,4
1631,0
1632,3
1633,9
1634,1
1635,0
1636,6
1637,3
1638,18
1639,0
1640,0
1641,2
1642,3
1643,4
1644,3
1645,3
1646,0
1647,7
1648,2
1649,0
1650,7
1651,13
1652,4
1653,1
1654,4
1655,6
1656,2
1657,0
1658,1
1659,10
1660,8
1661,0
1662,8
1663,0
1664,0
1665,2
1666,2
1667,3
1668,0
1669,0
1670,2
1671,3
1672,13
1673,4
1674,3
1675,0
1676,0
1677,0
1678,4
1679,0
1680,6
1681,0
1682,1
1683,9
1684,4
1685,1
1686,1
1687,0
1688,7
1689,2
1690,2
1691,0
1692,0
1693,1
1694,2
1695,1
1696,0
1697,1
1698,0
1699,0
1700,2
1701,6
1702,0
1703,0
1704,0
1705,7
1706,11
1707,0
1708,5
1709,5
1710,5
1711,0
1712,0
1713,2
1714,1
1715,0
1716,0
1717,4
1718,3
1719,2
1720,2
1721,0
1722,1
1723,2
1724,2
1725,2
1726,0
1727,2
1728,1
1729,0
1730,0
1731,0
1732,0
1733,4
1734,1
1735,2
1736,3
1737,5
1738,5
1739,5
1740,0
1741,1
1742,0
1743,11
1744,11
1745,3
1746,6
1747,8
1748,4
1749,1
1750,2
1751,3
1752,1
1753,2
1754,0
1755,9
1756,5
1757,0
1758,1
1759,7
1760,3
1761,0
1762,4
1763,14
1764,0
1765,7
1766,0
1767,3
1768,1
1769,1
1770,3
1771,2
1772,0
1773,0
1774,2
1775,0
1776,0
1777,0
1778,6
1779,6
1780,3
1781,1
1782,1
1783,0
1784,1
1785,2
1786,0
1787,0
1788,3
1789,0
1790,5
1791,0
1792,1
1793,0
1794,4
1795,0
1796,4
1797,0
1798,0
1799,13
1800,7
1801,0
1802,0
1803,0
1804,2
1805,0
1806,0
1807,1
1808,0
1809,0
1810,13
1811,0
1812,1
1813,0
1814,3
1815,0
1816,0
1817,0
1818,0
1819,0
1820,6
1821,3
1822,1
1823,0
1824,0
1825,3
1826,0
1827,0
1828,0
1829,0
1830,8
1831,0
1832,4
1833,1
1834,5
1835,3
1836,7
1837,4
1838,3
1839,1
1840,0
1841,13
1842,1
1843,4
1844,1
1845,1
1846,0
1847,3
1848,18
1849,5
1850,2
1851,2
1852,0
1853,7
1854,1
1855,1
1856,2
1857,1
1858,5
1859,0
1860,4
1861,2
1862,2
1863,3
1864,0
1865,0
1866,0
1867,6
1868,7
1869,0
1870,4
1871,0
1872,4
1873,6
1874,0
1875,3
1876,0
1877,0
1878,0
1879,0
1880,2
1881,3
1882,0
1883,7
1884,3
1885,1
1886,2
1887,4
1888,2
1889,1
1890,0
1891,2
1892,1
1893,0
1894,3
1895,6
1896,1
1897,4
1898,3
1899,2
1900,5
1901,0
1902,5
1903,3
1904,6
1905,0
1906,0
1907,6
1908,4
1909,7
1910,2
1911,1
1912,1
1913,0
1914,3
1915,0
1916,8
1917,0
1918,0
1919,0
1920,0
1921,2
1922,0
1923,0
1924,0
1925,0
1926,3
1927,0
1928,0
1929,1
1930,0
1931,2
1932,7
1933,0
1934,3
1935,4
1936,0
1937,1
1938,6
1939,0
1940,4
1941,0
1942,2
1943,5
1944,0
1945,6
1946,0
1947,2
1948,1
1949,2
1950,2
1951,0
1952,0
1953,0
1954,8
1955,0
1956,2
1957,0
1958,2
1959,0
1960,0
1961,9
1962,0
1963,0
1964,1
1965,1
1966,0
1967,0
1968,2
1969,5
1970,7
1971,2
1972,5
1973,2
1974,10
1975,1
1976,2
1977,4
1978,10
1979,0
1980,5
1981,0
1982,1
1983,2
1984,0
1985,5
1986,0
1987,0
1988,0
1989,8
1990,3
1991,2
1992,1
1993,0
1994,2
1995,5
1996,0
1997,1
1998,0
1999,24
2000,1
2001,1
2002,0
2003,8
2004,2
2005,4
2006,3
2007,2
2008,1
2009,3
2010,5
2011,0
2012,0
2013,0
2014,1
2015,0
2016,6
2017,3
2018,9
2019,2
2020,3
2021,0
2022,2
2023,9
2024,1
2025,0
2026,0
2027,1
2028,0
2029,2
2030,4
2031,0
2032,6
2033,8
2034,1
2035,0
2036,0
2037,5
2038,0
2039,3
2040,0
2041,1
2042,0
2043,0
2044,2
2045,2
2046,1
2047,3
2048,6
2049,3
2050,0
2051,0
2052,0
2053,0
2054,2
2055,0
2056,4
2057,7
2058,0
2059,1
2060,3
2061,4
2062,4
2063,0
2064,0
2065,1
2066,0
2067,0
2068,9
2069,9
2070,7
2071,1
2072,0
2073,0
2074,0
2075,3
2076,0
2077,1
2078,1
2079,0
2080,1
2081,0
2082,6
2083,1
2084,3
2085,0
2086,6
2087,5
2088,2
2089,0
2090,5
2091,4
2092,2
2093,2
2094,3
2095,4
2096,7
2097,0
2098,0
2099,1
2100,3
2101,10
2102,0
2103,9
2104,0
2105,5
2106,0
2107,1
2108,0
2109,0
2110,0
2111,1
2112,0
2113,1
2114,11
2115,0
2116,5
2117,11
2118,4
2119,0
2120,0
2121,2
2122,0
2123,4
2124,1
2125,11
2126,0
2127,1
2128,1
2129,0
2130,3
2131,5
2132,1
2133,10
2134,0
2135,4
2136,0
2137,2
2138,5
2139,0
2140,3
2141,4
2142,2
2143,1
2144,3
2145,3
2146,4
2147,1
2148,2
2149,5
2150,3
2151,8
2152,1
2153,1
2154,6
2155,0
2156,0
2157,0
2158,1
2159,4
2160,2
2161,2
2162,1
2163,2
2164,1
2165,0
2166,2
2167,0
2168,0
2169,0
2170,0
2171,7
2172,9
2173,0
2174,4
2175,0
2176,4
2177,7
2178,2
2179,0
2180,5
2181,0
2182,0
2183,0
2184,0
2185,0
2186,3
2187,1
2188,0
2189,0
2190,0
2191,2
2192,0
2193,1
2194,1
2195,0
2196,2
2197,5
2198,4
2199,0
2200,1
2201,0
2202,11
2203,0
2204,1
2205,3
2206,0
2207,1
2208,1
2209,2
2210,9
2211,6
2212,0
2213,0
2214,0
2215,4
2216,0
2217,14
2218,0
2219,6
2220,4
2221,0
2222,2
2223,2
2224,3
2225,1
2226,0
2227,9
2228,2
2229,3
2230,2
2231,0
2232,4
2233,3
2234,0
2235,1
2236,0
2237,4
2238,0
2239,2
2240,0
2241,1
2242,3
2243,13
2244,5
2245,1
2246,0
2247,2
2248,2
2249,1
2250,1
2251,3
2252,2
2253,0
2254,1
2255,0
2256,2
2257,1
2258,1
2259,0
2260,8
2261,1
2262,5
2263,0
2264,3
2265,4
2266,1
2267,3
2268,7
2269,1
2270,0
2271,9
2272,0
2273,0
2274,0
2275,6
2276,3
2277,8
2278,0
2279,0
2280,0
2281,0
2282,1
2283,12
2284,1
2285,4
2286,6
2287,0
2288,0
2289,2
2290,0
2291,3
2292,8
2293,0
2294,5
2295,2
2296,1
2297,4
2298,4
2299,2
2300,4
2301,4
2302,0
2303,1
2304,6
2305,1
2306,0
2307,1
2308,0
2309,0
2310,7
2311,0
2312,2
2313,2
2314,0
2315,4
2316,0
2317,0
2318,13
2319,1
2320,0
2321,2
2322,0
2323,4
2324,0
2325,6
2326,2
2327,0
2328,1
2329,0
2330,4
2331,0
2332,3
2333,1
2334,0
2335,6
2336,0
2337,2
2338,0
2339,5
2340,10
2341,1
2342,1
2343,2
2344,0
2345,4
2346,0
2347,2
2348,3
2349,3
2350,4
2351,2
2352,0
2353,0
2354,2
2355,1
2356,0
2357,0
2358,5
2359,0
2360,0
2361,0
2362,5
2363,3
2364,0
2365,0
2366,0
2367,0
2368,2
2369,0
2370,1
2371,3
2372,2
2373,1
2374,0
2375,0
2376,0
2377,4
2378,1
2379,2
2380,1
2381,0
2382,5
2383,0
2384,2
2385,3
2386,0
2387,0
2388,2
2389,1
2390,1
2391,0
2392,0
2393,1
2394,0
2395,0
2396,3
2397,11
2398,3
2399,5
2400,1
2401,1
2402,0
2403,2
2404,0
2405,4
2406,0
2407,0
2408,0
2409,0
2410,0
2411,1
2412,0
2413,2
2414,5
2415,0
2416,2
2417,4
2418,1
2419,1
2420,2
2421,4
2422,0
2423,0
2424,0
2425,0
2426,1
2427,1
2428,0
2429,4
2430,0
2431,0
2432,3
2433,0
2434,2
2435,0
2436,0
2437,5
2438,0
2439,0
2440,3
2441,0
2442,0
2443,0
2444,1
2445,1
2446,2
2447,0
2448,2
2449,0
2450,0
2451,1
2452,0
2453,0
2454,4
2455,1
2456,0
2457,0
2458,5
2459,7
2460,0
2461,1
2462,1
2463,1
2464,1
2465,8
2466,1
2467,10
2468,1
2469,3
2470,2
2471,2
2472,0
2473,7
2474,10
2475,8
2476,6
2477,5
2478,0
2479,0
2480,7
2481,2
2482,3
2483,1
2484,2
2485,0
2486,6
2487,6
2488,2
2489,4
2490,2
2491,5
2492,0
2493,2
2494,0
2495,4
2496,2
2497,0
2498,0
2499,1
2500,1
2501,0
2502,0
2503,2
2504,1
2505,0
2506,8
2507,0
2508,2
2509,1
2510,5
2511,2
2512,1
2513,3
2514,0
2515,2
2516,2
2517,0
2518,2
2519,5
2520,1
2521,2
2522,1
2523,0
2524,3
2525,2
2526,2
2527,7
2528,2
2529,12
2530,4
2531,2
2532,6
2533,3
2534,0
2535,0
2536,0
2537,0
2538,0
2539,3
2540,0
2541,2
2542,3
2543,1
2544,0
2545,2
2546,6
2547,0
2548,5
2549,4
2550,4
2551,0
2552,3
2553,0
2554,1
2555,0
2556,2
2557,2
2558,2
2559,1
2560,3
2561,1
2562,4
2563,0
2564,0
2565,5
2566,3
2567,0
2568,0
2569,1
2570,2
2571,0
2572,3
2573,1
2574,1
2575,5
2576,3
2577,0
2578,9
2579,3
2580,0
2581,1
2582,0
2583,8
2584,0
2585,1
2586,2
2587,1
2588,0
2589,2
2590,0
2591,4
2592,2
2593,1
2594,0
2595,2
2596,0
2597,2
2598,0
2599,9
2600,5
2601,0
2602,0
2603,0
2604,7
2605,0
2606,4
2607,0
2608,1
2609,1
2610,5
2611,0
2612,0
2613,1
2614,1
2615,4
2616,4
2617,1
2618,7
2619,6
2620,4
2621,3
2622,0
2623,5
2624,0
2625,1
2626,1
2627,0
2628,1
2629,3
2630,2
2631,0
2632,0
2633,0
2634,5
2635,1
2636,0
2637,9
2638,1
2639,0
2640,1
2641,3
2642,0
2643,0
2644,4
2645,4
2646,2
2647,3
2648,3
2649,2
2650,3
2651,1
2652,1
2653,0
2654,0
2655,0
2656,4
2657,0
2658,0
2659,0
2660,2
2661,0
2662,3
2663,6
2664,0
2665,0
2666,7
2667,3
2668,0
2669,8
2670,1
2671,0
2672,2
2673,4
2674,0
2675,6
2676,1
2677,1
2678,2
2679,2
2680,3
2681,8
2682,2
2683,0
2684,2
2685,3
2686,4
2687,7
2688,2
2689,3
2690,9
2691,5
2692,0
2693,0
2694,2
2695,2
2696,0
2697,4
2698,2
2699,1
2700,0
2701,1
2702,6
2703,0
2704,0
2705,0
2706,6
2707,7
2708,2
2709,2
2710,4
2711,4
2712,3
2713,1
2714,1
2715,7
2716,0
2717,3
2718,1
2719,1
2720,3
2721,3
2722,0
2723,5
2724,3
2725,0
2726,0
2727,0
2728,1
2729,4
2730,9
2731,0
2732,2
2733,2
2734,4
2735,7
2736,0
2737,1
2738,3
2739,0
2740,1
2741,2
2742,3
2743,3
2744,5
2745,3
2746,5
2747,0
2748,0
2749,2
2750,7
2751,0
2752,1
2753,3
2754,1
2755,1
2756,2
2757,2
2758,8
2759,3
2760,1
2761,1
2762,0
2763,7
2764,3
2765,1
2766,0
2767,0
2768,0
2769,6
2770,2
2771,0
2772,0
2773,0
2774,4
2775,4
2776,4
2777,0
2778,6
2779,1
2780,0
2781,1
2782,1
2783,0
2784,0
2785,0
2786,1
2787,9
2788,3
2789,0
2790,1
2791,0
2792,10
2793,0
2794,2
2795,3
2796,0
2797,0
2798,4
2799,5
2800,4
2801,3
2802,5
2803,1
2804,2
2805,0
2806,9
2807,0
2808,1
2809,0
2810,0
2811,1
2812,2
2813,0
2814,1
2815,0
2816,1
2817,0
2818,0
2819,1
2820,0
2821,7
2822,0
2823,1
2824,1
2825,6
2826,0
2827,4
2828,1
2829,4
2830,4
2831,0
2832,2
2833,0
2834,0
2835,0
2836,3
2837,5
2838,4
2839,0
2840,0
2841,0
2842,4
2843,3
2844,1
2845,5
2846,2
2847,0
2848,1
2849,1
2850,0
2851,3
2852,0
2853,2
2854,1
2855,4
2856,0
2857,2
2858,4
2859,0
2860,1
2861,2
2862,0
2863,1
2864,0
2865,2
2866,2
2867,3
2868,1
2869,0
2870,1
2871,0
2872,0
2873,8
2874,1
2875,1
2876,0
2877,2
2878,0
2879,3
2880,8
2881,2
2882,0
2883,2
2884,2
2885,2
2886,0
2887,3
2888,0
2889,1
2890,2
2891,2
2892,0
2893,2
2894,5
2895,0
2896,0
2897,6
2898,6
2899,2
2900,0
2901,1
2902,0
2903,0
2904,0
2905,6
2906,2
2907,4
2908,0
2909,5
2910,5
2911,2
2912,4
2913,6
2914,0
2915,0
2916,1
2917,0
2918,1
2919,3
2920,1
2921,1
2922,1
2923,2
2924,1
2925,2
2926,0
2927,0
2928,6
2929,2
2930,3
2931,2
2932,7
2933,0
2934,5
2935,1
2936,0
2937,0
2938,0
2939,3
2940,2
2941,1
2942,1
2943,7
2944,3
2945,4
2946,0
2947,2
2948,0
2949,0
2950,0
2951,4
2952,7
2953,1
2954,2
2955,1
2956,3
2957,6
2958,2
2959,2
2960,4
2961,0
2962,0
2963,2
2964,0
2965,0
2966,2
2967,4
2968,0
2969,0
2970,0
2971,1
2972,0
2973,3
2974,0
2975,2
2976,3
2977,4
2978,6
2979,0
2980,2
2981,1
2982,0
2983,3
2984,1
2985,4
2986,2
2987,5
2988,0
2989,2
2990,2
2991,3
2992,1
2993,1
2994,1
2995,0
2996,3
2997,1
2998,4
2999,6
3000,2
3001,2
3002,3
3003,2
3004,0
3005,0
3006,4
3007,1
3008,1
3009,0
3010,4
3011,4
3012,0
3013,9
3014,0
3015,0
3016,3
3017,1
3018,3
3019,0
3020,1
3021,0
3022,1
3023,1
3024,2
3025,0
3026,1
3027,1
3028,0
3029,2
3030,0
3031,0
3032,4
3033,2
3034,4
3035,2
3036,0
3037,0
3038,2
3039,3
3040,3
3041,1
3042,1
3043,2
3044,1
3045,0
3046,0
3047,1
3048,2
3049,0
3050,5
3051,2
3052,4
3053,0
3054,0
3055,2
3056,1
3057,4
3058,7
3059,0
3060,2
3061,0
3062,7
3063,0
3064,1
3065,1
3066,0
3067,4
3068,1
3069,1
3070,2
3071,0
3072,2
3073,2
3074,1
3075,6
3076,1
3077,2
3078,2
3079,1
3080,2
3081,0
3082,0
3083,2
3084,0
3085,0
3086,4
3087,1
3088,2
3089,1
3090,5
3091,1
3092,6
3093,0
3094,0
3095,0
3096,3
3097,2
3098,0
3099,2
3100,0
3101,5
3102,0
3103,0
3104,0
3105,0
3106,1
3107,4
3108,1
3109,0
3110,4
3111,1
3112,0
3113,1
3114,1
3115,0
3116,0
3117,2
3118,0
3119,2
3120,2
3121,3
3122,3
3123,1
3124,2
3125,2
3126,4
3127,0
3128,3
3129,1
3130,3
3131,1
3132,1
3133,4
3134,4
3135,4
3136,7
3137,0
3138,1
3139,0
3140,4
3141,5
3142,0
3143,2
3144,0
3145,0
3146,0
3147,0
3148,0
3149,1
3150,0
3151,2
3152,1
3153,5
3154,1
3155,2
3156,0
3157,3
3158,1
3159,6
3160,1
3161,4
3162,6
3163,1
3164,2
3165,0
3166,4
3167,4
3168,3
3169,0
3170,4
3171,3
3172,5
3173,3
3174,0
3175,2
3176,1
3177,5
3178,0
3179,1
3180,0
3181,1
3182,2
3183,1
3184,0
3185,2
3186,2
3187,1
3188,3
3189,0
3190,1
3191,5
3192,4
3193,0
3194,0
3195,3
3196,0
3197,0
3198,0
3199,0
3200,0
3201,3
3202,1
3203,2
3204,1
3205,0
3206,3
3207,0
3208,4
3209,0
3210,6
3211,2
3212,7
3213,0
3214,0
3215,1
3216,0
3217,2
3218,3
3219,1
3220,0
3221,3
3222,1
3223,4
3224,0
3225,6
3226,2
3227,0
3228,1
3229,0
3230,1
3231,4
3232,5
3233,0
3234,2
3235,2
3236,0
3237,7
3238,6
3239,1
3240,4
3241,5
3242,1
3243,3
3244,0
3245,0
3246,1
3247,2
3248,4
3249,1
3250,0
3251,0
3252,3
3253,0
3254,1
3255,4
3256,8
3257,0
3258,0
3259,14
3260,0
3261,8
3262,1
3263,2
3264,5
3265,0
3266,2
3267,0
3268,1
3269,5
3270,6
3271,6
3272,0
3273,0
3274,3
3275,2
3276,0
3277,0
3278,1
3279,1
3280,1
3281,0
3282,0
3283,0
3284,0
3285,5
3286,1
3287,0
3288,0
3289,0
3290,3
3291,3
3292,0
3293,0
3294,0
3295,2
3296,1
3297,0
3298,4
3299,1
3300,0
3301,0
3302,4
3303,1
3304,0
3305,0
3306,0
3307,0
3308,3
3309,4
3310,3
3311,1
3312,6
3313,2
3314,1
3315,1
3316,4
3317,1
3318,0
3319,5
3320,2
3321,0
3322,4
3323,2
3324,2
3325,5
3326,0
3327,2
3328,7
3329,0
3330,1
3331,1
3332,0
3333,2
3334,1
3335,0
3336,0
3337,2
3338,6
3339,0
3340,5
3341,7
3342,6
3343,0
3344,0
3345,0
3346,3
3347,4
3348,0
3349,3
3350,3
3351,4
3352,2
3353,0
3354,2
3355,2
3356,8
3357,0
3358,0
3359,0
3360,6
3361,1
3362,3
3363,0
3364,2
3365,2
3366,1
3367,1
3368,0
3369,1
3370,2
3371,1
3372,8
3373,0
3374,0
3375,0
3376,7
3377,1
3378,5
3379,0
3380,2
3381,2
3382,2
3383,2
3384,0
3385,2
3386,7
3387,0
3388,2
3389,4
3390,2
3391,0
3392,0
3393,1
3394,3
3395,0
3396,2
3397,4
3398,2
3399,2
3400,2
3401,3
3402,3
3403,0
3404,4
3405,1
3406,4
3407,0
3408,1
3409,0
3410,6
3411,0
3412,0
3413,1
3414,1
3415,0
3416,6
3417,1
3418,2
3419,0
3420,1
3421,4
3422,2
3423,9
3424,0
3425,0
3426,1
3427,0
3428,0
3429,2
3430,4
3431,2
3432,3
3433,0
3434,2
3435,10
3436,2
3437,1
3438,1
3439,0
3440,0
3441,3
3442,2
3443,7
3444,2
3445,0
3446,3
3447,0
3448,2
3449,10
3450,3
3451,2
3452,2
3453,2
3454,0
3455,1
3456,0
3457,1
3458,0
3459,3
3460,1
3461,2
3462,2
3463,5
3464,4
3465,0
3466,0
3467,0
3468,0
3469,4
3470,0
3471,2
3472,0
3473,3
3474,0
3475,0
3476,2
3477,0
3478,0
3479,4
3480,0
3481,0
3482,5
3483,1
3484,5
3485,2
3486,0
3487,1
3488,1
3489,2
3490,1
3491,2
3492,3
3493,4
3494,0
3495,0
3496,0
3497,5
3498,2
3499,0
3500,2
3501,1
3502,1
3503,3
3504,3
3505,1
3506,2
3507,0
3508,2
3509,4
3510,1
3511,1
3512,2
3513,1
3514,5
3515,1
3516,6
3517,2
3518,4
3519,4
3520,0
3521,2
3522,1
3523,3
3524,1
3525,1
3526,0
3527,1
3528,3
3529,3
3530,5
3531,1
3532,3
3533,0
3534,2
3535,5
3536,0
3537,5
3538,4
3539,0
3540,1
3541,0
3542,2
3543,3
3544,3
3545,2
3546,2
3547,7
3548,1
3549,4
3550,0
3551,2
3552,2
3553,2
3554,0
3555,8
3556,2
3557,0
3558,2
3559,1
3560,4
3561,0
3562,1
3563,1
3564,1
3565,4
3566,3
3567,2
3568,3
3569,1
3570,1
3571,3
3572,0
3573,3
3574,5
3575,1
3576,0
3577,3
3578,0
3579,1
3580,4
3581,0
3582,0
3583,9
3584,0
3585,6
3586,1
3587,1
3588,0
3589,1
3590,7
3591,0
3592,1
3593,0
3594,6
3595,0
3596,2
3597,0
3598,2
3599,2
3600,3
3601,2
3602,3
3603,0
3604,1
3605,0
3606,3
3607,0
3608,5
3609,4
3610,0
3611,2
3612,1
3613,0
3614,0
3615,0
3616,0
3617,0
3618,3
3619,0
3620,0
3621,1
3622,1
3623,1
3624,3
3625,1
3626,0
3627,8
3628,1
3629,5
3630,2
3631,3
3632,6
3633,0
3634,0
3635,6
3636,5
3637,5
3638,2
3639,0
3640,0
3641,4
3642,0
3643,1
3644,5
3645,0
3646,0
3647,0
3648,0
3649,0
3650,4
3651,0
3652,4
3653,1
3654,1
3655,0
3656,1
3657,1
3658,2
3659,4
3660,3
3661,3
3662,1
3663,5
3664,1
3665,3
3666,3
3667,5
3668,1
3669,1
3670,4
3671,1
3672,0
3673,0
3674,0
3675,0
3676,0
3677,0
3678,1
3679,0
3680,0
3681,2
3682,0
3683,1
3684,5
3685,1
3686,5
3687,7
3688,8
3689,2
3690,2
3691,0
3692,0
3693,2
3694,1
3695,1
3696,0
3697,1
3698,0
3699,0
3700,3
3701,3
3702,2
3703,2
3704,2
3705,2
3706,0
3707,0
3708,0
3709,0
3710,0
3711,0
3712,1
3713,0
3714,1
3715,8
3716,1
3717,0
3718,0
3719,1
3720,6
3721,1
3722,1
3723,0
3724,0
3725,2
3726,2
3727,0
3728,3
3729,4
3730,0
3731,0
3732,0
3733,0
3734,2
3735,1
3736,8
3737,1
3738,4
3739,3
3740,5
3741,0
3742,5
3743,3
3744,3
3745,0
3746,2
3747,0
3748,6
3749,1
3750,2
3751,0
3752,0
3753,6
3754,4
3755,4
3756,0
3757,1
3758,6
3759,2
3760,0
3761,0
3762,0
3763,0
3764,0
3765,5
3766,0
3767,0
3768,0
3769,5
3770,1
3771,6
3772,1
3773,0
3774,1
3775,0
3776,1
3777,0
3778,5
3779,3
3780,1
3781,0
3782,1
3783,2
3784,5
3785,3
3786,7
3787,6
3788,2
3789,1
3790,1
3791,2
3792,1
3793,0
3794,5
3795,0
3796,2
3797,1
3798,3
3799,1
3800,1
3801,0
3802,2
3803,0
3804,1
3805,0
3806,0
3807,0
3808,3
3809,7
3810,0
3811,0
3812,3
3813,1
3814,8
3815,0
3816,0
3817,0
3818,1
3819,1
3820,0
3821,2
3822,2
3823,2
3824,1
3825,2
3826,4
3827,1
3828,0
3829,0
3830,0
3831,0
3832,0
3833,2
3834,1
3835,0
3836,3
3837,7
3838,1
3839,4
3840,0
3841,0
3842,0
3843,1
3844,0
3845,0
3846,0
3847,1
3848,4
3849,0
3850,2
3851,0
3852,1
3853,4
3854,0
3855,0
3856,0
3857,5
3858,1
3859,1
3860,0
3861,0
3862,1
3863,2
3864,1
3865,1
3866,0
3867,1
3868,0
3869,0
3870,3
3871,1
3872,0
3873,2
3874,1
3875,1
3876,0
3877,0
3878,6
3879,1
3880,0
3881,0
3882,0
3883,4
3884,3
3885,2
3886,1
3887,0
3888,0
3889,0
3890,2
3891,2
3892,1
3893,2
3894,1
3895,0
3896,0
3897,0
3898,0
3899,0
3900,7
3901,1
3902,0
3903,5
3904,0
3905,0
3906,1
3907,1
3908,0
3909,1
3910,0
3911,0
3912,0
3913,0
3914,2
3915,0
3916,1
3917,2
3918,4
3919,2
3920,2
3921,4
3922,1
3923,5
3924,2
3925,2
3926,4
3927,1
3928,4
3929,0
3930,2
3931,0
3932,5
3933,0
3934,0
3935,0
3936,6
3937,1
3938,0
3939,2
3940,5
3941,1
3942,0
3943,1
3944,0
3945,1
3946,8
3947,3
3948,1
3949,6
3950,0
3951,3
3952,0
3953,2
3954,0
3955,1
3956,3
3957,1
3958,5
3959,0
3960,2
3961,4
3962,1
3963,3
3964,2
3965,3
3966,1
3967,2
3968,3
3969,2
3970,2
3971,0
3972,0
3973,0
3974,4
3975,6
3976,4
3977,2
3978,2
3979,1
3980,1
3981,1
3982,2
3983,1
3984,3
3985,1
3986,1
3987,1
3988,6
3989,0
3990,1
3991,0
3992,2
3993,1
3994,1
3995,0
3996,5
3997,2
3998,4
3999,0
4000,3
4001,2
4002,2
4003,5
4004,4
4005,0
4006,1
4007,3
4008,3
4009,1
4010,0
4011,2
4012,1
4013,2
4014,0
4015,2
4016,4
4017,1
4018,2
4019,7
4020,2
4021,0
4022,1
4023,0
4024,2
4025,2
4026,1
4027,0
4028,1
4029,0
4030,3
4031,1
4032,0
4033,4
4034,2
4035,0
4036,2
4037,1
4038,0
4039,5
4040,0
4041,0
4042,7
4043,0
4044,1
4045,0
4046,4
4047,4
4048,3
4049,0
4050,1
4051,0
4052,0
4053,1
4054,2
4055,0
4056,2
4057,1
4058,0
4059,0
4060,0
4061,0
4062,0
4063,1
4064,0
4065,3
4066,0
4067,1
4068,1
4069,1
4070,0
4071,2
4072,8
4073,2
4074,7
4075,1
4076,0
4077,1
4078,0
4079,0
4080,0
4081,1
4082,2
4083,0
4084,0
4085,0
4086,3
4087,2
4088,0
4089,0
4090,0
4091,1
4092,1
4093,3
4094,0
4095,0
4096,1
4097,0
4098,3
4099,0
4100,2
4101,0
4102,1
4103,5
4104,8
4105,3
4106,2
4107,2
4108,4
4109,0
4110,0
4111,1
4112,0
4113,2
4114,2
4115,0
4116,2
4117,0
4118,1
4119,1
4120,2
4121,1
4122,2
4123,1
4124,0
4125,10
4126,0
4127,1
4128,1
4129,0
4130,1
4131,3
4132,4
4133,3
4134,4
4135,0
4136,2
4137,0
4138,5
4139,4
4140,4
4141,0
4142,7
4143,6
4144,2
4145,1
4146,0
4147,0
4148,2
4149,5
4150,4
4151,0
4152,2
4153,0
4154,0
4155,0
4156,0
4157,2
4158,1
4159,1
4160,2
4161,0
4162,0
4163,0
4164,4
4165,2
4166,1
4167,0
4168,6
4169,0
4170,2
4171,2
4172,0
4173,3
4174,0
4175,0
4176,0
4177,7
4178,1
4179,2
4180,1
4181,3
4182,0
4183,3
4184,0
4185,4
4186,6
4187,1
4188,0
4189,2
4190,1
4191,1
4192,1
4193,0
4194,0
4195,1
4196,5
4197,1
4198,6
4199,0
4200,0
4201,1
4202,1
4203,3
4204,0
4205,2
4206,5
4207,3
4208,5
4209,0
4210,1
4211,3
4212,0
4213,3
4214,5
4215,2
4216,1
4217,1
4218,1
4219,1
4220,1
4221,2
4222,3
4223,0
4224,4
4225,2
4226,4
4227,0
4228,6
4229,4
4230,2
4231,7
4232,0
4233,0
4234,0
4235,11
4236,2
4237,0
4238,0
4239,0
4240,0
4241,2
4242,0
4243,0
4244,0
4245,0
4246,3
4247,0
4248,1
4249,0
4250,2
4251,0
4252,2
4253,5
4254,1
4255,2
4256,0
4257,3
4258,1
4259,0
4260,1
4261,0
4262,1
4263,2
4264,1
4265,6
4266,0
4267,0
4268,0
4269,1
4270,0
4271,0
4272,2
4273,2
4274,2
4275,0
4276,1
4277,1
4278,0
4279,4
4280,5
4281,0
4282,3
4283,0
4284,6
4285,0
4286,0
4287,0
4288,1
4289,1
4290,3
4291,3
4292,0
4293,6
4294,0
4295,1
4296,3
4297,2
4298,0
4299,5
4300,3
4301,0
4302,1
4303,7
4304,2
4305,0
4306,2
4307,0
4308,2
4309,2
4310,0
4311,0
4312,0
4313,1
4314,1
4315,1
4316,0
4317,1
4318,0
4319,1
4320,4
4321,1
4322,0
4323,0
4324,0
4325,0
4326,2
4327,0
4328,1
4329,0
4330,0
4331,0
4332,4
4333,3
4334,2
4335,1
4336,0
4337,1
4338,1
4339,0
4340,0
4341,0
4342,3
4343,1
4344,0
4345,5
4346,0
4347,2
4348,2
4349,0
4350,2
4351,2
4352,0
4353,2
4354,0
4355,0
4356,2
4357,3
4358,0
4359,0
4360,3
4361,3
4362,1
4363,0
4364,2
4365,2
4366,0
4367,1
4368,1
4369,0
4370,3
4371,0
4372,0
4373,4
4374,1
4375,2
4376,2
4377,3
4378,6
4379,0
4380,3
4381,2
4382,0
4383,2
4384,1
4385,0
4386,0
4387,1
4388,0
4389,0
4390,1
4391,0
4392,0
4393,3
4394,3
4395,2
4396,1
4397,13
4398,3
4399,5
4400,0
4401,0
4402,4
4403,0
4404,1
4405,4
4406,0
4407,0
4408,1
4409,2
4410,4
4411,0
4412,2
4413,0
4414,0
4415,2
4416,0
4417,3
4418,1
4419,1
4420,1
4421,1
4422,4
4423,5
4424,3
4425,1
4426,1
4427,1
4428,0
4429,1
4430,1
4431,0
4432,1
4433,1
4434,0
4435,0
4436,0
4437,0
4438,3
4439,4
4440,3
4441,0
4442,4
4443,0
4444,1
4445,1
4446,5
4447,1
4448,2
4449,0
4450,0
4451,6
4452,0
4453,0
4454,3
4455,1
4456,3
4457,3
4458,0
4459,0
4460,3
4461,3
4462,2
4463,3
4464,0
4465,1
4466,2
4467,3
4468,0
4469,0
4470,3
4471,1
4472,3
4473,1
4474,2
4475,2
4476,0
4477,0
4478,0
4479,0
4480,0
4481,2
4482,0
4483,0
4484,0
4485,2
4486,2
4487,2
4488,1
4489,2
4490,1
4491,2
4492,0
4493,4
4494,0
4495,0
4496,0
4497,0
4498,1
4499,2
4500,7
4501,4
4502,0
4503,1
4504,1
4505,1
4506,3
4507,2
4508,1
4509,0
4510,5
4511,6
4512,0
4513,2
4514,1
4515,0
4516,5
4517,4
4518,2
4519,5
4520,1
4521,1
4522,1
4523,2
4524,0
4525,3
4526,0
4527,1
4528,0
4529,3
4530,0
4531,2
4532,0
4533,1
4534,1
4535,0
4536,1
4537,1
4538,0
4539,1
4540,3
4541,0
4542,2
4543,1
4544,3
4545,0
4546,0
4547,4
4548,2
4549,1
4550,0
4551,2
4552,1
4553,1
4554,0
4555,3
4556,1
4557,1
4558,0
4559,1
4560,0
4561,0
4562,0
4563,2
4564,1
4565,1
4566,5
4567,2
4568,5
4569,1
4570,2
4571,1
4572,0
4573,0
4574,0
4575,0
4576,2
4577,1
4578,0
4579,4
4580,0
4581,2
4582,0
4583,3
4584,1
4585,0
4586,0
4587,1
4588,1
4589,1
4590,1
4591,2
4592,3
4593,0
4594,1
4595,2
4596,4
4597,0
4598,1
4599,0
4600,1
4601,5
4602,5
4603,0
4604,1
4605,2
4606,1
4607,1
4608,2
4609,2
4610,0
4611,1
4612,0
4613,0
4614,1
4615,2
4616,2
4617,0
4618,2
4619,0
4620,1
4621,4
4622,1
4623,0
4624,5
4625,4
4626,1
4627,1
4628,3
4629,1
4630,0
4631,6
4632,1
4633,5
4634,4
4635,0
4636,1
4637,1
4638,0
4639,0
4640,0
4641,1
4642,1
4643,0
4644,2
4645,0
4646,0
4647,5
4648,4
4649,0
4650,1
4651,5
4652,0
4653,1
4654,0
4655,0
4656,1
4657,2
4658,1
4659,0
4660,3
4661,0
4662,3
4663,0
4664,1
4665,5
4666,3
4667,6
4668,0
4669,0
4670,1
4671,0
4672,0
4673,4
4674,4
4675,0
4676,0
4677,1
4678,1
4679,1
4680,1
4681,1
4682,2
4683,1
4684,0
4685,1
4686,1
4687,0
4688,0
4689,4
4690,0
4691,1
4692,7
4693,0
4694,2
4695,2
4696,4
4697,3
4698,0
4699,1
4700,4
4701,5
4702,0
4703,0
4704,1
4705,1
4706,0
4707,5
4708,0
4709,2
4710,1
4711,2
4712,1
4713,2
4714,0
4715,0
4716,2
4717,12
4718,0
4719,0
4720,0
4721,0
4722,2
4723,0
4724,0
4725,0
4726,2
4727,2
4728,1
4729,5
4730,1
4731,1
4732,1
4733,1
4734,0
4735,0
4736,0
4737,1
4738,0
4739,0
4740,0
4741,0
4742,1
4743,5
4744,1
4745,1
4746,4
4747,1
4748,0
4749,6
4750,1
4751,0
4752,0
4753,0
4754,0
4755,2
4756,0
4757,0
4758,2
4759,0
4760,0
4761,0
4762,1
4763,1
4764,0
4765,0
4766,0
4767,5
4768,0
4769,4
4770,4
4771,1
4772,2
4773,2
4774,2
4775,0
4776,1
4777,1
4778,1
4779,1
4780,2
4781,0
4782,0
4783,1
4784,0
4785,1
4786,2
4787,3
4788,1
4789,6
4790,2
4791,5
4792,0
4793,1
4794,1
4795,3
4796,0
4797,1
4798,1
4799,4
4800,2
4801,3
4802,1
4803,1
4804,2
4805,2
4806,1
4807,3
4808,2
4809,0
4810,2
4811,3
4812,1
4813,2
4814,1
4815,0
4816,4
4817,0
4818,2
4819,1
4820,6
4821,0
4822,1
4823,2
4824,2
4825,2
4826,1
4827,0
4828,1
4829,0
4830,1
4831,3
4832,2
4833,0
4834,0
4835,0
4836,2
4837,0
4838,0
4839,1
4840,1
4841,4
4842,1
4843,2
4844,0
4845,2
4846,1
4847,5
4848,2
4849,0
4850,2
4851,0
4852,2
4853,2
4854,0
4855,0
4856,0
4857,2
4858,0
4859,2
4860,0
4861,0
4862,1
4863,2
4864,2
4865,1
4866,3
4867,2
4868,0
4869,4
4870,1
4871,2
4872,0
4873,0
4874,1
4875,1
4876,5
4877,2
4878,6
4879,1
4880,1
4881,3
4882,1
4883,0
4884,4
4885,0
4886,0
4887,1
4888,1
4889,0
4890,5
4891,0
4892,1
4893,2
4894,0
4895,0
4896,6
4897,3
4898,2
4899,1
4900,0
4901,0
4902,1
4903,2
4904,2
4905,1
4906,1
4907,1
4908,3
4909,1
4910,1
4911,1
4912,0
4913,2
4914,2
4915,2
4916,1
4917,2
4918,0
4919,3
4920,1
4921,3
4922,3
4923,0
4924,8
4925,1
4926,3
4927,0
4928,6
4929,0
4930,3
4931,0
4932,0
4933,0
4934,0
4935,1
4936,0
4937,3
4938,1
4939,1
4940,0
4941,4
4942,4
4943,0
4944,1
4945,1
4946,0
4947,2
4948,0
4949,2
4950,0
4951,1
4952,1
4953,4
4954,0
4955,0
4956,3
4957,3
4958,0
4959,1
4960,3
4961,1
4962,0
4963,1
4964,0
4965,3
4966,0
4967,5
4968,4
4969,3
4970,0
4971,1
4972,0
4973,1
4974,1
4975,0
4976,0
4977,1
4978,0
4979,4
4980,3
4981,2
4982,4
4983,1
4984,5
4985,0
4986,0
4987,2
4988,2
4989,0
4990,1
4991,0
4992,2
4993,0
4994,3
4995,0
4996,3
4997,0
4998,0
4999,0
5000,1
5001,0
5002,1
5003,1
5004,0
5005,0
5006,3
5007,0
5008,2
5009,1
5010,2
5011,0
5012,2
5013,3
5014,0
5015,3
5016,6
5017,2
5018,0
5019,1
5020,1
5021,1
5022,0
5023,2
5024,1
5025,5
5026,1
5027,2
5028,1
5029,1
5030,2
5031,1
5032,2
5033,0
5034,1
5035,1
5036,4
5037,0
5038,0
5039,2
5040,0
5041,1
5042,0
5043,0
5044,1
5045,1
5046,0
5047,1
5048,2
5049,0
5050,0
5051,1
5052,4
5053,3
5054,3
5055,1
5056,2
5057,0
5058,2
5059,5
5060,1
5061,0
5062,0
5063,0
5064,3
5065,0
5066,3
5067,0
5068,1
5069,3
5070,1
5071,3
5072,3
5073,0
5074,0
5075,3
5076,0
5077,3
5078,1
5079,5
5080,2
5081,2
5082,2
5083,0
5084,0
5085,1
5086,1
5087,1
5088,4
5089,3
5090,1
5091,0
5092,3
5093,0
5094,0
5095,2
5096,0
5097,2
5098,0
5099,2
5100,0
5101,1
5102,2
5103,0
5104,9
5105,2
5106,0
5107,0
5108,1
5109,2
5110,2
5111,3
5112,3
5113,4
5114,1
5115,0
5116,0
5117,0
5118,3
5119,2
5120,1
5121,0
5122,0
5123,0
5124,4
5125,1
5126,0
5127,1
5128,1
5129,1
5130,1
5131,3
5132,3
5133,0
5134,0
5135,2
5136,3
5137,3
5138,0
5139,0
5140,0
5141,0
5142,5
5143,0
5144,4
5145,0
5146,3
5147,1
5148,1
5149,1
5150,7
5151,2
5152,1
5153,4
5154,0
5155,4
5156,1
5157,4
5158,2
5159,0
5160,0
5161,2
5162,2
5163,2
5164,1
5165,0
5166,0
5167,4
5168,1
5169,1
5170,0
5171,1
5172,0
5173,1
5174,1
5175,3
5176,0
5177,0
5178,0
5179,2
5180,0
5181,1
5182,4
5183,0
5184,0
5185,0
5186,1
5187,0
5188,1
5189,5
5190,3
5191,0
5192,2
5193,0
5194,0
5195,1
5196,1
5197,3
5198,0
5199,2
5200,1
5201,3
5202,1
5203,0
5204,1
5205,3
5206,3
5207,0
5208,1
5209,4
5210,3
5211,0
5212,1
5213,6
5214,0
5215,2
5216,1
5217,0
5218,0
5219,0
5220,4
5221,4
5222,0
5223,2
5224,5
5225,3
5226,3
5227,0
5228,0
5229,1
5230,2
5231,0
5232,0
5233,1
5234,1
5235,2
5236,0
5237,0
5238,1
5239,1
5240,0
5241,0
5242,2
5243,1
5244,0
5245,3
5246,0
5247,1
5248,0
5249,1
5250,1
5251,0
5252,0
5253,2
5254,0
5255,0
5256,2
5257,0
5258,4
5259,2
5260,2
5261,0
5262,0
5263,6
5264,2
5265,4
5266,1
5267,2
5268,0
5269,0
5270,0
5271,1
5272,1
5273,4
5274,3
5275,3
5276,2
5277,1
5278,4
5279,1
5280,0
5281,1
5282,2
5283,1
5284,2
5285,2
5286,0
5287,3
5288,0
5289,6
5290,0
5291,1
5292,0
5293,3
5294,2
5295,1
5296,1
5297,3
5298,0
5299,3
5300,2
5301,8
5302,2
5303,0
5304,1
5305,2
5306,1
5307,0
5308,0
5309,0
5310,1
5311,0
5312,3
5313,2
5314,2
5315,4
5316,2
5317,1
5318,2
5319,0
5320,2
5321,1
5322,2
5323,1
5324,3
5325,0
5326,2
5327,3
5328,0
5329,0
5330,1
5331,0
5332,1
5333,1
5334,1
5335,0
5336,3
5337,1
5338,1
5339,0
5340,2
5341,1
5342,0
5343,1
5344,0
5345,1
5346,2
5347,1
5348,2
5349,3
5350,0
5351,2
5352,2
5353,0
5354,0
5355,2
5356,0
5357,1
5358,3
5359,1
5360,0
5361,1
5362,0
5363,0
5364,0
5365,1
5366,2
5367,0
5368,0
5369,4
5370,1
5371,0
5372,0
5373,3
5374,4
5375,5
5376,1
5377,0
5378,2
5379,1
5380,0
5381,1
5382,1
5383,0
5384,0
5385,1
5386,1
5387,0
5388,6
5389,5
5390,0
5391,3
5392,4
5393,4
5394,1
5395,0
5396,0
5397,3
5398,2
5399,1
5400,2
5401,0
5402,0
5403,0
5404,0
5405,2
5406,2
5407,4
5408,0
5409,0
5410,0
5411,0
5412,0
5413,2
5414,3
5415,1
5416,2
5417,1
5418,7
5419,5
5420,2
5421,3
5422,4
5423,0
5424,1
5425,3
5426,2
5427,0
5428,1
5429,0
5430,0
5431,4
5432,3
5433,0
5434,0
5435,4
5436,0
5437,7
5438,0
5439,2
5440,1
5441,0
5442,0
5443,0
5444,0
5445,0
5446,2
5447,0
5448,2
5449,0
5450,1
5451,1
5452,2
5453,0
5454,1
5455,0
5456,0
5457,4
5458,3
5459,0
5460,0
5461,0
5462,1
5463,1
5464,4
5465,1
5466,0
5467,2
5468,0
5469,0
5470,2
5471,1
5472,2
5473,0
5474,3
5475,0
5476,1
5477,0
5478,3
5479,0
5480,0
5481,1
5482,2
5483,1
5484,1
5485,0
5486,1
5487,3
5488,2
5489,0
5490,1
5491,1
5492,1
5493,2
5494,1
5495,1
5496,1
5497,1
5498,0
5499,2
5500,1
5501,0
5502,2
5503,0
5504,1
5505,2
5506,0
5507,1
5508,2
5509,0
5510,2
5511,0
5512,5
5513,1
5514,2
5515,0
5516,0
5517,0
5518,0
5519,1
5520,1
5521,2
5522,1
5523,3
5524,0
5525,3
5526,5
5527,1
5528,1
5529,0
5530,3
5531,5
5532,0
5533,0
5534,0
5535,1
5536,2
5537,5
5538,0
5539,2
5540,1
5541,0
5542,1
5543,0
5544,2
5545,1
5546,0
5547,1
5548,2
5549,1
5550,3
5551,1
5552,0
5553,1
5554,2
5555,0
5556,1
5557,2
5558,1
5559,0
5560,3
5561,1
5562,2
5563,1
5564,0
5565,4
5566,1
5567,3
5568,1
5569,2
5570,2
5571,0
5572,2
5573,2
5574,2
5575,1
5576,2
5577,0
5578,1
5579,1
5580,0
5581,0
5582,0
5583,0
5584,1
5585,0
5586,0
5587,2
5588,1
5589,1
5590,3
5591,0
5592,0
5593,1
5594,3
5595,1
5596,0
5597,1
5598,1
5599,5
5600,0
5601,0
5602,0
5603,1
5604,0
5605,0
5606,5
5607,0
5608,2
5609,0
5610,1
5611,2
5612,2
5613,2
5614,1
5615,0
5616,2
5617,6
5618,0
5619,1
5620,0
5621,1
5622,3
5623,2
5624,0
5625,3
5626,3
5627,3
5628,0
5629,2
5630,1
5631,1
5632,2
5633,2
5634,5
5635,2
5636,5
5637,0
5638,2
5639,1
5640,4
5641,2
5642,0
5643,1
5644,2
5645,1
5646,5
5647,0
5648,0
5649,0
5650,0
5651,1
5652,0
5653,4
5654,0
5655,3
5656,2
5657,1
5658,0
5659,0
5660,3
5661,0
5662,1
5663,0
5664,0
5665,0
5666,0
5667,0
5668,1
5669,3
5670,2
5671,0
5672,1
5673,1
5674,2
5675,1
5676,5
5677,2
5678,5
5679,1
5680,0
5681,0
5682,2
5683,1
5684,1
5685,0
5686,0
5687,1
5688,1
5689,0
5690,1
5691,1
5692,1
5693,2
5694,2
5695,0
5696,3
5697,2
5698,0
5699,0
5700,4
5701,3
5702,2
5703,5
5704,0
5705,1
5706,5
5707,0
5708,0
5709,0
5710,2
5711,1
5712,0
5713,0
5714,2
5715,3
5716,0
5717,4
5718,1
5719,1
5720,3
5721,1
5722,1
5723,0
5724,2
5725,0
5726,1
5727,1
5728,0
5729,0
5730,1
5731,2
5732,1
5733,2
5734,0
5735,0
5736,0
5737,1
5738,0
5739,0
5740,3
5741,1
5742,0
5743,1
5744,3
5745,0
5746,0
5747,3
5748,0
5749,1
5750,2
5751,4
5752,0
5753,1
5754,0
5755,0
5756,1
5757,5
5758,1
5759,0
5760,0
5761,2
5762,2
5763,4
5764,0
5765,1
5766,1
5767,3
5768,1
5769,1
5770,2
5771,0
5772,0
5773,3
5774,1
5775,0
5776,0
5777,1
5778,0
5779,0
5780,1
5781,0
5782,1
5783,4
5784,0
5785,3
5786,3
5787,0
5788,0
5789,2
5790,5
5791,0
5792,3
5793,2
5794,0
5795,1
5796,4
5797,2
5798,0
5799,1
5800,3
5801,0
5802,0
5803,2
5804,1
5805,0
5806,1
5807,0
5808,0
5809,0
5810,0
5811,1
5812,1
5813,4
5814,2
5815,0
5816,0
5817,1
5818,0
5819,1
5820,2
5821,1
5822,2
5823,1
5824,2
5825,1
5826,0
5827,4
5828,0
5829,4
5830,0
5831,1
5832,4
5833,3
5834,0
5835,2
5836,2
5837,3
5838,0
5839,0
5840,0
5841,0
5842,2
5843,2
5844,2
5845,0
5846,0
5847,2
5848,3
5849,2
5850,1
5851,0
5852,3
5853,0
5854,1
5855,2
5856,3
5857,1
5858,0
5859,4
5860,0
5861,3
5862,2
5863,0
5864,1
5865,1
5866,1
5867,1
5868,2
5869,0
5870,0
5871,5
5872,2
5873,2
5874,3
5875,0
5876,0
5877,1
5878,0
5879,0
5880,0
5881,1
5882,1
5883,1
5884,0
5885,1
5886,2
5887,3
5888,2
5889,0
5890,0
5891,1
5892,2
5893,2
5894,0
5895,0
5896,0
5897,1
5898,0
5899,0
5900,1
5901,2
5902,2
5903,0
5904,2
5905,3
5906,1
5907,1
5908,0
5909,4
5910,0
5911,0
5912,3
5913,3
5914,0
5915,1
5916,1
5917,2
5918,0
5919,1
5920,0
5921,2
5922,0
5923,4
5924,2
5925,1
5926,0
5927,1
5928,1
5929,3
5930,0
5931,3
5932,1
5933,0
5934,0
5935,0
5936,2
5937,0
5938,3
5939,0
5940,5
5941,0
5942,0
5943,2
5944,2
5945,2
5946,4
5947,1
5948,2
5949,2
5950,2
5951,1
5952,0
5953,3
5954,3
5955,0
5956,0
5957,0
5958,0
5959,0
5960,3
5961,0
5962,1
5963,2
5964,3
5965,1
5966,2
5967,0
5968,0
5969,0
5970,0
5971,1
5972,0
5973,3
5974,0
5975,4
5976,0
5977,0
5978,1
5979,0
5980,1
5981,0
5982,2
5983,1
5984,3
5985,0
5986,1
5987,2
5988,1
5989,0
5990,0
5991,2
5992,0
5993,0
5994,1
5995,0
5996,4
5997,1
5998,0
5999,1
6000,1
6001,4
6002,0
6003,1
6004,3
6005,1
6006,1
6007,1
6008,2
6009,1
6010,3
6011,1
6012,1
6013,0
6014,2
6015,2
6016,6
6017,2
6018,1
6019,0
6020,1
6021,1
6022,3
6023,0
6024,1
6025,3
6026,4
6027,6
6028,1
6029,1
6030,3
6031,0
6032,4
6033,0
6034,4
6035,1
6036,0
6037,1
6038,1
6039,1
6040,0
6041,1
6042,2
6043,4
6044,1
6045,0
6046,1
6047,0
6048,0
6049,1
6050,3
6051,0
6052,2
6053,1
6054,0
6055,0
6056,0
6057,1
6058,3
6059,0
6060,1
6061,1
6062,0
6063,0
6064,0
6065,2
6066,1
6067,0
6068,0
6069,0
6070,0
6071,1
6072,2
6073,1
6074,2
6075,0
6076,1
6077,2
6078,1
6079,1
6080,1
6081,5
6082,0
6083,0
6084,0
6085,2
6086,1
6087,1
6088,1
6089,1
6090,1
6091,1
6092,3
6093,2
6094,2
6095,3
6096,3
6097,1
6098,1
6099,0
6100,2
6101,1
6102,1
6103,1
6104,2
6105,0
6106,2
6107,2
6108,1
6109,1
6110,3
6111,1
6112,0
6113,2
6114,0
6115,1
6116,0
6117,0
6118,0
6119,1
6120,2
6121,0
6122,6
6123,0
6124,0
6125,0
6126,0
6127,2
6128,0
6129,3
6130,0
6131,2
6132,2
6133,3
6134,0
6135,0
6136,0
6137,6
6138,2
6139,1
6140,0
6141,3
6142,0
6143,0
6144,0
6145,2
6146,1
6147,0
6148,0
6149,3
6150,0
6151,0
6152,1
6153,0
6154,1
6155,0
6156,4
6157,4
6158,1
6159,0
6160,4
6161,1
6162,2
6163,0
6164,1
6165,2
6166,0
6167,0
6168,1
6169,1
6170,3
6171,0
6172,2
6173,0
6174,0
6175,1
6176,2
6177,2
6178,0
6179,1
6180,1
6181,3
6182,1
6183,1
6184,1
6185,0
6186,1
6187,1
6188,0
6189,3
6190,1
6191,2
6192,0
6193,3
6194,2
6195,0
6196,4
6197,2
6198,0
6199,2
6200,1
6201,0
6202,3
6203,2
6204,0
6205,2
6206,0
6207,1
6208,1
6209,1
6210,2
6211,0
6212,2
6213,0
6214,0
6215,0
6216,1
6217,2
6218,0
6219,1
6220,1
6221,0
6222,1
6223,2
6224,0
6225,1
6226,2
6227,0
6228,0
6229,0
6230,1
6231,3
6232,2
6233,2
6234,0
6235,0
6236,0
6237,1
6238,2
6239,0
6240,1
6241,3
6242,0
6243,2
6244,3
6245,0
6246,3
6247,2
6248,0
6249,3
6250,0
6251,2
6252,1
6253,0
6254,1
6255,0
6256,4
6257,0
6258,1
6259,1
6260,0
6261,1
6262,4
6263,0
6264,1
6265,2
6266,1
6267,0
6268,2
6269,0
6270,1
6271,1
6272,0
6273,3
6274,4
6275,2
6276,3
6277,13
6278,1
6279,0
6280,0
6281,1
6282,0
6283,0
6284,0
6285,0
6286,6
6287,0
6288,0
6289,2
6290,1
6291,0
6292,1
6293,2
6294,2
6295,3
6296,3
6297,0
6298,5
6299,2
6300,0
6301,4
6302,0
6303,0
6304,0
6305,1
6306,0
6307,3
6308,2
6309,1
6310,1
6311,2
6312,0
6313,4
6314,1
6315,0
6316,0
6317,1
6318,1
6319,1
6320,1
6321,0
6322,0
6323,2
6324,1
6325,0
6326,4
6327,1
6328,1
6329,1
6330,1
6331,2
6332,1
6333,0
6334,2
6335,3
6336,1
6337,1
6338,0
6339,0
6340,1
6341,0
6342,1
6343,3
6344,2
6345,2
6346,0
6347,0
6348,0
6349,0
6350,1
6351,2
6352,4
6353,1
6354,1
6355,0
6356,0
6357,4
6358,2
6359,1
6360,1
6361,0
6362,2
6363,0
6364,3
6365,1
6366,0
6367,0
6368,1
6369,3
6370,3
6371,0
6372,0
6373,2
6374,2
6375,0
6376,2
6377,3
6378,0
6379,1
6380,0
6381,2
6382,0
6383,1
6384,2
6385,3
6386,2
6387,0
6388,1
6389,5
6390,2
6391,1
6392,3
6393,1
6394,1
6395,0
6396,1
6397,3
6398,3
6399,3
6400,1
6401,1
6402,0
6403,0
6404,1
6405,0
6406,0
6407,0
6408,0
6409,5
6410,0
6411,2
6412,0
6413,1
6414,0
6415,3
6416,4
6417,0
6418,2
6419,0
6420,2
6421,1
6422,0
6423,4
6424,1
6425,0
6426,1
6427,1
6428,1
6429,0
6430,3
6431,2
6432,2
6433,0
6434,2
6435,0
6436,1
6437,3
6438,2
6439,1
6440,1
6441,0
6442,1
6443,0
6444,1
6445,3
6446,0
6447,1
6448,4
6449,1
6450,0
6451,0
6452,0
6453,1
6454,1
6455,1
6456,1
6457,0
6458,0
6459,1
6460,0
6461,1
6462,2
6463,2
6464,1
6465,1
6466,1
6467,4
6468,0
6469,0
6470,0
6471,2
6472,4
6473,0
6474,0
6475,4
6476,0
6477,1
6478,3
6479,1
6480,1
6481,2
6482,1
6483,1
6484,1
6485,1
6486,3
6487,5
6488,3
6489,10
6490,1
6491,0
6492,4
6493,1
6494,0
6495,3
6496,2
6497,0
6498,1
6499,2
6500,0
6501,1
6502,1
6503,0
6504,5
6505,1
6506,2
6507,0
6508,0
6509,0
6510,5
6511,2
6512,3
6513,1
6514,1
6515,2
6516,6
6517,2
6518,2
6519,1
6520,1
6521,2
6522,2
6523,2
6524,1
6525,0
6526,2
6527,1
6528,1
6529,1
6530,0
6531,2
6532,0
6533,0
6534,1
6535,2
6536,0
6537,1
6538,0
6539,4
6540,1
6541,1
6542,1
6543,3
6544,0
6545,0
6546,1
6547,0
6548,1
6549,2
6550,0
6551,2
6552,3
6553,1
6554,2
6555,3
6556,1
6557,2
6558,2
6559,3
6560,1
6561,1
6562,4
6563,0
6564,3
6565,0
6566,3
6567,1
6568,2
6569,2
6570,5
6571,1
6572,0
6573,5
6574,0
6575,0
6576,0
6577,0
6578,0
6579,0
6580,2
6581,2
6582,0
6583,2
6584,3
6585,0
6586,4
6587,2
6588,2
6589,0
6590,1
6591,1
6592,0
6593,0
6594,1
6595,0
6596,4
6597,1
6598,2
6599,0
6600,5
6601,0
6602,1
6603,1
6604,0
6605,0
6606,1
6607,1
6608,2
6609,3
6610,2
6611,2
6612,2
6613,1
6614,1
6615,1
6616,3
6617,1
6618,1
6619,1
6620,0
6621,3
6622,2
6623,1
6624,1
6625,1
6626,0
6627,2
6628,0
6629,1
6630,1
6631,1
6632,1
6633,4
6634,2
6635,3
6636,0
6637,0
6638,2
6639,1
6640,5
6641,0
6642,3
6643,1
6644,0
6645,1
6646,3
6647,0
6648,5
6649,2
6650,3
6651,5
6652,1
6653,1
6654,1
6655,0
6656,1
6657,3
6658,2
6659,0
6660,1
6661,1
6662,1
6663,1
6664,0
6665,0
6666,1
6667,0
6668,2
6669,2
6670,0
6671,2
6672,1
6673,2
6674,0
6675,1
6676,0
6677,1
6678,3
6679,2
6680,0
6681,0
6682,0
6683,0
6684,0
6685,3
6686,0
6687,3
6688,1
6689,3
6690,0
6691,0
6692,0
6693,0
6694,5
6695,2
6696,1
6697,0
6698,3
6699,1
6700,1
6701,1
6702,1
6703,0
6704,1
6705,0
6706,0
6707,0
6708,0
6709,2
6710,3
6711,0
6712,1
6713,0
6714,0
6715,1
6716,2
6717,1
6718,3
6719,2
6720,5
6721,4
6722,0
6723,1
6724,1
6725,1
6726,0
6727,2
6728,1
6729,1
6730,0
6731,0
6732,0
6733,1
6734,0
6735,1
6736,0
6737,0
6738,1
6739,1
6740,3
6741,1
6742,2
6743,0
6744,1
6745,0
6746,0
6747,2
6748,4
6749,2
6750,1
6751,2
6752,2
6753,2
6754,0
6755,0
6756,3
6757,3
6758,3
6759,3
6760,1
6761,3
6762,0
6763,1
6764,1
6765,1
6766,1
6767,0
6768,1
6769,2
6770,2
6771,3
6772,2
6773,4
6774,1
6775,1
6776,4
6777,1
6778,1
6779,0
6780,0
6781,2
6782,5
6783,0
6784,0
6785,0
6786,0
6787,0
6788,2
6789,2
6790,0
6791,2
6792,0
6793,3
6794,0
6795,0
6796,2
6797,4
6798,2
6799,0
6800,1
6801,3
6802,2
6803,2
6804,0
6805,0
6806,2
6807,0
6808,1
6809,0
6810,0
6811,1
6812,1
6813,2
6814,1
6815,0
6816,0
6817,0
6818,1
6819,1
6820,1
6821,0
6822,1
6823,2
6824,1
6825,0
6826,2
6827,1
6828,2
6829,5
6830,1
6831,1
6832,0
6833,4
6834,3
6835,0
6836,0
6837,3
6838,2
6839,0
6840,0
6841,5
6842,0
6843,0
6844,4
6845,2
6846,0
6847,3
6848,3
6849,2
6850,2
6851,0
6852,1
6853,0
6854,0
6855,2
6856,2
6857,1
6858,0
6859,0
6860,2
6861,0
6862,1
6863,1
6864,1
6865,0
6866,0
6867,3
6868,1
6869,2
6870,0
6871,0
6872,1
6873,0
6874,2
6875,0
6876,3
6877,1
6878,1
6879,2
6880,0
6881,2
6882,0
6883,2
6884,0
6885,2
6886,1
6887,2
6888,1
6889,0
6890,1
6891,0
6892,2
6893,2
6894,5
6895,1
6896,3
6897,1
6898,0
6899,0
6900,2
6901,2
6902,2
6903,1
6904,1
6905,0
6906,0
6907,1
6908,4
6909,1
6910,1
6911,1
6912,2
6913,1
6914,1
6915,1
6916,3
6917,5
6918,0
6919,0
6920,3
6921,0
6922,1
6923,2
6924,1
6925,2
6926,1
6927,0
6928,1
6929,2
6930,5
6931,1
6932,0
6933,0
6934,0
6935,2
6936,2
6937,0
6938,2
6939,0
6940,1
6941,3
6942,4
6943,1
6944,1
6945,4
6946,3
6947,0
6948,3
6949,0
6950,4
6951,2
6952,1
6953,3
6954,0
6955,1
6956,0
6957,1
6958,2
6959,3
6960,0
6961,1
6962,0
6963,2
6964,1
6965,1
6966,2
6967,2
6968,0
6969,0
6970,1
6971,0
6972,2
6973,0
6974,0
6975,6
6976,2
6977,2
6978,0
6979,1
6980,3
6981,2
6982,1
6983,1
6984,1
6985,0
6986,0
6987,1
6988,2
6989,2
6990,0
6991,3
6992,2
6993,0
6994,0
6995,2
6996,2
6997,2
6998,2
6999,1
7000,0
7001,5
7002,3
7003,0
7004,3
7005,0
7006,3
7007,1
7008,0
7009,1
7010,0
7011,1
7012,1
7013,2
7014,0
7015,2
7016,3
7017,2
7018,0
7019,0
7020,1
7021,0
7022,3
7023,1
7024,2
7025,4
7026,2
7027,0
7028,0
7029,2
7030,0
7031,1
7032,0
7033,2
7034,2
7035,1
7036,1
7037,2
7038,1
7039,0
7040,1
7041,2
7042,2
7043,2
7044,0
7045,1
7046,0
7047,2
7048,4
7049,0
7050,0
7051,0
7052,1
7053,0
7054,0
7055,2
7056,0
7057,0
7058,2
7059,1
7060,0
7061,0
7062,4
7063,1
7064,0
7065,0
7066,1
7067,2
7068,2
7069,3
7070,0
7071,1
7072,0
7073,4
7074,1
7075,2
7076,2
7077,2
7078,0
7079,1
7080,1
7081,3
7082,2
7083,0
7084,0
7085,0
7086,0
7087,1
7088,1
7089,0
7090,0
7091,1
7092,0
7093,3
7094,2
7095,1
7096,0
7097,0
7098,1
7099,1
7100,2
7101,1
7102,3
7103,3
7104,0
7105,2
7106,0
7107,3
7108,3
7109,2
7110,0
7111,0
7112,0
7113,0
7114,0
7115,1
7116,1
7117,2
7118,0
7119,1
7120,1
7121,2
7122,3
7123,2
7124,3
7125,0
7126,0
7127,2
7128,2
7129,1
7130,2
7131,1
7132,0
7133,1
7134,0
7135,0
7136,0
7137,1
7138,4
7139,3
7140,0
7141,2
7142,0
7143,2
7144,0
7145,3
7146,5
7147,1
7148,1
7149,2
7150,1
7151,2
7152,0
7153,0
7154,2
7155,1
7156,2
7157,0
7158,2
7159,5
7160,0
7161,1
7162,2
7163,1
7164,1
7165,1
7166,0
7167,0
7168,1
7169,1
7170,1
7171,1
7172,2
7173,2
7174,0
7175,2
7176,0
7177,2
7178,0
7179,1
7180,0
7181,2
7182,2
7183,0
7184,0
7185,2
7186,1
7187,2
7188,1
7189,3
7190,1
7191,3
7192,0
7193,0
7194,1
7195,0
7196,1
7197,4
7198,1
7199,4
7200,0
7201,0
7202,1
7203,1
7204,2
7205,0
7206,1
7207,1
7208,4
7209,1
7210,1
7211,2
7212,3
7213,2
7214,5
7215,0
7216,0
7217,1
7218,2
7219,1
7220,0
7221,1
7222,0
7223,1
7224,1
7225,2
7226,3
7227,2
7228,0
7229,1
7230,0
7231,2
7232,1
7233,1
7234,0
7235,1
7236,0
7237,2
7238,2
7239,0
7240,2
7241,4
7242,1
7243,0
7244,0
7245,1
7246,0
7247,2
7248,3
7249,0
7250,2
7251,2
7252,2
7253,4
7254,1
7255,2
7256,0
7257,0
7258,0
7259,2
7260,2
7261,1
7262,1
7263,0
7264,0
7265,3
7266,1
7267,0
7268,2
7269,3
7270,0
7271,0
7272,1
7273,0
7274,0
7275,2
7276,0
7277,1
7278,0
7279,0
7280,1
7281,1
7282,2
7283,1
7284,2
7285,2
7286,3
7287,0
7288,1
7289,2
7290,0
7291,1
7292,2
7293,1
7294,1
7295,1
7296,1
7297,1
7298,0
7299,3
7300,1
7301,1
7302,3
7303,0
7304,1
7305,0
7306,1
7307,0
7308,2
7309,0
7310,0
7311,1
7312,3
7313,4
7314,1
7315,0
7316,1
7317,0
7318,2
7319,3
7320,1
7321,0
7322,2
7323,1
7324,2
7325,2
7326,6
7327,1
7328,3
7329,0
7330,0
7331,0
7332,0
7333,1
7334,0
7335,4
7336,3
7337,0
7338,0
7339,0
7340,1
7341,4
7342,0
7343,2
7344,1
7345,1
7346,0
7347,2
7348,5
7349,0
7350,1
7351,0
7352,1
7353,2
7354,2
7355,0
7356,1
7357,1
7358,0
7359,0
7360,3
7361,1
7362,1
7363,2
7364,0
7365,2
7366,2
7367,2
7368,0
7369,2
7370,0
7371,0
7372,0
7373,0
7374,1
7375,0
7376,0
7377,1
7378,0
7379,1
7380,0
7381,1
7382,1
7383,0
7384,0
7385,1
7386,0
7387,3
7388,2
7389,0
7390,0
7391,0
7392,0
7393,2
7394,2
7395,1
7396,1
7397,4
7398,0
7399,2
7400,1
7401,2
7402,1
7403,0
7404,1
7405,3
7406,1
7407,3
7408,1
7409,0
7410,0
7411,1
7412,0
7413,1
7414,0
7415,1
7416,1
7417,2
7418,1
7419,2
7420,0
7421,0
7422,0
7423,0
7424,2
7425,0
7426,1
7427,1
7428,0
7429,0
7430,1
7431,3
7432,0
7433,4
7434,2
7435,1
7436,1
7437,0
7438,0
7439,0
7440,2
7441,2
7442,0
7443,0
7444,0
7445,1
7446,2
7447,3
7448,2
7449,3
7450,0
7451,2
7452,1
7453,1
7454,1
7455,1
7456,0
7457,2
7458,0
7459,5
7460,0
7461,3
7462,2
7463,1
7464,4
7465,1
7466,1
7467,1
7468,1
7469,1
7470,4
7471,1
7472,2
7473,2
7474,0
7475,1
7476,0
7477,3
7478,1
7479,1
7480,0
7481,3
7482,1
7483,3
7484,0
7485,1
7486,3
7487,0
7488,3
7489,2
7490,1
7491,1
7492,1
7493,4
7494,2
7495,1
7496,0
7497,0
7498,0
7499,1
7500,1
7501,1
7502,0
7503,1
7504,0
7505,3
7506,3
7507,0
7508,0
7509,3
7510,0
7511,0
7512,1
7513,1
7514,2
7515,0
7516,1
7517,0
7518,1
7519,1
7520,1
7521,0
7522,0
7523,0
7524,2
7525,0
7526,1
7527,1
7528,4
7529,0
7530,0
7531,0
7532,0
7533,1
7534,4
7535,1
7536,0
7537,2
7538,0
7539,2
7540,1
7541,5
7542,2
7543,2
7544,2
7545,1
7546,3
7547,0
7548,1
7549,1
7550,1
7551,1
7552,0
7553,1
7554,1
7555,0
7556,2
7557,0
7558,0
7559,0
7560,0
7561,0
7562,0
7563,0
7564,2
7565,0
7566,0
7567,0
7568,0
7569,1
7570,5
7571,2
7572,2
7573,0
7574,0
7575,1
7576,0
7577,0
7578,2
7579,0
7580,4
7581,2
7582,1
7583,6
7584,1
7585,2
7586,1
7587,0
7588,1
7589,3
7590,0
7591,0
7592,3
7593,0
7594,0
7595,1
7596,1
7597,1
7598,0
7599,4
7600,2
7601,2
7602,2
7603,1
7604,1
7605,1
7606,1
7607,2
7608,0
7609,1
7610,1
7611,1
7612,2
7613,1
7614,3
7615,1
7616,3
7617,3
7618,1
7619,0
7620,0
7621,2
7622,1
7623,1
7624,0
7625,2
7626,1
7627,0
7628,0
7629,4
7630,0
7631,0
7632,1
7633,0
7634,1
7635,0
7636,1
7637,0
7638,1
7639,1
7640,0
7641,0
7642,1
7643,1
7644,0
7645,2
7646,0
7647,2
7648,1
7649,1
7650,0
7651,0
7652,0
7653,1
7654,4
7655,1
7656,0
7657,1
7658,1
7659,2
7660,1
7661,1
7662,2
7663,2
7664,1
7665,1
7666,1
7667,5
7668,3
7669,1
7670,1
7671,1
7672,0
7673,2
7674,1
7675,1
7676,0
7677,2
7678,1
7679,0
7680,1
7681,0
7682,0
7683,2
7684,1
7685,0
7686,1
7687,1
7688,2
7689,0
7690,0
7691,2
7692,3
7693,5
7694,0
7695,1
7696,2
7697,2
7698,1
7699,2
7700,0
7701,0
7702,1
7703,1
7704,0
7705,1
7706,3
7707,1
7708,2
7709,2
7710,2
7711,2
7712,1
7713,0
7714,1
7715,0
7716,2
7717,1
7718,0
7719,0
7720,2
7721,0
7722,4
7723,2
7724,1
7725,1
7726,2
7727,0
7728,0
7729,1
7730,6
7731,1
7732,2
7733,1
7734,1
7735,1
7736,2
7737,1
7738,0
7739,1
7740,2
7741,5
7742,2
7743,0
7744,1
7745,2
7746,0
7747,1
7748,1
7749,2
7750,1
7751,1
7752,0
7753,2
7754,3
7755,2
7756,0
7757,1
7758,0
7759,1
7760,2
7761,0
7762,0
7763,1
7764,1
7765,0
7766,1
7767,0
7768,2
7769,0
7770,2
7771,0
7772,1
7773,2
7774,0
7775,2
7776,0
7777,2
7778,0
7779,1
7780,2
7781,0
7782,0
7783,2
7784,3
7785,0
7786,0
7787,2
7788,1
7789,3
7790,2
7791,0
7792,4
7793,0
7794,0
7795,0
7796,1
7797,0
7798,0
7799,2
7800,0
7801,2
7802,0
7803,8
7804,2
7805,0
7806,4
7807,2
7808,1
7809,3
7810,5
7811,0
7812,3
7813,2
7814,0
7815,2
7816,3
7817,1
7818,5
7819,1
7820,1
7821,1
7822,3
7823,2
7824,0
7825,0
7826,2
7827,3
7828,2
7829,1
7830,0
7831,3
7832,2
7833,2
7834,3
7835,3
7836,1
7837,2
7838,0
7839,0
7840,0
7841,1
7842,1
7843,2
7844,1
7845,1
7846,0
7847,0
7848,0
7849,2
7850,1
7851,3
7852,1
7853,1
7854,3
7855,1
7856,2
7857,0
7858,0
7859,2
7860,1
7861,0
7862,0
7863,0
7864,0
7865,0
7866,1
7867,1
7868,0
7869,0
7870,0
7871,2
7872,2
7873,1
7874,1
7875,1
7876,0
7877,0
7878,0
7879,0
7880,1
7881,4
7882,1
7883,0
7884,1
7885,0
7886,2
7887,0
7888,0
7889,1
7890,1
7891,0
7892,1
7893,0
7894,0
7895,2
7896,5
7897,2
7898,1
7899,0
7900,0
7901,2
7902,0
7903,1
7904,0
7905,3
7906,3
7907,1
7908,0
7909,0
7910,2
7911,1
7912,2
7913,0
7914,1
7915,0
7916,0
7917,0
7918,1
7919,2
7920,0
7921,1
7922,1
7923,0
7924,0
7925,3
7926,1
7927,0
7928,1
7929,2
7930,1
7931,1
7932,1
7933,0
7934,3
7935,2
7936,1
7937,0
7938,3
7939,0
7940,1
7941,0
7942,2
7943,0
7944,1
7945,1
7946,0
7947,0
7948,0
7949,1
7950,0
7951,0
7952,0
7953,2
7954,0
7955,1
7956,1
7957,0
7958,3
7959,0
7960,2
7961,0
7962,1
7963,2
7964,1
7965,2
7966,1
7967,1
7968,0
7969,1
7970,0
7971,1
7972,2
7973,0
7974,0
7975,0
7976,0
7977,0
7978,2
7979,2
7980,0
7981,0
7982,1
7983,0
7984,1
7985,0
7986,1
7987,2
7988,0
7989,3
7990,1
7991,1
7992,1
7993,1
7994,0
7995,2
7996,0
7997,1
7998,1
7999,1
8000,0
8001,3
8002,0
8003,1
8004,1
8005,0
8006,1
8007,3
8008,0
8009,2
8010,0
8011,0
8012,0
8013,1
8014,1
8015,0
8016,0
8017,0
8018,4
8019,0
8020,0
8021,1
8022,0
8023,4
8024,4
8025,1
8026,0
8027,0
8028,0
8029,3
8030,3
8031,0
8032,1
8033,0
8034,0
8035,4
8036,0
8037,1
8038,2
8039,0
8040,2
8041,0
8042,0
8043,3
8044,0
8045,0
8046,1
8047,4
8048,1
8049,1
8050,1
8051,1
8052,0
8053,0
8054,0
8055,4
8056,1
8057,0
8058,0
8059,1
8060,2
8061,4
8062,0
8063,3
8064,2
8065,2
8066,0
8067,1
8068,0
8069,2
8070,2
8071,1
8072,0
8073,1
8074,2
8075,0
8076,1
8077,1
8078,1
8079,4
8080,1
8081,2
8082,1
8083,2
8084,2
8085,2
8086,0
8087,1
8088,0
8089,2
8090,3
8091,1
8092,4
8093,2
8094,0
8095,2
8096,0
8097,2
8098,2
8099,0
8100,1
8101,0
8102,1
8103,1
8104,0
8105,0
8106,0
8107,3
8108,1
8109,3
8110,0
8111,0
8112,3
8113,1
8114,2
8115,0
8116,1
8117,0
8118,1
8119,1
8120,2
8121,2
8122,1
8123,2
8124,0
8125,2
8126,0
8127,0
8128,1
8129,1
8130,2
8131,0
8132,1
8133,1
8134,1
8135,1
8136,2
8137,2
8138,0
8139,0
8140,2
8141,2
8142,4
8143,3
8144,0
8145,0
8146,2
8147,1
8148,2
8149,4
8150,1
8151,1
8152,1
8153,3
8154,0
8155,0
8156,0
8157,1
8158,1
8159,1
8160,0
8161,2
8162,2
8163,0
8164,1
8165,1
8166,3
8167,0
8168,1
8169,0
8170,1
8171,2
8172,0
8173,1
8174,1
8175,1
8176,1
8177,2
8178,0
8179,1
8180,1
8181,2
8182,0
8183,2
8184,2
8185,1
8186,0
8187,3
8188,0
8189,1
8190,2
8191,2
8192,3
8193,1
8194,0
8195,3
8196,1
8197,0
8198,5
8199,0
8200,1
8201,1
8202,0
8203,1
8204,3
8205,1
8206,0
8207,1
8208,0
8209,2
8210,1
8211,1
8212,1
8213,1
8214,0
8215,0
8216,0
8217,0
8218,0
8219,2
8220,1
8221,1
8222,0
8223,1
8224,1
8225,1
8226,2
8227,0
8228,0
8229,0
8230,0
8231,1
8232,1
8233,0
8234,1
8235,1
8236,2
8237,1
8238,0
8239,1
8240,1
8241,1
8242,4
8243,0
8244,2
8245,0
8246,1
8247,2
8248,1
8249,0
8250,0
8251,3
8252,3
8253,1
8254,0
8255,1
8256,0
8257,1
8258,3
8259,0
8260,0
8261,0
8262,2
8263,4
8264,3
8265,0
8266,1
8267,0
8268,0
8269,1
8270,2
8271,2
8272,3
8273,0
8274,0
8275,1
8276,0
8277,2
8278,3
8279,0
8280,1
8281,2
8282,2
8283,0
8284,0
8285,0
8286,1
8287,1
8288,2
8289,2
8290,0
8291,0
8292,2
8293,0
8294,1
8295,1
8296,1
8297,1
8298,0
8299,0
8300,0
8301,0
8302,0
8303,1
8304,1
8305,0
8306,1
8307,0
8308,0
8309,0
8310,1
8311,0
8312,0
8313,0
8314,0
8315,0
8316,0
8317,2
8318,0
8319,1
8320,3
8321,3
8322,1
8323,3
8324,2
8325,2
8326,1
8327,0
8328,0
8329,3
8330,1
8331,0
8332,2
8333,0
8334,1
8335,0
8336,3
8337,0
8338,3
8339,0
8340,0
8341,1
8342,3
8343,3
8344,0
8345,1
8346,1
8347,0
8348,1
8349,5
8350,0
8351,2
8352,0
8353,0
8354,3
8355,4
8356,0
8357,1
8358,1
8359,1
8360,0
8361,1
8362,2
8363,1
8364,1
8365,1
8366,0
8367,1
8368,3
8369,2
8370,1
8371,0
8372,2
8373,0
8374,4
8375,0
8376,2
8377,3
8378,1
8379,3
8380,1
8381,0
8382,2
8383,2
8384,0
8385,0
8386,1
8387,3
8388,0
8389,1
8390,2
8391,1
8392,0
8393,1
8394,0
8395,0
8396,1
8397,1
8398,1
8399,1
8400,2
8401,0
8402,3
8403,0
8404,0
8405,0
8406,3
8407,1
8408,1
8409,0
8410,0
8411,0
8412,0
8413,0
8414,0
8415,0
8416,0
8417,1
8418,2
8419,1
8420,0
8421,3
8422,0
8423,1
8424,5
8425,0
8426,2
8427,0
8428,2
8429,1
8430,1
8431,5
8432,0
8433,1
8434,3
8435,0
8436,1
8437,0
8438,1
8439,1
8440,1
8441,2
8442,0
8443,2
8444,0
8445,2
8446,1
8447,1
8448,1
8449,2
8450,2
8451,0
8452,2
8453,3
8454,0
8455,3
8456,1
8457,0
8458,0
8459,1
8460,0
8461,2
8462,2
8463,2
8464,2
8465,6
8466,0
8467,0
8468,2
8469,0
8470,3
8471,0
8472,1
8473,1
8474,1
8475,4
8476,0
8477,2
8478,0
8479,3
8480,2
8481,1
8482,2
8483,0
8484,0
8485,0
8486,0
8487,2
8488,0
8489,1
8490,0
8491,3
8492,0
8493,0
8494,0
8495,1
8496,2
8497,1
8498,0
8499,2
8500,1
8501,1
8502,4
8503,1
8504,1
8505,0
8506,0
8507,3
8508,2
8509,0
8510,3
8511,1
8512,1
8513,3
8514,0
8515,0
8516,1
8517,2
8518,0
8519,1
8520,0
8521,1
8522,0
8523,0
8524,3
8525,0
8526,2
8527,0
8528,2
8529,1
8530,0
8531,0
8532,0
8533,0
8534,1
8535,1
8536,0
8537,0
8538,2
8539,3
8540,0
8541,0
8542,2
8543,0
8544,0
8545,0
8546,0
8547,2
8548,3
8549,1
8550,0
8551,0
8552,0
8553,0
8554,0
8555,0
8556,3
8557,1
8558,1
8559,2
8560,0
8561,2
8562,1
8563,0
8564,2
8565,1
8566,0
8567,1
8568,0
8569,2
8570,1
8571,1
8572,0
8573,5
8574,2
8575,3
8576,2
8577,4
8578,2
8579,0
8580,0
8581,0
8582,0
8583,1
8584,1
8585,0
8586,2
8587,0
8588,0
8589,0
8590,3
8591,4
8592,0
8593,1
8594,3
8595,0
8596,0
8597,1
8598,2
8599,2
8600,3
8601,1
8602,0
8603,2
8604,0
8605,2
8606,1
8607,1
8608,1
8609,2
8610,1
8611,0
8612,1
8613,3
8614,0
8615,0
8616,2
8617,6
8618,0
8619,0
8620,3
8621,0
8622,4
8623,1
8624,0
8625,2
8626,1
8627,3
8628,1
8629,1
8630,1
8631,1
8632,0
8633,0
8634,3
8635,1
8636,0
8637,2
8638,2
8639,0
8640,1
8641,0
8642,2
8643,1
8644,1
8645,1
8646,1
8647,2
8648,0
8649,0
8650,1
8651,1
8652,1
8653,1
8654,0
8655,3
8656,0
8657,0
8658,1
8659,0
8660,1
8661,2
8662,1
8663,1
8664,1
8665,2
8666,2
8667,1
8668,1
8669,0
8670,2
8671,1
8672,0
8673,0
8674,0
8675,0
8676,0
8677,2
8678,3
8679,1
8680,0
8681,1
8682,2
8683,0
8684,2
8685,1
8686,0
8687,0
8688,0
8689,1
8690,2
8691,0
8692,1
8693,1
8694,1
8695,1
8696,1
8697,3
8698,0
8699,1
8700,1
8701,3
8702,1
8703,3
8704,0
8705,0
8706,0
8707,2
8708,1
8709,1
8710,0
8711,0
8712,0
8713,1
8714,0
8715,1
8716,1
8717,0
8718,1
8719,0
8720,1
8721,3
8722,0
8723,0
8724,2
8725,0
8726,0
8727,2
8728,1
8729,0
8730,3
8731,2
8732,0
8733,1
8734,0
8735,0
8736,0
8737,0
8738,1
8739,3
8740,0
8741,1
8742,1
8743,2
8744,0
8745,2
8746,1
8747,2
8748,0
8749,0
8750,1
8751,1
8752,2
8753,2
8754,3
8755,1
8756,2
8757,2
8758,1
8759,1
8760,0
8761,0
8762,2
8763,0
8764,1
8765,0
8766,0
8767,1
8768,0
8769,1
8770,3
8771,1
8772,0
8773,0
8774,0
8775,3
8776,0
8777,0
8778,0
8779,1
8780,0
8781,1
8782,2
8783,0
8784,1
8785,1
8786,0
8787,2
8788,2
8789,0
8790,0
8791,1
8792,0
8793,0
8794,0
8795,1
8796,1
8797,2
8798,1
8799,2
8800,3
8801,0
8802,1
8803,0
8804,0
8805,0
8806,0
8807,0
8808,1
8809,1
8810,0
8811,0
8812,1
8813,0
8814,3
8815,0
8816,1
8817,1
8818,1
8819,1
8820,1
8821,4
8822,1
8823,0
8824,0
8825,2
8826,1
8827,0
8828,2
8829,1
8830,1
8831,0
8832,0
8833,1
8834,0
8835,0
8836,3
8837,0
8838,1
8839,1
8840,2
8841,1
8842,0
8843,0
8844,0
8845,0
8846,1
8847,1
8848,1
8849,1
8850,0
8851,1
8852,1
8853,1
8854,3
8855,1
8856,0
8857,2
8858,0
8859,1
8860,1
8861,1
8862,0
8863,2
8864,1
8865,3
8866,1
8867,0
8868,1
8869,2
8870,0
8871,1
8872,1
8873,0
8874,1
8875,1
8876,2
8877,2
8878,2
8879,0
8880,0
8881,1
8882,0
8883,0
8884,2
8885,2
8886,1
8887,3
8888,2
8889,2
8890,4
8891,0
8892,1
8893,3
8894,0
8895,2
8896,0
8897,0
8898,3
8899,0
8900,2
8901,1
8902,0
8903,1
8904,0
8905,3
8906,1
8907,1
8908,0
8909,0
8910,1
8911,0
8912,4
8913,2
8914,0
8915,0
8916,1
8917,2
8918,0
8919,2
8920,1
8921,1
8922,0
8923,3
8924,0
8925,1
8926,0
8927,0
8928,0
8929,0
8930,0
8931,0
8932,3
8933,0
8934,0
8935,4
8936,1
8937,1
8938,2
8939,0
8940,5
8941,5
8942,2
8943,0
8944,2
8945,2
8946,0
8947,1
8948,1
8949,2
8950,0
8951,3
8952,0
8953,3
8954,1
8955,1
8956,1
8957,1
8958,0
8959,0
8960,2
8961,0
8962,1
8963,0
8964,1
8965,0
8966,1
8967,0
8968,1
8969,1
8970,1
8971,1
8972,1
8973,1
8974,2
8975,0
8976,1
8977,0
8978,1
8979,3
8980,0
8981,0
8982,0
8983,3
8984,2
8985,0
8986,2
8987,0
8988,0
8989,2
8990,3
8991,1
8992,2
8993,1
8994,1
8995,2
8996,1
8997,1
8998,3
8999,0
9000,0
9001,0
9002,0
9003,0
9004,3
9005,2
9006,1
9007,0
9008,1
9009,0
9010,2
9011,0
9012,0
9013,1
9014,0
9015,2
9016,0
9017,0
9018,1
9019,1
9020,1
9021,1
9022,0
9023,2
9024,0
9025,0
9026,1
9027,2
9028,1
9029,3
9030,1
9031,0
9032,0
9033,2
9034,2
9035,2
9036,2
9037,1
9038,1
9039,0
9040,0
9041,1
9042,1
9043,1
9044,6
9045,1
9046,0
9047,1
9048,1
9049,1
9050,2
9051,1
9052,1
9053,2
9054,0
9055,1
9056,1
9057,1
9058,0
9059,1
9060,3
9061,0
9062,0
9063,1
9064,4
9065,0
9066,0
9067,0
9068,1
9069,2
9070,1
9071,2
9072,1
9073,0
9074,0
9075,1
9076,0
9077,2
9078,1
9079,2
9080,0
9081,1
9082,0
9083,0
9084,0
9085,2
9086,1
9087,1
9088,0
9089,0
9090,1
9091,3
9092,2
9093,0
9094,3
9095,1
9096,1
9097,1
9098,1
9099,0
9100,1
9101,0
9102,1
9103,1
9104,1
9105,1
9106,1
9107,2
9108,1
9109,1
9110,1
9111,1
9112,0
9113,2
9114,0
9115,0
9116,1
9117,1
9118,2
9119,0
9120,1
9121,0
9122,0
9123,2
9124,1
9125,2
9126,0
9127,2
9128,0
9129,1
9130,1
9131,0
9132,0
9133,1
9134,1
9135,1
9136,0
9137,3
9138,0
9139,1
9140,0
9141,5
9142,1
9143,0
9144,1
9145,0
9146,1
9147,0
9148,2
9149,0
9150,1
9151,1
9152,0
9153,1
9154,1
9155,0
9156,3
9157,2
9158,0
9159,2
9160,3
9161,2
9162,2
9163,2
9164,1
9165,0
9166,0
9167,0
9168,1
9169,0
9170,2
9171,0
9172,0
9173,1
9174,0
9175,3
9176,0
9177,0
9178,0
9179,1
9180,2
9181,0
9182,2
9183,2
9184,1
9185,0
9186,1
9187,2
9188,2
9189,0
9190,2
9191,2
9192,0
9193,1
9194,2
9195,1
9196,1
9197,1
9198,1
9199,1
9200,4
9201,2
9202,2
9203,1
9204,1
9205,3
9206,0
9207,1
9208,1
9209,0
9210,1
9211,1
9212,0
9213,2
9214,1
9215,2
9216,1
9217,2
9218,0
9219,0
9220,0
9221,0
9222,1
9223,2
9224,1
9225,1
9226,1
9227,1
9228,4
9229,3
9230,2
9231,0
9232,1
9233,2
9234,2
9235,0
9236,3
9237,2
9238,0
9239,0
9240,2
9241,2
9242,3
9243,0
9244,1
9245,0
9246,1
9247,0
9248,1
9249,0
9250,0
9251,0
9252,1
9253,0
9254,1
9255,1
9256,0
9257,0
9258,0
9259,0
9260,1
9261,1
9262,1
9263,0
9264,1
9265,2
9266,0
9267,1
9268,1
9269,0
9270,0
9271,1
9272,1
9273,1
9274,0
9275,0
9276,0
9277,0
9278,2
9279,1
9280,2
9281,3
9282,0
9283,0
9284,1
9285,3
9286,2
9287,1
9288,0
9289,0
9290,0
9291,4
9292,1
9293,2
9294,0
9295,1
9296,1
9297,0
9298,2
9299,1
9300,0
9301,1
9302,0
9303,3
9304,1
9305,0
9306,1
9307,0
9308,2
9309,0
9310,1
9311,2
9312,2
9313,2
9314,0
9315,1
9316,1
9317,1
9318,0
9319,3
9320,1
9321,1
9322,1
9323,1
9324,2
9325,2
9326,1
9327,2
9328,2
9329,0
9330,1
9331,6
9332,0
9333,1
9334,2
9335,2
9336,1
9337,1
9338,2
9339,1
9340,1
9341,2
9342,3
9343,1
9344,1
9345,0
9346,0
9347,0
9348,0
9349,3
9350,3
9351,0
9352,1
9353,3
9354,0
9355,1
9356,0
9357,0
9358,1
9359,1
9360,1
9361,2
9362,0
9363,2
9364,0
9365,1
9366,1
9367,2
9368,2
9369,0
9370,2
9371,1
9372,2
9373,0
9374,1
9375,1
9376,0
9377,0
9378,0
9379,0
9380,4
9381,0
9382,0
9383,2
9384,1
9385,0
9386,0
9387,1
9388,2
9389,1
9390,1
9391,1
9392,2
9393,1
9394,0
9395,1
9396,0
9397,0
9398,0
9399,3
9400,0
9401,1
9402,0
9403,2
9404,2
9405,1
9406,1
9407,1
9408,0
9409,0
9410,2
9411,0
9412,1
9413,0
9414,0
9415,1
9416,0
9417,1
9418,3
9419,0
9420,0
9421,0
9422,0
9423,0
9424,1
9425,2
9426,4
9427,1
9428,2
9429,1
9430,2
9431,1
9432,0
9433,1
9434,2
9435,0
9436,4
9437,1
9438,2
9439,0
9440,1
9441,0
9442,1
9443,2
9444,0
9445,0
9446,3
9447,0
9448,0
9449,2
9450,1
9451,3
9452,1
9453,1
9454,0
9455,0
9456,0
9457,0
9458,1
9459,0
9460,1
9461,2
9462,3
9463,2
9464,4
9465,0
9466,1
9467,1
9468,2
9469,2
9470,1
9471,0
9472,0
9473,0
9474,1
9475,0
9476,1
9477,2
9478,1
9479,0
9480,3
9481,2
9482,0
9483,0
9484,3
9485,1
9486,0
9487,1
9488,1
9489,3
9490,1
9491,0
9492,1
9493,0
9494,1
9495,1
9496,3
9497,3
9498,4
9499,2
9500,0
9501,1
9502,2
9503,0
9504,2
9505,1
9506,1
9507,0
9508,2
9509,2
9510,2
9511,1
9512,2
9513,2
9514,1
9515,0
9516,0
9517,1
9518,1
9519,0
9520,3
9521,1
9522,1
9523,0
9524,2
9525,1
9526,0
9527,0
9528,3
9529,0
9530,0
9531,0
9532,1
9533,0
9534,0
9535,1
9536,1
9537,0
9538,0
9539,2
9540,1
9541,2
9542,0
9543,2
9544,0
9545,0
9546,2
9547,0
9548,0
9549,1
9550,1
9551,1
9552,3
9553,1
9554,0
9555,1
9556,3
9557,2
9558,1
9559,2
9560,1
9561,2
9562,2
9563,0
9564,0
9565,3
9566,1
9567,0
9568,2
9569,1
9570,0
9571,0
9572,2
9573,0
9574,3
9575,3
9576,2
9577,2
9578,0
9579,1
9580,0
9581,0
9582,2
9583,0
9584,1
9585,1
9586,1
9587,1
9588,0
9589,1
9590,0
9591,2
9592,1
9593,0
9594,1
9595,1
9596,2
9597,2
9598,1
9599,1
9600,2
9601,0
9602,2
9603,0
9604,0
9605,0
9606,1
9607,4
9608,1
9609,0
9610,0
9611,0
9612,1
9613,1
9614,4
9615,1
9616,2
9617,0
9618,2
9619,1
9620,0
9621,1
9622,3
9623,2
9624,1
9625,2
9626,2
9627,0
9628,1
9629,1
9630,0
9631,0
9632,0
9633,0
9634,1
9635,1
9636,1
9637,1
9638,4
9639,0
9640,1
9641,0
9642,1
9643,1
9644,2
9645,0
9646,1
9647,0
9648,0
9649,1
9650,0
9651,0
9652,3
9653,1
9654,0
9655,0
9656,1
9657,2
9658,1
9659,0
9660,0
9661,0
9662,0
9663,1
9664,0
9665,0
9666,1
9667,1
9668,0
9669,0
9670,0
9671,1
9672,0
9673,0
9674,1
9675,2
9676,0
9677,0
9678,1
9679,1
9680,1
9681,0
9682,1
9683,2
9684,1
9685,2
9686,0
9687,1
9688,1
9689,1
9690,1
9691,2
9692,0
9693,2
9694,1
9695,1
9696,3
9697,4
9698,0
9699,1
9700,1
9701,0
9702,1
9703,1
9704,0
9705,1
9706,0
9707,2
9708,1
9709,1
9710,1
9711,0
9712,1
9713,0
9714,1
9715,3
9716,2
9717,2
9718,0
9719,0
9720,3
9721,0
9722,0
9723,0
9724,2
9725,0
9726,0
9727,1
9728,1
9729,1
9730,3
9731,2
9732,0
9733,1
9734,0
9735,0
9736,2
9737,1
9738,0
9739,4
9740,0
9741,3
9742,2
9743,3
9744,0
9745,0
9746,0
9747,1
9748,0
9749,0
9750,0
9751,3
9752,3
9753,0
9754,1
9755,0
9756,3
9757,1
9758,1
9759,1
9760,1
9761,2
9762,3
9763,0
9764,3
9765,0
9766,1
9767,2
9768,2
9769,2
9770,1
9771,2
9772,0
9773,2
9774,1
9775,0
9776,0
9777,1
9778,0
9779,1
9780,2
9781,1
9782,1
9783,2
9784,0
9785,1
9786,2
9787,0
9788,1
9789,2
9790,1
9791,0
9792,1
9793,2
9794,0
9795,3
9796,2
9797,1
9798,1
9799,0
9800,1
9801,0
9802,3
9803,2
9804,0
9805,5
9806,3
9807,1
9808,1
9809,0
9810,1
9811,0
9812,0
9813,0
9814,1
9815,1
9816,0
9817,0
9818,1
9819,2
9820,3
9821,0
9822,2
9823,2
9824,0
9825,1
9826,2
9827,1
9828,0
9829,0
9830,2
9831,0
9832,2
9833,3
9834,2
9835,2
9836,1
9837,1
9838,1
9839,2
9840,1
9841,0
9842,0
9843,1
9844,0
9845,0
9846,0
9847,1
9848,0
9849,0
9850,2
9851,1
9852,2
9853,0
9854,0
9855,2
9856,0
9857,0
9858,2
9859,0
9860,1
9861,2
9862,0
9863,4
9864,1
9865,0
9866,1
9867,0
9868,2
9869,0
9870,2
9871,1
9872,1
9873,1
9874,0
9875,2
9876,0
9877,1
9878,2
9879,0
9880,1
9881,1
9882,1
9883,1
9884,1
9885,0
9886,2
9887,1
9888,1
9889,0
9890,1
9891,1
9892,0
9893,0
9894,1
9895,1
9896,2
9897,2
9898,1
9899,1
9900,1
9901,1
9902,0
9903,0
9904,1
9905,0
9906,0
9907,1
9908,1
9909,1
9910,2
9911,1
9912,1
9913,1
9914,2
9915,0
9916,3
9917,0
9918,2
9919,1
9920,0
9921,3
9922,0
9923,1
9924,0
9925,1
9926,2
9927,1
9928,3
9929,0
9930,1
9931,1
9932,2
9933,1
9934,0
9935,0
9936,1
9937,1
9938,1
9939,0
9940,1
9941,1
9942,2
9943,1
9944,0
9945,2
9946,2
9947,0
9948,2
9949,0
9950,0
9951,1
9952,2
9953,0
9954,0
9955,0
9956,1
9957,1
9958,3
9959,2
9960,0
9961,1
9962,1
9963,1
9964,0
9965,0
9966,2
9967,0
9968,1
9969,0
9970,0
9971,1
9972,0
9973,0
9974,3
9975,0
9976,2
9977,0
9978,3
9979,1
9980,0
9981,2
9982,2
9983,0
9984,2
9985,1
9986,3
9987,1
9988,1
9989,0
9990,1
9991,0
9992,0
9993,0
9994,2
9995,0
9996,1
9997,1
9998,1
9999,2
