0,167
1,284
2,0
3,61
4,7
5,71
6,0
7,0
8,23
9,135
10,10
11,24
12,41
13,0
14,0
15,0
16,15
17,20
18,0
19,1
20,23
21,1
22,64
23,35
24,25
25,13
26,0
27,0
28,18
29,13
30,15
31,33
32,53
33,0
34,0
35,0
36,6
37,1
38,0
39,51
40,9
41,73
42,16
43,0
44,0
45,18
46,10
47,43
48,43
49,0
50,3
51,8
52,10
53,6
54,14
55,23
56,0
57,24
58,0
59,19
60,21
61,2
62,6
63,0
64,0
65,18
66,29
67,30
68,5
69,7
70,4
71,21
72,0
73,25
74,0
75,5
76,16
77,19
78,0
79,0
80,0
81,0
82,5
83,31
84,2
85,23
86,0
87,5
88,19
89,6
90,9
91,0
92,0
93,0
94,0
95,20
96,1
97,34
98,17
99,0
100,28
101,16
102,34
103,2
104,0
105,32
106,5
107,37
108,14
109,0
110,0
111,4
112,7
113,34
114,44
115,0
116,21
117,8
118,30
119,0
120,0
121,0
122,1
123,0
124,3
125,31
126,6
127,0
128,7
129,14
130,50
131,27
132,0
133,0
134,13
135,0
136,11
137,0
138,1
139,0
140,6
141,0
142,4
143,0
144,23
145,13
146,1
147,0
148,10
149,0
150,2
151,0
152,12
153,9
154,0
155,13
156,28
157,16
158,0
159,2
160,4
161,7
162,0
163,34
164,20
165,13
166,0
167,0
168,9
169,8
170,20
171,0
172,3
173,10
174,22
175,0
176,3
177,0
178,0
179,3
180,4
181,39
182,0
183,6
184,0
185,2
186,9
187,0
188,14
189,0
190,0
191,0
192,13
193,3
194,22
195,6
196,15
197,24
198,22
199,0
200,0
201,0
202,0
203,0
204,7
205,15
206,13
207,8
208,1
209,0
210,0
211,38
212,5
213,0
214,30
215,0
216,19
217,12
218,0
219,0
220,0
221,18
222,24
223,7
224,3
225,15
226,0
227,6
228,5
229,3
230,3
231,8
232,0
233,21
234,1
235,2
236,24
237,0
238,6
239,13
240,0
241,0
242,14
243,4
244,5
245,4
246,18
247,5
248,1
249,19
250,14
251,15
252,4
253,0
254,0
255,14
256,0
257,0
258,0
259,4
260,0
261,0
262,13
263,6
264,11
265,2
266,2
267,11
268,17
269,4
270,5
271,0
272,0
273,0
274,0
275,0
276,3
277,4
278,0
279,1
280,0
281,0
282,0
283,5
284,0
285,0
286,12
287,5
288,8
289,11
290,1
291,8
292,0
293,0
294,4
295,7
296,1
297,2
298,9
299,1
300,6
301,0
302,5
303,1
304,2
305,0
306,4
307,3
308,0
309,3
310,1
311,0
312,15
313,0
314,1
315,5
316,0
317,10
318,19
319,5
320,2
321,8
322,0
323,0
324,20
325,14
326,13
327,1
328,5
329,24
330,2
331,0
332,2
333,3
334,0
335,5
336,17
337,7
338,0
339,7
340,5
341,27
342,20
343,5
344,0
345,4
346,2
347,27
348,14
349,8
350,5
351,3
352,7
353,22
354,4
355,17
356,1
357,11
358,4
359,3
360,2
361,0
362,18
363,5
364,2
365,0
366,7
367,8
368,3
369,1
370,6
371,12
372,6
373,0
374,0
375,0
376,0
377,6
378,2
379,0
380,22
381,0
382,10
383,0
384,4
385,21
386,11
387,0
388,1
389,0
390,7
391,5
392,13
393,0
394,1
395,0
396,3
397,14
398,0
399,0
400,0
401,19
402,0
403,1
404,19
405,11
406,8
407,4
408,6
409,6
410,0
411,0
412,18
413,31
414,4
415,0
416,2
417,2
418,6
419,0
420,2
421,0
422,9
423,0
424,11
425,2
426,1
427,0
428,12
429,3
430,0
431,1
432,0
433,6
434,27
435,7
436,1
437,3
438,12
439,11
440,4
441,10
442,0
443,10
444,3
445,2
446,1
447,1
448,0
449,5
450,0
451,0
452,0
453,0
454,3
455,1
456,12
457,9
458,0
459,13
460,0
461,4
462,5
463,0
464,0
465,0
466,2
467,0
468,2
469,1
470,0
471,7
472,2
473,2
474,0
475,17
476,0
477,0
478,12
479,5
480,2
481,10
482,0
483,0
484,0
485,5
486,0
487,5
488,0
489,0
490,0
491,7
492,4
493,0
494,10
495,0
496,1
497,0
498,0
499,7
500,0
501,1
502,2
503,0
504,4
505,0
506,4
507,0
508,13
509,16
510,15
511,5
512,29
513,0
514,0
515,0
516,6
517,6
518,16
519,0
520,1
521,12
522,0
523,1
524,17
525,0
526,10
527,2
528,0
529,2
530,1
531,2
532,5
533,16
534,16
535,0
536,2
537,5
538,7
539,3
540,12
541,2
542,0
543,0
544,0
545,0
546,0
547,0
548,0
549,10
550,0
551,4
552,8
553,11
554,10
555,6
556,3
557,1
558,3
559,0
560,10
561,4
562,10
563,0
564,1
565,0
566,2
567,15
568,5
569,3
570,20
571,20
572,0
573,6
574,2
575,3
576,0
577,0
578,0
579,8
580,3
581,0
582,0
583,2
584,0
585,19
586,5
587,4
588,1
589,0
590,10
591,14
592,8
593,4
594,13
595,0
596,0
597,6
598,3
599,3
600,22
601,4
602,0
603,10
604,0
605,0
606,16
607,4
608,0
609,4
610,2
611,0
612,0
613,0
614,5
615,27
616,12
617,4
618,0
619,1
620,0
621,4
622,0
623,0
624,2
625,10
626,4
627,0
628,0
629,25
630,13
631,2
632,7
633,0
634,11
635,3
636,14
637,9
638,6
639,6
640,0
641,2
642,9
643,2
644,1
645,1
646,7
647,12
648,5
649,1
650,2
651,1
652,20
653,3
654,2
655,0
656,0
657,9
658,2
659,0
660,2
661,0
662,0
663,2
664,1
665,13
666,8
667,0
668,1
669,0
670,2
671,0
672,0
673,3
674,0
675,1
676,0
677,1
678,0
679,5
680,0
681,0
682,4
683,6
684,0
685,0
686,0
687,13
688,6
689,6
690,0
691,2
692,0
693,8
694,13
695,6
696,5
697,1
698,1
699,0
700,5
701,0
702,0
703,4
704,0
705,0
706,23
707,7
708,3
709,0
710,0
711,10
712,6
713,0
714,0
715,3
716,4
717,1
718,1
719,0
720,5
721,10
722,0
723,0
724,6
725,2
726,10
727,0
728,0
729,0
730,22
731,2
732,1
733,3
734,4
735,0
736,0
737,0
738,1
739,0
740,12
741,0
742,3
743,4
744,3
745,0
746,2
747,9
748,1
749,1
750,0
751,7
752,0
753,0
754,2
755,6
756,0
757,0
758,4
759,0
760,2
761,4
762,2
763,7
764,5
765,0
766,5
767,0
768,0
769,0
770,6
771,1
772,11
773,2
774,8
775,1
776,5
777,1
778,0
779,0
780,0
781,7
782,0
783,0
784,5
785,2
786,12
787,2
788,0
789,0
790,2
791,0
792,1
793,0
794,28
795,0
796,3
797,0
798,5
799,9
800,0
801,4
802,5
803,0
804,12
805,0
806,0
807,9
808,8
809,7
810,0
811,0
812,2
813,6
814,9
815,5
816,1
817,0
818,0
819,0
820,1
821,0
822,0
823,2
824,3
825,0
826,2
827,0
828,1
829,3
830,7
831,0
832,9
833,6
834,5
835,9
836,0
837,4
838,0
839,2
840,1
841,5
842,3
843,7
844,0
845,4
846,1
847,8
848,4
849,8
850,2
851,0
852,2
853,17
854,1
855,0
856,2
857,10
858,0
859,11
860,0
861,0
862,0
863,5
864,4
865,0
866,2
867,0
868,1
869,0
870,1
871,0
872,8
873,0
874,10
875,4
876,4
877,10
878,0
879,15
880,17
881,9
882,0
883,0
884,3
885,0
886,6
887,7
888,12
889,0
890,10
891,0
892,1
893,3
894,15
895,0
896,2
897,0
898,2
899,1
900,5
901,7
902,0
903,5
904,7
905,0
906,1
907,6
908,0
909,10
910,1
911,0
912,3
913,1
914,3
915,13
916,1
917,0
918,1
919,0
920,5
921,0
922,1
923,0
924,17
925,4
926,0
927,5
928,0
929,20
930,0
931,1
932,3
933,0
934,11
935,0
936,7
937,0
938,3
939,0
940,1
941,2
942,8
943,0
944,3
945,3
946,6
947,0
948,2
949,0
950,4
951,1
952,0
953,0
954,7
955,0
956,1
957,1
958,1
959,1
960,0
961,1
962,5
963,8
964,0
965,0
966,4
967,4
968,2
969,6
970,4
971,9
972,14
973,0
974,0
975,3
976,1
977,0
978,2
979,4
980,0
981,0
982,0
983,1
984,1
985,0
986,0
987,4
988,3
989,0
990,4
991,9
992,6
993,0
994,2
995,0
996,2
997,1
998,4
999,3
1000,0
1001,0
1002,0
1003,8
1004,2
1005,0
1006,0
1007,3
1008,1
1009,0
1010,0
1011,11
1012,3
1013,2
1014,0
1015,0
1016,1
1017,0
1018,0
1019,3
1020,9
1021,0
1022,0
1023,10
1024,9
1025,0
1026,0
1027,0
1028,5
1029,1
1030,6
1031,0
1032,2
1033,8
1034,0
1035,0
1036,1
1037,0
1038,0
1039,7
1040,0
1041,1
1042,3
1043,10
1044,0
1045,1
1046,0
1047,8
1048,0
1049,2
1050,3
1051,3
1052,1
1053,0
1054,4
1055,0
1056,0
1057,0
1058,0
1059,8
1060,11
1061,2
1062,3
1063,1
1064,25
1065,0
1066,0
1067,2
1068,2
1069,2
1070,0
1071,0
1072,3
1073,0
1074,2
1075,8
1076,5
1077,2
1078,3
1079,0
1080,0
1081,9
1082,1
1083,1
1084,2
1085,3
1086,2
1087,5
1088,5
1089,7
1090,4
1091,9
1092,0
1093,6
1094,0
1095,6
1096,3
1097,0
1098,7
1099,12
1100,0
1101,0
1102,1
1103,5
1104,0
1105,0
1106,0
1107,0
1108,0
1109,8
1110,0
1111,4
1112,0
1113,0
1114,2
1115,2
1116,0
1117,3
1118,4
1119,2
1120,14
1121,4
1122,0
1123,16
1124,16
1125,0
1126,1
1127,3
1128,0
1129,0
1130,0
1131,6
1132,9
1133,2
1134,1
1135,5
1136,1
1137,0
1138,0
1139,0
1140,3
1141,8
1142,0
1143,0
1144,0
1145,1
1146,7
1147,3
1148,0
1149,16
1150,1
1151,0
1152,4
1153,0
1154,6
1155,2
1156,1
1157,0
1158,4
1159,1
1160,0
1161,0
1162,0
1163,5
1164,1
1165,0
1166,0
1167,0
1168,4
1169,0
1170,0
1171,0
1172,2
1173,8
1174,13
1175,5
1176,6
1177,5
1178,4
1179,2
1180,0
1181,0
1182,6
1183,4
1184,12
1185,2
1186,0
1187,2
1188,0
1189,2
1190,2
1191,4
1192,0
1193,1
1194,3
1195,0
1196,1
1197,3
1198,0
1199,0
1200,5
1201,4
1202,0
1203,0
1204,6
1205,5
1206,0
1207,0
1208,0
1209,19
1210,0
1211,1
1212,1
1213,0
1214,0
1215,0
1216,2
1217,0
1218,5
1219,4
1220,1
1221,0
1222,2
1223,12
1224,3
1225,4
1226,5
1227,14
1228,0
1229,3
1230,12
1231,0
1232,2
1233,3
1234,5
1235,9
1236,4
1237,7
1238,1
1239,3
1240,0
1241,0
1242,2
1243,2
1244,1
1245,1
1246,0
1247,4
1248,0
1249,4
1250,4
1251,0
1252,0
1253,0
1254,0
1255,1
1256,0
1257,0
1258,10
1259,2
1260,4
1261,16
1262,4
1263,3
1264,0
1265,0
1266,3
1267,6
1268,0
1269,3
1270,8
1271,1
1272,6
1273,0
1274,0
1275,0
1276,8
1277,3
1278,0
1279,0
1280,11
1281,10
1282,0
1283,2
1284,3
1285,5
1286,0
1287,0
1288,7
1289,10
1290,0
1291,0
1292,3
1293,3
1294,14
1295,4
1296,9
1297,4
1298,2
1299,6
1300,4
1301,1
1302,2
1303,12
1304,3
1305,9
1306,6
1307,2
1308,13
1309,2
1310,7
1311,3
1312,4
1313,9
1314,0
1315,3
1316,10
1317,4
1318,1
1319,2
1320,1
1321,5
1322,3
1323,3
1324,2
1325,7
1326,0
1327,8
1328,12
1329,3
1330,4
1331,2
1332,0
1333,9
1334,11
1335,0
1336,0
1337,5
1338,2
1339,8
1340,1
1341,0
1342,2
1343,0
1344,7
1345,4
1346,1
1347,0
1348,0
1349,4
1350,0
1351,2
1352,1
1353,2
1354,0
1355,0
1356,3
1357,6
1358,0
1359,0
1360,13
1361,0
1362,0
1363,0
1364,1
1365,3
1366,10
1367,3
1368,0
1369,9
1370,2
1371,0
1372,3
1373,6
1374,2
1375,0
1376,0
1377,4
1378,6
1379,4
1380,1
1381,7
1382,3
1383,0
1384,8
1385,2
1386,0
1387,2
1388,0
1389,0
1390,0
1391,1
1392,6
1393,2
1394,6
1395,10
1396,6
1397,3
1398,5
1399,3
1400,2
1401,5
1402,0
1403,5
1404,3
1405,0
1406,1
1407,1
1408,0
1409,4
1410,3
1411,15
1412,3
1413,0
1414,1
1415,2
1416,2
1417,5
1418,2
1419,6
1420,1
1421,0
1422,1
1423,3
1424,7
1425,5
1426,1
1427,5
1428,0
1429,0
1430,9
1431,2
1432,13
1433,0
1434,0
1435,1
1436,5
1437,0
1438,3
1439,0
1440,1
1441,2
1442,0
1443,0
1444,0
1445,4
1446,0
1447,0
1448,2
1449,5
1450,0
1451,4
1452,0
1453,0
1454,3
1455,0
1456,2
1457,2
1458,1
1459,0
1460,1
1461,4
1462,0
1463,2
1464,8
1465,0
1466,0
1467,3
1468,0
1469,0
1470,0
1471,0
1472,10
1473,0
1474,3
1475,6
1476,2
1477,8
1478,0
1479,2
1480,2
1481,3
1482,0
1483,2
1484,0
1485,0
1486,1
1487,2
1488,0
1489,6
1490,10
1491,10
1492,0
1493,0
1494,2
1495,2
1496,8
1497,12
1498,5
1499,8
1500,2
1501,0
1502,0
1503,19
1504,4
1505,2
1506,2
1507,0
1508,0
1509,3
1510,3
1511,3
1512,5
1513,0
1514,6
1515,0
1516,1
1517,2
1518,0
1519,1
1520,0
1521,4
1522,1
1523,0
1524,0
1525,0
1526,0
1527,1
1528,5
1529,0
1530,2
1531,0
1532,0
1533,2
1534,6
1535,0
1536,7
1537,0
1538,2
1539,0
1540,5
1541,1
1542,1
1543,2
1544,0
1545,0
1546,4
1547,0
1548,2
1549,5
1550,0
1551,0
1552,6
1553,8
1554,9
1555,0
1556,1
1557,0
1558,3
1559,0
1560,3
1561,7
1562,0
1563,5
1564,0
1565,1
1566,5
1567,3
1568,6
1569,5
1570,0
1571,1
1572,0
1573,5
1574,12
1575,6
1576,0
1577,8
1578,0
1579,0
1580,2
1581,2
1582,9
1583,2
1584,0
1585,3
1586,0
1587,6
1588,1
1589,0
1590,1
1591,5
1592,0
1593,0
1594,0
1595,0
1596,0
1597,0
1598,1
1599,7
1600,1
1601,1
1602,0
1603,2
1604,5
1605,3
1606,4
1607,7
1608,3
1609,0
1610,6
1611,0
1612,8
1613,20
1614,12
1615,2
1616,2
1617,0
1618,2
1619,1
1620,0
1621,3
1622,0
1623,3
1624,8
1625,14
1626,3
1627,0
1628,4
1629,1
1630,1
1631,1
1632,5
1633,0
1634,4
1635,11
1636,0
1637,5
1638,2
1639,9
1640,0
1641,0
1642,4
1643,0
1644,5
1645,3
1646,4
1647,1
1648,1
1649,4
1650,3
1651,1
1652,1
1653,2
1654,0
1655,4
1656,1
1657,0
1658,0
1659,0
1660,7
1661,0
1662,7
1663,0
1664,1
1665,1
1666,5
1667,0
1668,2
1669,1
1670,1
1671,13
1672,3
1673,0
1674,2
1675,0
1676,2
1677,3
1678,0
1679,0
1680,4
1681,8
1682,0
1683,1
1684,3
1685,5
1686,0
1687,0
1688,2
1689,1
1690,12
1691,1
1692,1
1693,0
1694,2
1695,4
1696,4
1697,1
1698,2
1699,1
1700,0
1701,3
1702,2
1703,2
1704,1
1705,5
1706,2
1707,0
1708,0
1709,0
1710,0
1711,0
1712,0
1713,0
1714,1
1715,1
1716,0
1717,1
1718,1
1719,0
1720,3
1721,0
1722,1
1723,0
1724,5
1725,0
1726,2
1727,1
1728,0
1729,1
1730,0
1731,2
1732,4
1733,1
1734,1
1735,1
1736,4
1737,8
1738,5
1739,4
1740,0
1741,1
1742,4
1743,12
1744,2
1745,7
1746,5
1747,0
1748,4
1749,12
1750,1
1751,1
1752,0
1753,7
1754,0
1755,0
1756,0
1757,2
1758,0
1759,0
1760,0
1761,0
1762,3
1763,5
1764,0
1765,0
1766,0
1767,5
1768,3
1769,3
1770,4
1771,1
1772,0
1773,0
1774,4
1775,1
1776,2
1777,0
1778,0
1779,0
1780,0
1781,5
1782,0
1783,3
1784,0
1785,0
1786,0
1787,1
1788,9
1789,0
1790,0
1791,3
1792,2
1793,9
1794,1
1795,0
1796,2
1797,3
1798,1
1799,3
1800,7
1801,1
1802,0
1803,2
1804,1
1805,3
1806,3
1807,2
1808,5
1809,0
1810,5
1811,0
1812,3
1813,3
1814,0
1815,4
1816,0
1817,0
1818,0
1819,6
1820,0
1821,5
1822,10
1823,0
1824,2
1825,3
1826,0
1827,5
1828,0
1829,0
1830,0
1831,5
1832,2
1833,2
1834,2
1835,0
1836,5
1837,0
1838,6
1839,3
1840,1
1841,0
1842,2
1843,1
1844,3
1845,0
1846,5
1847,0
1848,0
1849,2
1850,7
1851,2
1852,2
1853,6
1854,0
1855,1
1856,2
1857,1
1858,11
1859,2
1860,0
1861,2
1862,4
1863,10
1864,0
1865,2
1866,0
1867,4
1868,1
1869,2
1870,1
1871,0
1872,1
1873,8
1874,2
1875,0
1876,0
1877,3
1878,6
1879,2
1880,0
1881,6
1882,2
1883,6
1884,6
1885,2
1886,2
1887,0
1888,5
1889,10
1890,2
1891,2
1892,1
1893,7
1894,11
1895,5
1896,0
1897,5
1898,4
1899,2
1900,4
1901,0
1902,8
1903,9
1904,0
1905,0
1906,0
1907,0
1908,1
1909,0
1910,5
1911,0
1912,1
1913,8
1914,0
1915,2
1916,0
1917,12
1918,0
1919,0
1920,1
1921,0
1922,0
1923,5
1924,0
1925,1
1926,8
1927,0
1928,5
1929,2
1930,3
1931,0
1932,0
1933,3
1934,0
1935,0
1936,2
1937,14
1938,1
1939,4
1940,0
1941,0
1942,5
1943,0
1944,3
1945,0
1946,2
1947,1
1948,0
1949,0
1950,0
1951,6
1952,7
1953,4
1954,5
1955,2
1956,4
1957,0
1958,0
1959,2
1960,0
1961,5
1962,0
1963,0
1964,1
1965,3
1966,7
1967,0
1968,1
1969,1
1970,0
1971,1
1972,3
1973,1
1974,3
1975,7
1976,1
1977,2
1978,3
1979,10
1980,0
1981,4
1982,4
1983,0
1984,3
1985,13
1986,0
1987,0
1988,1
1989,6
1990,0
1991,2
1992,4
1993,5
1994,6
1995,0
1996,0
1997,2
1998,4
1999,0
2000,3
2001,1
2002,7
2003,1
2004,8
2005,8
2006,1
2007,3
2008,2
2009,4
2010,0
2011,1
2012,0
2013,7
2014,0
2015,1
2016,5
2017,2
2018,0
2019,0
2020,1
2021,0
2022,2
2023,2
2024,0
2025,6
2026,6
2027,0
2028,0
2029,1
2030,0
2031,2
2032,0
2033,1
2034,4
2035,0
2036,1
2037,0
2038,0
2039,0
2040,0
2041,1
2042,1
2043,0
2044,2
2045,0
2046,0
2047,5
2048,1
2049,0
2050,5
2051,3
2052,3
2053,0
2054,4
2055,0
2056,0
2057,1
2058,0
2059,0
2060,5
2061,0
2062,4
2063,6
2064,3
2065,1
2066,2
2067,2
2068,0
2069,1
2070,6
2071,0
2072,0
2073,0
2074,0
2075,0
2076,0
2077,6
2078,4
2079,8
2080,3
2081,3
2082,0
2083,5
2084,2
2085,0
2086,0
2087,0
2088,2
2089,2
2090,1
2091,8
2092,1
2093,4
2094,2
2095,4
2096,6
2097,2
2098,7
2099,4
2100,5
2101,1
2102,0
2103,10
2104,0
2105,7
2106,0
2107,1
2108,4
2109,10
2110,0
2111,4
2112,1
2113,0
2114,2
2115,1
2116,6
2117,3
2118,0
2119,1
2120,5
2121,0
2122,2
2123,3
2124,8
2125,0
2126,0
2127,8
2128,3
2129,2
2130,0
2131,2
2132,7
2133,0
2134,1
2135,0
2136,0
2137,9
2138,6
2139,2
2140,0
2141,0
2142,3
2143,2
2144,10
2145,0
2146,1
2147,0
2148,0
2149,0
2150,2
2151,0
2152,2
2153,1
2154,8
2155,0
2156,1
2157,1
2158,1
2159,2
2160,5
2161,2
2162,0
2163,1
2164,5
2165,3
2166,0
2167,3
2168,0
2169,0
2170,2
2171,5
2172,1
2173,2
2174,0
2175,0
2176,1
2177,8
2178,0
2179,1
2180,10
2181,0
2182,5
2183,0
2184,1
2185,0
2186,0
2187,0
2188,0
2189,5
2190,0
2191,3
2192,6
2193,0
2194,3
2195,14
2196,0
2197,3
2198,10
2199,4
2200,13
2201,6
2202,6
2203,1
2204,1
2205,5
2206,6
2207,7
2208,3
2209,4
2210,0
2211,0
2212,1
2213,0
2214,5
2215,9
2216,3
2217,3
2218,4
2219,0
2220,0
2221,1
2222,0
2223,0
2224,0
2225,2
2226,1
2227,1
2228,4
2229,4
2230,0
2231,3
2232,0
2233,0
2234,0
2235,0
2236,0
2237,0
2238,0
2239,2
2240,2
2241,0
2242,3
2243,0
2244,0
2245,0
2246,6
2247,5
2248,1
2249,6
2250,0
2251,5
2252,0
2253,1
2254,0
2255,3
2256,3
2257,4
2258,0
2259,1
2260,0
2261,3
2262,0
2263,2
2264,2
2265,0
2266,0
2267,2
2268,1
2269,0
2270,7
2271,3
2272,0
2273,0
2274,0
2275,0
2276,2
2277,1
2278,1
2279,1
2280,2
2281,2
2282,2
2283,0
2284,6
2285,8
2286,17
2287,0
2288,1
2289,0
2290,3
2291,2
2292,4
2293,0
2294,0
2295,1
2296,1
2297,3
2298,3
2299,3
2300,1
2301,3
2302,6
2303,0
2304,0
2305,1
2306,1
2307,8
2308,2
2309,0
2310,1
2311,0
2312,3
2313,8
2314,7
2315,5
2316,1
2317,4
2318,7
2319,0
2320,3
2321,0
2322,0
2323,4
2324,0
2325,2
2326,10
2327,3
2328,0
2329,7
2330,4
2331,0
2332,1
2333,0
2334,0
2335,3
2336,0
2337,0
2338,0
2339,0
2340,2
2341,1
2342,4
2343,4
2344,0
2345,0
2346,7
2347,6
2348,0
2349,0
2350,0
2351,0
2352,5
2353,0
2354,0
2355,0
2356,2
2357,3
2358,0
2359,1
2360,2
2361,0
2362,0
2363,0
2364,0
2365,4
2366,3
2367,0
2368,2
2369,5
2370,4
2371,2
2372,1
2373,0
2374,0
2375,5
2376,0
2377,2
2378,0
2379,1
2380,5
2381,8
2382,1
2383,2
2384,0
2385,1
2386,1
2387,0
2388,2
2389,0
2390,0
2391,1
2392,4
2393,10
2394,1
2395,1
2396,0
2397,0
2398,0
2399,3
2400,9
2401,0
2402,1
2403,2
2404,0
2405,0
2406,2
2407,0
2408,0
2409,0
2410,9
2411,0
2412,5
2413,0
2414,6
2415,3
2416,0
2417,3
2418,0
2419,0
2420,1
2421,8
2422,3
2423,1
2424,0
2425,1
2426,0
2427,1
2428,4
2429,1
2430,1
2431,1
2432,0
2433,0
2434,3
2435,3
2436,3
2437,0
2438,8
2439,9
2440,0
2441,0
2442,0
2443,2
2444,0
2445,6
2446,0
2447,0
2448,5
2449,2
2450,4
2451,1
2452,1
2453,0
2454,0
2455,6
2456,2
2457,3
2458,3
2459,9
2460,0
2461,3
2462,0
2463,4
2464,1
2465,0
2466,1
2467,0
2468,1
2469,1
2470,11
2471,9
2472,3
2473,5
2474,2
2475,1
2476,3
2477,0
2478,4
2479,5
2480,3
2481,2
2482,0
2483,7
2484,3
2485,0
2486,2
2487,0
2488,0
2489,1
2490,1
2491,1
2492,9
2493,0
2494,0
2495,1
2496,0
2497,0
2498,3
2499,0
2500,0
2501,8
2502,1
2503,0
2504,6
2505,2
2506,0
2507,0
2508,5
2509,2
2510,5
2511,0
2512,6
2513,0
2514,2
2515,6
2516,3
2517,4
2518,1
2519,1
2520,3
2521,1
2522,7
2523,1
2524,0
2525,1
2526,4
2527,5
2528,0
2529,2
2530,2
2531,1
2532,0
2533,0
2534,2
2535,2
2536,0
2537,2
2538,0
2539,0
2540,3
2541,0
2542,0
2543,1
2544,3
2545,0
2546,2
2547,0
2548,0
2549,3
2550,0
2551,2
2552,4
2553,1
2554,0
2555,6
2556,6
2557,1
2558,0
2559,0
2560,3
2561,12
2562,2
2563,0
2564,4
2565,9
2566,2
2567,0
2568,2
2569,7
2570,0
2571,0
2572,0
2573,3
2574,0
2575,0
2576,4
2577,4
2578,7
2579,4
2580,4
2581,0
2582,0
2583,0
2584,0
2585,0
2586,11
2587,2
2588,2
2589,1
2590,0
2591,0
2592,3
2593,2
2594,4
2595,0
2596,0
2597,5
2598,1
2599,1
2600,0
2601,0
2602,0
2603,3
2604,0
2605,2
2606,6
2607,10
2608,3
2609,7
2610,0
2611,0
2612,0
2613,0
2614,0
2615,1
2616,0
2617,7
2618,0
2619,0
2620,1
2621,0
2622,5
2623,6
2624,4
2625,2
2626,1
2627,3
2628,3
2629,2
2630,0
2631,1
2632,0
2633,1
2634,8
2635,0
2636,2
2637,0
2638,6
2639,1
2640,0
2641,1
2642,0
2643,3
2644,0
2645,0
2646,2
2647,2
2648,6
2649,0
2650,5
2651,2
2652,1
2653,1
2654,8
2655,0
2656,0
2657,1
2658,0
2659,12
2660,0
2661,0
2662,1
2663,5
2664,0
2665,0
2666,3
2667,4
2668,3
2669,4
2670,0
2671,4
2672,1
2673,3
2674,1
2675,2
2676,0
2677,0
2678,0
2679,0
2680,0
2681,4
2682,1
2683,1
2684,3
2685,1
2686,2
2687,1
2688,4
2689,2
2690,3
2691,2
2692,0
2693,0
2694,2
2695,0
2696,2
2697,0
2698,0
2699,5
2700,0
2701,2
2702,0
2703,0
2704,0
2705,0
2706,1
2707,0
2708,0
2709,0
2710,0
2711,0
2712,4
2713,0
2714,2
2715,5
2716,0
2717,6
2718,1
2719,5
2720,6
2721,2
2722,0
2723,3
2724,0
2725,2
2726,0
2727,2
2728,0
2729,1
2730,0
2731,3
2732,3
2733,1
2734,0
2735,1
2736,0
2737,0
2738,0
2739,0
2740,2
2741,5
2742,2
2743,0
2744,2
2745,2
2746,1
2747,0
2748,0
2749,2
2750,2
2751,1
2752,3
2753,0
2754,0
2755,2
2756,1
2757,0
2758,3
2759,0
2760,0
2761,0
2762,2
2763,3
2764,0
2765,3
2766,1
2767,0
2768,2
2769,1
2770,0
2771,1
2772,0
2773,2
2774,8
2775,3
2776,1
2777,0
2778,0
2779,2
2780,3
2781,0
2782,1
2783,1
2784,3
2785,1
2786,0
2787,1
2788,0
2789,0
2790,0
2791,5
2792,0
2793,0
2794,5
2795,0
2796,0
2797,3
2798,6
2799,0
2800,1
2801,7
2802,0
2803,0
2804,3
2805,3
2806,1
2807,1
2808,0
2809,1
2810,0
2811,0
2812,0
2813,6
2814,0
2815,0
2816,2
2817,3
2818,2
2819,0
2820,0
2821,1
2822,3
2823,1
2824,1
2825,1
2826,1
2827,1
2828,1
2829,1
2830,0
2831,1
2832,1
2833,0
2834,0
2835,2
2836,12
2837,0
2838,2
2839,2
2840,3
2841,1
2842,0
2843,0
2844,0
2845,0
2846,1
2847,5
2848,3
2849,1
2850,5
2851,2
2852,1
2853,1
2854,4
2855,1
2856,1
2857,1
2858,1
2859,1
2860,5
2861,3
2862,3
2863,2
2864,5
2865,0
2866,0
2867,12
2868,0
2869,1
2870,2
2871,0
2872,4
2873,1
2874,5
2875,3
2876,1
2877,2
2878,1
2879,4
2880,0
2881,2
2882,0
2883,2
2884,0
2885,4
2886,0
2887,0
2888,6
2889,1
2890,0
2891,5
2892,0
2893,0
2894,1
2895,0
2896,0
2897,1
2898,1
2899,3
2900,1
2901,0
2902,5
2903,7
2904,0
2905,0
2906,3
2907,4
2908,3
2909,3
2910,1
2911,0
2912,1
2913,0
2914,6
2915,5
2916,8
2917,0
2918,2
2919,0
2920,0
2921,0
2922,0
2923,2
2924,1
2925,1
2926,0
2927,2
2928,4
2929,0
2930,3
2931,0
2932,3
2933,0
2934,1
2935,3
2936,1
2937,2
2938,0
2939,2
2940,3
2941,1
2942,0
2943,5
2944,3
2945,0
2946,3
2947,1
2948,0
2949,3
2950,3
2951,0
2952,0
2953,7
2954,4
2955,9
2956,2
2957,0
2958,0
2959,0
2960,1
2961,0
2962,0
2963,1
2964,4
2965,3
2966,0
2967,1
2968,0
2969,1
2970,5
2971,5
2972,3
2973,6
2974,0
2975,0
2976,0
2977,2
2978,1
2979,1
2980,0
2981,3
2982,3
2983,0
2984,1
2985,2
2986,2
2987,2
2988,0
2989,2
2990,0
2991,1
2992,2
2993,4
2994,0
2995,0
2996,2
2997,3
2998,0
2999,7
3000,7
3001,2
3002,0
3003,0
3004,2
3005,0
3006,2
3007,5
3008,0
3009,3
3010,3
3011,8
3012,2
3013,1
3014,2
3015,2
3016,1
3017,1
3018,7
3019,0
3020,2
3021,0
3022,5
3023,2
3024,1
3025,1
3026,2
3027,0
3028,7
3029,1
3030,0
3031,2
3032,1
3033,0
3034,1
3035,5
3036,1
3037,4
3038,1
3039,0
3040,8
3041,0
3042,1
3043,0
3044,0
3045,7
3046,5
3047,0
3048,5
3049,5
3050,0
3051,3
3052,1
3053,3
3054,0
3055,4
3056,1
3057,8
3058,0
3059,1
3060,1
3061,3
3062,2
3063,0
3064,1
3065,2
3066,3
3067,5
3068,0
3069,0
3070,0
3071,4
3072,2
3073,0
3074,2
3075,2
3076,8
3077,0
3078,9
3079,0
3080,3
3081,4
3082,6
3083,0
3084,3
3085,2
3086,0
3087,0
3088,0
3089,4
3090,6
3091,0
3092,2
3093,0
3094,2
3095,3
3096,0
3097,1
3098,0
3099,0
3100,0
3101,2
3102,2
3103,1
3104,4
3105,2
3106,4
3107,1
3108,0
3109,0
3110,2
3111,1
3112,0
3113,0
3114,5
3115,4
3116,7
3117,3
3118,0
3119,0
3120,2
3121,4
3122,2
3123,0
3124,1
3125,0
3126,1
3127,1
3128,0
3129,5
3130,3
3131,2
3132,0
3133,6
3134,0
3135,3
3136,7
3137,0
3138,3
3139,1
3140,8
3141,7
3142,3
3143,0
3144,1
3145,1
3146,1
3147,1
3148,1
3149,1
3150,5
3151,2
3152,1
3153,0
3154,2
3155,2
3156,0
3157,1
3158,0
3159,0
3160,0
3161,3
3162,4
3163,0
3164,3
3165,0
3166,3
3167,4
3168,6
3169,1
3170,3
3171,3
3172,1
3173,2
3174,5
3175,0
3176,4
3177,2
3178,0
3179,1
3180,0
3181,3
3182,0
3183,0
3184,0
3185,0
3186,2
3187,4
3188,1
3189,2
3190,1
3191,1
3192,0
3193,1
3194,2
3195,2
3196,0
3197,0
3198,6
3199,6
3200,1
3201,0
3202,0
3203,0
3204,1
3205,0
3206,1
3207,1
3208,0
3209,0
3210,4
3211,0
3212,1
3213,1
3214,1
3215,3
3216,0
3217,2
3218,7
3219,7
3220,0
3221,2
3222,1
3223,1
3224,0
3225,0
3226,5
3227,0
3228,3
3229,4
3230,0
3231,4
3232,2
3233,6
3234,2
3235,0
3236,1
3237,3
3238,0
3239,1
3240,3
3241,2
3242,0
3243,0
3244,0
3245,1
3246,2
3247,3
3248,0
3249,3
3250,0
3251,0
3252,1
3253,1
3254,0
3255,0
3256,3
3257,3
3258,0
3259,0
3260,0
3261,7
3262,0
3263,1
3264,5
3265,0
3266,0
3267,0
3268,4
3269,1
3270,0
3271,1
3272,0
3273,4
3274,0
3275,2
3276,0
3277,3
3278,2
3279,0
3280,0
3281,1
3282,6
3283,1
3284,1
3285,0
3286,2
3287,0
3288,2
3289,3
3290,4
3291,3
3292,3
3293,4
3294,0
3295,1
3296,1
3297,0
3298,0
3299,1
3300,1
3301,0
3302,1
3303,0
3304,0
3305,3
3306,0
3307,1
3308,0
3309,2
3310,0
3311,0
3312,4
3313,2
3314,0
3315,0
3316,0
3317,2
3318,3
3319,0
3320,6
3321,0
3322,0
3323,2
3324,9
3325,0
3326,0
3327,1
3328,5
3329,0
3330,2
3331,1
3332,2
3333,2
3334,1
3335,0
3336,3
3337,6
3338,4
3339,0
3340,1
3341,1
3342,2
3343,0
3344,6
3345,5
3346,2
3347,1
3348,2
3349,0
3350,5
3351,2
3352,0
3353,0
3354,0
3355,4
3356,4
3357,2
3358,2
3359,5
3360,2
3361,0
3362,4
3363,2
3364,0
3365,6
3366,3
3367,10
3368,0
3369,2
3370,4
3371,2
3372,2
3373,3
3374,2
3375,10
3376,1
3377,1
3378,8
3379,3
3380,2
3381,4
3382,0
3383,3
3384,3
3385,3
3386,0
3387,6
3388,10
3389,0
3390,5
3391,3
3392,1
3393,2
3394,1
3395,0
3396,0
3397,0
3398,0
3399,1
3400,0
3401,4
3402,0
3403,0
3404,0
3405,1
3406,7
3407,3
3408,3
3409,1
3410,0
3411,0
3412,0
3413,2
3414,0
3415,4
3416,3
3417,2
3418,0
3419,0
3420,6
3421,1
3422,3
3423,4
3424,3
3425,2
3426,0
3427,2
3428,1
3429,0
3430,4
3431,6
3432,3
3433,1
3434,0
3435,0
3436,0
3437,4
3438,0
3439,0
3440,1
3441,3
3442,0
3443,0
3444,1
3445,2
3446,2
3447,4
3448,4
3449,0
3450,1
3451,1
3452,0
3453,1
3454,2
3455,0
3456,1
3457,2
3458,4
3459,0
3460,6
3461,0
3462,0
3463,3
3464,1
3465,2
3466,3
3467,2
3468,2
3469,2
3470,9
3471,0
3472,2
3473,1
3474,1
3475,0
3476,1
3477,5
3478,2
3479,2
3480,5
3481,1
3482,2
3483,3
3484,2
3485,0
3486,1
3487,0
3488,0
3489,2
3490,0
3491,0
3492,2
3493,1
3494,0
3495,2
3496,0
3497,0
3498,2
3499,4
3500,5
3501,0
3502,5
3503,1
3504,0
3505,3
3506,2
3507,2
3508,12
3509,1
3510,0
3511,0
3512,4
3513,3
3514,0
3515,0
3516,2
3517,0
3518,0
3519,0
3520,0
3521,0
3522,0
3523,1
3524,2
3525,0
3526,2
3527,0
3528,3
3529,0
3530,6
3531,1
3532,0
3533,1
3534,2
3535,0
3536,1
3537,8
3538,3
3539,3
3540,2
3541,1
3542,0
3543,0
3544,2
3545,1
3546,1
3547,8
3548,0
3549,0
3550,1
3551,1
3552,0
3553,4
3554,4
3555,0
3556,4
3557,0
3558,1
3559,1
3560,0
3561,3
3562,2
3563,4
3564,0
3565,2
3566,0
3567,2
3568,2
3569,2
3570,1
3571,1
3572,4
3573,3
3574,1
3575,0
3576,1
3577,5
3578,4
3579,0
3580,0
3581,1
3582,2
3583,5
3584,0
3585,0
3586,0
3587,0
3588,2
3589,0
3590,2
3591,1
3592,5
3593,3
3594,1
3595,0
3596,0
3597,2
3598,0
3599,4
3600,0
3601,0
3602,2
3603,2
3604,0
3605,2
3606,0
3607,0
3608,1
3609,4
3610,0
3611,1
3612,3
3613,2
3614,1
3615,0
3616,7
3617,0
3618,0
3619,4
3620,0
3621,0
3622,0
3623,0
3624,0
3625,3
3626,4
3627,6
3628,2
3629,0
3630,0
3631,1
3632,1
3633,1
3634,0
3635,3
3636,2
3637,1
3638,0
3639,0
3640,0
3641,3
3642,7
3643,0
3644,2
3645,0
3646,2
3647,1
3648,0
3649,0
3650,0
3651,1
3652,2
3653,2
3654,2
3655,2
3656,1
3657,0
3658,0
3659,1
3660,0
3661,4
3662,0
3663,3
3664,2
3665,3
3666,0
3667,0
3668,6
3669,5
3670,0
3671,2
3672,1
3673,6
3674,0
3675,2
3676,2
3677,2
3678,0
3679,0
3680,7
3681,1
3682,0
3683,0
3684,3
3685,6
3686,1
3687,0
3688,0
3689,1
3690,2
3691,0
3692,2
3693,0
3694,3
3695,1
3696,2
3697,2
3698,2
3699,0
3700,2
3701,0
3702,0
3703,4
3704,2
3705,0
3706,0
3707,2
3708,2
3709,1
3710,3
3711,0
3712,3
3713,4
3714,0
3715,1
3716,1
3717,0
3718,4
3719,3
3720,1
3721,1
3722,0
3723,1
3724,0
3725,0
3726,0
3727,0
3728,2
3729,2
3730,0
3731,0
3732,4
3733,3
3734,2
3735,1
3736,2
3737,0
3738,7
3739,0
3740,0
3741,2
3742,0
3743,0
3744,3
3745,3
3746,2
3747,1
3748,1
3749,0
3750,2
3751,1
3752,2
3753,2
3754,0
3755,0
3756,2
3757,4
3758,1
3759,1
3760,3
3761,1
3762,3
3763,2
3764,3
3765,2
3766,0
3767,0
3768,2
3769,5
3770,2
3771,0
3772,0
3773,0
3774,0
3775,1
3776,1
3777,0
3778,1
3779,0
3780,1
3781,1
3782,0
3783,0
3784,0
3785,2
3786,3
3787,2
3788,2
3789,0
3790,8
3791,1
3792,1
3793,0
3794,5
3795,1
3796,2
3797,4
3798,0
3799,1
3800,0
3801,9
3802,3
3803,3
3804,1
3805,0
3806,9
3807,2
3808,2
3809,8
3810,0
3811,0
3812,2
3813,4
3814,2
3815,0
3816,0
3817,4
3818,1
3819,5
3820,1
3821,0
3822,0
3823,0
3824,0
3825,3
3826,0
3827,0
3828,0
3829,2
3830,4
3831,2
3832,0
3833,0
3834,1
3835,5
3836,2
3837,0
3838,1
3839,0
3840,1
3841,1
3842,2
3843,0
3844,0
3845,1
3846,1
3847,0
3848,0
3849,2
3850,1
3851,3
3852,9
3853,0
3854,4
3855,0
3856,1
3857,0
3858,1
3859,0
3860,0
3861,0
3862,0
3863,4
3864,0
3865,6
3866,2
3867,0
3868,3
3869,1
3870,2
3871,0
3872,0
3873,0
3874,2
3875,2
3876,0
3877,0
3878,0
3879,0
3880,0
3881,0
3882,5
3883,0
3884,3
3885,0
3886,0
3887,0
3888,3
3889,3
3890,2
3891,1
3892,1
3893,4
3894,0
3895,1
3896,1
3897,1
3898,4
3899,0
3900,0
3901,4
3902,0
3903,0
3904,0
3905,2
3906,0
3907,0
3908,1
3909,2
3910,1
3911,1
3912,0
3913,2
3914,0
3915,1
3916,0
3917,4
3918,0
3919,2
3920,2
3921,2
3922,2
3923,1
3924,4
3925,1
3926,1
3927,3
3928,0
3929,2
3930,0
3931,2
3932,0
3933,1
3934,0
3935,4
3936,0
3937,1
3938,4
3939,6
3940,1
3941,0
3942,0
3943,0
3944,1
3945,1
3946,1
3947,1
3948,4
3949,2
3950,2
3951,0
3952,0
3953,0
3954,2
3955,2
3956,0
3957,0
3958,2
3959,0
3960,2
3961,1
3962,0
3963,4
3964,3
3965,0
3966,0
3967,0
3968,2
3969,8
3970,2
3971,3
3972,2
3973,1
3974,4
3975,0
3976,0
3977,3
3978,2
3979,2
3980,0
3981,0
3982,1
3983,3
3984,2
3985,0
3986,6
3987,5
3988,3
3989,1
3990,3
3991,0
3992,0
3993,1
3994,0
3995,0
3996,4
3997,1
3998,0
3999,1
4000,2
4001,6
4002,0
4003,1
4004,1
4005,1
4006,5
4007,2
4008,1
4009,1
4010,0
4011,0
4012,1
4013,1
4014,2
4015,3
4016,4
4017,1
4018,0
4019,1
4020,0
4021,3
4022,0
4023,1
4024,0
4025,0
4026,5
4027,0
4028,0
4029,0
4030,0
4031,0
4032,3
4033,1
4034,0
4035,3
4036,0
4037,0
4038,0
4039,0
4040,2
4041,0
4042,0
4043,2
4044,0
4045,0
4046,1
4047,1
4048,5
4049,0
4050,1
4051,0
4052,2
4053,0
4054,0
4055,0
4056,0
4057,0
4058,1
4059,2
4060,2
4061,2
4062,0
4063,3
4064,3
4065,0
4066,1
4067,3
4068,4
4069,0
4070,0
4071,0
4072,1
4073,6
4074,0
4075,4
4076,2
4077,1
4078,4
4079,4
4080,2
4081,3
4082,0
4083,1
4084,4
4085,0
4086,1
4087,2
4088,1
4089,2
4090,1
4091,3
4092,3
4093,1
4094,1
4095,3
4096,1
4097,0
4098,1
4099,0
4100,0
4101,1
4102,0
4103,0
4104,0
4105,4
4106,1
4107,3
4108,0
4109,5
4110,1
4111,3
4112,1
4113,2
4114,1
4115,1
4116,0
4117,0
4118,3
4119,0
4120,1
4121,1
4122,1
4123,3
4124,1
4125,1
4126,7
4127,0
4128,7
4129,1
4130,1
4131,3
4132,0
4133,0
4134,2
4135,1
4136,2
4137,1
4138,0
4139,0
4140,4
4141,0
4142,2
4143,2
4144,2
4145,0
4146,2
4147,0
4148,3
4149,6
4150,0
4151,2
4152,1
4153,2
4154,0
4155,0
4156,2
4157,2
4158,0
4159,0
4160,3
4161,1
4162,1
4163,0
4164,0
4165,0
4166,2
4167,4
4168,2
4169,0
4170,2
4171,1
4172,2
4173,1
4174,2
4175,3
4176,3
4177,1
4178,0
4179,0
4180,2
4181,2
4182,0
4183,4
4184,6
4185,0
4186,2
4187,0
4188,0
4189,2
4190,0
4191,0
4192,0
4193,2
4194,1
4195,1
4196,0
4197,3
4198,0
4199,1
4200,5
4201,3
4202,0
4203,0
4204,1
4205,2
4206,0
4207,0
4208,2
4209,0
4210,3
4211,1
4212,1
4213,1
4214,5
4215,1
4216,2
4217,2
4218,0
4219,5
4220,0
4221,0
4222,1
4223,2
4224,3
4225,2
4226,6
4227,2
4228,5
4229,1
4230,0
4231,0
4232,7
4233,0
4234,2
4235,4
4236,0
4237,0
4238,0
4239,2
4240,1
4241,3
4242,2
4243,1
4244,0
4245,1
4246,4
4247,1
4248,0
4249,1
4250,2
4251,1
4252,0
4253,4
4254,3
4255,3
4256,1
4257,0
4258,1
4259,0
4260,0
4261,0
4262,0
4263,2
4264,0
4265,0
4266,0
4267,0
4268,6
4269,0
4270,1
4271,0
4272,0
4273,0
4274,0
4275,3
4276,0
4277,5
4278,7
4279,0
4280,5
4281,0
4282,0
4283,2
4284,3
4285,0
4286,0
4287,0
4288,3
4289,0
4290,1
4291,5
4292,4
4293,0
4294,0
4295,0
4296,1
4297,1
4298,0
4299,4
4300,5
4301,0
4302,1
4303,2
4304,4
4305,1
4306,1
4307,2
4308,0
4309,0
4310,7
4311,0
4312,0
4313,1
4314,1
4315,3
4316,2
4317,1
4318,0
4319,0
4320,2
4321,2
4322,0
4323,0
4324,0
4325,2
4326,0
4327,2
4328,4
4329,0
4330,1
4331,2
4332,0
4333,6
4334,3
4335,0
4336,5
4337,3
4338,6
4339,0
4340,2
4341,0
4342,1
4343,6
4344,1
4345,0
4346,0
4347,2
4348,2
4349,1
4350,1
4351,0
4352,2
4353,0
4354,0
4355,1
4356,3
4357,6
4358,7
4359,1
4360,0
4361,1
4362,3
4363,1
4364,1
4365,3
4366,1
4367,0
4368,0
4369,0
4370,2
4371,2
4372,3
4373,0
4374,0
4375,4
4376,0
4377,4
4378,0
4379,0
4380,1
4381,3
4382,3
4383,4
4384,1
4385,1
4386,0
4387,4
4388,3
4389,2
4390,0
4391,0
4392,0
4393,2
4394,2
4395,1
4396,1
4397,0
4398,5
4399,2
4400,1
4401,1
4402,0
4403,1
4404,5
4405,2
4406,1
4407,0
4408,4
4409,6
4410,0
4411,0
4412,1
4413,0
4414,6
4415,0
4416,0
4417,3
4418,0
4419,1
4420,1
4421,0
4422,5
4423,0
4424,3
4425,0
4426,2
4427,3
4428,0
4429,0
4430,2
4431,0
4432,3
4433,2
4434,1
4435,13
4436,0
4437,3
4438,2
4439,0
4440,0
4441,1
4442,0
4443,4
4444,0
4445,1
4446,0
4447,2
4448,0
4449,1
4450,0
4451,1
4452,1
4453,1
4454,0
4455,0
4456,2
4457,0
4458,1
4459,1
4460,0
4461,3
4462,1
4463,3
4464,0
4465,3
4466,1
4467,0
4468,1
4469,7
4470,0
4471,7
4472,0
4473,1
4474,1
4475,2
4476,1
4477,1
4478,0
4479,1
4480,0
4481,0
4482,1
4483,0
4484,0
4485,2
4486,4
4487,1
4488,1
4489,2
4490,1
4491,0
4492,0
4493,4
4494,0
4495,1
4496,0
4497,1
4498,0
4499,2
4500,0
4501,2
4502,0
4503,0
4504,4
4505,0
4506,5
4507,0
4508,2
4509,1
4510,3
4511,0
4512,0
4513,0
4514,2
4515,1
4516,2
4517,2
4518,0
4519,0
4520,3
4521,0
4522,4
4523,0
4524,6
4525,6
4526,3
4527,1
4528,3
4529,0
4530,4
4531,1
4532,3
4533,2
4534,0
4535,2
4536,6
4537,4
4538,0
4539,1
4540,2
4541,2
4542,0
4543,5
4544,2
4545,0
4546,0
4547,5
4548,0
4549,1
4550,0
4551,2
4552,1
4553,0
4554,0
4555,0
4556,2
4557,0
4558,2
4559,5
4560,0
4561,1
4562,0
4563,0
4564,1
4565,0
4566,0
4567,2
4568,2
4569,3
4570,1
4571,1
4572,0
4573,1
4574,1
4575,0
4576,0
4577,4
4578,0
4579,1
4580,1
4581,0
4582,1
4583,1
4584,4
4585,2
4586,0
4587,1
4588,2
4589,1
4590,1
4591,0
4592,0
4593,1
4594,2
4595,1
4596,2
4597,0
4598,2
4599,2
4600,1
4601,1
4602,3
4603,1
4604,1
4605,1
4606,1
4607,1
4608,3
4609,0
4610,0
4611,6
4612,3
4613,0
4614,3
4615,3
4616,2
4617,0
4618,1
4619,0
4620,2
4621,2
4622,0
4623,2
4624,2
4625,0
4626,3
4627,1
4628,0
4629,3
4630,0
4631,6
4632,2
4633,0
4634,2
4635,0
4636,0
4637,2
4638,0
4639,0
4640,2
4641,3
4642,5
4643,1
4644,2
4645,0
4646,0
4647,0
4648,0
4649,0
4650,2
4651,0
4652,0
4653,1
4654,7
4655,7
4656,1
4657,4
4658,0
4659,3
4660,0
4661,1
4662,0
4663,3
4664,2
4665,8
4666,0
4667,2
4668,0
4669,0
4670,3
4671,4
4672,5
4673,0
4674,0
4675,0
4676,1
4677,2
4678,0
4679,2
4680,0
4681,8
4682,3
4683,0
4684,1
4685,1
4686,2
4687,1
4688,1
4689,0
4690,1
4691,0
4692,1
4693,1
4694,0
4695,4
4696,1
4697,1
4698,3
4699,3
4700,1
4701,0
4702,0
4703,1
4704,0
4705,0
4706,0
4707,0
4708,0
4709,0
4710,1
4711,3
4712,3
4713,6
4714,0
4715,1
4716,0
4717,0
4718,3
4719,0
4720,5
4721,0
4722,1
4723,2
4724,0
4725,2
4726,1
4727,0
4728,9
4729,1
4730,0
4731,3
4732,0
4733,0
4734,3
4735,1
4736,7
4737,5
4738,0
4739,0
4740,0
4741,0
4742,0
4743,3
4744,0
4745,3
4746,1
4747,1
4748,1
4749,2
4750,0
4751,2
4752,1
4753,0
4754,3
4755,0
4756,1
4757,2
4758,0
4759,3
4760,0
4761,4
4762,2
4763,1
4764,5
4765,2
4766,0
4767,0
4768,2
4769,1
4770,0
4771,1
4772,0
4773,0
4774,0
4775,0
4776,0
4777,3
4778,1
4779,0
4780,0
4781,0
4782,0
4783,0
4784,2
4785,0
4786,0
4787,3
4788,1
4789,1
4790,1
4791,2
4792,0
4793,4
4794,3
4795,0
4796,3
4797,0
4798,1
4799,0
4800,2
4801,0
4802,7
4803,1
4804,4
4805,3
4806,1
4807,0
4808,2
4809,0
4810,2
4811,1
4812,6
4813,2
4814,0
4815,1
4816,4
4817,0
4818,0
4819,0
4820,1
4821,1
4822,2
4823,0
4824,6
4825,3
4826,4
4827,3
4828,0
4829,1
4830,4
4831,0
4832,2
4833,2
4834,0
4835,0
4836,1
4837,0
4838,1
4839,3
4840,0
4841,2
4842,0
4843,0
4844,2
4845,1
4846,0
4847,2
4848,2
4849,0
4850,0
4851,2
4852,1
4853,1
4854,1
4855,0
4856,1
4857,1
4858,0
4859,0
4860,1
4861,0
4862,9
4863,0
4864,3
4865,0
4866,1
4867,0
4868,0
4869,3
4870,1
4871,3
4872,0
4873,0
4874,2
4875,0
4876,1
4877,3
4878,2
4879,5
4880,2
4881,0
4882,0
4883,2
4884,3
4885,4
4886,4
4887,1
4888,3
4889,2
4890,3
4891,1
4892,2
4893,3
4894,1
4895,0
4896,1
4897,0
4898,1
4899,2
4900,0
4901,2
4902,0
4903,0
4904,0
4905,0
4906,1
4907,1
4908,3
4909,4
4910,4
4911,1
4912,2
4913,2
4914,1
4915,0
4916,4
4917,2
4918,0
4919,1
4920,3
4921,4
4922,6
4923,0
4924,0
4925,1
4926,1
4927,1
4928,4
4929,0
4930,3
4931,1
4932,0
4933,0
4934,1
4935,0
4936,0
4937,4
4938,0
4939,0
4940,2
4941,5
4942,4
4943,1
4944,1
4945,5
4946,1
4947,1
4948,2
4949,1
4950,0
4951,2
4952,4
4953,1
4954,0
4955,3
4956,1
4957,0
4958,3
4959,2
4960,0
4961,0
4962,3
4963,0
4964,4
4965,1
4966,1
4967,2
4968,2
4969,0
4970,0
4971,2
4972,0
4973,1
4974,3
4975,1
4976,0
4977,0
4978,3
4979,2
4980,1
4981,0
4982,1
4983,1
4984,1
4985,0
4986,1
4987,2
4988,2
4989,1
4990,0
4991,0
4992,3
4993,3
4994,0
4995,1
4996,3
4997,0
4998,2
4999,2
5000,3
5001,3
5002,3
5003,0
5004,1
5005,0
5006,0
5007,3
5008,1
5009,0
5010,2
5011,3
5012,2
5013,1
5014,0
5015,0
5016,3
5017,0
5018,6
5019,0
5020,1
5021,1
5022,1
5023,1
5024,1
5025,3
5026,0
5027,0
5028,2
5029,1
5030,2
5031,2
5032,5
5033,3
5034,0
5035,1
5036,2
5037,3
5038,2
5039,3
5040,2
5041,0
5042,3
5043,0
5044,2
5045,4
5046,4
5047,4
5048,1
5049,3
5050,2
5051,1
5052,0
5053,1
5054,1
5055,0
5056,2
5057,5
5058,0
5059,0
5060,0
5061,0
5062,1
5063,0
5064,0
5065,4
5066,4
5067,0
5068,2
5069,1
5070,2
5071,2
5072,1
5073,2
5074,1
5075,0
5076,1
5077,0
5078,2
5079,0
5080,0
5081,0
5082,1
5083,0
5084,0
5085,3
5086,0
5087,3
5088,1
5089,3
5090,1
5091,0
5092,0
5093,0
5094,0
5095,1
5096,2
5097,0
5098,0
5099,0
5100,0
5101,2
5102,6
5103,0
5104,2
5105,4
5106,1
5107,0
5108,0
5109,4
5110,5
5111,0
5112,4
5113,0
5114,0
5115,2
5116,1
5117,3
5118,3
5119,5
5120,0
5121,2
5122,3
5123,1
5124,1
5125,1
5126,0
5127,1
5128,3
5129,2
5130,6
5131,3
5132,1
5133,0
5134,1
5135,1
5136,2
5137,2
5138,2
5139,2
5140,3
5141,0
5142,1
5143,0
5144,0
5145,1
5146,0
5147,3
5148,1
5149,1
5150,5
5151,1
5152,4
5153,0
5154,0
5155,1
5156,0
5157,0
5158,1
5159,2
5160,1
5161,3
5162,2
5163,1
5164,2
5165,3
5166,1
5167,5
5168,0
5169,3
5170,0
5171,3
5172,0
5173,2
5174,2
5175,0
5176,2
5177,3
5178,5
5179,0
5180,1
5181,0
5182,1
5183,2
5184,4
5185,1
5186,1
5187,0
5188,1
5189,4
5190,1
5191,2
5192,3
5193,0
5194,0
5195,2
5196,0
5197,1
5198,5
5199,0
5200,1
5201,0
5202,0
5203,0
5204,1
5205,1
5206,1
5207,0
5208,0
5209,2
5210,2
5211,2
5212,6
5213,0
5214,3
5215,1
5216,0
5217,0
5218,0
5219,2
5220,0
5221,1
5222,0
5223,0
5224,0
5225,2
5226,0
5227,0
5228,2
5229,1
5230,0
5231,2
5232,2
5233,2
5234,0
5235,0
5236,2
5237,1
5238,0
5239,3
5240,2
5241,1
5242,1
5243,1
5244,1
5245,0
5246,1
5247,0
5248,3
5249,3
5250,1
5251,3
5252,1
5253,1
5254,0
5255,1
5256,0
5257,0
5258,3
5259,1
5260,0
5261,4
5262,2
5263,0
5264,1
5265,1
5266,1
5267,2
5268,0
5269,1
5270,3
5271,1
5272,1
5273,0
5274,0
5275,0
5276,1
5277,1
5278,1
5279,2
5280,2
5281,0
5282,2
5283,3
5284,2
5285,2
5286,0
5287,2
5288,2
5289,1
5290,2
5291,0
5292,0
5293,2
5294,0
5295,2
5296,1
5297,0
5298,0
5299,1
5300,1
5301,1
5302,5
5303,1
5304,0
5305,0
5306,2
5307,1
5308,4
5309,0
5310,0
5311,1
5312,1
5313,3
5314,0
5315,0
5316,7
5317,1
5318,1
5319,6
5320,2
5321,0
5322,1
5323,0
5324,2
5325,0
5326,2
5327,1
5328,3
5329,4
5330,0
5331,1
5332,2
5333,1
5334,2
5335,2
5336,0
5337,2
5338,0
5339,2
5340,2
5341,1
5342,4
5343,4
5344,0
5345,2
5346,0
5347,0
5348,2
5349,0
5350,0
5351,0
5352,3
5353,2
5354,1
5355,1
5356,1
5357,2
5358,0
5359,0
5360,0
5361,4
5362,0
5363,1
5364,1
5365,0
5366,2
5367,1
5368,0
5369,4
5370,0
5371,0
5372,7
5373,4
5374,6
5375,0
5376,1
5377,0
5378,3
5379,1
5380,3
5381,0
5382,1
5383,2
5384,3
5385,3
5386,0
5387,1
5388,3
5389,1
5390,0
5391,1
5392,3
5393,0
5394,3
5395,1
5396,1
5397,2
5398,2
5399,0
5400,0
5401,0
5402,0
5403,1
5404,1
5405,1
5406,0
5407,0
5408,0
5409,0
5410,0
5411,3
5412,0
5413,0
5414,0
5415,4
5416,3
5417,4
5418,2
5419,2
5420,1
5421,0
5422,0
5423,0
5424,0
5425,6
5426,0
5427,4
5428,0
5429,1
5430,2
5431,2
5432,3
5433,2
5434,0
5435,0
5436,3
5437,0
5438,2
5439,2
5440,0
5441,1
5442,1
5443,2
5444,0
5445,2
5446,1
5447,0
5448,2
5449,4
5450,1
5451,0
5452,0
5453,8
5454,2
5455,3
5456,0
5457,0
5458,3
5459,1
5460,1
5461,0
5462,2
5463,1
5464,4
5465,4
5466,0
5467,3
5468,1
5469,3
5470,2
5471,3
5472,0
5473,1
5474,1
5475,0
5476,1
5477,1
5478,0
5479,1
5480,1
5481,1
5482,5
5483,3
5484,1
5485,2
5486,2
5487,0
5488,1
5489,0
5490,0
5491,0
5492,2
5493,1
5494,1
5495,0
5496,0
5497,1
5498,0
5499,0
5500,0
5501,0
5502,1
5503,2
5504,1
5505,4
5506,2
5507,1
5508,0
5509,2
5510,0
5511,0
5512,0
5513,3
5514,0
5515,4
5516,0
5517,3
5518,0
5519,4
5520,2
5521,1
5522,3
5523,1
5524,2
5525,0
5526,1
5527,0
5528,2
5529,2
5530,1
5531,1
5532,1
5533,0
5534,1
5535,1
5536,0
5537,2
5538,5
5539,0
5540,2
5541,0
5542,1
5543,0
5544,2
5545,3
5546,1
5547,9
5548,2
5549,1
5550,1
5551,4
5552,0
5553,2
5554,0
5555,2
5556,0
5557,4
5558,2
5559,2
5560,2
5561,0
5562,1
5563,0
5564,1
5565,0
5566,0
5567,1
5568,1
5569,1
5570,2
5571,1
5572,0
5573,0
5574,3
5575,1
5576,0
5577,1
5578,1
5579,1
5580,0
5581,4
5582,1
5583,1
5584,1
5585,0
5586,1
5587,2
5588,1
5589,1
5590,0
5591,2
5592,4
5593,0
5594,0
5595,3
5596,2
5597,0
5598,0
5599,0
5600,1
5601,2
5602,1
5603,1
5604,0
5605,1
5606,0
5607,1
5608,2
5609,0
5610,0
5611,1
5612,0
5613,3
5614,1
5615,8
5616,2
5617,1
5618,1
5619,1
5620,0
5621,0
5622,3
5623,1
5624,0
5625,0
5626,0
5627,0
5628,0
5629,0
5630,1
5631,2
5632,3
5633,2
5634,1
5635,2
5636,1
5637,3
5638,0
5639,0
5640,4
5641,2
5642,1
5643,1
5644,1
5645,5
5646,3
5647,0
5648,0
5649,2
5650,0
5651,0
5652,0
5653,3
5654,0
5655,3
5656,0
5657,1
5658,3
5659,2
5660,1
5661,6
5662,0
5663,0
5664,1
5665,2
5666,0
5667,5
5668,1
5669,0
5670,2
5671,0
5672,0
5673,4
5674,4
5675,0
5676,0
5677,0
5678,3
5679,0
5680,1
5681,1
5682,1
5683,5
5684,2
5685,1
5686,1
5687,0
5688,1
5689,0
5690,2
5691,2
5692,0
5693,3
5694,2
5695,3
5696,1
5697,2
5698,4
5699,0
5700,2
5701,0
5702,1
5703,0
5704,1
5705,0
5706,1
5707,4
5708,0
5709,2
5710,0
5711,3
5712,1
5713,2
5714,1
5715,4
5716,3
5717,0
5718,0
5719,0
5720,1
5721,1
5722,1
5723,0
5724,0
5725,1
5726,1
5727,0
5728,0
5729,0
5730,2
5731,1
5732,1
5733,0
5734,2
5735,0
5736,0
5737,1
5738,0
5739,0
5740,0
5741,1
5742,3
5743,2
5744,2
5745,2
5746,1
5747,0
5748,0
5749,0
5750,0
5751,2
5752,0
5753,3
5754,0
5755,0
5756,2
5757,0
5758,6
5759,0
5760,0
5761,2
5762,2
5763,1
5764,1
5765,3
5766,4
5767,2
5768,0
5769,0
5770,1
5771,0
5772,2
5773,1
5774,2
5775,1
5776,1
5777,0
5778,2
5779,0
5780,0
5781,4
5782,0
5783,2
5784,1
5785,1
5786,2
5787,2
5788,2
5789,1
5790,1
5791,0
5792,1
5793,0
5794,0
5795,0
5796,1
5797,2
5798,0
5799,5
5800,1
5801,1
5802,1
5803,0
5804,0
5805,1
5806,2
5807,1
5808,0
5809,1
5810,1
5811,2
5812,2
5813,3
5814,0
5815,1
5816,1
5817,2
5818,1
5819,0
5820,2
5821,0
5822,0
5823,3
5824,0
5825,0
5826,1
5827,1
5828,1
5829,1
5830,0
5831,0
5832,4
5833,1
5834,1
5835,2
5836,0
5837,4
5838,1
5839,2
5840,2
5841,1
5842,2
5843,2
5844,1
5845,1
5846,4
5847,1
5848,6
5849,3
5850,0
5851,5
5852,0
5853,2
5854,0
5855,0
5856,2
5857,0
5858,6
5859,4
5860,1
5861,0
5862,5
5863,0
5864,1
5865,1
5866,0
5867,3
5868,1
5869,1
5870,1
5871,5
5872,0
5873,2
5874,4
5875,0
5876,2
5877,0
5878,3
5879,0
5880,5
5881,0
5882,1
5883,0
5884,2
5885,0
5886,2
5887,3
5888,0
5889,3
5890,2
5891,3
5892,1
5893,7
5894,1
5895,3
5896,3
5897,5
5898,0
5899,3
5900,0
5901,0
5902,1
5903,0
5904,1
5905,2
5906,3
5907,3
5908,0
5909,3
5910,0
5911,3
5912,3
5913,1
5914,0
5915,1
5916,3
5917,0
5918,1
5919,1
5920,0
5921,0
5922,4
5923,1
5924,1
5925,1
5926,0
5927,0
5928,1
5929,2
5930,0
5931,1
5932,1
5933,0
5934,1
5935,0
5936,1
5937,0
5938,0
5939,2
5940,1
5941,1
5942,0
5943,0
5944,1
5945,1
5946,1
5947,0
5948,0
5949,0
5950,0
5951,3
5952,3
5953,0
5954,2
5955,0
5956,2
5957,5
5958,2
5959,0
5960,1
5961,2
5962,5
5963,0
5964,2
5965,0
5966,1
5967,1
5968,0
5969,1
5970,1
5971,0
5972,3
5973,2
5974,4
5975,0
5976,0
5977,1
5978,1
5979,4
5980,1
5981,0
5982,1
5983,3
5984,0
5985,2
5986,2
5987,2
5988,0
5989,2
5990,1
5991,0
5992,1
5993,1
5994,2
5995,3
5996,1
5997,1
5998,4
5999,2
6000,1
6001,1
6002,0
6003,2
6004,1
6005,4
6006,0
6007,2
6008,2
6009,4
6010,1
6011,2
6012,0
6013,5
6014,10
6015,1
6016,1
6017,0
6018,1
6019,1
6020,1
6021,0
6022,1
6023,0
6024,2
6025,1
6026,3
6027,1
6028,2
6029,0
6030,1
6031,4
6032,1
6033,1
6034,0
6035,0
6036,1
6037,2
6038,2
6039,2
6040,0
6041,0
6042,1
6043,3
6044,1
6045,3
6046,2
6047,0
6048,0
6049,0
6050,1
6051,0
6052,3
6053,0
6054,0
6055,4
6056,0
6057,1
6058,0
6059,0
6060,0
6061,4
6062,1
6063,1
6064,0
6065,2
6066,0
6067,1
6068,0
6069,0
6070,0
6071,4
6072,0
6073,0
6074,1
6075,0
6076,1
6077,0
6078,0
6079,0
6080,2
6081,1
6082,0
6083,0
6084,1
6085,0
6086,1
6087,0
6088,2
6089,1
6090,1
6091,0
6092,1
6093,0
6094,1
6095,3
6096,1
6097,0
6098,0
6099,0
6100,1
6101,0
6102,0
6103,1
6104,2
6105,0
6106,0
6107,2
6108,1
6109,1
6110,0
6111,0
6112,2
6113,2
6114,0
6115,2
6116,3
6117,3
6118,0
6119,0
6120,2
6121,0
6122,1
6123,1
6124,2
6125,1
6126,2
6127,1
6128,1
6129,4
6130,0
6131,0
6132,2
6133,1
6134,1
6135,0
6136,0
6137,2
6138,0
6139,1
6140,4
6141,0
6142,1
6143,0
6144,2
6145,1
6146,2
6147,3
6148,0
6149,0
6150,0
6151,0
6152,1
6153,1
6154,0
6155,1
6156,0
6157,3
6158,0
6159,0
6160,4
6161,3
6162,0
6163,3
6164,0
6165,0
6166,2
6167,1
6168,0
6169,2
6170,0
6171,1
6172,1
6173,4
6174,1
6175,4
6176,2
6177,0
6178,3
6179,0
6180,1
6181,0
6182,3
6183,0
6184,5
6185,0
6186,0
6187,0
6188,3
6189,0
6190,2
6191,1
6192,1
6193,1
6194,1
6195,0
6196,0
6197,0
6198,0
6199,1
6200,3
6201,0
6202,3
6203,2
6204,0
6205,0
6206,0
6207,0
6208,2
6209,1
6210,0
6211,3
6212,4
6213,0
6214,2
6215,1
6216,0
6217,0
6218,3
6219,0
6220,2
6221,1
6222,0
6223,4
6224,1
6225,0
6226,2
6227,1
6228,0
6229,1
6230,0
6231,1
6232,1
6233,3
6234,1
6235,1
6236,1
6237,2
6238,2
6239,1
6240,1
6241,0
6242,3
6243,1
6244,1
6245,0
6246,1
6247,1
6248,2
6249,1
6250,2
6251,1
6252,1
6253,0
6254,2
6255,1
6256,0
6257,0
6258,2
6259,3
6260,2
6261,0
6262,3
6263,2
6264,0
6265,0
6266,1
6267,1
6268,0
6269,2
6270,2
6271,2
6272,2
6273,5
6274,3
6275,2
6276,0
6277,0
6278,0
6279,0
6280,4
6281,1
6282,6
6283,2
6284,1
6285,4
6286,0
6287,0
6288,2
6289,1
6290,1
6291,2
6292,1
6293,0
6294,0
6295,1
6296,0
6297,1
6298,2
6299,0
6300,1
6301,0
6302,0
6303,2
6304,1
6305,0
6306,0
6307,0
6308,2
6309,0
6310,0
6311,0
6312,1
6313,2
6314,2
6315,1
6316,0
6317,1
6318,1
6319,3
6320,1
6321,1
6322,0
6323,2
6324,2
6325,1
6326,1
6327,0
6328,2
6329,2
6330,5
6331,2
6332,0
6333,1
6334,0
6335,2
6336,2
6337,0
6338,1
6339,3
6340,1
6341,1
6342,2
6343,1
6344,1
6345,4
6346,3
6347,0
6348,1
6349,2
6350,0
6351,1
6352,2
6353,1
6354,1
6355,1
6356,2
6357,0
6358,2
6359,0
6360,2
6361,0
6362,1
6363,2
6364,1
6365,2
6366,2
6367,0
6368,0
6369,1
6370,1
6371,1
6372,1
6373,5
6374,2
6375,0
6376,3
6377,5
6378,0
6379,2
6380,2
6381,0
6382,3
6383,1
6384,2
6385,2
6386,1
6387,0
6388,3
6389,0
6390,0
6391,2
6392,1
6393,0
6394,0
6395,0
6396,1
6397,3
6398,2
6399,1
6400,0
6401,0
6402,2
6403,4
6404,1
6405,1
6406,0
6407,1
6408,1
6409,0
6410,1
6411,4
6412,0
6413,1
6414,0
6415,2
6416,1
6417,2
6418,3
6419,3
6420,0
6421,1
6422,0
6423,3
6424,3
6425,1
6426,0
6427,2
6428,1
6429,2
6430,1
6431,0
6432,1
6433,1
6434,2
6435,1
6436,2
6437,2
6438,2
6439,0
6440,2
6441,2
6442,2
6443,3
6444,0
6445,2
6446,0
6447,0
6448,0
6449,2
6450,3
6451,2
6452,3
6453,2
6454,1
6455,3
6456,1
6457,2
6458,2
6459,0
6460,0
6461,2
6462,0
6463,1
6464,1
6465,0
6466,3
6467,1
6468,1
6469,1
6470,5
6471,0
6472,0
6473,0
6474,2
6475,5
6476,1
6477,5
6478,2
6479,2
6480,0
6481,1
6482,1
6483,0
6484,1
6485,0
6486,0
6487,1
6488,1
6489,1
6490,0
6491,0
6492,0
6493,0
6494,3
6495,1
6496,0
6497,1
6498,0
6499,0
6500,0
6501,0
6502,1
6503,1
6504,0
6505,1
6506,0
6507,1
6508,0
6509,2
6510,1
6511,4
6512,1
6513,0
6514,0
6515,1
6516,3
6517,0
6518,1
6519,3
6520,0
6521,3
6522,3
6523,0
6524,0
6525,0
6526,1
6527,2
6528,1
6529,1
6530,2
6531,2
6532,3
6533,2
6534,2
6535,4
6536,3
6537,0
6538,1
6539,2
6540,5
6541,2
6542,1
6543,3
6544,4
6545,2
6546,6
6547,3
6548,4
6549,1
6550,0
6551,2
6552,0
6553,0
6554,0
6555,0
6556,2
6557,2
6558,2
6559,0
6560,0
6561,5
6562,1
6563,1
6564,3
6565,0
6566,3
6567,3
6568,1
6569,3
6570,0
6571,1
6572,2
6573,2
6574,2
6575,4
6576,3
6577,0
6578,1
6579,5
6580,0
6581,1
6582,2
6583,2
6584,1
6585,3
6586,0
6587,1
6588,2
6589,1
6590,0
6591,0
6592,0
6593,0
6594,2
6595,1
6596,2
6597,2
6598,1
6599,0
6600,1
6601,0
6602,1
6603,1
6604,0
6605,0
6606,4
6607,1
6608,2
6609,2
6610,0
6611,0
6612,0
6613,4
6614,1
6615,2
6616,5
6617,2
6618,0
6619,1
6620,1
6621,2
6622,4
6623,1
6624,2
6625,0
6626,1
6627,1
6628,4
6629,1
6630,0
6631,0
6632,0
6633,0
6634,3
6635,1
6636,2
6637,0
6638,1
6639,3
6640,3
6641,0
6642,1
6643,3
6644,0
6645,1
6646,0
6647,0
6648,1
6649,0
6650,0
6651,1
6652,1
6653,3
6654,0
6655,1
6656,3
6657,1
6658,0
6659,0
6660,1
6661,1
6662,0
6663,1
6664,2
6665,3
6666,4
6667,6
6668,0
6669,0
6670,1
6671,0
6672,0
6673,3
6674,1
6675,4
6676,0
6677,2
6678,4
6679,1
6680,1
6681,0
6682,3
6683,0
6684,0
6685,1
6686,1
6687,2
6688,1
6689,1
6690,1
6691,0
6692,0
6693,0
6694,0
6695,1
6696,0
6697,1
6698,2
6699,2
6700,1
6701,0
6702,4
6703,0
6704,0
6705,0
6706,1
6707,1
6708,9
6709,1
6710,3
6711,4
6712,3
6713,1
6714,1
6715,2
6716,0
6717,2
6718,1
6719,1
6720,2
6721,2
6722,0
6723,1
6724,0
6725,3
6726,3
6727,2
6728,3
6729,2
6730,0
6731,0
6732,1
6733,0
6734,2
6735,2
6736,1
6737,0
6738,0
6739,0
6740,3
6741,0
6742,2
6743,1
6744,2
6745,1
6746,4
6747,0
6748,3
6749,1
6750,1
6751,2
6752,1
6753,0
6754,0
6755,3
6756,0
6757,2
6758,1
6759,0
6760,3
6761,2
6762,1
6763,0
6764,2
6765,1
6766,2
6767,1
6768,0
6769,1
6770,1
6771,2
6772,3
6773,0
6774,0
6775,4
6776,2
6777,0
6778,1
6779,1
6780,0
6781,1
6782,0
6783,3
6784,1
6785,2
6786,1
6787,1
6788,0
6789,2
6790,0
6791,2
6792,1
6793,0
6794,1
6795,1
6796,2
6797,0
6798,0
6799,0
6800,0
6801,1
6802,3
6803,3
6804,0
6805,1
6806,1
6807,1
6808,0
6809,1
6810,1
6811,0
6812,1
6813,1
6814,0
6815,3
6816,5
6817,0
6818,1
6819,1
6820,7
6821,2
6822,3
6823,0
6824,3
6825,1
6826,0
6827,0
6828,1
6829,1
6830,0
6831,0
6832,3
6833,1
6834,1
6835,1
6836,0
6837,0
6838,2
6839,3
6840,5
6841,0
6842,0
6843,0
6844,1
6845,1
6846,0
6847,1
6848,1
6849,1
6850,0
6851,0
6852,3
6853,1
6854,0
6855,0
6856,0
6857,2
6858,1
6859,0
6860,2
6861,0
6862,3
6863,1
6864,0
6865,0
6866,0
6867,1
6868,0
6869,0
6870,1
6871,2
6872,4
6873,0
6874,3
6875,0
6876,0
6877,4
6878,2
6879,1
6880,1
6881,0
6882,1
6883,3
6884,1
6885,1
6886,0
6887,1
6888,2
6889,2
6890,4
6891,0
6892,0
6893,1
6894,0
6895,0
6896,0
6897,0
6898,0
6899,2
6900,0
6901,5
6902,0
6903,1
6904,0
6905,1
6906,1
6907,0
6908,1
6909,1
6910,3
6911,1
6912,0
6913,2
6914,0
6915,2
6916,1
6917,1
6918,0
6919,1
6920,1
6921,1
6922,1
6923,0
6924,1
6925,2
6926,0
6927,3
6928,6
6929,5
6930,1
6931,1
6932,0
6933,0
6934,1
6935,7
6936,2
6937,0
6938,1
6939,0
6940,1
6941,3
6942,0
6943,2
6944,1
6945,1
6946,1
6947,0
6948,2
6949,0
6950,0
6951,4
6952,2
6953,3
6954,0
6955,3
6956,1
6957,0
6958,4
6959,0
6960,2
6961,1
6962,1
6963,2
6964,1
6965,0
6966,0
6967,0
6968,0
6969,2
6970,3
6971,1
6972,1
6973,0
6974,1
6975,2
6976,0
6977,2
6978,0
6979,1
6980,0
6981,0
6982,0
6983,0
6984,0
6985,0
6986,1
6987,1
6988,2
6989,1
6990,1
6991,0
6992,0
6993,4
6994,0
6995,0
6996,2
6997,0
6998,0
6999,0
7000,2
7001,0
7002,0
7003,3
7004,1
7005,0
7006,1
7007,2
7008,2
7009,1
7010,0
7011,1
7012,2
7013,0
7014,1
7015,2
7016,5
7017,1
7018,0
7019,1
7020,1
7021,1
7022,2
7023,0
7024,2
7025,3
7026,0
7027,0
7028,3
7029,2
7030,3
7031,3
7032,1
7033,4
7034,2
7035,4
7036,2
7037,4
7038,0
7039,1
7040,5
7041,2
7042,5
7043,0
7044,0
7045,2
7046,0
7047,2
7048,0
7049,0
7050,2
7051,1
7052,3
7053,2
7054,0
7055,0
7056,0
7057,2
7058,2
7059,0
7060,0
7061,4
7062,0
7063,1
7064,0
7065,2
7066,1
7067,1
7068,1
7069,1
7070,0
7071,1
7072,0
7073,0
7074,0
7075,0
7076,0
7077,0
7078,1
7079,2
7080,2
7081,0
7082,0
7083,5
7084,0
7085,0
7086,0
7087,0
7088,1
7089,1
7090,1
7091,1
7092,2
7093,0
7094,1
7095,1
7096,2
7097,1
7098,0
7099,4
7100,4
7101,3
7102,1
7103,0
7104,4
7105,0
7106,0
7107,1
7108,1
7109,0
7110,3
7111,1
7112,7
7113,1
7114,1
7115,1
7116,5
7117,0
7118,0
7119,0
7120,0
7121,3
7122,2
7123,0
7124,1
7125,2
7126,0
7127,1
7128,1
7129,1
7130,1
7131,0
7132,1
7133,1
7134,1
7135,0
7136,1
7137,2
7138,1
7139,1
7140,1
7141,0
7142,0
7143,2
7144,0
7145,1
7146,1
7147,1
7148,0
7149,2
7150,2
7151,1
7152,0
7153,2
7154,1
7155,6
7156,2
7157,0
7158,2
7159,2
7160,1
7161,0
7162,0
7163,1
7164,1
7165,3
7166,1
7167,2
7168,0
7169,0
7170,1
7171,0
7172,0
7173,1
7174,2
7175,5
7176,0
7177,3
7178,1
7179,0
7180,2
7181,2
7182,1
7183,0
7184,3
7185,1
7186,1
7187,1
7188,0
7189,1
7190,1
7191,2
7192,3
7193,1
7194,0
7195,1
7196,2
7197,2
7198,0
7199,2
7200,1
7201,0
7202,2
7203,2
7204,0
7205,2
7206,0
7207,1
7208,0
7209,0
7210,0
7211,0
7212,1
7213,1
7214,3
7215,0
7216,0
7217,2
7218,1
7219,0
7220,1
7221,0
7222,2
7223,4
7224,2
7225,2
7226,0
7227,1
7228,2
7229,0
7230,4
7231,1
7232,0
7233,1
7234,0
7235,1
7236,0
7237,0
7238,1
7239,0
7240,4
7241,0
7242,0
7243,0
7244,0
7245,2
7246,0
7247,1
7248,3
7249,0
7250,2
7251,2
7252,0
7253,0
7254,1
7255,0
7256,1
7257,1
7258,2
7259,2
7260,2
7261,0
7262,0
7263,1
7264,1
7265,0
7266,3
7267,0
7268,0
7269,2
7270,6
7271,0
7272,1
7273,3
7274,0
7275,0
7276,0
7277,2
7278,0
7279,1
7280,2
7281,1
7282,0
7283,0
7284,0
7285,0
7286,1
7287,2
7288,1
7289,0
7290,1
7291,0
7292,0
7293,1
7294,0
7295,0
7296,1
7297,3
7298,1
7299,5
7300,3
7301,1
7302,3
7303,3
7304,1
7305,0
7306,1
7307,3
7308,4
7309,1
7310,0
7311,0
7312,1
7313,2
7314,2
7315,1
7316,0
7317,2
7318,0
7319,0
7320,3
7321,0
7322,0
7323,2
7324,4
7325,0
7326,1
7327,1
7328,1
7329,0
7330,0
7331,0
7332,2
7333,0
7334,2
7335,2
7336,0
7337,2
7338,3
7339,3
7340,1
7341,0
7342,1
7343,0
7344,0
7345,0
7346,0
7347,0
7348,0
7349,2
7350,2
7351,0
7352,0
7353,2
7354,2
7355,0
7356,1
7357,0
7358,1
7359,0
7360,0
7361,2
7362,2
7363,2
7364,0
7365,0
7366,0
7367,1
7368,2
7369,1
7370,0
7371,1
7372,0
7373,0
7374,0
7375,0
7376,0
7377,1
7378,1
7379,2
7380,0
7381,1
7382,0
7383,2
7384,0
7385,4
7386,2
7387,1
7388,1
7389,3
7390,0
7391,1
7392,1
7393,0
7394,1
7395,1
7396,1
7397,0
7398,2
7399,3
7400,1
7401,2
7402,1
7403,1
7404,3
7405,1
7406,1
7407,3
7408,1
7409,0
7410,0
7411,0
7412,3
7413,0
7414,1
7415,0
7416,0
7417,0
7418,0
7419,1
7420,1
7421,0
7422,0
7423,2
7424,2
7425,3
7426,1
7427,3
7428,5
7429,3
7430,1
7431,2
7432,0
7433,0
7434,1
7435,1
7436,3
7437,0
7438,4
7439,1
7440,1
7441,2
7442,0
7443,3
7444,3
7445,2
7446,2
7447,1
7448,0
7449,1
7450,3
7451,1
7452,0
7453,1
7454,1
7455,0
7456,0
7457,3
7458,3
7459,0
7460,1
7461,0
7462,5
7463,0
7464,0
7465,2
7466,0
7467,1
7468,0
7469,0
7470,4
7471,1
7472,0
7473,1
7474,2
7475,1
7476,2
7477,0
7478,0
7479,3
7480,0
7481,1
7482,0
7483,0
7484,2
7485,3
7486,1
7487,0
7488,2
7489,0
7490,1
7491,2
7492,3
7493,0
7494,0
7495,1
7496,0
7497,0
7498,0
7499,2
7500,0
7501,1
7502,4
7503,1
7504,1
7505,1
7506,0
7507,0
7508,2
7509,1
7510,4
7511,1
7512,1
7513,2
7514,3
7515,0
7516,1
7517,0
7518,0
7519,1
7520,1
7521,1
7522,1
7523,1
7524,1
7525,0
7526,1
7527,0
7528,0
7529,2
7530,2
7531,0
7532,0
7533,4
7534,2
7535,3
7536,0
7537,0
7538,1
7539,2
7540,2
7541,0
7542,0
7543,1
7544,1
7545,0
7546,1
7547,2
7548,0
7549,1
7550,0
7551,2
7552,1
7553,0
7554,0
7555,1
7556,0
7557,1
7558,0
7559,0
7560,0
7561,0
7562,3
7563,3
7564,2
7565,1
7566,1
7567,4
7568,2
7569,0
7570,0
7571,0
7572,0
7573,0
7574,0
7575,0
7576,2
7577,2
7578,5
7579,0
7580,2
7581,0
7582,1
7583,0
7584,1
7585,1
7586,3
7587,0
7588,1
7589,1
7590,0
7591,0
7592,0
7593,0
7594,0
7595,2
7596,0
7597,1
7598,3
7599,0
7600,4
7601,2
7602,1
7603,1
7604,1
7605,3
7606,0
7607,3
7608,2
7609,2
7610,1
7611,1
7612,0
7613,0
7614,2
7615,0
7616,2
7617,1
7618,2
7619,3
7620,2
7621,0
7622,0
7623,0
7624,3
7625,1
7626,1
7627,4
7628,1
7629,0
7630,1
7631,0
7632,1
7633,0
7634,0
7635,0
7636,0
7637,1
7638,1
7639,1
7640,1
7641,2
7642,0
7643,1
7644,0
7645,0
7646,3
7647,3
7648,1
7649,0
7650,1
7651,1
7652,3
7653,2
7654,1
7655,0
7656,4
7657,0
7658,4
7659,0
7660,1
7661,0
7662,1
7663,1
7664,0
7665,0
7666,1
7667,1
7668,1
7669,1
7670,0
7671,0
7672,0
7673,1
7674,1
7675,4
7676,1
7677,0
7678,0
7679,1
7680,0
7681,0
7682,2
7683,1
7684,0
7685,0
7686,1
7687,1
7688,1
7689,1
7690,0
7691,1
7692,1
7693,1
7694,8
7695,0
7696,1
7697,0
7698,0
7699,3
7700,0
7701,1
7702,0
7703,2
7704,2
7705,2
7706,1
7707,0
7708,2
7709,3
7710,2
7711,0
7712,1
7713,1
7714,0
7715,1
7716,1
7717,3
7718,3
7719,1
7720,3
7721,0
7722,2
7723,0
7724,0
7725,1
7726,1
7727,0
7728,0
7729,1
7730,1
7731,2
7732,1
7733,2
7734,1
7735,4
7736,3
7737,2
7738,2
7739,1
7740,0
7741,1
7742,1
7743,0
7744,0
7745,5
7746,0
7747,1
7748,0
7749,0
7750,1
7751,1
7752,3
7753,4
7754,1
7755,0
7756,1
7757,1
7758,1
7759,6
7760,0
7761,3
7762,1
7763,0
7764,0
7765,2
7766,1
7767,1
7768,2
7769,2
7770,1
7771,1
7772,1
7773,0
7774,0
7775,0
7776,0
7777,1
7778,0
7779,0
7780,1
7781,2
7782,0
7783,0
7784,0
7785,2
7786,0
7787,0
7788,0
7789,0
7790,0
7791,5
7792,1
7793,2
7794,0
7795,1
7796,0
7797,0
7798,2
7799,1
7800,0
7801,0
7802,0
7803,3
7804,0
7805,0
7806,0
7807,1
7808,1
7809,0
7810,0
7811,1
7812,1
7813,2
7814,2
7815,1
7816,0
7817,1
7818,1
7819,0
7820,3
7821,2
7822,0
7823,1
7824,1
7825,1
7826,0
7827,6
7828,1
7829,1
7830,1
7831,1
7832,1
7833,4
7834,0
7835,3
7836,0
7837,1
7838,0
7839,2
7840,1
7841,1
7842,1
7843,1
7844,1
7845,0
7846,2
7847,3
7848,0
7849,1
7850,2
7851,3
7852,0
7853,2
7854,0
7855,0
7856,0
7857,0
7858,0
7859,0
7860,2
7861,1
7862,1
7863,3
7864,1
7865,2
7866,1
7867,0
7868,2
7869,2
7870,1
7871,2
7872,0
7873,1
7874,0
7875,0
7876,3
7877,1
7878,3
7879,1
7880,0
7881,0
7882,1
7883,3
7884,1
7885,0
7886,0
7887,0
7888,0
7889,0
7890,3
7891,1
7892,1
7893,2
7894,0
7895,2
7896,2
7897,1
7898,1
7899,3
7900,2
7901,1
7902,0
7903,1
7904,1
7905,0
7906,1
7907,0
7908,0
7909,0
7910,0
7911,1
7912,1
7913,2
7914,4
7915,0
7916,3
7917,0
7918,2
7919,2
7920,0
7921,1
7922,4
7923,2
7924,0
7925,0
7926,0
7927,1
7928,3
7929,0
7930,1
7931,1
7932,1
7933,1
7934,2
7935,0
7936,4
7937,1
7938,0
7939,1
7940,1
7941,2
7942,0
7943,1
7944,1
7945,0
7946,0
7947,0
7948,0
7949,0
7950,1
7951,0
7952,1
7953,0
7954,1
7955,1
7956,0
7957,1
7958,1
7959,2
7960,0
7961,0
7962,0
7963,2
7964,0
7965,0
7966,0
7967,3
7968,2
7969,0
7970,1
7971,0
7972,0
7973,2
7974,0
7975,2
7976,2
7977,3
7978,0
7979,2
7980,0
7981,0
7982,0
7983,0
7984,1
7985,1
7986,2
7987,1
7988,2
7989,1
7990,0
7991,0
7992,1
7993,0
7994,4
7995,0
7996,0
7997,0
7998,1
7999,3
8000,2
8001,0
8002,0
8003,1
8004,1
8005,0
8006,1
8007,0
8008,3
8009,0
8010,2
8011,2
8012,3
8013,1
8014,0
8015,1
8016,1
8017,0
8018,1
8019,2
8020,1
8021,1
8022,1
8023,2
8024,1
8025,2
8026,1
8027,2
8028,1
8029,2
8030,0
8031,0
8032,0
8033,1
8034,1
8035,1
8036,0
8037,1
8038,0
8039,0
8040,1
8041,1
8042,1
8043,0
8044,0
8045,0
8046,0
8047,3
8048,2
8049,0
8050,0
8051,2
8052,1
8053,1
8054,1
8055,0
8056,2
8057,2
8058,1
8059,0
8060,3
8061,0
8062,1
8063,0
8064,1
8065,3
8066,0
8067,1
8068,0
8069,2
8070,0
8071,2
8072,0
8073,2
8074,3
8075,0
8076,1
8077,2
8078,0
8079,0
8080,0
8081,0
8082,1
8083,2
8084,0
8085,2
8086,1
8087,1
8088,1
8089,3
8090,1
8091,0
8092,2
8093,2
8094,1
8095,2
8096,0
8097,3
8098,0
8099,0
8100,0
8101,1
8102,3
8103,1
8104,0
8105,0
8106,3
8107,0
8108,0
8109,2
8110,2
8111,2
8112,3
8113,0
8114,3
8115,1
8116,2
8117,1
8118,1
8119,3
8120,5
8121,1
8122,0
8123,0
8124,0
8125,1
8126,1
8127,3
8128,3
8129,4
8130,2
8131,1
8132,1
8133,1
8134,0
8135,1
8136,0
8137,0
8138,0
8139,0
8140,0
8141,0
8142,0
8143,1
8144,1
8145,1
8146,0
8147,0
8148,0
8149,0
8150,1
8151,1
8152,0
8153,1
8154,1
8155,1
8156,4
8157,0
8158,1
8159,2
8160,0
8161,1
8162,1
8163,0
8164,1
8165,1
8166,1
8167,0
8168,0
8169,1
8170,0
8171,2
8172,0
8173,0
8174,3
8175,1
8176,2
8177,0
8178,0
8179,1
8180,0
8181,2
8182,0
8183,1
8184,1
8185,1
8186,0
8187,1
8188,3
8189,1
8190,1
8191,0
8192,1
8193,0
8194,4
8195,3
8196,4
8197,0
8198,2
8199,2
8200,2
8201,0
8202,1
8203,1
8204,5
8205,2
8206,1
8207,1
8208,1
8209,1
8210,2
8211,1
8212,3
8213,1
8214,4
8215,2
8216,2
8217,1
8218,2
8219,0
8220,0
8221,2
8222,1
8223,1
8224,1
8225,3
8226,0
8227,1
8228,0
8229,1
8230,0
8231,0
8232,0
8233,0
8234,2
8235,0
8236,2
8237,1
8238,1
8239,1
8240,0
8241,0
8242,0
8243,2
8244,1
8245,0
8246,0
8247,1
8248,1
8249,0
8250,0
8251,1
8252,0
8253,0
8254,2
8255,3
8256,2
8257,0
8258,0
8259,0
8260,0
8261,0
8262,1
8263,3
8264,3
8265,2
8266,2
8267,2
8268,0
8269,0
8270,0
8271,1
8272,2
8273,0
8274,3
8275,3
8276,2
8277,3
8278,0
8279,2
8280,1
8281,0
8282,2
8283,0
8284,3
8285,1
8286,1
8287,1
8288,0
8289,2
8290,4
8291,1
8292,0
8293,1
8294,0
8295,0
8296,1
8297,1
8298,1
8299,0
8300,0
8301,0
8302,0
8303,2
8304,1
8305,1
8306,0
8307,0
8308,3
8309,1
8310,2
8311,1
8312,0
8313,1
8314,1
8315,0
8316,0
8317,0
8318,3
8319,2
8320,0
8321,0
8322,2
8323,0
8324,2
8325,0
8326,2
8327,1
8328,3
8329,2
8330,0
8331,0
8332,1
8333,0
8334,4
8335,0
8336,1
8337,0
8338,1
8339,0
8340,0
8341,3
8342,3
8343,0
8344,2
8345,0
8346,2
8347,0
8348,1
8349,1
8350,1
8351,0
8352,2
8353,0
8354,0
8355,0
8356,0
8357,0
8358,5
8359,0
8360,1
8361,1
8362,0
8363,2
8364,1
8365,2
8366,1
8367,2
8368,2
8369,1
8370,0
8371,2
8372,0
8373,3
8374,0
8375,4
8376,2
8377,1
8378,1
8379,0
8380,1
8381,1
8382,1
8383,0
8384,2
8385,1
8386,0
8387,0
8388,0
8389,1
8390,2
8391,1
8392,1
8393,1
8394,1
8395,1
8396,1
8397,0
8398,2
8399,3
8400,2
8401,1
8402,0
8403,1
8404,0
8405,0
8406,0
8407,1
8408,1
8409,1
8410,0
8411,3
8412,3
8413,2
8414,0
8415,3
8416,1
8417,2
8418,0
8419,0
8420,0
8421,1
8422,0
8423,1
8424,2
8425,1
8426,0
8427,2
8428,1
8429,0
8430,1
8431,0
8432,0
8433,0
8434,2
8435,2
8436,4
8437,2
8438,1
8439,0
8440,2
8441,1
8442,1
8443,1
8444,2
8445,3
8446,1
8447,1
8448,0
8449,4
8450,2
8451,0
8452,0
8453,0
8454,0
8455,1
8456,1
8457,1
8458,0
8459,1
8460,0
8461,0
8462,0
8463,0
8464,3
8465,0
8466,3
8467,0
8468,4
8469,2
8470,0
8471,2
8472,4
8473,0
8474,1
8475,0
8476,0
8477,0
8478,1
8479,1
8480,2
8481,1
8482,4
8483,2
8484,1
8485,2
8486,3
8487,1
8488,3
8489,1
8490,0
8491,1
8492,3
8493,0
8494,2
8495,0
8496,2
8497,2
8498,1
8499,0
8500,0
8501,0
8502,0
8503,1
8504,2
8505,1
8506,0
8507,1
8508,1
8509,3
8510,1
8511,1
8512,1
8513,1
8514,0
8515,1
8516,1
8517,0
8518,1
8519,2
8520,1
8521,2
8522,1
8523,0
8524,1
8525,1
8526,1
8527,0
8528,0
8529,0
8530,0
8531,1
8532,2
8533,1
8534,2
8535,0
8536,3
8537,3
8538,0
8539,2
8540,0
8541,2
8542,0
8543,0
8544,0
8545,2
8546,0
8547,0
8548,1
8549,0
8550,1
8551,0
8552,0
8553,1
8554,2
8555,3
8556,0
8557,2
8558,0
8559,0
8560,3
8561,0
8562,1
8563,0
8564,2
8565,2
8566,1
8567,2
8568,3
8569,2
8570,2
8571,1
8572,1
8573,0
8574,1
8575,0
8576,0
8577,0
8578,2
8579,1
8580,0
8581,1
8582,0
8583,4
8584,0
8585,2
8586,3
8587,1
8588,0
8589,0
8590,0
8591,0
8592,0
8593,1
8594,2
8595,0
8596,0
8597,0
8598,1
8599,2
8600,6
8601,2
8602,2
8603,0
8604,1
8605,0
8606,4
8607,0
8608,1
8609,1
8610,1
8611,2
8612,0
8613,1
8614,0
8615,2
8616,2
8617,0
8618,3
8619,1
8620,1
8621,3
8622,2
8623,1
8624,0
8625,0
8626,0
8627,0
8628,1
8629,0
8630,2
8631,4
8632,0
8633,1
8634,0
8635,2
8636,2
8637,0
8638,1
8639,2
8640,0
8641,1
8642,3
8643,1
8644,2
8645,2
8646,0
8647,0
8648,0
8649,1
8650,2
8651,0
8652,0
8653,0
8654,1
8655,1
8656,0
8657,0
8658,0
8659,0
8660,4
8661,0
8662,0
8663,4
8664,2
8665,0
8666,0
8667,0
8668,0
8669,0
8670,1
8671,1
8672,2
8673,0
8674,1
8675,0
8676,1
8677,1
8678,0
8679,1
8680,3
8681,2
8682,2
8683,0
8684,0
8685,1
8686,1
8687,0
8688,0
8689,0
8690,1
8691,2
8692,0
8693,1
8694,3
8695,0
8696,0
8697,1
8698,0
8699,2
8700,0
8701,0
8702,0
8703,2
8704,0
8705,0
8706,1
8707,1
8708,1
8709,1
8710,2
8711,1
8712,0
8713,1
8714,2
8715,0
8716,0
8717,1
8718,2
8719,0
8720,1
8721,0
8722,1
8723,1
8724,1
8725,0
8726,3
8727,4
8728,1
8729,1
8730,0
8731,0
8732,0
8733,1
8734,0
8735,0
8736,1
8737,0
8738,1
8739,1
8740,1
8741,2
8742,0
8743,0
8744,1
8745,0
8746,2
8747,1
8748,1
8749,0
8750,0
8751,1
8752,2
8753,0
8754,1
8755,0
8756,2
8757,1
8758,0
8759,0
8760,1
8761,0
8762,1
8763,0
8764,0
8765,0
8766,2
8767,0
8768,0
8769,1
8770,1
8771,0
8772,1
8773,1
8774,0
8775,0
8776,2
8777,1
8778,1
8779,1
8780,1
8781,0
8782,1
8783,1
8784,1
8785,0
8786,0
8787,2
8788,3
8789,0
8790,1
8791,0
8792,0
8793,0
8794,0
8795,1
8796,0
8797,1
8798,1
8799,1
8800,0
8801,2
8802,1
8803,0
8804,0
8805,2
8806,0
8807,0
8808,1
8809,1
8810,1
8811,0
8812,0
8813,1
8814,1
8815,1
8816,4
8817,1
8818,1
8819,0
8820,0
8821,0
8822,0
8823,1
8824,3
8825,0
8826,0
8827,1
8828,4
8829,1
8830,2
8831,0
8832,0
8833,0
8834,1
8835,1
8836,4
8837,1
8838,0
8839,5
8840,1
8841,2
8842,0
8843,1
8844,1
8845,2
8846,0
8847,1
8848,5
8849,2
8850,1
8851,3
8852,0
8853,4
8854,1
8855,2
8856,0
8857,0
8858,1
8859,1
8860,1
8861,0
8862,4
8863,1
8864,1
8865,0
8866,3
8867,0
8868,2
8869,1
8870,0
8871,3
8872,3
8873,1
8874,0
8875,1
8876,3
8877,0
8878,1
8879,1
8880,0
8881,1
8882,0
8883,0
8884,0
8885,2
8886,1
8887,0
8888,1
8889,1
8890,0
8891,1
8892,0
8893,5
8894,2
8895,0
8896,0
8897,1
8898,0
8899,2
8900,2
8901,4
8902,1
8903,1
8904,0
8905,1
8906,0
8907,1
8908,2
8909,1
8910,3
8911,0
8912,1
8913,0
8914,1
8915,2
8916,1
8917,1
8918,1
8919,0
8920,1
8921,0
8922,0
8923,1
8924,0
8925,0
8926,0
8927,1
8928,1
8929,0
8930,2
8931,1
8932,0
8933,0
8934,1
8935,0
8936,0
8937,1
8938,4
8939,0
8940,2
8941,1
8942,0
8943,3
8944,0
8945,0
8946,1
8947,1
8948,2
8949,0
8950,0
8951,3
8952,0
8953,2
8954,1
8955,0
8956,0
8957,1
8958,1
8959,2
8960,1
8961,1
8962,4
8963,0
8964,1
8965,1
8966,0
8967,0
8968,0
8969,2
8970,0
8971,0
8972,1
8973,0
8974,1
8975,1
8976,3
8977,3
8978,0
8979,0
8980,1
8981,0
8982,0
8983,0
8984,1
8985,1
8986,1
8987,1
8988,1
8989,1
8990,0
8991,0
8992,1
8993,2
8994,1
8995,0
8996,2
8997,1
8998,0
8999,3
9000,1
9001,1
9002,0
9003,2
9004,2
9005,0
9006,1
9007,0
9008,0
9009,1
9010,1
9011,1
9012,0
9013,0
9014,1
9015,0
9016,0
9017,0
9018,0
9019,0
9020,1
9021,1
9022,0
9023,0
9024,0
9025,2
9026,1
9027,3
9028,1
9029,2
9030,0
9031,1
9032,2
9033,1
9034,1
9035,0
9036,2
9037,0
9038,0
9039,0
9040,1
9041,2
9042,2
9043,0
9044,1
9045,0
9046,0
9047,0
9048,2
9049,1
9050,1
9051,0
9052,2
9053,1
9054,0
9055,0
9056,0
9057,3
9058,0
9059,2
9060,2
9061,0
9062,0
9063,3
9064,1
9065,0
9066,1
9067,0
9068,0
9069,2
9070,2
9071,2
9072,0
9073,2
9074,1
9075,0
9076,0
9077,1
9078,1
9079,1
9080,1
9081,2
9082,2
9083,0
9084,1
9085,4
9086,3
9087,1
9088,1
9089,1
9090,1
9091,1
9092,0
9093,3
9094,0
9095,2
9096,1
9097,2
9098,0
9099,0
9100,3
9101,2
9102,1
9103,0
9104,0
9105,1
9106,0
9107,0
9108,2
9109,5
9110,0
9111,0
9112,0
9113,0
9114,2
9115,1
9116,0
9117,2
9118,1
9119,2
9120,1
9121,2
9122,0
9123,3
9124,2
9125,0
9126,3
9127,3
9128,0
9129,1
9130,1
9131,1
9132,0
9133,0
9134,1
9135,3
9136,3
9137,0
9138,2
9139,2
9140,0
9141,1
9142,1
9143,0
9144,0
9145,2
9146,0
9147,0
9148,1
9149,2
9150,0
9151,0
9152,1
9153,1
9154,1
9155,0
9156,1
9157,4
9158,0
9159,1
9160,2
9161,2
9162,1
9163,1
9164,2
9165,0
9166,0
9167,2
9168,2
9169,0
9170,4
9171,3
9172,2
9173,0
9174,1
9175,0
9176,0
9177,1
9178,2
9179,2
9180,0
9181,1
9182,1
9183,1
9184,1
9185,5
9186,3
9187,1
9188,0
9189,0
9190,3
9191,2
9192,1
9193,0
9194,1
9195,3
9196,0
9197,2
9198,1
9199,2
9200,0
9201,2
9202,2
9203,1
9204,2
9205,2
9206,1
9207,0
9208,3
9209,1
9210,1
9211,2
9212,1
9213,0
9214,2
9215,1
9216,0
9217,1
9218,0
9219,1
9220,0
9221,1
9222,0
9223,0
9224,0
9225,2
9226,1
9227,1
9228,2
9229,2
9230,0
9231,1
9232,0
9233,1
9234,1
9235,0
9236,0
9237,1
9238,4
9239,3
9240,3
9241,1
9242,2
9243,1
9244,0
9245,1
9246,1
9247,2
9248,1
9249,0
9250,3
9251,4
9252,1
9253,2
9254,4
9255,1
9256,0
9257,0
9258,1
9259,2
9260,1
9261,1
9262,0
9263,0
9264,3
9265,2
9266,0
9267,1
9268,1
9269,0
9270,0
9271,1
9272,2
9273,0
9274,0
9275,2
9276,1
9277,1
9278,1
9279,0
9280,0
9281,0
9282,2
9283,1
9284,3
9285,0
9286,0
9287,1
9288,2
9289,2
9290,0
9291,1
9292,1
9293,0
9294,2
9295,0
9296,0
9297,1
9298,2
9299,0
9300,1
9301,1
9302,1
9303,1
9304,0
9305,2
9306,2
9307,1
9308,3
9309,2
9310,0
9311,2
9312,1
9313,1
9314,1
9315,2
9316,2
9317,1
9318,1
9319,1
9320,0
9321,2
9322,3
9323,2
9324,2
9325,1
9326,2
9327,0
9328,0
9329,0
9330,2
9331,0
9332,1
9333,3
9334,1
9335,2
9336,1
9337,0
9338,0
9339,1
9340,0
9341,0
9342,0
9343,0
9344,3
9345,1
9346,1
9347,1
9348,3
9349,1
9350,1
9351,1
9352,2
9353,0
9354,2
9355,1
9356,2
9357,1
9358,1
9359,0
9360,1
9361,1
9362,1
9363,0
9364,1
9365,0
9366,0
9367,1
9368,0
9369,3
9370,1
9371,0
9372,0
9373,1
9374,2
9375,1
9376,1
9377,1
9378,2
9379,1
9380,0
9381,4
9382,0
9383,2
9384,0
9385,2
9386,1
9387,0
9388,0
9389,1
9390,1
9391,0
9392,0
9393,2
9394,1
9395,0
9396,1
9397,0
9398,1
9399,3
9400,2
9401,0
9402,1
9403,0
9404,1
9405,2
9406,2
9407,1
9408,0
9409,1
9410,1
9411,0
9412,0
9413,0
9414,1
9415,1
9416,0
9417,0
9418,2
9419,0
9420,1
9421,2
9422,2
9423,0
9424,0
9425,0
9426,1
9427,0
9428,3
9429,0
9430,0
9431,0
9432,2
9433,1
9434,0
9435,2
9436,3
9437,2
9438,0
9439,4
9440,1
9441,1
9442,0
9443,0
9444,2
9445,0
9446,1
9447,0
9448,3
9449,3
9450,2
9451,1
9452,0
9453,0
9454,1
9455,0
9456,1
9457,1
9458,0
9459,2
9460,0
9461,3
9462,7
9463,5
9464,0
9465,0
9466,1
9467,1
9468,1
9469,3
9470,1
9471,0
9472,0
9473,1
9474,0
9475,0
9476,1
9477,2
9478,0
9479,1
9480,1
9481,0
9482,0
9483,0
9484,1
9485,1
9486,2
9487,1
9488,1
9489,1
9490,2
9491,6
9492,0
9493,2
9494,4
9495,2
9496,2
9497,1
9498,2
9499,1
9500,1
9501,1
9502,3
9503,2
9504,2
9505,0
9506,1
9507,0
9508,0
9509,0
9510,2
9511,1
9512,1
9513,1
9514,3
9515,1
9516,0
9517,1
9518,2
9519,0
9520,0
9521,1
9522,0
9523,2
9524,2
9525,0
9526,2
9527,0
9528,2
9529,1
9530,4
9531,1
9532,0
9533,0
9534,1
9535,1
9536,0
9537,2
9538,0
9539,1
9540,2
9541,1
9542,1
9543,1
9544,0
9545,0
9546,0
9547,0
9548,1
9549,1
9550,1
9551,3
9552,0
9553,1
9554,1
9555,0
9556,1
9557,1
9558,0
9559,0
9560,1
9561,1
9562,0
9563,2
9564,0
9565,0
9566,1
9567,0
9568,1
9569,1
9570,0
9571,2
9572,0
9573,2
9574,0
9575,0
9576,1
9577,0
9578,0
9579,0
9580,1
9581,0
9582,0
9583,2
9584,1
9585,1
9586,0
9587,0
9588,3
9589,0
9590,1
9591,1
9592,2
9593,0
9594,1
9595,3
9596,0
9597,0
9598,1
9599,1
9600,1
9601,0
9602,1
9603,2
9604,2
9605,1
9606,0
9607,0
9608,4
9609,1
9610,1
9611,1
9612,0
9613,2
9614,1
9615,1
9616,1
9617,0
9618,2
9619,0
9620,1
9621,1
9622,2
9623,2
9624,1
9625,0
9626,1
9627,1
9628,2
9629,0
9630,2
9631,0
9632,2
9633,2
9634,0
9635,1
9636,1
9637,0
9638,1
9639,2
9640,2
9641,1
9642,0
9643,0
9644,2
9645,0
9646,1
9647,0
9648,1
9649,1
9650,0
9651,0
9652,0
9653,1
9654,1
9655,2
9656,1
9657,3
9658,0
9659,0
9660,1
9661,0
9662,0
9663,1
9664,1
9665,1
9666,1
9667,1
9668,0
9669,2
9670,0
9671,1
9672,1
9673,1
9674,3
9675,3
9676,1
9677,1
9678,0
9679,2
9680,0
9681,3
9682,1
9683,0
9684,0
9685,1
9686,1
9687,1
9688,1
9689,3
9690,0
9691,1
9692,2
9693,0
9694,0
9695,1
9696,0
9697,1
9698,3
9699,1
9700,0
9701,0
9702,0
9703,1
9704,0
9705,1
9706,2
9707,0
9708,3
9709,1
9710,0
9711,1
9712,1
9713,2
9714,1
9715,0
9716,2
9717,1
9718,1
9719,1
9720,1
9721,0
9722,1
9723,1
9724,0
9725,1
9726,1
9727,0
9728,1
9729,0
9730,1
9731,2
9732,0
9733,0
9734,1
9735,0
9736,1
9737,0
9738,0
9739,1
9740,1
9741,2
9742,1
9743,1
9744,1
9745,1
9746,0
9747,2
9748,2
9749,4
9750,0
9751,0
9752,1
9753,1
9754,2
9755,1
9756,0
9757,2
9758,1
9759,0
9760,1
9761,0
9762,1
9763,1
9764,1
9765,1
9766,3
9767,1
9768,0
9769,2
9770,0
9771,1
9772,1
9773,0
9774,0
9775,1
9776,1
9777,0
9778,0
9779,1
9780,0
9781,1
9782,2
9783,2
9784,0
9785,1
9786,1
9787,1
9788,1
9789,2
9790,1
9791,1
9792,0
9793,1
9794,2
9795,3
9796,2
9797,1
9798,3
9799,0
9800,1
9801,3
9802,0
9803,0
9804,0
9805,0
9806,1
9807,1
9808,1
9809,1
9810,1
9811,0
9812,1
9813,1
9814,1
9815,1
9816,0
9817,0
9818,2
9819,1
9820,2
9821,1
9822,2
9823,2
9824,1
9825,0
9826,0
9827,0
9828,1
9829,0
9830,4
9831,1
9832,1
9833,3
9834,2
9835,1
9836,3
9837,1
9838,0
9839,0
9840,2
9841,2
9842,0
9843,1
9844,0
9845,3
9846,0
9847,1
9848,0
9849,1
9850,2
9851,0
9852,0
9853,1
9854,2
9855,0
9856,1
9857,1
9858,0
9859,1
9860,2
9861,0
9862,2
9863,0
9864,0
9865,0
9866,0
9867,1
9868,0
9869,0
9870,1
9871,2
9872,2
9873,2
9874,0
9875,1
9876,0
9877,0
9878,0
9879,1
9880,0
9881,0
9882,0
9883,0
9884,0
9885,1
9886,2
9887,1
9888,2
9889,2
9890,3
9891,0
9892,2
9893,1
9894,1
9895,2
9896,0
9897,2
9898,0
9899,1
9900,0
9901,1
9902,2
9903,2
9904,0
9905,0
9906,1
9907,1
9908,2
9909,3
9910,0
9911,0
9912,1
9913,1
9914,3
9915,3
9916,0
9917,0
9918,1
9919,1
9920,0
9921,2
9922,0
9923,1
9924,0
9925,4
9926,0
9927,2
9928,0
9929,2
9930,3
9931,1
9932,0
9933,1
9934,1
9935,5
9936,0
9937,1
9938,2
9939,0
9940,1
9941,0
9942,1
9943,1
9944,0
9945,1
9946,2
9947,1
9948,0
9949,0
9950,1
9951,0
9952,0
9953,0
9954,0
9955,0
9956,0
9957,0
9958,0
9959,0
9960,4
9961,1
9962,1
9963,2
9964,0
9965,1
9966,2
9967,0
9968,0
9969,0
9970,4
9971,0
9972,2
9973,0
9974,1
9975,3
9976,1
9977,1
9978,1
9979,0
9980,1
9981,1
9982,1
9983,1
9984,2
9985,1
9986,2
9987,0
9988,1
9989,0
9990,1
9991,1
9992,2
9993,1
9994,2
9995,0
9996,0
9997,0
9998,1
9999,0
