0,143
1,54
2,38
3,33
4,17
5,0
6,6
7,0
8,0
9,52
10,0
11,88
12,0
13,0
14,170
15,53
16,0
17,1
18,0
19,2
20,5
21,0
22,5
23,137
24,36
25,8
26,30
27,0
28,38
29,7
30,5
31,48
32,57
33,12
34,8
35,1
36,11
37,25
38,27
39,1
40,28
41,0
42,48
43,0
44,0
45,9
46,10
47,2
48,28
49,0
50,69
51,0
52,46
53,9
54,2
55,33
56,0
57,0
58,22
59,13
60,15
61,5
62,0
63,2
64,8
65,0
66,0
67,6
68,0
69,8
70,0
71,0
72,38
73,7
74,0
75,10
76,3
77,18
78,25
79,0
80,69
81,0
82,12
83,0
84,0
85,30
86,0
87,1
88,5
89,29
90,2
91,8
92,15
93,0
94,12
95,0
96,6
97,28
98,0
99,0
100,0
101,8
102,0
103,3
104,15
105,0
106,14
107,4
108,0
109,0
110,29
111,10
112,13
113,0
114,0
115,32
116,0
117,0
118,4
119,35
120,16
121,14
122,0
123,0
124,0
125,20
126,6
127,8
128,0
129,0
130,19
131,18
132,0
133,16
134,1
135,0
136,16
137,0
138,9
139,9
140,13
141,0
142,0
143,0
144,14
145,13
146,0
147,8
148,0
149,27
150,23
151,0
152,4
153,0
154,12
155,23
156,12
157,25
158,0
159,0
160,0
161,0
162,0
163,3
164,0
165,23
166,0
167,9
168,9
169,5
170,2
171,0
172,12
173,0
174,20
175,23
176,14
177,20
178,2
179,19
180,10
181,3
182,8
183,12
184,16
185,0
186,4
187,0
188,5
189,0
190,10
191,9
192,13
193,24
194,16
195,3
196,0
197,2
198,21
199,29
200,2
201,10
202,15
203,18
204,21
205,17
206,5
207,0
208,0
209,41
210,2
211,0
212,0
213,7
214,0
215,28
216,2
217,7
218,10
219,0
220,0
221,0
222,3
223,5
224,3
225,7
226,8
227,0
228,20
229,0
230,5
231,0
232,0
233,0
234,0
235,4
236,0
237,0
238,0
239,0
240,5
241,0
242,15
243,0
244,2
245,23
246,0
247,0
248,0
249,2
250,10
251,21
252,10
253,5
254,1
255,1
256,7
257,0
258,4
259,5
260,1
261,0
262,0
263,4
264,0
265,5
266,0
267,1
268,0
269,5
270,0
271,1
272,0
273,1
274,0
275,1
276,5
277,8
278,18
279,0
280,5
281,9
282,0
283,0
284,34
285,0
286,0
287,11
288,8
289,0
290,1
291,6
292,2
293,0
294,0
295,9
296,0
297,0
298,0
299,6
300,0
301,0
302,8
303,2
304,2
305,3
306,0
307,3
308,10
309,8
310,5
311,0
312,11
313,0
314,5
315,4
316,33
317,5
318,8
319,0
320,0
321,12
322,30
323,21
324,0
325,0
326,0
327,0
328,3
329,0
330,8
331,7
332,4
333,1
334,0
335,6
336,5
337,11
338,24
339,0
340,16
341,5
342,6
343,0
344,0
345,0
346,11
347,0
348,0
349,0
350,0
351,13
352,1
353,0
354,13
355,0
356,0
357,5
358,24
359,0
360,0
361,24
362,3
363,1
364,1
365,3
366,6
367,27
368,2
369,25
370,0
371,0
372,5
373,5
374,0
375,9
376,4
377,5
378,0
379,3
380,3
381,14
382,0
383,4
384,1
385,7
386,6
387,2
388,8
389,13
390,13
391,5
392,6
393,10
394,4
395,17
396,0
397,3
398,4
399,10
400,13
401,5
402,0
403,0
404,16
405,4
406,16
407,0
408,6
409,0
410,0
411,4
412,23
413,2
414,24
415,0
416,0
417,1
418,7
419,19
420,2
421,13
422,0
423,0
424,4
425,0
426,0
427,1
428,0
429,0
430,6
431,0
432,18
433,0
434,5
435,4
436,6
437,0
438,4
439,2
440,4
441,0
442,10
443,1
444,0
445,1
446,0
447,1
448,0
449,7
450,5
451,13
452,11
453,0
454,0
455,2
456,16
457,3
458,2
459,6
460,9
461,0
462,0
463,4
464,2
465,9
466,24
467,12
468,0
469,1
470,14
471,3
472,0
473,13
474,0
475,0
476,11
477,18
478,0
479,0
480,4
481,1
482,0
483,0
484,9
485,2
486,2
487,6
488,0
489,0
490,14
491,4
492,12
493,2
494,13
495,6
496,4
497,7
498,9
499,11
500,2
501,10
502,0
503,1
504,0
505,20
506,1
507,0
508,0
509,13
510,0
511,0
512,1
513,0
514,1
515,3
516,4
517,0
518,23
519,0
520,0
521,1
522,0
523,0
524,0
525,1
526,0
527,5
528,5
529,0
530,0
531,0
532,0
533,0
534,0
535,0
536,3
537,16
538,8
539,7
540,0
541,0
542,0
543,8
544,4
545,18
546,0
547,0
548,1
549,0
550,0
551,1
552,0
553,0
554,0
555,0
556,30
557,0
558,1
559,0
560,12
561,0
562,2
563,11
564,18
565,0
566,3
567,2
568,0
569,5
570,0
571,1
572,0
573,0
574,13
575,6
576,3
577,3
578,0
579,0
580,2
581,12
582,4
583,7
584,1
585,4
586,0
587,1
588,13
589,2
590,0
591,0
592,0
593,0
594,8
595,0
596,5
597,15
598,0
599,3
600,1
601,0
602,0
603,4
604,0
605,2
606,5
607,0
608,6
609,0
610,0
611,2
612,2
613,3
614,1
615,10
616,1
617,2
618,19
619,0
620,13
621,22
622,4
623,7
624,10
625,19
626,2
627,0
628,0
629,1
630,1
631,6
632,6
633,8
634,5
635,1
636,0
637,4
638,0
639,0
640,2
641,3
642,4
643,3
644,0
645,4
646,10
647,7
648,0
649,8
650,4
651,0
652,0
653,3
654,10
655,1
656,4
657,9
658,1
659,2
660,3
661,12
662,0
663,11
664,0
665,11
666,12
667,6
668,0
669,0
670,2
671,2
672,0
673,6
674,16
675,9
676,11
677,1
678,4
679,0
680,0
681,0
682,0
683,5
684,0
685,1
686,0
687,0
688,7
689,7
690,2
691,0
692,4
693,0
694,17
695,3
696,3
697,0
698,0
699,2
700,4
701,0
702,4
703,0
704,0
705,3
706,0
707,4
708,0
709,12
710,3
711,12
712,9
713,6
714,1
715,13
716,4
717,0
718,6
719,4
720,6
721,15
722,0
723,0
724,7
725,7
726,7
727,7
728,0
729,0
730,1
731,4
732,0
733,2
734,1
735,25
736,3
737,0
738,1
739,6
740,4
741,0
742,2
743,0
744,0
745,0
746,0
747,5
748,1
749,15
750,11
751,0
752,0
753,0
754,0
755,0
756,4
757,2
758,2
759,0
760,0
761,8
762,0
763,0
764,0
765,5
766,0
767,0
768,4
769,7
770,0
771,6
772,2
773,0
774,12
775,1
776,0
777,1
778,0
779,0
780,9
781,2
782,19
783,0
784,7
785,0
786,11
787,0
788,0
789,6
790,24
791,3
792,14
793,0
794,1
795,10
796,7
797,15
798,0
799,12
800,0
801,0
802,4
803,0
804,0
805,0
806,2
807,0
808,0
809,0
810,4
811,1
812,2
813,12
814,1
815,9
816,8
817,10
818,0
819,0
820,0
821,10
822,0
823,0
824,0
825,0
826,8
827,0
828,6
829,2
830,2
831,0
832,0
833,8
834,7
835,2
836,0
837,0
838,2
839,0
840,5
841,0
842,28
843,2
844,0
845,0
846,0
847,5
848,1
849,5
850,10
851,0
852,11
853,8
854,4
855,3
856,2
857,0
858,11
859,5
860,0
861,0
862,0
863,0
864,5
865,7
866,0
867,1
868,3
869,0
870,3
871,0
872,0
873,12
874,6
875,1
876,0
877,10
878,7
879,0
880,1
881,0
882,7
883,0
884,9
885,2
886,3
887,0
888,0
889,4
890,29
891,2
892,3
893,0
894,0
895,0
896,23
897,1
898,15
899,0
900,6
901,16
902,3
903,0
904,5
905,0
906,2
907,3
908,4
909,7
910,9
911,0
912,5
913,0
914,0
915,3
916,15
917,23
918,0
919,5
920,4
921,0
922,5
923,4
924,6
925,0
926,1
927,9
928,4
929,8
930,18
931,3
932,0
933,0
934,0
935,2
936,0
937,0
938,3
939,3
940,0
941,4
942,5
943,0
944,0
945,1
946,13
947,6
948,3
949,34
950,16
951,0
952,3
953,0
954,4
955,0
956,5
957,21
958,2
959,0
960,4
961,1
962,12
963,2
964,3
965,5
966,4
967,3
968,6
969,0
970,1
971,8
972,9
973,9
974,0
975,3
976,8
977,1
978,22
979,6
980,0
981,3
982,5
983,0
984,12
985,5
986,0
987,0
988,1
989,1
990,4
991,7
992,2
993,2
994,0
995,0
996,13
997,3
998,6
999,8
1000,11
1001,17
1002,2
1003,1
1004,6
1005,4
1006,0
1007,2
1008,0
1009,10
1010,5
1011,0
1012,3
1013,0
1014,0
1015,0
1016,4
1017,17
1018,0
1019,5
1020,5
1021,0
1022,2
1023,2
1024,21
1025,5
1026,0
1027,4
1028,1
1029,0
1030,0
1031,3
1032,6
1033,11
1034,0
1035,0
1036,3
1037,6
1038,3
1039,4
1040,1
1041,3
1042,3
1043,4
1044,5
1045,1
1046,0
1047,7
1048,11
1049,1
1050,0
1051,6
1052,3
1053,8
1054,4
1055,0
1056,3
1057,0
1058,0
1059,10
1060,0
1061,0
1062,8
1063,0
1064,4
1065,0
1066,0
1067,10
1068,21
1069,2
1070,0
1071,9
1072,6
1073,0
1074,0
1075,4
1076,1
1077,6
1078,6
1079,6
1080,1
1081,0
1082,1
1083,3
1084,2
1085,4
1086,1
1087,0
1088,0
1089,0
1090,11
1091,0
1092,4
1093,8
1094,10
1095,3
1096,0
1097,0
1098,1
1099,4
1100,0
1101,4
1102,1
1103,1
1104,3
1105,5
1106,17
1107,1
1108,2
1109,0
1110,5
1111,0
1112,3
1113,3
1114,0
1115,10
1116,8
1117,1
1118,3
1119,0
1120,10
1121,6
1122,0
1123,0
1124,2
1125,0
1126,0
1127,3
1128,7
1129,28
1130,4
1131,6
1132,0
1133,13
1134,1
1135,2
1136,0
1137,1
1138,5
1139,10
1140,2
1141,12
1142,2
1143,0
1144,0
1145,0
1146,10
1147,0
1148,4
1149,0
1150,0
1151,2
1152,3
1153,0
1154,2
1155,4
1156,4
1157,0
1158,0
1159,1
1160,9
1161,9
1162,7
1163,1
1164,4
1165,7
1166,0
1167,2
1168,4
1169,4
1170,5
1171,1
1172,0
1173,4
1174,1
1175,0
1176,3
1177,8
1178,0
1179,4
1180,2
1181,5
1182,0
1183,0
1184,0
1185,4
1186,1
1187,1
1188,4
1189,1
1190,0
1191,0
1192,5
1193,6
1194,5
1195,0
1196,1
1197,9
1198,10
1199,1
1200,0
1201,1
1202,11
1203,0
1204,0
1205,2
1206,0
1207,6
1208,8
1209,4
1210,2
1211,1
1212,0
1213,5
1214,0
1215,7
1216,0
1217,1
1218,0
1219,3
1220,5
1221,0
1222,9
1223,0
1224,2
1225,0
1226,4
1227,6
1228,0
1229,4
1230,7
1231,0
1232,2
1233,2
1234,0
1235,0
1236,1
1237,3
1238,3
1239,0
1240,0
1241,2
1242,0
1243,0
1244,0
1245,4
1246,6
1247,3
1248,0
1249,6
1250,6
1251,1
1252,1
1253,6
1254,2
1255,4
1256,0
1257,3
1258,6
1259,0
1260,2
1261,0
1262,0
1263,1
1264,4
1265,0
1266,3
1267,7
1268,5
1269,1
1270,0
1271,0
1272,2
1273,1
1274,0
1275,0
1276,1
1277,0
1278,1
1279,0
1280,4
1281,0
1282,4
1283,1
1284,0
1285,0
1286,0
1287,3
1288,2
1289,4
1290,0
1291,1
1292,0
1293,0
1294,5
1295,7
1296,0
1297,1
1298,0
1299,6
1300,5
1301,0
1302,2
1303,2
1304,0
1305,1
1306,0
1307,4
1308,6
1309,4
1310,4
1311,0
1312,1
1313,4
1314,0
1315,11
1316,0
1317,0
1318,2
1319,6
1320,0
1321,1
1322,2
1323,2
1324,0
1325,0
1326,3
1327,0
1328,3
1329,0
1330,2
1331,0
1332,0
1333,1
1334,7
1335,3
1336,0
1337,1
1338,3
1339,8
1340,4
1341,17
1342,6
1343,2
1344,15
1345,0
1346,1
1347,0
1348,3
1349,0
1350,6
1351,0
1352,0
1353,0
1354,0
1355,3
1356,2
1357,2
1358,0
1359,4
1360,0
1361,3
1362,0
1363,1
1364,3
1365,12
1366,0
1367,1
1368,7
1369,3
1370,3
1371,7
1372,15
1373,3
1374,0
1375,8
1376,3
1377,3
1378,4
1379,0
1380,0
1381,0
1382,2
1383,0
1384,3
1385,0
1386,0
1387,0
1388,2
1389,3
1390,0
1391,1
1392,5
1393,4
1394,0
1395,3
1396,2
1397,3
1398,0
1399,1
1400,2
1401,0
1402,5
1403,2
1404,1
1405,7
1406,2
1407,7
1408,0
1409,0
1410,2
1411,0
1412,0
1413,0
1414,3
1415,1
1416,7
1417,1
1418,2
1419,2
1420,0
1421,0
1422,0
1423,7
1424,0
1425,0
1426,3
1427,0
1428,0
1429,7
1430,8
1431,2
1432,0
1433,1
1434,0
1435,5
1436,1
1437,0
1438,0
1439,7
1440,0
1441,5
1442,0
1443,0
1444,0
1445,2
1446,0
1447,0
1448,1
1449,1
1450,1
1451,0
1452,0
1453,0
1454,1
1455,0
1456,1
1457,16
1458,4
1459,0
1460,0
1461,14
1462,3
1463,0
1464,0
1465,2
1466,10
1467,8
1468,2
1469,2
1470,2
1471,0
1472,1
1473,6
1474,2
1475,1
1476,4
1477,2
1478,7
1479,3
1480,1
1481,0
1482,2
1483,0
1484,9
1485,3
1486,4
1487,0
1488,1
1489,3
1490,0
1491,0
1492,6
1493,3
1494,0
1495,1
1496,6
1497,0
1498,5
1499,2
1500,2
1501,0
1502,0
1503,1
1504,0
1505,4
1506,3
1507,13
1508,0
1509,3
1510,4
1511,2
1512,2
1513,3
1514,0
1515,0
1516,0
1517,0
1518,2
1519,1
1520,1
1521,5
1522,1
1523,11
1524,1
1525,2
1526,1
1527,8
1528,0
1529,0
1530,4
1531,0
1532,0
1533,0
1534,0
1535,2
1536,2
1537,3
1538,13
1539,2
1540,8
1541,5
1542,5
1543,3
1544,3
1545,7
1546,9
1547,6
1548,0
1549,3
1550,0
1551,6
1552,0
1553,2
1554,18
1555,18
1556,0
1557,1
1558,1
1559,1
1560,5
1561,1
1562,1
1563,12
1564,4
1565,2
1566,0
1567,8
1568,10
1569,0
1570,1
1571,2
1572,1
1573,14
1574,0
1575,2
1576,0
1577,2
1578,2
1579,5
1580,6
1581,0
1582,0
1583,0
1584,0
1585,0
1586,0
1587,0
1588,2
1589,0
1590,0
1591,5
1592,10
1593,4
1594,1
1595,0
1596,0
1597,4
1598,0
1599,0
1600,5
1601,8
1602,0
1603,0
1604,3
1605,5
1606,3
1607,0
1608,4
1609,2
1610,1
1611,0
1612,4
1613,7
1614,0
1615,0
1616,0
1617,0
1618,0
1619,0
1620,1
1621,0
1622,0
1623,7
1624,6
1625,2
1626,0
1627,3
1628,0
1629,7
1630,10
1631,5
1632,4
1633,9
1634,0
1635,0
1636,0
1637,0
1638,4
1639,10
1640,0
1641,5
1642,0
1643,4
1644,0
1645,8
1646,2
1647,2
1648,2
1649,0
1650,0
1651,0
1652,2
1653,0
1654,1
1655,0
1656,0
1657,3
1658,1
1659,0
1660,7
1661,3
1662,0
1663,0
1664,0
1665,3
1666,3
1667,2
1668,1
1669,1
1670,2
1671,0
1672,1
1673,5
1674,0
1675,0
1676,8
1677,1
1678,0
1679,0
1680,3
1681,0
1682,1
1683,2
1684,7
1685,0
1686,2
1687,0
1688,7
1689,9
1690,11
1691,4
1692,2
1693,2
1694,7
1695,6
1696,5
1697,3
1698,6
1699,0
1700,3
1701,11
1702,0
1703,2
1704,2
1705,0
1706,1
1707,11
1708,0
1709,6
1710,0
1711,1
1712,3
1713,2
1714,0
1715,0
1716,0
1717,9
1718,0
1719,0
1720,10
1721,0
1722,3
1723,1
1724,0
1725,1
1726,5
1727,0
1728,2
1729,0
1730,0
1731,4
1732,3
1733,11
1734,2
1735,6
1736,8
1737,0
1738,0
1739,7
1740,0
1741,0
1742,3
1743,0
1744,2
1745,3
1746,0
1747,0
1748,0
1749,2
1750,1
1751,7
1752,2
1753,1
1754,3
1755,0
1756,0
1757,3
1758,1
1759,0
1760,3
1761,4
1762,0
1763,4
1764,0
1765,0
1766,1
1767,1
1768,0
1769,1
1770,3
1771,1
1772,7
1773,0
1774,1
1775,0
1776,0
1777,0
1778,3
1779,0
1780,2
1781,2
1782,4
1783,1
1784,4
1785,9
1786,5
1787,0
1788,3
1789,5
1790,0
1791,1
1792,9
1793,1
1794,0
1795,5
1796,9
1797,12
1798,0
1799,2
1800,5
1801,1
1802,2
1803,4
1804,3
1805,1
1806,0
1807,6
1808,2
1809,3
1810,0
1811,5
1812,2
1813,0
1814,0
1815,0
1816,1
1817,0
1818,0
1819,0
1820,1
1821,0
1822,3
1823,4
1824,8
1825,6
1826,0
1827,1
1828,14
1829,0
1830,1
1831,4
1832,0
1833,2
1834,0
1835,1
1836,10
1837,0
1838,6
1839,12
1840,0
1841,0
1842,12
1843,6
1844,0
1845,1
1846,3
1847,0
1848,0
1849,4
1850,5
1851,2
1852,0
1853,15
1854,6
1855,2
1856,1
1857,1
1858,0
1859,0
1860,6
1861,0
1862,8
1863,1
1864,2
1865,0
1866,0
1867,4
1868,0
1869,2
1870,2
1871,7
1872,3
1873,3
1874,0
1875,1
1876,0
1877,2
1878,0
1879,0
1880,0
1881,0
1882,0
1883,4
1884,0
1885,1
1886,3
1887,0
1888,3
1889,2
1890,1
1891,0
1892,2
1893,4
1894,2
1895,0
1896,1
1897,0
1898,0
1899,6
1900,0
1901,12
1902,1
1903,0
1904,0
1905,0
1906,5
1907,0
1908,6
1909,0
1910,5
1911,0
1912,0
1913,3
1914,1
1915,11
1916,1
1917,0
1918,0
1919,1
1920,1
1921,0
1922,0
1923,0
1924,4
1925,0
1926,4
1927,3
1928,1
1929,3
1930,0
1931,0
1932,2
1933,3
1934,0
1935,0
1936,0
1937,2
1938,0
1939,0
1940,6
1941,0
1942,8
1943,0
1944,2
1945,0
1946,3
1947,6
1948,0
1949,4
1950,0
1951,3
1952,0
1953,0
1954,15
1955,4
1956,0
1957,7
1958,0
1959,1
1960,4
1961,3
1962,2
1963,3
1964,1
1965,3
1966,0
1967,0
1968,3
1969,0
1970,0
1971,9
1972,10
1973,0
1974,0
1975,3
1976,5
1977,6
1978,5
1979,3
1980,5
1981,0
1982,0
1983,1
1984,0
1985,0
1986,7
1987,1
1988,1
1989,1
1990,0
1991,0
1992,0
1993,0
1994,4
1995,1
1996,0
1997,6
1998,0
1999,2
2000,5
2001,3
2002,4
2003,1
2004,3
2005,0
2006,4
2007,4
2008,1
2009,2
2010,2
2011,6
2012,5
2013,2
2014,2
2015,0
2016,1
2017,1
2018,1
2019,0
2020,3
2021,1
2022,6
2023,0
2024,0
2025,6
2026,5
2027,3
2028,7
2029,4
2030,4
2031,1
2032,0
2033,9
2034,1
2035,1
2036,0
2037,0
2038,0
2039,0
2040,2
2041,2
2042,3
2043,1
2044,0
2045,3
2046,2
2047,0
2048,12
2049,3
2050,0
2051,3
2052,4
2053,0
2054,0
2055,2
2056,0
2057,2
2058,1
2059,2
2060,7
2061,6
2062,11
2063,2
2064,0
2065,1
2066,3
2067,7
2068,5
2069,0
2070,4
2071,3
2072,6
2073,0
2074,2
2075,7
2076,1
2077,6
2078,2
2079,1
2080,0
2081,3
2082,2
2083,0
2084,0
2085,0
2086,0
2087,3
2088,4
2089,0
2090,0
2091,1
2092,4
2093,2
2094,0
2095,0
2096,1
2097,1
2098,1
2099,0
2100,5
2101,0
2102,0
2103,3
2104,0
2105,0
2106,4
2107,1
2108,0
2109,0
2110,0
2111,6
2112,0
2113,3
2114,0
2115,0
2116,6
2117,3
2118,3
2119,0
2120,1
2121,0
2122,2
2123,0
2124,1
2125,5
2126,0
2127,0
2128,0
2129,13
2130,4
2131,3
2132,5
2133,2
2134,4
2135,0
2136,1
2137,0
2138,0
2139,0
2140,1
2141,4
2142,1
2143,4
2144,0
2145,1
2146,1
2147,3
2148,5
2149,6
2150,1
2151,3
2152,5
2153,0
2154,1
2155,0
2156,1
2157,4
2158,1
2159,5
2160,0
2161,5
2162,6
2163,3
2164,0
2165,0
2166,3
2167,0
2168,1
2169,4
2170,1
2171,2
2172,2
2173,0
2174,0
2175,0
2176,4
2177,1
2178,0
2179,1
2180,6
2181,0
2182,1
2183,4
2184,4
2185,0
2186,3
2187,5
2188,7
2189,2
2190,8
2191,7
2192,1
2193,0
2194,4
2195,0
2196,3
2197,3
2198,0
2199,6
2200,2
2201,4
2202,1
2203,2
2204,0
2205,3
2206,2
2207,0
2208,6
2209,0
2210,9
2211,5
2212,0
2213,0
2214,0
2215,0
2216,0
2217,4
2218,0
2219,0
2220,0
2221,4
2222,0
2223,1
2224,7
2225,6
2226,0
2227,0
2228,2
2229,0
2230,2
2231,0
2232,3
2233,2
2234,6
2235,6
2236,5
2237,2
2238,8
2239,4
2240,0
2241,1
2242,5
2243,4
2244,1
2245,1
2246,1
2247,0
2248,0
2249,0
2250,9
2251,0
2252,1
2253,4
2254,6
2255,0
2256,0
2257,6
2258,3
2259,2
2260,0
2261,8
2262,1
2263,3
2264,0
2265,0
2266,5
2267,5
2268,2
2269,0
2270,4
2271,0
2272,2
2273,4
2274,0
2275,8
2276,3
2277,0
2278,13
2279,2
2280,1
2281,4
2282,0
2283,0
2284,0
2285,2
2286,2
2287,0
2288,0
2289,0
2290,4
2291,1
2292,2
2293,3
2294,3
2295,0
2296,2
2297,2
2298,0
2299,0
2300,1
2301,6
2302,0
2303,0
2304,2
2305,3
2306,0
2307,0
2308,0
2309,1
2310,2
2311,6
2312,0
2313,0
2314,2
2315,1
2316,5
2317,7
2318,1
2319,2
2320,8
2321,2
2322,1
2323,0
2324,6
2325,4
2326,0
2327,2
2328,2
2329,4
2330,0
2331,2
2332,5
2333,7
2334,1
2335,0
2336,0
2337,4
2338,16
2339,0
2340,1
2341,1
2342,0
2343,1
2344,0
2345,2
2346,0
2347,1
2348,0
2349,0
2350,1
2351,2
2352,4
2353,3
2354,3
2355,2
2356,0
2357,8
2358,7
2359,1
2360,0
2361,2
2362,5
2363,2
2364,0
2365,2
2366,0
2367,0
2368,7
2369,1
2370,3
2371,0
2372,3
2373,0
2374,0
2375,0
2376,0
2377,1
2378,0
2379,0
2380,3
2381,2
2382,2
2383,9
2384,2
2385,0
2386,0
2387,1
2388,0
2389,0
2390,5
2391,3
2392,0
2393,4
2394,1
2395,1
2396,3
2397,1
2398,3
2399,0
2400,0
2401,5
2402,0
2403,1
2404,0
2405,4
2406,0
2407,0
2408,5
2409,0
2410,2
2411,1
2412,2
2413,0
2414,0
2415,0
2416,4
2417,2
2418,2
2419,5
2420,3
2421,4
2422,0
2423,0
2424,3
2425,0
2426,0
2427,1
2428,1
2429,0
2430,0
2431,0
2432,2
2433,0
2434,3
2435,1
2436,1
2437,9
2438,0
2439,1
2440,3
2441,0
2442,1
2443,2
2444,1
2445,1
2446,0
2447,4
2448,9
2449,1
2450,3
2451,7
2452,1
2453,8
2454,0
2455,0
2456,1
2457,3
2458,3
2459,0
2460,1
2461,0
2462,0
2463,1
2464,1
2465,2
2466,0
2467,0
2468,0
2469,0
2470,1
2471,1
2472,0
2473,3
2474,2
2475,4
2476,12
2477,2
2478,2
2479,2
2480,0
2481,7
2482,1
2483,2
2484,0
2485,0
2486,0
2487,3
2488,0
2489,4
2490,6
2491,7
2492,1
2493,3
2494,2
2495,0
2496,0
2497,3
2498,0
2499,0
2500,0
2501,2
2502,1
2503,3
2504,6
2505,0
2506,0
2507,5
2508,4
2509,0
2510,0
2511,5
2512,0
2513,3
2514,2
2515,0
2516,4
2517,0
2518,8
2519,0
2520,0
2521,9
2522,0
2523,0
2524,3
2525,3
2526,1
2527,1
2528,1
2529,2
2530,4
2531,1
2532,0
2533,0
2534,1
2535,1
2536,0
2537,0
2538,2
2539,0
2540,0
2541,12
2542,0
2543,4
2544,1
2545,4
2546,0
2547,1
2548,0
2549,4
2550,0
2551,2
2552,1
2553,0
2554,7
2555,0
2556,0
2557,5
2558,1
2559,2
2560,3
2561,0
2562,1
2563,2
2564,9
2565,1
2566,1
2567,2
2568,2
2569,0
2570,2
2571,2
2572,0
2573,4
2574,0
2575,0
2576,0
2577,5
2578,0
2579,2
2580,2
2581,4
2582,3
2583,3
2584,0
2585,1
2586,0
2587,0
2588,2
2589,1
2590,0
2591,0
2592,1
2593,1
2594,2
2595,0
2596,1
2597,1
2598,6
2599,0
2600,6
2601,2
2602,1
2603,1
2604,1
2605,0
2606,0
2607,0
2608,0
2609,0
2610,0
2611,0
2612,0
2613,0
2614,3
2615,5
2616,12
2617,5
2618,1
2619,2
2620,0
2621,1
2622,3
2623,0
2624,0
2625,8
2626,2
2627,3
2628,0
2629,0
2630,2
2631,2
2632,1
2633,2
2634,0
2635,3
2636,0
2637,2
2638,2
2639,4
2640,0
2641,3
2642,0
2643,11
2644,2
2645,0
2646,4
2647,0
2648,0
2649,6
2650,1
2651,0
2652,4
2653,2
2654,0
2655,1
2656,4
2657,3
2658,6
2659,3
2660,1
2661,0
2662,0
2663,3
2664,0
2665,2
2666,2
2667,0
2668,0
2669,1
2670,2
2671,5
2672,1
2673,0
2674,3
2675,3
2676,4
2677,2
2678,2
2679,3
2680,0
2681,1
2682,0
2683,5
2684,0
2685,1
2686,0
2687,1
2688,8
2689,3
2690,3
2691,0
2692,1
2693,3
2694,0
2695,4
2696,0
2697,6
2698,7
2699,0
2700,1
2701,1
2702,0
2703,2
2704,1
2705,0
2706,3
2707,4
2708,3
2709,1
2710,2
2711,0
2712,0
2713,3
2714,2
2715,1
2716,5
2717,2
2718,7
2719,0
2720,1
2721,1
2722,0
2723,0
2724,0
2725,0
2726,2
2727,0
2728,2
2729,2
2730,5
2731,3
2732,0
2733,0
2734,2
2735,1
2736,2
2737,0
2738,0
2739,2
2740,1
2741,2
2742,3
2743,0
2744,0
2745,0
2746,1
2747,4
2748,0
2749,0
2750,0
2751,0
2752,0
2753,0
2754,8
2755,0
2756,3
2757,0
2758,1
2759,2
2760,0
2761,3
2762,12
2763,0
2764,0
2765,6
2766,0
2767,1
2768,2
2769,2
2770,5
2771,0
2772,1
2773,6
2774,0
2775,0
2776,0
2777,3
2778,0
2779,3
2780,1
2781,1
2782,0
2783,0
2784,3
2785,6
2786,1
2787,1
2788,0
2789,0
2790,0
2791,0
2792,3
2793,2
2794,1
2795,1
2796,1
2797,5
2798,6
2799,7
2800,0
2801,3
2802,0
2803,1
2804,1
2805,0
2806,6
2807,0
2808,0
2809,0
2810,3
2811,2
2812,1
2813,0
2814,1
2815,8
2816,0
2817,0
2818,3
2819,0
2820,1
2821,1
2822,7
2823,0
2824,1
2825,1
2826,0
2827,4
2828,0
2829,6
2830,1
2831,0
2832,0
2833,0
2834,2
2835,0
2836,4
2837,0
2838,0
2839,0
2840,2
2841,5
2842,1
2843,0
2844,0
2845,3
2846,2
2847,0
2848,1
2849,2
2850,4
2851,3
2852,1
2853,1
2854,1
2855,0
2856,0
2857,5
2858,2
2859,0
2860,0
2861,1
2862,2
2863,0
2864,5
2865,0
2866,1
2867,5
2868,1
2869,0
2870,4
2871,1
2872,0
2873,5
2874,3
2875,3
2876,2
2877,0
2878,3
2879,9
2880,3
2881,0
2882,3
2883,6
2884,1
2885,0
2886,4
2887,0
2888,2
2889,0
2890,2
2891,0
2892,1
2893,3
2894,3
2895,0
2896,6
2897,4
2898,0
2899,2
2900,0
2901,1
2902,2
2903,0
2904,0
2905,2
2906,1
2907,1
2908,4
2909,11
2910,4
2911,0
2912,1
2913,0
2914,2
2915,0
2916,0
2917,0
2918,0
2919,2
2920,2
2921,0
2922,1
2923,1
2924,7
2925,3
2926,0
2927,1
2928,6
2929,0
2930,3
2931,5
2932,0
2933,4
2934,2
2935,0
2936,2
2937,1
2938,0
2939,0
2940,1
2941,1
2942,1
2943,3
2944,0
2945,0
2946,0
2947,1
2948,0
2949,0
2950,6
2951,5
2952,0
2953,0
2954,4
2955,2
2956,0
2957,3
2958,0
2959,0
2960,2
2961,0
2962,1
2963,0
2964,0
2965,1
2966,1
2967,0
2968,0
2969,3
2970,0
2971,0
2972,0
2973,1
2974,0
2975,1
2976,6
2977,1
2978,0
2979,4
2980,4
2981,0
2982,1
2983,10
2984,4
2985,3
2986,1
2987,6
2988,0
2989,2
2990,7
2991,1
2992,0
2993,0
2994,0
2995,0
2996,2
2997,0
2998,4
2999,2
3000,1
3001,8
3002,2
3003,1
3004,6
3005,2
3006,12
3007,0
3008,1
3009,0
3010,3
3011,6
3012,3
3013,6
3014,4
3015,1
3016,1
3017,2
3018,0
3019,0
3020,0
3021,4
3022,0
3023,0
3024,3
3025,0
3026,2
3027,0
3028,1
3029,0
3030,0
3031,7
3032,0
3033,4
3034,2
3035,3
3036,1
3037,3
3038,0
3039,1
3040,3
3041,0
3042,0
3043,0
3044,5
3045,1
3046,3
3047,2
3048,0
3049,0
3050,1
3051,3
3052,0
3053,3
3054,0
3055,1
3056,0
3057,0
3058,0
3059,0
3060,5
3061,2
3062,0
3063,2
3064,3
3065,0
3066,2
3067,1
3068,1
3069,0
3070,3
3071,1
3072,1
3073,5
3074,0
3075,0
3076,5
3077,2
3078,1
3079,1
3080,2
3081,1
3082,0
3083,2
3084,0
3085,3
3086,0
3087,1
3088,1
3089,3
3090,2
3091,3
3092,0
3093,0
3094,4
3095,0
3096,2
3097,0
3098,11
3099,0
3100,8
3101,1
3102,0
3103,4
3104,5
3105,3
3106,0
3107,2
3108,0
3109,0
3110,3
3111,3
3112,2
3113,6
3114,0
3115,2
3116,0
3117,0
3118,0
3119,0
3120,0
3121,4
3122,0
3123,0
3124,6
3125,2
3126,8
3127,1
3128,2
3129,6
3130,2
3131,0
3132,0
3133,3
3134,2
3135,0
3136,0
3137,2
3138,3
3139,1
3140,1
3141,1
3142,3
3143,2
3144,5
3145,5
3146,1
3147,12
3148,7
3149,0
3150,1
3151,1
3152,1
3153,3
3154,0
3155,1
3156,2
3157,5
3158,0
3159,0
3160,2
3161,0
3162,0
3163,5
3164,5
3165,0
3166,0
3167,5
3168,1
3169,1
3170,0
3171,0
3172,5
3173,1
3174,0
3175,1
3176,0
3177,0
3178,0
3179,1
3180,0
3181,1
3182,8
3183,1
3184,2
3185,2
3186,0
3187,5
3188,0
3189,0
3190,3
3191,0
3192,0
3193,5
3194,2
3195,3
3196,8
3197,3
3198,0
3199,0
3200,0
3201,0
3202,2
3203,2
3204,1
3205,0
3206,1
3207,5
3208,2
3209,2
3210,0
3211,1
3212,7
3213,3
3214,1
3215,0
3216,0
3217,6
3218,0
3219,2
3220,0
3221,0
3222,10
3223,0
3224,0
3225,1
3226,2
3227,2
3228,1
3229,0
3230,1
3231,0
3232,3
3233,7
3234,1
3235,2
3236,2
3237,0
3238,3
3239,0
3240,3
3241,0
3242,0
3243,2
3244,0
3245,0
3246,2
3247,0
3248,2
3249,1
3250,0
3251,0
3252,0
3253,8
3254,1
3255,0
3256,2
3257,0
3258,2
3259,2
3260,3
3261,0
3262,3
3263,3
3264,3
3265,0
3266,3
3267,1
3268,1
3269,1
3270,1
3271,1
3272,2
3273,0
3274,0
3275,6
3276,6
3277,0
3278,4
3279,7
3280,0
3281,0
3282,0
3283,3
3284,1
3285,1
3286,2
3287,0
3288,5
3289,0
3290,4
3291,1
3292,4
3293,3
3294,2
3295,3
3296,0
3297,2
3298,0
3299,0
3300,1
3301,6
3302,5
3303,1
3304,7
3305,0
3306,0
3307,1
3308,0
3309,0
3310,1
3311,0
3312,0
3313,1
3314,2
3315,1
3316,1
3317,1
3318,0
3319,0
3320,0
3321,0
3322,3
3323,0
3324,2
3325,0
3326,0
3327,2
3328,0
3329,2
3330,5
3331,6
3332,0
3333,0
3334,0
3335,0
3336,2
3337,0
3338,6
3339,1
3340,3
3341,2
3342,1
3343,1
3344,0
3345,1
3346,0
3347,4
3348,4
3349,3
3350,1
3351,1
3352,0
3353,1
3354,3
3355,1
3356,1
3357,1
3358,3
3359,2
3360,0
3361,1
3362,0
3363,0
3364,2
3365,0
3366,8
3367,2
3368,8
3369,2
3370,1
3371,0
3372,4
3373,0
3374,0
3375,3
3376,3
3377,0
3378,1
3379,1
3380,2
3381,4
3382,0
3383,0
3384,5
3385,0
3386,3
3387,2
3388,0
3389,1
3390,0
3391,1
3392,0
3393,0
3394,0
3395,1
3396,3
3397,0
3398,10
3399,1
3400,8
3401,2
3402,0
3403,2
3404,2
3405,2
3406,3
3407,2
3408,1
3409,0
3410,1
3411,1
3412,3
3413,4
3414,4
3415,1
3416,5
3417,1
3418,2
3419,5
3420,2
3421,3
3422,1
3423,4
3424,0
3425,0
3426,1
3427,1
3428,3
3429,0
3430,0
3431,6
3432,3
3433,0
3434,0
3435,0
3436,2
3437,3
3438,0
3439,3
3440,2
3441,1
3442,1
3443,4
3444,0
3445,0
3446,1
3447,5
3448,0
3449,1
3450,7
3451,3
3452,1
3453,0
3454,1
3455,0
3456,3
3457,1
3458,6
3459,2
3460,0
3461,6
3462,1
3463,0
3464,0
3465,9
3466,0
3467,2
3468,0
3469,0
3470,1
3471,6
3472,5
3473,0
3474,0
3475,0
3476,2
3477,2
3478,1
3479,3
3480,1
3481,0
3482,2
3483,1
3484,3
3485,4
3486,6
3487,4
3488,1
3489,4
3490,2
3491,2
3492,1
3493,1
3494,0
3495,4
3496,4
3497,1
3498,0
3499,0
3500,3
3501,0
3502,3
3503,2
3504,0
3505,1
3506,0
3507,3
3508,0
3509,0
3510,0
3511,3
3512,6
3513,1
3514,0
3515,4
3516,0
3517,0
3518,0
3519,0
3520,9
3521,3
3522,1
3523,0
3524,0
3525,0
3526,1
3527,1
3528,4
3529,1
3530,3
3531,1
3532,0
3533,2
3534,1
3535,5
3536,0
3537,1
3538,2
3539,0
3540,1
3541,1
3542,1
3543,4
3544,1
3545,0
3546,7
3547,0
3548,0
3549,0
3550,8
3551,1
3552,3
3553,1
3554,1
3555,0
3556,0
3557,2
3558,4
3559,2
3560,1
3561,2
3562,2
3563,4
3564,3
3565,2
3566,6
3567,5
3568,2
3569,2
3570,0
3571,0
3572,0
3573,2
3574,2
3575,1
3576,0
3577,0
3578,0
3579,0
3580,0
3581,2
3582,2
3583,1
3584,3
3585,1
3586,0
3587,1
3588,1
3589,1
3590,1
3591,0
3592,1
3593,6
3594,4
3595,0
3596,0
3597,8
3598,0
3599,3
3600,0
3601,4
3602,1
3603,1
3604,0
3605,4
3606,5
3607,2
3608,0
3609,0
3610,1
3611,0
3612,1
3613,7
3614,0
3615,3
3616,3
3617,0
3618,1
3619,0
3620,6
3621,6
3622,2
3623,2
3624,6
3625,0
3626,3
3627,0
3628,0
3629,2
3630,5
3631,0
3632,4
3633,2
3634,0
3635,2
3636,0
3637,0
3638,0
3639,3
3640,0
3641,0
3642,0
3643,0
3644,0
3645,2
3646,1
3647,1
3648,0
3649,0
3650,3
3651,0
3652,2
3653,0
3654,0
3655,2
3656,2
3657,4
3658,0
3659,3
3660,3
3661,1
3662,1
3663,0
3664,0
3665,3
3666,2
3667,1
3668,4
3669,0
3670,0
3671,5
3672,3
3673,0
3674,2
3675,0
3676,2
3677,0
3678,5
3679,9
3680,1
3681,3
3682,0
3683,1
3684,3
3685,1
3686,0
3687,0
3688,2
3689,3
3690,0
3691,0
3692,1
3693,1
3694,1
3695,3
3696,2
3697,6
3698,0
3699,1
3700,4
3701,2
3702,0
3703,1
3704,2
3705,2
3706,0
3707,0
3708,0
3709,6
3710,1
3711,2
3712,1
3713,0
3714,7
3715,3
3716,0
3717,0
3718,5
3719,0
3720,0
3721,0
3722,3
3723,0
3724,9
3725,5
3726,3
3727,1
3728,0
3729,1
3730,5
3731,1
3732,3
3733,0
3734,6
3735,6
3736,8
3737,1
3738,2
3739,4
3740,1
3741,1
3742,1
3743,0
3744,0
3745,2
3746,1
3747,2
3748,1
3749,0
3750,3
3751,0
3752,2
3753,8
3754,2
3755,1
3756,2
3757,0
3758,0
3759,5
3760,2
3761,1
3762,0
3763,2
3764,3
3765,1
3766,2
3767,1
3768,0
3769,0
3770,2
3771,0
3772,1
3773,0
3774,1
3775,4
3776,1
3777,3
3778,2
3779,5
3780,3
3781,3
3782,0
3783,0
3784,2
3785,1
3786,0
3787,0
3788,2
3789,1
3790,0
3791,0
3792,0
3793,0
3794,2
3795,0
3796,6
3797,2
3798,3
3799,0
3800,0
3801,5
3802,0
3803,1
3804,3
3805,2
3806,3
3807,2
3808,2
3809,0
3810,0
3811,0
3812,1
3813,0
3814,1
3815,4
3816,1
3817,0
3818,0
3819,0
3820,0
3821,4
3822,0
3823,1
3824,0
3825,0
3826,2
3827,0
3828,1
3829,9
3830,1
3831,5
3832,0
3833,0
3834,0
3835,2
3836,0
3837,0
3838,2
3839,0
3840,1
3841,0
3842,0
3843,1
3844,1
3845,4
3846,1
3847,0
3848,1
3849,2
3850,1
3851,5
3852,2
3853,1
3854,3
3855,0
3856,2
3857,0
3858,0
3859,0
3860,4
3861,1
3862,0
3863,0
3864,0
3865,0
3866,1
3867,0
3868,2
3869,2
3870,2
3871,4
3872,0
3873,0
3874,1
3875,1
3876,0
3877,2
3878,1
3879,3
3880,4
3881,1
3882,0
3883,1
3884,0
3885,1
3886,2
3887,2
3888,0
3889,1
3890,1
3891,0
3892,0
3893,0
3894,2
3895,4
3896,3
3897,0
3898,1
3899,9
3900,1
3901,0
3902,2
3903,1
3904,1
3905,0
3906,3
3907,0
3908,1
3909,4
3910,0
3911,0
3912,0
3913,0
3914,2
3915,1
3916,1
3917,3
3918,0
3919,0
3920,0
3921,0
3922,4
3923,1
3924,0
3925,4
3926,0
3927,5
3928,0
3929,1
3930,2
3931,0
3932,5
3933,1
3934,5
3935,1
3936,3
3937,0
3938,0
3939,7
3940,3
3941,3
3942,4
3943,0
3944,1
3945,0
3946,1
3947,2
3948,2
3949,1
3950,0
3951,0
3952,1
3953,0
3954,2
3955,4
3956,6
3957,4
3958,0
3959,0
3960,0
3961,2
3962,0
3963,0
3964,6
3965,0
3966,0
3967,0
3968,1
3969,0
3970,1
3971,0
3972,1
3973,0
3974,1
3975,5
3976,0
3977,0
3978,5
3979,2
3980,3
3981,3
3982,2
3983,3
3984,0
3985,3
3986,2
3987,1
3988,0
3989,1
3990,0
3991,0
3992,1
3993,0
3994,0
3995,4
3996,0
3997,0
3998,2
3999,0
4000,4
4001,6
4002,1
4003,2
4004,0
4005,8
4006,0
4007,3
4008,5
4009,1
4010,2
4011,3
4012,0
4013,0
4014,0
4015,2
4016,0
4017,0
4018,1
4019,2
4020,0
4021,1
4022,0
4023,0
4024,1
4025,0
4026,1
4027,3
4028,0
4029,1
4030,0
4031,3
4032,0
4033,4
4034,0
4035,1
4036,1
4037,0
4038,2
4039,1
4040,2
4041,1
4042,1
4043,2
4044,3
4045,1
4046,1
4047,3
4048,1
4049,0
4050,1
4051,1
4052,2
4053,0
4054,2
4055,1
4056,0
4057,0
4058,1
4059,2
4060,0
4061,0
4062,0
4063,1
4064,0
4065,7
4066,3
4067,3
4068,1
4069,2
4070,0
4071,0
4072,2
4073,2
4074,4
4075,3
4076,2
4077,3
4078,3
4079,1
4080,3
4081,1
4082,6
4083,1
4084,1
4085,0
4086,0
4087,1
4088,4
4089,1
4090,1
4091,0
4092,0
4093,2
4094,2
4095,3
4096,2
4097,2
4098,2
4099,1
4100,2
4101,0
4102,1
4103,0
4104,0
4105,1
4106,1
4107,1
4108,3
4109,0
4110,0
4111,0
4112,0
4113,0
4114,1
4115,2
4116,0
4117,1
4118,0
4119,0
4120,3
4121,5
4122,1
4123,0
4124,1
4125,2
4126,0
4127,1
4128,2
4129,1
4130,8
4131,0
4132,4
4133,0
4134,0
4135,0
4136,0
4137,1
4138,1
4139,0
4140,3
4141,0
4142,5
4143,0
4144,1
4145,2
4146,1
4147,3
4148,0
4149,0
4150,1
4151,2
4152,1
4153,6
4154,1
4155,0
4156,2
4157,2
4158,3
4159,5
4160,0
4161,1
4162,1
4163,0
4164,0
4165,2
4166,3
4167,2
4168,1
4169,0
4170,1
4171,0
4172,4
4173,0
4174,5
4175,6
4176,2
4177,3
4178,0
4179,0
4180,0
4181,0
4182,1
4183,0
4184,5
4185,1
4186,2
4187,1
4188,1
4189,0
4190,7
4191,3
4192,0
4193,0
4194,0
4195,0
4196,0
4197,3
4198,3
4199,0
4200,1
4201,1
4202,5
4203,5
4204,1
4205,3
4206,7
4207,4
4208,1
4209,1
4210,1
4211,1
4212,0
4213,0
4214,0
4215,4
4216,0
4217,8
4218,1
4219,2
4220,1
4221,5
4222,2
4223,1
4224,2
4225,0
4226,2
4227,0
4228,1
4229,1
4230,3
4231,0
4232,0
4233,0
4234,2
4235,0
4236,0
4237,0
4238,2
4239,0
4240,2
4241,3
4242,0
4243,0
4244,0
4245,0
4246,4
4247,0
4248,0
4249,5
4250,3
4251,4
4252,0
4253,0
4254,1
4255,2
4256,2
4257,0
4258,2
4259,1
4260,2
4261,0
4262,1
4263,0
4264,2
4265,0
4266,1
4267,0
4268,5
4269,0
4270,0
4271,0
4272,6
4273,0
4274,0
4275,1
4276,4
4277,2
4278,2
4279,0
4280,0
4281,2
4282,3
4283,4
4284,3
4285,1
4286,0
4287,0
4288,2
4289,1
4290,0
4291,1
4292,1
4293,3
4294,5
4295,0
4296,0
4297,5
4298,0
4299,0
4300,0
4301,2
4302,2
4303,0
4304,2
4305,2
4306,7
4307,2
4308,0
4309,1
4310,4
4311,1
4312,1
4313,4
4314,0
4315,0
4316,2
4317,0
4318,4
4319,0
4320,0
4321,1
4322,4
4323,2
4324,0
4325,1
4326,0
4327,0
4328,1
4329,4
4330,0
4331,0
4332,3
4333,1
4334,0
4335,0
4336,0
4337,1
4338,1
4339,0
4340,3
4341,1
4342,3
4343,0
4344,0
4345,1
4346,3
4347,2
4348,0
4349,4
4350,0
4351,8
4352,0
4353,3
4354,0
4355,5
4356,1
4357,0
4358,1
4359,0
4360,0
4361,0
4362,1
4363,2
4364,3
4365,1
4366,0
4367,0
4368,0
4369,2
4370,1
4371,2
4372,5
4373,1
4374,0
4375,3
4376,0
4377,1
4378,0
4379,4
4380,0
4381,3
4382,0
4383,1
4384,0
4385,0
4386,0
4387,1
4388,3
4389,0
4390,1
4391,0
4392,0
4393,3
4394,2
4395,1
4396,3
4397,2
4398,1
4399,1
4400,3
4401,1
4402,1
4403,1
4404,0
4405,2
4406,0
4407,1
4408,0
4409,3
4410,2
4411,0
4412,0
4413,2
4414,0
4415,0
4416,0
4417,1
4418,0
4419,0
4420,3
4421,0
4422,0
4423,2
4424,0
4425,7
4426,3
4427,0
4428,3
4429,1
4430,4
4431,4
4432,9
4433,3
4434,0
4435,3
4436,5
4437,1
4438,2
4439,1
4440,1
4441,5
4442,7
4443,2
4444,3
4445,3
4446,0
4447,0
4448,0
4449,0
4450,1
4451,3
4452,0
4453,5
4454,6
4455,2
4456,0
4457,2
4458,1
4459,8
4460,5
4461,0
4462,1
4463,3
4464,1
4465,0
4466,1
4467,6
4468,1
4469,0
4470,2
4471,0
4472,0
4473,2
4474,1
4475,1
4476,0
4477,3
4478,2
4479,0
4480,0
4481,1
4482,2
4483,0
4484,2
4485,2
4486,0
4487,0
4488,2
4489,0
4490,2
4491,0
4492,2
4493,4
4494,0
4495,6
4496,1
4497,1
4498,7
4499,1
4500,1
4501,3
4502,0
4503,2
4504,1
4505,2
4506,3
4507,1
4508,0
4509,0
4510,0
4511,1
4512,3
4513,3
4514,0
4515,1
4516,2
4517,2
4518,4
4519,0
4520,1
4521,0
4522,3
4523,1
4524,1
4525,0
4526,0
4527,3
4528,1
4529,1
4530,0
4531,2
4532,2
4533,3
4534,3
4535,1
4536,2
4537,1
4538,6
4539,1
4540,2
4541,0
4542,0
4543,0
4544,0
4545,4
4546,0
4547,0
4548,0
4549,0
4550,4
4551,0
4552,1
4553,1
4554,0
4555,3
4556,1
4557,1
4558,1
4559,1
4560,0
4561,8
4562,0
4563,2
4564,1
4565,0
4566,0
4567,3
4568,4
4569,0
4570,4
4571,1
4572,0
4573,1
4574,1
4575,6
4576,2
4577,1
4578,1
4579,1
4580,0
4581,1
4582,0
4583,1
4584,2
4585,0
4586,0
4587,2
4588,0
4589,1
4590,4
4591,1
4592,0
4593,2
4594,0
4595,6
4596,2
4597,0
4598,5
4599,4
4600,3
4601,0
4602,1
4603,0
4604,5
4605,0
4606,0
4607,1
4608,5
4609,0
4610,1
4611,1
4612,0
4613,0
4614,1
4615,5
4616,2
4617,1
4618,1
4619,0
4620,0
4621,3
4622,1
4623,7
4624,2
4625,4
4626,2
4627,1
4628,2
4629,0
4630,0
4631,1
4632,0
4633,1
4634,3
4635,0
4636,3
4637,0
4638,3
4639,1
4640,4
4641,2
4642,1
4643,1
4644,1
4645,0
4646,0
4647,0
4648,1
4649,0
4650,0
4651,0
4652,0
4653,1
4654,0
4655,3
4656,1
4657,2
4658,0
4659,6
4660,0
4661,2
4662,1
4663,0
4664,1
4665,0
4666,0
4667,1
4668,2
4669,1
4670,1
4671,11
4672,2
4673,1
4674,2
4675,2
4676,1
4677,0
4678,4
4679,0
4680,3
4681,0
4682,0
4683,2
4684,4
4685,4
4686,1
4687,0
4688,3
4689,4
4690,3
4691,0
4692,2
4693,1
4694,4
4695,0
4696,2
4697,4
4698,0
4699,0
4700,3
4701,1
4702,2
4703,1
4704,3
4705,3
4706,0
4707,2
4708,0
4709,4
4710,1
4711,0
4712,1
4713,1
4714,0
4715,0
4716,5
4717,2
4718,3
4719,0
4720,5
4721,1
4722,0
4723,1
4724,0
4725,1
4726,6
4727,0
4728,0
4729,3
4730,0
4731,2
4732,1
4733,3
4734,0
4735,1
4736,5
4737,5
4738,1
4739,1
4740,0
4741,0
4742,0
4743,3
4744,3
4745,1
4746,0
4747,2
4748,0
4749,1
4750,0
4751,1
4752,0
4753,2
4754,2
4755,0
4756,0
4757,2
4758,0
4759,0
4760,5
4761,1
4762,3
4763,2
4764,3
4765,0
4766,0
4767,3
4768,1
4769,3
4770,0
4771,1
4772,0
4773,0
4774,0
4775,0
4776,0
4777,1
4778,1
4779,1
4780,0
4781,5
4782,5
4783,0
4784,0
4785,0
4786,2
4787,3
4788,1
4789,0
4790,2
4791,2
4792,3
4793,0
4794,0
4795,4
4796,0
4797,0
4798,2
4799,1
4800,0
4801,0
4802,1
4803,2
4804,0
4805,1
4806,2
4807,2
4808,0
4809,0
4810,2
4811,0
4812,0
4813,1
4814,0
4815,4
4816,2
4817,1
4818,1
4819,2
4820,2
4821,3
4822,2
4823,1
4824,1
4825,0
4826,0
4827,0
4828,2
4829,0
4830,3
4831,3
4832,0
4833,0
4834,3
4835,0
4836,0
4837,0
4838,1
4839,4
4840,1
4841,0
4842,0
4843,1
4844,0
4845,1
4846,0
4847,5
4848,0
4849,2
4850,2
4851,0
4852,1
4853,1
4854,3
4855,1
4856,2
4857,0
4858,4
4859,3
4860,1
4861,0
4862,3
4863,6
4864,4
4865,1
4866,3
4867,2
4868,4
4869,3
4870,4
4871,1
4872,0
4873,2
4874,3
4875,0
4876,1
4877,6
4878,1
4879,1
4880,0
4881,2
4882,0
4883,1
4884,0
4885,1
4886,0
4887,0
4888,0
4889,3
4890,2
4891,0
4892,0
4893,4
4894,1
4895,1
4896,1
4897,0
4898,0
4899,4
4900,0
4901,1
4902,0
4903,0
4904,0
4905,1
4906,0
4907,1
4908,3
4909,1
4910,1
4911,1
4912,1
4913,3
4914,1
4915,0
4916,3
4917,1
4918,1
4919,1
4920,1
4921,0
4922,1
4923,4
4924,0
4925,0
4926,0
4927,0
4928,4
4929,1
4930,0
4931,0
4932,6
4933,0
4934,2
4935,2
4936,0
4937,0
4938,0
4939,0
4940,1
4941,2
4942,0
4943,4
4944,0
4945,1
4946,2
4947,0
4948,6
4949,1
4950,1
4951,1
4952,4
4953,0
4954,0
4955,0
4956,1
4957,2
4958,0
4959,0
4960,2
4961,0
4962,0
4963,2
4964,0
4965,2
4966,1
4967,4
4968,1
4969,1
4970,1
4971,0
4972,4
4973,1
4974,2
4975,2
4976,1
4977,1
4978,1
4979,1
4980,1
4981,4
4982,0
4983,2
4984,5
4985,2
4986,0
4987,0
4988,1
4989,0
4990,1
4991,1
4992,2
4993,4
4994,3
4995,2
4996,0
4997,1
4998,2
4999,2
5000,2
5001,0
5002,1
5003,1
5004,0
5005,6
5006,0
5007,1
5008,0
5009,2
5010,0
5011,3
5012,0
5013,1
5014,3
5015,0
5016,3
5017,1
5018,1
5019,1
5020,4
5021,0
5022,0
5023,5
5024,6
5025,0
5026,0
5027,0
5028,4
5029,0
5030,2
5031,2
5032,0
5033,1
5034,1
5035,3
5036,2
5037,0
5038,2
5039,0
5040,0
5041,1
5042,1
5043,0
5044,0
5045,2
5046,1
5047,0
5048,0
5049,1
5050,0
5051,1
5052,3
5053,0
5054,0
5055,5
5056,1
5057,4
5058,2
5059,0
5060,5
5061,1
5062,1
5063,2
5064,0
5065,2
5066,1
5067,1
5068,1
5069,1
5070,0
5071,1
5072,3
5073,0
5074,1
5075,0
5076,0
5077,1
5078,3
5079,1
5080,0
5081,0
5082,0
5083,0
5084,1
5085,0
5086,0
5087,1
5088,1
5089,0
5090,0
5091,1
5092,0
5093,0
5094,2
5095,0
5096,4
5097,2
5098,1
5099,0
5100,0
5101,0
5102,0
5103,1
5104,2
5105,1
5106,1
5107,2
5108,1
5109,0
5110,1
5111,1
5112,4
5113,2
5114,2
5115,0
5116,0
5117,1
5118,1
5119,2
5120,0
5121,2
5122,1
5123,0
5124,0
5125,2
5126,1
5127,1
5128,2
5129,0
5130,2
5131,1
5132,3
5133,0
5134,2
5135,0
5136,2
5137,0
5138,0
5139,2
5140,1
5141,1
5142,0
5143,5
5144,1
5145,0
5146,2
5147,5
5148,0
5149,1
5150,0
5151,0
5152,1
5153,1
5154,0
5155,1
5156,1
5157,0
5158,1
5159,3
5160,1
5161,4
5162,3
5163,3
5164,1
5165,2
5166,3
5167,0
5168,0
5169,3
5170,0
5171,1
5172,1
5173,1
5174,1
5175,0
5176,1
5177,0
5178,0
5179,0
5180,0
5181,0
5182,0
5183,2
5184,1
5185,0
5186,1
5187,2
5188,1
5189,1
5190,3
5191,2
5192,1
5193,3
5194,6
5195,4
5196,0
5197,1
5198,1
5199,2
5200,0
5201,0
5202,1
5203,1
5204,1
5205,0
5206,0
5207,0
5208,3
5209,3
5210,0
5211,3
5212,2
5213,2
5214,3
5215,3
5216,1
5217,1
5218,2
5219,0
5220,0
5221,2
5222,1
5223,0
5224,1
5225,1
5226,0
5227,1
5228,1
5229,2
5230,0
5231,0
5232,3
5233,2
5234,0
5235,1
5236,4
5237,1
5238,0
5239,0
5240,5
5241,2
5242,1
5243,1
5244,0
5245,5
5246,2
5247,1
5248,4
5249,0
5250,0
5251,2
5252,0
5253,2
5254,1
5255,2
5256,0
5257,2
5258,3
5259,4
5260,0
5261,2
5262,0
5263,2
5264,0
5265,1
5266,2
5267,2
5268,1
5269,5
5270,0
5271,2
5272,1
5273,0
5274,0
5275,4
5276,0
5277,1
5278,0
5279,0
5280,3
5281,0
5282,0
5283,0
5284,1
5285,3
5286,2
5287,0
5288,0
5289,0
5290,2
5291,2
5292,0
5293,1
5294,2
5295,4
5296,0
5297,0
5298,0
5299,1
5300,1
5301,3
5302,0
5303,3
5304,0
5305,2
5306,1
5307,0
5308,2
5309,1
5310,0
5311,2
5312,2
5313,1
5314,0
5315,1
5316,1
5317,1
5318,0
5319,1
5320,1
5321,7
5322,1
5323,2
5324,1
5325,0
5326,1
5327,7
5328,3
5329,4
5330,0
5331,1
5332,2
5333,0
5334,1
5335,0
5336,0
5337,1
5338,1
5339,2
5340,3
5341,0
5342,0
5343,0
5344,3
5345,0
5346,0
5347,3
5348,2
5349,0
5350,2
5351,1
5352,1
5353,2
5354,0
5355,5
5356,0
5357,0
5358,0
5359,2
5360,2
5361,2
5362,3
5363,1
5364,0
5365,2
5366,0
5367,0
5368,4
5369,3
5370,1
5371,2
5372,2
5373,0
5374,2
5375,0
5376,0
5377,2
5378,2
5379,0
5380,1
5381,0
5382,0
5383,1
5384,0
5385,0
5386,0
5387,1
5388,0
5389,1
5390,2
5391,0
5392,0
5393,3
5394,6
5395,1
5396,2
5397,1
5398,1
5399,1
5400,0
5401,2
5402,1
5403,3
5404,1
5405,1
5406,2
5407,3
5408,1
5409,0
5410,0
5411,1
5412,0
5413,0
5414,2
5415,1
5416,0
5417,2
5418,0
5419,0
5420,2
5421,5
5422,1
5423,0
5424,1
5425,0
5426,0
5427,2
5428,1
5429,1
5430,0
5431,5
5432,0
5433,2
5434,1
5435,1
5436,0
5437,0
5438,1
5439,0
5440,0
5441,1
5442,0
5443,0
5444,2
5445,0
5446,2
5447,1
5448,4
5449,1
5450,1
5451,0
5452,4
5453,1
5454,1
5455,1
5456,3
5457,3
5458,0
5459,0
5460,3
5461,2
5462,1
5463,3
5464,3
5465,0
5466,0
5467,2
5468,0
5469,1
5470,2
5471,6
5472,1
5473,1
5474,0
5475,1
5476,0
5477,1
5478,1
5479,2
5480,0
5481,0
5482,4
5483,1
5484,1
5485,2
5486,1
5487,3
5488,4
5489,3
5490,0
5491,3
5492,1
5493,4
5494,4
5495,0
5496,1
5497,0
5498,1
5499,0
5500,0
5501,0
5502,0
5503,2
5504,0
5505,6
5506,4
5507,6
5508,3
5509,1
5510,1
5511,2
5512,2
5513,1
5514,0
5515,1
5516,2
5517,3
5518,0
5519,3
5520,1
5521,1
5522,1
5523,1
5524,1
5525,3
5526,0
5527,3
5528,1
5529,1
5530,2
5531,0
5532,1
5533,0
5534,0
5535,3
5536,0
5537,2
5538,2
5539,1
5540,0
5541,3
5542,2
5543,0
5544,2
5545,3
5546,3
5547,2
5548,0
5549,0
5550,1
5551,1
5552,1
5553,0
5554,2
5555,2
5556,6
5557,0
5558,1
5559,1
5560,0
5561,0
5562,1
5563,1
5564,0
5565,1
5566,0
5567,1
5568,1
5569,2
5570,1
5571,1
5572,4
5573,2
5574,3
5575,1
5576,3
5577,1
5578,1
5579,5
5580,2
5581,1
5582,1
5583,1
5584,2
5585,3
5586,0
5587,0
5588,2
5589,0
5590,5
5591,1
5592,3
5593,1
5594,4
5595,1
5596,0
5597,1
5598,0
5599,2
5600,2
5601,0
5602,0
5603,1
5604,3
5605,1
5606,13
5607,2
5608,1
5609,2
5610,1
5611,2
5612,0
5613,1
5614,6
5615,1
5616,1
5617,1
5618,1
5619,2
5620,1
5621,0
5622,0
5623,1
5624,2
5625,0
5626,1
5627,0
5628,3
5629,1
5630,4
5631,1
5632,0
5633,0
5634,1
5635,1
5636,1
5637,0
5638,4
5639,0
5640,4
5641,0
5642,3
5643,0
5644,0
5645,1
5646,0
5647,2
5648,5
5649,0
5650,1
5651,1
5652,0
5653,2
5654,0
5655,0
5656,0
5657,1
5658,1
5659,1
5660,3
5661,0
5662,0
5663,1
5664,0
5665,1
5666,1
5667,2
5668,0
5669,1
5670,0
5671,2
5672,1
5673,0
5674,0
5675,2
5676,1
5677,3
5678,1
5679,2
5680,0
5681,2
5682,3
5683,3
5684,1
5685,0
5686,0
5687,3
5688,2
5689,2
5690,2
5691,2
5692,1
5693,0
5694,2
5695,0
5696,1
5697,0
5698,3
5699,2
5700,4
5701,2
5702,4
5703,1
5704,0
5705,0
5706,1
5707,0
5708,0
5709,1
5710,1
5711,8
5712,0
5713,1
5714,1
5715,4
5716,5
5717,1
5718,3
5719,0
5720,5
5721,1
5722,1
5723,4
5724,3
5725,1
5726,3
5727,1
5728,1
5729,1
5730,3
5731,1
5732,0
5733,0
5734,0
5735,0
5736,0
5737,2
5738,2
5739,0
5740,0
5741,0
5742,3
5743,1
5744,1
5745,0
5746,1
5747,2
5748,1
5749,4
5750,0
5751,5
5752,2
5753,1
5754,0
5755,3
5756,5
5757,1
5758,2
5759,7
5760,1
5761,0
5762,2
5763,0
5764,3
5765,3
5766,2
5767,0
5768,0
5769,1
5770,0
5771,4
5772,0
5773,1
5774,2
5775,1
5776,1
5777,1
5778,0
5779,1
5780,3
5781,0
5782,4
5783,0
5784,3
5785,1
5786,0
5787,2
5788,0
5789,5
5790,1
5791,1
5792,6
5793,3
5794,1
5795,3
5796,2
5797,0
5798,1
5799,3
5800,1
5801,3
5802,1
5803,4
5804,0
5805,0
5806,1
5807,1
5808,5
5809,3
5810,1
5811,2
5812,0
5813,0
5814,1
5815,4
5816,0
5817,2
5818,2
5819,5
5820,0
5821,3
5822,1
5823,1
5824,1
5825,1
5826,2
5827,1
5828,5
5829,2
5830,3
5831,0
5832,6
5833,0
5834,1
5835,0
5836,0
5837,0
5838,7
5839,1
5840,0
5841,0
5842,1
5843,5
5844,2
5845,0
5846,3
5847,2
5848,1
5849,0
5850,2
5851,4
5852,1
5853,0
5854,0
5855,11
5856,3
5857,1
5858,1
5859,0
5860,1
5861,1
5862,2
5863,0
5864,1
5865,0
5866,1
5867,2
5868,2
5869,2
5870,8
5871,0
5872,5
5873,2
5874,0
5875,0
5876,0
5877,2
5878,1
5879,0
5880,3
5881,0
5882,0
5883,4
5884,0
5885,1
5886,2
5887,1
5888,2
5889,2
5890,1
5891,0
5892,3
5893,3
5894,3
5895,0
5896,0
5897,3
5898,0
5899,2
5900,0
5901,1
5902,0
5903,2
5904,2
5905,2
5906,0
5907,1
5908,1
5909,2
5910,0
5911,0
5912,1
5913,0
5914,3
5915,8
5916,0
5917,2
5918,0
5919,0
5920,0
5921,0
5922,1
5923,2
5924,3
5925,0
5926,3
5927,6
5928,2
5929,1
5930,0
5931,0
5932,1
5933,1
5934,3
5935,3
5936,2
5937,2
5938,1
5939,1
5940,0
5941,2
5942,3
5943,0
5944,2
5945,0
5946,1
5947,5
5948,1
5949,0
5950,2
5951,1
5952,4
5953,0
5954,0
5955,0
5956,1
5957,0
5958,0
5959,1
5960,1
5961,0
5962,0
5963,1
5964,3
5965,1
5966,0
5967,0
5968,0
5969,0
5970,0
5971,3
5972,0
5973,1
5974,5
5975,3
5976,1
5977,1
5978,0
5979,1
5980,2
5981,0
5982,0
5983,1
5984,1
5985,1
5986,1
5987,4
5988,2
5989,0
5990,2
5991,1
5992,0
5993,2
5994,1
5995,0
5996,0
5997,1
5998,0
5999,1
6000,3
6001,0
6002,1
6003,0
6004,3
6005,2
6006,1
6007,0
6008,1
6009,1
6010,0
6011,4
6012,1
6013,0
6014,2
6015,2
6016,4
6017,2
6018,0
6019,0
6020,2
6021,1
6022,2
6023,0
6024,2
6025,5
6026,5
6027,2
6028,0
6029,1
6030,0
6031,0
6032,1
6033,3
6034,0
6035,0
6036,1
6037,1
6038,1
6039,1
6040,0
6041,0
6042,1
6043,3
6044,0
6045,0
6046,2
6047,1
6048,5
6049,5
6050,5
6051,3
6052,0
6053,2
6054,1
6055,0
6056,0
6057,1
6058,2
6059,1
6060,0
6061,1
6062,2
6063,2
6064,0
6065,1
6066,0
6067,0
6068,0
6069,1
6070,0
6071,4
6072,2
6073,0
6074,0
6075,1
6076,1
6077,2
6078,0
6079,0
6080,3
6081,1
6082,1
6083,0
6084,0
6085,3
6086,0
6087,1
6088,0
6089,5
6090,0
6091,1
6092,0
6093,7
6094,0
6095,1
6096,2
6097,1
6098,1
6099,2
6100,2
6101,0
6102,0
6103,1
6104,1
6105,2
6106,0
6107,1
6108,2
6109,2
6110,1
6111,0
6112,0
6113,1
6114,3
6115,1
6116,1
6117,1
6118,6
6119,1
6120,6
6121,1
6122,7
6123,3
6124,0
6125,1
6126,4
6127,0
6128,3
6129,0
6130,0
6131,1
6132,3
6133,0
6134,4
6135,0
6136,1
6137,2
6138,1
6139,0
6140,0
6141,1
6142,4
6143,9
6144,1
6145,1
6146,0
6147,1
6148,1
6149,0
6150,2
6151,2
6152,2
6153,1
6154,0
6155,2
6156,0
6157,1
6158,0
6159,1
6160,2
6161,3
6162,0
6163,6
6164,0
6165,0
6166,4
6167,2
6168,1
6169,1
6170,3
6171,0
6172,1
6173,2
6174,1
6175,0
6176,2
6177,0
6178,1
6179,0
6180,3
6181,1
6182,5
6183,0
6184,2
6185,0
6186,1
6187,1
6188,3
6189,1
6190,4
6191,1
6192,0
6193,2
6194,0
6195,2
6196,2
6197,1
6198,1
6199,4
6200,1
6201,1
6202,1
6203,2
6204,0
6205,4
6206,2
6207,0
6208,0
6209,5
6210,0
6211,2
6212,0
6213,0
6214,1
6215,1
6216,0
6217,0
6218,0
6219,2
6220,1
6221,0
6222,2
6223,3
6224,1
6225,0
6226,0
6227,0
6228,3
6229,0
6230,0
6231,0
6232,1
6233,1
6234,2
6235,1
6236,1
6237,0
6238,1
6239,0
6240,2
6241,1
6242,1
6243,0
6244,1
6245,1
6246,5
6247,0
6248,1
6249,0
6250,0
6251,2
6252,4
6253,0
6254,1
6255,3
6256,0
6257,2
6258,5
6259,1
6260,0
6261,1
6262,2
6263,2
6264,0
6265,0
6266,0
6267,0
6268,1
6269,3
6270,1
6271,0
6272,2
6273,5
6274,0
6275,0
6276,0
6277,0
6278,3
6279,2
6280,2
6281,4
6282,1
6283,1
6284,2
6285,2
6286,1
6287,3
6288,4
6289,4
6290,1
6291,0
6292,2
6293,2
6294,0
6295,0
6296,2
6297,2
6298,2
6299,2
6300,0
6301,1
6302,0
6303,0
6304,4
6305,1
6306,3
6307,3
6308,5
6309,0
6310,0
6311,3
6312,1
6313,0
6314,1
6315,1
6316,1
6317,2
6318,0
6319,0
6320,1
6321,1
6322,2
6323,0
6324,3
6325,0
6326,3
6327,2
6328,1
6329,0
6330,1
6331,0
6332,0
6333,3
6334,1
6335,2
6336,0
6337,0
6338,4
6339,1
6340,1
6341,2
6342,3
6343,1
6344,2
6345,0
6346,1
6347,0
6348,0
6349,1
6350,1
6351,2
6352,0
6353,0
6354,2
6355,2
6356,0
6357,2
6358,0
6359,2
6360,3
6361,0
6362,0
6363,0
6364,2
6365,1
6366,1
6367,1
6368,1
6369,1
6370,0
6371,2
6372,1
6373,1
6374,0
6375,4
6376,3
6377,5
6378,2
6379,2
6380,2
6381,0
6382,0
6383,3
6384,0
6385,3
6386,2
6387,0
6388,1
6389,0
6390,1
6391,0
6392,0
6393,4
6394,3
6395,1
6396,0
6397,1
6398,1
6399,0
6400,0
6401,0
6402,3
6403,2
6404,0
6405,1
6406,2
6407,2
6408,1
6409,2
6410,0
6411,1
6412,2
6413,1
6414,1
6415,1
6416,0
6417,0
6418,5
6419,0
6420,0
6421,0
6422,0
6423,1
6424,1
6425,1
6426,0
6427,0
6428,1
6429,2
6430,2
6431,2
6432,2
6433,1
6434,0
6435,1
6436,2
6437,1
6438,0
6439,1
6440,2
6441,1
6442,1
6443,1
6444,0
6445,3
6446,1
6447,1
6448,0
6449,2
6450,0
6451,0
6452,2
6453,1
6454,1
6455,2
6456,2
6457,6
6458,2
6459,1
6460,1
6461,1
6462,0
6463,2
6464,1
6465,0
6466,1
6467,1
6468,1
6469,1
6470,0
6471,1
6472,1
6473,0
6474,0
6475,0
6476,1
6477,3
6478,0
6479,0
6480,2
6481,1
6482,0
6483,0
6484,1
6485,1
6486,1
6487,1
6488,1
6489,0
6490,1
6491,1
6492,0
6493,2
6494,2
6495,1
6496,0
6497,0
6498,1
6499,1
6500,3
6501,0
6502,2
6503,4
6504,1
6505,3
6506,0
6507,0
6508,4
6509,1
6510,1
6511,1
6512,1
6513,0
6514,0
6515,1
6516,1
6517,3
6518,0
6519,0
6520,2
6521,1
6522,1
6523,1
6524,1
6525,0
6526,0
6527,0
6528,2
6529,1
6530,0
6531,1
6532,0
6533,3
6534,0
6535,0
6536,3
6537,0
6538,3
6539,2
6540,2
6541,2
6542,1
6543,2
6544,1
6545,4
6546,0
6547,1
6548,1
6549,1
6550,2
6551,0
6552,2
6553,0
6554,2
6555,2
6556,1
6557,1
6558,1
6559,5
6560,1
6561,3
6562,0
6563,1
6564,3
6565,2
6566,2
6567,0
6568,0
6569,2
6570,1
6571,0
6572,1
6573,1
6574,1
6575,2
6576,6
6577,2
6578,0
6579,1
6580,1
6581,1
6582,1
6583,3
6584,2
6585,0
6586,0
6587,2
6588,0
6589,0
6590,3
6591,5
6592,1
6593,0
6594,1
6595,0
6596,2
6597,1
6598,2
6599,1
6600,2
6601,1
6602,1
6603,2
6604,0
6605,3
6606,1
6607,1
6608,0
6609,1
6610,0
6611,2
6612,2
6613,3
6614,2
6615,2
6616,0
6617,1
6618,0
6619,1
6620,2
6621,3
6622,0
6623,4
6624,1
6625,0
6626,2
6627,2
6628,0
6629,0
6630,1
6631,3
6632,2
6633,0
6634,3
6635,4
6636,1
6637,3
6638,2
6639,0
6640,2
6641,0
6642,4
6643,1
6644,0
6645,0
6646,0
6647,3
6648,1
6649,0
6650,3
6651,1
6652,2
6653,1
6654,2
6655,1
6656,0
6657,2
6658,1
6659,3
6660,3
6661,1
6662,2
6663,0
6664,0
6665,1
6666,3
6667,3
6668,2
6669,0
6670,2
6671,1
6672,0
6673,1
6674,1
6675,2
6676,0
6677,0
6678,3
6679,0
6680,1
6681,3
6682,1
6683,2
6684,4
6685,0
6686,4
6687,2
6688,0
6689,1
6690,3
6691,2
6692,3
6693,0
6694,0
6695,0
6696,0
6697,2
6698,1
6699,0
6700,1
6701,1
6702,0
6703,2
6704,0
6705,1
6706,0
6707,2
6708,1
6709,4
6710,0
6711,2
6712,1
6713,2
6714,0
6715,0
6716,2
6717,0
6718,0
6719,2
6720,2
6721,0
6722,0
6723,0
6724,1
6725,5
6726,2
6727,1
6728,1
6729,0
6730,3
6731,1
6732,6
6733,1
6734,0
6735,0
6736,0
6737,2
6738,0
6739,0
6740,3
6741,3
6742,1
6743,0
6744,2
6745,0
6746,0
6747,0
6748,1
6749,0
6750,0
6751,1
6752,0
6753,1
6754,2
6755,1
6756,2
6757,0
6758,1
6759,1
6760,0
6761,2
6762,1
6763,1
6764,0
6765,2
6766,2
6767,0
6768,1
6769,0
6770,0
6771,0
6772,1
6773,2
6774,0
6775,3
6776,1
6777,2
6778,0
6779,2
6780,0
6781,3
6782,1
6783,1
6784,4
6785,0
6786,0
6787,1
6788,4
6789,1
6790,1
6791,1
6792,1
6793,1
6794,0
6795,0
6796,0
6797,1
6798,1
6799,0
6800,1
6801,0
6802,1
6803,2
6804,1
6805,3
6806,1
6807,0
6808,0
6809,0
6810,4
6811,3
6812,1
6813,0
6814,0
6815,0
6816,1
6817,1
6818,1
6819,2
6820,2
6821,1
6822,0
6823,1
6824,2
6825,1
6826,2
6827,1
6828,3
6829,0
6830,2
6831,2
6832,0
6833,1
6834,0
6835,0
6836,0
6837,1
6838,0
6839,4
6840,1
6841,1
6842,2
6843,0
6844,3
6845,2
6846,5
6847,2
6848,0
6849,3
6850,1
6851,5
6852,1
6853,2
6854,1
6855,2
6856,0
6857,0
6858,0
6859,1
6860,2
6861,3
6862,0
6863,2
6864,0
6865,1
6866,0
6867,1
6868,0
6869,2
6870,1
6871,1
6872,1
6873,0
6874,3
6875,0
6876,1
6877,3
6878,1
6879,2
6880,2
6881,2
6882,2
6883,0
6884,2
6885,2
6886,2
6887,2
6888,0
6889,0
6890,1
6891,1
6892,1
6893,3
6894,1
6895,0
6896,4
6897,1
6898,1
6899,0
6900,1
6901,0
6902,0
6903,0
6904,1
6905,2
6906,1
6907,2
6908,1
6909,2
6910,2
6911,2
6912,1
6913,0
6914,2
6915,0
6916,2
6917,3
6918,0
6919,2
6920,2
6921,0
6922,0
6923,0
6924,0
6925,1
6926,1
6927,1
6928,0
6929,0
6930,2
6931,0
6932,1
6933,0
6934,2
6935,1
6936,1
6937,1
6938,2
6939,0
6940,0
6941,0
6942,1
6943,1
6944,3
6945,3
6946,0
6947,0
6948,0
6949,1
6950,0
6951,1
6952,1
6953,0
6954,1
6955,0
6956,2
6957,1
6958,0
6959,1
6960,3
6961,2
6962,2
6963,0
6964,1
6965,2
6966,1
6967,0
6968,1
6969,1
6970,1
6971,0
6972,0
6973,2
6974,2
6975,4
6976,1
6977,0
6978,1
6979,0
6980,0
6981,3
6982,1
6983,0
6984,2
6985,2
6986,5
6987,0
6988,2
6989,0
6990,0
6991,3
6992,1
6993,0
6994,0
6995,4
6996,0
6997,2
6998,0
6999,0
7000,0
7001,4
7002,0
7003,0
7004,0
7005,1
7006,5
7007,3
7008,2
7009,1
7010,0
7011,2
7012,0
7013,0
7014,2
7015,1
7016,2
7017,0
7018,0
7019,1
7020,1
7021,1
7022,1
7023,1
7024,1
7025,2
7026,0
7027,1
7028,0
7029,0
7030,1
7031,0
7032,2
7033,0
7034,2
7035,0
7036,4
7037,1
7038,4
7039,0
7040,0
7041,1
7042,2
7043,2
7044,2
7045,2
7046,1
7047,0
7048,2
7049,1
7050,1
7051,1
7052,2
7053,2
7054,3
7055,4
7056,3
7057,1
7058,0
7059,5
7060,0
7061,3
7062,0
7063,0
7064,1
7065,1
7066,0
7067,1
7068,0
7069,1
7070,1
7071,0
7072,0
7073,1
7074,3
7075,0
7076,1
7077,6
7078,0
7079,2
7080,1
7081,1
7082,6
7083,0
7084,3
7085,1
7086,0
7087,1
7088,0
7089,1
7090,1
7091,0
7092,0
7093,0
7094,1
7095,3
7096,2
7097,2
7098,3
7099,7
7100,1
7101,0
7102,1
7103,1
7104,1
7105,1
7106,0
7107,0
7108,0
7109,0
7110,2
7111,1
7112,1
7113,3
7114,0
7115,2
7116,0
7117,6
7118,3
7119,0
7120,1
7121,0
7122,1
7123,1
7124,1
7125,2
7126,4
7127,0
7128,3
7129,1
7130,1
7131,3
7132,3
7133,1
7134,0
7135,1
7136,0
7137,1
7138,1
7139,1
7140,4
7141,0
7142,1
7143,1
7144,1
7145,2
7146,1
7147,1
7148,2
7149,0
7150,1
7151,0
7152,0
7153,1
7154,1
7155,3
7156,4
7157,3
7158,3
7159,2
7160,0
7161,1
7162,1
7163,0
7164,0
7165,0
7166,5
7167,0
7168,5
7169,0
7170,0
7171,3
7172,3
7173,1
7174,1
7175,0
7176,1
7177,1
7178,1
7179,1
7180,1
7181,1
7182,0
7183,2
7184,2
7185,6
7186,0
7187,0
7188,0
7189,1
7190,1
7191,3
7192,0
7193,0
7194,1
7195,1
7196,1
7197,0
7198,2
7199,3
7200,0
7201,1
7202,0
7203,2
7204,1
7205,3
7206,1
7207,1
7208,0
7209,0
7210,0
7211,0
7212,0
7213,1
7214,2
7215,0
7216,0
7217,0
7218,2
7219,3
7220,1
7221,4
7222,0
7223,1
7224,0
7225,1
7226,2
7227,0
7228,1
7229,1
7230,4
7231,1
7232,2
7233,0
7234,1
7235,0
7236,1
7237,1
7238,3
7239,0
7240,1
7241,1
7242,0
7243,2
7244,1
7245,5
7246,2
7247,0
7248,0
7249,1
7250,1
7251,1
7252,1
7253,2
7254,2
7255,0
7256,1
7257,1
7258,2
7259,0
7260,2
7261,0
7262,2
7263,1
7264,0
7265,0
7266,1
7267,0
7268,3
7269,0
7270,0
7271,3
7272,1
7273,0
7274,1
7275,1
7276,1
7277,1
7278,1
7279,2
7280,2
7281,0
7282,0
7283,2
7284,1
7285,2
7286,4
7287,0
7288,2
7289,2
7290,0
7291,1
7292,0
7293,2
7294,0
7295,1
7296,3
7297,2
7298,2
7299,1
7300,0
7301,1
7302,1
7303,0
7304,0
7305,2
7306,1
7307,0
7308,2
7309,0
7310,3
7311,2
7312,0
7313,1
7314,5
7315,2
7316,1
7317,0
7318,0
7319,3
7320,1
7321,1
7322,2
7323,2
7324,3
7325,1
7326,1
7327,3
7328,0
7329,2
7330,0
7331,2
7332,2
7333,0
7334,1
7335,0
7336,1
7337,2
7338,1
7339,2
7340,1
7341,2
7342,0
7343,0
7344,1
7345,0
7346,2
7347,1
7348,4
7349,0
7350,0
7351,2
7352,0
7353,2
7354,1
7355,1
7356,2
7357,2
7358,0
7359,0
7360,0
7361,2
7362,0
7363,4
7364,0
7365,0
7366,0
7367,0
7368,0
7369,0
7370,2
7371,1
7372,1
7373,1
7374,1
7375,3
7376,2
7377,1
7378,3
7379,1
7380,0
7381,0
7382,3
7383,1
7384,1
7385,5
7386,0
7387,0
7388,1
7389,0
7390,3
7391,0
7392,0
7393,3
7394,0
7395,1
7396,0
7397,1
7398,1
7399,0
7400,0
7401,4
7402,0
7403,0
7404,0
7405,1
7406,1
7407,4
7408,0
7409,0
7410,1
7411,2
7412,0
7413,0
7414,1
7415,1
7416,4
7417,2
7418,0
7419,1
7420,0
7421,3
7422,1
7423,0
7424,0
7425,2
7426,3
7427,0
7428,2
7429,2
7430,0
7431,0
7432,1
7433,1
7434,0
7435,0
7436,0
7437,0
7438,0
7439,0
7440,1
7441,0
7442,1
7443,2
7444,1
7445,1
7446,2
7447,1
7448,0
7449,1
7450,0
7451,2
7452,3
7453,1
7454,1
7455,1
7456,0
7457,0
7458,3
7459,1
7460,2
7461,1
7462,1
7463,4
7464,3
7465,0
7466,1
7467,0
7468,0
7469,2
7470,0
7471,0
7472,1
7473,0
7474,2
7475,0
7476,0
7477,0
7478,3
7479,1
7480,1
7481,1
7482,0
7483,1
7484,1
7485,1
7486,3
7487,1
7488,2
7489,0
7490,3
7491,0
7492,0
7493,1
7494,0
7495,3
7496,0
7497,2
7498,0
7499,0
7500,0
7501,1
7502,1
7503,1
7504,0
7505,0
7506,3
7507,3
7508,1
7509,1
7510,0
7511,0
7512,0
7513,2
7514,0
7515,0
7516,2
7517,5
7518,1
7519,0
7520,4
7521,0
7522,1
7523,0
7524,2
7525,0
7526,2
7527,3
7528,0
7529,0
7530,0
7531,0
7532,0
7533,2
7534,1
7535,1
7536,2
7537,0
7538,0
7539,1
7540,2
7541,0
7542,1
7543,4
7544,1
7545,3
7546,3
7547,3
7548,1
7549,1
7550,2
7551,0
7552,2
7553,2
7554,3
7555,0
7556,0
7557,2
7558,4
7559,3
7560,0
7561,0
7562,0
7563,2
7564,1
7565,2
7566,1
7567,3
7568,1
7569,2
7570,1
7571,1
7572,2
7573,0
7574,0
7575,0
7576,0
7577,1
7578,0
7579,2
7580,0
7581,1
7582,1
7583,2
7584,0
7585,0
7586,0
7587,0
7588,1
7589,4
7590,0
7591,1
7592,2
7593,0
7594,2
7595,2
7596,1
7597,0
7598,0
7599,1
7600,1
7601,3
7602,2
7603,1
7604,0
7605,5
7606,4
7607,0
7608,1
7609,1
7610,5
7611,2
7612,0
7613,2
7614,1
7615,0
7616,0
7617,3
7618,1
7619,1
7620,1
7621,5
7622,0
7623,2
7624,1
7625,0
7626,3
7627,1
7628,0
7629,0
7630,0
7631,1
7632,0
7633,2
7634,1
7635,0
7636,3
7637,3
7638,1
7639,1
7640,1
7641,0
7642,1
7643,0
7644,0
7645,0
7646,1
7647,0
7648,1
7649,0
7650,2
7651,2
7652,0
7653,0
7654,3
7655,0
7656,1
7657,2
7658,0
7659,3
7660,1
7661,0
7662,1
7663,3
7664,0
7665,3
7666,0
7667,0
7668,1
7669,1
7670,1
7671,3
7672,2
7673,4
7674,1
7675,1
7676,2
7677,1
7678,3
7679,1
7680,0
7681,0
7682,0
7683,3
7684,2
7685,0
7686,0
7687,2
7688,0
7689,1
7690,1
7691,1
7692,0
7693,1
7694,0
7695,4
7696,1
7697,0
7698,0
7699,1
7700,2
7701,3
7702,1
7703,0
7704,1
7705,1
7706,0
7707,2
7708,2
7709,2
7710,1
7711,3
7712,0
7713,0
7714,0
7715,0
7716,5
7717,4
7718,5
7719,1
7720,1
7721,0
7722,2
7723,1
7724,0
7725,1
7726,2
7727,2
7728,0
7729,1
7730,1
7731,2
7732,1
7733,0
7734,2
7735,1
7736,1
7737,0
7738,0
7739,0
7740,2
7741,0
7742,1
7743,1
7744,1
7745,1
7746,2
7747,1
7748,0
7749,1
7750,2
7751,0
7752,1
7753,3
7754,0
7755,0
7756,0
7757,3
7758,3
7759,2
7760,4
7761,0
7762,2
7763,0
7764,2
7765,0
7766,0
7767,0
7768,0
7769,0
7770,2
7771,0
7772,0
7773,0
7774,2
7775,0
7776,1
7777,0
7778,1
7779,3
7780,0
7781,2
7782,0
7783,1
7784,0
7785,0
7786,3
7787,0
7788,0
7789,1
7790,1
7791,1
7792,0
7793,2
7794,0
7795,0
7796,3
7797,1
7798,2
7799,0
7800,0
7801,1
7802,0
7803,1
7804,1
7805,0
7806,3
7807,4
7808,1
7809,1
7810,1
7811,0
7812,0
7813,2
7814,1
7815,3
7816,2
7817,0
7818,0
7819,0
7820,1
7821,0
7822,2
7823,0
7824,2
7825,2
7826,7
7827,1
7828,0
7829,1
7830,1
7831,2
7832,0
7833,2
7834,0
7835,2
7836,0
7837,0
7838,0
7839,0
7840,1
7841,0
7842,0
7843,0
7844,1
7845,2
7846,3
7847,0
7848,0
7849,0
7850,0
7851,1
7852,2
7853,2
7854,3
7855,0
7856,2
7857,4
7858,1
7859,1
7860,3
7861,1
7862,0
7863,1
7864,1
7865,3
7866,1
7867,2
7868,0
7869,2
7870,0
7871,0
7872,1
7873,0
7874,3
7875,1
7876,1
7877,2
7878,1
7879,1
7880,0
7881,0
7882,0
7883,0
7884,1
7885,0
7886,1
7887,1
7888,0
7889,1
7890,1
7891,2
7892,2
7893,2
7894,1
7895,2
7896,3
7897,6
7898,1
7899,2
7900,0
7901,1
7902,0
7903,2
7904,2
7905,3
7906,2
7907,0
7908,0
7909,3
7910,2
7911,0
7912,2
7913,2
7914,1
7915,2
7916,0
7917,2
7918,2
7919,2
7920,0
7921,1
7922,0
7923,1
7924,0
7925,0
7926,0
7927,1
7928,2
7929,3
7930,4
7931,1
7932,2
7933,0
7934,1
7935,1
7936,5
7937,1
7938,4
7939,0
7940,3
7941,0
7942,0
7943,1
7944,1
7945,0
7946,0
7947,1
7948,1
7949,1
7950,0
7951,1
7952,1
7953,0
7954,2
7955,0
7956,0
7957,1
7958,0
7959,0
7960,0
7961,1
7962,0
7963,0
7964,0
7965,1
7966,2
7967,0
7968,0
7969,1
7970,2
7971,0
7972,1
7973,1
7974,1
7975,0
7976,0
7977,1
7978,1
7979,1
7980,1
7981,1
7982,3
7983,0
7984,2
7985,1
7986,1
7987,0
7988,1
7989,2
7990,0
7991,0
7992,2
7993,0
7994,1
7995,0
7996,1
7997,1
7998,0
7999,1
8000,0
8001,3
8002,0
8003,2
8004,1
8005,1
8006,1
8007,2
8008,0
8009,0
8010,1
8011,1
8012,1
8013,2
8014,1
8015,1
8016,2
8017,0
8018,2
8019,1
8020,0
8021,3
8022,1
8023,1
8024,1
8025,0
8026,2
8027,2
8028,1
8029,2
8030,0
8031,0
8032,1
8033,0
8034,1
8035,2
8036,1
8037,2
8038,0
8039,3
8040,2
8041,1
8042,3
8043,0
8044,0
8045,0
8046,0
8047,3
8048,3
8049,1
8050,1
8051,0
8052,1
8053,2
8054,0
8055,2
8056,1
8057,1
8058,0
8059,1
8060,1
8061,0
8062,2
8063,2
8064,2
8065,0
8066,0
8067,2
8068,2
8069,2
8070,0
8071,0
8072,1
8073,0
8074,0
8075,3
8076,0
8077,1
8078,0
8079,0
8080,3
8081,0
8082,0
8083,0
8084,2
8085,1
8086,1
8087,0
8088,0
8089,2
8090,3
8091,1
8092,2
8093,0
8094,1
8095,1
8096,1
8097,1
8098,0
8099,0
8100,0
8101,0
8102,1
8103,1
8104,1
8105,0
8106,1
8107,1
8108,4
8109,1
8110,3
8111,0
8112,0
8113,3
8114,3
8115,0
8116,1
8117,1
8118,0
8119,2
8120,0
8121,1
8122,2
8123,1
8124,0
8125,0
8126,3
8127,0
8128,1
8129,1
8130,3
8131,2
8132,0
8133,0
8134,3
8135,1
8136,0
8137,0
8138,0
8139,1
8140,0
8141,0
8142,3
8143,2
8144,1
8145,2
8146,3
8147,2
8148,1
8149,3
8150,0
8151,0
8152,0
8153,0
8154,0
8155,0
8156,1
8157,0
8158,0
8159,1
8160,1
8161,2
8162,3
8163,1
8164,1
8165,4
8166,1
8167,0
8168,1
8169,2
8170,1
8171,3
8172,2
8173,0
8174,1
8175,2
8176,0
8177,0
8178,0
8179,1
8180,6
8181,0
8182,1
8183,2
8184,1
8185,1
8186,1
8187,0
8188,2
8189,0
8190,0
8191,0
8192,3
8193,3
8194,0
8195,0
8196,1
8197,2
8198,0
8199,1
8200,1
8201,0
8202,0
8203,0
8204,1
8205,1
8206,2
8207,3
8208,0
8209,1
8210,2
8211,0
8212,4
8213,1
8214,0
8215,4
8216,0
8217,2
8218,1
8219,1
8220,3
8221,0
8222,0
8223,2
8224,0
8225,3
8226,1
8227,1
8228,2
8229,0
8230,1
8231,0
8232,3
8233,2
8234,1
8235,2
8236,2
8237,2
8238,2
8239,0
8240,1
8241,1
8242,1
8243,2
8244,1
8245,0
8246,2
8247,0
8248,0
8249,3
8250,2
8251,0
8252,2
8253,0
8254,0
8255,2
8256,0
8257,3
8258,0
8259,2
8260,1
8261,0
8262,1
8263,0
8264,0
8265,0
8266,2
8267,4
8268,1
8269,1
8270,0
8271,1
8272,0
8273,5
8274,0
8275,0
8276,3
8277,1
8278,1
8279,0
8280,0
8281,1
8282,1
8283,1
8284,2
8285,0
8286,2
8287,1
8288,2
8289,4
8290,2
8291,3
8292,0
8293,0
8294,4
8295,0
8296,0
8297,0
8298,0
8299,0
8300,3
8301,0
8302,0
8303,4
8304,1
8305,0
8306,2
8307,1
8308,0
8309,4
8310,0
8311,0
8312,7
8313,0
8314,0
8315,2
8316,5
8317,3
8318,0
8319,2
8320,1
8321,0
8322,1
8323,1
8324,5
8325,0
8326,2
8327,0
8328,0
8329,0
8330,1
8331,1
8332,3
8333,1
8334,0
8335,0
8336,2
8337,0
8338,1
8339,3
8340,0
8341,0
8342,0
8343,1
8344,3
8345,0
8346,1
8347,4
8348,1
8349,0
8350,2
8351,4
8352,2
8353,0
8354,1
8355,0
8356,1
8357,1
8358,2
8359,1
8360,2
8361,0
8362,1
8363,0
8364,1
8365,1
8366,0
8367,1
8368,2
8369,0
8370,1
8371,1
8372,1
8373,0
8374,0
8375,0
8376,3
8377,2
8378,3
8379,1
8380,4
8381,1
8382,2
8383,2
8384,2
8385,0
8386,1
8387,2
8388,0
8389,4
8390,4
8391,2
8392,2
8393,0
8394,2
8395,3
8396,3
8397,3
8398,1
8399,0
8400,1
8401,1
8402,0
8403,0
8404,1
8405,1
8406,0
8407,1
8408,0
8409,2
8410,1
8411,1
8412,0
8413,1
8414,0
8415,0
8416,2
8417,0
8418,1
8419,1
8420,0
8421,2
8422,2
8423,1
8424,7
8425,1
8426,0
8427,0
8428,2
8429,1
8430,1
8431,1
8432,1
8433,0
8434,0
8435,0
8436,1
8437,0
8438,0
8439,0
8440,0
8441,0
8442,1
8443,1
8444,0
8445,0
8446,0
8447,3
8448,0
8449,0
8450,0
8451,0
8452,3
8453,4
8454,2
8455,2
8456,4
8457,0
8458,1
8459,1
8460,2
8461,0
8462,2
8463,3
8464,2
8465,2
8466,1
8467,0
8468,1
8469,0
8470,0
8471,0
8472,1
8473,0
8474,1
8475,2
8476,1
8477,0
8478,2
8479,0
8480,2
8481,0
8482,0
8483,4
8484,1
8485,0
8486,0
8487,1
8488,0
8489,2
8490,1
8491,1
8492,2
8493,2
8494,1
8495,1
8496,2
8497,3
8498,0
8499,0
8500,0
8501,3
8502,0
8503,2
8504,3
8505,4
8506,0
8507,0
8508,0
8509,0
8510,0
8511,3
8512,0
8513,0
8514,1
8515,0
8516,0
8517,1
8518,1
8519,1
8520,1
8521,1
8522,1
8523,2
8524,0
8525,1
8526,0
8527,3
8528,1
8529,2
8530,7
8531,3
8532,1
8533,2
8534,0
8535,1
8536,0
8537,2
8538,1
8539,1
8540,0
8541,1
8542,2
8543,3
8544,2
8545,3
8546,0
8547,0
8548,0
8549,3
8550,1
8551,1
8552,2
8553,1
8554,0
8555,0
8556,0
8557,1
8558,2
8559,1
8560,3
8561,2
8562,1
8563,0
8564,1
8565,0
8566,1
8567,1
8568,1
8569,2
8570,2
8571,0
8572,2
8573,2
8574,1
8575,1
8576,2
8577,3
8578,1
8579,4
8580,1
8581,0
8582,0
8583,2
8584,2
8585,0
8586,0
8587,3
8588,3
8589,2
8590,3
8591,1
8592,2
8593,3
8594,1
8595,2
8596,1
8597,0
8598,3
8599,0
8600,2
8601,2
8602,1
8603,2
8604,2
8605,0
8606,0
8607,2
8608,1
8609,1
8610,1
8611,0
8612,1
8613,0
8614,0
8615,2
8616,3
8617,3
8618,1
8619,1
8620,1
8621,0
8622,1
8623,0
8624,0
8625,1
8626,0
8627,2
8628,2
8629,0
8630,0
8631,0
8632,2
8633,1
8634,1
8635,0
8636,1
8637,0
8638,3
8639,1
8640,1
8641,0
8642,1
8643,2
8644,1
8645,2
8646,0
8647,1
8648,0
8649,2
8650,2
8651,1
8652,0
8653,0
8654,1
8655,1
8656,0
8657,5
8658,0
8659,1
8660,1
8661,4
8662,2
8663,0
8664,1
8665,1
8666,0
8667,0
8668,1
8669,1
8670,3
8671,0
8672,0
8673,1
8674,2
8675,0
8676,2
8677,0
8678,1
8679,2
8680,0
8681,2
8682,2
8683,2
8684,0
8685,0
8686,2
8687,1
8688,0
8689,0
8690,1
8691,0
8692,4
8693,1
8694,1
8695,2
8696,0
8697,1
8698,1
8699,6
8700,1
8701,6
8702,0
8703,3
8704,0
8705,3
8706,2
8707,3
8708,1
8709,0
8710,0
8711,3
8712,3
8713,1
8714,1
8715,1
8716,1
8717,2
8718,0
8719,1
8720,2
8721,2
8722,0
8723,1
8724,1
8725,2
8726,1
8727,2
8728,5
8729,1
8730,0
8731,1
8732,0
8733,3
8734,0
8735,0
8736,1
8737,1
8738,2
8739,0
8740,2
8741,0
8742,3
8743,0
8744,2
8745,0
8746,1
8747,1
8748,2
8749,2
8750,1
8751,1
8752,2
8753,0
8754,0
8755,1
8756,3
8757,2
8758,1
8759,1
8760,0
8761,3
8762,1
8763,0
8764,1
8765,0
8766,1
8767,1
8768,2
8769,1
8770,1
8771,0
8772,0
8773,1
8774,0
8775,1
8776,1
8777,0
8778,0
8779,0
8780,4
8781,0
8782,0
8783,0
8784,1
8785,0
8786,2
8787,2
8788,2
8789,1
8790,0
8791,0
8792,0
8793,1
8794,1
8795,0
8796,2
8797,1
8798,1
8799,0
8800,2
8801,1
8802,1
8803,2
8804,1
8805,1
8806,2
8807,0
8808,1
8809,0
8810,1
8811,2
8812,1
8813,2
8814,3
8815,2
8816,0
8817,1
8818,0
8819,3
8820,2
8821,0
8822,3
8823,1
8824,0
8825,0
8826,0
8827,0
8828,1
8829,1
8830,0
8831,4
8832,0
8833,1
8834,0
8835,0
8836,2
8837,2
8838,1
8839,1
8840,1
8841,1
8842,1
8843,2
8844,1
8845,3
8846,1
8847,2
8848,0
8849,3
8850,1
8851,3
8852,0
8853,0
8854,3
8855,0
8856,4
8857,0
8858,0
8859,1
8860,0
8861,1
8862,2
8863,1
8864,2
8865,0
8866,3
8867,1
8868,0
8869,1
8870,0
8871,0
8872,0
8873,2
8874,0
8875,0
8876,3
8877,0
8878,1
8879,2
8880,1
8881,1
8882,4
8883,0
8884,2
8885,3
8886,2
8887,0
8888,0
8889,0
8890,2
8891,0
8892,1
8893,2
8894,0
8895,0
8896,2
8897,2
8898,2
8899,1
8900,1
8901,1
8902,0
8903,2
8904,1
8905,1
8906,0
8907,0
8908,2
8909,5
8910,1
8911,1
8912,0
8913,1
8914,1
8915,2
8916,2
8917,0
8918,1
8919,1
8920,2
8921,0
8922,2
8923,0
8924,0
8925,3
8926,1
8927,3
8928,2
8929,0
8930,0
8931,2
8932,3
8933,1
8934,0
8935,2
8936,3
8937,1
8938,1
8939,1
8940,2
8941,1
8942,2
8943,1
8944,2
8945,1
8946,1
8947,3
8948,3
8949,0
8950,1
8951,0
8952,0
8953,0
8954,2
8955,0
8956,1
8957,0
8958,1
8959,1
8960,1
8961,1
8962,1
8963,1
8964,1
8965,1
8966,3
8967,0
8968,3
8969,1
8970,1
8971,3
8972,0
8973,0
8974,2
8975,2
8976,2
8977,2
8978,1
8979,0
8980,1
8981,3
8982,0
8983,2
8984,0
8985,2
8986,1
8987,1
8988,1
8989,1
8990,0
8991,0
8992,0
8993,0
8994,0
8995,0
8996,3
8997,1
8998,0
8999,1
9000,2
9001,0
9002,0
9003,1
9004,3
9005,1
9006,2
9007,0
9008,0
9009,1
9010,1
9011,1
9012,4
9013,0
9014,1
9015,1
9016,2
9017,0
9018,1
9019,2
9020,0
9021,1
9022,1
9023,1
9024,3
9025,2
9026,3
9027,3
9028,0
9029,0
9030,1
9031,0
9032,3
9033,0
9034,1
9035,1
9036,1
9037,3
9038,1
9039,2
9040,0
9041,1
9042,1
9043,2
9044,4
9045,2
9046,1
9047,1
9048,1
9049,0
9050,1
9051,0
9052,0
9053,2
9054,1
9055,0
9056,5
9057,0
9058,5
9059,0
9060,0
9061,1
9062,0
9063,3
9064,0
9065,0
9066,0
9067,3
9068,1
9069,1
9070,0
9071,1
9072,3
9073,1
9074,0
9075,0
9076,3
9077,0
9078,2
9079,2
9080,0
9081,1
9082,2
9083,1
9084,1
9085,2
9086,0
9087,2
9088,2
9089,1
9090,0
9091,2
9092,2
9093,4
9094,2
9095,0
9096,1
9097,0
9098,0
9099,0
9100,0
9101,1
9102,1
9103,3
9104,0
9105,1
9106,1
9107,1
9108,1
9109,0
9110,1
9111,0
9112,0
9113,1
9114,2
9115,2
9116,0
9117,0
9118,3
9119,0
9120,2
9121,1
9122,0
9123,0
9124,1
9125,1
9126,0
9127,1
9128,2
9129,2
9130,0
9131,1
9132,2
9133,1
9134,0
9135,1
9136,2
9137,1
9138,0
9139,1
9140,0
9141,1
9142,2
9143,0
9144,1
9145,0
9146,1
9147,0
9148,3
9149,2
9150,3
9151,0
9152,2
9153,2
9154,0
9155,2
9156,1
9157,1
9158,4
9159,1
9160,1
9161,1
9162,1
9163,2
9164,1
9165,4
9166,0
9167,2
9168,0
9169,2
9170,1
9171,1
9172,2
9173,1
9174,1
9175,1
9176,0
9177,1
9178,2
9179,2
9180,0
9181,0
9182,0
9183,0
9184,1
9185,0
9186,1
9187,1
9188,0
9189,0
9190,2
9191,0
9192,0
9193,0
9194,0
9195,2
9196,1
9197,0
9198,1
9199,1
9200,2
9201,0
9202,0
9203,1
9204,0
9205,1
9206,1
9207,0
9208,1
9209,1
9210,2
9211,0
9212,1
9213,0
9214,0
9215,1
9216,2
9217,0
9218,1
9219,0
9220,1
9221,0
9222,0
9223,0
9224,1
9225,2
9226,1
9227,1
9228,3
9229,1
9230,0
9231,1
9232,3
9233,0
9234,1
9235,1
9236,1
9237,0
9238,1
9239,2
9240,0
9241,1
9242,1
9243,1
9244,3
9245,0
9246,2
9247,0
9248,2
9249,1
9250,0
9251,2
9252,0
9253,2
9254,0
9255,2
9256,4
9257,0
9258,1
9259,1
9260,0
9261,1
9262,1
9263,0
9264,0
9265,1
9266,0
9267,2
9268,4
9269,2
9270,3
9271,2
9272,1
9273,1
9274,3
9275,0
9276,2
9277,4
9278,0
9279,0
9280,0
9281,0
9282,0
9283,0
9284,2
9285,0
9286,1
9287,0
9288,0
9289,1
9290,0
9291,1
9292,1
9293,0
9294,2
9295,1
9296,1
9297,2
9298,0
9299,1
9300,1
9301,1
9302,0
9303,0
9304,2
9305,1
9306,2
9307,0
9308,3
9309,0
9310,1
9311,0
9312,1
9313,0
9314,0
9315,0
9316,2
9317,0
9318,0
9319,2
9320,0
9321,0
9322,1
9323,0
9324,0
9325,0
9326,3
9327,1
9328,1
9329,1
9330,0
9331,0
9332,2
9333,0
9334,1
9335,0
9336,1
9337,4
9338,1
9339,0
9340,2
9341,0
9342,0
9343,2
9344,2
9345,1
9346,2
9347,2
9348,1
9349,2
9350,1
9351,1
9352,0
9353,1
9354,0
9355,2
9356,1
9357,1
9358,3
9359,2
9360,1
9361,1
9362,3
9363,0
9364,1
9365,0
9366,1
9367,1
9368,1
9369,1
9370,1
9371,1
9372,0
9373,2
9374,0
9375,0
9376,2
9377,0
9378,2
9379,0
9380,1
9381,1
9382,0
9383,1
9384,0
9385,1
9386,1
9387,2
9388,1
9389,1
9390,2
9391,1
9392,4
9393,1
9394,0
9395,1
9396,1
9397,1
9398,3
9399,1
9400,0
9401,1
9402,0
9403,0
9404,0
9405,0
9406,0
9407,2
9408,1
9409,1
9410,0
9411,1
9412,0
9413,2
9414,1
9415,1
9416,1
9417,2
9418,0
9419,3
9420,3
9421,0
9422,2
9423,4
9424,1
9425,2
9426,2
9427,1
9428,0
9429,1
9430,1
9431,1
9432,1
9433,0
9434,1
9435,0
9436,1
9437,0
9438,0
9439,2
9440,0
9441,0
9442,1
9443,0
9444,0
9445,4
9446,0
9447,0
9448,0
9449,0
9450,3
9451,0
9452,1
9453,0
9454,1
9455,1
9456,1
9457,2
9458,0
9459,2
9460,0
9461,1
9462,3
9463,0
9464,2
9465,1
9466,0
9467,0
9468,0
9469,1
9470,2
9471,0
9472,4
9473,1
9474,1
9475,1
9476,0
9477,1
9478,1
9479,1
9480,1
9481,0
9482,2
9483,0
9484,0
9485,2
9486,2
9487,1
9488,1
9489,1
9490,1
9491,0
9492,4
9493,1
9494,0
9495,2
9496,0
9497,2
9498,1
9499,2
9500,0
9501,0
9502,0
9503,2
9504,2
9505,0
9506,1
9507,0
9508,1
9509,1
9510,3
9511,2
9512,2
9513,0
9514,0
9515,4
9516,2
9517,0
9518,0
9519,1
9520,2
9521,0
9522,3
9523,1
9524,2
9525,2
9526,1
9527,1
9528,0
9529,0
9530,0
9531,1
9532,1
9533,1
9534,2
9535,1
9536,1
9537,1
9538,0
9539,0
9540,1
9541,3
9542,0
9543,0
9544,0
9545,0
9546,1
9547,1
9548,1
9549,0
9550,3
9551,1
9552,2
9553,0
9554,0
9555,1
9556,1
9557,0
9558,2
9559,1
9560,2
9561,2
9562,1
9563,2
9564,2
9565,0
9566,3
9567,0
9568,0
9569,0
9570,3
9571,2
9572,2
9573,0
9574,1
9575,0
9576,3
9577,1
9578,1
9579,0
9580,0
9581,1
9582,2
9583,0
9584,0
9585,2
9586,1
9587,2
9588,0
9589,0
9590,1
9591,1
9592,0
9593,2
9594,1
9595,0
9596,0
9597,0
9598,1
9599,0
9600,1
9601,0
9602,0
9603,0
9604,0
9605,1
9606,0
9607,3
9608,1
9609,1
9610,0
9611,3
9612,1
9613,1
9614,1
9615,1
9616,1
9617,3
9618,1
9619,3
9620,0
9621,0
9622,0
9623,0
9624,1
9625,1
9626,1
9627,3
9628,1
9629,0
9630,0
9631,0
9632,0
9633,2
9634,0
9635,3
9636,0
9637,1
9638,1
9639,0
9640,3
9641,2
9642,2
9643,2
9644,0
9645,1
9646,4
9647,0
9648,0
9649,1
9650,2
9651,0
9652,0
9653,1
9654,3
9655,1
9656,0
9657,0
9658,0
9659,3
9660,2
9661,3
9662,1
9663,2
9664,1
9665,1
9666,2
9667,1
9668,0
9669,1
9670,1
9671,3
9672,2
9673,0
9674,4
9675,1
9676,0
9677,0
9678,1
9679,2
9680,0
9681,1
9682,2
9683,0
9684,0
9685,2
9686,2
9687,1
9688,4
9689,0
9690,1
9691,2
9692,2
9693,1
9694,1
9695,0
9696,3
9697,3
9698,1
9699,0
9700,3
9701,1
9702,0
9703,1
9704,1
9705,2
9706,1
9707,1
9708,2
9709,1
9710,0
9711,0
9712,0
9713,0
9714,1
9715,0
9716,1
9717,1
9718,0
9719,2
9720,3
9721,1
9722,0
9723,2
9724,0
9725,1
9726,1
9727,0
9728,2
9729,0
9730,0
9731,0
9732,1
9733,0
9734,1
9735,0
9736,0
9737,0
9738,1
9739,1
9740,2
9741,2
9742,1
9743,1
9744,0
9745,0
9746,1
9747,1
9748,1
9749,0
9750,2
9751,1
9752,0
9753,1
9754,2
9755,0
9756,3
9757,2
9758,2
9759,1
9760,1
9761,2
9762,1
9763,2
9764,1
9765,0
9766,2
9767,2
9768,0
9769,3
9770,1
9771,1
9772,2
9773,2
9774,0
9775,1
9776,1
9777,2
9778,0
9779,1
9780,1
9781,1
9782,1
9783,0
9784,2
9785,1
9786,1
9787,1
9788,1
9789,1
9790,2
9791,2
9792,1
9793,3
9794,3
9795,0
9796,0
9797,0
9798,0
9799,0
9800,1
9801,0
9802,0
9803,0
9804,2
9805,1
9806,0
9807,2
9808,1
9809,1
9810,1
9811,0
9812,1
9813,0
9814,1
9815,0
9816,2
9817,1
9818,2
9819,2
9820,0
9821,3
9822,0
9823,1
9824,1
9825,1
9826,0
9827,0
9828,0
9829,0
9830,0
9831,1
9832,0
9833,1
9834,0
9835,1
9836,0
9837,2
9838,2
9839,0
9840,0
9841,0
9842,1
9843,0
9844,0
9845,0
9846,1
9847,0
9848,2
9849,2
9850,1
9851,0
9852,2
9853,1
9854,1
9855,2
9856,1
9857,2
9858,0
9859,0
9860,0
9861,0
9862,0
9863,1
9864,1
9865,1
9866,0
9867,1
9868,0
9869,0
9870,0
9871,1
9872,2
9873,1
9874,2
9875,1
9876,2
9877,0
9878,1
9879,1
9880,1
9881,1
9882,0
9883,0
9884,1
9885,2
9886,0
9887,1
9888,1
9889,1
9890,1
9891,2
9892,2
9893,1
9894,2
9895,1
9896,0
9897,1
9898,0
9899,2
9900,2
9901,0
9902,1
9903,1
9904,2
9905,1
9906,2
9907,1
9908,3
9909,2
9910,2
9911,2
9912,0
9913,3
9914,1
9915,1
9916,1
9917,1
9918,1
9919,3
9920,1
9921,1
9922,0
9923,1
9924,1
9925,0
9926,1
9927,0
9928,0
9929,0
9930,1
9931,0
9932,0
9933,1
9934,1
9935,2
9936,1
9937,2
9938,1
9939,3
9940,1
9941,1
9942,0
9943,2
9944,0
9945,0
9946,1
9947,0
9948,2
9949,1
9950,2
9951,0
9952,1
9953,1
9954,0
9955,1
9956,0
9957,2
9958,1
9959,3
9960,1
9961,1
9962,0
9963,1
9964,2
9965,2
9966,0
9967,0
9968,1
9969,2
9970,0
9971,4
9972,2
9973,2
9974,1
9975,1
9976,1
9977,2
9978,1
9979,1
9980,2
9981,0
9982,1
9983,0
9984,1
9985,2
9986,0
9987,0
9988,0
9989,1
9990,1
9991,0
9992,1
9993,0
9994,1
9995,1
9996,2
9997,0
9998,0
9999,1
