0,434
1,30
2,17
3,89
4,39
5,0
6,6
7,0
8,27
9,0
10,0
11,21
12,14
13,0
14,9
15,4
16,0
17,2
18,71
19,0
20,0
21,0
22,19
23,2
24,25
25,62
26,33
27,32
28,7
29,23
30,96
31,0
32,18
33,0
34,21
35,1
36,0
37,0
38,0
39,0
40,0
41,0
42,6
43,0
44,12
45,36
46,0
47,74
48,16
49,27
50,3
51,0
52,19
53,0
54,56
55,0
56,7
57,2
58,44
59,0
60,23
61,34
62,0
63,0
64,0
65,0
66,29
67,7
68,1
69,0
70,19
71,15
72,27
73,48
74,0
75,92
76,14
77,2
78,0
79,12
80,2
81,0
82,27
83,37
84,14
85,12
86,0
87,0
88,5
89,0
90,27
91,13
92,0
93,3
94,0
95,16
96,0
97,0
98,5
99,14
100,41
101,0
102,0
103,0
104,5
105,1
106,14
107,0
108,0
109,2
110,0
111,3
112,1
113,9
114,4
115,20
116,37
117,0
118,13
119,3
120,1
121,23
122,10
123,0
124,15
125,2
126,0
127,2
128,0
129,28
130,31
131,0
132,0
133,7
134,1
135,18
136,8
137,6
138,0
139,0
140,0
141,0
142,0
143,0
144,0
145,11
146,18
147,0
148,4
149,48
150,12
151,2
152,0
153,0
154,0
155,13
156,2
157,0
158,19
159,3
160,0
161,25
162,31
163,0
164,8
165,18
166,22
167,1
168,26
169,18
170,15
171,0
172,0
173,1
174,0
175,11
176,0
177,0
178,5
179,0
180,0
181,9
182,0
183,12
184,26
185,12
186,0
187,0
188,0
189,6
190,19
191,4
192,10
193,16
194,0
195,12
196,0
197,0
198,5
199,1
200,6
201,18
202,0
203,23
204,2
205,40
206,0
207,8
208,35
209,0
210,3
211,10
212,0
213,3
214,0
215,9
216,10
217,12
218,7
219,10
220,26
221,22
222,24
223,0
224,1
225,5
226,0
227,11
228,0
229,3
230,12
231,0
232,46
233,1
234,0
235,5
236,4
237,14
238,6
239,12
240,8
241,0
242,0
243,0
244,0
245,8
246,0
247,1
248,1
249,41
250,21
251,0
252,0
253,0
254,4
255,1
256,0
257,0
258,0
259,0
260,15
261,8
262,11
263,7
264,0
265,11
266,0
267,7
268,5
269,21
270,0
271,6
272,33
273,0
274,3
275,9
276,5
277,9
278,10
279,0
280,18
281,0
282,0
283,10
284,11
285,2
286,1
287,3
288,24
289,0
290,0
291,5
292,22
293,3
294,2
295,8
296,0
297,16
298,8
299,0
300,0
301,0
302,5
303,6
304,6
305,8
306,14
307,10
308,3
309,0
310,0
311,7
312,0
313,0
314,30
315,4
316,1
317,0
318,2
319,0
320,6
321,0
322,12
323,1
324,0
325,7
326,7
327,0
328,0
329,24
330,5
331,15
332,3
333,3
334,2
335,0
336,4
337,6
338,11
339,0
340,7
341,5
342,26
343,10
344,8
345,8
346,17
347,0
348,2
349,8
350,8
351,7
352,0
353,2
354,0
355,6
356,0
357,12
358,10
359,0
360,8
361,5
362,0
363,0
364,0
365,5
366,11
367,12
368,0
369,2
370,6
371,3
372,0
373,5
374,15
375,3
376,3
377,1
378,0
379,0
380,11
381,0
382,4
383,0
384,4
385,1
386,5
387,19
388,0
389,7
390,0
391,0
392,0
393,13
394,0
395,0
396,2
397,0
398,3
399,3
400,0
401,19
402,3
403,0
404,11
405,3
406,0
407,13
408,1
409,0
410,0
411,0
412,4
413,0
414,0
415,8
416,0
417,7
418,5
419,2
420,3
421,0
422,4
423,8
424,3
425,3
426,2
427,0
428,0
429,0
430,4
431,2
432,0
433,11
434,0
435,4
436,0
437,0
438,4
439,3
440,13
441,16
442,9
443,1
444,9
445,0
446,0
447,0
448,2
449,0
450,2
451,0
452,1
453,2
454,7
455,7
456,12
457,18
458,5
459,10
460,0
461,5
462,1
463,11
464,0
465,10
466,0
467,2
468,0
469,3
470,6
471,0
472,0
473,10
474,6
475,0
476,0
477,0
478,14
479,24
480,0
481,0
482,30
483,15
484,3
485,2
486,13
487,3
488,8
489,18
490,2
491,8
492,3
493,21
494,0
495,19
496,0
497,4
498,8
499,2
500,1
501,3
502,0
503,0
504,6
505,8
506,0
507,6
508,5
509,3
510,1
511,0
512,5
513,0
514,4
515,9
516,0
517,8
518,0
519,1
520,0
521,0
522,0
523,2
524,0
525,2
526,2
527,0
528,2
529,4
530,0
531,7
532,0
533,2
534,0
535,0
536,1
537,0
538,3
539,7
540,0
541,5
542,9
543,4
544,7
545,0
546,0
547,0
548,0
549,6
550,5
551,0
552,5
553,16
554,0
555,0
556,16
557,10
558,0
559,9
560,5
561,8
562,9
563,17
564,4
565,0
566,0
567,7
568,0
569,0
570,0
571,0
572,0
573,1
574,0
575,0
576,11
577,3
578,2
579,2
580,19
581,13
582,4
583,8
584,6
585,6
586,1
587,1
588,10
589,10
590,0
591,0
592,7
593,1
594,8
595,17
596,14
597,3
598,0
599,1
600,3
601,0
602,5
603,5
604,19
605,21
606,8
607,1
608,0
609,2
610,3
611,3
612,0
613,0
614,5
615,1
616,0
617,8
618,0
619,15
620,2
621,21
622,2
623,0
624,3
625,0
626,27
627,5
628,0
629,3
630,4
631,0
632,11
633,4
634,0
635,1
636,2
637,2
638,0
639,11
640,2
641,13
642,0
643,0
644,29
645,1
646,2
647,1
648,1
649,4
650,0
651,4
652,0
653,8
654,2
655,6
656,2
657,5
658,8
659,3
660,0
661,0
662,3
663,0
664,5
665,0
666,0
667,1
668,11
669,2
670,0
671,2
672,14
673,3
674,2
675,3
676,2
677,0
678,0
679,1
680,2
681,0
682,0
683,8
684,4
685,9
686,0
687,6
688,0
689,0
690,0
691,0
692,4
693,1
694,12
695,0
696,0
697,0
698,0
699,0
700,3
701,0
702,0
703,1
704,7
705,0
706,4
707,14
708,2
709,7
710,1
711,2
712,3
713,1
714,10
715,0
716,2
717,2
718,0
719,1
720,0
721,0
722,1
723,0
724,0
725,0
726,0
727,21
728,14
729,2
730,2
731,0
732,1
733,7
734,3
735,4
736,1
737,5
738,0
739,2
740,0
741,6
742,0
743,2
744,0
745,0
746,0
747,2
748,0
749,7
750,0
751,8
752,0
753,4
754,0
755,1
756,0
757,19
758,0
759,7
760,3
761,8
762,11
763,1
764,0
765,17
766,0
767,6
768,0
769,6
770,0
771,0
772,8
773,5
774,7
775,0
776,0
777,13
778,6
779,0
780,2
781,2
782,0
783,2
784,0
785,0
786,0
787,4
788,0
789,0
790,2
791,11
792,0
793,14
794,3
795,24
796,7
797,2
798,4
799,0
800,2
801,1
802,0
803,14
804,11
805,0
806,8
807,0
808,0
809,2
810,4
811,1
812,0
813,0
814,14
815,0
816,0
817,0
818,0
819,14
820,0
821,4
822,26
823,0
824,4
825,2
826,10
827,3
828,0
829,4
830,6
831,0
832,0
833,3
834,1
835,5
836,4
837,5
838,1
839,0
840,5
841,0
842,1
843,0
844,2
845,2
846,0
847,16
848,0
849,5
850,4
851,0
852,7
853,0
854,0
855,1
856,2
857,0
858,2
859,3
860,2
861,0
862,0
863,2
864,6
865,0
866,1
867,2
868,2
869,0
870,8
871,0
872,5
873,0
874,0
875,0
876,0
877,0
878,6
879,0
880,0
881,16
882,0
883,0
884,9
885,0
886,0
887,2
888,3
889,2
890,0
891,0
892,1
893,3
894,0
895,12
896,2
897,1
898,0
899,9
900,0
901,2
902,1
903,0
904,13
905,0
906,3
907,27
908,0
909,0
910,3
911,2
912,4
913,2
914,0
915,0
916,2
917,7
918,2
919,0
920,1
921,2
922,0
923,12
924,22
925,0
926,2
927,4
928,3
929,2
930,9
931,2
932,1
933,3
934,11
935,6
936,3
937,3
938,0
939,1
940,1
941,0
942,0
943,2
944,0
945,0
946,0
947,0
948,0
949,2
950,1
951,1
952,2
953,0
954,3
955,29
956,1
957,0
958,0
959,7
960,1
961,0
962,1
963,0
964,0
965,0
966,0
967,0
968,8
969,3
970,0
971,6
972,7
973,6
974,6
975,1
976,0
977,17
978,0
979,0
980,4
981,1
982,13
983,1
984,4
985,0
986,0
987,11
988,6
989,8
990,4
991,0
992,3
993,4
994,0
995,1
996,11
997,1
998,0
999,1
1000,10
1001,3
1002,9
1003,0
1004,4
1005,1
1006,0
1007,8
1008,0
1009,7
1010,0
1011,3
1012,1
1013,5
1014,3
1015,5
1016,3
1017,7
1018,0
1019,8
1020,9
1021,5
1022,0
1023,0
1024,0
1025,0
1026,3
1027,2
1028,4
1029,2
1030,1
1031,2
1032,3
1033,3
1034,3
1035,0
1036,8
1037,5
1038,0
1039,3
1040,5
1041,7
1042,0
1043,1
1044,7
1045,1
1046,0
1047,7
1048,1
1049,1
1050,8
1051,6
1052,9
1053,2
1054,0
1055,4
1056,11
1057,2
1058,2
1059,0
1060,0
1061,0
1062,9
1063,5
1064,0
1065,10
1066,0
1067,2
1068,0
1069,10
1070,0
1071,1
1072,0
1073,2
1074,5
1075,3
1076,1
1077,6
1078,6
1079,4
1080,1
1081,2
1082,18
1083,0
1084,7
1085,7
1086,0
1087,11
1088,0
1089,4
1090,7
1091,2
1092,0
1093,8
1094,8
1095,3
1096,0
1097,6
1098,1
1099,0
1100,3
1101,13
1102,1
1103,6
1104,10
1105,1
1106,0
1107,4
1108,9
1109,0
1110,3
1111,6
1112,0
1113,0
1114,0
1115,15
1116,6
1117,4
1118,0
1119,0
1120,0
1121,0
1122,0
1123,1
1124,5
1125,8
1126,8
1127,11
1128,0
1129,0
1130,8
1131,4
1132,0
1133,0
1134,4
1135,0
1136,3
1137,0
1138,4
1139,0
1140,0
1141,0
1142,4
1143,1
1144,7
1145,0
1146,3
1147,0
1148,9
1149,0
1150,0
1151,1
1152,0
1153,8
1154,0
1155,13
1156,0
1157,5
1158,3
1159,2
1160,1
1161,0
1162,1
1163,1
1164,6
1165,9
1166,0
1167,0
1168,2
1169,4
1170,4
1171,7
1172,0
1173,0
1174,3
1175,0
1176,2
1177,3
1178,9
1179,4
1180,0
1181,0
1182,9
1183,3
1184,0
1185,1
1186,4
1187,12
1188,3
1189,1
1190,0
1191,3
1192,2
1193,19
1194,4
1195,2
1196,8
1197,8
1198,3
1199,8
1200,1
1201,2
1202,0
1203,2
1204,2
1205,0
1206,1
1207,0
1208,1
1209,8
1210,0
1211,0
1212,2
1213,4
1214,4
1215,1
1216,4
1217,0
1218,20
1219,0
1220,0
1221,4
1222,4
1223,0
1224,1
1225,7
1226,4
1227,0
1228,25
1229,6
1230,0
1231,5
1232,2
1233,5
1234,3
1235,5
1236,1
1237,0
1238,2
1239,5
1240,3
1241,4
1242,5
1243,3
1244,5
1245,0
1246,0
1247,2
1248,2
1249,7
1250,3
1251,0
1252,5
1253,4
1254,4
1255,0
1256,2
1257,3
1258,0
1259,2
1260,8
1261,2
1262,0
1263,0
1264,0
1265,2
1266,3
1267,9
1268,0
1269,0
1270,1
1271,4
1272,3
1273,0
1274,0
1275,0
1276,0
1277,0
1278,0
1279,4
1280,6
1281,2
1282,3
1283,4
1284,1
1285,4
1286,2
1287,6
1288,3
1289,1
1290,7
1291,1
1292,0
1293,0
1294,0
1295,0
1296,0
1297,2
1298,0
1299,0
1300,0
1301,3
1302,4
1303,0
1304,11
1305,0
1306,0
1307,4
1308,9
1309,2
1310,0
1311,3
1312,3
1313,2
1314,6
1315,1
1316,0
1317,2
1318,2
1319,0
1320,0
1321,6
1322,0
1323,11
1324,0
1325,1
1326,2
1327,0
1328,0
1329,1
1330,0
1331,0
1332,6
1333,8
1334,0
1335,0
1336,9
1337,2
1338,0
1339,1
1340,8
1341,5
1342,3
1343,4
1344,0
1345,2
1346,2
1347,0
1348,0
1349,5
1350,12
1351,5
1352,6
1353,1
1354,0
1355,2
1356,1
1357,0
1358,1
1359,0
1360,0
1361,2
1362,6
1363,5
1364,3
1365,1
1366,2
1367,1
1368,0
1369,0
1370,6
1371,7
1372,0
1373,10
1374,0
1375,0
1376,5
1377,6
1378,8
1379,6
1380,0
1381,9
1382,0
1383,1
1384,0
1385,1
1386,1
1387,6
1388,0
1389,1
1390,0
1391,5
1392,1
1393,0
1394,5
1395,7
1396,1
1397,7
1398,7
1399,9
1400,6
1401,2
1402,3
1403,6
1404,4
1405,0
1406,2
1407,1
1408,2
1409,2
1410,0
1411,0
1412,8
1413,5
1414,1
1415,17
1416,2
1417,0
1418,0
1419,1
1420,1
1421,0
1422,9
1423,6
1424,0
1425,1
1426,11
1427,3
1428,2
1429,0
1430,9
1431,3
1432,0
1433,0
1434,3
1435,0
1436,0
1437,0
1438,12
1439,4
1440,0
1441,3
1442,0
1443,0
1444,0
1445,7
1446,3
1447,1
1448,3
1449,2
1450,0
1451,2
1452,1
1453,1
1454,0
1455,0
1456,3
1457,6
1458,3
1459,5
1460,6
1461,0
1462,0
1463,0
1464,1
1465,0
1466,1
1467,0
1468,5
1469,1
1470,0
1471,0
1472,5
1473,5
1474,9
1475,2
1476,0
1477,1
1478,4
1479,4
1480,0
1481,4
1482,0
1483,4
1484,0
1485,1
1486,0
1487,0
1488,4
1489,1
1490,15
1491,4
1492,0
1493,1
1494,1
1495,6
1496,1
1497,1
1498,0
1499,0
1500,10
1501,1
1502,9
1503,1
1504,2
1505,2
1506,0
1507,0
1508,0
1509,5
1510,1
1511,24
1512,0
1513,0
1514,0
1515,3
1516,0
1517,2
1518,8
1519,2
1520,1
1521,5
1522,4
1523,0
1524,1
1525,3
1526,2
1527,3
1528,1
1529,0
1530,0
1531,3
1532,0
1533,4
1534,0
1535,4
1536,1
1537,8
1538,0
1539,1
1540,0
1541,0
1542,1
1543,1
1544,3
1545,0
1546,6
1547,2
1548,0
1549,0
1550,0
1551,2
1552,0
1553,6
1554,4
1555,4
1556,0
1557,0
1558,1
1559,1
1560,2
1561,0
1562,0
1563,2
1564,8
1565,1
1566,3
1567,2
1568,0
1569,15
1570,0
1571,0
1572,10
1573,4
1574,1
1575,1
1576,10
1577,3
1578,0
1579,5
1580,2
1581,0
1582,4
1583,0
1584,1
1585,0
1586,0
1587,5
1588,0
1589,3
1590,4
1591,4
1592,0
1593,4
1594,3
1595,1
1596,0
1597,2
1598,7
1599,0
1600,5
1601,9
1602,1
1603,0
1604,0
1605,6
1606,3
1607,5
1608,0
1609,7
1610,0
1611,5
1612,3
1613,2
1614,3
1615,8
1616,1
1617,1
1618,0
1619,4
1620,2
1621,6
1622,0
1623,3
1624,2
1625,11
1626,5
1627,6
1628,2
1629,0
1630,8
1631,0
1632,11
1633,2
1634,1
1635,3
1636,1
1637,1
1638,3
1639,2
1640,4
1641,0
1642,0
1643,0
1644,0
1645,0
1646,1
1647,0
1648,0
1649,12
1650,3
1651,6
1652,0
1653,0
1654,0
1655,1
1656,7
1657,0
1658,0
1659,4
1660,14
1661,5
1662,0
1663,3
1664,0
1665,0
1666,3
1667,1
1668,0
1669,2
1670,0
1671,0
1672,6
1673,0
1674,0
1675,0
1676,2
1677,1
1678,2
1679,1
1680,0
1681,5
1682,0
1683,1
1684,1
1685,1
1686,4
1687,0
1688,0
1689,1
1690,0
1691,2
1692,0
1693,0
1694,1
1695,7
1696,8
1697,3
1698,2
1699,1
1700,5
1701,3
1702,2
1703,0
1704,1
1705,0
1706,3
1707,1
1708,4
1709,2
1710,1
1711,0
1712,1
1713,4
1714,0
1715,1
1716,3
1717,1
1718,3
1719,6
1720,0
1721,0
1722,0
1723,0
1724,1
1725,7
1726,4
1727,2
1728,0
1729,1
1730,4
1731,3
1732,0
1733,3
1734,0
1735,0
1736,5
1737,0
1738,1
1739,0
1740,0
1741,0
1742,0
1743,0
1744,0
1745,2
1746,2
1747,3
1748,3
1749,8
1750,0
1751,2
1752,2
1753,0
1754,0
1755,0
1756,3
1757,1
1758,2
1759,1
1760,1
1761,7
1762,5
1763,0
1764,0
1765,4
1766,0
1767,5
1768,3
1769,3
1770,1
1771,3
1772,2
1773,1
1774,4
1775,3
1776,3
1777,0
1778,0
1779,0
1780,0
1781,2
1782,0
1783,1
1784,4
1785,2
1786,1
1787,5
1788,4
1789,0
1790,1
1791,0
1792,0
1793,9
1794,2
1795,4
1796,0
1797,5
1798,3
1799,1
1800,5
1801,0
1802,6
1803,6
1804,0
1805,0
1806,4
1807,5
1808,2
1809,4
1810,0
1811,5
1812,2
1813,6
1814,2
1815,0
1816,1
1817,6
1818,4
1819,1
1820,4
1821,0
1822,0
1823,1
1824,5
1825,8
1826,4
1827,0
1828,0
1829,7
1830,2
1831,4
1832,1
1833,2
1834,8
1835,0
1836,1
1837,1
1838,2
1839,3
1840,0
1841,0
1842,0
1843,0
1844,5
1845,1
1846,0
1847,0
1848,2
1849,0
1850,5
1851,10
1852,1
1853,1
1854,0
1855,1
1856,2
1857,2
1858,6
1859,0
1860,1
1861,0
1862,0
1863,0
1864,1
1865,2
1866,1
1867,0
1868,2
1869,2
1870,0
1871,1
1872,8
1873,8
1874,11
1875,0
1876,3
1877,0
1878,0
1879,0
1880,0
1881,0
1882,5
1883,10
1884,0
1885,0
1886,0
1887,0
1888,0
1889,1
1890,2
1891,5
1892,1
1893,0
1894,2
1895,0
1896,2
1897,4
1898,10
1899,1
1900,3
1901,5
1902,0
1903,1
1904,3
1905,11
1906,1
1907,0
1908,1
1909,6
1910,1
1911,0
1912,4
1913,3
1914,3
1915,2
1916,0
1917,0
1918,0
1919,0
1920,5
1921,1
1922,0
1923,0
1924,0
1925,0
1926,1
1927,2
1928,0
1929,0
1930,3
1931,4
1932,0
1933,4
1934,7
1935,12
1936,4
1937,0
1938,1
1939,1
1940,0
1941,2
1942,1
1943,2
1944,3
1945,4
1946,3
1947,1
1948,2
1949,0
1950,10
1951,1
1952,6
1953,5
1954,0
1955,3
1956,0
1957,0
1958,3
1959,1
1960,3
1961,11
1962,2
1963,0
1964,0
1965,2
1966,1
1967,3
1968,5
1969,0
1970,1
1971,2
1972,0
1973,2
1974,7
1975,0
1976,2
1977,0
1978,3
1979,0
1980,1
1981,0
1982,0
1983,3
1984,6
1985,2
1986,2
1987,11
1988,0
1989,1
1990,9
1991,2
1992,1
1993,1
1994,0
1995,8
1996,0
1997,0
1998,1
1999,4
2000,2
2001,3
2002,0
2003,0
2004,2
2005,0
2006,0
2007,1
2008,3
2009,3
2010,0
2011,5
2012,0
2013,8
2014,0
2015,7
2016,1
2017,7
2018,0
2019,9
2020,6
2021,3
2022,0
2023,7
2024,9
2025,5
2026,5
2027,4
2028,2
2029,1
2030,2
2031,5
2032,3
2033,10
2034,3
2035,2
2036,0
2037,0
2038,2
2039,2
2040,0
2041,6
2042,9
2043,6
2044,2
2045,1
2046,5
2047,2
2048,1
2049,0
2050,0
2051,0
2052,0
2053,0
2054,0
2055,0
2056,1
2057,1
2058,1
2059,0
2060,2
2061,3
2062,5
2063,0
2064,0
2065,1
2066,0
2067,4
2068,0
2069,1
2070,5
2071,1
2072,6
2073,4
2074,0
2075,1
2076,2
2077,1
2078,0
2079,0
2080,0
2081,5
2082,0
2083,7
2084,0
2085,1
2086,4
2087,1
2088,2
2089,2
2090,1
2091,0
2092,0
2093,3
2094,1
2095,4
2096,2
2097,0
2098,0
2099,0
2100,5
2101,7
2102,4
2103,9
2104,3
2105,7
2106,4
2107,4
2108,0
2109,0
2110,2
2111,0
2112,2
2113,1
2114,2
2115,1
2116,0
2117,0
2118,0
2119,0
2120,6
2121,0
2122,5
2123,0
2124,0
2125,6
2126,4
2127,1
2128,4
2129,5
2130,3
2131,4
2132,4
2133,4
2134,7
2135,1
2136,1
2137,0
2138,3
2139,1
2140,3
2141,2
2142,2
2143,7
2144,2
2145,2
2146,1
2147,0
2148,2
2149,1
2150,4
2151,0
2152,11
2153,2
2154,3
2155,4
2156,0
2157,3
2158,0
2159,1
2160,3
2161,1
2162,0
2163,1
2164,0
2165,0
2166,1
2167,0
2168,0
2169,1
2170,2
2171,1
2172,4
2173,1
2174,1
2175,0
2176,1
2177,2
2178,0
2179,5
2180,2
2181,0
2182,0
2183,3
2184,2
2185,0
2186,8
2187,2
2188,1
2189,5
2190,1
2191,0
2192,1
2193,9
2194,0
2195,0
2196,0
2197,0
2198,1
2199,1
2200,1
2201,0
2202,4
2203,0
2204,0
2205,0
2206,1
2207,1
2208,4
2209,2
2210,0
2211,3
2212,5
2213,1
2214,2
2215,3
2216,1
2217,2
2218,1
2219,1
2220,2
2221,1
2222,0
2223,5
2224,0
2225,5
2226,0
2227,14
2228,0
2229,0
2230,0
2231,2
2232,0
2233,8
2234,1
2235,4
2236,2
2237,0
2238,3
2239,1
2240,0
2241,3
2242,0
2243,3
2244,3
2245,4
2246,0
2247,3
2248,16
2249,2
2250,1
2251,0
2252,0
2253,4
2254,0
2255,3
2256,0
2257,0
2258,1
2259,1
2260,0
2261,1
2262,0
2263,0
2264,3
2265,5
2266,1
2267,0
2268,1
2269,0
2270,1
2271,0
2272,4
2273,6
2274,2
2275,5
2276,1
2277,2
2278,6
2279,0
2280,7
2281,0
2282,0
2283,5
2284,2
2285,0
2286,7
2287,0
2288,2
2289,1
2290,5
2291,0
2292,0
2293,6
2294,0
2295,2
2296,2
2297,4
2298,4
2299,0
2300,1
2301,5
2302,1
2303,0
2304,1
2305,3
2306,0
2307,1
2308,0
2309,5
2310,0
2311,0
2312,3
2313,0
2314,3
2315,0
2316,0
2317,1
2318,2
2319,1
2320,9
2321,2
2322,0
2323,3
2324,4
2325,0
2326,6
2327,0
2328,3
2329,0
2330,0
2331,5
2332,0
2333,0
2334,8
2335,0
2336,0
2337,1
2338,3
2339,3
2340,0
2341,2
2342,5
2343,4
2344,2
2345,0
2346,3
2347,2
2348,1
2349,1
2350,0
2351,2
2352,4
2353,8
2354,2
2355,0
2356,1
2357,1
2358,1
2359,0
2360,2
2361,3
2362,1
2363,5
2364,0
2365,3
2366,2
2367,2
2368,1
2369,1
2370,2
2371,0
2372,2
2373,5
2374,0
2375,1
2376,5
2377,4
2378,0
2379,2
2380,2
2381,3
2382,1
2383,9
2384,3
2385,1
2386,2
2387,0
2388,0
2389,0
2390,1
2391,3
2392,0
2393,2
2394,0
2395,1
2396,5
2397,1
2398,9
2399,1
2400,9
2401,1
2402,2
2403,3
2404,5
2405,0
2406,5
2407,2
2408,0
2409,0
2410,0
2411,0
2412,1
2413,0
2414,1
2415,6
2416,9
2417,6
2418,2
2419,5
2420,0
2421,6
2422,5
2423,1
2424,0
2425,2
2426,0
2427,0
2428,2
2429,2
2430,7
2431,0
2432,2
2433,2
2434,3
2435,4
2436,2
2437,0
2438,0
2439,0
2440,3
2441,2
2442,2
2443,1
2444,0
2445,0
2446,4
2447,2
2448,1
2449,3
2450,5
2451,7
2452,0
2453,0
2454,0
2455,0
2456,3
2457,2
2458,13
2459,1
2460,0
2461,0
2462,4
2463,0
2464,5
2465,4
2466,2
2467,0
2468,10
2469,5
2470,0
2471,0
2472,3
2473,2
2474,1
2475,0
2476,2
2477,1
2478,1
2479,0
2480,0
2481,0
2482,1
2483,1
2484,0
2485,1
2486,5
2487,0
2488,3
2489,4
2490,0
2491,6
2492,0
2493,7
2494,0
2495,0
2496,6
2497,1
2498,2
2499,1
2500,6
2501,3
2502,0
2503,2
2504,9
2505,1
2506,8
2507,2
2508,6
2509,0
2510,0
2511,2
2512,0
2513,3
2514,0
2515,0
2516,0
2517,1
2518,0
2519,1
2520,1
2521,0
2522,2
2523,1
2524,0
2525,1
2526,0
2527,0
2528,2
2529,6
2530,0
2531,2
2532,0
2533,0
2534,0
2535,4
2536,6
2537,9
2538,6
2539,1
2540,1
2541,5
2542,4
2543,1
2544,6
2545,5
2546,7
2547,6
2548,1
2549,1
2550,4
2551,0
2552,1
2553,0
2554,2
2555,1
2556,1
2557,1
2558,0
2559,0
2560,1
2561,4
2562,0
2563,0
2564,0
2565,0
2566,1
2567,1
2568,1
2569,5
2570,10
2571,5
2572,1
2573,2
2574,0
2575,0
2576,5
2577,3
2578,1
2579,0
2580,1
2581,2
2582,2
2583,0
2584,11
2585,4
2586,2
2587,5
2588,0
2589,2
2590,2
2591,4
2592,1
2593,3
2594,0
2595,2
2596,0
2597,0
2598,1
2599,0
2600,1
2601,0
2602,7
2603,3
2604,3
2605,1
2606,3
2607,5
2608,1
2609,1
2610,3
2611,2
2612,1
2613,1
2614,0
2615,4
2616,1
2617,4
2618,2
2619,2
2620,5
2621,0
2622,0
2623,8
2624,2
2625,8
2626,0
2627,0
2628,0
2629,5
2630,0
2631,0
2632,9
2633,0
2634,1
2635,0
2636,1
2637,5
2638,0
2639,3
2640,0
2641,3
2642,0
2643,2
2644,5
2645,0
2646,1
2647,1
2648,0
2649,0
2650,1
2651,3
2652,1
2653,1
2654,1
2655,5
2656,0
2657,2
2658,0
2659,0
2660,4
2661,0
2662,6
2663,3
2664,6
2665,0
2666,0
2667,0
2668,1
2669,1
2670,0
2671,0
2672,4
2673,0
2674,3
2675,3
2676,0
2677,0
2678,4
2679,0
2680,0
2681,0
2682,2
2683,3
2684,4
2685,1
2686,0
2687,0
2688,0
2689,1
2690,4
2691,7
2692,0
2693,0
2694,1
2695,0
2696,1
2697,1
2698,4
2699,0
2700,0
2701,1
2702,3
2703,2
2704,4
2705,2
2706,0
2707,3
2708,0
2709,1
2710,6
2711,2
2712,0
2713,1
2714,4
2715,3
2716,1
2717,0
2718,1
2719,3
2720,1
2721,1
2722,0
2723,0
2724,8
2725,2
2726,2
2727,13
2728,0
2729,4
2730,1
2731,2
2732,8
2733,1
2734,2
2735,1
2736,0
2737,0
2738,0
2739,2
2740,3
2741,0
2742,3
2743,0
2744,6
2745,0
2746,0
2747,1
2748,0
2749,2
2750,2
2751,3
2752,1
2753,2
2754,3
2755,2
2756,4
2757,4
2758,5
2759,0
2760,1
2761,2
2762,1
2763,4
2764,0
2765,0
2766,1
2767,1
2768,4
2769,2
2770,1
2771,0
2772,0
2773,3
2774,10
2775,0
2776,5
2777,0
2778,0
2779,5
2780,0
2781,0
2782,0
2783,1
2784,5
2785,1
2786,0
2787,1
2788,2
2789,5
2790,0
2791,2
2792,3
2793,2
2794,1
2795,1
2796,0
2797,0
2798,1
2799,1
2800,0
2801,0
2802,1
2803,0
2804,0
2805,0
2806,1
2807,1
2808,1
2809,1
2810,1
2811,2
2812,1
2813,0
2814,1
2815,0
2816,2
2817,0
2818,3
2819,0
2820,9
2821,0
2822,2
2823,1
2824,2
2825,1
2826,5
2827,0
2828,2
2829,0
2830,0
2831,5
2832,2
2833,0
2834,1
2835,0
2836,2
2837,0
2838,3
2839,5
2840,1
2841,1
2842,2
2843,0
2844,3
2845,0
2846,3
2847,2
2848,3
2849,2
2850,2
2851,0
2852,1
2853,0
2854,0
2855,0
2856,1
2857,0
2858,2
2859,0
2860,2
2861,2
2862,5
2863,1
2864,0
2865,0
2866,1
2867,0
2868,1
2869,0
2870,0
2871,4
2872,4
2873,0
2874,0
2875,0
2876,9
2877,0
2878,0
2879,0
2880,1
2881,0
2882,0
2883,0
2884,0
2885,0
2886,0
2887,3
2888,2
2889,4
2890,0
2891,2
2892,1
2893,0
2894,0
2895,1
2896,6
2897,0
2898,1
2899,0
2900,1
2901,0
2902,3
2903,3
2904,2
2905,0
2906,3
2907,3
2908,7
2909,2
2910,3
2911,0
2912,2
2913,1
2914,0
2915,0
2916,1
2917,2
2918,1
2919,4
2920,1
2921,3
2922,0
2923,0
2924,1
2925,2
2926,1
2927,3
2928,0
2929,2
2930,1
2931,3
2932,0
2933,4
2934,2
2935,2
2936,1
2937,0
2938,0
2939,1
2940,0
2941,5
2942,2
2943,0
2944,0
2945,0
2946,3
2947,2
2948,0
2949,1
2950,0
2951,3
2952,1
2953,0
2954,0
2955,0
2956,0
2957,0
2958,0
2959,1
2960,4
2961,3
2962,1
2963,0
2964,5
2965,3
2966,2
2967,1
2968,3
2969,0
2970,2
2971,2
2972,4
2973,6
2974,2
2975,0
2976,1
2977,3
2978,3
2979,6
2980,2
2981,2
2982,4
2983,1
2984,0
2985,2
2986,0
2987,0
2988,1
2989,2
2990,2
2991,5
2992,1
2993,3
2994,1
2995,0
2996,1
2997,1
2998,3
2999,8
3000,1
3001,2
3002,2
3003,1
3004,0
3005,3
3006,1
3007,0
3008,1
3009,1
3010,5
3011,3
3012,0
3013,0
3014,2
3015,3
3016,2
3017,0
3018,0
3019,0
3020,0
3021,2
3022,2
3023,4
3024,2
3025,2
3026,1
3027,0
3028,1
3029,0
3030,1
3031,3
3032,2
3033,6
3034,10
3035,2
3036,4
3037,1
3038,1
3039,8
3040,4
3041,2
3042,2
3043,4
3044,0
3045,1
3046,1
3047,2
3048,4
3049,0
3050,4
3051,0
3052,0
3053,1
3054,2
3055,3
3056,2
3057,4
3058,0
3059,0
3060,2
3061,1
3062,2
3063,1
3064,0
3065,0
3066,0
3067,5
3068,0
3069,0
3070,1
3071,1
3072,0
3073,2
3074,1
3075,1
3076,3
3077,4
3078,4
3079,6
3080,5
3081,1
3082,4
3083,0
3084,1
3085,1
3086,1
3087,5
3088,0
3089,0
3090,6
3091,0
3092,2
3093,1
3094,3
3095,0
3096,1
3097,0
3098,1
3099,0
3100,2
3101,0
3102,5
3103,2
3104,0
3105,2
3106,0
3107,4
3108,0
3109,0
3110,12
3111,7
3112,1
3113,1
3114,0
3115,4
3116,2
3117,0
3118,1
3119,0
3120,0
3121,2
3122,0
3123,0
3124,3
3125,3
3126,0
3127,1
3128,1
3129,7
3130,1
3131,2
3132,4
3133,4
3134,1
3135,3
3136,1
3137,4
3138,0
3139,6
3140,0
3141,3
3142,6
3143,0
3144,0
3145,0
3146,2
3147,0
3148,2
3149,2
3150,0
3151,9
3152,4
3153,2
3154,1
3155,3
3156,1
3157,3
3158,0
3159,2
3160,1
3161,1
3162,2
3163,0
3164,0
3165,0
3166,4
3167,0
3168,3
3169,4
3170,1
3171,5
3172,9
3173,0
3174,4
3175,1
3176,0
3177,7
3178,0
3179,1
3180,0
3181,0
3182,3
3183,0
3184,1
3185,0
3186,7
3187,0
3188,0
3189,0
3190,0
3191,3
3192,7
3193,3
3194,0
3195,0
3196,1
3197,3
3198,3
3199,3
3200,0
3201,1
3202,3
3203,4
3204,0
3205,1
3206,7
3207,10
3208,0
3209,5
3210,0
3211,0
3212,0
3213,0
3214,1
3215,1
3216,3
3217,0
3218,0
3219,1
3220,3
3221,1
3222,2
3223,2
3224,1
3225,0
3226,0
3227,0
3228,0
3229,2
3230,8
3231,0
3232,0
3233,3
3234,0
3235,3
3236,4
3237,0
3238,0
3239,5
3240,0
3241,0
3242,2
3243,5
3244,1
3245,2
3246,0
3247,1
3248,2
3249,3
3250,0
3251,2
3252,1
3253,3
3254,2
3255,0
3256,4
3257,0
3258,3
3259,1
3260,5
3261,0
3262,0
3263,0
3264,0
3265,2
3266,0
3267,1
3268,5
3269,3
3270,5
3271,2
3272,0
3273,0
3274,0
3275,0
3276,1
3277,5
3278,0
3279,2
3280,5
3281,0
3282,0
3283,1
3284,0
3285,1
3286,0
3287,1
3288,0
3289,2
3290,0
3291,0
3292,2
3293,0
3294,1
3295,0
3296,2
3297,1
3298,6
3299,0
3300,0
3301,2
3302,1
3303,3
3304,0
3305,0
3306,5
3307,1
3308,2
3309,1
3310,4
3311,5
3312,0
3313,1
3314,3
3315,0
3316,1
3317,0
3318,0
3319,0
3320,8
3321,0
3322,0
3323,3
3324,0
3325,0
3326,0
3327,1
3328,0
3329,0
3330,0
3331,3
3332,2
3333,0
3334,4
3335,0
3336,0
3337,0
3338,0
3339,0
3340,0
3341,1
3342,0
3343,1
3344,3
3345,0
3346,10
3347,3
3348,1
3349,0
3350,3
3351,3
3352,0
3353,3
3354,1
3355,6
3356,3
3357,0
3358,0
3359,0
3360,0
3361,0
3362,4
3363,1
3364,6
3365,0
3366,1
3367,1
3368,0
3369,1
3370,0
3371,5
3372,6
3373,0
3374,1
3375,0
3376,1
3377,1
3378,4
3379,1
3380,8
3381,3
3382,5
3383,2
3384,0
3385,0
3386,1
3387,0
3388,4
3389,0
3390,0
3391,2
3392,0
3393,3
3394,4
3395,0
3396,0
3397,2
3398,3
3399,2
3400,0
3401,6
3402,0
3403,2
3404,0
3405,1
3406,0
3407,2
3408,1
3409,3
3410,0
3411,4
3412,4
3413,2
3414,2
3415,1
3416,7
3417,0
3418,0
3419,0
3420,0
3421,9
3422,1
3423,2
3424,0
3425,5
3426,1
3427,1
3428,7
3429,6
3430,3
3431,0
3432,2
3433,0
3434,5
3435,0
3436,5
3437,0
3438,0
3439,1
3440,2
3441,3
3442,1
3443,1
3444,0
3445,0
3446,0
3447,0
3448,1
3449,1
3450,0
3451,1
3452,1
3453,0
3454,0
3455,0
3456,0
3457,5
3458,2
3459,0
3460,0
3461,8
3462,3
3463,2
3464,1
3465,0
3466,2
3467,0
3468,6
3469,1
3470,0
3471,2
3472,0
3473,7
3474,1
3475,2
3476,7
3477,1
3478,4
3479,10
3480,0
3481,4
3482,0
3483,3
3484,1
3485,0
3486,0
3487,0
3488,0
3489,0
3490,0
3491,4
3492,4
3493,4
3494,1
3495,3
3496,0
3497,2
3498,0
3499,2
3500,2
3501,0
3502,1
3503,0
3504,3
3505,5
3506,2
3507,0
3508,1
3509,1
3510,0
3511,2
3512,2
3513,0
3514,2
3515,0
3516,0
3517,0
3518,4
3519,0
3520,2
3521,4
3522,0
3523,0
3524,1
3525,2
3526,2
3527,1
3528,0
3529,2
3530,0
3531,1
3532,0
3533,1
3534,0
3535,5
3536,0
3537,0
3538,5
3539,0
3540,1
3541,2
3542,0
3543,7
3544,0
3545,2
3546,3
3547,1
3548,4
3549,2
3550,1
3551,1
3552,0
3553,2
3554,2
3555,4
3556,3
3557,5
3558,2
3559,1
3560,3
3561,2
3562,0
3563,1
3564,1
3565,3
3566,3
3567,0
3568,1
3569,1
3570,6
3571,9
3572,0
3573,0
3574,0
3575,3
3576,5
3577,0
3578,1
3579,0
3580,4
3581,0
3582,3
3583,0
3584,2
3585,4
3586,1
3587,4
3588,2
3589,4
3590,3
3591,4
3592,0
3593,3
3594,5
3595,0
3596,0
3597,5
3598,0
3599,0
3600,4
3601,4
3602,0
3603,0
3604,1
3605,5
3606,3
3607,4
3608,0
3609,7
3610,1
3611,1
3612,1
3613,0
3614,2
3615,0
3616,8
3617,0
3618,0
3619,0
3620,3
3621,2
3622,3
3623,5
3624,5
3625,0
3626,3
3627,4
3628,2
3629,0
3630,0
3631,4
3632,0
3633,1
3634,0
3635,1
3636,1
3637,0
3638,0
3639,1
3640,0
3641,4
3642,0
3643,3
3644,2
3645,0
3646,2
3647,2
3648,0
3649,2
3650,0
3651,0
3652,1
3653,0
3654,4
3655,0
3656,1
3657,0
3658,1
3659,0
3660,2
3661,0
3662,3
3663,3
3664,1
3665,0
3666,0
3667,5
3668,3
3669,2
3670,2
3671,2
3672,2
3673,0
3674,2
3675,2
3676,1
3677,1
3678,1
3679,0
3680,3
3681,3
3682,1
3683,1
3684,0
3685,3
3686,0
3687,0
3688,1
3689,0
3690,5
3691,1
3692,0
3693,4
3694,0
3695,6
3696,1
3697,1
3698,1
3699,3
3700,5
3701,1
3702,6
3703,0
3704,3
3705,3
3706,1
3707,0
3708,3
3709,0
3710,0
3711,0
3712,2
3713,0
3714,0
3715,0
3716,0
3717,0
3718,0
3719,2
3720,3
3721,0
3722,1
3723,5
3724,4
3725,3
3726,0
3727,4
3728,1
3729,1
3730,2
3731,0
3732,1
3733,2
3734,8
3735,4
3736,0
3737,2
3738,1
3739,4
3740,0
3741,1
3742,3
3743,0
3744,1
3745,0
3746,0
3747,2
3748,2
3749,1
3750,0
3751,0
3752,0
3753,1
3754,3
3755,1
3756,8
3757,0
3758,0
3759,2
3760,1
3761,1
3762,0
3763,0
3764,2
3765,1
3766,2
3767,2
3768,0
3769,0
3770,2
3771,2
3772,2
3773,1
3774,0
3775,0
3776,2
3777,0
3778,5
3779,3
3780,0
3781,0
3782,3
3783,0
3784,2
3785,1
3786,0
3787,1
3788,1
3789,0
3790,0
3791,2
3792,8
3793,0
3794,1
3795,3
3796,0
3797,1
3798,6
3799,6
3800,2
3801,7
3802,3
3803,2
3804,1
3805,6
3806,3
3807,0
3808,0
3809,2
3810,3
3811,0
3812,5
3813,0
3814,2
3815,2
3816,1
3817,0
3818,2
3819,2
3820,6
3821,0
3822,0
3823,0
3824,1
3825,0
3826,0
3827,1
3828,2
3829,0
3830,2
3831,4
3832,0
3833,0
3834,0
3835,1
3836,1
3837,2
3838,1
3839,7
3840,5
3841,1
3842,3
3843,0
3844,3
3845,0
3846,7
3847,4
3848,0
3849,2
3850,0
3851,1
3852,1
3853,0
3854,0
3855,0
3856,4
3857,2
3858,7
3859,0
3860,1
3861,3
3862,1
3863,3
3864,3
3865,0
3866,0
3867,4
3868,1
3869,0
3870,1
3871,1
3872,1
3873,0
3874,3
3875,0
3876,2
3877,0
3878,2
3879,3
3880,2
3881,1
3882,0
3883,2
3884,1
3885,2
3886,4
3887,0
3888,3
3889,5
3890,5
3891,2
3892,0
3893,3
3894,1
3895,4
3896,6
3897,0
3898,1
3899,4
3900,0
3901,1
3902,7
3903,1
3904,0
3905,2
3906,3
3907,0
3908,5
3909,0
3910,2
3911,0
3912,0
3913,2
3914,2
3915,0
3916,8
3917,5
3918,0
3919,2
3920,1
3921,0
3922,0
3923,3
3924,0
3925,2
3926,7
3927,10
3928,0
3929,2
3930,1
3931,0
3932,6
3933,0
3934,5
3935,4
3936,0
3937,2
3938,3
3939,0
3940,0
3941,1
3942,1
3943,12
3944,0
3945,2
3946,5
3947,1
3948,3
3949,3
3950,3
3951,0
3952,1
3953,1
3954,0
3955,2
3956,0
3957,2
3958,3
3959,2
3960,1
3961,1
3962,0
3963,0
3964,7
3965,0
3966,5
3967,1
3968,0
3969,1
3970,3
3971,1
3972,0
3973,1
3974,0
3975,1
3976,1
3977,1
3978,2
3979,1
3980,0
3981,1
3982,2
3983,1
3984,0
3985,0
3986,6
3987,0
3988,0
3989,0
3990,0
3991,4
3992,1
3993,1
3994,1
3995,1
3996,3
3997,4
3998,2
3999,0
4000,0
4001,1
4002,0
4003,2
4004,0
4005,1
4006,4
4007,0
4008,2
4009,9
4010,1
4011,0
4012,0
4013,0
4014,2
4015,1
4016,2
4017,0
4018,2
4019,1
4020,0
4021,8
4022,3
4023,3
4024,3
4025,1
4026,1
4027,0
4028,2
4029,3
4030,1
4031,0
4032,0
4033,0
4034,3
4035,2
4036,0
4037,0
4038,0
4039,1
4040,1
4041,2
4042,0
4043,1
4044,3
4045,1
4046,2
4047,0
4048,0
4049,0
4050,4
4051,3
4052,0
4053,2
4054,0
4055,0
4056,0
4057,2
4058,1
4059,0
4060,4
4061,0
4062,0
4063,0
4064,1
4065,2
4066,2
4067,0
4068,1
4069,3
4070,2
4071,1
4072,0
4073,4
4074,2
4075,2
4076,1
4077,0
4078,0
4079,0
4080,1
4081,3
4082,1
4083,1
4084,0
4085,2
4086,1
4087,2
4088,0
4089,1
4090,1
4091,0
4092,0
4093,1
4094,3
4095,1
4096,4
4097,0
4098,3
4099,1
4100,5
4101,7
4102,1
4103,1
4104,0
4105,1
4106,0
4107,2
4108,1
4109,5
4110,0
4111,2
4112,1
4113,1
4114,2
4115,0
4116,0
4117,2
4118,1
4119,0
4120,0
4121,0
4122,0
4123,1
4124,0
4125,5
4126,2
4127,4
4128,2
4129,2
4130,0
4131,1
4132,3
4133,0
4134,0
4135,1
4136,0
4137,1
4138,0
4139,0
4140,1
4141,2
4142,1
4143,0
4144,2
4145,3
4146,0
4147,0
4148,0
4149,0
4150,0
4151,0
4152,0
4153,1
4154,0
4155,2
4156,1
4157,2
4158,1
4159,1
4160,0
4161,1
4162,0
4163,4
4164,1
4165,4
4166,3
4167,3
4168,0
4169,1
4170,0
4171,0
4172,1
4173,3
4174,1
4175,3
4176,1
4177,2
4178,0
4179,0
4180,2
4181,2
4182,0
4183,1
4184,1
4185,3
4186,0
4187,3
4188,1
4189,3
4190,2
4191,2
4192,2
4193,6
4194,3
4195,0
4196,1
4197,0
4198,2
4199,0
4200,0
4201,0
4202,2
4203,0
4204,0
4205,2
4206,0
4207,0
4208,0
4209,0
4210,3
4211,3
4212,1
4213,1
4214,1
4215,0
4216,2
4217,0
4218,1
4219,0
4220,3
4221,4
4222,0
4223,0
4224,0
4225,7
4226,0
4227,2
4228,1
4229,1
4230,4
4231,2
4232,0
4233,1
4234,5
4235,0
4236,2
4237,0
4238,0
4239,0
4240,2
4241,0
4242,4
4243,1
4244,1
4245,3
4246,0
4247,0
4248,7
4249,0
4250,1
4251,1
4252,1
4253,3
4254,1
4255,1
4256,3
4257,0
4258,0
4259,2
4260,0
4261,0
4262,1
4263,0
4264,2
4265,0
4266,0
4267,2
4268,1
4269,3
4270,8
4271,0
4272,0
4273,0
4274,4
4275,0
4276,3
4277,0
4278,4
4279,0
4280,1
4281,1
4282,2
4283,1
4284,7
4285,0
4286,2
4287,0
4288,0
4289,0
4290,0
4291,1
4292,1
4293,0
4294,1
4295,1
4296,0
4297,0
4298,4
4299,1
4300,2
4301,7
4302,0
4303,4
4304,2
4305,2
4306,0
4307,4
4308,1
4309,1
4310,0
4311,1
4312,3
4313,4
4314,3
4315,2
4316,0
4317,0
4318,0
4319,0
4320,0
4321,0
4322,0
4323,5
4324,0
4325,5
4326,3
4327,0
4328,0
4329,1
4330,0
4331,1
4332,6
4333,0
4334,3
4335,1
4336,0
4337,0
4338,1
4339,1
4340,1
4341,4
4342,0
4343,0
4344,1
4345,1
4346,1
4347,1
4348,1
4349,1
4350,2
4351,0
4352,0
4353,0
4354,1
4355,2
4356,0
4357,2
4358,8
4359,2
4360,0
4361,0
4362,1
4363,1
4364,1
4365,1
4366,0
4367,0
4368,5
4369,3
4370,0
4371,1
4372,1
4373,1
4374,1
4375,0
4376,2
4377,1
4378,2
4379,4
4380,1
4381,0
4382,2
4383,1
4384,1
4385,0
4386,1
4387,1
4388,0
4389,2
4390,2
4391,1
4392,1
4393,1
4394,0
4395,0
4396,2
4397,0
4398,0
4399,0
4400,3
4401,0
4402,0
4403,0
4404,2
4405,1
4406,1
4407,1
4408,0
4409,3
4410,0
4411,0
4412,0
4413,1
4414,4
4415,0
4416,1
4417,3
4418,0
4419,2
4420,0
4421,3
4422,1
4423,0
4424,1
4425,0
4426,8
4427,2
4428,0
4429,0
4430,6
4431,2
4432,0
4433,2
4434,0
4435,0
4436,2
4437,1
4438,3
4439,2
4440,5
4441,0
4442,3
4443,3
4444,0
4445,1
4446,0
4447,0
4448,2
4449,3
4450,4
4451,2
4452,0
4453,2
4454,2
4455,2
4456,2
4457,0
4458,0
4459,0
4460,2
4461,4
4462,3
4463,4
4464,3
4465,1
4466,2
4467,11
4468,2
4469,0
4470,0
4471,0
4472,2
4473,0
4474,0
4475,0
4476,1
4477,0
4478,0
4479,2
4480,0
4481,0
4482,1
4483,1
4484,1
4485,0
4486,2
4487,2
4488,0
4489,0
4490,3
4491,0
4492,0
4493,3
4494,2
4495,3
4496,0
4497,3
4498,2
4499,0
4500,1
4501,2
4502,2
4503,0
4504,1
4505,2
4506,3
4507,0
4508,0
4509,0
4510,3
4511,1
4512,3
4513,4
4514,0
4515,2
4516,0
4517,0
4518,3
4519,0
4520,3
4521,0
4522,0
4523,0
4524,3
4525,2
4526,1
4527,3
4528,0
4529,0
4530,1
4531,0
4532,0
4533,0
4534,5
4535,1
4536,1
4537,2
4538,2
4539,0
4540,1
4541,2
4542,0
4543,7
4544,1
4545,1
4546,4
4547,1
4548,1
4549,2
4550,0
4551,0
4552,1
4553,0
4554,1
4555,3
4556,3
4557,0
4558,6
4559,4
4560,3
4561,7
4562,3
4563,3
4564,0
4565,2
4566,0
4567,2
4568,5
4569,0
4570,2
4571,5
4572,4
4573,0
4574,4
4575,2
4576,1
4577,0
4578,1
4579,7
4580,0
4581,0
4582,0
4583,5
4584,0
4585,1
4586,9
4587,1
4588,0
4589,2
4590,0
4591,0
4592,0
4593,4
4594,0
4595,0
4596,1
4597,2
4598,0
4599,2
4600,0
4601,0
4602,0
4603,0
4604,1
4605,4
4606,1
4607,2
4608,2
4609,3
4610,1
4611,1
4612,0
4613,0
4614,6
4615,0
4616,0
4617,0
4618,0
4619,0
4620,0
4621,5
4622,0
4623,1
4624,1
4625,2
4626,1
4627,3
4628,1
4629,4
4630,0
4631,7
4632,2
4633,1
4634,2
4635,1
4636,1
4637,0
4638,1
4639,4
4640,1
4641,2
4642,0
4643,1
4644,3
4645,1
4646,2
4647,1
4648,0
4649,1
4650,2
4651,2
4652,1
4653,2
4654,2
4655,1
4656,1
4657,1
4658,1
4659,1
4660,2
4661,0
4662,4
4663,0
4664,0
4665,1
4666,0
4667,4
4668,0
4669,0
4670,0
4671,3
4672,0
4673,4
4674,2
4675,1
4676,0
4677,2
4678,1
4679,0
4680,6
4681,0
4682,4
4683,0
4684,1
4685,0
4686,1
4687,0
4688,2
4689,4
4690,0
4691,1
4692,1
4693,1
4694,2
4695,3
4696,3
4697,0
4698,0
4699,0
4700,1
4701,2
4702,0
4703,1
4704,0
4705,4
4706,0
4707,2
4708,1
4709,0
4710,1
4711,0
4712,0
4713,3
4714,1
4715,0
4716,13
4717,1
4718,3
4719,1
4720,5
4721,0
4722,3
4723,3
4724,1
4725,0
4726,2
4727,0
4728,0
4729,4
4730,0
4731,0
4732,0
4733,0
4734,3
4735,1
4736,3
4737,1
4738,1
4739,1
4740,4
4741,0
4742,1
4743,4
4744,1
4745,4
4746,0
4747,1
4748,3
4749,0
4750,4
4751,0
4752,0
4753,3
4754,2
4755,1
4756,2
4757,0
4758,3
4759,0
4760,4
4761,1
4762,5
4763,2
4764,1
4765,0
4766,2
4767,3
4768,5
4769,4
4770,1
4771,3
4772,2
4773,0
4774,1
4775,1
4776,1
4777,7
4778,0
4779,5
4780,2
4781,0
4782,0
4783,0
4784,0
4785,0
4786,1
4787,0
4788,2
4789,0
4790,3
4791,1
4792,2
4793,1
4794,6
4795,2
4796,0
4797,1
4798,2
4799,2
4800,0
4801,5
4802,0
4803,2
4804,0
4805,1
4806,6
4807,2
4808,0
4809,1
4810,0
4811,0
4812,0
4813,1
4814,0
4815,0
4816,1
4817,1
4818,0
4819,1
4820,1
4821,3
4822,2
4823,7
4824,3
4825,0
4826,0
4827,1
4828,0
4829,1
4830,0
4831,4
4832,0
4833,0
4834,3
4835,1
4836,1
4837,2
4838,0
4839,5
4840,3
4841,2
4842,2
4843,3
4844,3
4845,1
4846,1
4847,1
4848,0
4849,4
4850,4
4851,0
4852,3
4853,2
4854,3
4855,4
4856,1
4857,0
4858,1
4859,5
4860,0
4861,0
4862,1
4863,1
4864,0
4865,4
4866,1
4867,0
4868,2
4869,4
4870,2
4871,2
4872,6
4873,1
4874,1
4875,0
4876,2
4877,0
4878,0
4879,0
4880,2
4881,2
4882,0
4883,0
4884,3
4885,0
4886,1
4887,0
4888,1
4889,0
4890,3
4891,0
4892,1
4893,5
4894,0
4895,2
4896,5
4897,0
4898,6
4899,0
4900,2
4901,1
4902,2
4903,0
4904,4
4905,2
4906,0
4907,1
4908,1
4909,3
4910,5
4911,0
4912,1
4913,1
4914,2
4915,0
4916,6
4917,0
4918,0
4919,0
4920,1
4921,1
4922,1
4923,4
4924,2
4925,0
4926,1
4927,4
4928,2
4929,4
4930,0
4931,0
4932,0
4933,1
4934,0
4935,2
4936,1
4937,3
4938,1
4939,1
4940,2
4941,0
4942,0
4943,1
4944,0
4945,1
4946,1
4947,0
4948,0
4949,1
4950,0
4951,0
4952,0
4953,0
4954,0
4955,0
4956,1
4957,2
4958,0
4959,0
4960,2
4961,0
4962,0
4963,1
4964,0
4965,0
4966,3
4967,0
4968,1
4969,0
4970,1
4971,0
4972,2
4973,2
4974,0
4975,2
4976,4
4977,2
4978,3
4979,1
4980,1
4981,3
4982,4
4983,5
4984,1
4985,2
4986,2
4987,2
4988,1
4989,0
4990,0
4991,1
4992,2
4993,0
4994,4
4995,2
4996,1
4997,2
4998,2
4999,2
5000,0
5001,0
5002,0
5003,3
5004,7
5005,0
5006,1
5007,1
5008,1
5009,1
5010,5
5011,1
5012,1
5013,0
5014,3
5015,0
5016,1
5017,0
5018,1
5019,0
5020,5
5021,5
5022,0
5023,1
5024,0
5025,0
5026,1
5027,2
5028,1
5029,0
5030,1
5031,0
5032,3
5033,1
5034,4
5035,2
5036,2
5037,3
5038,1
5039,0
5040,1
5041,0
5042,0
5043,2
5044,0
5045,1
5046,1
5047,0
5048,1
5049,1
5050,0
5051,5
5052,5
5053,3
5054,1
5055,0
5056,0
5057,0
5058,2
5059,0
5060,1
5061,1
5062,0
5063,4
5064,0
5065,2
5066,2
5067,1
5068,2
5069,0
5070,0
5071,2
5072,4
5073,4
5074,8
5075,2
5076,0
5077,0
5078,7
5079,1
5080,0
5081,2
5082,5
5083,0
5084,3
5085,5
5086,4
5087,0
5088,2
5089,1
5090,0
5091,1
5092,0
5093,0
5094,1
5095,0
5096,0
5097,2
5098,3
5099,1
5100,0
5101,0
5102,1
5103,6
5104,0
5105,1
5106,0
5107,0
5108,2
5109,2
5110,3
5111,7
5112,3
5113,0
5114,2
5115,3
5116,2
5117,2
5118,4
5119,1
5120,0
5121,0
5122,2
5123,0
5124,2
5125,2
5126,0
5127,3
5128,1
5129,2
5130,0
5131,0
5132,0
5133,1
5134,2
5135,0
5136,0
5137,0
5138,2
5139,0
5140,1
5141,0
5142,0
5143,1
5144,2
5145,1
5146,3
5147,4
5148,0
5149,3
5150,2
5151,0
5152,3
5153,6
5154,1
5155,0
5156,2
5157,6
5158,1
5159,2
5160,1
5161,1
5162,1
5163,0
5164,2
5165,2
5166,3
5167,3
5168,0
5169,2
5170,0
5171,2
5172,2
5173,0
5174,7
5175,4
5176,6
5177,3
5178,0
5179,0
5180,0
5181,1
5182,1
5183,0
5184,1
5185,1
5186,0
5187,4
5188,0
5189,0
5190,0
5191,0
5192,1
5193,2
5194,4
5195,2
5196,2
5197,0
5198,3
5199,2
5200,1
5201,0
5202,1
5203,2
5204,0
5205,0
5206,4
5207,2
5208,0
5209,3
5210,2
5211,1
5212,5
5213,1
5214,0
5215,1
5216,2
5217,3
5218,1
5219,2
5220,1
5221,3
5222,8
5223,0
5224,3
5225,3
5226,2
5227,1
5228,0
5229,1
5230,2
5231,0
5232,3
5233,1
5234,5
5235,6
5236,1
5237,0
5238,0
5239,0
5240,4
5241,4
5242,0
5243,0
5244,2
5245,7
5246,1
5247,0
5248,1
5249,1
5250,2
5251,2
5252,2
5253,0
5254,1
5255,6
5256,3
5257,1
5258,2
5259,0
5260,1
5261,0
5262,3
5263,2
5264,0
5265,3
5266,2
5267,0
5268,0
5269,0
5270,4
5271,2
5272,1
5273,0
5274,1
5275,1
5276,0
5277,1
5278,1
5279,0
5280,4
5281,2
5282,4
5283,4
5284,0
5285,2
5286,0
5287,4
5288,0
5289,0
5290,1
5291,8
5292,3
5293,1
5294,1
5295,0
5296,0
5297,2
5298,0
5299,1
5300,4
5301,2
5302,3
5303,2
5304,2
5305,1
5306,0
5307,1
5308,4
5309,1
5310,0
5311,0
5312,0
5313,1
5314,0
5315,0
5316,3
5317,1
5318,0
5319,1
5320,1
5321,4
5322,0
5323,2
5324,5
5325,1
5326,0
5327,0
5328,1
5329,1
5330,0
5331,3
5332,0
5333,0
5334,2
5335,0
5336,0
5337,0
5338,1
5339,5
5340,2
5341,0
5342,2
5343,1
5344,1
5345,0
5346,1
5347,1
5348,3
5349,1
5350,3
5351,0
5352,0
5353,2
5354,2
5355,2
5356,1
5357,0
5358,1
5359,2
5360,0
5361,3
5362,1
5363,3
5364,0
5365,2
5366,0
5367,3
5368,3
5369,2
5370,1
5371,2
5372,1
5373,2
5374,2
5375,1
5376,1
5377,2
5378,0
5379,0
5380,0
5381,1
5382,3
5383,2
5384,0
5385,1
5386,1
5387,4
5388,0
5389,0
5390,3
5391,2
5392,1
5393,6
5394,1
5395,0
5396,1
5397,1
5398,1
5399,1
5400,5
5401,4
5402,2
5403,0
5404,1
5405,0
5406,1
5407,0
5408,6
5409,1
5410,1
5411,1
5412,2
5413,4
5414,0
5415,2
5416,4
5417,4
5418,0
5419,1
5420,4
5421,3
5422,1
5423,0
5424,0
5425,4
5426,5
5427,0
5428,1
5429,1
5430,0
5431,1
5432,2
5433,0
5434,1
5435,1
5436,0
5437,0
5438,0
5439,1
5440,0
5441,1
5442,0
5443,1
5444,0
5445,2
5446,1
5447,7
5448,0
5449,3
5450,0
5451,0
5452,1
5453,0
5454,0
5455,1
5456,0
5457,1
5458,1
5459,4
5460,1
5461,0
5462,2
5463,2
5464,2
5465,2
5466,2
5467,7
5468,5
5469,3
5470,1
5471,0
5472,5
5473,0
5474,1
5475,1
5476,0
5477,1
5478,2
5479,5
5480,1
5481,3
5482,1
5483,4
5484,0
5485,3
5486,0
5487,4
5488,1
5489,1
5490,0
5491,1
5492,2
5493,1
5494,1
5495,1
5496,0
5497,3
5498,1
5499,1
5500,0
5501,0
5502,1
5503,6
5504,1
5505,0
5506,5
5507,0
5508,2
5509,0
5510,3
5511,1
5512,0
5513,2
5514,1
5515,1
5516,1
5517,3
5518,0
5519,0
5520,4
5521,2
5522,3
5523,1
5524,0
5525,1
5526,0
5527,0
5528,3
5529,2
5530,0
5531,2
5532,0
5533,0
5534,0
5535,0
5536,0
5537,1
5538,1
5539,0
5540,0
5541,0
5542,0
5543,1
5544,0
5545,0
5546,0
5547,3
5548,0
5549,4
5550,2
5551,2
5552,3
5553,1
5554,4
5555,3
5556,0
5557,2
5558,1
5559,1
5560,1
5561,1
5562,2
5563,3
5564,1
5565,3
5566,0
5567,2
5568,2
5569,1
5570,3
5571,2
5572,1
5573,3
5574,1
5575,1
5576,1
5577,1
5578,0
5579,6
5580,0
5581,0
5582,1
5583,0
5584,0
5585,1
5586,0
5587,3
5588,0
5589,0
5590,2
5591,3
5592,0
5593,3
5594,6
5595,4
5596,2
5597,0
5598,3
5599,0
5600,0
5601,0
5602,0
5603,0
5604,2
5605,0
5606,0
5607,2
5608,0
5609,2
5610,0
5611,3
5612,0
5613,0
5614,2
5615,1
5616,0
5617,0
5618,0
5619,0
5620,1
5621,0
5622,1
5623,0
5624,6
5625,0
5626,3
5627,2
5628,1
5629,2
5630,0
5631,4
5632,2
5633,0
5634,0
5635,0
5636,1
5637,0
5638,2
5639,1
5640,4
5641,0
5642,1
5643,1
5644,3
5645,0
5646,0
5647,1
5648,0
5649,2
5650,0
5651,3
5652,6
5653,0
5654,2
5655,0
5656,6
5657,2
5658,1
5659,0
5660,1
5661,3
5662,0
5663,2
5664,0
5665,0
5666,1
5667,1
5668,3
5669,0
5670,2
5671,0
5672,1
5673,0
5674,1
5675,0
5676,0
5677,0
5678,0
5679,1
5680,0
5681,3
5682,3
5683,5
5684,0
5685,2
5686,0
5687,2
5688,0
5689,1
5690,1
5691,1
5692,1
5693,2
5694,1
5695,0
5696,2
5697,1
5698,0
5699,0
5700,3
5701,2
5702,0
5703,2
5704,0
5705,2
5706,0
5707,0
5708,1
5709,0
5710,2
5711,0
5712,0
5713,0
5714,2
5715,5
5716,0
5717,2
5718,0
5719,1
5720,3
5721,2
5722,3
5723,5
5724,0
5725,1
5726,1
5727,0
5728,0
5729,0
5730,2
5731,0
5732,2
5733,1
5734,0
5735,2
5736,0
5737,0
5738,0
5739,1
5740,0
5741,6
5742,2
5743,3
5744,1
5745,0
5746,2
5747,0
5748,1
5749,4
5750,1
5751,3
5752,0
5753,0
5754,2
5755,2
5756,0
5757,3
5758,1
5759,0
5760,1
5761,4
5762,1
5763,1
5764,3
5765,2
5766,1
5767,0
5768,1
5769,5
5770,2
5771,2
5772,0
5773,2
5774,0
5775,0
5776,1
5777,0
5778,7
5779,1
5780,3
5781,0
5782,0
5783,3
5784,1
5785,2
5786,0
5787,0
5788,1
5789,0
5790,2
5791,0
5792,1
5793,1
5794,1
5795,2
5796,1
5797,0
5798,0
5799,2
5800,1
5801,0
5802,0
5803,1
5804,1
5805,1
5806,1
5807,0
5808,0
5809,2
5810,3
5811,4
5812,0
5813,1
5814,0
5815,3
5816,0
5817,0
5818,1
5819,1
5820,0
5821,1
5822,1
5823,1
5824,1
5825,1
5826,0
5827,5
5828,3
5829,1
5830,0
5831,2
5832,0
5833,0
5834,1
5835,2
5836,2
5837,1
5838,0
5839,4
5840,0
5841,0
5842,1
5843,1
5844,0
5845,0
5846,2
5847,2
5848,3
5849,1
5850,0
5851,1
5852,4
5853,0
5854,2
5855,2
5856,1
5857,7
5858,1
5859,4
5860,1
5861,5
5862,1
5863,3
5864,0
5865,1
5866,1
5867,2
5868,1
5869,0
5870,0
5871,2
5872,2
5873,6
5874,0
5875,1
5876,1
5877,0
5878,1
5879,2
5880,4
5881,5
5882,2
5883,0
5884,0
5885,2
5886,0
5887,2
5888,0
5889,3
5890,1
5891,1
5892,3
5893,0
5894,0
5895,0
5896,0
5897,1
5898,2
5899,1
5900,1
5901,0
5902,2
5903,1
5904,1
5905,0
5906,1
5907,0
5908,0
5909,1
5910,0
5911,2
5912,0
5913,2
5914,0
5915,3
5916,0
5917,2
5918,1
5919,3
5920,1
5921,4
5922,0
5923,1
5924,0
5925,1
5926,0
5927,0
5928,0
5929,1
5930,1
5931,3
5932,0
5933,0
5934,0
5935,5
5936,1
5937,0
5938,2
5939,3
5940,2
5941,2
5942,0
5943,0
5944,2
5945,0
5946,0
5947,0
5948,0
5949,2
5950,6
5951,3
5952,0
5953,1
5954,0
5955,4
5956,2
5957,1
5958,3
5959,1
5960,1
5961,0
5962,0
5963,1
5964,0
5965,0
5966,0
5967,4
5968,3
5969,1
5970,0
5971,1
5972,4
5973,2
5974,0
5975,1
5976,1
5977,1
5978,2
5979,3
5980,5
5981,3
5982,1
5983,0
5984,5
5985,1
5986,2
5987,0
5988,0
5989,0
5990,3
5991,0
5992,0
5993,2
5994,0
5995,0
5996,0
5997,1
5998,3
5999,0
6000,0
6001,3
6002,0
6003,3
6004,2
6005,1
6006,3
6007,2
6008,5
6009,0
6010,2
6011,1
6012,3
6013,1
6014,0
6015,0
6016,2
6017,2
6018,3
6019,2
6020,1
6021,0
6022,0
6023,1
6024,2
6025,0
6026,2
6027,4
6028,1
6029,0
6030,1
6031,0
6032,1
6033,1
6034,3
6035,1
6036,0
6037,0
6038,0
6039,1
6040,1
6041,2
6042,2
6043,1
6044,3
6045,4
6046,3
6047,1
6048,1
6049,0
6050,0
6051,0
6052,6
6053,0
6054,1
6055,0
6056,2
6057,0
6058,0
6059,0
6060,0
6061,4
6062,2
6063,0
6064,1
6065,0
6066,2
6067,4
6068,0
6069,0
6070,2
6071,3
6072,7
6073,1
6074,1
6075,2
6076,3
6077,0
6078,1
6079,0
6080,4
6081,0
6082,0
6083,1
6084,0
6085,0
6086,0
6087,0
6088,0
6089,3
6090,0
6091,0
6092,0
6093,0
6094,0
6095,0
6096,6
6097,0
6098,2
6099,0
6100,1
6101,1
6102,1
6103,1
6104,0
6105,3
6106,2
6107,0
6108,3
6109,0
6110,1
6111,0
6112,1
6113,2
6114,2
6115,0
6116,1
6117,1
6118,0
6119,5
6120,6
6121,0
6122,1
6123,0
6124,0
6125,0
6126,1
6127,2
6128,0
6129,0
6130,1
6131,3
6132,2
6133,1
6134,1
6135,0
6136,3
6137,2
6138,1
6139,2
6140,0
6141,2
6142,2
6143,3
6144,0
6145,1
6146,0
6147,0
6148,2
6149,2
6150,2
6151,1
6152,2
6153,1
6154,0
6155,3
6156,2
6157,1
6158,0
6159,3
6160,3
6161,1
6162,1
6163,0
6164,3
6165,0
6166,7
6167,2
6168,0
6169,0
6170,2
6171,5
6172,1
6173,0
6174,1
6175,1
6176,0
6177,0
6178,2
6179,2
6180,1
6181,2
6182,0
6183,0
6184,0
6185,2
6186,4
6187,6
6188,4
6189,1
6190,4
6191,1
6192,0
6193,0
6194,4
6195,0
6196,4
6197,0
6198,3
6199,0
6200,5
6201,1
6202,1
6203,5
6204,2
6205,0
6206,3
6207,2
6208,0
6209,1
6210,1
6211,3
6212,0
6213,0
6214,0
6215,2
6216,1
6217,1
6218,1
6219,2
6220,1
6221,2
6222,2
6223,1
6224,1
6225,0
6226,1
6227,1
6228,0
6229,4
6230,0
6231,3
6232,5
6233,0
6234,1
6235,1
6236,0
6237,3
6238,0
6239,1
6240,3
6241,1
6242,0
6243,0
6244,0
6245,0
6246,3
6247,0
6248,1
6249,0
6250,2
6251,0
6252,1
6253,1
6254,0
6255,2
6256,0
6257,1
6258,0
6259,0
6260,1
6261,2
6262,4
6263,0
6264,1
6265,0
6266,2
6267,4
6268,1
6269,0
6270,0
6271,2
6272,1
6273,0
6274,2
6275,2
6276,0
6277,0
6278,1
6279,0
6280,4
6281,1
6282,2
6283,0
6284,1
6285,0
6286,2
6287,0
6288,0
6289,2
6290,0
6291,0
6292,0
6293,0
6294,2
6295,2
6296,3
6297,1
6298,1
6299,1
6300,2
6301,1
6302,1
6303,4
6304,1
6305,2
6306,0
6307,1
6308,0
6309,0
6310,3
6311,0
6312,3
6313,6
6314,0
6315,2
6316,1
6317,0
6318,0
6319,2
6320,1
6321,4
6322,0
6323,3
6324,0
6325,7
6326,0
6327,0
6328,2
6329,1
6330,2
6331,1
6332,1
6333,1
6334,0
6335,1
6336,2
6337,1
6338,0
6339,0
6340,2
6341,0
6342,0
6343,1
6344,0
6345,3
6346,1
6347,0
6348,6
6349,4
6350,3
6351,1
6352,0
6353,1
6354,0
6355,4
6356,2
6357,2
6358,1
6359,0
6360,1
6361,2
6362,1
6363,0
6364,2
6365,0
6366,1
6367,3
6368,2
6369,2
6370,0
6371,1
6372,0
6373,2
6374,2
6375,0
6376,1
6377,1
6378,3
6379,1
6380,4
6381,6
6382,4
6383,2
6384,4
6385,2
6386,0
6387,1
6388,1
6389,2
6390,2
6391,0
6392,2
6393,3
6394,4
6395,3
6396,2
6397,0
6398,0
6399,3
6400,2
6401,0
6402,0
6403,1
6404,4
6405,2
6406,2
6407,2
6408,2
6409,0
6410,1
6411,0
6412,3
6413,1
6414,1
6415,1
6416,0
6417,1
6418,0
6419,0
6420,0
6421,0
6422,1
6423,1
6424,1
6425,2
6426,0
6427,1
6428,1
6429,1
6430,1
6431,0
6432,1
6433,1
6434,1
6435,4
6436,0
6437,0
6438,0
6439,0
6440,4
6441,0
6442,1
6443,1
6444,0
6445,0
6446,0
6447,2
6448,2
6449,3
6450,3
6451,0
6452,0
6453,1
6454,0
6455,3
6456,0
6457,0
6458,0
6459,2
6460,6
6461,1
6462,7
6463,3
6464,1
6465,1
6466,2
6467,2
6468,0
6469,2
6470,1
6471,2
6472,3
6473,2
6474,1
6475,4
6476,0
6477,2
6478,0
6479,0
6480,0
6481,1
6482,0
6483,1
6484,0
6485,1
6486,1
6487,0
6488,0
6489,1
6490,2
6491,1
6492,2
6493,0
6494,3
6495,1
6496,1
6497,2
6498,0
6499,1
6500,1
6501,1
6502,3
6503,0
6504,0
6505,0
6506,3
6507,3
6508,1
6509,0
6510,1
6511,0
6512,1
6513,1
6514,2
6515,2
6516,6
6517,2
6518,0
6519,0
6520,0
6521,0
6522,2
6523,0
6524,2
6525,0
6526,2
6527,1
6528,0
6529,2
6530,0
6531,1
6532,1
6533,0
6534,2
6535,1
6536,1
6537,1
6538,0
6539,1
6540,1
6541,2
6542,0
6543,1
6544,4
6545,1
6546,2
6547,0
6548,0
6549,2
6550,0
6551,0
6552,0
6553,1
6554,1
6555,1
6556,0
6557,0
6558,3
6559,3
6560,1
6561,3
6562,0
6563,1
6564,2
6565,0
6566,2
6567,1
6568,2
6569,1
6570,1
6571,4
6572,2
6573,1
6574,4
6575,0
6576,0
6577,0
6578,0
6579,0
6580,1
6581,1
6582,0
6583,1
6584,1
6585,0
6586,2
6587,0
6588,1
6589,3
6590,3
6591,1
6592,2
6593,1
6594,0
6595,4
6596,1
6597,0
6598,0
6599,0
6600,0
6601,2
6602,0
6603,2
6604,1
6605,0
6606,0
6607,0
6608,0
6609,1
6610,0
6611,2
6612,1
6613,1
6614,1
6615,4
6616,1
6617,0
6618,0
6619,0
6620,2
6621,0
6622,1
6623,0
6624,4
6625,0
6626,0
6627,2
6628,0
6629,1
6630,2
6631,0
6632,1
6633,1
6634,1
6635,2
6636,1
6637,1
6638,3
6639,3
6640,0
6641,1
6642,0
6643,0
6644,2
6645,0
6646,2
6647,1
6648,1
6649,0
6650,1
6651,2
6652,0
6653,0
6654,3
6655,1
6656,0
6657,2
6658,1
6659,0
6660,4
6661,2
6662,3
6663,0
6664,1
6665,2
6666,0
6667,1
6668,0
6669,0
6670,3
6671,1
6672,0
6673,0
6674,0
6675,3
6676,3
6677,1
6678,0
6679,0
6680,1
6681,3
6682,0
6683,2
6684,1
6685,1
6686,2
6687,0
6688,0
6689,1
6690,1
6691,0
6692,1
6693,2
6694,0
6695,5
6696,1
6697,1
6698,2
6699,1
6700,2
6701,1
6702,0
6703,0
6704,1
6705,2
6706,3
6707,3
6708,2
6709,0
6710,0
6711,2
6712,0
6713,3
6714,0
6715,4
6716,2
6717,3
6718,0
6719,3
6720,1
6721,1
6722,0
6723,2
6724,0
6725,0
6726,3
6727,1
6728,0
6729,1
6730,1
6731,0
6732,1
6733,0
6734,3
6735,0
6736,1
6737,3
6738,0
6739,0
6740,5
6741,0
6742,2
6743,0
6744,2
6745,0
6746,0
6747,0
6748,1
6749,1
6750,0
6751,1
6752,3
6753,1
6754,1
6755,2
6756,1
6757,5
6758,0
6759,2
6760,0
6761,0
6762,1
6763,6
6764,0
6765,0
6766,1
6767,0
6768,1
6769,1
6770,2
6771,2
6772,1
6773,2
6774,0
6775,0
6776,3
6777,0
6778,1
6779,0
6780,2
6781,0
6782,0
6783,2
6784,0
6785,1
6786,1
6787,0
6788,1
6789,2
6790,0
6791,1
6792,2
6793,2
6794,1
6795,2
6796,4
6797,1
6798,1
6799,0
6800,1
6801,3
6802,1
6803,0
6804,0
6805,1
6806,0
6807,2
6808,1
6809,0
6810,0
6811,1
6812,2
6813,0
6814,2
6815,0
6816,0
6817,0
6818,0
6819,0
6820,2
6821,4
6822,1
6823,0
6824,1
6825,1
6826,3
6827,0
6828,0
6829,1
6830,2
6831,1
6832,1
6833,0
6834,1
6835,1
6836,0
6837,1
6838,1
6839,2
6840,0
6841,4
6842,1
6843,3
6844,2
6845,2
6846,5
6847,4
6848,1
6849,2
6850,0
6851,0
6852,0
6853,0
6854,0
6855,2
6856,1
6857,1
6858,1
6859,0
6860,2
6861,6
6862,3
6863,0
6864,2
6865,0
6866,0
6867,2
6868,2
6869,3
6870,0
6871,2
6872,0
6873,1
6874,2
6875,2
6876,3
6877,0
6878,0
6879,1
6880,2
6881,3
6882,0
6883,0
6884,2
6885,4
6886,1
6887,1
6888,1
6889,2
6890,2
6891,1
6892,1
6893,0
6894,4
6895,0
6896,0
6897,2
6898,2
6899,3
6900,3
6901,0
6902,4
6903,1
6904,1
6905,0
6906,3
6907,1
6908,0
6909,1
6910,1
6911,0
6912,1
6913,1
6914,0
6915,2
6916,2
6917,0
6918,0
6919,0
6920,0
6921,0
6922,4
6923,0
6924,8
6925,2
6926,3
6927,1
6928,1
6929,1
6930,0
6931,1
6932,1
6933,0
6934,0
6935,1
6936,0
6937,1
6938,0
6939,1
6940,0
6941,0
6942,0
6943,4
6944,2
6945,1
6946,2
6947,1
6948,2
6949,1
6950,0
6951,1
6952,1
6953,2
6954,0
6955,4
6956,0
6957,2
6958,3
6959,2
6960,1
6961,1
6962,2
6963,3
6964,2
6965,0
6966,5
6967,0
6968,3
6969,1
6970,2
6971,3
6972,1
6973,0
6974,4
6975,0
6976,5
6977,0
6978,1
6979,1
6980,0
6981,1
6982,0
6983,0
6984,0
6985,0
6986,0
6987,0
6988,0
6989,3
6990,0
6991,2
6992,3
6993,0
6994,1
6995,2
6996,1
6997,1
6998,1
6999,1
7000,1
7001,1
7002,3
7003,4
7004,2
7005,0
7006,1
7007,0
7008,4
7009,2
7010,0
7011,0
7012,0
7013,3
7014,1
7015,2
7016,2
7017,0
7018,1
7019,0
7020,1
7021,0
7022,0
7023,3
7024,0
7025,1
7026,1
7027,3
7028,2
7029,1
7030,1
7031,1
7032,0
7033,0
7034,0
7035,1
7036,1
7037,3
7038,0
7039,0
7040,1
7041,0
7042,1
7043,1
7044,3
7045,2
7046,2
7047,0
7048,0
7049,2
7050,0
7051,2
7052,0
7053,2
7054,0
7055,2
7056,0
7057,1
7058,1
7059,2
7060,3
7061,0
7062,0
7063,1
7064,1
7065,3
7066,0
7067,4
7068,0
7069,2
7070,2
7071,0
7072,3
7073,0
7074,1
7075,0
7076,0
7077,1
7078,1
7079,0
7080,2
7081,1
7082,1
7083,1
7084,2
7085,2
7086,0
7087,0
7088,1
7089,1
7090,1
7091,2
7092,0
7093,0
7094,1
7095,2
7096,2
7097,0
7098,0
7099,0
7100,2
7101,1
7102,0
7103,0
7104,2
7105,1
7106,0
7107,1
7108,2
7109,2
7110,3
7111,0
7112,1
7113,0
7114,1
7115,1
7116,2
7117,0
7118,2
7119,2
7120,0
7121,2
7122,0
7123,3
7124,3
7125,0
7126,0
7127,1
7128,3
7129,0
7130,0
7131,0
7132,0
7133,3
7134,0
7135,0
7136,0
7137,3
7138,0
7139,0
7140,0
7141,1
7142,0
7143,1
7144,1
7145,0
7146,1
7147,0
7148,1
7149,1
7150,0
7151,2
7152,0
7153,0
7154,1
7155,0
7156,4
7157,0
7158,1
7159,1
7160,0
7161,0
7162,2
7163,0
7164,0
7165,1
7166,0
7167,0
7168,1
7169,1
7170,2
7171,3
7172,2
7173,1
7174,1
7175,1
7176,1
7177,2
7178,1
7179,1
7180,0
7181,0
7182,2
7183,0
7184,1
7185,0
7186,1
7187,0
7188,2
7189,0
7190,2
7191,4
7192,3
7193,1
7194,0
7195,1
7196,1
7197,3
7198,1
7199,0
7200,2
7201,4
7202,1
7203,0
7204,5
7205,0
7206,1
7207,0
7208,1
7209,2
7210,0
7211,0
7212,1
7213,3
7214,2
7215,0
7216,2
7217,0
7218,3
7219,1
7220,2
7221,0
7222,1
7223,0
7224,0
7225,0
7226,0
7227,3
7228,3
7229,1
7230,3
7231,0
7232,2
7233,2
7234,0
7235,1
7236,0
7237,0
7238,0
7239,1
7240,0
7241,0
7242,1
7243,1
7244,1
7245,0
7246,2
7247,0
7248,1
7249,1
7250,0
7251,0
7252,5
7253,3
7254,1
7255,1
7256,4
7257,0
7258,0
7259,1
7260,3
7261,0
7262,0
7263,0
7264,0
7265,0
7266,0
7267,2
7268,2
7269,0
7270,2
7271,0
7272,0
7273,3
7274,0
7275,1
7276,4
7277,0
7278,1
7279,1
7280,1
7281,0
7282,2
7283,0
7284,1
7285,1
7286,0
7287,2
7288,0
7289,0
7290,5
7291,3
7292,0
7293,1
7294,0
7295,1
7296,0
7297,1
7298,2
7299,0
7300,1
7301,0
7302,4
7303,2
7304,1
7305,0
7306,3
7307,1
7308,3
7309,1
7310,3
7311,0
7312,0
7313,2
7314,1
7315,1
7316,0
7317,0
7318,2
7319,2
7320,3
7321,1
7322,1
7323,1
7324,0
7325,0
7326,0
7327,0
7328,4
7329,1
7330,2
7331,2
7332,1
7333,1
7334,1
7335,1
7336,3
7337,2
7338,2
7339,3
7340,0
7341,0
7342,1
7343,0
7344,0
7345,1
7346,2
7347,0
7348,2
7349,1
7350,2
7351,2
7352,0
7353,1
7354,4
7355,0
7356,0
7357,0
7358,1
7359,1
7360,0
7361,1
7362,0
7363,2
7364,2
7365,2
7366,2
7367,3
7368,1
7369,1
7370,0
7371,0
7372,0
7373,2
7374,3
7375,1
7376,1
7377,0
7378,1
7379,1
7380,2
7381,1
7382,1
7383,0
7384,0
7385,1
7386,1
7387,0
7388,0
7389,0
7390,1
7391,0
7392,0
7393,0
7394,1
7395,1
7396,0
7397,0
7398,0
7399,1
7400,0
7401,2
7402,0
7403,3
7404,0
7405,0
7406,1
7407,0
7408,0
7409,2
7410,0
7411,1
7412,0
7413,0
7414,1
7415,1
7416,1
7417,3
7418,1
7419,1
7420,3
7421,1
7422,0
7423,0
7424,0
7425,1
7426,0
7427,0
7428,2
7429,1
7430,2
7431,0
7432,2
7433,4
7434,0
7435,2
7436,1
7437,1
7438,3
7439,1
7440,1
7441,0
7442,5
7443,1
7444,0
7445,1
7446,2
7447,1
7448,0
7449,1
7450,0
7451,2
7452,1
7453,2
7454,2
7455,1
7456,3
7457,1
7458,3
7459,1
7460,0
7461,1
7462,2
7463,0
7464,0
7465,1
7466,0
7467,0
7468,1
7469,1
7470,0
7471,2
7472,3
7473,3
7474,1
7475,0
7476,1
7477,1
7478,1
7479,0
7480,0
7481,1
7482,0
7483,0
7484,0
7485,2
7486,1
7487,0
7488,0
7489,3
7490,2
7491,2
7492,0
7493,0
7494,0
7495,1
7496,1
7497,1
7498,4
7499,1
7500,2
7501,1
7502,1
7503,0
7504,1
7505,3
7506,0
7507,1
7508,1
7509,1
7510,1
7511,1
7512,3
7513,0
7514,0
7515,1
7516,1
7517,1
7518,3
7519,0
7520,2
7521,0
7522,0
7523,0
7524,0
7525,1
7526,3
7527,0
7528,0
7529,1
7530,0
7531,0
7532,1
7533,3
7534,1
7535,1
7536,1
7537,3
7538,0
7539,0
7540,3
7541,0
7542,0
7543,1
7544,1
7545,1
7546,1
7547,1
7548,1
7549,1
7550,0
7551,0
7552,1
7553,1
7554,0
7555,1
7556,1
7557,2
7558,1
7559,1
7560,4
7561,3
7562,0
7563,2
7564,0
7565,0
7566,0
7567,2
7568,2
7569,1
7570,1
7571,0
7572,1
7573,0
7574,0
7575,0
7576,0
7577,0
7578,2
7579,0
7580,1
7581,2
7582,2
7583,1
7584,0
7585,0
7586,1
7587,2
7588,2
7589,2
7590,1
7591,1
7592,1
7593,2
7594,0
7595,3
7596,3
7597,1
7598,0
7599,0
7600,1
7601,1
7602,2
7603,4
7604,1
7605,0
7606,1
7607,0
7608,2
7609,4
7610,1
7611,1
7612,4
7613,1
7614,0
7615,1
7616,1
7617,1
7618,3
7619,0
7620,0
7621,0
7622,4
7623,0
7624,1
7625,2
7626,0
7627,1
7628,0
7629,2
7630,2
7631,1
7632,3
7633,1
7634,1
7635,0
7636,0
7637,2
7638,0
7639,1
7640,2
7641,0
7642,0
7643,0
7644,0
7645,0
7646,0
7647,0
7648,0
7649,1
7650,1
7651,0
7652,0
7653,3
7654,3
7655,1
7656,3
7657,1
7658,1
7659,5
7660,2
7661,1
7662,2
7663,1
7664,1
7665,1
7666,0
7667,2
7668,0
7669,2
7670,0
7671,0
7672,2
7673,1
7674,3
7675,2
7676,2
7677,0
7678,2
7679,2
7680,4
7681,4
7682,2
7683,3
7684,1
7685,0
7686,0
7687,0
7688,1
7689,2
7690,1
7691,0
7692,1
7693,1
7694,0
7695,0
7696,0
7697,1
7698,2
7699,3
7700,1
7701,1
7702,0
7703,1
7704,0
7705,1
7706,3
7707,0
7708,1
7709,1
7710,0
7711,6
7712,1
7713,2
7714,3
7715,2
7716,0
7717,0
7718,0
7719,1
7720,3
7721,1
7722,1
7723,0
7724,1
7725,1
7726,0
7727,0
7728,0
7729,2
7730,1
7731,2
7732,3
7733,1
7734,1
7735,0
7736,0
7737,0
7738,3
7739,2
7740,0
7741,1
7742,1
7743,2
7744,0
7745,4
7746,1
7747,1
7748,0
7749,2
7750,3
7751,1
7752,1
7753,4
7754,0
7755,3
7756,2
7757,1
7758,2
7759,1
7760,0
7761,0
7762,0
7763,1
7764,2
7765,3
7766,1
7767,1
7768,4
7769,0
7770,3
7771,2
7772,1
7773,2
7774,3
7775,2
7776,2
7777,2
7778,1
7779,1
7780,0
7781,3
7782,0
7783,0
7784,3
7785,0
7786,2
7787,3
7788,0
7789,0
7790,0
7791,0
7792,2
7793,0
7794,0
7795,1
7796,1
7797,1
7798,1
7799,2
7800,3
7801,0
7802,0
7803,0
7804,1
7805,4
7806,0
7807,1
7808,1
7809,1
7810,3
7811,1
7812,0
7813,5
7814,2
7815,0
7816,1
7817,2
7818,1
7819,4
7820,2
7821,1
7822,1
7823,1
7824,1
7825,1
7826,1
7827,1
7828,1
7829,0
7830,0
7831,1
7832,2
7833,1
7834,0
7835,2
7836,1
7837,1
7838,1
7839,1
7840,4
7841,3
7842,1
7843,1
7844,1
7845,0
7846,1
7847,2
7848,1
7849,0
7850,0
7851,6
7852,1
7853,1
7854,4
7855,2
7856,0
7857,0
7858,0
7859,2
7860,1
7861,2
7862,2
7863,0
7864,0
7865,0
7866,1
7867,2
7868,0
7869,2
7870,1
7871,0
7872,0
7873,1
7874,4
7875,0
7876,3
7877,0
7878,2
7879,1
7880,0
7881,1
7882,1
7883,6
7884,1
7885,3
7886,0
7887,0
7888,2
7889,0
7890,3
7891,1
7892,1
7893,1
7894,0
7895,2
7896,1
7897,4
7898,0
7899,0
7900,0
7901,0
7902,0
7903,0
7904,1
7905,1
7906,0
7907,2
7908,1
7909,3
7910,1
7911,2
7912,0
7913,0
7914,2
7915,1
7916,1
7917,2
7918,2
7919,0
7920,1
7921,0
7922,1
7923,0
7924,0
7925,2
7926,0
7927,0
7928,0
7929,0
7930,1
7931,0
7932,3
7933,0
7934,1
7935,1
7936,0
7937,0
7938,1
7939,0
7940,1
7941,4
7942,1
7943,1
7944,5
7945,0
7946,0
7947,0
7948,0
7949,1
7950,2
7951,2
7952,0
7953,2
7954,1
7955,2
7956,0
7957,0
7958,1
7959,2
7960,1
7961,2
7962,2
7963,1
7964,1
7965,1
7966,0
7967,1
7968,0
7969,1
7970,0
7971,0
7972,1
7973,0
7974,0
7975,2
7976,0
7977,2
7978,3
7979,1
7980,0
7981,0
7982,0
7983,4
7984,2
7985,1
7986,0
7987,1
7988,1
7989,0
7990,1
7991,0
7992,1
7993,2
7994,0
7995,4
7996,3
7997,0
7998,0
7999,1
8000,1
8001,2
8002,0
8003,2
8004,1
8005,3
8006,0
8007,0
8008,0
8009,2
8010,2
8011,0
8012,0
8013,0
8014,1
8015,2
8016,0
8017,1
8018,0
8019,2
8020,1
8021,0
8022,1
8023,2
8024,1
8025,0
8026,0
8027,2
8028,2
8029,0
8030,1
8031,0
8032,1
8033,4
8034,0
8035,0
8036,0
8037,1
8038,3
8039,2
8040,0
8041,1
8042,0
8043,1
8044,2
8045,1
8046,0
8047,2
8048,0
8049,2
8050,1
8051,1
8052,0
8053,1
8054,1
8055,0
8056,0
8057,0
8058,1
8059,0
8060,2
8061,0
8062,1
8063,0
8064,1
8065,2
8066,0
8067,1
8068,1
8069,2
8070,0
8071,2
8072,0
8073,0
8074,0
8075,1
8076,0
8077,2
8078,0
8079,0
8080,1
8081,0
8082,1
8083,0
8084,1
8085,2
8086,3
8087,0
8088,2
8089,2
8090,0
8091,3
8092,0
8093,0
8094,1
8095,3
8096,1
8097,1
8098,0
8099,1
8100,0
8101,0
8102,1
8103,0
8104,0
8105,1
8106,0
8107,0
8108,2
8109,2
8110,0
8111,5
8112,4
8113,0
8114,2
8115,2
8116,0
8117,0
8118,0
8119,1
8120,0
8121,1
8122,1
8123,0
8124,0
8125,2
8126,1
8127,1
8128,1
8129,0
8130,0
8131,0
8132,1
8133,1
8134,1
8135,0
8136,0
8137,1
8138,0
8139,1
8140,2
8141,3
8142,3
8143,0
8144,0
8145,2
8146,2
8147,2
8148,0
8149,1
8150,2
8151,0
8152,0
8153,1
8154,2
8155,0
8156,4
8157,1
8158,2
8159,1
8160,1
8161,1
8162,0
8163,0
8164,4
8165,3
8166,2
8167,1
8168,0
8169,1
8170,1
8171,1
8172,0
8173,3
8174,2
8175,2
8176,0
8177,2
8178,0
8179,0
8180,1
8181,4
8182,1
8183,2
8184,3
8185,2
8186,0
8187,2
8188,1
8189,0
8190,0
8191,2
8192,1
8193,0
8194,1
8195,1
8196,0
8197,0
8198,0
8199,4
8200,2
8201,2
8202,1
8203,2
8204,1
8205,2
8206,7
8207,1
8208,2
8209,0
8210,2
8211,2
8212,1
8213,0
8214,0
8215,2
8216,0
8217,1
8218,1
8219,2
8220,4
8221,1
8222,1
8223,0
8224,2
8225,1
8226,1
8227,4
8228,1
8229,2
8230,2
8231,0
8232,2
8233,1
8234,1
8235,1
8236,1
8237,2
8238,1
8239,3
8240,3
8241,0
8242,1
8243,2
8244,0
8245,0
8246,0
8247,0
8248,0
8249,1
8250,0
8251,2
8252,1
8253,1
8254,2
8255,0
8256,1
8257,0
8258,3
8259,0
8260,0
8261,1
8262,1
8263,1
8264,0
8265,2
8266,0
8267,0
8268,1
8269,0
8270,1
8271,0
8272,1
8273,0
8274,0
8275,1
8276,0
8277,2
8278,0
8279,1
8280,0
8281,1
8282,1
8283,3
8284,0
8285,0
8286,0
8287,1
8288,3
8289,0
8290,2
8291,3
8292,1
8293,1
8294,3
8295,2
8296,1
8297,0
8298,2
8299,1
8300,0
8301,1
8302,1
8303,0
8304,2
8305,1
8306,3
8307,1
8308,2
8309,0
8310,0
8311,1
8312,0
8313,2
8314,1
8315,0
8316,1
8317,0
8318,1
8319,0
8320,0
8321,0
8322,1
8323,3
8324,2
8325,1
8326,2
8327,2
8328,4
8329,1
8330,0
8331,0
8332,2
8333,0
8334,2
8335,3
8336,0
8337,1
8338,0
8339,1
8340,2
8341,2
8342,0
8343,3
8344,1
8345,1
8346,0
8347,1
8348,3
8349,0
8350,0
8351,0
8352,0
8353,2
8354,0
8355,0
8356,0
8357,1
8358,2
8359,0
8360,0
8361,2
8362,0
8363,3
8364,2
8365,2
8366,2
8367,0
8368,1
8369,1
8370,0
8371,1
8372,2
8373,1
8374,3
8375,0
8376,1
8377,1
8378,6
8379,0
8380,4
8381,2
8382,1
8383,2
8384,0
8385,2
8386,2
8387,1
8388,0
8389,1
8390,1
8391,2
8392,1
8393,0
8394,1
8395,0
8396,2
8397,2
8398,1
8399,0
8400,4
8401,0
8402,0
8403,2
8404,0
8405,0
8406,0
8407,0
8408,1
8409,2
8410,1
8411,1
8412,0
8413,1
8414,0
8415,2
8416,3
8417,0
8418,0
8419,0
8420,3
8421,0
8422,0
8423,1
8424,1
8425,0
8426,1
8427,1
8428,1
8429,1
8430,0
8431,0
8432,0
8433,1
8434,0
8435,0
8436,1
8437,1
8438,1
8439,0
8440,2
8441,1
8442,0
8443,2
8444,0
8445,2
8446,1
8447,1
8448,3
8449,1
8450,1
8451,0
8452,3
8453,0
8454,0
8455,2
8456,3
8457,1
8458,2
8459,1
8460,1
8461,2
8462,2
8463,1
8464,3
8465,0
8466,1
8467,0
8468,1
8469,2
8470,0
8471,0
8472,1
8473,1
8474,3
8475,1
8476,1
8477,1
8478,0
8479,4
8480,3
8481,1
8482,1
8483,0
8484,1
8485,0
8486,1
8487,0
8488,0
8489,0
8490,1
8491,1
8492,0
8493,0
8494,1
8495,0
8496,0
8497,0
8498,0
8499,0
8500,4
8501,1
8502,1
8503,1
8504,1
8505,0
8506,0
8507,0
8508,0
8509,2
8510,0
8511,0
8512,1
8513,0
8514,0
8515,2
8516,1
8517,1
8518,2
8519,0
8520,2
8521,0
8522,0
8523,2
8524,0
8525,1
8526,1
8527,1
8528,2
8529,1
8530,1
8531,0
8532,1
8533,1
8534,1
8535,0
8536,1
8537,1
8538,0
8539,1
8540,1
8541,0
8542,0
8543,0
8544,1
8545,0
8546,1
8547,1
8548,2
8549,0
8550,3
8551,2
8552,0
8553,0
8554,4
8555,1
8556,1
8557,1
8558,2
8559,3
8560,0
8561,0
8562,2
8563,1
8564,2
8565,0
8566,0
8567,2
8568,1
8569,1
8570,3
8571,0
8572,0
8573,0
8574,0
8575,0
8576,0
8577,1
8578,1
8579,1
8580,0
8581,1
8582,1
8583,0
8584,1
8585,1
8586,2
8587,2
8588,1
8589,3
8590,1
8591,3
8592,3
8593,1
8594,1
8595,0
8596,1
8597,2
8598,3
8599,0
8600,1
8601,0
8602,0
8603,2
8604,0
8605,0
8606,1
8607,2
8608,0
8609,1
8610,3
8611,0
8612,0
8613,1
8614,0
8615,3
8616,1
8617,0
8618,3
8619,0
8620,0
8621,2
8622,1
8623,0
8624,1
8625,0
8626,2
8627,1
8628,0
8629,0
8630,2
8631,1
8632,1
8633,1
8634,3
8635,0
8636,0
8637,0
8638,3
8639,1
8640,2
8641,3
8642,0
8643,1
8644,2
8645,0
8646,2
8647,1
8648,1
8649,2
8650,1
8651,0
8652,1
8653,0
8654,2
8655,1
8656,1
8657,0
8658,0
8659,0
8660,0
8661,0
8662,0
8663,0
8664,2
8665,0
8666,1
8667,4
8668,4
8669,2
8670,1
8671,0
8672,1
8673,0
8674,3
8675,2
8676,1
8677,1
8678,1
8679,1
8680,0
8681,1
8682,2
8683,0
8684,1
8685,0
8686,1
8687,0
8688,2
8689,2
8690,0
8691,1
8692,1
8693,0
8694,4
8695,1
8696,1
8697,1
8698,1
8699,2
8700,1
8701,5
8702,1
8703,0
8704,2
8705,1
8706,2
8707,2
8708,1
8709,2
8710,3
8711,0
8712,0
8713,0
8714,1
8715,0
8716,1
8717,3
8718,1
8719,0
8720,0
8721,0
8722,0
8723,0
8724,0
8725,1
8726,2
8727,0
8728,1
8729,1
8730,1
8731,0
8732,1
8733,2
8734,0
8735,2
8736,1
8737,1
8738,0
8739,3
8740,2
8741,0
8742,0
8743,1
8744,1
8745,0
8746,3
8747,2
8748,2
8749,0
8750,3
8751,0
8752,2
8753,1
8754,1
8755,1
8756,1
8757,0
8758,2
8759,2
8760,1
8761,1
8762,4
8763,1
8764,0
8765,2
8766,2
8767,1
8768,2
8769,0
8770,0
8771,1
8772,0
8773,1
8774,2
8775,0
8776,0
8777,0
8778,2
8779,1
8780,1
8781,3
8782,2
8783,0
8784,0
8785,3
8786,0
8787,2
8788,0
8789,0
8790,0
8791,0
8792,0
8793,1
8794,1
8795,1
8796,1
8797,1
8798,1
8799,0
8800,0
8801,0
8802,0
8803,1
8804,1
8805,1
8806,2
8807,2
8808,2
8809,1
8810,0
8811,0
8812,1
8813,0
8814,1
8815,1
8816,0
8817,4
8818,1
8819,1
8820,2
8821,0
8822,0
8823,2
8824,1
8825,1
8826,2
8827,2
8828,2
8829,2
8830,1
8831,0
8832,3
8833,4
8834,2
8835,2
8836,2
8837,0
8838,1
8839,2
8840,2
8841,0
8842,2
8843,0
8844,1
8845,3
8846,1
8847,0
8848,2
8849,3
8850,0
8851,1
8852,2
8853,1
8854,1
8855,1
8856,3
8857,1
8858,0
8859,0
8860,1
8861,0
8862,2
8863,3
8864,0
8865,2
8866,1
8867,1
8868,0
8869,0
8870,2
8871,0
8872,1
8873,0
8874,0
8875,3
8876,1
8877,0
8878,2
8879,2
8880,0
8881,1
8882,2
8883,0
8884,0
8885,0
8886,1
8887,1
8888,3
8889,1
8890,0
8891,2
8892,2
8893,0
8894,2
8895,2
8896,2
8897,1
8898,0
8899,1
8900,2
8901,0
8902,2
8903,0
8904,0
8905,0
8906,1
8907,1
8908,0
8909,2
8910,1
8911,1
8912,1
8913,1
8914,0
8915,1
8916,1
8917,2
8918,3
8919,1
8920,2
8921,2
8922,2
8923,2
8924,0
8925,1
8926,0
8927,0
8928,1
8929,0
8930,1
8931,0
8932,2
8933,2
8934,0
8935,1
8936,1
8937,1
8938,3
8939,1
8940,0
8941,2
8942,1
8943,1
8944,1
8945,0
8946,0
8947,2
8948,0
8949,0
8950,1
8951,2
8952,0
8953,1
8954,2
8955,1
8956,2
8957,3
8958,2
8959,1
8960,0
8961,1
8962,1
8963,0
8964,1
8965,2
8966,0
8967,1
8968,1
8969,1
8970,1
8971,0
8972,1
8973,0
8974,1
8975,2
8976,3
8977,0
8978,1
8979,2
8980,2
8981,0
8982,1
8983,1
8984,1
8985,1
8986,2
8987,0
8988,0
8989,0
8990,1
8991,0
8992,2
8993,1
8994,3
8995,1
8996,4
8997,0
8998,0
8999,0
9000,0
9001,0
9002,0
9003,0
9004,3
9005,0
9006,1
9007,1
9008,2
9009,1
9010,2
9011,2
9012,2
9013,1
9014,1
9015,2
9016,0
9017,2
9018,1
9019,1
9020,0
9021,1
9022,1
9023,0
9024,1
9025,1
9026,1
9027,0
9028,1
9029,2
9030,0
9031,0
9032,1
9033,1
9034,0
9035,0
9036,1
9037,2
9038,1
9039,1
9040,2
9041,1
9042,1
9043,0
9044,0
9045,0
9046,1
9047,0
9048,0
9049,0
9050,0
9051,1
9052,0
9053,4
9054,1
9055,0
9056,0
9057,2
9058,0
9059,0
9060,0
9061,1
9062,0
9063,0
9064,1
9065,1
9066,0
9067,1
9068,0
9069,1
9070,1
9071,1
9072,1
9073,1
9074,3
9075,0
9076,0
9077,0
9078,2
9079,3
9080,0
9081,1
9082,0
9083,1
9084,1
9085,2
9086,0
9087,1
9088,2
9089,1
9090,1
9091,3
9092,1
9093,2
9094,1
9095,1
9096,2
9097,1
9098,1
9099,2
9100,1
9101,3
9102,1
9103,0
9104,2
9105,2
9106,2
9107,1
9108,0
9109,1
9110,0
9111,1
9112,1
9113,0
9114,3
9115,0
9116,2
9117,1
9118,0
9119,1
9120,1
9121,1
9122,1
9123,0
9124,1
9125,2
9126,2
9127,1
9128,3
9129,1
9130,0
9131,1
9132,5
9133,1
9134,1
9135,2
9136,0
9137,1
9138,3
9139,0
9140,3
9141,2
9142,0
9143,0
9144,2
9145,0
9146,2
9147,0
9148,1
9149,0
9150,0
9151,1
9152,2
9153,0
9154,0
9155,1
9156,1
9157,0
9158,1
9159,1
9160,1
9161,1
9162,2
9163,1
9164,0
9165,1
9166,1
9167,0
9168,0
9169,2
9170,0
9171,1
9172,1
9173,1
9174,1
9175,2
9176,0
9177,2
9178,0
9179,3
9180,1
9181,4
9182,1
9183,0
9184,1
9185,0
9186,0
9187,2
9188,4
9189,0
9190,1
9191,0
9192,0
9193,4
9194,1
9195,1
9196,1
9197,3
9198,2
9199,0
9200,0
9201,2
9202,1
9203,2
9204,0
9205,0
9206,1
9207,0
9208,1
9209,0
9210,1
9211,0
9212,0
9213,0
9214,2
9215,1
9216,1
9217,0
9218,2
9219,3
9220,1
9221,0
9222,1
9223,1
9224,2
9225,1
9226,3
9227,1
9228,1
9229,0
9230,0
9231,3
9232,1
9233,0
9234,0
9235,0
9236,1
9237,0
9238,0
9239,3
9240,1
9241,0
9242,0
9243,0
9244,0
9245,1
9246,2
9247,0
9248,1
9249,1
9250,1
9251,0
9252,0
9253,0
9254,1
9255,1
9256,1
9257,1
9258,3
9259,0
9260,2
9261,2
9262,1
9263,1
9264,0
9265,2
9266,1
9267,3
9268,0
9269,2
9270,1
9271,2
9272,0
9273,2
9274,2
9275,0
9276,2
9277,2
9278,1
9279,0
9280,0
9281,4
9282,0
9283,1
9284,0
9285,0
9286,1
9287,2
9288,1
9289,2
9290,1
9291,0
9292,1
9293,0
9294,1
9295,0
9296,0
9297,2
9298,0
9299,0
9300,0
9301,1
9302,0
9303,0
9304,0
9305,1
9306,0
9307,2
9308,1
9309,0
9310,0
9311,1
9312,3
9313,0
9314,0
9315,1
9316,2
9317,1
9318,0
9319,1
9320,1
9321,2
9322,1
9323,4
9324,0
9325,2
9326,1
9327,1
9328,2
9329,2
9330,1
9331,2
9332,2
9333,0
9334,3
9335,0
9336,1
9337,2
9338,5
9339,0
9340,1
9341,0
9342,3
9343,0
9344,1
9345,1
9346,3
9347,0
9348,3
9349,0
9350,2
9351,0
9352,1
9353,1
9354,3
9355,0
9356,0
9357,1
9358,0
9359,1
9360,3
9361,1
9362,0
9363,1
9364,0
9365,1
9366,0
9367,0
9368,1
9369,0
9370,1
9371,1
9372,0
9373,2
9374,2
9375,0
9376,2
9377,2
9378,0
9379,1
9380,1
9381,1
9382,3
9383,2
9384,0
9385,0
9386,0
9387,1
9388,2
9389,1
9390,1
9391,0
9392,1
9393,3
9394,0
9395,3
9396,1
9397,3
9398,0
9399,1
9400,1
9401,0
9402,3
9403,0
9404,0
9405,1
9406,2
9407,1
9408,1
9409,1
9410,3
9411,1
9412,2
9413,1
9414,1
9415,0
9416,1
9417,0
9418,1
9419,2
9420,0
9421,1
9422,2
9423,1
9424,2
9425,0
9426,0
9427,3
9428,0
9429,1
9430,0
9431,1
9432,1
9433,0
9434,2
9435,1
9436,2
9437,1
9438,0
9439,2
9440,0
9441,0
9442,0
9443,1
9444,1
9445,2
9446,2
9447,1
9448,2
9449,0
9450,2
9451,2
9452,0
9453,2
9454,2
9455,0
9456,2
9457,0
9458,0
9459,1
9460,0
9461,1
9462,2
9463,1
9464,0
9465,2
9466,1
9467,0
9468,2
9469,1
9470,1
9471,2
9472,2
9473,3
9474,1
9475,2
9476,2
9477,1
9478,1
9479,1
9480,3
9481,2
9482,2
9483,2
9484,1
9485,0
9486,0
9487,0
9488,0
9489,1
9490,1
9491,1
9492,1
9493,1
9494,0
9495,0
9496,1
9497,0
9498,1
9499,0
9500,2
9501,1
9502,0
9503,0
9504,0
9505,1
9506,1
9507,0
9508,0
9509,1
9510,0
9511,2
9512,0
9513,0
9514,1
9515,1
9516,3
9517,1
9518,1
9519,1
9520,2
9521,2
9522,0
9523,0
9524,1
9525,1
9526,0
9527,0
9528,1
9529,1
9530,0
9531,0
9532,0
9533,2
9534,1
9535,0
9536,2
9537,1
9538,0
9539,1
9540,0
9541,2
9542,0
9543,1
9544,0
9545,3
9546,0
9547,0
9548,1
9549,0
9550,1
9551,1
9552,1
9553,1
9554,0
9555,2
9556,2
9557,1
9558,1
9559,3
9560,0
9561,0
9562,1
9563,0
9564,1
9565,0
9566,0
9567,2
9568,1
9569,2
9570,1
9571,1
9572,0
9573,1
9574,2
9575,0
9576,2
9577,1
9578,1
9579,1
9580,1
9581,3
9582,3
9583,0
9584,1
9585,3
9586,2
9587,0
9588,1
9589,1
9590,1
9591,1
9592,0
9593,1
9594,1
9595,0
9596,3
9597,0
9598,1
9599,0
9600,0
9601,3
9602,0
9603,0
9604,3
9605,0
9606,3
9607,1
9608,1
9609,1
9610,2
9611,0
9612,0
9613,0
9614,1
9615,1
9616,0
9617,1
9618,1
9619,0
9620,4
9621,3
9622,2
9623,1
9624,0
9625,2
9626,1
9627,2
9628,2
9629,1
9630,1
9631,0
9632,1
9633,3
9634,3
9635,2
9636,0
9637,0
9638,0
9639,2
9640,2
9641,1
9642,2
9643,0
9644,0
9645,1
9646,3
9647,1
9648,1
9649,0
9650,0
9651,0
9652,1
9653,0
9654,0
9655,1
9656,0
9657,1
9658,2
9659,2
9660,1
9661,0
9662,0
9663,1
9664,0
9665,2
9666,0
9667,0
9668,0
9669,0
9670,2
9671,0
9672,0
9673,2
9674,0
9675,2
9676,0
9677,0
9678,0
9679,1
9680,0
9681,0
9682,2
9683,1
9684,0
9685,2
9686,1
9687,0
9688,0
9689,0
9690,2
9691,1
9692,3
9693,1
9694,0
9695,1
9696,1
9697,1
9698,0
9699,1
9700,1
9701,2
9702,1
9703,1
9704,2
9705,1
9706,2
9707,0
9708,0
9709,2
9710,4
9711,2
9712,1
9713,4
9714,1
9715,0
9716,0
9717,2
9718,2
9719,2
9720,1
9721,3
9722,0
9723,0
9724,0
9725,1
9726,2
9727,1
9728,1
9729,2
9730,0
9731,0
9732,1
9733,1
9734,2
9735,2
9736,1
9737,1
9738,1
9739,0
9740,3
9741,2
9742,0
9743,1
9744,0
9745,3
9746,1
9747,2
9748,0
9749,4
9750,1
9751,1
9752,0
9753,0
9754,0
9755,0
9756,1
9757,0
9758,1
9759,1
9760,0
9761,1
9762,1
9763,1
9764,0
9765,4
9766,0
9767,0
9768,0
9769,1
9770,0
9771,0
9772,1
9773,0
9774,0
9775,0
9776,0
9777,3
9778,0
9779,1
9780,1
9781,0
9782,0
9783,0
9784,0
9785,1
9786,0
9787,0
9788,0
9789,1
9790,1
9791,0
9792,1
9793,0
9794,0
9795,0
9796,0
9797,1
9798,1
9799,0
9800,1
9801,1
9802,0
9803,0
9804,2
9805,1
9806,1
9807,0
9808,0
9809,2
9810,0
9811,1
9812,0
9813,2
9814,0
9815,0
9816,1
9817,0
9818,2
9819,1
9820,2
9821,1
9822,2
9823,0
9824,2
9825,0
9826,0
9827,1
9828,2
9829,1
9830,2
9831,0
9832,0
9833,1
9834,1
9835,3
9836,1
9837,1
9838,0
9839,0
9840,0
9841,1
9842,1
9843,2
9844,1
9845,1
9846,0
9847,1
9848,3
9849,1
9850,0
9851,0
9852,2
9853,1
9854,1
9855,1
9856,2
9857,1
9858,0
9859,1
9860,1
9861,1
9862,1
9863,2
9864,4
9865,0
9866,1
9867,1
9868,0
9869,0
9870,1
9871,0
9872,0
9873,0
9874,3
9875,3
9876,0
9877,0
9878,0
9879,1
9880,4
9881,0
9882,2
9883,1
9884,0
9885,1
9886,1
9887,1
9888,0
9889,0
9890,1
9891,0
9892,1
9893,1
9894,1
9895,1
9896,1
9897,0
9898,0
9899,1
9900,0
9901,3
9902,0
9903,1
9904,1
9905,2
9906,0
9907,2
9908,1
9909,0
9910,0
9911,0
9912,0
9913,0
9914,0
9915,2
9916,3
9917,1
9918,1
9919,1
9920,1
9921,3
9922,2
9923,0
9924,2
9925,4
9926,3
9927,0
9928,2
9929,1
9930,0
9931,1
9932,2
9933,1
9934,1
9935,2
9936,1
9937,0
9938,1
9939,1
9940,0
9941,2
9942,2
9943,1
9944,2
9945,2
9946,0
9947,0
9948,1
9949,3
9950,0
9951,1
9952,0
9953,1
9954,3
9955,0
9956,0
9957,1
9958,1
9959,1
9960,0
9961,0
9962,4
9963,0
9964,0
9965,1
9966,1
9967,1
9968,0
9969,0
9970,0
9971,0
9972,1
9973,2
9974,1
9975,1
9976,0
9977,2
9978,1
9979,3
9980,3
9981,1
9982,2
9983,2
9984,2
9985,4
9986,1
9987,0
9988,1
9989,1
9990,1
9991,1
9992,0
9993,0
9994,1
9995,1
9996,4
9997,2
9998,1
9999,0
